48 80
0 1 97 65
0 12 0 10
1 2 54 53
1 13 28 56
2 3 16 32
2 14 40 37
3 4 98 67
3 15 5 30
4 5 73 62
4 16 68 70
5 6 17 47
5 17 80 83
6 7 28 39
6 18 30 50
7 8 28 24
7 19 42 37
8 9 75 52
8 20 35 57
9 10 72 56
9 21 80 69
10 11 26 19
10 22 14 17
11 23 91 58
12 13 3 29
12 24 64 56
13 14 28 42
13 25 69 53
14 15 32 28
14 26 13 37
15 16 47 46
15 27 55 36
16 17 36 50
16 28 90 68
17 18 72 54
17 29 11 44
18 19 24 19
18 30 50 42
19 20 89 66
19 31 46 46
20 21 93 87
20 32 1 27
21 22 85 75
21 33 27 35
22 23 55 34
22 34 99 87
23 35 87 68
24 25 62 44
24 36 0 10
25 26 35 33
25 37 41 28
26 27 97 62
26 38 30 35
27 28 53 59
27 39 59 62
28 29 51 59
28 40 92 59
29 30 11 39
29 41 78 60
30 31 25 24
30 42 66 73
31 32 49 33
31 43 29 22
32 33 44 47
32 44 82 87
33 34 18 17
33 45 63 50
34 35 40 30
34 46 1 21
35 47 35 55
36 37 88 88
37 38 54 35
38 39 34 45
39 40 14 25
40 41 21 45
41 42 10 39
42 43 80 56
43 44 19 44
44 45 90 83
45 46 92 86
46 47 62 51
0 0
1 0.8
2 0.6
3 1
