66 115
0 1 59 42
0 11 67 77
1 2 77 53
1 12 0 33
2 3 42 28
2 13 37 49
3 4 33 57
3 14 62 67
4 5 47 37
4 15 62 65
5 6 10 15
5 16 73 56
6 7 60 65
6 17 24 17
7 8 87 89
7 18 71 73
8 9 8 43
8 19 94 60
9 10 43 34
9 20 0 13
10 21 40 29
11 12 92 91
11 22 34 28
12 13 81 60
12 23 65 45
13 14 48 55
13 24 1 15
14 15 91 57
14 25 71 81
15 16 26 23
15 26 60 47
16 17 31 20
16 27 8 23
17 18 68 51
17 28 11 41
18 19 79 53
18 29 10 41
19 20 38 27
19 30 24 30
20 21 17 17
20 31 79 57
21 32 21 38
22 23 15 37
22 33 24 41
23 24 71 44
23 34 45 46
24 25 16 32
24 35 93 78
25 26 71 45
25 36 93 92
26 27 60 64
26 37 12 20
27 28 41 38
27 38 82 50
28 29 18 46
28 39 12 20
29 30 15 29
29 40 27 34
30 31 39 35
30 41 24 52
31 32 6 20
31 42 48 34
32 43 79 74
33 34 9 20
33 44 7 42
34 35 83 50
34 45 17 34
35 36 19 24
35 46 29 32
36 37 71 64
36 47 62 67
37 38 82 70
37 48 53 52
38 39 89 89
38 49 17 45
39 40 7 7
39 50 5 20
40 41 27 49
40 51 66 71
41 42 93 60
41 52 2 1
42 43 53 66
42 53 58 59
43 54 60 72
44 45 39 54
44 55 16 30
45 46 3 7
45 56 15 16
46 47 80 52
46 57 38 28
47 48 12 23
47 58 11 38
48 49 81 60
48 59 3 26
49 50 87 69
49 60 38 39
50 51 42 40
50 61 15 17
51 52 77 78
51 62 57 65
52 53 27 26
52 63 49 69
53 54 5 24
53 64 49 34
54 65 70 45
55 56 85 72
56 57 3 15
57 58 28 21
58 59 87 73
59 60 47 61
60 61 0 12
61 62 49 44
62 63 47 67
63 64 53 38
64 65 26 41
0 0
1 0.8
2 0.6
3 1
