82 121
0 1 20 42
0 41 59 51
1 2 46 49
1 42 13 41
2 3 86 70
2 43 62 58
3 4 33 42
3 44 56 73
4 5 60 67
4 45 20 44
5 6 21 21
5 46 73 72
6 7 95 74
6 47 5 38
7 8 71 55
7 48 79 63
8 9 86 69
8 49 97 72
9 10 96 86
9 50 54 63
10 11 18 12
10 51 74 82
11 12 16 22
11 52 27 18
12 13 5 16
12 53 43 38
13 14 63 74
13 54 74 79
14 15 3 16
14 55 44 47
15 16 1 20
15 56 95 62
16 17 86 63
16 57 20 29
17 18 11 15
17 58 45 62
18 19 85 88
18 59 63 40
19 20 38 24
19 60 68 51
20 21 74 69
20 61 77 51
21 22 51 58
21 62 91 81
22 23 3 15
22 63 57 69
23 24 34 24
23 64 19 43
24 25 10 35
24 65 3 7
25 26 53 51
25 66 77 60
26 27 50 42
26 67 88 87
27 28 20 29
27 68 51 49
28 29 24 50
28 69 4 25
29 30 63 39
29 70 7 16
30 31 79 56
30 71 81 79
31 32 9 26
31 72 49 41
32 33 22 50
32 73 38 60
33 34 44 51
33 74 24 19
34 35 41 53
34 75 36 44
35 36 74 72
35 76 32 46
36 37 86 54
36 77 88 78
37 38 30 20
37 78 16 49
38 39 2 14
38 79 24 50
39 40 2 5
39 80 45 28
40 81 59 38
41 42 96 66
42 43 33 47
43 44 20 46
44 45 48 43
45 46 35 38
46 47 35 30
47 48 71 66
48 49 48 45
49 50 29 25
50 51 21 18
51 52 6 20
52 53 64 48
53 54 3 7
54 55 75 70
55 56 0 2
56 57 18 43
57 58 73 75
58 59 89 84
59 60 8 5
60 61 67 40
61 62 39 24
62 63 58 61
63 64 9 8
64 65 81 85
65 66 4 18
66 67 96 97
67 68 57 46
68 69 14 35
69 70 68 72
70 71 65 39
71 72 65 49
72 73 64 45
73 74 94 93
74 75 79 82
75 76 64 44
76 77 88 89
77 78 84 84
78 79 25 25
79 80 58 49
80 81 14 45
0 0
1 0.8
2 0.6
3 1
