93 152
0 1 44 53
0 31 72 58
1 2 24 54
1 32 99 64
2 3 28 55
2 33 98 62
3 4 92 90
3 34 43 27
4 5 77 75
4 35 83 83
5 6 7 20
5 36 43 26
6 7 68 69
6 37 67 75
7 8 42 58
7 38 37 59
8 9 16 47
8 39 93 82
9 10 86 70
9 40 29 33
10 11 95 61
10 41 14 26
11 12 13 41
11 42 54 56
12 13 26 35
12 43 91 58
13 14 78 78
13 44 65 73
14 15 95 89
14 45 3 30
15 16 26 41
15 46 7 35
16 17 19 41
16 47 85 67
17 18 4 27
17 48 5 9
18 19 87 78
18 49 42 62
19 20 12 33
19 50 76 46
20 21 18 17
20 51 44 56
21 22 98 70
21 52 50 31
22 23 67 46
22 53 91 67
23 24 60 73
23 54 91 94
24 25 77 66
24 55 5 20
25 26 4 33
25 56 71 43
26 27 20 43
26 57 64 56
27 28 58 67
27 58 29 33
28 29 67 74
28 59 51 39
29 30 47 60
29 60 49 42
30 61 62 64
31 32 12 12
31 62 8 21
32 33 67 59
32 63 76 52
33 34 38 40
33 64 60 60
34 35 29 42
34 65 88 72
35 36 48 32
35 66 87 87
36 37 22 40
36 67 98 76
37 38 14 17
37 68 21 20
38 39 84 51
38 69 97 59
39 40 18 22
39 70 41 36
40 41 41 27
40 71 26 36
41 42 0 15
41 72 35 30
42 43 50 39
42 73 10 19
43 44 73 54
43 74 68 64
44 45 63 53
44 75 8 27
45 46 51 40
45 76 42 29
46 47 43 52
46 77 67 76
47 48 23 42
47 78 78 73
48 49 9 5
48 79 53 39
49 50 71 73
49 80 93 60
50 51 6 33
50 81 59 64
51 52 40 36
51 82 70 48
52 53 49 39
52 83 93 84
53 54 21 30
53 84 19 22
54 55 85 62
54 85 36 50
55 56 13 27
55 86 60 56
56 57 2 30
56 87 41 55
57 58 12 10
57 88 65 59
58 59 11 31
58 89 22 53
59 60 66 69
59 90 7 7
60 61 53 45
60 91 56 45
61 92 58 37
62 63 2 22
63 64 56 68
64 65 44 39
65 66 44 50
66 67 67 64
67 68 66 60
68 69 12 32
69 70 99 67
70 71 34 28
71 72 76 77
72 73 64 58
73 74 71 51
74 75 44 62
75 76 78 69
76 77 94 89
77 78 11 9
78 79 15 31
79 80 41 25
80 81 4 15
81 82 64 65
82 83 24 41
83 84 26 53
84 85 83 88
85 86 61 50
86 87 72 53
87 88 36 47
88 89 22 29
89 90 36 43
90 91 33 47
91 92 69 69
0 0
1 0.8
2 0.6
3 1
