20 190
0 1 24 69
0 2 8 79
0 3 96 10
0 4 11 85
0 5 45 48
0 6 17 85
0 7 90 22
0 8 10 77
0 9 93 20
0 10 70 31
0 11 43 60
0 12 92 14
0 13 32 73
0 14 53 49
0 15 17 74
0 16 30 73
0 17 92 20
0 18 28 75
0 19 45 48
1 2 70 37
1 3 51 47
1 4 14 85
1 5 34 61
1 6 61 40
1 7 57 42
1 8 71 38
1 9 2 91
1 10 14 74
1 11 48 48
1 12 28 73
1 13 12 78
1 14 85 16
1 15 47 55
1 16 56 45
1 17 39 59
1 18 79 30
1 19 23 77
2 3 51 54
2 4 11 77
2 5 68 30
2 6 9 89
2 7 28 64
2 8 71 35
2 9 28 65
2 10 69 27
2 11 11 85
2 12 43 60
2 13 56 36
2 14 9 81
2 15 37 67
2 16 40 61
2 17 31 67
2 18 52 55
2 19 52 42
3 4 75 25
3 5 22 76
3 6 6 81
3 7 86 16
3 8 66 32
3 9 64 35
3 10 72 31
3 11 75 31
3 12 55 41
3 13 2 92
3 14 16 83
3 15 69 32
3 16 93 8
3 17 42 54
3 18 68 33
3 19 84 14
4 5 27 64
4 6 61 47
4 7 4 90
4 8 31 59
4 9 32 59
4 10 66 41
4 11 92 21
4 12 76 28
4 13 19 71
4 14 22 71
4 15 75 30
4 16 11 88
4 17 2 86
4 18 21 72
4 19 53 47
5 6 27 72
5 7 92 15
5 8 93 18
5 9 72 35
5 10 89 19
5 11 53 46
5 12 33 59
5 13 35 67
5 14 81 28
5 15 25 74
5 16 36 56
5 17 59 38
5 18 13 88
5 19 4 89
6 7 69 38
6 8 48 51
6 9 69 28
6 10 56 44
6 11 54 46
6 12 6 82
6 13 59 41
6 14 23 68
6 15 67 28
6 16 1 97
6 17 50 46
6 18 66 38
6 19 45 59
7 8 63 40
7 9 90 20
7 10 88 22
7 11 86 27
7 12 43 56
7 13 94 15
7 14 67 37
7 15 12 76
7 16 39 63
7 17 15 83
7 18 94 8
7 19 28 64
8 9 45 52
8 10 86 15
8 11 14 79
8 12 17 72
8 13 17 72
8 14 64 45
8 15 84 23
8 16 47 60
8 17 52 42
8 18 11 83
8 19 46 55
9 10 46 51
9 11 11 84
9 12 13 81
9 13 56 41
9 14 75 32
9 15 99 5
9 16 69 36
9 17 8 82
9 18 98 3
9 19 40 56
10 11 99 14
10 12 77 23
10 13 86 20
10 14 72 39
10 15 28 76
10 16 28 73
10 17 28 67
10 18 31 71
10 19 52 43
11 12 81 27
11 13 27 72
11 14 5 85
11 15 71 30
11 16 37 61
11 17 83 25
11 18 49 45
11 19 71 39
12 13 85 21
12 14 37 55
12 15 91 14
12 16 13 85
12 17 70 36
12 18 32 71
12 19 50 56
13 14 84 24
13 15 57 37
13 16 78 33
13 17 70 35
13 18 28 70
13 19 18 79
14 15 63 34
14 16 81 16
14 17 37 59
14 18 78 28
14 19 34 70
15 16 73 23
15 17 10 80
15 18 49 53
15 19 76 26
16 17 24 67
16 18 48 59
16 19 54 48
17 18 46 53
17 19 84 18
18 19 47 50