15 105
0 1 7 12
0 2 14 17
0 3 100 87
0 4 3 12
0 5 64 62
0 6 22 24
0 7 60 54
0 8 57 52
0 9 95 83
0 10 82 80
0 11 36 33
0 12 17 17
0 13 20 28
0 14 71 75
1 2 88 90
1 3 47 50
1 4 69 70
1 5 83 79
1 6 62 56
1 7 63 61
1 8 79 78
1 9 45 42
1 10 9 17
1 11 10 15
1 12 88 78
1 13 49 52
1 14 6 20
2 3 78 69
2 4 21 19
2 5 90 90
2 6 17 18
2 7 37 32
2 8 82 77
2 9 17 27
2 10 35 32
2 11 30 32
2 12 75 75
2 13 66 56
2 14 11 22
3 4 64 57
3 5 93 89
3 6 74 72
3 7 39 35
3 8 9 17
3 9 61 61
3 10 43 50
3 11 16 14
3 12 12 23
3 13 66 61
3 14 48 49
4 5 60 57
4 6 27 34
4 7 36 35
4 8 55 56
4 9 19 18
4 10 14 13
4 11 66 70
4 12 76 66
4 13 62 57
4 14 37 38
5 6 80 79
5 7 35 33
5 8 1 14
5 9 9 12
5 10 68 69
5 11 28 35
5 12 37 36
5 13 25 28
5 14 45 43
6 7 82 83
6 8 95 82
6 9 97 96
6 10 1 15
6 11 75 71
6 12 69 65
6 13 49 56
6 14 81 73
7 8 4 5
7 9 71 63
7 10 40 48
7 11 40 36
7 12 60 65
7 13 94 85
7 14 34 37
8 9 75 74
8 10 71 72
8 11 26 36
8 12 65 64
8 13 11 19
8 14 1 11
9 10 19 28
9 11 67 63
9 12 33 32
9 13 73 71
9 14 53 56
10 11 72 74
10 12 75 67
10 13 14 24
10 14 18 21
11 12 72 70
11 13 99 90
11 14 51 56
12 13 80 70
12 14 59 52
13 14 53 48
0 0
1 0.8
2 0.6
3 1
