17 136
0 1 56 60
0 2 79 40
0 3 24 56
0 4 82 56
0 5 81 70
0 6 78 42
0 7 95 50
0 8 67 68
0 9 66 38
0 10 2 6
0 11 65 75
0 12 19 33
0 13 83 47
0 14 46 54
0 15 77 52
0 16 41 44
1 2 62 56
1 3 28 28
1 4 18 40
1 5 62 35
1 6 46 40
1 7 60 48
1 8 81 59
1 9 72 76
1 10 83 74
1 11 99 68
1 12 65 80
1 13 53 66
1 14 65 73
1 15 89 69
1 16 3 47
2 3 28 24
2 4 79 84
2 5 38 62
2 6 41 60
2 7 14 40
2 8 55 52
2 9 23 25
2 10 47 67
2 11 30 27
2 12 70 68
2 13 55 55
2 14 2 49
2 15 75 85
2 16 99 76
3 4 19 53
3 5 23 51
3 6 92 70
3 7 3 22
3 8 56 33
3 9 18 42
3 10 72 78
3 11 48 65
3 12 31 60
3 13 10 30
3 14 48 48
3 15 44 68
3 16 0 7
4 5 28 60
4 6 7 18
4 7 97 74
4 8 82 56
4 9 56 71
4 10 36 28
4 11 20 30
4 12 66 57
4 13 80 65
4 14 96 76
4 15 96 71
4 16 70 45
5 6 76 77
5 7 96 51
5 8 92 92
5 9 47 28
5 10 75 74
5 11 47 51
5 12 2 22
5 13 79 44
5 14 45 26
5 15 13 26
5 16 95 95
6 7 13 52
6 8 79 80
6 9 71 78
6 10 85 84
6 11 52 44
6 12 53 40
6 13 83 75
6 14 45 40
6 15 47 31
6 16 85 67
7 8 82 49
7 9 87 90
7 10 16 51
7 11 96 74
7 12 37 46
7 13 36 45
7 14 79 86
7 15 98 77
7 16 77 47
8 9 89 81
8 10 36 41
8 11 2 6
8 12 69 54
8 13 8 51
8 14 56 32
8 15 54 74
8 16 97 71
9 10 89 79
9 11 26 43
9 12 23 45
9 13 31 28
9 14 61 61
9 15 22 50
9 16 32 66
10 11 18 46
10 12 60 33
10 13 23 30
10 14 5 24
10 15 53 73
10 16 16 54
11 12 26 52
11 13 22 42
11 14 83 65
11 15 5 48
11 16 14 10
12 13 57 53
12 14 28 45
12 15 7 33
12 16 17 54
13 14 75 41
13 15 52 27
13 16 42 60
14 15 99 80
14 16 4 45
15 16 22 51
0 0
1 0.8
2 0.6
3 1
