30 435
0 1 20 27
0 2 54 47
0 3 11 15
0 4 86 77
0 5 22 28
0 6 94 88
0 7 4 16
0 8 37 32
0 9 85 76
0 10 71 65
0 11 27 28
0 12 65 61
0 13 8 21
0 14 78 73
0 15 34 37
0 16 47 49
0 17 47 46
0 18 24 24
0 19 43 46
0 20 17 17
0 21 96 84
0 22 32 30
0 23 94 92
0 24 35 31
0 25 51 55
0 26 5 5
0 27 74 68
0 28 98 91
0 29 2 10
1 2 78 74
1 3 35 31
1 4 25 22
1 5 25 25
1 6 11 22
1 7 93 87
1 8 49 50
1 9 20 28
1 10 62 59
1 11 63 59
1 12 59 55
1 13 96 87
1 14 36 43
1 15 69 72
1 16 77 71
1 17 26 26
1 18 18 19
1 19 22 19
1 20 35 44
1 21 82 81
1 22 86 78
1 23 0 9
1 24 39 34
1 25 18 21
1 26 6 5
1 27 74 76
1 28 62 63
1 29 95 90
2 3 19 24
2 4 45 48
2 5 1 15
2 6 64 62
2 7 98 95
2 8 49 53
2 9 21 31
2 10 71 72
2 11 91 90
2 12 65 62
2 13 7 11
2 14 61 59
2 15 60 55
2 16 80 78
2 17 75 64
2 18 78 72
2 19 47 47
2 20 11 16
2 21 49 48
2 22 95 85
2 23 53 52
2 24 48 43
2 25 75 76
2 26 99 89
2 27 75 77
2 28 60 59
2 29 39 44
3 4 5 18
3 5 81 76
3 6 13 21
3 7 63 68
3 8 6 19
3 9 46 44
3 10 18 27
3 11 73 62
3 12 44 46
3 13 100 85
3 14 56 53
3 15 86 83
3 16 37 44
3 17 8 13
3 18 65 60
3 19 89 82
3 20 90 78
3 21 22 27
3 22 28 38
3 23 43 47
3 24 85 79
3 25 37 43
3 26 43 48
3 27 24 31
3 28 98 92
3 29 44 43
4 5 95 92
4 6 38 37
4 7 37 39
4 8 100 96
4 9 80 69
4 10 91 78
4 11 46 44
4 12 83 84
4 13 56 55
4 14 2 13
4 15 64 56
4 16 92 90
4 17 60 62
4 18 39 44
4 19 62 60
4 20 57 56
4 21 56 62
4 22 55 59
4 23 80 74
4 24 96 93
4 25 25 33
4 26 24 30
4 27 4 12
4 28 72 62
4 29 20 25
5 6 79 76
5 7 36 43
5 8 41 44
5 9 37 34
5 10 34 31
5 11 22 27
5 12 68 62
5 13 40 45
5 14 28 35
5 15 34 34
5 16 11 13
5 17 0 8
5 18 43 48
5 19 13 19
5 20 95 89
5 21 7 7
5 22 4 12
5 23 89 78
5 24 65 68
5 25 2 7
5 26 33 32
5 27 19 30
5 28 91 90
5 29 60 65
6 7 3 15
6 8 84 77
6 9 14 21
6 10 49 44
6 11 32 34
6 12 23 23
6 13 68 69
6 14 1 10
6 15 95 88
6 16 62 55
6 17 98 93
6 18 23 34
6 19 75 77
6 20 15 23
6 21 95 81
6 22 43 42
6 23 14 20
6 24 62 67
6 25 21 23
6 26 30 27
6 27 91 80
6 28 100 99
6 29 94 81
7 8 28 28
7 9 20 24
7 10 84 82
7 11 62 61
7 12 13 24
7 13 8 17
7 14 3 15
7 15 67 57
7 16 38 38
7 17 100 85
7 18 85 85
7 19 68 66
7 20 74 75
7 21 9 21
7 22 3 7
7 23 89 86
7 24 13 18
7 25 2 11
7 26 42 46
7 27 19 25
7 28 82 84
7 29 1 13
8 9 42 49
8 10 24 32
8 11 13 14
8 12 87 79
8 13 14 24
8 14 81 81
8 15 54 47
8 16 28 38
8 17 14 20
8 18 43 41
8 19 44 48
8 20 27 26
8 21 93 92
8 22 83 80
8 23 74 75
8 24 40 47
8 25 35 31
8 26 96 88
8 27 28 32
8 28 55 55
8 29 62 54
9 10 54 49
9 11 32 36
9 12 91 84
9 13 15 13
9 14 36 39
9 15 8 21
9 16 91 80
9 17 12 17
9 18 50 50
9 19 28 38
9 20 35 36
9 21 73 76
9 22 33 42
9 23 21 23
9 24 28 28
9 25 25 35
9 26 77 71
9 27 68 66
9 28 85 80
9 29 66 67
10 11 28 28
10 12 72 72
10 13 4 5
10 14 88 82
10 15 68 70
10 16 42 47
10 17 13 21
10 18 79 72
10 19 88 89
10 20 66 61
10 21 76 65
10 22 13 23
10 23 51 55
10 24 6 14
10 25 48 47
10 26 15 27
10 27 56 56
10 28 27 27
10 29 64 64
11 12 2 14
11 13 67 72
11 14 79 73
11 15 76 76
11 16 3 13
11 17 89 79
11 18 94 80
11 19 20 24
11 20 34 35
11 21 92 93
11 22 42 37
11 23 78 73
11 24 34 31
11 25 91 88
11 26 71 75
11 27 39 43
11 28 69 61
11 29 57 59
12 13 94 94
12 14 43 47
12 15 76 70
12 16 68 67
12 17 59 54
12 18 25 23
12 19 90 78
12 20 13 12
12 21 87 77
12 22 64 68
12 23 10 11
12 24 66 59
12 25 80 69
12 26 57 64
12 27 17 24
12 28 17 19
12 29 16 27
13 14 43 48
13 15 31 33
13 16 17 14
13 17 30 28
13 18 21 22
13 19 76 80
13 20 13 13
13 21 48 52
13 22 78 73
13 23 23 32
13 24 96 83
13 25 22 28
13 26 68 57
13 27 86 78
13 28 9 22
13 29 46 40
14 15 27 23
14 16 21 31
14 17 4 11
14 18 10 17
14 19 26 25
14 20 83 74
14 21 13 23
14 22 85 73
14 23 43 42
14 24 31 28
14 25 28 27
14 26 98 92
14 27 24 23
14 28 7 13
14 29 27 24
15 16 1 13
15 17 86 85
15 18 38 44
15 19 13 20
15 20 56 54
15 21 92 89
15 22 67 63
15 23 48 49
15 24 90 91
15 25 81 83
15 26 55 56
15 27 97 88
15 28 62 54
15 29 1 5
16 17 4 14
16 18 41 50
16 19 60 57
16 20 11 23
16 21 8 18
16 22 72 76
16 23 40 34
16 24 25 28
16 25 34 42
16 26 55 47
16 27 99 88
16 28 7 10
16 29 59 59
17 18 28 31
17 19 84 74
17 20 13 21
17 21 17 22
17 22 45 48
17 23 3 3
17 24 83 78
17 25 4 8
17 26 98 87
17 27 95 83
17 28 21 32
17 29 72 68
18 19 17 23
18 20 18 23
18 21 65 60
18 22 96 84
18 23 24 31
18 24 37 45
18 25 43 37
18 26 55 52
18 27 7 17
18 28 34 28
18 29 66 69
19 20 37 37
19 21 25 28
19 22 60 66
19 23 72 65
19 24 92 79
19 25 25 23
19 26 40 35
19 27 50 45
19 28 54 57
19 29 22 23
20 21 41 43
20 22 31 28
20 23 19 21
20 24 27 30
20 25 47 47
20 26 41 40
20 27 61 65
20 28 84 79
20 29 51 53
21 22 34 31
21 23 32 30
21 24 42 44
21 25 71 68
21 26 80 71
21 27 66 62
21 28 49 44
21 29 23 21
22 23 56 49
22 24 74 67
22 25 95 83
22 26 23 32
22 27 60 63
22 28 84 83
22 29 61 56
23 24 11 10
23 25 24 22
23 26 43 40
23 27 77 72
23 28 70 74
23 29 14 15
24 25 11 22
24 26 64 59
24 27 70 74
24 28 65 56
24 29 93 86
25 26 97 85
25 27 53 53
25 28 88 77
25 29 55 61
26 27 72 63
26 28 86 81
26 29 49 55
27 28 59 57
27 29 81 71
28 29 66 56
0 0
1 0.8
2 0.6
3 1
