30 435
0 1 95 61
0 2 6 5
0 3 77 85
0 4 65 59
0 5 6 46
0 6 89 74
0 7 10 23
0 8 88 52
0 9 28 37
0 10 3 42
0 11 75 80
0 12 83 90
0 13 93 67
0 14 83 61
0 15 39 47
0 16 5 19
0 17 73 50
0 18 90 75
0 19 68 67
0 20 33 33
0 21 72 72
0 22 60 41
0 23 80 67
0 24 98 52
0 25 4 16
0 26 50 67
0 27 86 89
0 28 8 27
0 29 12 52
1 2 50 52
1 3 87 83
1 4 46 64
1 5 48 28
1 6 88 53
1 7 69 68
1 8 34 65
1 9 20 15
1 10 25 55
1 11 83 60
1 12 1 41
1 13 50 31
1 14 3 28
1 15 2 33
1 16 65 33
1 17 87 56
1 18 19 42
1 19 89 48
1 20 40 59
1 21 52 70
1 22 33 38
1 23 80 41
1 24 46 59
1 25 88 67
1 26 5 26
1 27 100 76
1 28 64 39
1 29 4 12
2 3 72 42
2 4 54 56
2 5 43 63
2 6 60 41
2 7 86 44
2 8 86 82
2 9 1 1
2 10 90 81
2 11 95 83
2 12 24 49
2 13 71 49
2 14 33 35
2 15 54 76
2 16 61 77
2 17 8 50
2 18 71 38
2 19 70 59
2 20 11 13
2 21 48 55
2 22 52 71
2 23 34 18
2 24 31 64
2 25 11 51
2 26 96 81
2 27 80 62
2 28 28 41
2 29 45 37
3 4 84 92
3 5 28 39
3 6 60 38
3 7 73 65
3 8 8 18
3 9 28 36
3 10 56 28
3 11 66 76
3 12 6 21
3 13 66 61
3 14 73 39
3 15 79 54
3 16 18 14
3 17 75 56
3 18 8 44
3 19 3 34
3 20 3 7
3 21 94 90
3 22 87 73
3 23 62 72
3 24 39 34
3 25 15 53
3 26 83 66
3 27 72 86
3 28 40 23
3 29 67 66
4 5 37 50
4 6 14 28
4 7 44 35
4 8 79 63
4 9 51 66
4 10 68 36
4 11 34 33
4 12 64 44
4 13 32 63
4 14 37 54
4 15 15 41
4 16 96 69
4 17 40 25
4 18 72 39
4 19 60 45
4 20 2 16
4 21 74 41
4 22 8 15
4 23 28 30
4 24 54 49
4 25 41 24
4 26 38 35
4 27 30 41
4 28 21 19
4 29 13 41
5 6 22 34
5 7 90 83
5 8 27 56
5 9 86 68
5 10 23 14
5 11 7 20
5 12 56 38
5 13 73 53
5 14 86 53
5 15 46 47
5 16 86 91
5 17 53 45
5 18 39 63
5 19 80 57
5 20 28 52
5 21 1 33
5 22 89 50
5 23 37 59
5 24 87 77
5 25 10 51
5 26 79 43
5 27 92 49
5 28 17 33
5 29 45 50
6 7 68 35
6 8 4 35
6 9 45 52
6 10 98 88
6 11 50 36
6 12 43 42
6 13 52 62
6 14 26 47
6 15 68 68
6 16 91 55
6 17 36 24
6 18 66 61
6 19 25 30
6 20 17 33
6 21 62 40
6 22 24 61
6 23 76 54
6 24 44 54
6 25 98 53
6 26 83 90
6 27 28 34
6 28 87 66
6 29 31 24
7 8 7 34
7 9 11 31
7 10 69 71
7 11 75 70
7 12 86 51
7 13 5 46
7 14 66 68
7 15 46 57
7 16 80 87
7 17 20 26
7 18 91 57
7 19 68 54
7 20 79 77
7 21 55 76
7 22 96 54
7 23 43 26
7 24 50 50
7 25 4 3
7 26 50 27
7 27 77 60
7 28 97 88
7 29 13 28
8 9 35 27
8 10 10 32
8 11 82 56
8 12 11 6
8 13 16 37
8 14 85 84
8 15 44 47
8 16 55 52
8 17 98 93
8 18 6 38
8 19 89 48
8 20 56 35
8 21 98 98
8 22 56 60
8 23 67 76
8 24 75 60
8 25 85 53
8 26 89 60
8 27 92 86
8 28 14 24
8 29 83 68
9 10 98 88
9 11 49 55
9 12 73 47
9 13 50 60
9 14 71 74
9 15 53 63
9 16 19 57
9 17 33 40
9 18 32 30
9 19 70 52
9 20 70 57
9 21 18 52
9 22 52 50
9 23 30 39
9 24 94 54
9 25 52 39
9 26 61 57
9 27 99 66
9 28 22 27
9 29 11 34
10 11 96 70
10 12 4 44
10 13 98 70
10 14 96 57
10 15 13 34
10 16 2 36
10 17 53 68
10 18 3 13
10 19 46 45
10 20 2 36
10 21 25 14
10 22 61 75
10 23 59 73
10 24 36 41
10 25 56 55
10 26 84 54
10 27 95 75
10 28 76 70
10 29 78 66
11 12 28 62
11 13 70 51
11 14 35 30
11 15 40 50
11 16 80 82
11 17 6 52
11 18 12 30
11 19 63 73
11 20 46 65
11 21 91 89
11 22 82 62
11 23 90 66
11 24 98 49
11 25 14 13
11 26 48 65
11 27 43 26
11 28 90 68
11 29 5 51
12 13 88 71
12 14 62 75
12 15 28 57
12 16 51 42
12 17 75 42
12 18 56 62
12 19 55 69
12 20 13 44
12 21 2 47
12 22 44 34
12 23 89 82
12 24 67 51
12 25 90 91
12 26 85 66
12 27 92 48
12 28 86 56
12 29 88 48
13 14 35 56
13 15 28 61
13 16 45 42
13 17 60 76
13 18 57 34
13 19 64 63
13 20 71 54
13 21 53 52
13 22 79 87
13 23 38 47
13 24 25 22
13 25 24 54
13 26 23 45
13 27 50 35
13 28 19 36
13 29 15 45
14 15 54 55
14 16 75 52
14 17 81 80
14 18 64 52
14 19 21 45
14 20 98 86
14 21 63 74
14 22 75 50
14 23 84 65
14 24 89 45
14 25 8 8
14 26 80 79
14 27 77 67
14 28 77 85
14 29 34 55
15 16 83 87
15 17 52 41
15 18 92 81
15 19 40 68
15 20 41 28
15 21 15 23
15 22 12 25
15 23 54 69
15 24 78 57
15 25 87 88
15 26 95 88
15 27 26 41
15 28 46 56
15 29 2 24
16 17 1 21
16 18 48 46
16 19 4 14
16 20 10 53
16 21 69 63
16 22 44 45
16 23 73 74
16 24 49 59
16 25 71 82
16 26 41 51
16 27 28 45
16 28 43 37
16 29 80 78
17 18 39 50
17 19 84 77
17 20 96 64
17 21 53 64
17 22 63 56
17 23 28 41
17 24 56 34
17 25 98 62
17 26 53 45
17 27 23 55
17 28 36 22
17 29 44 23
18 19 78 84
18 20 9 46
18 21 11 36
18 22 25 42
18 23 10 36
18 24 16 22
18 25 33 43
18 26 92 60
18 27 4 50
18 28 14 11
18 29 1 31
19 20 97 67
19 21 46 31
19 22 38 47
19 23 9 13
19 24 35 52
19 25 41 54
19 26 90 59
19 27 51 56
19 28 12 10
19 29 78 77
20 21 43 40
20 22 93 67
20 23 50 44
20 24 34 39
20 25 64 37
20 26 16 22
20 27 57 51
20 28 40 46
20 29 91 52
21 22 39 62
21 23 7 11
21 24 28 46
21 25 45 51
21 26 85 56
21 27 94 77
21 28 64 52
21 29 80 81
22 23 84 57
22 24 85 91
22 25 28 43
22 26 36 59
22 27 40 55
22 28 99 67
22 29 12 17
23 24 90 78
23 25 27 34
23 26 62 59
23 27 83 73
23 28 95 92
23 29 11 43
24 25 1 17
24 26 62 61
24 27 45 54
24 28 74 66
24 29 21 49
25 26 32 48
25 27 48 49
25 28 43 71
25 29 61 61
26 27 12 49
26 28 23 23
26 29 70 79
27 28 71 40
27 29 53 46
28 29 79 63
0 0
1 0.8
2 0.6
3 1
