42 861
0 1 8 43
0 2 48 70
0 3 66 68
0 4 70 52
0 5 42 33
0 6 3 15
0 7 8 49
0 8 99 77
0 9 39 27
0 10 99 51
0 11 74 81
0 12 8 14
0 13 30 57
0 14 99 82
0 15 35 57
0 16 36 51
0 17 60 63
0 18 27 59
0 19 76 64
0 20 15 14
0 21 64 48
0 22 47 70
0 23 41 56
0 24 54 68
0 25 68 61
0 26 81 55
0 27 62 47
0 28 63 79
0 29 38 69
0 30 22 13
0 31 86 66
0 32 27 25
0 33 7 40
0 34 89 53
0 35 52 46
0 36 96 77
0 37 8 37
0 38 98 86
0 39 48 28
0 40 28 38
0 41 22 34
1 2 85 49
1 3 68 61
1 4 51 70
1 5 57 73
1 6 85 55
1 7 45 56
1 8 62 49
1 9 94 69
1 10 100 90
1 11 85 50
1 12 53 46
1 13 20 28
1 14 12 45
1 15 30 52
1 16 81 51
1 17 42 31
1 18 11 44
1 19 76 60
1 20 71 82
1 21 45 24
1 22 77 74
1 23 66 54
1 24 7 27
1 25 52 34
1 26 93 82
1 27 57 56
1 28 82 89
1 29 1 10
1 30 14 24
1 31 18 18
1 32 89 60
1 33 92 50
1 34 13 18
1 35 50 51
1 36 1 15
1 37 3 18
1 38 8 22
1 39 34 33
1 40 10 50
1 41 52 30
2 3 39 21
2 4 43 39
2 5 95 78
2 6 30 28
2 7 94 61
2 8 13 15
2 9 91 85
2 10 76 42
2 11 57 35
2 12 20 49
2 13 14 31
2 14 76 51
2 15 3 51
2 16 2 46
2 17 83 50
2 18 31 54
2 19 76 59
2 20 66 52
2 21 54 42
2 22 28 17
2 23 4 49
2 24 60 61
2 25 51 41
2 26 99 51
2 27 1 14
2 28 50 39
2 29 56 49
2 30 66 52
2 31 20 56
2 32 26 32
2 33 31 24
2 34 44 52
2 35 78 68
2 36 10 16
2 37 23 43
2 38 37 46
2 39 3 28
2 40 84 90
2 41 59 48
3 4 69 55
3 5 89 93
3 6 26 63
3 7 66 50
3 8 11 18
3 9 17 45
3 10 18 42
3 11 99 54
3 12 45 56
3 13 94 69
3 14 17 30
3 15 26 27
3 16 34 31
3 17 28 15
3 18 84 53
3 19 44 57
3 20 7 32
3 21 14 39
3 22 24 47
3 23 65 57
3 24 6 33
3 25 81 48
3 26 49 34
3 27 28 36
3 28 7 52
3 29 15 14
3 30 37 66
3 31 52 27
3 32 28 49
3 33 62 41
3 34 25 50
3 35 89 66
3 36 6 30
3 37 50 68
3 38 40 60
3 39 90 47
3 40 28 48
3 41 80 76
4 5 59 30
4 6 79 40
4 7 24 49
4 8 87 91
4 9 28 15
4 10 37 33
4 11 36 26
4 12 86 59
4 13 78 48
4 14 91 61
4 15 40 65
4 16 33 40
4 17 34 36
4 18 74 52
4 19 57 55
4 20 85 61
4 21 14 18
4 22 59 68
4 23 86 80
4 24 51 46
4 25 47 37
4 26 31 51
4 27 44 69
4 28 22 34
4 29 56 43
4 30 55 44
4 31 62 68
4 32 35 48
4 33 90 82
4 34 53 34
4 35 0 34
4 36 6 47
4 37 70 54
4 38 25 15
4 39 15 56
4 40 60 65
4 41 74 77
5 6 89 93
5 7 59 39
5 8 74 73
5 9 15 23
5 10 41 57
5 11 88 82
5 12 31 24
5 13 9 34
5 14 68 65
5 15 22 14
5 16 43 22
5 17 94 76
5 18 68 84
5 19 89 54
5 20 41 52
5 21 14 8
5 22 23 13
5 23 75 84
5 24 93 56
5 25 67 75
5 26 71 76
5 27 47 37
5 28 57 59
5 29 62 35
5 30 87 49
5 31 12 36
5 32 50 74
5 33 33 47
5 34 99 60
5 35 57 61
5 36 70 73
5 37 74 64
5 38 66 79
5 39 99 60
5 40 5 36
5 41 76 47
6 7 99 78
6 8 37 26
6 9 24 16
6 10 35 40
6 11 76 44
6 12 32 39
6 13 31 23
6 14 77 44
6 15 28 50
6 16 35 57
6 17 89 59
6 18 71 83
6 19 60 34
6 20 28 28
6 21 5 8
6 22 30 20
6 23 53 40
6 24 52 30
6 25 92 78
6 26 25 53
6 27 14 44
6 28 66 77
6 29 38 37
6 30 47 44
6 31 94 56
6 32 32 53
6 33 11 30
6 34 26 45
6 35 98 75
6 36 63 50
6 37 72 60
6 38 15 55
6 39 11 27
6 40 28 42
6 41 37 68
7 8 28 63
7 9 81 64
7 10 5 19
7 11 55 32
7 12 36 47
7 13 76 71
7 14 65 70
7 15 9 32
7 16 77 75
7 17 5 27
7 18 68 69
7 19 64 65
7 20 39 64
7 21 89 45
7 22 99 72
7 23 70 62
7 24 23 33
7 25 11 5
7 26 98 55
7 27 49 59
7 28 10 22
7 29 79 84
7 30 75 46
7 31 44 25
7 32 36 55
7 33 42 50
7 34 70 36
7 35 4 34
7 36 17 12
7 37 64 40
7 38 44 72
7 39 50 25
7 40 78 81
7 41 50 39
8 9 55 57
8 10 62 71
8 11 12 10
8 12 91 56
8 13 91 82
8 14 96 93
8 15 27 14
8 16 93 96
8 17 43 45
8 18 39 28
8 19 60 30
8 20 6 38
8 21 25 38
8 22 12 17
8 23 40 61
8 24 72 54
8 25 35 61
8 26 0 34
8 27 60 52
8 28 74 73
8 29 21 32
8 30 44 23
8 31 73 56
8 32 62 36
8 33 83 44
8 34 67 52
8 35 82 90
8 36 43 39
8 37 64 33
8 38 70 84
8 39 76 60
8 40 15 40
8 41 0 19
9 10 38 34
9 11 10 15
9 12 60 71
9 13 30 56
9 14 89 59
9 15 81 86
9 16 80 75
9 17 36 61
9 18 99 50
9 19 5 8
9 20 87 71
9 21 51 27
9 22 38 57
9 23 97 95
9 24 20 22
9 25 5 23
9 26 67 61
9 27 88 82
9 28 75 65
9 29 78 64
9 30 8 9
9 31 73 66
9 32 27 17
9 33 68 37
9 34 72 70
9 35 74 62
9 36 30 23
9 37 54 73
9 38 56 56
9 39 19 35
9 40 74 41
9 41 75 69
10 11 37 52
10 12 38 67
10 13 34 18
10 14 47 57
10 15 78 88
10 16 44 69
10 17 56 45
10 18 97 82
10 19 76 84
10 20 49 47
10 21 61 49
10 22 79 78
10 23 50 55
10 24 41 25
10 25 56 75
10 26 87 52
10 27 35 59
10 28 2 22
10 29 78 62
10 30 96 61
10 31 79 56
10 32 36 23
10 33 25 55
10 34 1 15
10 35 78 57
10 36 63 34
10 37 5 19
10 38 44 69
10 39 31 60
10 40 60 53
10 41 56 28
11 12 54 32
11 13 45 72
11 14 34 22
11 15 52 74
11 16 21 46
11 17 71 74
11 18 79 71
11 19 7 42
11 20 61 64
11 21 35 59
11 22 48 34
11 23 35 51
11 24 13 40
11 25 26 44
11 26 5 36
11 27 88 62
11 28 9 28
11 29 99 61
11 30 71 39
11 31 95 88
11 32 51 43
11 33 56 71
11 34 71 55
11 35 99 56
11 36 38 66
11 37 84 85
11 38 67 60
11 39 44 49
11 40 34 28
11 41 49 49
12 13 52 36
12 14 82 73
12 15 99 50
12 16 41 21
12 17 49 59
12 18 46 47
12 19 43 33
12 20 59 68
12 21 50 48
12 22 59 78
12 23 42 22
12 24 59 44
12 25 28 52
12 26 1 41
12 27 78 47
12 28 11 28
12 29 33 51
12 30 72 74
12 31 86 90
12 32 7 51
12 33 86 52
12 34 22 19
12 35 6 36
12 36 30 52
12 37 68 36
12 38 83 81
12 39 30 46
12 40 45 68
12 41 43 63
13 14 12 20
13 15 14 34
13 16 87 91
13 17 56 33
13 18 98 71
13 19 27 19
13 20 1 34
13 21 30 49
13 22 67 44
13 23 66 57
13 24 40 61
13 25 86 69
13 26 56 64
13 27 57 74
13 28 25 15
13 29 70 38
13 30 70 55
13 31 23 54
13 32 64 78
13 33 87 60
13 34 46 33
13 35 55 32
13 36 4 46
13 37 69 40
13 38 27 17
13 39 10 8
13 40 78 71
13 41 39 28
14 15 87 85
14 16 56 28
14 17 25 16
14 18 42 34
14 19 85 92
14 20 15 18
14 21 71 40
14 22 60 64
14 23 45 65
14 24 38 46
14 25 88 59
14 26 6 6
14 27 68 59
14 28 63 54
14 29 50 56
14 30 30 25
14 31 64 55
14 32 66 59
14 33 4 31
14 34 36 56
14 35 69 46
14 36 38 30
14 37 91 79
14 38 61 35
14 39 93 81
14 40 1 34
14 41 9 37
15 16 80 60
15 17 47 24
15 18 45 68
15 19 59 47
15 20 56 66
15 21 78 73
15 22 87 91
15 23 30 38
15 24 53 44
15 25 69 69
15 26 3 37
15 27 93 71
15 28 87 84
15 29 40 31
15 30 63 65
15 31 15 22
15 32 88 75
15 33 16 10
15 34 87 52
15 35 13 8
15 36 61 54
15 37 50 43
15 38 2 11
15 39 33 34
15 40 25 20
15 41 86 83
16 17 54 35
16 18 90 93
16 19 27 24
16 20 97 68
16 21 85 81
16 22 64 34
16 23 25 52
16 24 34 39
16 25 97 67
16 26 71 50
16 27 52 64
16 28 64 69
16 29 55 42
16 30 69 67
16 31 1 37
16 32 38 69
16 33 51 57
16 34 56 56
16 35 89 59
16 36 22 21
16 37 54 36
16 38 97 89
16 39 84 61
16 40 97 56
16 41 78 43
17 18 88 94
17 19 56 62
17 20 51 49
17 21 74 75
17 22 15 12
17 23 62 79
17 24 13 7
17 25 55 56
17 26 76 78
17 27 13 56
17 28 28 19
17 29 9 18
17 30 89 91
17 31 56 28
17 32 15 50
17 33 38 68
17 34 77 55
17 35 84 83
17 36 18 30
17 37 62 61
17 38 21 13
17 39 18 49
17 40 91 57
17 41 73 47
18 19 25 44
18 20 6 21
18 21 65 52
18 22 92 57
18 23 57 37
18 24 12 40
18 25 44 24
18 26 96 90
18 27 36 56
18 28 19 52
18 29 79 63
18 30 71 83
18 31 33 37
18 32 100 57
18 33 66 67
18 34 78 71
18 35 74 49
18 36 62 38
18 37 54 61
18 38 61 64
18 39 33 37
18 40 28 37
18 41 10 17
19 20 56 41
19 21 59 36
19 22 26 16
19 23 61 32
19 24 18 56
19 25 31 63
19 26 43 60
19 27 46 31
19 28 59 49
19 29 28 24
19 30 31 44
19 31 79 57
19 32 31 53
19 33 34 56
19 34 97 86
19 35 44 27
19 36 75 52
19 37 35 28
19 38 28 47
19 39 51 71
19 40 18 34
19 41 4 47
20 21 89 92
20 22 20 44
20 23 84 50
20 24 4 31
20 25 84 88
20 26 55 73
20 27 22 57
20 28 25 22
20 29 86 50
20 30 50 37
20 31 66 40
20 32 63 76
20 33 46 27
20 34 38 23
20 35 94 83
20 36 96 63
20 37 81 54
20 38 54 43
20 39 47 44
20 40 17 39
20 41 51 34
21 22 38 64
21 23 17 47
21 24 42 63
21 25 4 34
21 26 81 82
21 27 21 12
21 28 56 47
21 29 96 61
21 30 98 57
21 31 27 42
21 32 18 35
21 33 41 40
21 34 47 35
21 35 90 70
21 36 66 72
21 37 15 17
21 38 72 76
21 39 15 53
21 40 24 14
21 41 15 38
22 23 26 38
22 24 11 42
22 25 89 56
22 26 92 59
22 27 93 49
22 28 67 62
22 29 83 64
22 30 3 18
22 31 45 64
22 32 83 57
22 33 33 41
22 34 99 67
22 35 82 62
22 36 56 74
22 37 91 84
22 38 44 42
22 39 17 22
22 40 42 45
22 41 99 89
23 24 11 50
23 25 71 51
23 26 90 53
23 27 87 70
23 28 36 61
23 29 87 70
23 30 4 51
23 31 18 41
23 32 76 41
23 33 23 16
23 34 24 61
23 35 26 18
23 36 53 43
23 37 88 71
23 38 88 46
23 39 44 67
23 40 94 60
23 41 63 38
24 25 99 88
24 26 92 71
24 27 59 51
24 28 64 50
24 29 43 28
24 30 26 50
24 31 25 27
24 32 91 52
24 33 67 68
24 34 1 42
24 35 6 8
24 36 92 69
24 37 35 44
24 38 52 65
24 39 31 43
24 40 61 73
24 41 34 34
25 26 83 50
25 27 8 15
25 28 37 25
25 29 86 63
25 30 53 40
25 31 73 40
25 32 81 52
25 33 33 65
25 34 83 56
25 35 16 51
25 36 27 34
25 37 46 46
25 38 40 50
25 39 84 55
25 40 52 69
25 41 24 23
26 27 7 41
26 28 75 56
26 29 20 36
26 30 61 39
26 31 16 28
26 32 50 54
26 33 76 84
26 34 95 95
26 35 86 56
26 36 27 36
26 37 13 21
26 38 13 47
26 39 67 80
26 40 32 33
26 41 49 47
27 28 59 68
27 29 82 67
27 30 31 64
27 31 72 65
27 32 17 56
27 33 49 40
27 34 94 74
27 35 46 36
27 36 60 75
27 37 47 54
27 38 16 36
27 39 89 46
27 40 60 59
27 41 6 24
28 29 19 25
28 30 63 50
28 31 99 90
28 32 20 51
28 33 97 89
28 34 56 32
28 35 94 87
28 36 63 56
28 37 82 67
28 38 56 28
28 39 55 47
28 40 60 54
28 41 86 45
29 30 21 26
29 31 91 62
29 32 96 95
29 33 2 22
29 34 70 59
29 35 18 9
29 36 41 46
29 37 42 23
29 38 3 6
29 39 81 43
29 40 94 92
29 41 38 26
30 31 19 49
30 32 78 63
30 33 88 73
30 34 78 63
30 35 74 43
30 36 25 32
30 37 79 84
30 38 27 18
30 39 15 16
30 40 76 48
30 41 38 56
31 32 2 14
31 33 78 52
31 34 18 12
31 35 67 56
31 36 38 26
31 37 45 70
31 38 53 28
31 39 79 75
31 40 50 54
31 41 88 47
32 33 98 78
32 34 96 75
32 35 35 63
32 36 18 48
32 37 70 42
32 38 80 67
32 39 30 48
32 40 2 5
32 41 56 35
33 34 89 67
33 35 56 33
33 36 67 73
33 37 44 54
33 38 12 23
33 39 20 41
33 40 45 31
33 41 93 90
34 35 48 48
34 36 35 22
34 37 94 48
34 38 39 54
34 39 82 51
34 40 12 15
34 41 41 25
35 36 53 55
35 37 81 67
35 38 5 26
35 39 21 42
35 40 68 84
35 41 43 71
36 37 99 70
36 38 49 28
36 39 75 71
36 40 56 35
36 41 93 91
37 38 57 56
37 39 84 70
37 40 15 48
37 41 56 34
38 39 98 70
38 40 24 17
38 41 28 25
39 40 27 55
39 41 5 16
40 41 79 67
0 0
1 0.8
2 0.6
3 1
