100 180
0 1 69 29
0 10 40 72
1 2 19 85
1 11 76 51
2 3 33 55
2 12 37 41
3 4 25 47
3 13 47 62
4 5 70 34
4 14 30 76
5 6 65 59
5 15 11 80
6 7 94 15
6 16 78 28
7 8 62 37
7 17 87 32
8 9 69 44
8 18 51 51
9 19 7 65
10 11 20 57
10 20 93 19
11 12 84 22
11 21 20 54
12 13 58 30
12 22 77 30
13 14 1 97
13 23 25 45
14 15 56 36
14 24 68 25
15 16 17 74
15 25 68 30
16 17 90 11
16 26 25 84
17 18 91 25
17 27 64 27
18 19 79 36
18 28 71 46
19 29 67 43
20 21 14 71
20 30 84 30
21 22 7 75
21 31 49 33
22 23 21 84
22 32 18 59
23 24 19 51
23 33 87 32
24 25 9 56
24 34 55 48
25 26 76 14
25 35 79 31
26 27 84 13
26 36 86 37
27 28 69 45
27 37 54 43
28 29 0 93
28 38 84 48
29 39 6 94
30 31 94 11
30 40 2 70
31 32 0 81
31 41 4 92
32 33 84 49
32 42 30 53
33 34 68 38
33 43 89 9
34 35 58 54
34 44 55 41
35 36 51 60
35 45 13 58
36 37 54 58
36 46 60 38
37 38 39 39
37 47 38 53
38 39 81 11
38 48 84 13
39 49 68 48
40 41 18 72
40 50 45 70
41 42 5 88
41 51 72 30
42 43 28 64
42 52 55 59
43 44 41 43
43 53 55 49
44 45 52 60
44 54 31 74
45 46 77 39
45 55 97 12
46 47 84 14
46 56 43 43
47 48 72 55
47 57 78 48
48 49 43 34
48 58 98 0
49 59 12 55
50 51 73 43
50 60 41 57
51 52 71 43
51 61 16 59
52 53 87 37
52 62 41 39
53 54 36 46
53 63 14 55
54 55 12 84
54 64 12 55
55 56 98 30
55 65 39 74
56 57 52 53
56 66 85 37
57 58 41 57
57 67 94 32
58 59 72 49
58 68 30 57
59 69 9 58
60 61 67 49
60 70 55 65
61 62 5 92
61 71 93 17
62 63 17 70
62 72 63 55
63 64 73 22
63 73 20 66
64 65 83 17
64 74 5 81
65 66 85 28
65 75 34 43
66 67 26 82
66 76 3 65
67 68 37 60
67 77 44 56
68 69 11 72
68 78 79 45
69 79 86 16
70 71 46 40
70 80 71 42
71 72 73 46
71 81 53 64
72 73 47 52
72 82 10 63
73 74 27 52
73 83 40 49
74 75 42 48
74 84 6 73
75 76 62 42
75 85 20 52
76 77 48 34
76 86 1 75
77 78 84 18
77 87 91 18
78 79 40 45
78 88 93 40
79 89 23 47
80 81 53 30
80 90 65 47
81 82 65 50
81 91 38 49
82 83 20 52
82 92 36 71
83 84 90 12
83 93 20 49
84 85 70 49
84 94 51 62
85 86 43 71
85 95 32 73
86 87 64 28
86 96 10 70
87 88 45 65
87 97 21 86
88 89 87 32
88 98 52 67
89 99 45 42
90 91 5 83
91 92 76 48
92 93 63 26
93 94 29 71
94 95 95 32
95 96 10 57
96 97 75 42
97 98 75 15
98 99 2 64
0 0
1 0.8
2 0.6
3 1
