30 47
0 1 62 26
0 10 30 51
1 2 66 43
1 11 94 32
2 3 49 37
2 12 17 82
3 4 57 44
3 13 52 54
4 5 35 71
4 14 20 54
5 6 47 51
5 15 27 65
6 7 77 28
6 16 98 29
7 8 44 57
7 17 8 64
8 9 71 22
8 18 77 37
9 19 8 85
10 11 72 43
10 20 36 41
11 12 37 68
11 21 46 32
12 13 70 44
12 22 13 67
13 14 35 63
13 23 87 10
14 15 57 25
14 24 76 43
15 16 29 66
15 25 64 34
16 17 44 37
16 26 99 19
17 18 97 17
17 27 31 78
18 19 51 61
18 28 75 33
19 29 60 49
20 21 59 31
21 22 8 88
22 23 26 66
23 24 61 60
24 25 40 58
25 26 42 56
26 27 64 44
27 28 52 36
28 29 13 90
0 0
1 0.8
2 0.6
3 1
