75 130
0 1 97 25
0 15 56 33
1 2 81 39
1 16 1 95
2 3 95 7
2 17 38 75
3 4 28 79
3 18 11 83
4 5 47 53
4 19 18 53
5 6 46 35
5 20 66 57
6 7 30 74
6 21 70 20
7 8 51 35
7 22 28 44
8 9 21 76
8 23 4 63
9 10 60 26
9 24 72 49
10 11 50 41
10 25 34 44
11 12 23 83
11 26 84 30
12 13 68 42
12 27 36 44
13 14 29 53
13 28 76 26
14 29 46 66
15 16 33 66
15 30 98 27
16 17 39 55
16 31 14 71
17 18 3 92
17 32 8 56
18 19 25 56
18 33 92 21
19 20 37 39
19 34 72 31
20 21 46 59
20 35 75 16
21 22 8 57
21 36 10 73
22 23 11 71
22 37 83 44
23 24 77 50
23 38 20 71
24 25 33 65
24 39 23 47
25 26 48 67
25 40 81 46
26 27 73 34
26 41 59 55
27 28 61 42
27 42 66 52
28 29 40 47
28 43 22 63
29 44 40 49
30 31 72 33
30 45 63 32
31 32 48 61
31 46 24 51
32 33 30 42
32 47 83 23
33 34 84 17
33 48 43 65
34 35 85 13
34 49 2 84
35 36 31 59
35 50 46 45
36 37 92 31
36 51 46 48
37 38 15 59
37 52 11 84
38 39 46 57
38 53 2 71
39 40 58 31
39 54 34 66
40 41 63 25
40 55 70 20
41 42 1 87
41 56 39 61
42 43 57 52
42 57 15 76
43 44 74 33
43 58 99 13
44 59 33 51
45 46 98 31
45 60 34 77
46 47 14 54
46 61 2 90
47 48 47 33
47 62 71 44
48 49 7 93
48 63 37 39
49 50 46 32
49 64 78 45
50 51 17 57
50 65 67 43
51 52 59 54
51 66 40 72
52 53 3 66
52 67 95 40
53 54 30 68
53 68 21 78
54 55 13 86
54 69 10 79
55 56 71 21
55 70 28 76
56 57 48 64
56 71 99 34
57 58 83 24
57 72 41 64
58 59 29 47
58 73 63 50
59 74 18 57
60 61 93 33
61 62 21 78
62 63 1 71
63 64 68 24
64 65 37 67
65 66 9 68
66 67 33 58
67 68 80 28
68 69 56 37
69 70 0 62
70 71 57 52
71 72 6 63
72 73 64 37
73 74 0 76
0 0
1 0.8
2 0.6
3 1
