86 127
0 1 99 31
0 43 78 17
1 2 88 10
1 44 78 29
2 3 87 26
2 45 1 59
3 4 82 37
3 46 48 44
4 5 76 53
4 47 76 50
5 6 35 47
5 48 90 11
6 7 67 41
6 49 48 51
7 8 67 30
7 50 74 15
8 9 70 29
8 51 4 60
9 10 36 46
9 52 35 63
10 11 18 49
10 53 75 26
11 12 45 36
11 54 58 63
12 13 61 24
12 55 6 56
13 14 5 92
13 56 46 49
14 15 34 54
14 57 92 22
15 16 19 62
15 58 15 61
16 17 59 49
16 59 38 67
17 18 31 70
17 60 25 68
18 19 21 54
18 61 2 77
19 20 16 88
19 62 39 57
20 21 49 58
20 63 81 20
21 22 26 62
21 64 51 44
22 23 4 76
22 65 53 65
23 24 73 51
23 66 34 61
24 25 41 71
24 67 29 71
25 26 35 64
25 68 77 28
26 27 31 77
26 69 41 70
27 28 68 38
27 70 71 25
28 29 58 38
28 71 34 60
29 30 46 32
29 72 28 68
30 31 73 38
30 73 0 64
31 32 24 78
31 74 5 77
32 33 82 20
32 75 86 18
33 34 42 50
33 76 72 42
34 35 78 18
34 77 76 24
35 36 6 63
35 78 18 58
36 37 94 9
36 79 59 51
37 38 65 53
37 80 16 83
38 39 65 46
38 81 86 23
39 40 13 84
39 82 87 20
40 41 37 73
40 83 99 14
41 42 51 67
41 84 23 52
42 85 57 40
43 44 22 80
44 45 89 15
45 46 17 67
46 47 41 45
47 48 7 87
48 49 44 37
49 50 25 67
50 51 50 40
51 52 44 45
52 53 13 53
53 54 38 70
54 55 6 77
55 56 60 50
56 57 71 22
57 58 18 49
58 59 77 21
59 60 55 41
60 61 70 46
61 62 17 86
62 63 55 62
63 64 50 69
64 65 18 70
65 66 24 72
66 67 56 45
67 68 27 47
68 69 25 64
69 70 88 16
70 71 16 79
71 72 60 61
72 73 44 44
73 74 24 57
74 75 24 73
75 76 33 59
76 77 68 31
77 78 73 18
78 79 54 50
79 80 56 66
80 81 5 65
81 82 52 43
82 83 41 44
83 84 86 21
84 85 26 70
0 0
1 0.8
2 0.6
3 1
