0
0
RESULTADO FINAL
Arvore 1
0 3 745 225
1 2 926 138
1 4 857 231
3 4 10 275
(2538, 869)

Arvore 2
0 1 356 979
0 3 745 225
1 2 926 138
3 4 10 275
(2037, 1617)

Arvore 3
0 2 587 285
0 3 745 225
1 2 926 138
3 4 10 275
(2268, 923)

Arvore 4
0 3 745 225
1 2 926 138
2 3 375 323
3 4 10 275
(2056, 961)

Arvore 5
0 2 587 285
0 3 745 225
1 4 857 231
3 4 10 275
(2199, 1016)

Arvore 6
0 3 745 225
1 4 857 231
2 3 375 323
3 4 10 275
(1987, 1054)

Arvore 7
0 1 356 979
0 2 587 285
0 3 745 225
3 4 10 275
(1698, 1764)

Arvore 8
0 1 356 979
0 3 745 225
2 3 375 323
3 4 10 275
(1486, 1802)

Arvore 9
0 2 587 285
0 3 745 225
1 3 826 546
3 4 10 275
(2168, 1331)

Arvore 10
0 3 745 225
1 3 826 546
2 3 375 323
3 4 10 275
(1956, 1369)

Arvore 11
0 2 587 285
0 4 26 603
1 2 926 138
3 4 10 275
(1549, 1301)

Arvore 12
0 2 587 285
1 2 926 138
2 3 375 323
3 4 10 275
(1898, 1021)

Arvore 13
0 1 356 979
0 4 26 603
1 2 926 138
3 4 10 275
(1318, 1995)

Arvore 14
0 4 26 603
1 2 926 138
1 4 857 231
3 4 10 275
(1819, 1247)

Arvore 15
0 4 26 603
1 2 926 138
2 3 375 323
3 4 10 275
(1337, 1339)

Arvore 16
0 1 356 979
0 2 587 285
0 4 26 603
3 4 10 275
(979, 2142)

Arvore 17
0 2 587 285
0 4 26 603
1 3 826 546
3 4 10 275
(1449, 1709)

Arvore 18
0 2 587 285
0 4 26 603
1 4 857 231
3 4 10 275
(1480, 1394)

Arvore 19
0 1 356 979
0 2 587 285
2 3 375 323
3 4 10 275
(1328, 1862)

Arvore 20
0 2 587 285
1 3 826 546
2 3 375 323
3 4 10 275
(1798, 1429)

Arvore 21
0 2 587 285
1 4 857 231
2 3 375 323
3 4 10 275
(1829, 1114)

Arvore 22
0 1 356 979
0 4 26 603
2 3 375 323
3 4 10 275
(767, 2180)

Arvore 23
0 4 26 603
1 4 857 231
2 3 375 323
3 4 10 275
(1268, 1432)

Arvore 24
0 4 26 603
1 3 826 546
2 3 375 323
3 4 10 275
(1237, 1747)

