10
0 1 97 70 48 98
0 2 57 48 43 39
0 3 50 64 50 49
0 4 47 35 70 57
0 5 15 12 19 12
0 6 54 71 69 50
0 7 11 46 50 31
0 8 78 62 49 53
0 9 49 29 39 30
1 2 96 58 91 88
1 3 44 30 32 51
1 4 36 48 61 53
1 5 33 19 52 53
1 6 83 60 87 59
1 7 55 30 38 38
1 8 15 14 43 15
1 9 15 30 37 40
2 3 61 75 79 61
2 4 76 49 65 71
2 5 66 36 82 49
2 6 40 45 25 44
2 7 99 83 93 76
2 8 67 66 56 77
2 9 19 36 25 17
3 4 32 41 44 33
3 5 91 79 76 84
3 6 96 87 71 71
3 7 18 13 34 40
3 8 37 20 33 54
3 9 54 33 49 42
4 5 34 64 25 18
4 6 73 62 64 54
4 7 12 18 16 36
4 8 3 42 35 25
4 9 46 38 54 45
5 6 89 71 64 83
5 7 29 18 22 16
5 8 28 35 44 17
5 9 58 77 69 75
6 7 85 43 79 58
6 8 64 80 58 66
6 9 72 68 85 69
7 8 20 30 26 56
7 9 96 90 76 87
8 9 56 76 32 49
