10
0 1 68 64 59 71
0 2 66 57 58 62
0 3 47 40 41 49
0 4 7 11 7 8
0 5 82 77 70 83
0 6 83 82 78 70
0 7 77 74 66 75
0 8 77 76 78 66
0 9 49 54 45 55
1 2 40 47 35 36
1 3 96 95 86 89
1 4 38 38 34 40
1 5 36 30 39 39
1 6 55 47 52 56
1 7 29 25 29 32
1 8 88 82 84 85
1 9 97 93 90 88
2 3 16 24 26 16
2 4 95 82 82 92
2 5 20 21 18 22
2 6 18 17 18 26
2 7 61 54 66 63
2 8 39 39 37 36
2 9 21 27 22 29
3 4 33 42 43 31
3 5 55 53 59 47
3 6 41 39 45 43
3 7 73 75 64 67
3 8 18 30 29 23
3 9 75 65 73 67
4 5 94 84 82 89
4 6 99 89 89 97
4 7 16 21 25 14
4 8 29 25 30 35
4 9 54 47 55 47
5 6 97 90 96 95
5 7 23 30 24 33
5 8 92 81 87 88
5 9 32 39 29 37
6 7 4 12 3 18
6 8 79 79 67 71
6 9 37 38 46 35
7 8 6 18 16 14
7 9 31 29 29 31
8 9 57 53 60 53
