10
0 1 74 55 79 85
0 2 47 48 46 87
0 3 0 12 44 4
0 4 85 45 92 19
0 5 44 47 26 77
0 6 18 24 32 40
0 7 33 45 44 76
0 8 14 18 57 34
0 9 27 50 68 81
1 2 14 18 38 82
1 3 37 44 67 49
1 4 55 83 79 79
1 5 7 5 46 39
1 6 71 92 72 46
1 7 56 43 40 77
1 8 78 27 62 53
1 9 87 87 47 69
2 3 38 33 10 8
2 4 37 54 25 12
2 5 82 78 94 18
2 6 12 42 14 80
2 7 96 69 54 40
2 8 3 58 72 26
2 9 35 37 69 15
3 4 51 80 82 24
3 5 51 25 13 83
3 6 3 28 25 21
3 7 17 76 31 15
3 8 87 37 92 55
3 9 69 81 74 26
4 5 42 27 73 69
4 6 99 59 96 88
4 7 23 28 14 24
4 8 63 31 59 74
4 9 67 44 26 75
5 6 29 49 39 64
5 7 7 48 74 25
5 8 58 15 78 73
5 9 83 59 49 32
6 7 84 50 81 39
6 8 77 19 65 61
6 9 8 18 48 6
7 8 82 73 78 63
7 9 73 23 20 25
8 9 47 55 71 53
