12
0 1 89 24 29 40
0 2 74 53 56 24
0 3 94 70 48 46
0 4 66 33 22 57
0 5 98 30 43 92
0 6 11 32 58 55
0 7 43 52 29 14
0 8 74 48 47 94
0 9 95 62 21 26
0 10 33 72 25 34
0 11 94 84 90 28
1 2 27 20 42 28
1 3 27 28 16 51
1 4 66 13 78 71
1 5 17 73 13 23
1 6 54 61 60 84
1 7 31 34 41 78
1 8 84 95 37 77
1 9 12 80 48 59
1 10 90 20 67 69
1 11 47 54 80 64
2 3 90 65 46 68
2 4 78 86 84 46
2 5 87 31 79 66
2 6 78 76 91 58
2 7 68 71 59 67
2 8 45 72 12 55
2 9 63 37 32 40
2 10 4 61 57 36
2 11 31 52 17 69
3 4 87 94 56 80
3 5 92 29 96 61
3 6 45 64 18 36
3 7 16 60 18 24
3 8 33 49 62 24
3 9 40 43 32 84
3 10 35 7 50 59
3 11 84 32 48 37
4 5 82 95 25 41
4 6 17 80 66 80
4 7 97 92 25 64
4 8 94 76 41 91
4 9 63 40 24 27
4 10 48 49 34 39
4 11 94 52 93 48
5 6 72 39 15 72
5 7 41 59 86 68
5 8 66 47 60 21
5 9 54 52 49 66
5 10 91 32 57 70
5 11 0 70 69 58
6 7 68 93 35 73
6 8 62 40 65 78
6 9 37 45 79 84
6 10 82 65 79 46
6 11 29 17 20 59
7 8 8 74 45 76
7 9 41 69 51 45
7 10 87 57 18 78
7 11 54 20 41 17
8 9 87 51 57 30
8 10 9 20 66 54
8 11 69 38 19 64
9 10 84 88 90 47
9 11 9 44 50 79
10 11 21 20 30 77
