12
0 1 83 82 85 81
0 2 92 92 84 93
0 3 42 39 43 38
0 4 39 45 36 34
0 5 36 33 41 45
0 6 28 33 26 37
0 7 90 79 78 87
0 8 87 89 85 76
0 9 19 19 26 29
0 10 70 61 70 68
0 11 13 11 16 21
1 2 13 13 16 16
1 3 80 75 71 71
1 4 0 10 2 3
1 5 15 27 22 23
1 6 53 47 50 57
1 7 55 62 57 52
1 8 96 96 82 84
1 9 61 62 62 60
1 10 57 53 59 50
1 11 77 76 68 68
2 3 99 92 93 85
2 4 3 14 6 13
2 5 86 85 78 85
2 6 86 78 77 88
2 7 13 23 22 19
2 8 70 67 60 64
2 9 49 43 55 55
2 10 23 30 28 33
2 11 56 50 51 62
3 4 7 20 7 9
3 5 75 78 73 67
3 6 10 13 18 13
3 7 29 33 26 28
3 8 32 32 32 36
3 9 14 15 26 21
3 10 6 7 15 16
3 11 54 46 51 48
4 5 9 17 17 9
4 6 64 54 60 57
4 7 8 8 19 12
4 8 99 85 86 94
4 9 95 88 89 85
4 10 30 35 40 28
4 11 21 28 27 22
5 6 91 91 80 88
5 7 30 39 36 35
5 8 42 49 42 49
5 9 20 28 27 30
5 10 64 60 61 65
5 11 70 74 67 69
6 7 43 40 38 40
6 8 9 18 9 10
6 9 20 21 19 21
6 10 84 73 80 75
6 11 13 25 20 15
7 8 1 9 6 11
7 9 12 16 12 19
7 10 45 41 40 39
7 11 85 77 85 84
8 9 90 84 88 85
8 10 77 76 76 71
8 11 11 14 14 23
9 10 10 10 11 9
9 11 43 40 43 42
10 11 61 57 66 57
