12
0 1 61 44 41 59
0 2 33 47 50 32
0 3 44 30 50 23
0 4 28 32 57 39
0 5 68 83 68 49
0 6 96 59 52 93
0 7 20 39 17 51
0 8 83 81 76 70
0 9 11 35 12 28
0 10 10 18 31 39
0 11 89 65 86 51
1 2 33 51 18 34
1 3 31 29 20 46
1 4 53 60 60 33
1 5 40 42 28 55
1 6 31 44 60 20
1 7 73 64 51 49
1 8 19 16 59 43
1 9 32 39 60 42
1 10 41 56 42 36
1 11 91 75 86 87
2 3 1 21 23 2
2 4 5 35 47 24
2 5 55 48 54 35
2 6 17 35 40 52
2 7 88 79 58 72
2 8 51 51 41 26
2 9 17 35 41 50
2 10 37 34 19 27
2 11 24 27 44 36
3 4 71 57 39 80
3 5 21 16 29 32
3 6 55 72 75 65
3 7 86 65 77 62
3 8 62 63 39 70
3 9 52 60 48 54
3 10 37 49 43 65
3 11 89 78 48 91
4 5 20 32 43 30
4 6 0 6 13 18
4 7 60 45 59 32
4 8 17 13 11 54
4 9 75 80 46 82
4 10 94 48 69 84
4 11 57 35 53 57
5 6 19 32 23 45
5 7 34 48 26 43
5 8 26 59 37 42
5 9 14 48 23 9
5 10 36 41 50 66
5 11 74 70 86 66
6 7 62 62 47 58
6 8 37 50 54 49
6 9 77 59 82 81
6 10 6 43 37 50
6 11 34 43 38 63
7 8 47 72 40 57
7 9 75 78 71 46
7 10 13 40 39 31
7 11 68 36 45 34
8 9 68 37 76 59
8 10 2 35 23 18
8 11 46 73 66 68
9 10 6 8 35 47
9 11 86 49 92 50
10 11 67 41 69 46
