15
0 1 54 76 83 74
0 2 0 62 0 42
0 3 39 62 31 77
0 4 98 88 34 49
0 5 2 4 70 77
0 6 55 72 28 74
0 7 55 76 67 31
0 8 82 47 96 86
0 9 62 51 18 43
0 10 57 45 11 79
0 11 55 62 30 48
0 12 93 81 59 35
0 13 2 26 62 28
0 14 38 68 78 51
1 2 76 87 50 38
1 3 62 72 90 39
1 4 98 96 83 86
1 5 13 4 78 62
1 6 68 76 74 22
1 7 62 44 71 19
1 8 42 54 24 65
1 9 19 47 80 77
1 10 81 69 83 94
1 11 19 72 73 46
1 12 19 8 59 45
1 13 98 78 74 39
1 14 27 31 40 69
2 3 79 34 20 24
2 4 61 17 84 34
2 5 19 25 76 58
2 6 18 78 46 65
2 7 17 49 63 81
2 8 37 17 53 15
2 9 95 68 55 46
2 10 90 30 61 36
2 11 15 39 70 31
2 12 17 33 8 21
2 13 2 53 78 35
2 14 3 58 5 39
3 4 96 82 77 77
3 5 12 12 9 76
3 6 72 38 29 83
3 7 56 17 29 29
3 8 41 70 43 68
3 9 57 89 79 51
3 10 54 16 20 49
3 11 37 17 57 26
3 12 79 53 69 79
3 13 46 52 26 19
3 14 27 75 25 41
4 5 25 40 78 22
4 6 9 45 57 37
4 7 74 82 32 45
4 8 12 81 65 33
4 9 8 54 34 2
4 10 0 61 7 0
4 11 21 40 20 50
4 12 14 26 57 15
4 13 94 95 75 74
4 14 58 37 91 24
5 6 80 83 42 94
5 7 93 63 62 72
5 8 45 47 49 66
5 9 41 81 81 24
5 10 82 67 81 30
5 11 97 84 49 99
5 12 35 33 54 38
5 13 19 18 62 19
5 14 29 37 75 15
6 7 37 63 41 36
6 8 42 59 46 71
6 9 23 13 32 46
6 10 76 81 76 47
6 11 27 82 14 45
6 12 92 69 63 53
6 13 16 15 37 9
6 14 45 13 18 37
7 8 28 27 16 37
7 9 48 58 52 79
7 10 19 9 35 13
7 11 36 70 11 48
7 12 65 65 37 72
7 13 11 14 6 42
7 14 97 89 78 38
8 9 69 64 45 88
8 10 9 77 28 14
8 11 72 47 60 37
8 12 2 58 49 34
8 13 70 26 54 36
8 14 20 31 49 45
9 10 47 78 65 50
9 11 54 69 28 27
9 12 79 85 94 91
9 13 96 45 52 78
9 14 31 67 32 6
10 11 74 55 91 89
10 12 48 31 71 18
10 13 48 22 88 24
10 14 13 38 18 51
11 12 95 67 59 19
11 13 91 92 63 85
11 14 66 72 50 29
12 13 4 49 77 15
12 14 53 84 82 58
13 14 80 49 56 51
