15
0 1 26 19 33 46
0 2 60 49 34 51
0 3 88 50 77 91
0 4 60 43 40 59
0 5 22 19 30 61
0 6 41 53 70 47
0 7 82 60 69 46
0 8 42 63 51 57
0 9 82 81 82 79
0 10 89 83 70 61
0 11 1 15 48 11
0 12 5 36 14 40
0 13 75 86 68 47
0 14 87 64 55 70
1 2 56 42 77 63
1 3 91 46 74 59
1 4 67 82 73 58
1 5 79 48 72 53
1 6 87 55 71 68
1 7 9 40 22 5
1 8 42 35 48 59
1 9 67 45 40 55
1 10 6 13 15 18
1 11 62 66 34 37
1 12 14 49 8 15
1 13 6 23 47 22
1 14 48 58 70 61
2 3 36 21 39 25
2 4 2 37 34 7
2 5 31 51 22 37
2 6 49 58 54 62
2 7 4 27 46 17
2 8 93 69 65 75
2 9 59 32 30 47
2 10 69 70 64 55
2 11 38 26 39 65
2 12 95 79 91 51
2 13 99 50 60 62
2 14 53 71 51 41
3 4 20 49 47 35
3 5 67 37 43 45
3 6 35 52 51 19
3 7 95 83 63 54
3 8 37 47 32 47
3 9 94 67 71 78
3 10 63 37 41 48
3 11 98 81 55 84
3 12 11 35 41 29
3 13 87 62 66 57
3 14 12 13 16 12
4 5 20 37 31 32
4 6 91 56 68 83
4 7 49 35 46 54
4 8 21 20 52 33
4 9 27 59 29 55
4 10 55 32 63 65
4 11 51 51 55 60
4 12 28 25 56 18
4 13 36 20 36 46
4 14 64 77 56 40
5 6 48 44 46 48
5 7 25 27 30 36
5 8 95 50 88 96
5 9 90 72 63 89
5 10 33 52 53 21
5 11 55 73 38 61
5 12 84 57 57 70
5 13 3 28 43 14
5 14 95 78 58 75
6 7 2 3 1 16
6 8 57 34 59 48
6 9 60 46 42 69
6 10 15 34 16 22
6 11 20 22 29 14
6 12 19 40 39 39
6 13 42 35 59 62
6 14 1 19 44 32
7 8 40 28 29 66
7 9 83 50 46 86
7 10 3 51 50 38
7 11 45 51 55 63
7 12 8 52 19 31
7 13 0 48 15 46
7 14 22 53 43 54
8 9 21 41 40 32
8 10 51 31 62 48
8 11 84 62 69 50
8 12 47 35 44 24
8 13 45 30 70 38
8 14 9 42 30 35
9 10 48 41 56 44
9 11 36 64 34 56
9 12 52 64 39 67
9 13 39 44 35 47
9 14 38 35 25 49
10 11 6 18 7 34
10 12 18 54 26 51
10 13 80 56 49 47
10 14 0 45 9 32
11 12 39 57 69 66
11 13 81 69 86 48
11 14 14 21 12 28
12 13 41 66 22 25
12 14 56 50 37 42
13 14 63 49 72 45
