17
0 1 41 44 38 57
0 2 87 74 48 44
0 3 33 49 17 49
0 4 43 51 22 55
0 5 28 60 24 36
0 6 87 53 85 90
0 7 45 26 32 71
0 8 55 59 37 59
0 9 57 38 51 39
0 10 68 76 72 51
0 11 19 30 12 45
0 12 49 39 31 48
0 13 32 49 23 60
0 14 79 73 44 65
0 15 34 33 54 46
0 16 40 29 62 68
1 2 43 22 25 63
1 3 53 62 36 72
1 4 39 65 40 51
1 5 66 70 64 34
1 6 94 49 51 68
1 7 66 37 66 44
1 8 94 63 50 74
1 9 1 34 23 44
1 10 32 23 39 24
1 11 88 49 53 87
1 12 96 66 50 66
1 13 76 55 67 75
1 14 26 32 26 59
1 15 52 38 51 74
1 16 63 39 36 43
2 3 69 78 69 66
2 4 57 35 61 42
2 5 76 56 53 80
2 6 42 62 70 29
2 7 77 67 41 40
2 8 27 33 19 21
2 9 9 32 11 25
2 10 13 10 25 47
2 11 25 31 35 50
2 12 99 63 66 71
2 13 10 10 40 31
2 14 16 28 20 11
2 15 76 74 71 61
2 16 44 61 58 64
3 4 76 83 69 64
3 5 69 62 38 63
3 6 34 42 63 38
3 7 18 29 26 36
3 8 75 43 50 72
3 9 74 73 80 69
3 10 57 64 57 53
3 11 2 29 28 47
3 12 42 68 23 63
3 13 37 45 55 57
3 14 19 55 12 17
3 15 5 45 11 20
3 16 77 60 57 54
4 5 14 30 32 16
4 6 47 43 30 59
4 7 61 53 58 74
4 8 75 61 42 81
4 9 5 25 3 46
4 10 0 16 25 21
4 11 74 47 38 62
4 12 3 46 29 18
4 13 88 67 76 72
4 14 28 17 22 58
4 15 70 82 70 40
4 16 34 21 27 46
5 6 67 46 71 46
5 7 79 48 66 73
5 8 76 66 77 86
5 9 95 55 89 55
5 10 23 15 21 48
5 11 10 5 47 54
5 12 75 71 85 87
5 13 48 26 48 30
5 14 68 70 51 38
5 15 92 63 86 94
5 16 29 62 37 54
6 7 99 60 68 52
6 8 29 56 32 17
6 9 58 72 55 40
6 10 68 47 52 58
6 11 35 27 34 21
6 12 60 73 34 33
6 13 8 9 7 33
6 14 96 55 96 57
6 15 21 53 39 59
6 16 49 30 55 74
7 8 5 5 38 7
7 9 33 17 22 65
7 10 71 45 50 47
7 11 56 63 50 49
7 12 34 38 58 28
7 13 9 38 8 11
7 14 62 38 32 62
7 15 33 22 37 17
7 16 27 41 42 38
8 9 78 78 40 56
8 10 79 66 72 46
8 11 24 37 22 49
8 12 77 53 54 46
8 13 51 68 48 54
8 14 0 13 13 19
8 15 81 89 57 49
8 16 94 68 53 91
9 10 11 19 53 54
9 11 96 70 55 92
9 12 17 8 24 32
9 13 71 78 77 70
9 14 41 50 58 50
9 15 37 46 36 36
9 16 97 75 95 70
10 11 26 43 14 54
10 12 65 58 59 42
10 13 57 33 37 60
10 14 93 56 50 73
10 15 72 56 80 36
10 16 74 77 86 74
11 12 7 26 44 43
11 13 29 61 60 36
11 14 68 54 81 69
11 15 66 67 59 78
11 16 4 34 14 8
12 13 14 23 32 49
12 14 84 47 46 43
12 15 69 68 64 40
12 16 23 21 47 46
13 14 91 67 58 83
13 15 49 54 59 71
13 16 20 55 26 42
14 15 51 49 67 50
14 16 11 20 49 33
15 16 23 51 17 34
