20
0 1 6 37 5 32
0 2 14 38 51 51
0 3 28 62 54 58
0 4 26 61 16 38
0 5 83 65 77 85
0 6 33 64 62 25
0 7 59 44 56 70
0 8 67 68 34 43
0 9 81 81 79 79
0 10 1 33 28 4
0 11 94 84 64 82
0 12 35 41 18 66
0 13 91 85 60 79
0 14 98 97 74 65
0 15 11 35 50 45
0 16 9 29 8 41
0 17 78 53 57 74
0 18 70 40 62 77
0 19 11 29 20 23
1 2 18 12 46 52
1 3 33 46 54 21
1 4 79 58 42 59
1 5 1 3 43 16
1 6 11 47 33 45
1 7 59 62 65 53
1 8 93 93 50 77
1 9 73 51 84 83
1 10 61 49 45 54
1 11 50 65 27 49
1 12 34 43 57 42
1 13 43 52 42 23
1 14 6 48 24 38
1 15 56 42 64 49
1 16 33 46 31 65
1 17 99 98 69 89
1 18 38 31 25 41
1 19 92 58 80 56
2 3 78 82 87 44
2 4 34 60 52 22
2 5 62 46 75 67
2 6 52 36 35 27
2 7 99 87 75 96
2 8 98 91 84 57
2 9 83 77 68 78
2 10 83 89 43 46
2 11 57 72 70 62
2 12 72 66 79 60
2 13 16 50 20 21
2 14 56 30 37 72
2 15 57 39 28 71
2 16 66 59 60 60
2 17 82 63 79 90
2 18 99 64 96 50
2 19 48 31 63 44
3 4 53 28 55 66
3 5 24 53 47 38
3 6 92 72 57 59
3 7 40 33 45 21
3 8 55 56 51 59
3 9 19 56 41 47
3 10 71 74 83 46
3 11 45 49 25 66
3 12 89 52 66 83
3 13 19 55 59 55
3 14 29 47 26 23
3 15 43 52 32 27
3 16 47 36 61 69
3 17 67 67 59 65
3 18 1 27 24 33
3 19 56 28 33 31
4 5 38 28 36 50
4 6 84 68 77 57
4 7 43 63 57 27
4 8 49 47 37 51
4 9 27 62 58 25
4 10 10 11 31 42
4 11 47 26 28 57
4 12 25 34 26 58
4 13 94 50 58 49
4 14 32 51 38 31
4 15 15 11 38 46
4 16 3 49 42 27
4 17 8 50 16 35
4 18 6 32 50 7
4 19 0 29 43 5
5 6 95 64 75 65
5 7 73 53 48 83
5 8 4 24 16 14
5 9 32 49 56 53
5 10 32 34 50 48
5 11 50 36 53 48
5 12 66 81 34 79
5 13 38 36 41 45
5 14 71 73 42 52
5 15 11 45 37 9
5 16 42 69 48 26
5 17 5 11 24 31
5 18 25 42 56 37
5 19 48 57 73 54
6 7 26 36 36 18
6 8 17 49 18 50
6 9 73 82 41 85
6 10 56 29 61 69
6 11 29 61 46 33
6 12 32 42 24 59
6 13 26 48 40 13
6 14 90 93 71 83
6 15 38 48 35 50
6 16 59 42 34 44
6 17 48 45 52 68
6 18 22 54 33 21
6 19 18 30 15 40
7 8 11 43 23 14
7 9 11 32 10 39
7 10 91 73 54 77
7 11 76 41 60 50
7 12 87 50 84 86
7 13 90 61 90 85
7 14 61 80 66 39
7 15 8 5 40 9
7 16 56 45 51 64
7 17 71 64 75 76
7 18 39 51 57 31
7 19 95 78 67 50
8 9 64 75 37 40
8 10 87 66 79 63
8 11 98 53 89 84
8 12 11 6 45 33
8 13 80 65 56 82
8 14 12 22 10 46
8 15 23 16 46 21
8 16 99 74 76 79
8 17 65 64 70 80
8 18 84 82 49 43
8 19 53 37 52 76
9 10 43 61 65 60
9 11 79 82 46 41
9 12 23 15 43 35
9 13 96 72 91 66
9 14 75 69 38 78
9 15 71 64 61 84
9 16 75 40 59 60
9 17 36 46 31 64
9 18 18 37 16 31
9 19 70 41 43 36
10 11 69 37 44 70
10 12 73 48 76 50
10 13 6 34 13 33
10 14 30 32 63 29
10 15 61 65 74 74
10 16 36 48 30 48
10 17 9 45 25 40
10 18 74 46 86 63
10 19 92 58 95 92
11 12 73 76 66 56
11 13 70 69 37 84
11 14 5 18 31 6
11 15 14 9 8 17
11 16 94 83 61 91
11 17 63 32 66 53
11 18 28 41 32 35
11 19 43 71 35 30
12 13 38 38 58 44
12 14 2 45 10 1
12 15 1 22 37 9
12 16 73 81 56 43
12 17 63 66 80 65
12 18 55 61 54 46
12 19 69 53 35 59
13 14 44 63 39 38
13 15 50 52 27 54
13 16 86 80 79 68
13 17 51 44 29 73
13 18 84 44 57 55
13 19 71 81 54 51
14 15 15 19 18 43
14 16 0 36 46 7
14 17 71 44 85 82
14 18 39 36 49 36
14 19 43 64 32 62
15 16 14 33 31 49
15 17 89 59 61 74
15 18 33 42 22 63
15 19 96 69 91 48
16 17 30 25 34 55
16 18 30 47 49 19
16 19 72 86 51 81
17 18 18 50 59 20
17 19 72 74 79 48
18 19 99 77 74 87
