20
0 1 34 57 45 63
0 2 55 73 68 78
0 3 29 23 36 41
0 4 14 70 7 18
0 5 15 55 3 14
0 6 2 35 57 31
0 7 86 21 22 41
0 8 11 62 28 3
0 9 24 67 8 8
0 10 88 82 64 77
0 11 58 23 46 27
0 12 2 40 63 24
0 13 91 72 89 35
0 14 68 35 42 34
0 15 45 87 39 68
0 16 38 52 33 25
0 17 93 96 45 59
0 18 10 65 42 27
0 19 30 12 82 77
1 2 16 31 72 81
1 3 10 21 48 77
1 4 47 85 86 35
1 5 95 30 84 58
1 6 53 18 19 40
1 7 53 58 50 77
1 8 16 66 78 34
1 9 81 33 37 57
1 10 9 40 35 55
1 11 94 82 76 63
1 12 45 81 75 59
1 13 53 69 18 55
1 14 27 51 39 45
1 15 29 32 46 17
1 16 44 15 56 28
1 17 85 88 91 27
1 18 66 19 77 66
1 19 74 67 66 43
2 3 29 85 34 71
2 4 48 43 30 20
2 5 35 65 65 85
2 6 5 52 63 74
2 7 84 61 22 91
2 8 14 62 25 3
2 9 92 86 87 70
2 10 18 33 75 42
2 11 35 11 29 34
2 12 28 38 48 42
2 13 49 52 14 77
2 14 63 92 37 55
2 15 18 39 5 72
2 16 37 45 51 43
2 17 17 50 54 39
2 18 16 11 7 68
2 19 27 17 78 85
3 4 76 84 86 87
3 5 89 21 96 88
3 6 22 10 33 36
3 7 16 10 25 7
3 8 27 9 50 52
3 9 90 18 75 93
3 10 38 73 58 48
3 11 53 42 73 56
3 12 1 38 75 26
3 13 98 38 21 86
3 14 37 69 33 62
3 15 61 68 19 17
3 16 37 47 40 20
3 17 4 41 62 77
3 18 49 73 32 24
3 19 79 54 54 78
4 5 83 39 30 32
4 6 84 68 75 20
4 7 2 7 5 24
4 8 31 47 9 25
4 9 95 55 38 19
4 10 17 67 61 79
4 11 91 25 57 39
4 12 90 92 31 44
4 13 60 86 34 38
4 14 96 45 42 53
4 15 85 59 97 28
4 16 2 47 15 34
4 17 30 66 11 64
4 18 32 14 77 29
4 19 19 66 79 11
5 6 89 78 60 92
5 7 70 54 79 17
5 8 50 34 57 55
5 9 96 37 42 51
5 10 31 47 57 41
5 11 34 7 85 49
5 12 58 12 35 88
5 13 58 53 15 23
5 14 31 82 65 79
5 15 75 16 83 49
5 16 66 44 71 39
5 17 86 46 62 17
5 18 3 68 14 79
5 19 13 10 2 2
6 7 70 60 80 29
6 8 11 80 36 25
6 9 29 62 65 73
6 10 14 69 52 49
6 11 24 38 7 31
6 12 59 89 41 79
6 13 42 43 21 45
6 14 17 13 58 67
6 15 63 21 48 19
6 16 5 47 79 55
6 17 23 46 39 60
6 18 83 74 41 43
6 19 75 18 34 66
7 8 63 47 16 66
7 9 88 85 40 89
7 10 56 58 26 35
7 11 98 88 40 54
7 12 0 57 0 53
7 13 89 84 68 21
7 14 70 26 55 27
7 15 65 56 68 68
7 16 86 35 88 36
7 17 75 21 70 72
7 18 66 39 52 27
7 19 5 53 58 55
8 9 81 86 31 34
8 10 40 50 79 15
8 11 16 53 29 35
8 12 36 80 69 42
8 13 99 40 32 39
8 14 32 44 15 10
8 15 54 79 31 29
8 16 82 26 64 80
8 17 75 25 64 77
8 18 93 55 97 19
8 19 74 89 43 55
9 10 77 77 52 87
9 11 28 61 21 14
9 12 82 42 89 57
9 13 79 95 23 89
9 14 9 8 3 22
9 15 3 30 63 26
9 16 17 37 49 74
9 17 98 28 40 46
9 18 26 39 43 36
9 19 0 12 36 54
10 11 66 82 70 86
10 12 57 27 40 38
10 13 75 81 86 70
10 14 83 32 49 92
10 15 27 55 9 76
10 16 30 21 37 63
10 17 49 18 19 60
10 18 54 76 49 60
10 19 22 49 11 61
11 12 70 45 45 89
11 13 43 62 74 55
11 14 41 66 79 34
11 15 83 80 20 34
11 16 71 93 35 37
11 17 69 41 51 56
11 18 71 64 41 58
11 19 11 60 47 42
12 13 1 17 74 45
12 14 32 69 15 39
12 15 83 47 43 29
12 16 65 22 14 82
12 17 8 71 41 74
12 18 85 18 80 65
12 19 36 32 86 77
13 14 31 29 57 16
13 15 23 63 17 61
13 16 68 43 39 82
13 17 95 96 52 38
13 18 14 32 42 25
13 19 27 38 58 11
14 15 99 70 74 51
14 16 72 17 72 54
14 17 61 31 49 60
14 18 7 16 56 6
14 19 68 82 65 68
15 16 67 30 61 50
15 17 65 49 74 52
15 18 61 43 86 50
15 19 22 81 48 20
16 17 39 9 43 29
16 18 31 68 29 55
16 19 96 49 34 70
17 18 46 36 10 73
17 19 6 33 61 62
18 19 61 12 82 16
