20
0 1 14 17 24 25
0 2 53 56 58 59
0 3 76 65 74 79
0 4 67 69 62 60
0 5 12 21 17 18
0 6 84 85 80 83
0 7 94 92 94 82
0 8 1 2 6 8
0 9 50 45 55 44
0 10 81 69 75 77
0 11 41 37 39 41
0 12 22 32 19 19
0 13 18 30 24 25
0 14 87 79 77 78
0 15 75 68 70 67
0 16 50 55 44 57
0 17 77 66 80 78
0 18 15 13 18 26
0 19 78 74 77 69
1 2 51 53 46 57
1 3 46 52 44 48
1 4 28 25 31 35
1 5 26 28 33 25
1 6 89 85 81 80
1 7 86 79 76 76
1 8 96 83 96 94
1 9 99 91 88 94
1 10 98 84 93 92
1 11 53 47 52 47
1 12 74 73 73 63
1 13 33 30 37 31
1 14 67 58 59 68
1 15 9 21 20 14
1 16 86 86 82 78
1 17 59 60 64 56
1 18 99 98 99 94
1 19 68 72 70 68
2 3 32 38 30 41
2 4 90 83 81 80
2 5 19 19 23 17
2 6 1 10 15 5
2 7 43 50 51 51
2 8 55 48 49 47
2 9 7 11 9 10
2 10 70 70 74 70
2 11 77 80 75 80
2 12 19 30 28 25
2 13 26 31 36 34
2 14 40 40 43 47
2 15 13 17 15 20
2 16 79 75 74 69
2 17 56 62 56 56
2 18 97 96 92 94
2 19 45 48 48 42
3 4 74 66 66 75
3 5 66 61 66 63
3 6 58 55 63 49
3 7 16 17 19 22
3 8 40 47 41 37
3 9 69 65 60 62
3 10 20 20 25 22
3 11 92 88 91 91
3 12 93 93 81 90
3 13 82 75 76 70
3 14 92 82 90 92
3 15 63 59 67 65
3 16 62 62 65 53
3 17 51 48 43 44
3 18 5 18 19 11
3 19 59 57 60 63
4 5 16 25 21 24
4 6 83 76 71 83
4 7 93 82 89 94
4 8 25 28 22 28
4 9 13 12 17 18
4 10 34 33 37 32
4 11 8 16 10 14
4 12 88 75 78 90
4 13 37 39 35 45
4 14 82 70 78 74
4 15 32 28 38 31
4 16 97 93 97 82
4 17 47 40 52 50
4 18 26 31 30 31
4 19 33 40 32 35
5 6 85 76 83 74
5 7 38 45 34 45
5 8 54 54 48 46
5 9 72 67 63 63
5 10 25 23 35 22
5 11 28 36 27 27
5 12 43 42 49 50
5 13 24 23 35 27
5 14 72 74 62 68
5 15 60 59 59 63
5 16 59 56 64 57
5 17 51 45 48 56
5 18 23 22 34 20
5 19 60 58 53 58
6 7 81 71 81 73
6 8 52 48 45 46
6 9 19 20 31 21
6 10 76 75 78 77
6 11 52 46 51 57
6 12 77 72 76 71
6 13 28 32 35 38
6 14 48 46 44 53
6 15 33 38 39 37
6 16 58 64 53 62
6 17 92 85 81 80
6 18 20 20 19 32
6 19 29 28 27 36
7 8 5 7 12 12
7 9 57 61 51 50
7 10 30 30 38 35
7 11 31 32 30 35
7 12 11 23 19 11
7 13 27 24 37 28
7 14 60 59 58 62
7 15 70 71 64 62
7 16 90 78 84 82
7 17 26 30 31 27
7 18 11 22 21 22
7 19 66 64 69 61
8 9 6 13 12 5
8 10 7 15 17 20
8 11 62 62 57 57
8 12 6 11 20 13
8 13 67 60 61 59
8 14 46 41 52 40
8 15 26 35 28 34
8 16 66 63 69 67
8 17 80 80 73 77
8 18 72 75 62 63
8 19 67 69 59 70
9 10 86 77 77 83
9 11 25 34 29 24
9 12 42 49 37 41
9 13 73 70 63 72
9 14 51 52 54 58
9 15 88 84 76 81
9 16 1 13 4 3
9 17 31 41 30 31
9 18 35 31 32 39
9 19 13 20 13 20
10 11 57 53 53 56
10 12 82 82 72 76
10 13 26 25 28 26
10 14 87 76 89 81
10 15 65 61 59 68
10 16 83 71 76 72
10 17 1 8 4 15
10 18 69 64 63 71
10 19 46 42 49 49
11 12 77 74 73 71
11 13 25 29 32 25
11 14 94 91 94 86
11 15 34 30 36 43
11 16 33 34 40 41
11 17 62 53 53 59
11 18 30 38 39 39
11 19 65 62 70 57
12 13 2 15 14 13
12 14 20 26 18 19
12 15 74 77 68 68
12 16 13 17 13 24
12 17 72 64 73 68
12 18 20 20 18 26
12 19 68 58 64 69
13 14 45 40 46 43
13 15 84 77 83 81
13 16 12 14 21 12
13 17 29 25 26 29
13 18 93 80 88 79
13 19 23 29 33 31
14 15 39 48 38 34
14 16 92 90 83 84
14 17 9 11 17 12
14 18 37 42 33 34
14 19 60 56 63 54
15 16 6 15 11 11
15 17 50 47 50 45
15 18 31 34 29 36
15 19 34 29 32 29
16 17 20 28 27 26
16 18 52 48 48 47
16 19 44 47 42 48
17 18 99 97 92 93
17 19 70 68 71 65
18 19 94 84 90 91
