22
0 1 36 11 24 85
0 2 12 49 45 20
0 3 74 21 58 29
0 4 29 77 76 45
0 5 81 82 52 51
0 6 66 49 50 32
0 7 16 45 3 63
0 8 8 36 27 69
0 9 11 13 8 37
0 10 92 68 83 43
0 11 71 90 60 22
0 12 14 54 79 18
0 13 26 57 38 57
0 14 99 43 47 80
0 15 93 22 35 79
0 16 73 67 79 58
0 17 53 22 66 43
0 18 57 32 68 71
0 19 72 53 32 66
0 20 12 76 62 13
0 21 11 8 76 60
1 2 26 20 21 29
1 3 0 76 63 24
1 4 13 14 19 47
1 5 7 7 21 7
1 6 36 35 78 65
1 7 36 12 48 43
1 8 60 71 72 91
1 9 9 45 59 27
1 10 95 66 92 96
1 11 62 68 36 67
1 12 43 29 20 17
1 13 21 75 80 63
1 14 34 13 29 71
1 15 28 67 81 82
1 16 31 57 37 77
1 17 91 80 93 41
1 18 78 19 56 72
1 19 46 48 38 22
1 20 17 20 71 52
1 21 92 59 71 19
2 3 20 60 38 48
2 4 15 21 11 27
2 5 5 43 15 12
2 6 33 9 50 51
2 7 40 44 28 72
2 8 61 81 18 36
2 9 62 83 14 16
2 10 57 76 89 58
2 11 3 52 44 43
2 12 56 77 24 13
2 13 50 64 68 82
2 14 40 19 30 12
2 15 39 50 64 83
2 16 49 12 74 40
2 17 29 53 20 8
2 18 9 12 15 22
2 19 10 26 16 4
2 20 5 73 64 16
2 21 20 9 30 32
3 4 96 68 70 36
3 5 94 61 52 36
3 6 81 76 85 39
3 7 29 47 62 45
3 8 76 67 33 87
3 9 82 41 92 89
3 10 7 25 10 11
3 11 48 57 60 61
3 12 70 42 52 61
3 13 58 91 76 44
3 14 52 50 24 69
3 15 42 38 29 76
3 16 76 94 25 92
3 17 80 61 55 24
3 18 63 91 63 83
3 19 94 68 84 47
3 20 13 3 65 57
3 21 31 34 51 66
4 5 13 54 40 79
4 6 33 74 21 20
4 7 26 82 31 57
4 8 89 84 64 44
4 9 27 11 6 52
4 10 4 45 68 14
4 11 30 58 40 85
4 12 47 60 46 26
4 13 23 81 31 7
4 14 32 42 31 16
4 15 5 57 70 3
4 16 86 21 63 85
4 17 24 33 43 84
4 18 36 84 10 49
4 19 27 13 55 18
4 20 96 84 23 65
4 21 5 75 8 10
5 6 83 25 70 21
5 7 24 7 82 79
5 8 19 65 78 4
5 9 76 49 70 60
5 10 19 7 64 34
5 11 85 62 53 32
5 12 2 21 10 55
5 13 63 38 87 43
5 14 25 31 17 64
5 15 19 72 32 49
5 16 37 16 17 72
5 17 50 89 67 28
5 18 30 76 61 46
5 19 6 21 29 29
5 20 59 33 52 66
5 21 75 94 84 38
6 7 17 81 35 44
6 8 58 53 44 15
6 9 48 58 83 51
6 10 86 74 42 92
6 11 9 29 13 71
6 12 92 89 89 52
6 13 96 56 53 80
6 14 99 83 93 79
6 15 20 59 76 21
6 16 52 63 15 88
6 17 65 57 66 50
6 18 47 25 66 36
6 19 26 12 20 14
6 20 42 62 80 64
6 21 67 39 82 91
7 8 5 40 46 40
7 9 54 64 51 40
7 10 62 54 62 53
7 11 4 57 74 38
7 12 55 51 87 56
7 13 4 46 24 56
7 14 42 22 49 52
7 15 26 50 40 43
7 16 95 63 82 63
7 17 51 40 79 44
7 18 14 64 65 68
7 19 57 81 12 44
7 20 10 33 71 64
7 21 33 19 67 63
8 9 24 22 54 6
8 10 78 31 64 64
8 11 19 28 68 57
8 12 35 83 34 25
8 13 83 18 90 37
8 14 8 23 3 51
8 15 16 61 19 17
8 16 20 4 57 33
8 17 64 20 13 30
8 18 83 58 94 88
8 19 89 58 95 41
8 20 53 47 20 38
8 21 8 63 59 50
9 10 43 16 31 41
9 11 35 8 10 59
9 12 86 28 25 51
9 13 55 68 17 35
9 14 27 21 64 6
9 15 89 64 82 78
9 16 54 83 26 18
9 17 40 85 40 72
9 18 2 0 69 40
9 19 19 83 54 57
9 20 89 24 41 91
9 21 1 14 61 55
10 11 72 14 40 52
10 12 6 43 16 27
10 13 88 85 39 66
10 14 86 60 72 69
10 15 91 85 46 74
10 16 64 35 41 91
10 17 89 44 29 80
10 18 17 75 14 6
10 19 12 33 78 69
10 20 21 47 33 21
10 21 54 28 28 42
11 12 27 14 62 25
11 13 16 59 43 30
11 14 91 58 53 18
11 15 39 70 73 62
11 16 18 20 79 7
11 17 31 62 33 77
11 18 32 50 86 31
11 19 12 27 75 60
11 20 44 16 45 45
11 21 97 98 86 28
12 13 99 81 33 82
12 14 66 15 91 40
12 15 75 24 42 21
12 16 40 84 77 74
12 17 40 65 68 77
12 18 17 55 57 68
12 19 29 8 77 35
12 20 11 45 53 78
12 21 0 17 32 72
13 14 70 32 30 82
13 15 94 73 82 47
13 16 38 69 59 46
13 17 55 88 71 11
13 18 70 22 33 42
13 19 11 2 33 54
13 20 81 32 82 84
13 21 94 29 44 56
14 15 85 59 86 95
14 16 25 35 59 62
14 17 57 21 41 27
14 18 89 45 50 71
14 19 52 66 13 88
14 20 66 89 34 65
14 21 83 27 18 25
15 16 19 59 34 81
15 17 42 37 30 61
15 18 38 58 64 8
15 19 88 46 84 62
15 20 61 15 41 88
15 21 51 17 78 14
16 17 15 51 77 67
16 18 27 22 7 80
16 19 59 52 65 52
16 20 62 15 59 49
16 21 88 19 33 34
17 18 46 42 61 13
17 19 23 13 25 46
17 20 84 59 20 32
17 21 8 14 18 42
18 19 18 20 62 59
18 20 75 43 48 22
18 21 64 18 31 14
19 20 44 71 22 69
19 21 25 65 72 41
20 21 13 23 26 78
