25
0 1 50 78 43 45
0 2 88 31 59 23
0 3 69 37 23 55
0 4 60 31 47 58
0 5 85 70 94 47
0 6 11 28 50 53
0 7 26 40 9 20
0 8 64 26 46 90
0 9 29 49 53 25
0 10 13 12 23 32
0 11 70 33 39 90
0 12 25 23 59 39
0 13 52 46 58 88
0 14 38 28 51 17
0 15 57 51 69 60
0 16 80 49 70 94
0 17 70 49 42 52
0 18 47 49 49 34
0 19 8 35 43 78
0 20 47 42 84 36
0 21 21 32 81 38
0 22 19 51 82 65
0 23 97 22 75 30
0 24 42 74 11 41
1 2 78 76 49 18
1 3 8 44 9 79
1 4 76 74 49 23
1 5 53 71 78 16
1 6 62 54 58 35
1 7 30 59 23 73
1 8 35 21 41 81
1 9 27 18 85 15
1 10 69 78 68 83
1 11 50 44 27 58
1 12 13 77 65 67
1 13 69 34 60 84
1 14 15 21 14 36
1 15 8 77 42 57
1 16 59 75 68 43
1 17 97 26 34 33
1 18 78 39 22 24
1 19 53 88 87 42
1 20 93 34 42 68
1 21 81 38 29 37
1 22 28 50 47 45
1 23 87 26 34 55
1 24 47 59 67 12
2 3 85 50 86 75
2 4 40 85 68 78
2 5 56 81 49 17
2 6 60 16 86 32
2 7 30 62 43 79
2 8 80 67 50 19
2 9 64 26 20 27
2 10 85 76 67 78
2 11 11 41 62 19
2 12 56 34 61 74
2 13 39 29 41 37
2 14 98 95 37 47
2 15 82 90 45 70
2 16 76 17 41 27
2 17 61 41 13 49
2 18 13 55 24 3
2 19 0 51 26 70
2 20 60 57 38 24
2 21 68 37 34 41
2 22 45 64 37 20
2 23 72 82 74 32
2 24 82 69 52 88
3 4 43 69 10 31
3 5 44 78 87 68
3 6 23 36 16 72
3 7 19 54 81 61
3 8 5 30 64 16
3 9 53 52 41 15
3 10 19 29 71 27
3 11 40 44 59 23
3 12 23 47 84 13
3 13 55 67 81 48
3 14 99 97 55 35
3 15 80 56 67 87
3 16 57 67 34 47
3 17 40 83 12 50
3 18 65 48 90 86
3 19 2 21 49 41
3 20 51 83 47 14
3 21 48 89 29 15
3 22 39 11 13 76
3 23 77 77 36 80
3 24 69 80 49 65
4 5 17 36 26 21
4 6 91 74 51 43
4 7 1 37 58 16
4 8 91 49 63 25
4 9 23 40 41 47
4 10 48 24 69 21
4 11 65 56 24 71
4 12 15 40 58 70
4 13 50 29 70 56
4 14 58 60 66 32
4 15 86 64 68 49
4 16 98 33 53 68
4 17 52 86 56 81
4 18 67 16 15 66
4 19 34 14 9 76
4 20 21 6 70 58
4 21 80 78 69 70
4 22 49 55 12 66
4 23 89 87 67 75
4 24 18 51 75 19
5 6 45 11 51 25
5 7 38 9 83 49
5 8 82 38 72 95
5 9 65 69 41 43
5 10 10 75 59 74
5 11 49 66 62 79
5 12 20 75 18 74
5 13 5 69 48 62
5 14 49 18 67 56
5 15 89 19 87 68
5 16 4 41 49 52
5 17 85 55 37 81
5 18 67 59 78 84
5 19 6 78 41 55
5 20 73 79 54 53
5 21 20 57 62 82
5 22 94 36 19 90
5 23 60 75 42 77
5 24 24 83 71 75
6 7 68 21 28 91
6 8 10 5 17 69
6 9 59 70 16 86
6 10 12 62 81 28
6 11 64 47 63 44
6 12 90 51 34 55
6 13 18 14 74 4
6 14 64 18 86 47
6 15 79 35 91 86
6 16 14 3 69 40
6 17 24 49 12 36
6 18 57 59 38 91
6 19 14 37 33 27
6 20 11 35 76 54
6 21 52 35 28 58
6 22 34 31 31 41
6 23 71 48 52 22
6 24 27 53 54 71
7 8 7 3 9 56
7 9 34 24 52 71
7 10 54 20 57 55
7 11 21 7 48 79
7 12 32 67 8 46
7 13 74 69 78 23
7 14 74 70 71 33
7 15 59 25 43 39
7 16 33 39 40 43
7 17 10 39 3 79
7 18 55 79 40 27
7 19 68 48 42 57
7 20 50 33 52 69
7 21 22 67 25 37
7 22 42 53 67 59
7 23 73 20 47 26
7 24 46 17 54 17
8 9 19 31 40 14
8 10 53 87 74 88
8 11 7 50 73 32
8 12 99 97 26 76
8 13 97 50 88 83
8 14 79 42 19 67
8 15 51 59 56 65
8 16 97 34 84 76
8 17 45 83 40 24
8 18 93 50 58 61
8 19 92 44 61 59
8 20 24 61 68 52
8 21 20 68 78 40
8 22 7 69 48 11
8 23 18 11 52 65
8 24 29 68 78 76
9 10 39 10 23 36
9 11 47 64 26 26
9 12 76 67 38 52
9 13 64 28 55 33
9 14 86 47 65 91
9 15 81 50 87 22
9 16 36 30 71 50
9 17 2 35 46 15
9 18 21 48 48 30
9 19 30 54 57 62
9 20 5 31 21 62
9 21 7 66 31 72
9 22 41 33 65 19
9 23 52 52 64 88
9 24 62 66 32 48
10 11 96 33 85 65
10 12 90 94 78 20
10 13 94 85 36 71
10 14 91 68 34 49
10 15 8 55 23 45
10 16 11 52 53 28
10 17 79 44 48 64
10 18 76 76 81 46
10 19 25 63 68 60
10 20 4 60 39 48
10 21 31 24 59 80
10 22 51 53 69 12
10 23 13 50 73 71
10 24 34 51 38 24
11 12 25 15 54 72
11 13 56 30 15 37
11 14 37 60 24 83
11 15 33 71 69 43
11 16 79 81 27 80
11 17 96 71 28 83
11 18 65 14 28 31
11 19 19 26 6 52
11 20 52 39 44 35
11 21 86 17 20 71
11 22 69 93 76 69
11 23 18 7 42 79
11 24 97 63 66 26
12 13 32 54 23 45
12 14 49 65 25 71
12 15 15 80 65 14
12 16 60 77 29 55
12 17 73 18 71 64
12 18 98 70 29 86
12 19 36 55 33 81
12 20 91 81 64 62
12 21 73 47 51 75
12 22 48 18 67 87
12 23 19 19 13 47
12 24 9 79 80 20
13 14 13 17 15 29
13 15 74 20 52 27
13 16 48 24 66 40
13 17 16 30 45 54
13 18 3 8 61 41
13 19 18 29 48 37
13 20 17 77 21 57
13 21 97 35 92 76
13 22 87 85 19 60
13 23 46 44 56 26
13 24 30 75 23 40
14 15 11 22 10 32
14 16 61 26 59 36
14 17 12 61 73 32
14 18 94 91 28 88
14 19 31 81 37 25
14 20 0 70 58 44
14 21 63 32 76 38
14 22 37 71 72 70
14 23 37 59 52 42
14 24 33 72 47 8
15 16 47 46 25 14
15 17 21 54 39 8
15 18 75 36 65 22
15 19 38 85 67 45
15 20 50 49 84 46
15 21 47 88 57 60
15 22 33 39 32 55
15 23 60 50 66 80
15 24 86 87 33 70
16 17 45 66 28 73
16 18 72 90 26 60
16 19 3 55 46 65
16 20 52 37 50 80
16 21 60 48 22 91
16 22 26 69 23 43
16 23 22 36 32 79
16 24 44 69 66 62
17 18 43 45 81 52
17 19 56 54 74 83
17 20 11 7 12 18
17 21 2 21 13 23
17 22 9 73 72 64
17 23 58 78 80 12
17 24 29 14 70 75
18 19 34 33 62 13
18 20 5 52 66 68
18 21 41 58 86 42
18 22 65 58 56 38
18 23 69 49 42 37
18 24 67 64 56 18
19 20 73 32 33 60
19 21 47 61 33 46
19 22 48 67 86 40
19 23 21 18 32 19
19 24 38 67 50 58
20 21 59 68 27 60
20 22 99 47 40 33
20 23 40 83 61 27
20 24 64 48 16 47
21 22 98 43 38 33
21 23 13 7 16 18
21 24 13 53 32 36
22 23 60 25 46 63
22 24 5 24 42 66
23 24 57 39 57 85
