25
0 1 72 53 47 82
0 2 48 57 27 73
0 3 18 26 18 28
0 4 72 67 63 46
0 5 5 25 50 7
0 6 45 31 31 41
0 7 51 45 52 28
0 8 73 59 82 76
0 9 94 67 48 52
0 10 86 82 56 74
0 11 11 18 35 39
0 12 28 33 24 27
0 13 44 49 62 37
0 14 56 57 58 34
0 15 68 58 55 48
0 16 33 22 33 57
0 17 92 68 46 52
0 18 58 50 53 68
0 19 20 27 35 18
0 20 13 34 56 29
0 21 31 22 44 55
0 22 11 39 18 51
0 23 51 61 72 65
0 24 88 61 91 57
1 2 87 54 65 79
1 3 27 37 42 36
1 4 65 34 76 35
1 5 63 69 52 43
1 6 5 28 15 24
1 7 63 70 56 49
1 8 17 44 56 9
1 9 66 36 78 37
1 10 95 82 82 96
1 11 90 72 93 81
1 12 95 53 67 97
1 13 15 8 37 29
1 14 99 98 85 50
1 15 80 88 84 59
1 16 69 42 37 39
1 17 11 12 27 33
1 18 36 37 62 51
1 19 17 26 39 50
1 20 99 51 52 66
1 21 78 67 46 59
1 22 88 75 72 84
1 23 91 94 73 72
1 24 35 61 60 43
2 3 60 46 64 47
2 4 10 42 6 36
2 5 8 50 7 31
2 6 96 77 61 56
2 7 18 17 56 38
2 8 27 26 16 47
2 9 81 81 88 43
2 10 75 87 56 63
2 11 70 42 43 43
2 12 57 31 29 47
2 13 81 51 66 52
2 14 92 60 93 61
2 15 11 41 47 48
2 16 33 32 65 23
2 17 89 94 46 60
2 18 95 50 62 87
2 19 30 64 48 34
2 20 97 50 72 68
2 21 2 1 20 41
2 22 16 57 41 32
2 23 74 76 84 73
2 24 23 18 24 49
3 4 56 34 68 40
3 5 81 62 60 63
3 6 54 49 48 43
3 7 3 6 22 14
3 8 66 33 54 78
3 9 75 54 58 49
3 10 39 28 32 50
3 11 63 42 73 80
3 12 82 56 67 48
3 13 20 21 19 48
3 14 80 63 87 61
3 15 38 35 21 61
3 16 58 69 50 76
3 17 20 19 50 44
3 18 24 59 28 43
3 19 24 27 41 20
3 20 9 21 52 31
3 21 8 53 17 46
3 22 6 29 8 19
3 23 16 18 48 34
3 24 78 47 73 78
4 5 29 55 39 23
4 6 47 40 73 27
4 7 77 69 70 72
4 8 88 78 82 55
4 9 88 66 65 82
4 10 14 27 46 27
4 11 56 53 45 60
4 12 56 37 75 50
4 13 38 61 49 55
4 14 33 66 19 39
4 15 47 55 66 39
4 16 98 57 58 74
4 17 49 46 38 53
4 18 63 71 54 45
4 19 98 88 86 86
4 20 20 12 52 53
4 21 31 59 36 58
4 22 61 76 61 50
4 23 29 57 20 58
4 24 29 45 45 56
5 6 93 82 85 73
5 7 76 44 79 79
5 8 86 46 69 79
5 9 81 70 43 80
5 10 13 38 24 39
5 11 85 58 45 42
5 12 53 36 33 66
5 13 77 64 85 81
5 14 76 70 57 39
5 15 51 43 54 26
5 16 2 51 38 50
5 17 24 23 41 21
5 18 3 18 16 9
5 19 66 74 70 72
5 20 65 43 66 51
5 21 87 62 62 65
5 22 43 27 49 53
5 23 54 27 29 42
5 24 40 21 41 63
6 7 52 26 47 63
6 8 40 29 37 37
6 9 41 60 41 41
6 10 8 43 48 43
6 11 91 77 46 91
6 12 12 39 42 22
6 13 75 79 41 65
6 14 4 34 26 11
6 15 77 59 56 67
6 16 29 15 34 63
6 17 67 50 75 73
6 18 53 70 55 69
6 19 14 23 27 47
6 20 51 31 32 44
6 21 96 77 66 74
6 22 94 88 93 70
6 23 96 53 80 74
6 24 47 32 32 28
7 8 38 44 41 68
7 9 39 43 37 65
7 10 11 8 43 36
7 11 78 70 52 58
7 12 10 31 19 51
7 13 56 73 52 45
7 14 28 35 22 51
7 15 17 51 47 39
7 16 98 86 78 59
7 17 62 45 34 59
7 18 87 57 85 83
7 19 32 42 49 29
7 20 85 85 81 90
7 21 71 73 68 73
7 22 19 51 28 28
7 23 92 51 63 52
7 24 63 62 63 64
8 9 83 73 45 44
8 10 17 43 11 22
8 11 16 50 11 24
8 12 18 36 10 26
8 13 22 20 45 51
8 14 22 48 45 55
8 15 26 33 42 51
8 16 5 49 44 28
8 17 60 46 41 32
8 18 90 57 58 83
8 19 84 74 89 80
8 20 8 27 11 19
8 21 38 33 39 23
8 22 72 78 48 42
8 23 98 66 71 97
8 24 1 14 36 31
9 10 14 17 42 44
9 11 58 46 65 77
9 12 95 55 62 91
9 13 52 68 67 35
9 14 5 6 33 9
9 15 60 49 49 68
9 16 65 69 38 71
9 17 20 42 52 41
9 18 32 18 19 26
9 19 8 37 47 7
9 20 96 63 89 78
9 21 46 67 51 57
9 22 83 50 72 80
9 23 11 26 46 8
9 24 38 63 41 68
10 11 78 68 64 41
10 12 17 41 36 29
10 13 35 61 66 26
10 14 57 67 44 46
10 15 45 41 62 35
10 16 60 45 43 75
10 17 60 31 50 65
10 18 12 28 54 15
10 19 26 14 52 62
10 20 13 20 29 44
10 21 58 61 49 57
10 22 37 58 57 38
10 23 45 26 37 36
10 24 95 62 90 51
11 12 81 56 70 80
11 13 34 60 19 48
11 14 43 36 38 62
11 15 73 61 58 81
11 16 85 52 90 69
11 17 8 45 15 25
11 18 46 38 31 67
11 19 0 15 30 14
11 20 36 38 45 65
11 21 1 49 15 12
11 22 95 90 87 80
11 23 24 40 38 12
11 24 24 47 18 58
12 13 87 86 64 44
12 14 57 66 49 77
12 15 78 70 69 71
12 16 23 30 56 39
12 17 55 76 35 44
12 18 89 76 83 44
12 19 74 38 54 48
12 20 53 30 41 57
12 21 20 26 33 39
12 22 77 51 56 60
12 23 83 69 51 63
12 24 94 88 93 78
13 14 26 25 28 32
13 15 45 57 45 69
13 16 35 42 50 23
13 17 91 92 83 79
13 18 34 27 58 43
13 19 3 33 25 8
13 20 14 17 24 15
13 21 60 66 80 64
13 22 49 31 27 38
13 23 53 64 58 52
13 24 34 23 38 66
14 15 45 30 28 33
14 16 75 38 55 60
14 17 18 21 42 27
14 18 60 63 45 65
14 19 50 61 39 50
14 20 18 49 17 29
14 21 97 66 78 51
14 22 49 53 66 48
14 23 4 38 27 39
14 24 44 34 53 33
15 16 91 51 48 69
15 17 7 51 13 45
15 18 30 22 37 17
15 19 12 41 33 36
15 20 33 22 60 45
15 21 63 52 66 49
15 22 1 1 43 42
15 23 80 79 89 78
15 24 6 46 52 44
16 17 71 80 76 62
16 18 1 16 30 16
16 19 88 68 91 84
16 20 85 70 55 75
16 21 44 71 58 34
16 22 6 13 10 31
16 23 91 59 63 83
16 24 18 37 19 10
17 18 7 22 16 45
17 19 92 66 87 69
17 20 38 39 44 41
17 21 30 25 36 53
17 22 76 51 65 54
17 23 56 52 30 40
17 24 58 68 36 61
18 19 74 52 49 75
18 20 68 57 75 66
18 21 73 45 67 81
18 22 17 26 56 52
18 23 65 58 58 68
18 24 55 77 55 35
19 20 75 38 40 82
19 21 13 46 25 33
19 22 17 53 42 38
19 23 39 61 60 39
19 24 75 84 70 62
20 21 19 14 13 18
20 22 6 10 52 26
20 23 33 34 57 24
20 24 28 60 31 52
21 22 59 41 52 57
21 23 90 89 46 65
21 24 94 79 81 47
22 23 1 42 23 34
22 24 38 66 23 25
23 24 94 94 85 92
