33
0 1 89 76 77 83
0 2 38 39 44 43
0 3 0 11 8 9
0 4 80 81 74 72
0 5 89 90 80 78
0 6 15 15 24 17
0 7 13 19 20 14
0 8 12 12 18 19
0 9 25 24 29 22
0 10 44 49 48 46
0 11 94 93 92 86
0 12 69 72 67 71
0 13 29 25 35 27
0 14 31 38 37 31
0 15 89 86 90 90
0 16 48 47 55 56
0 17 13 24 13 26
0 18 7 8 17 12
0 19 88 79 85 87
0 20 27 34 23 37
0 21 87 88 84 78
0 22 19 21 28 19
0 23 5 5 12 6
0 24 43 42 47 41
0 25 37 36 41 37
0 26 77 78 70 74
0 27 2 16 4 9
0 28 76 66 74 65
0 29 69 69 62 64
0 30 89 87 84 87
0 31 53 46 57 57
0 32 27 35 27 29
1 2 76 73 75 76
1 3 93 80 83 82
1 4 55 53 54 49
1 5 65 65 61 70
1 6 72 67 63 76
1 7 14 23 18 26
1 8 52 49 48 50
1 9 50 44 48 49
1 10 48 48 51 53
1 11 10 11 19 14
1 12 53 54 54 53
1 13 75 74 76 68
1 14 79 78 72 78
1 15 63 60 64 69
1 16 78 71 78 76
1 17 87 86 80 88
1 18 72 66 67 75
1 19 48 50 49 41
1 20 56 48 52 60
1 21 96 89 83 92
1 22 94 90 85 86
1 23 50 43 57 51
1 24 10 9 17 16
1 25 46 51 51 44
1 26 41 37 38 42
1 27 92 87 83 89
1 28 26 34 31 30
1 29 27 30 33 29
1 30 94 90 82 93
1 31 30 27 34 38
1 32 43 45 49 43
2 3 86 81 84 74
2 4 74 70 73 70
2 5 6 7 6 8
2 6 98 88 96 91
2 7 37 38 40 42
2 8 54 51 50 60
2 9 83 77 80 76
2 10 27 37 24 36
2 11 56 61 58 56
2 12 57 60 49 59
2 13 31 37 27 34
2 14 28 34 27 37
2 15 33 40 30 30
2 16 30 32 28 40
2 17 48 51 53 56
2 18 46 39 49 49
2 19 81 77 83 77
2 20 65 56 61 57
2 21 84 73 86 78
2 22 54 54 54 59
2 23 47 48 54 44
2 24 73 66 75 72
2 25 99 90 85 90
2 26 85 77 78 83
2 27 40 40 48 42
2 28 80 71 78 82
2 29 8 16 21 21
2 30 74 71 76 63
2 31 0 10 10 9
2 32 24 31 30 32
3 4 60 62 53 64
3 5 51 46 57 44
3 6 53 46 53 45
3 7 40 39 46 46
3 8 96 91 82 91
3 9 49 49 56 51
3 10 66 65 69 69
3 11 78 69 74 80
3 12 74 74 68 68
3 13 6 9 15 9
3 14 11 23 22 24
3 15 47 52 46 50
3 16 24 30 34 23
3 17 5 19 13 7
3 18 44 47 43 42
3 19 0 5 0 2
3 20 16 20 16 18
3 21 51 52 45 46
3 22 10 19 20 17
3 23 82 74 71 75
3 24 80 75 74 72
3 25 90 90 77 77
3 26 80 81 72 79
3 27 8 19 18 9
3 28 27 31 35 31
3 29 76 69 65 71
3 30 86 80 80 76
3 31 61 59 55 55
3 32 7 16 17 10
4 5 94 84 93 85
4 6 65 59 65 61
4 7 38 45 38 45
4 8 86 78 81 82
4 9 47 42 43 46
4 10 21 21 23 22
4 11 57 60 48 63
4 12 23 32 22 27
4 13 76 70 67 67
4 14 21 19 28 28
4 15 69 61 73 68
4 16 91 83 92 87
4 17 59 55 54 53
4 18 19 26 31 30
4 19 33 37 30 34
4 20 65 59 57 57
4 21 72 61 66 63
4 22 82 79 81 80
4 23 42 45 36 37
4 24 68 66 68 58
4 25 21 20 31 27
4 26 16 14 16 21
4 27 14 22 17 17
4 28 29 33 29 34
4 29 80 77 75 69
4 30 96 87 91 88
4 31 89 82 83 87
4 32 40 35 38 36
5 6 84 71 80 74
5 7 27 35 34 27
5 8 72 72 71 73
5 9 40 40 45 38
5 10 90 85 80 81
5 11 66 64 67 65
5 12 90 88 88 82
5 13 87 74 87 80
5 14 26 25 25 37
5 15 9 13 13 10
5 16 75 78 76 69
5 17 23 31 27 30
5 18 84 75 72 77
5 19 43 43 38 46
5 20 14 19 19 23
5 21 76 78 77 71
5 22 78 70 71 68
5 23 24 27 21 26
5 24 72 73 74 75
5 25 77 70 78 69
5 26 46 51 49 40
5 27 74 75 69 65
5 28 8 21 10 9
5 29 30 37 36 29
5 30 7 12 9 7
5 31 93 92 86 92
5 32 24 26 34 29
6 7 35 44 42 32
6 8 89 80 83 87
6 9 62 58 63 62
6 10 38 47 41 33
6 11 88 83 81 75
6 12 66 68 61 67
6 13 39 41 34 45
6 14 23 21 23 29
6 15 65 65 67 57
6 16 64 67 66 56
6 17 86 77 73 78
6 18 87 88 81 76
6 19 60 51 54 52
6 20 8 19 8 14
6 21 40 49 34 38
6 22 93 80 90 79
6 23 60 63 66 55
6 24 50 48 53 52
6 25 33 33 30 35
6 26 71 63 70 64
6 27 88 85 79 77
6 28 46 48 42 42
6 29 0 1 4 7
6 30 14 18 18 23
6 31 50 57 50 56
6 32 60 54 58 58
7 8 54 49 57 47
7 9 90 91 82 77
7 10 42 40 48 41
7 11 81 75 69 73
7 12 0 3 13 6
7 13 22 26 24 27
7 14 59 57 52 50
7 15 50 52 54 44
7 16 48 50 54 48
7 17 53 51 49 46
7 18 75 71 70 69
7 19 94 90 91 93
7 20 87 86 84 88
7 21 9 9 18 13
7 22 80 77 77 82
7 23 44 42 45 51
7 24 42 48 45 48
7 25 52 56 49 54
7 26 77 68 77 74
7 27 80 75 71 81
7 28 73 73 68 66
7 29 34 35 38 33
7 30 59 63 60 64
7 31 95 87 92 88
7 32 29 27 35 33
8 9 53 48 48 58
8 10 71 70 64 73
8 11 85 84 85 84
8 12 34 32 39 32
8 13 69 73 71 67
8 14 18 16 18 24
8 15 14 26 23 25
8 16 30 35 40 30
8 17 28 24 27 29
8 18 22 24 22 29
8 19 26 33 33 26
8 20 98 89 91 83
8 21 6 11 7 10
8 22 30 37 31 40
8 23 82 79 74 80
8 24 79 68 74 75
8 25 15 27 22 16
8 26 95 94 91 94
8 27 60 64 56 55
8 28 68 65 73 67
8 29 6 10 8 16
8 30 91 77 92 84
8 31 27 38 27 28
8 32 86 75 84 81
9 10 44 47 50 50
9 11 44 43 48 43
9 12 43 47 42 49
9 13 82 84 82 79
9 14 4 9 14 11
9 15 9 9 16 8
9 16 73 70 69 76
9 17 34 40 41 43
9 18 23 28 21 21
9 19 11 23 19 23
9 20 49 44 45 52
9 21 52 54 59 51
9 22 57 49 53 56
9 23 14 13 23 16
9 24 71 66 72 71
9 25 5 6 18 15
9 26 70 64 68 67
9 27 45 44 52 52
9 28 27 33 24 32
9 29 47 52 41 47
9 30 75 67 68 66
9 31 54 60 60 49
9 32 68 69 71 58
10 11 69 65 71 61
10 12 70 73 73 60
10 13 23 32 20 33
10 14 76 69 77 69
10 15 43 47 44 46
10 16 74 70 67 64
10 17 21 31 30 23
10 18 61 59 64 65
10 19 20 22 31 18
10 20 94 88 89 88
10 21 74 71 72 67
10 22 87 77 78 75
10 23 0 12 9 1
10 24 22 22 22 20
10 25 87 74 76 85
10 26 84 86 76 81
10 27 77 74 71 66
10 28 55 48 53 61
10 29 77 67 79 71
10 30 51 44 57 51
10 31 14 22 24 14
10 32 87 76 88 79
11 12 7 12 6 10
11 13 82 83 82 82
11 14 44 51 51 49
11 15 40 43 36 36
11 16 50 57 48 53
11 17 25 22 22 26
11 18 47 47 43 51
11 19 44 45 41 46
11 20 10 10 12 17
11 21 74 75 64 70
11 22 67 68 68 64
11 23 15 24 16 23
11 24 97 86 97 85
11 25 42 37 50 42
11 26 75 73 73 76
11 27 78 69 80 78
11 28 39 33 46 37
11 29 63 62 62 63
11 30 97 87 85 91
11 31 90 89 90 79
11 32 68 64 61 68
12 13 14 13 15 26
12 14 69 66 70 63
12 15 22 22 22 32
12 16 40 38 44 43
12 17 75 76 74 76
12 18 6 16 8 9
12 19 22 33 29 22
12 20 95 91 91 91
12 21 62 65 61 58
12 22 59 51 56 55
12 23 89 89 86 79
12 24 64 61 67 55
12 25 99 88 85 84
12 26 99 90 84 94
12 27 27 26 38 28
12 28 22 20 27 23
12 29 80 78 75 72
12 30 83 81 77 81
12 31 13 23 23 14
12 32 61 53 52 54
13 14 11 18 13 11
13 15 44 46 42 46
13 16 48 44 49 48
13 17 84 74 75 81
13 18 38 40 41 37
13 19 54 54 55 55
13 20 66 61 71 70
13 21 12 11 12 20
13 22 13 13 20 19
13 23 29 29 26 26
13 24 14 19 24 27
13 25 54 59 57 48
13 26 27 31 24 38
13 27 3 3 6 9
13 28 34 44 31 34
13 29 31 32 27 30
13 30 49 50 53 48
13 31 32 36 31 30
13 32 3 16 7 3
14 15 19 25 20 26
14 16 37 32 39 34
14 17 50 43 51 48
14 18 71 75 64 69
14 19 2 9 12 14
14 20 84 79 80 80
14 21 14 14 18 23
14 22 44 40 40 38
14 23 24 28 22 32
14 24 19 25 30 25
14 25 3 12 12 3
14 26 54 51 56 52
14 27 0 8 13 11
14 28 52 51 55 57
14 29 34 37 43 32
14 30 15 23 18 15
14 31 59 64 57 51
14 32 89 86 84 84
15 16 67 71 65 67
15 17 4 3 17 17
15 18 8 10 10 17
15 19 78 75 76 74
15 20 61 61 63 61
15 21 76 78 74 72
15 22 9 22 8 21
15 23 59 56 56 57
15 24 63 62 55 65
15 25 33 42 39 42
15 26 68 72 64 72
15 27 7 7 12 14
15 28 44 46 46 48
15 29 86 74 80 83
15 30 41 44 45 36
15 31 49 55 47 51
15 32 45 48 53 38
16 17 0 10 6 8
16 18 18 20 23 28
16 19 43 40 50 48
16 20 95 94 83 86
16 21 57 58 63 52
16 22 14 16 25 13
16 23 70 62 69 66
16 24 91 81 80 83
16 25 28 36 36 28
16 26 64 68 64 61
16 27 94 88 93 93
16 28 96 82 86 83
16 29 3 10 10 9
16 30 71 72 68 69
16 31 36 36 37 45
16 32 87 87 88 76
17 18 26 26 35 25
17 19 84 84 73 85
17 20 72 69 63 72
17 21 91 87 89 80
17 22 50 53 44 50
17 23 61 65 56 60
17 24 11 23 23 23
17 25 59 55 50 60
17 26 65 56 58 69
17 27 40 34 44 45
17 28 84 83 78 85
17 29 91 91 80 85
17 30 69 64 61 70
17 31 19 27 19 28
17 32 99 93 90 86
18 19 41 37 45 36
18 20 8 21 16 15
18 21 79 79 81 79
18 22 49 48 54 52
18 23 93 85 93 92
18 24 24 24 24 28
18 25 67 66 72 61
18 26 82 77 74 71
18 27 6 11 15 10
18 28 26 29 28 35
18 29 65 55 59 56
18 30 35 35 30 33
18 31 41 44 42 46
18 32 45 39 52 47
19 20 98 91 93 84
19 21 70 61 65 65
19 22 17 27 15 21
19 23 91 80 86 85
19 24 9 17 20 21
19 25 84 74 75 75
19 26 68 72 59 62
19 27 69 70 65 73
19 28 34 36 32 40
19 29 18 24 22 27
19 30 48 47 42 48
19 31 77 76 74 72
19 32 26 29 33 30
20 21 5 16 12 10
20 22 9 8 13 9
20 23 17 28 27 25
20 24 83 74 76 73
20 25 75 65 64 71
20 26 8 17 22 9
20 27 21 29 27 23
20 28 90 79 78 78
20 29 14 15 17 14
20 30 31 40 28 30
20 31 81 79 73 73
20 32 66 69 69 66
21 22 58 56 53 61
21 23 76 70 67 69
21 24 50 50 53 47
21 25 80 81 72 75
21 26 16 18 26 17
21 27 14 19 21 27
21 28 90 88 90 79
21 29 11 17 15 14
21 30 64 59 59 58
21 31 1 8 4 8
21 32 74 70 69 71
22 23 90 90 84 77
22 24 29 29 32 37
22 25 33 37 41 39
22 26 32 30 34 40
22 27 29 38 34 34
22 28 39 39 41 45
22 29 15 18 15 27
22 30 60 61 62 58
22 31 61 65 65 58
22 32 9 13 11 17
23 24 67 58 66 67
23 25 5 13 18 16
23 26 32 39 42 41
23 27 77 80 66 70
23 28 45 49 51 38
23 29 8 12 17 9
23 30 12 15 15 15
23 31 36 36 39 38
23 32 6 15 10 17
24 25 12 13 23 21
24 26 2 8 11 4
24 27 66 64 71 65
24 28 4 9 18 6
24 29 28 29 36 26
24 30 41 35 43 47
24 31 37 40 36 38
24 32 21 27 32 28
25 26 91 77 81 89
25 27 14 18 26 20
25 28 90 80 83 82
25 29 46 49 50 39
25 30 41 40 42 38
25 31 53 52 49 55
25 32 39 39 41 36
26 27 14 26 24 21
26 28 13 20 18 26
26 29 15 23 22 23
26 30 80 71 72 72
26 31 50 51 53 48
26 32 7 9 11 7
27 28 35 32 37 39
27 29 24 33 24 26
27 30 1 14 1 9
27 31 27 27 32 26
27 32 46 49 39 44
28 29 99 87 96 89
28 30 13 22 15 13
28 31 30 27 34 40
28 32 21 22 33 22
29 30 94 94 81 89
29 31 44 42 51 40
29 32 23 30 31 26
30 31 60 58 64 62
30 32 68 65 64 69
31 32 96 95 94 97
