33
0 1 95 52 78 83
0 2 70 46 72 42
0 3 54 58 21 65
0 4 58 43 82 44
0 5 53 87 71 75
0 6 2 50 70 67
0 7 21 6 11 51
0 8 54 72 64 89
0 9 10 35 69 47
0 10 22 74 35 83
0 11 96 84 72 22
0 12 14 38 5 76
0 13 27 77 66 46
0 14 21 50 34 17
0 15 46 23 35 74
0 16 67 31 77 32
0 17 52 36 23 43
0 18 20 52 52 9
0 19 44 27 56 34
0 20 54 12 64 52
0 21 93 35 78 47
0 22 16 61 33 11
0 23 43 23 60 17
0 24 49 44 82 39
0 25 16 31 10 66
0 26 30 12 82 79
0 27 16 18 3 62
0 28 29 34 14 78
0 29 62 49 59 88
0 30 98 41 63 29
0 31 0 15 16 9
0 32 57 41 88 25
1 2 71 73 73 49
1 3 64 51 45 89
1 4 27 72 28 63
1 5 0 31 40 22
1 6 93 62 22 19
1 7 38 52 48 73
1 8 22 21 27 75
1 9 85 65 54 74
1 10 8 7 75 68
1 11 74 28 79 48
1 12 65 20 74 67
1 13 97 65 67 86
1 14 27 41 71 30
1 15 47 47 31 63
1 16 6 20 56 17
1 17 92 19 44 87
1 18 56 67 41 59
1 19 87 34 73 34
1 20 83 19 25 31
1 21 17 52 24 3
1 22 82 27 25 47
1 23 0 22 36 31
1 24 47 81 11 58
1 25 74 21 18 55
1 26 37 47 69 71
1 27 32 79 64 38
1 28 52 33 86 37
1 29 85 78 60 36
1 30 0 18 11 16
1 31 27 38 50 83
1 32 56 45 30 47
2 3 41 65 18 83
2 4 84 40 24 47
2 5 53 84 81 33
2 6 87 43 68 36
2 7 79 80 20 74
2 8 63 66 37 65
2 9 19 21 36 65
2 10 93 19 41 48
2 11 70 85 17 82
2 12 80 63 37 19
2 13 85 47 17 88
2 14 15 56 18 79
2 15 4 34 60 50
2 16 41 86 16 21
2 17 28 68 7 52
2 18 91 20 91 64
2 19 45 51 58 59
2 20 73 74 34 69
2 21 30 44 37 17
2 22 15 79 46 48
2 23 92 46 28 23
2 24 98 54 30 94
2 25 23 54 19 49
2 26 84 22 71 60
2 27 44 58 18 19
2 28 50 74 69 41
2 29 21 41 25 83
2 30 9 46 62 80
2 31 87 59 71 30
2 32 10 58 14 45
3 4 18 31 36 10
3 5 65 20 64 80
3 6 80 81 30 16
3 7 98 32 29 87
3 8 45 80 11 47
3 9 12 77 48 21
3 10 42 57 70 85
3 11 18 7 63 33
3 12 24 6 78 58
3 13 76 40 67 82
3 14 44 57 72 53
3 15 14 43 9 63
3 16 31 77 54 35
3 17 4 16 26 69
3 18 65 37 44 14
3 19 80 59 44 67
3 20 11 10 19 2
3 21 77 66 23 80
3 22 16 56 49 80
3 23 35 11 34 42
3 24 60 36 56 58
3 25 67 48 55 42
3 26 86 21 50 23
3 27 31 15 35 79
3 28 59 13 80 88
3 29 83 59 67 17
3 30 32 56 81 55
3 31 4 38 26 42
3 32 62 87 47 69
4 5 84 70 84 49
4 6 96 65 68 39
4 7 9 69 80 21
4 8 31 25 43 52
4 9 17 67 58 71
4 10 5 76 2 28
4 11 17 75 44 60
4 12 98 22 93 69
4 13 89 41 55 61
4 14 42 80 37 28
4 15 23 77 52 17
4 16 22 40 28 23
4 17 23 14 57 36
4 18 38 35 51 36
4 19 36 79 27 47
4 20 69 26 70 59
4 21 81 29 68 63
4 22 64 37 22 19
4 23 86 62 36 90
4 24 2 74 72 14
4 25 21 12 37 41
4 26 49 39 30 56
4 27 25 45 48 31
4 28 61 45 75 37
4 29 37 48 12 23
4 30 6 68 35 13
4 31 64 87 16 53
4 32 99 45 60 70
5 6 60 77 48 29
5 7 98 66 30 83
5 8 87 69 42 74
5 9 28 63 44 81
5 10 5 46 76 66
5 11 98 67 24 59
5 12 59 76 52 91
5 13 40 31 52 86
5 14 14 76 82 8
5 15 87 37 64 90
5 16 4 74 29 45
5 17 31 50 29 62
5 18 52 64 50 15
5 19 99 88 98 88
5 20 13 64 3 75
5 21 26 82 39 56
5 22 55 23 13 21
5 23 94 83 41 26
5 24 39 26 66 76
5 25 44 70 39 59
5 26 38 25 43 47
5 27 3 10 19 77
5 28 96 30 49 94
5 29 71 30 84 19
5 30 99 54 53 47
5 31 26 32 55 34
5 32 77 48 60 51
6 7 37 86 29 37
6 8 21 48 58 67
6 9 51 13 13 47
6 10 16 57 72 70
6 11 86 88 79 70
6 12 2 16 38 58
6 13 41 46 85 19
6 14 85 88 37 18
6 15 22 18 48 57
6 16 67 79 74 16
6 17 58 36 14 14
6 18 85 82 78 86
6 19 2 12 30 53
6 20 35 73 9 17
6 21 46 75 29 51
6 22 42 9 15 88
6 23 37 76 23 73
6 24 83 96 77 65
6 25 47 87 29 9
6 26 99 58 55 32
6 27 93 31 83 86
6 28 21 58 21 53
6 29 10 60 5 62
6 30 39 68 22 80
6 31 74 34 49 15
6 32 76 82 71 53
7 8 97 48 45 85
7 9 26 51 40 47
7 10 75 89 85 62
7 11 90 64 62 84
7 12 50 22 60 72
7 13 59 59 18 72
7 14 94 81 48 50
7 15 1 55 27 16
7 16 42 37 58 65
7 17 48 10 23 87
7 18 48 31 72 44
7 19 82 42 46 25
7 20 56 36 26 88
7 21 86 43 34 74
7 22 22 59 44 50
7 23 57 62 38 41
7 24 58 52 27 57
7 25 22 41 18 27
7 26 20 9 35 49
7 27 23 33 82 36
7 28 27 63 66 45
7 29 11 36 76 58
7 30 50 84 65 56
7 31 61 63 51 26
7 32 94 93 70 55
8 9 79 59 80 65
8 10 48 23 54 78
8 11 52 84 56 89
8 12 16 17 10 30
8 13 9 58 65 9
8 14 21 46 52 16
8 15 34 30 63 47
8 16 58 12 47 85
8 17 92 51 20 95
8 18 54 21 83 32
8 19 2 46 68 50
8 20 12 32 51 24
8 21 32 34 86 57
8 22 93 66 53 49
8 23 95 86 65 44
8 24 86 33 49 29
8 25 42 53 10 88
8 26 93 48 97 44
8 27 10 65 40 43
8 28 20 28 23 41
8 29 71 83 90 18
8 30 84 21 65 82
8 31 19 43 6 57
8 32 98 75 99 49
9 10 50 62 72 36
9 11 47 58 39 53
9 12 48 79 83 10
9 13 78 42 46 94
9 14 21 35 35 7
9 15 79 67 33 32
9 16 82 29 21 17
9 17 70 15 33 64
9 18 71 62 72 28
9 19 67 76 29 23
9 20 16 56 3 55
9 21 85 45 80 58
9 22 9 30 22 71
9 23 93 42 21 62
9 24 54 17 42 78
9 25 19 83 19 19
9 26 19 18 43 39
9 27 50 15 35 52
9 28 30 51 49 23
9 29 28 35 58 24
9 30 91 63 59 41
9 31 5 20 45 81
9 32 48 51 83 24
10 11 93 66 47 86
10 12 59 61 42 26
10 13 27 44 12 9
10 14 94 23 80 50
10 15 39 82 59 69
10 16 57 41 42 78
10 17 45 61 88 51
10 18 80 17 24 48
10 19 33 62 84 44
10 20 23 21 77 5
10 21 4 14 34 31
10 22 13 31 35 70
10 23 96 94 22 60
10 24 87 54 22 93
10 25 71 18 22 44
10 26 96 78 91 57
10 27 98 29 65 49
10 28 7 52 21 39
10 29 37 9 67 81
10 30 31 41 9 61
10 31 72 37 39 80
10 32 52 86 79 71
11 12 22 21 65 16
11 13 4 62 72 66
11 14 71 54 77 60
11 15 97 26 42 55
11 16 15 18 60 3
11 17 96 32 53 44
11 18 94 19 54 63
11 19 69 64 55 60
11 20 46 39 21 49
11 21 13 3 76 38
11 22 99 78 89 84
11 23 85 86 93 66
11 24 95 74 93 60
11 25 57 53 26 84
11 26 46 11 71 65
11 27 31 46 32 75
11 28 25 83 13 19
11 29 66 26 32 14
11 30 13 73 60 44
11 31 99 41 59 79
11 32 36 56 9 80
12 13 74 36 33 28
12 14 4 65 64 71
12 15 3 7 31 54
12 16 25 78 5 55
12 17 92 61 27 61
12 18 29 16 67 66
12 19 13 31 75 34
12 20 6 19 34 79
12 21 15 35 15 72
12 22 45 81 28 52
12 23 5 17 64 55
12 24 41 70 65 80
12 25 60 22 14 85
12 26 63 76 54 19
12 27 55 14 19 19
12 28 38 54 64 58
12 29 84 53 70 65
12 30 28 48 6 45
12 31 1 73 1 47
12 32 78 94 29 17
13 14 5 50 12 55
13 15 5 64 5 30
13 16 85 46 70 75
13 17 31 71 49 36
13 18 71 45 79 81
13 19 34 48 12 17
13 20 73 14 33 35
13 21 87 20 50 46
13 22 25 23 81 75
13 23 54 33 14 39
13 24 77 56 69 59
13 25 89 34 32 96
13 26 81 65 64 54
13 27 11 10 70 64
13 28 62 18 85 15
13 29 18 42 35 77
13 30 83 24 50 27
13 31 34 77 33 41
13 32 4 68 62 38
14 15 37 86 34 72
14 16 51 30 78 50
14 17 85 27 49 30
14 18 52 82 86 40
14 19 45 61 31 64
14 20 77 54 91 81
14 21 62 78 45 79
14 22 36 32 8 28
14 23 87 85 85 50
14 24 14 20 19 34
14 25 51 15 86 25
14 26 9 29 72 27
14 27 73 87 35 92
14 28 18 39 76 53
14 29 42 29 61 45
14 30 24 72 74 12
14 31 50 43 30 84
14 32 96 91 60 40
15 16 84 27 89 65
15 17 15 31 26 13
15 18 15 64 17 6
15 19 12 11 35 32
15 20 18 72 41 31
15 21 88 79 67 40
15 22 65 60 84 34
15 23 42 63 44 73
15 24 27 10 53 65
15 25 27 12 16 53
15 26 96 33 98 76
15 27 77 19 95 85
15 28 9 56 47 75
15 29 34 60 82 15
15 30 62 91 81 44
15 31 70 79 53 81
15 32 0 56 31 21
16 17 33 34 81 58
16 18 76 58 40 93
16 19 8 48 47 30
16 20 17 5 39 54
16 21 31 15 54 33
16 22 7 66 18 32
16 23 95 51 40 25
16 24 61 56 33 91
16 25 59 62 27 74
16 26 80 91 89 84
16 27 41 11 87 64
16 28 45 39 23 14
16 29 11 8 75 17
16 30 42 41 56 52
16 31 2 72 7 8
16 32 82 47 68 70
17 18 94 50 51 90
17 19 0 24 29 13
17 20 46 79 60 86
17 21 9 11 47 49
17 22 44 70 40 30
17 23 38 57 87 14
17 24 26 26 9 54
17 25 15 49 40 36
17 26 21 29 32 41
17 27 49 70 70 39
17 28 51 46 75 29
17 29 51 20 73 13
17 30 65 56 24 32
17 31 0 63 43 24
17 32 59 25 41 87
18 19 88 41 53 55
18 20 69 93 89 45
18 21 59 81 14 47
18 22 0 60 28 11
18 23 54 27 40 17
18 24 37 83 39 31
18 25 7 66 20 30
18 26 46 64 45 51
18 27 37 16 47 33
18 28 25 52 65 17
18 29 70 50 15 35
18 30 49 79 78 32
18 31 80 75 51 52
18 32 10 60 82 42
19 20 50 77 79 90
19 21 69 35 31 59
19 22 28 68 31 34
19 23 47 64 87 87
19 24 94 20 68 85
19 25 96 85 96 92
19 26 50 89 76 85
19 27 1 33 76 37
19 28 85 57 22 47
19 29 9 78 40 70
19 30 98 81 60 70
19 31 66 59 27 46
19 32 57 41 41 60
20 21 10 22 75 31
20 22 88 19 84 43
20 23 67 28 49 52
20 24 75 63 94 25
20 25 22 5 6 23
20 26 77 86 88 77
20 27 47 85 38 69
20 28 37 26 29 29
20 29 44 56 13 48
20 30 83 77 37 45
20 31 30 78 57 9
20 32 57 34 75 48
21 22 4 62 75 34
21 23 75 61 32 63
21 24 4 21 38 45
21 25 34 45 35 11
21 26 86 95 54 41
21 27 92 35 52 69
21 28 69 72 36 57
21 29 47 57 38 19
21 30 56 76 48 37
21 31 14 72 54 12
21 32 43 48 30 14
22 23 88 95 29 64
22 24 98 22 57 98
22 25 13 30 34 28
22 26 48 53 65 47
22 27 84 20 55 53
22 28 74 65 40 66
22 29 40 58 82 80
22 30 4 34 2 22
22 31 34 26 86 10
22 32 2 40 50 60
23 24 59 82 44 30
23 25 3 26 32 65
23 26 16 40 35 15
23 27 17 67 33 5
23 28 48 31 36 46
23 29 51 74 84 75
23 30 5 50 53 12
23 31 50 66 15 84
23 32 11 9 20 69
24 25 86 27 87 20
24 26 60 30 18 17
24 27 15 19 82 56
24 28 84 65 28 78
24 29 22 35 11 63
24 30 57 36 77 85
24 31 48 21 17 61
24 32 77 80 70 32
25 26 7 36 48 25
25 27 99 94 34 90
25 28 28 69 9 29
25 29 69 25 92 49
25 30 34 74 48 17
25 31 21 39 25 13
25 32 11 20 25 35
26 27 32 70 50 26
26 28 6 65 74 8
26 29 86 79 47 69
26 30 73 51 19 64
26 31 31 29 37 19
26 32 33 53 85 14
27 28 80 80 61 86
27 29 39 50 28 87
27 30 36 56 68 60
27 31 76 94 15 74
27 32 97 48 21 41
28 29 8 32 6 17
28 30 35 23 39 63
28 31 71 25 60 76
28 32 15 45 73 6
29 30 71 69 42 65
29 31 18 7 55 33
29 32 47 76 80 76
30 31 93 67 20 49
30 32 72 59 20 44
31 32 15 64 81 7
