35
0 1 4 16 4 5
0 2 15 24 15 22
0 3 45 49 51 46
0 4 12 21 22 19
0 5 95 84 94 86
0 6 61 60 61 66
0 7 75 72 76 77
0 8 23 33 30 30
0 9 99 96 95 85
0 10 22 28 29 22
0 11 56 52 63 59
0 12 53 55 49 51
0 13 85 84 75 74
0 14 12 23 24 19
0 15 27 24 28 31
0 16 20 30 31 28
0 17 30 37 28 33
0 18 32 28 28 41
0 19 72 69 62 75
0 20 18 22 16 23
0 21 70 62 74 68
0 22 59 59 51 60
0 23 71 69 69 71
0 24 13 21 19 24
0 25 85 86 86 84
0 26 71 74 67 70
0 27 97 94 85 89
0 28 75 67 78 70
0 29 99 84 92 88
0 30 87 74 88 88
0 31 92 85 90 90
0 32 17 17 25 28
0 33 39 40 42 39
0 34 32 40 41 29
1 2 65 68 63 66
1 3 64 62 62 67
1 4 54 57 54 55
1 5 31 30 35 40
1 6 4 6 13 9
1 7 21 20 19 30
1 8 89 80 79 86
1 9 67 69 65 59
1 10 38 36 37 40
1 11 46 43 41 42
1 12 51 53 55 58
1 13 7 15 15 8
1 14 41 39 38 44
1 15 87 84 85 81
1 16 19 19 30 24
1 17 38 47 40 41
1 18 27 38 33 34
1 19 89 88 82 82
1 20 61 58 53 55
1 21 62 55 54 57
1 22 81 81 69 82
1 23 26 27 30 22
1 24 21 25 19 30
1 25 61 58 60 57
1 26 95 93 86 94
1 27 23 32 20 22
1 28 1 4 2 9
1 29 78 78 77 78
1 30 63 54 61 63
1 31 31 36 34 34
1 32 96 83 84 90
1 33 52 54 56 46
1 34 0 10 4 6
2 3 46 43 53 44
2 4 84 82 81 85
2 5 94 95 86 82
2 6 72 65 69 66
2 7 42 48 49 38
2 8 66 64 59 66
2 9 88 83 76 80
2 10 3 10 6 7
2 11 58 63 54 63
2 12 21 21 29 28
2 13 12 12 21 24
2 14 34 36 38 36
2 15 80 70 74 78
2 16 47 49 42 52
2 17 22 34 23 24
2 18 96 88 87 84
2 19 52 46 54 57
2 20 38 41 41 36
2 21 70 66 72 65
2 22 18 18 23 26
2 23 41 44 37 40
2 24 98 98 95 89
2 25 64 67 67 59
2 26 46 42 41 52
2 27 76 70 74 71
2 28 91 88 77 87
2 29 57 52 63 60
2 30 72 63 68 63
2 31 80 71 71 82
2 32 86 74 75 85
2 33 74 78 69 75
2 34 18 23 30 22
3 4 13 26 26 15
3 5 58 59 51 58
3 6 50 56 51 45
3 7 37 38 40 43
3 8 6 8 9 11
3 9 42 48 39 39
3 10 22 31 22 19
3 11 80 79 81 81
3 12 82 75 77 76
3 13 51 52 48 58
3 14 77 70 73 79
3 15 65 58 63 58
3 16 79 72 69 78
3 17 81 72 72 79
3 18 88 84 77 87
3 19 71 71 65 74
3 20 38 36 42 34
3 21 7 16 19 15
3 22 33 39 31 29
3 23 20 28 32 27
3 24 30 32 30 40
3 25 70 72 60 72
3 26 59 64 62 59
3 27 16 21 18 19
3 28 39 45 45 38
3 29 98 93 86 95
3 30 56 56 49 56
3 31 43 42 48 37
3 32 95 90 86 88
3 33 92 89 80 90
3 34 51 51 55 49
4 5 39 43 46 38
4 6 27 33 25 26
4 7 1 13 1 15
4 8 74 74 74 73
4 9 10 12 16 19
4 10 76 78 75 70
4 11 94 94 86 94
4 12 15 26 17 21
4 13 93 90 82 90
4 14 58 50 53 54
4 15 71 72 63 63
4 16 75 75 67 77
4 17 1 15 6 16
4 18 82 73 80 82
4 19 91 83 91 82
4 20 36 31 36 38
4 21 89 77 81 89
4 22 53 46 46 58
4 23 26 34 24 24
4 24 62 60 55 61
4 25 6 13 14 19
4 26 41 48 42 40
4 27 80 75 70 77
4 28 50 50 45 49
4 29 42 41 48 47
4 30 73 72 70 70
4 31 13 15 14 18
4 32 21 23 24 19
4 33 90 91 80 78
4 34 14 18 27 20
5 6 4 12 13 10
5 7 73 71 62 75
5 8 23 23 26 31
5 9 73 72 67 75
5 10 27 37 25 27
5 11 99 97 95 87
5 12 42 40 36 37
5 13 0 9 9 12
5 14 49 52 52 50
5 15 9 20 11 9
5 16 98 94 89 91
5 17 0 14 9 13
5 18 37 42 32 44
5 19 20 19 24 28
5 20 64 60 66 62
5 21 78 73 70 79
5 22 64 66 56 69
5 23 73 65 74 71
5 24 74 75 73 70
5 25 93 87 88 90
5 26 69 69 65 64
5 27 2 7 13 4
5 28 12 10 11 15
5 29 13 16 19 13
5 30 34 34 33 33
5 31 69 72 65 70
5 32 62 62 61 65
5 33 83 71 76 77
5 34 25 35 35 34
6 7 36 38 38 44
6 8 24 26 22 23
6 9 70 65 64 63
6 10 46 50 41 44
6 11 55 61 55 46
6 12 17 16 26 24
6 13 32 28 35 39
6 14 33 35 39 32
6 15 20 19 28 30
6 16 47 43 43 48
6 17 21 28 32 21
6 18 96 88 84 90
6 19 19 28 18 23
6 20 11 10 17 18
6 21 62 63 63 63
6 22 27 23 28 27
6 23 0 2 6 2
6 24 80 81 82 79
6 25 96 95 89 92
6 26 39 47 36 34
6 27 94 91 88 86
6 28 22 31 26 19
6 29 94 84 85 91
6 30 28 38 38 33
6 31 58 54 59 53
6 32 55 59 55 60
6 33 13 24 18 25
6 34 25 32 33 30
7 8 59 62 63 63
7 9 11 15 19 13
7 10 44 46 44 40
7 11 1 13 12 14
7 12 17 22 17 15
7 13 39 36 47 39
7 14 22 31 32 25
7 15 75 78 78 71
7 16 52 45 52 48
7 17 81 79 82 82
7 18 67 58 61 69
7 19 25 23 27 23
7 20 14 13 13 17
7 21 95 94 94 81
7 22 62 65 62 61
7 23 77 79 76 73
7 24 59 51 61 54
7 25 33 41 41 36
7 26 54 54 55 57
7 27 51 55 48 53
7 28 81 79 74 78
7 29 82 73 77 81
7 30 70 63 61 64
7 31 9 8 19 21
7 32 97 89 90 92
7 33 33 38 32 33
7 34 50 56 51 46
8 9 1 15 7 3
8 10 68 70 63 62
8 11 32 40 35 28
8 12 57 54 57 58
8 13 31 28 34 30
8 14 15 21 15 17
8 15 1 1 2 9
8 16 97 96 94 95
8 17 71 75 69 71
8 18 22 21 31 28
8 19 38 34 38 45
8 20 10 10 16 11
8 21 58 55 60 54
8 22 70 62 68 70
8 23 76 76 71 76
8 24 28 29 34 34
8 25 35 37 39 36
8 26 76 76 70 69
8 27 41 48 41 45
8 28 22 33 22 20
8 29 93 89 93 88
8 30 7 10 11 11
8 31 61 64 59 58
8 32 20 20 22 31
8 33 89 77 77 82
8 34 61 57 56 55
9 10 69 73 68 69
9 11 23 31 33 34
9 12 7 19 13 7
9 13 79 67 78 74
9 14 85 85 87 73
9 15 17 20 21 28
9 16 82 83 79 71
9 17 29 37 32 36
9 18 46 42 39 40
9 19 94 93 93 83
9 20 83 75 82 82
9 21 78 71 68 75
9 22 85 84 75 74
9 23 49 53 47 44
9 24 0 7 1 4
9 25 43 43 42 41
9 26 8 10 12 16
9 27 79 68 67 69
9 28 19 26 31 24
9 29 79 70 77 78
9 30 68 59 60 70
9 31 98 98 84 90
9 32 81 82 83 78
9 33 75 73 73 77
9 34 71 69 72 67
10 11 29 25 36 32
10 12 44 46 51 47
10 13 72 65 72 68
10 14 66 58 64 69
10 15 59 51 57 56
10 16 73 71 67 66
10 17 7 19 12 11
10 18 58 59 60 61
10 19 53 56 60 53
10 20 13 20 13 19
10 21 96 86 82 83
10 22 16 20 19 29
10 23 83 83 74 74
10 24 54 50 57 58
10 25 24 32 21 26
10 26 83 77 83 73
10 27 94 82 86 86
10 28 70 72 61 74
10 29 25 25 29 23
10 30 89 76 80 88
10 31 0 3 0 13
10 32 11 10 17 16
10 33 75 72 67 75
10 34 69 65 61 69
11 12 4 11 15 4
11 13 54 48 50 50
11 14 40 45 34 40
11 15 60 53 63 52
11 16 23 25 30 30
11 17 95 85 83 87
11 18 99 96 85 87
11 19 79 69 69 80
11 20 30 28 29 39
11 21 81 78 83 78
11 22 48 45 47 55
11 23 7 11 7 16
11 24 66 71 70 60
11 25 36 36 42 45
11 26 35 38 33 39
11 27 71 69 61 73
11 28 81 83 73 80
11 29 29 25 39 38
11 30 37 44 33 34
11 31 19 17 21 29
11 32 18 26 27 27
11 33 82 71 83 72
11 34 68 61 72 60
12 13 58 59 57 51
12 14 35 34 30 33
12 15 41 43 40 45
12 16 14 18 12 12
12 17 87 86 86 83
12 18 64 69 58 58
12 19 46 47 45 45
12 20 52 48 45 55
12 21 92 83 90 88
12 22 19 20 26 17
12 23 81 79 70 77
12 24 94 85 93 87
12 25 67 59 71 61
12 26 44 40 44 49
12 27 48 45 50 52
12 28 5 17 5 8
12 29 60 63 60 65
12 30 5 10 15 13
12 31 55 59 50 57
12 32 92 93 79 93
12 33 84 75 82 73
12 34 60 54 63 60
13 14 1 10 1 3
13 15 60 52 64 63
13 16 61 63 59 66
13 17 46 41 49 41
13 18 0 1 7 3
13 19 96 90 90 88
13 20 75 66 68 77
13 21 47 53 46 47
13 22 51 46 45 47
13 23 80 76 76 73
13 24 14 22 22 17
13 25 81 76 79 78
13 26 45 44 40 42
13 27 59 57 54 58
13 28 52 48 45 56
13 29 30 27 31 30
13 30 55 50 48 62
13 31 67 61 68 69
13 32 95 82 88 87
13 33 3 15 12 6
13 34 56 62 54 56
14 15 2 10 11 1
14 16 71 72 61 66
14 17 91 82 84 83
14 18 39 46 41 42
14 19 16 23 17 14
14 20 77 79 72 72
14 21 85 78 75 75
14 22 79 75 73 76
14 23 26 31 25 25
14 24 6 16 18 10
14 25 87 78 87 77
14 26 46 49 46 50
14 27 30 38 30 41
14 28 90 79 85 78
14 29 0 6 5 3
14 30 1 9 14 3
14 31 84 77 83 84
14 32 94 93 87 81
14 33 27 35 24 32
14 34 14 14 15 15
15 16 46 49 41 50
15 17 35 38 38 36
15 18 23 34 32 33
15 19 56 62 59 61
15 20 29 28 26 31
15 21 57 52 63 57
15 22 12 20 24 11
15 23 54 48 54 59
15 24 76 77 79 78
15 25 68 72 70 64
15 26 61 62 53 60
15 27 61 52 67 62
15 28 9 16 11 9
15 29 43 49 43 41
15 30 73 66 71 70
15 31 88 83 76 77
15 32 72 62 76 64
15 33 52 47 57 52
15 34 85 83 87 87
16 17 6 13 8 9
16 18 48 49 49 48
16 19 6 7 7 9
16 20 60 54 63 58
16 21 52 45 53 56
16 22 78 67 70 78
16 23 62 56 62 58
16 24 7 19 11 12
16 25 84 80 73 71
16 26 78 70 77 67
16 27 93 84 92 84
16 28 1 12 14 3
16 29 96 96 85 87
16 30 13 20 15 22
16 31 83 76 84 81
16 32 60 63 54 53
16 33 37 43 37 40
16 34 78 71 79 67
17 18 15 17 22 14
17 19 14 20 12 22
17 20 57 55 54 54
17 21 56 51 52 53
17 22 8 15 12 13
17 23 70 60 63 62
17 24 38 33 37 47
17 25 66 62 59 68
17 26 93 80 82 85
17 27 2 13 6 5
17 28 98 89 89 93
17 29 66 66 70 59
17 30 41 41 46 39
17 31 16 26 19 28
17 32 78 70 75 75
17 33 32 31 36 32
17 34 94 94 90 82
18 19 81 77 83 78
18 20 16 22 18 26
18 21 51 58 50 57
18 22 25 27 31 25
18 23 59 56 58 55
18 24 91 80 78 85
18 25 29 38 37 27
18 26 77 69 72 75
18 27 40 36 36 38
18 28 81 82 80 82
18 29 34 42 39 40
18 30 99 91 93 86
18 31 35 37 37 31
18 32 78 75 71 71
18 33 74 69 66 65
18 34 88 81 76 77
19 20 4 14 12 10
19 21 19 30 25 28
19 22 47 54 44 50
19 23 3 10 14 16
19 24 34 33 39 42
19 25 59 64 63 63
19 26 89 86 82 88
19 27 65 56 61 58
19 28 78 77 69 78
19 29 1 6 7 12
19 30 86 82 82 82
19 31 25 34 21 33
19 32 22 28 21 27
19 33 28 26 34 38
19 34 44 48 48 45
20 21 51 49 45 55
20 22 68 67 65 58
20 23 77 72 78 76
20 24 93 89 79 92
20 25 32 29 35 39
20 26 75 73 75 74
20 27 59 55 56 54
20 28 84 73 85 80
20 29 74 77 65 77
20 30 81 80 81 76
20 31 4 8 14 11
20 32 59 61 57 56
20 33 87 78 74 87
20 34 75 67 67 70
21 22 11 18 14 22
21 23 66 58 62 58
21 24 26 37 36 24
21 25 77 69 77 73
21 26 7 12 14 11
21 27 39 40 40 43
21 28 34 36 31 42
21 29 43 40 51 38
21 30 44 39 43 40
21 31 40 41 45 48
21 32 62 59 63 65
21 33 98 93 94 95
21 34 44 42 51 48
22 23 17 23 16 25
22 24 27 32 26 24
22 25 84 75 85 77
22 26 41 49 46 37
22 27 35 39 32 38
22 28 47 51 53 52
22 29 31 30 27 41
22 30 75 70 69 71
22 31 79 69 70 70
22 32 33 42 40 31
22 33 44 43 46 38
22 34 7 7 11 14
23 24 71 68 65 73
23 25 10 18 9 18
23 26 56 49 59 61
23 27 67 59 67 60
23 28 74 75 77 78
23 29 28 26 32 25
23 30 10 17 12 11
23 31 5 9 16 16
23 32 95 88 86 87
23 33 19 25 29 30
23 34 91 90 78 90
24 25 55 51 50 51
24 26 8 20 19 20
24 27 98 84 84 86
24 28 63 65 66 65
24 29 62 62 55 66
24 30 8 13 17 15
24 31 5 19 15 10
24 32 35 30 31 33
24 33 46 45 42 44
24 34 15 20 16 23
25 26 94 92 87 87
25 27 46 48 44 52
25 28 15 23 19 25
25 29 74 63 77 71
25 30 42 47 45 46
25 31 28 29 31 36
25 32 47 50 50 46
25 33 53 46 53 52
25 34 95 86 89 83
26 27 34 37 42 40
26 28 79 81 82 67
26 29 36 37 36 39
26 30 30 30 26 28
26 31 95 86 92 96
26 32 17 24 23 20
26 33 19 25 29 20
26 34 95 84 86 92
27 28 26 28 31 33
27 29 71 64 67 61
27 30 29 32 26 31
27 31 45 49 52 40
27 32 22 24 19 20
27 33 7 15 14 8
27 34 9 11 20 8
28 29 39 47 38 42
28 30 17 15 27 28
28 31 61 64 63 63
28 32 45 47 45 52
28 33 72 63 68 76
28 34 46 48 41 47
29 30 46 40 41 41
29 31 23 29 33 28
29 32 97 91 87 84
29 33 58 51 51 62
29 34 50 44 53 49
30 31 22 20 22 25
30 32 40 44 46 42
30 33 5 5 11 17
30 34 88 85 75 79
31 32 32 37 42 27
31 33 46 48 41 45
31 34 41 40 39 42
32 33 54 47 48 47
32 34 59 59 56 54
33 34 12 21 17 21
