38
0 1 55 48 51 60
0 2 21 30 27 30
0 3 39 43 41 41
0 4 75 75 78 75
0 5 10 13 13 14
0 6 74 63 64 71
0 7 1 3 8 11
0 8 14 22 26 20
0 9 79 80 80 79
0 10 13 13 13 12
0 11 47 40 53 54
0 12 88 84 89 89
0 13 80 76 72 79
0 14 19 24 23 25
0 15 69 66 73 61
0 16 71 63 69 63
0 17 9 11 23 11
0 18 42 43 44 50
0 19 14 20 15 19
0 20 42 48 49 49
0 21 88 80 79 89
0 22 44 42 38 41
0 23 98 87 93 83
0 24 82 84 84 74
0 25 66 64 57 59
0 26 33 33 29 41
0 27 78 75 69 67
0 28 4 17 3 10
0 29 93 83 84 85
0 30 19 29 28 22
0 31 43 51 45 51
0 32 85 73 86 74
0 33 83 72 78 75
0 34 32 31 34 35
0 35 66 61 66 66
0 36 43 46 43 45
0 37 97 83 94 86
1 2 50 57 48 47
1 3 41 39 43 41
1 4 27 27 26 38
1 5 72 70 76 64
1 6 48 49 46 54
1 7 45 45 44 53
1 8 23 26 31 25
1 9 16 19 17 25
1 10 54 54 57 53
1 11 69 60 72 66
1 12 98 98 91 86
1 13 59 65 55 63
1 14 87 83 81 78
1 15 59 61 63 55
1 16 49 45 42 44
1 17 95 92 85 86
1 18 74 63 69 70
1 19 20 21 18 26
1 20 68 62 70 71
1 21 45 43 46 38
1 22 51 52 56 57
1 23 82 70 84 84
1 24 85 86 84 74
1 25 9 12 23 22
1 26 9 8 20 21
1 27 43 38 50 46
1 28 72 70 66 68
1 29 96 95 88 85
1 30 8 10 18 20
1 31 22 22 26 20
1 32 95 87 89 87
1 33 46 49 46 43
1 34 9 16 18 18
1 35 92 86 92 91
1 36 95 83 87 84
1 37 22 33 32 27
2 3 74 75 77 70
2 4 29 30 28 35
2 5 36 40 42 40
2 6 62 67 62 56
2 7 90 88 80 87
2 8 30 29 36 27
2 9 87 80 75 77
2 10 24 34 26 22
2 11 34 34 39 43
2 12 76 69 71 77
2 13 49 45 47 54
2 14 2 8 6 8
2 15 59 64 58 56
2 16 42 42 41 41
2 17 36 31 39 36
2 18 38 33 42 45
2 19 68 59 60 67
2 20 76 69 78 69
2 21 1 13 10 7
2 22 38 43 38 41
2 23 48 54 50 45
2 24 1 3 8 15
2 25 88 80 86 80
2 26 70 63 71 60
2 27 79 74 70 77
2 28 88 75 75 77
2 29 94 92 88 82
2 30 60 58 55 61
2 31 4 9 16 12
2 32 29 36 27 32
2 33 61 65 64 62
2 34 77 74 71 78
2 35 71 69 69 72
2 36 86 75 87 78
2 37 59 61 63 52
3 4 33 34 29 32
3 5 12 16 17 22
3 6 17 21 24 21
3 7 10 20 9 23
3 8 57 51 61 56
3 9 52 55 55 48
3 10 58 58 53 51
3 11 82 77 80 82
3 12 21 30 31 20
3 13 31 39 32 38
3 14 75 78 64 72
3 15 45 39 49 44
3 16 86 75 81 74
3 17 71 72 73 74
3 18 92 83 89 86
3 19 34 35 42 37
3 20 22 24 29 27
3 21 55 54 53 56
3 22 83 79 74 81
3 23 93 83 85 86
3 24 92 85 82 88
3 25 10 19 17 9
3 26 18 21 23 17
3 27 53 51 58 58
3 28 2 15 3 10
3 29 48 50 55 46
3 30 5 13 9 10
3 31 41 42 36 39
3 32 56 56 53 59
3 33 6 17 15 11
3 34 40 44 34 46
3 35 35 30 43 42
3 36 55 55 52 59
3 37 39 42 39 33
4 5 66 65 69 60
4 6 66 62 63 69
4 7 81 72 72 72
4 8 68 64 64 69
4 9 41 39 41 44
4 10 90 79 82 79
4 11 23 24 25 24
4 12 79 81 77 70
4 13 49 48 43 49
4 14 9 16 18 11
4 15 63 62 68 68
4 16 20 22 18 21
4 17 11 17 23 13
4 18 67 61 72 70
4 19 41 39 40 35
4 20 20 18 27 27
4 21 9 8 10 9
4 22 54 50 48 46
4 23 68 60 65 67
4 24 42 44 39 44
4 25 84 82 75 80
4 26 23 20 29 20
4 27 89 91 77 78
4 28 88 88 85 89
4 29 95 81 95 93
4 30 45 53 39 42
4 31 13 15 16 23
4 32 15 18 21 23
4 33 47 45 41 46
4 34 81 69 80 83
4 35 40 45 48 37
4 36 26 28 25 26
4 37 64 68 67 66
5 6 54 47 54 58
5 7 57 51 54 52
5 8 17 22 24 15
5 9 89 86 80 78
5 10 9 13 20 22
5 11 76 67 69 69
5 12 59 64 57 59
5 13 49 48 48 42
5 14 47 52 42 46
5 15 42 42 39 39
5 16 83 84 76 76
5 17 42 40 36 41
5 18 94 86 90 95
5 19 17 21 25 28
5 20 94 85 86 86
5 21 46 44 50 41
5 22 36 37 36 32
5 23 56 49 61 58
5 24 22 27 22 19
5 25 75 70 68 70
5 26 89 76 78 79
5 27 82 80 73 78
5 28 34 40 38 42
5 29 81 71 81 82
5 30 7 20 8 15
5 31 41 36 41 47
5 32 77 79 73 68
5 33 32 32 28 30
5 34 58 53 59 61
5 35 4 17 10 16
5 36 29 29 26 30
5 37 87 75 79 84
6 7 14 19 17 22
6 8 57 56 57 56
6 9 19 29 21 19
6 10 7 8 17 12
6 11 77 70 75 78
6 12 56 55 63 61
6 13 11 11 21 11
6 14 71 66 61 74
6 15 50 43 54 48
6 16 86 75 74 77
6 17 94 85 94 84
6 18 36 37 34 31
6 19 46 51 49 49
6 20 86 77 86 82
6 21 69 72 65 61
6 22 4 10 10 15
6 23 60 56 61 58
6 24 58 59 55 55
6 25 4 14 13 14
6 26 42 42 47 36
6 27 55 52 55 52
6 28 42 45 42 40
6 29 45 51 49 44
6 30 68 60 67 61
6 31 79 78 73 79
6 32 34 31 34 30
6 33 40 43 48 39
6 34 36 43 38 37
6 35 33 41 30 39
6 36 1 16 4 7
6 37 82 84 74 76
7 8 34 33 29 31
7 9 96 96 87 92
7 10 97 97 84 88
7 11 41 46 39 39
7 12 81 72 81 83
7 13 52 47 54 45
7 14 49 48 50 53
7 15 87 75 76 77
7 16 11 17 15 16
7 17 78 66 69 80
7 18 86 85 83 87
7 19 34 39 44 40
7 20 63 60 60 66
7 21 32 29 33 31
7 22 70 68 70 74
7 23 78 67 70 71
7 24 41 49 38 49
7 25 78 70 69 72
7 26 71 64 66 61
7 27 75 78 72 66
7 28 62 61 60 61
7 29 71 61 62 63
7 30 37 33 43 43
7 31 87 85 88 83
7 32 0 1 0 2
7 33 3 4 14 12
7 34 33 29 31 42
7 35 22 24 23 32
7 36 20 31 27 30
7 37 43 40 47 46
8 9 85 84 80 87
8 10 65 68 62 70
8 11 42 48 42 49
8 12 59 63 51 54
8 13 24 34 32 30
8 14 50 51 46 50
8 15 56 56 49 60
8 16 94 91 82 83
8 17 64 63 56 62
8 18 31 32 30 41
8 19 3 10 7 5
8 20 16 19 22 16
8 21 85 82 81 83
8 22 95 85 89 89
8 23 70 68 62 70
8 24 0 0 14 10
8 25 5 5 7 15
8 26 73 76 65 62
8 27 80 75 77 78
8 28 76 68 69 79
8 29 25 27 33 31
8 30 13 24 25 23
8 31 45 41 50 51
8 32 70 67 74 69
8 33 26 31 36 24
8 34 37 39 46 42
8 35 69 73 60 63
8 36 43 43 50 39
8 37 71 62 61 64
9 10 85 82 79 85
9 11 88 84 80 88
9 12 17 21 27 28
9 13 46 44 49 45
9 14 32 40 40 31
9 15 72 67 64 67
9 16 95 81 95 93
9 17 65 66 56 65
9 18 18 19 20 28
9 19 7 14 18 10
9 20 29 37 39 29
9 21 89 82 76 88
9 22 76 79 68 75
9 23 93 86 81 93
9 24 45 48 39 46
9 25 88 79 75 84
9 26 79 82 70 70
9 27 18 15 29 21
9 28 73 76 75 76
9 29 71 75 66 70
9 30 12 12 25 21
9 31 54 46 46 47
9 32 92 78 88 92
9 33 4 5 4 8
9 34 19 29 30 25
9 35 83 83 72 77
9 36 67 57 69 66
9 37 90 85 90 79
10 11 75 71 77 69
10 12 59 54 59 63
10 13 98 98 88 93
10 14 7 17 17 20
10 15 34 41 35 36
10 16 84 82 84 73
10 17 97 95 97 95
10 18 37 45 40 36
10 19 65 60 67 62
10 20 68 64 66 58
10 21 85 73 77 74
10 22 20 21 28 25
10 23 56 52 61 57
10 24 28 29 34 35
10 25 65 66 61 65
10 26 50 49 43 52
10 27 29 35 37 32
10 28 31 31 36 29
10 29 85 79 72 79
10 30 18 20 28 20
10 31 50 45 44 45
10 32 42 49 40 40
10 33 70 73 61 66
10 34 74 70 68 75
10 35 95 88 95 91
10 36 72 62 72 62
10 37 79 76 72 75
11 12 18 22 26 29
11 13 81 73 80 74
11 14 32 31 41 33
11 15 36 39 45 43
11 16 33 41 32 32
11 17 89 81 88 87
11 18 5 7 15 15
11 19 36 34 32 32
11 20 71 64 65 72
11 21 74 70 69 68
11 22 74 64 73 69
11 23 81 72 73 69
11 24 27 36 37 30
11 25 28 27 38 27
11 26 96 89 89 85
11 27 35 42 35 39
11 28 64 60 58 55
11 29 48 41 47 42
11 30 99 88 92 97
11 31 9 16 9 19
11 32 98 98 84 86
11 33 38 43 46 35
11 34 0 4 6 0
11 35 21 30 32 20
11 36 64 59 54 60
11 37 82 83 84 78
12 13 69 61 71 71
12 14 76 77 77 70
12 15 50 50 56 55
12 16 85 79 82 73
12 17 11 9 11 13
12 18 43 45 44 45
12 19 74 67 73 74
12 20 13 20 23 23
12 21 79 71 73 80
12 22 96 88 88 94
12 23 30 39 30 35
12 24 68 70 61 71
12 25 12 21 17 11
12 26 30 29 40 28
12 27 7 11 17 10
12 28 88 77 89 79
12 29 52 50 49 56
12 30 52 54 49 51
12 31 18 28 16 18
12 32 39 41 43 34
12 33 30 35 29 30
12 34 94 87 81 85
12 35 13 21 17 14
12 36 9 17 13 21
12 37 68 60 62 71
13 14 90 82 87 87
13 15 19 19 22 29
13 16 45 44 49 46
13 17 78 68 80 77
13 18 15 22 24 13
13 19 99 90 85 96
13 20 12 19 17 17
13 21 56 56 51 61
13 22 31 36 40 38
13 23 43 41 45 39
13 24 99 90 88 96
13 25 55 61 50 51
13 26 2 7 13 3
13 27 39 38 43 39
13 28 44 38 52 49
13 29 44 47 45 44
13 30 58 61 55 64
13 31 79 80 70 75
13 32 85 82 82 85
13 33 27 32 35 25
13 34 67 71 70 58
13 35 0 1 2 15
13 36 30 33 29 36
13 37 74 72 65 76
14 15 33 32 30 38
14 16 46 46 47 49
14 17 74 72 69 69
14 18 64 57 63 59
14 19 82 76 74 78
14 20 7 17 18 14
14 21 60 61 58 62
14 22 29 37 29 30
14 23 50 56 54 53
14 24 89 88 80 87
14 25 0 12 10 15
14 26 39 38 39 36
14 27 59 51 61 61
14 28 87 88 82 86
14 29 57 57 53 54
14 30 65 62 70 69
14 31 14 16 25 26
14 32 13 20 13 24
14 33 91 88 88 84
14 34 81 78 76 80
14 35 6 15 16 20
14 36 23 33 28 30
14 37 87 80 81 79
15 16 46 44 53 41
15 17 98 88 98 92
15 18 47 49 46 48
15 19 36 42 41 38
15 20 37 41 34 38
15 21 42 49 45 40
15 22 26 24 36 33
15 23 18 27 15 29
15 24 34 30 31 32
15 25 26 35 37 31
15 26 25 32 31 30
15 27 32 40 35 34
15 28 8 7 9 13
15 29 42 48 39 40
15 30 52 48 48 49
15 31 91 81 88 79
15 32 53 59 48 53
15 33 34 35 35 33
15 34 69 73 67 59
15 35 57 58 61 51
15 36 10 19 20 14
15 37 16 19 24 19
16 17 51 57 55 48
16 18 56 52 58 51
16 19 95 91 84 83
16 20 13 26 17 25
16 21 53 52 53 51
16 22 54 48 51 52
16 23 70 73 64 72
16 24 98 88 88 94
16 25 50 48 48 49
16 26 32 37 29 27
16 27 6 15 13 16
16 28 41 43 47 38
16 29 93 79 90 90
16 30 76 68 66 79
16 31 44 37 46 42
16 32 26 25 24 31
16 33 42 38 41 37
16 34 74 68 73 75
16 35 6 17 6 13
16 36 11 14 17 17
16 37 89 84 82 78
17 18 50 53 50 56
17 19 33 38 39 28
17 20 35 44 36 43
17 21 21 32 26 29
17 22 30 32 33 32
17 23 11 10 24 23
17 24 43 50 40 42
17 25 67 64 64 65
17 26 18 19 16 21
17 27 93 89 83 83
17 28 42 45 39 48
17 29 1 2 4 4
17 30 74 75 71 68
17 31 93 92 92 79
17 32 19 21 28 20
17 33 8 13 10 8
17 34 16 24 22 27
17 35 15 18 16 13
17 36 40 35 43 39
17 37 89 78 89 83
18 19 29 25 25 29
18 20 3 8 7 12
18 21 0 9 4 7
18 22 80 77 78 81
18 23 9 9 10 21
18 24 63 59 62 54
18 25 58 58 54 57
18 26 90 83 90 87
18 27 17 23 15 17
18 28 62 56 64 67
18 29 73 75 70 76
18 30 44 52 39 45
18 31 63 65 59 61
18 32 27 36 23 29
18 33 45 45 47 42
18 34 18 19 22 15
18 35 87 81 78 84
18 36 76 69 76 65
18 37 44 45 42 44
19 20 51 55 45 53
19 21 86 83 86 82
19 22 11 13 11 24
19 23 33 42 31 30
19 24 96 95 90 91
19 25 91 89 91 89
19 26 49 43 42 53
19 27 77 70 77 66
19 28 6 16 15 16
19 29 50 55 49 51
19 30 91 79 85 85
19 31 98 95 92 84
19 32 65 69 67 69
19 33 84 81 76 73
19 34 41 35 42 47
19 35 13 24 19 12
19 36 20 19 28 29
19 37 90 82 88 85
20 21 75 65 66 75
20 22 69 68 71 73
20 23 74 64 67 64
20 24 87 85 88 86
20 25 36 33 44 36
20 26 47 53 41 54
20 27 54 60 55 52
20 28 65 63 66 65
20 29 37 33 43 46
20 30 38 40 42 39
20 31 11 17 10 10
20 32 10 17 16 13
20 33 51 47 44 56
20 34 50 46 43 45
20 35 21 31 22 33
20 36 37 32 36 37
20 37 46 50 48 40
21 22 17 18 26 26
21 23 49 46 51 49
21 24 72 69 65 64
21 25 91 91 81 88
21 26 82 75 77 72
21 27 64 60 65 68
21 28 69 59 69 70
21 29 98 90 90 93
21 30 69 71 71 62
21 31 77 74 69 68
21 32 87 79 77 74
21 33 13 15 18 19
21 34 19 21 18 20
21 35 36 44 34 34
21 36 91 86 90 88
21 37 25 31 36 25
22 23 10 20 9 17
22 24 53 57 48 52
22 25 17 18 23 15
22 26 72 66 76 66
22 27 96 95 82 86
22 28 72 73 68 67
22 29 81 78 78 77
22 30 29 25 37 25
22 31 62 62 58 55
22 32 14 20 12 19
22 33 12 20 16 25
22 34 37 39 34 34
22 35 34 42 37 32
22 36 35 36 30 35
22 37 98 95 94 91
23 24 58 49 60 52
23 25 25 31 27 33
23 26 28 32 34 33
23 27 39 37 43 37
23 28 60 63 60 60
23 29 71 62 64 64
23 30 74 70 72 76
23 31 63 67 60 64
23 32 32 27 32 33
23 33 46 45 51 48
23 34 8 8 16 20
23 35 53 56 57 51
23 36 76 67 70 72
23 37 49 50 49 50
24 25 57 58 51 52
24 26 87 78 81 77
24 27 68 71 65 61
24 28 24 31 20 22
24 29 95 82 91 89
24 30 4 6 10 8
24 31 6 19 14 11
24 32 25 34 36 31
24 33 87 75 74 84
24 34 46 50 46 50
24 35 13 13 19 11
24 36 34 37 38 37
24 37 25 31 28 36
25 26 9 13 22 16
25 27 97 94 92 92
25 28 40 39 42 44
25 29 44 48 42 51
25 30 56 61 55 53
25 31 91 83 85 77
25 32 31 32 41 38
25 33 1 14 10 9
25 34 72 69 68 61
25 35 2 8 2 3
25 36 99 98 90 92
25 37 13 22 13 14
26 27 93 80 82 93
26 28 58 63 53 53
26 29 50 53 44 56
26 30 3 16 10 12
26 31 70 60 69 65
26 32 79 76 74 67
26 33 62 64 65 55
26 34 49 46 53 54
26 35 53 52 55 46
26 36 55 53 55 60
26 37 12 12 23 11
27 28 43 48 42 41
27 29 82 76 70 82
27 30 27 27 25 32
27 31 75 78 75 66
27 32 28 35 31 27
27 33 42 44 41 48
27 34 20 26 20 27
27 35 23 30 24 20
27 36 95 92 81 81
27 37 2 4 9 4
28 29 28 29 27 38
28 30 3 8 6 8
28 31 97 91 88 88
28 32 13 20 23 14
28 33 66 61 68 67
28 34 7 11 10 11
28 35 0 12 3 1
28 36 81 77 77 77
28 37 64 57 58 64
29 30 13 13 12 21
29 31 27 25 29 33
29 32 84 77 75 83
29 33 49 55 53 52
29 34 6 7 11 15
29 35 2 15 12 14
29 36 53 59 45 52
29 37 41 47 36 42
30 31 29 36 35 28
30 32 50 43 49 44
30 33 46 43 39 44
30 34 87 78 77 83
30 35 41 44 44 42
30 36 62 56 65 65
30 37 77 69 70 75
31 32 39 36 37 37
31 33 20 19 20 22
31 34 82 74 82 82
31 35 31 36 27 31
31 36 32 39 42 42
31 37 55 50 52 51
32 33 81 82 76 76
32 34 72 63 73 69
32 35 56 52 58 60
32 36 40 46 38 36
32 37 67 64 70 63
33 34 77 74 80 77
33 35 65 67 66 63
33 36 98 96 93 94
33 37 69 66 73 72
34 35 71 61 74 61
34 36 78 70 81 79
34 37 52 57 54 58
35 36 66 66 66 69
35 37 28 36 35 28
36 37 25 25 35 32
