38
0 1 97 96 75 78
0 2 83 76 84 79
0 3 92 77 94 80
0 4 34 64 54 31
0 5 82 64 71 89
0 6 26 40 62 42
0 7 70 77 83 66
0 8 84 82 85 48
0 9 19 38 26 13
0 10 50 31 33 72
0 11 66 59 49 57
0 12 25 30 59 44
0 13 61 56 75 34
0 14 8 45 13 38
0 15 30 46 27 49
0 16 86 59 85 73
0 17 59 66 77 54
0 18 70 80 56 50
0 19 77 82 65 62
0 20 59 44 63 69
0 21 5 47 49 6
0 22 81 86 78 58
0 23 65 40 57 44
0 24 10 44 48 25
0 25 8 10 26 48
0 26 99 59 88 82
0 27 6 12 20 31
0 28 34 25 38 38
0 29 87 76 45 66
0 30 3 4 35 47
0 31 89 73 65 86
0 32 47 28 28 55
0 33 94 62 94 91
0 34 82 44 73 43
0 35 62 37 50 44
0 36 40 48 64 62
0 37 56 77 56 61
1 2 3 29 6 8
1 3 12 47 31 24
1 4 28 20 14 24
1 5 73 55 55 82
1 6 40 49 62 53
1 7 51 49 51 40
1 8 7 11 36 29
1 9 29 24 36 47
1 10 40 49 27 51
1 11 41 59 67 59
1 12 91 46 62 62
1 13 64 47 48 81
1 14 46 55 72 31
1 15 70 36 69 59
1 16 21 20 45 38
1 17 71 49 54 68
1 18 58 60 70 76
1 19 63 41 75 45
1 20 12 43 34 43
1 21 52 65 28 36
1 22 17 11 18 13
1 23 28 21 57 45
1 24 48 67 28 25
1 25 98 63 75 93
1 26 98 65 96 51
1 27 50 68 52 67
1 28 81 90 80 89
1 29 43 24 40 23
1 30 30 22 31 28
1 31 23 46 19 50
1 32 80 71 73 88
1 33 91 92 89 51
1 34 2 43 35 41
1 35 74 60 43 44
1 36 44 40 50 69
1 37 45 67 62 29
2 3 37 55 55 25
2 4 85 59 68 82
2 5 75 54 53 51
2 6 50 42 30 58
2 7 40 44 51 41
2 8 71 38 54 65
2 9 26 19 48 32
2 10 80 82 84 58
2 11 57 38 53 34
2 12 25 60 58 51
2 13 5 45 12 36
2 14 3 12 21 30
2 15 97 62 85 86
2 16 48 42 69 67
2 17 60 61 54 30
2 18 63 48 81 69
2 19 20 51 46 53
2 20 93 77 51 75
2 21 59 32 36 76
2 22 77 42 50 61
2 23 53 65 45 74
2 24 69 75 71 58
2 25 28 34 34 40
2 26 92 94 78 73
2 27 85 71 67 70
2 28 23 37 44 50
2 29 79 50 64 40
2 30 19 33 32 14
2 31 39 21 61 60
2 32 67 77 78 37
2 33 10 20 31 5
2 34 7 51 44 18
2 35 71 65 77 51
2 36 33 16 66 18
2 37 78 45 39 84
3 4 4 7 49 36
3 5 52 31 35 42
3 6 28 21 33 54
3 7 23 50 12 13
3 8 95 54 86 70
3 9 44 34 24 41
3 10 52 37 44 62
3 11 52 49 61 31
3 12 38 26 35 35
3 13 89 81 66 62
3 14 5 40 38 37
3 15 72 81 68 61
3 16 71 41 70 49
3 17 71 41 81 84
3 18 97 67 84 58
3 19 88 68 65 90
3 20 43 68 41 52
3 21 59 37 54 77
3 22 84 89 43 46
3 23 39 56 28 22
3 24 80 46 66 55
3 25 26 22 29 33
3 26 37 41 29 42
3 27 53 73 75 56
3 28 61 53 52 39
3 29 18 35 18 41
3 30 99 86 53 60
3 31 41 61 30 23
3 32 55 50 69 37
3 33 83 72 77 78
3 34 8 9 54 17
3 35 83 68 75 61
3 36 93 69 74 88
3 37 79 58 55 80
4 5 82 69 46 90
4 6 75 51 39 84
4 7 28 40 28 21
4 8 53 42 34 76
4 9 6 43 51 48
4 10 68 39 78 60
4 11 71 83 36 55
4 12 40 68 35 38
4 13 7 22 30 28
4 14 98 53 69 71
4 15 97 70 58 91
4 16 56 30 55 30
4 17 46 53 51 31
4 18 19 52 12 55
4 19 8 4 29 48
4 20 61 67 51 51
4 21 23 38 47 30
4 22 53 28 27 74
4 23 85 86 77 67
4 24 39 25 45 49
4 25 20 43 56 31
4 26 25 27 46 50
4 27 32 30 34 38
4 28 63 59 76 55
4 29 83 60 48 54
4 30 54 67 36 67
4 31 96 76 63 85
4 32 62 41 72 48
4 33 44 55 64 39
4 34 39 63 41 26
4 35 74 53 80 62
4 36 13 43 49 32
4 37 34 34 50 40
5 6 1 16 15 17
5 7 52 53 28 26
5 8 68 34 38 44
5 9 52 36 44 34
5 10 57 71 75 53
5 11 28 30 20 40
5 12 68 60 41 54
5 13 52 70 75 74
5 14 21 21 59 26
5 15 79 54 79 86
5 16 35 66 42 32
5 17 71 45 47 53
5 18 49 44 48 36
5 19 97 51 85 52
5 20 6 9 23 39
5 21 20 13 53 31
5 22 26 50 23 26
5 23 64 32 43 67
5 24 3 20 22 39
5 25 38 68 35 57
5 26 11 47 35 34
5 27 76 78 55 64
5 28 89 80 53 70
5 29 84 81 75 87
5 30 69 51 41 64
5 31 88 77 68 67
5 32 33 44 42 37
5 33 67 53 35 77
5 34 24 22 19 55
5 35 39 68 47 68
5 36 13 32 50 49
5 37 77 85 40 87
6 7 84 85 70 66
6 8 81 46 69 78
6 9 27 49 42 60
6 10 91 85 64 67
6 11 18 31 24 36
6 12 52 47 58 37
6 13 45 46 33 44
6 14 72 60 73 69
6 15 71 48 76 83
6 16 3 27 15 4
6 17 76 74 80 86
6 18 25 35 16 22
6 19 33 17 62 65
6 20 49 71 40 47
6 21 81 41 61 85
6 22 86 49 90 65
6 23 74 80 44 59
6 24 54 54 55 66
6 25 46 31 70 69
6 26 7 45 3 29
6 27 86 64 63 85
6 28 89 89 52 81
6 29 77 65 79 76
6 30 51 60 61 64
6 31 40 59 62 67
6 32 86 82 72 73
6 33 83 84 65 45
6 34 66 48 78 77
6 35 23 44 30 14
6 36 91 51 65 57
6 37 35 24 66 22
7 8 0 42 41 46
7 9 45 63 32 39
7 10 83 72 57 79
7 11 58 52 52 57
7 12 3 50 16 9
7 13 5 13 39 32
7 14 4 40 4 42
7 15 29 43 35 60
7 16 24 60 43 45
7 17 68 60 55 52
7 18 58 43 77 41
7 19 84 70 81 66
7 20 74 40 75 68
7 21 80 50 60 59
7 22 31 52 38 53
7 23 2 24 8 26
7 24 27 37 63 38
7 25 51 43 59 70
7 26 53 51 71 70
7 27 86 75 77 49
7 28 7 47 4 37
7 29 94 63 82 52
7 30 76 78 64 67
7 31 81 88 80 51
7 32 94 64 72 63
7 33 98 55 89 83
7 34 1 21 18 23
7 35 31 46 53 60
7 36 9 38 8 28
7 37 85 78 84 48
8 9 28 35 38 41
8 10 32 36 28 22
8 11 1 40 3 21
8 12 75 68 53 74
8 13 4 21 29 43
8 14 13 49 52 29
8 15 32 19 19 29
8 16 79 80 89 69
8 17 37 59 36 24
8 18 37 34 20 19
8 19 76 61 55 73
8 20 17 11 52 47
8 21 74 79 42 48
8 22 7 36 38 4
8 23 31 64 21 36
8 24 4 12 35 22
8 25 8 47 22 5
8 26 6 15 51 13
8 27 28 53 32 22
8 28 1 46 14 32
8 29 79 52 86 47
8 30 12 47 21 22
8 31 28 62 50 35
8 32 71 81 73 40
8 33 99 72 99 91
8 34 83 57 76 62
8 35 75 74 66 47
8 36 62 75 32 57
8 37 45 26 38 41
9 10 33 64 47 44
9 11 61 62 42 65
9 12 70 60 57 76
9 13 2 44 41 3
9 14 96 69 48 61
9 15 22 50 53 41
9 16 22 51 16 42
9 17 87 91 50 59
9 18 33 34 60 26
9 19 74 60 39 82
9 20 60 55 52 36
9 21 86 67 84 52
9 22 35 42 63 17
9 23 58 39 45 62
9 24 25 34 56 54
9 25 86 57 66 80
9 26 70 63 60 41
9 27 84 85 60 86
9 28 62 53 63 74
9 29 7 18 23 45
9 30 29 35 57 37
9 31 72 81 38 36
9 32 19 53 11 51
9 33 23 26 48 42
9 34 69 36 83 34
9 35 68 60 39 83
9 36 70 36 50 78
9 37 33 51 25 19
10 11 13 28 39 11
10 12 26 58 25 29
10 13 29 31 44 62
10 14 61 70 70 68
10 15 26 28 49 43
10 16 75 62 80 87
10 17 20 26 45 47
10 18 62 46 31 61
10 19 59 72 33 48
10 20 31 29 45 38
10 21 91 68 95 86
10 22 40 48 46 38
10 23 4 15 13 39
10 24 41 64 68 65
10 25 12 8 31 26
10 26 0 5 12 36
10 27 54 34 76 58
10 28 53 33 35 68
10 29 58 65 63 72
10 30 39 21 26 64
10 31 23 42 38 45
10 32 6 43 42 14
10 33 23 31 23 23
10 34 90 63 60 52
10 35 14 19 18 28
10 36 61 42 32 48
10 37 47 28 40 61
11 12 83 65 86 67
11 13 17 15 44 51
11 14 93 50 54 66
11 15 60 67 55 75
11 16 33 49 43 64
11 17 84 91 63 76
11 18 57 54 75 55
11 19 56 45 72 46
11 20 80 64 54 57
11 21 51 56 41 40
11 22 54 33 33 36
11 23 62 39 32 47
11 24 75 78 84 80
11 25 29 39 21 35
11 26 8 43 37 10
11 27 7 38 48 6
11 28 75 69 82 64
11 29 63 76 43 75
11 30 24 14 24 13
11 31 84 49 44 82
11 32 69 46 64 83
11 33 96 72 68 60
11 34 71 66 42 53
11 35 25 31 26 37
11 36 35 26 37 30
11 37 39 56 60 21
12 13 78 76 88 52
12 14 68 40 45 58
12 15 1 27 24 36
12 16 27 61 17 39
12 17 46 23 44 29
12 18 10 25 33 48
12 19 68 39 82 60
12 20 0 13 13 48
12 21 33 66 55 42
12 22 69 79 76 45
12 23 78 55 41 68
12 24 86 62 54 71
12 25 2 28 46 30
12 26 36 37 56 64
12 27 18 45 10 23
12 28 89 54 47 53
12 29 42 65 31 26
12 30 41 21 46 24
12 31 54 34 47 70
12 32 17 30 12 13
12 33 72 50 58 76
12 34 70 49 61 83
12 35 5 9 46 36
12 36 96 74 59 67
12 37 40 45 32 37
13 14 59 32 73 65
13 15 79 73 57 53
13 16 3 6 23 29
13 17 68 51 34 64
13 18 48 36 62 59
13 19 27 59 28 61
13 20 68 49 39 76
13 21 93 50 73 89
13 22 5 51 36 12
13 23 86 67 54 73
13 24 94 75 78 63
13 25 6 27 45 43
13 26 75 70 48 71
13 27 91 46 57 47
13 28 4 30 6 12
13 29 11 54 40 26
13 30 8 48 6 12
13 31 45 23 49 44
13 32 58 52 33 38
13 33 65 63 54 33
13 34 54 55 52 40
13 35 91 73 81 51
13 36 48 71 47 31
13 37 86 76 82 60
14 15 70 66 82 38
14 16 89 78 78 65
14 17 78 87 81 55
14 18 74 63 84 65
14 19 45 59 63 37
14 20 51 58 39 45
14 21 78 73 46 85
14 22 41 41 23 64
14 23 79 42 77 75
14 24 12 10 26 32
14 25 59 48 31 78
14 26 67 78 56 52
14 27 97 73 54 74
14 28 24 48 28 37
14 29 51 51 44 63
14 30 18 44 56 10
14 31 97 78 82 91
14 32 9 48 20 12
14 33 73 43 38 70
14 34 16 54 33 37
14 35 90 66 53 49
14 36 1 11 41 37
14 37 0 21 25 50
15 16 93 80 89 82
15 17 72 45 85 48
15 18 66 66 43 78
15 19 20 41 53 11
15 20 74 38 86 81
15 21 67 64 33 59
15 22 97 60 91 81
15 23 31 43 40 22
15 24 73 79 64 57
15 25 5 4 16 30
15 26 42 50 29 47
15 27 39 53 35 38
15 28 35 67 26 28
15 29 74 80 55 49
15 30 71 44 38 74
15 31 55 67 53 36
15 32 38 66 51 23
15 33 92 81 49 83
15 34 15 8 49 32
15 35 52 37 29 51
15 36 91 53 83 69
15 37 81 43 65 55
16 17 89 47 65 93
16 18 82 89 89 55
16 19 80 53 83 65
16 20 25 36 41 17
16 21 17 28 47 36
16 22 75 61 50 85
16 23 39 35 47 68
16 24 84 90 50 63
16 25 82 90 69 68
16 26 68 54 52 59
16 27 74 85 43 53
16 28 85 61 65 47
16 29 76 87 66 77
16 30 27 55 49 48
16 31 70 70 69 74
16 32 12 7 51 14
16 33 90 57 54 63
16 34 80 44 51 64
16 35 99 64 87 78
16 36 90 88 49 70
16 37 65 75 65 51
17 18 96 85 70 94
17 19 67 36 52 49
17 20 74 49 69 79
17 21 13 49 11 23
17 22 13 46 40 9
17 23 44 65 41 67
17 24 46 44 48 69
17 25 31 54 62 47
17 26 69 44 68 83
17 27 68 79 74 65
17 28 83 65 65 79
17 29 7 38 49 50
17 30 70 62 37 54
17 31 25 41 36 39
17 32 65 65 40 76
17 33 73 68 49 67
17 34 34 43 22 30
17 35 70 43 77 37
17 36 73 37 52 83
17 37 5 11 20 43
18 19 80 85 70 60
18 20 99 57 52 90
18 21 57 39 54 70
18 22 42 60 33 39
18 23 81 43 47 46
18 24 92 96 87 56
18 25 53 44 56 61
18 26 24 39 33 33
18 27 67 69 57 55
18 28 76 85 47 78
18 29 28 33 26 62
18 30 68 67 43 74
18 31 79 45 88 88
18 32 99 73 88 63
18 33 17 32 26 40
18 34 80 69 67 54
18 35 72 60 62 85
18 36 1 49 14 45
18 37 99 68 56 90
19 20 2 48 16 18
19 21 46 67 62 30
19 22 60 37 67 70
19 23 93 82 85 69
19 24 25 19 24 35
19 25 92 82 62 56
19 26 88 61 57 72
19 27 96 54 79 93
19 28 78 41 45 72
19 29 29 28 15 55
19 30 30 35 40 57
19 31 48 69 45 58
19 32 38 48 56 39
19 33 24 23 61 18
19 34 94 62 49 61
19 35 94 68 86 94
19 36 72 67 64 54
19 37 63 68 61 67
20 21 17 28 56 43
20 22 82 45 72 71
20 23 82 68 74 49
20 24 45 71 53 23
20 25 41 55 32 63
20 26 40 47 37 70
20 27 55 57 71 76
20 28 5 12 35 42
20 29 53 37 64 65
20 30 0 31 7 9
20 31 5 43 30 52
20 32 83 89 85 56
20 33 5 2 30 41
20 34 59 56 52 54
20 35 82 82 43 54
20 36 2 14 32 45
20 37 97 77 73 58
21 22 9 25 23 22
21 23 34 49 48 41
21 24 18 21 43 32
21 25 59 75 47 39
21 26 31 46 61 43
21 27 8 19 22 44
21 28 52 67 72 74
21 29 20 35 21 44
21 30 85 43 44 82
21 31 77 80 56 56
21 32 54 74 43 32
21 33 21 17 57 41
21 34 42 61 37 57
21 35 28 38 50 16
21 36 71 55 48 68
21 37 86 64 77 80
22 23 25 56 40 13
22 24 47 38 67 69
22 25 18 15 12 30
22 26 37 31 62 35
22 27 12 51 30 29
22 28 12 32 53 40
22 29 62 61 81 74
22 30 87 46 44 80
22 31 72 81 72 55
22 32 45 40 44 52
22 33 98 87 89 63
22 34 58 50 39 36
22 35 54 56 42 49
22 36 83 58 87 88
22 37 94 73 56 85
23 24 23 12 37 43
23 25 58 29 68 44
23 26 96 60 53 75
23 27 61 32 47 68
23 28 99 75 98 73
23 29 98 66 67 91
23 30 86 70 52 84
23 31 41 63 24 30
23 32 17 31 26 43
23 33 29 28 46 60
23 34 56 66 39 46
23 35 15 10 47 47
23 36 42 41 70 27
23 37 29 35 26 61
24 25 80 82 76 84
24 26 99 73 72 56
24 27 67 66 37 40
24 28 82 78 71 84
24 29 75 48 79 85
24 30 15 50 43 40
24 31 49 49 56 43
24 32 12 55 14 33
24 33 89 50 80 64
24 34 12 28 35 20
24 35 60 36 63 48
24 36 59 40 29 37
24 37 66 39 61 53
25 26 57 43 67 78
25 27 71 50 84 50
25 28 26 55 39 52
25 29 6 22 8 35
25 30 92 83 81 75
25 31 95 77 92 97
25 32 74 51 80 40
25 33 80 76 68 50
25 34 91 93 75 62
25 35 62 69 74 62
25 36 54 58 49 59
25 37 82 70 62 78
26 27 27 36 62 39
26 28 15 41 50 41
26 29 45 62 70 54
26 30 2 11 19 14
26 31 41 21 61 23
26 32 58 31 66 67
26 33 16 55 53 18
26 34 71 38 40 75
26 35 8 27 44 34
26 36 24 34 41 51
26 37 65 60 70 68
27 28 31 39 59 21
27 29 56 44 35 57
27 30 30 30 26 49
27 31 75 86 83 57
27 32 34 59 30 59
27 33 21 24 39 24
27 34 85 52 84 49
27 35 24 35 61 48
27 36 78 80 62 84
27 37 54 40 71 38
28 29 91 94 94 47
28 30 63 72 31 79
28 31 95 64 92 50
28 32 89 53 79 74
28 33 13 13 52 11
28 34 77 45 84 56
28 35 80 60 45 77
28 36 60 46 74 31
28 37 15 28 39 40
29 30 9 26 9 22
29 31 63 71 49 52
29 32 9 46 11 35
29 33 52 54 58 75
29 34 56 60 35 39
29 35 54 72 66 36
29 36 87 48 79 85
29 37 18 56 18 43
30 31 92 62 83 75
30 32 19 51 44 58
30 33 97 87 71 93
30 34 51 62 60 60
30 35 3 46 9 38
30 36 17 48 54 36
30 37 22 37 53 35
31 32 76 41 42 87
31 33 20 44 36 40
31 34 77 80 63 71
31 35 83 77 74 60
31 36 2 33 25 24
31 37 84 66 71 74
32 33 24 49 16 13
32 34 83 59 42 48
32 35 28 14 46 41
32 36 34 38 19 47
32 37 7 41 32 37
33 34 95 64 59 61
33 35 48 45 35 47
33 36 86 72 88 58
33 37 73 77 60 58
34 35 20 23 28 11
34 36 80 55 46 63
34 37 30 43 37 49
35 36 95 91 75 60
35 37 17 17 18 47
36 37 88 82 78 93
