40
0 1 26 9 54 64
0 2 30 78 47 15
0 3 37 22 31 56
0 4 36 56 32 63
0 5 28 50 58 35
0 6 56 80 24 70
0 7 71 43 23 75
0 8 15 73 22 51
0 9 87 81 41 29
0 10 71 15 17 48
0 11 60 26 18 35
0 12 60 14 84 41
0 13 32 27 70 60
0 14 98 56 81 20
0 15 48 55 88 66
0 16 81 23 75 49
0 17 28 63 52 13
0 18 75 48 22 72
0 19 37 64 47 9
0 20 98 45 58 67
0 21 50 34 33 66
0 22 57 60 82 48
0 23 58 71 88 84
0 24 91 27 91 85
0 25 84 92 46 51
0 26 68 75 19 29
0 27 62 78 84 59
0 28 69 54 30 33
0 29 39 39 38 24
0 30 50 79 69 32
0 31 33 48 54 53
0 32 97 74 21 48
0 33 52 82 53 44
0 34 30 76 64 46
0 35 93 40 90 68
0 36 97 76 57 84
0 37 99 23 71 42
0 38 36 71 15 67
0 39 26 65 22 26
1 2 35 75 22 35
1 3 65 16 50 59
1 4 36 23 36 63
1 5 7 77 55 63
1 6 92 59 89 33
1 7 37 83 78 20
1 8 84 23 65 94
1 9 48 63 55 85
1 10 50 32 11 78
1 11 73 41 51 49
1 12 86 90 87 93
1 13 96 25 87 58
1 14 86 20 55 25
1 15 2 19 42 5
1 16 13 43 35 71
1 17 92 33 81 72
1 18 28 31 42 66
1 19 12 29 24 6
1 20 49 81 17 24
1 21 97 46 54 90
1 22 68 48 56 58
1 23 14 68 28 25
1 24 80 69 75 19
1 25 28 67 67 39
1 26 65 90 63 40
1 27 32 64 35 76
1 28 62 46 19 23
1 29 31 72 25 11
1 30 6 42 77 43
1 31 16 28 19 4
1 32 86 28 93 94
1 33 74 28 94 81
1 34 51 28 72 62
1 35 46 63 25 54
1 36 19 39 27 66
1 37 33 65 44 41
1 38 4 8 77 46
1 39 47 67 69 72
2 3 9 70 43 55
2 4 45 13 37 83
2 5 35 47 9 8
2 6 85 52 60 68
2 7 57 17 18 13
2 8 87 69 96 62
2 9 27 85 48 46
2 10 1 0 79 48
2 11 5 21 80 28
2 12 81 45 67 55
2 13 26 39 58 38
2 14 39 39 85 36
2 15 90 78 96 82
2 16 92 94 69 75
2 17 56 33 70 36
2 18 79 78 20 31
2 19 82 92 44 28
2 20 24 33 75 8
2 21 5 27 44 59
2 22 56 17 44 73
2 23 4 34 47 17
2 24 44 60 13 14
2 25 64 84 48 40
2 26 21 13 30 38
2 27 49 22 41 33
2 28 35 86 61 67
2 29 23 29 68 68
2 30 71 18 62 82
2 31 55 85 64 74
2 32 53 11 61 22
2 33 63 45 56 22
2 34 67 39 53 40
2 35 22 42 54 11
2 36 58 35 19 51
2 37 8 13 66 65
2 38 70 39 46 85
2 39 18 39 8 51
3 4 13 42 23 75
3 5 28 78 39 49
3 6 77 27 90 21
3 7 4 15 13 66
3 8 57 84 89 68
3 9 42 58 47 51
3 10 18 50 43 26
3 11 88 69 31 50
3 12 34 14 70 71
3 13 53 52 22 23
3 14 73 24 16 90
3 15 97 45 30 91
3 16 37 8 36 72
3 17 85 67 93 71
3 18 61 50 15 41
3 19 87 50 79 86
3 20 27 66 16 30
3 21 0 0 68 50
3 22 61 77 56 75
3 23 2 6 31 10
3 24 76 36 83 27
3 25 43 50 79 36
3 26 47 27 16 36
3 27 94 22 46 93
3 28 53 25 64 36
3 29 4 42 17 77
3 30 35 38 28 10
3 31 29 55 14 37
3 32 10 38 13 4
3 33 5 52 78 17
3 34 51 30 26 78
3 35 4 16 56 17
3 36 16 74 5 79
3 37 65 19 36 85
3 38 34 31 10 75
3 39 50 33 50 85
4 5 39 28 85 81
4 6 86 86 86 48
4 7 13 40 35 56
4 8 10 44 6 48
4 9 91 60 75 93
4 10 36 75 84 17
4 11 65 13 82 42
4 12 92 33 26 33
4 13 70 22 26 91
4 14 11 9 48 70
4 15 9 22 2 19
4 16 70 87 93 28
4 17 78 66 66 51
4 18 94 60 69 37
4 19 43 38 34 60
4 20 32 12 74 72
4 21 68 41 63 91
4 22 51 48 72 29
4 23 82 53 43 24
4 24 67 50 42 52
4 25 97 32 88 64
4 26 97 62 68 97
4 27 77 74 49 89
4 28 48 24 11 43
4 29 22 51 34 10
4 30 98 20 76 77
4 31 65 36 68 54
4 32 53 85 37 57
4 33 27 32 80 73
4 34 13 20 51 39
4 35 64 74 21 81
4 36 15 73 54 15
4 37 59 17 67 67
4 38 26 48 43 24
4 39 27 69 13 36
5 6 56 13 14 34
5 7 18 48 25 17
5 8 85 55 23 78
5 9 90 55 20 61
5 10 73 42 18 55
5 11 81 38 67 24
5 12 73 73 27 26
5 13 53 41 65 75
5 14 32 17 77 32
5 15 67 38 44 33
5 16 49 61 84 17
5 17 55 29 16 30
5 18 24 39 43 20
5 19 80 95 62 17
5 20 37 66 68 43
5 21 40 11 78 49
5 22 62 29 41 69
5 23 30 47 63 69
5 24 58 29 73 85
5 25 6 4 29 58
5 26 5 59 21 19
5 27 76 93 67 62
5 28 73 85 69 43
5 29 91 53 64 76
5 30 44 84 42 42
5 31 65 24 58 72
5 32 42 74 21 29
5 33 4 71 36 2
5 34 26 61 78 53
5 35 99 75 60 57
5 36 14 20 26 71
5 37 7 33 25 38
5 38 50 51 81 30
5 39 61 80 66 41
6 7 37 61 10 50
6 8 33 15 16 25
6 9 13 67 74 59
6 10 57 87 83 19
6 11 15 46 9 41
6 12 77 50 38 76
6 13 16 40 9 5
6 14 62 66 35 36
6 15 21 52 65 7
6 16 37 85 47 36
6 17 42 16 11 84
6 18 75 88 90 31
6 19 30 85 58 82
6 20 82 23 62 70
6 21 14 17 77 36
6 22 78 53 91 18
6 23 77 76 34 80
6 24 81 77 61 90
6 25 26 53 6 84
6 26 85 51 33 64
6 27 48 45 44 63
6 28 65 91 21 57
6 29 89 96 20 80
6 30 92 80 69 75
6 31 87 33 19 32
6 32 8 2 23 50
6 33 22 57 33 55
6 34 20 78 61 80
6 35 69 67 14 91
6 36 93 81 98 28
6 37 44 87 85 80
6 38 18 46 3 22
6 39 41 30 29 75
7 8 45 73 33 65
7 9 38 40 39 67
7 10 12 54 42 70
7 11 99 50 33 81
7 12 12 51 35 81
7 13 56 66 22 20
7 14 93 48 53 73
7 15 13 39 33 20
7 16 90 55 39 82
7 17 63 75 58 47
7 18 86 93 65 91
7 19 33 37 73 23
7 20 90 63 32 24
7 21 8 24 17 78
7 22 75 57 35 38
7 23 69 64 89 34
7 24 55 54 33 61
7 25 8 37 4 77
7 26 54 83 72 87
7 27 2 27 40 70
7 28 89 48 21 21
7 29 34 53 85 23
7 30 88 38 72 86
7 31 89 83 56 83
7 32 3 56 15 55
7 33 51 39 30 62
7 34 46 13 29 80
7 35 85 77 22 84
7 36 88 71 82 24
7 37 22 36 31 20
7 38 81 20 31 81
7 39 11 58 76 13
8 9 71 37 59 75
8 10 73 69 21 26
8 11 16 55 3 53
8 12 60 16 44 79
8 13 3 24 51 26
8 14 40 13 50 43
8 15 88 25 22 58
8 16 86 68 43 64
8 17 53 85 22 63
8 18 99 33 87 38
8 19 74 80 30 82
8 20 48 78 87 82
8 21 29 85 19 61
8 22 38 76 37 16
8 23 95 71 30 46
8 24 32 46 45 40
8 25 95 98 95 62
8 26 56 70 90 64
8 27 24 49 23 9
8 28 25 54 77 60
8 29 84 35 30 54
8 30 56 45 38 47
8 31 30 62 63 76
8 32 96 33 73 27
8 33 16 35 41 75
8 34 71 88 84 70
8 35 6 61 22 4
8 36 89 30 73 61
8 37 74 18 41 91
8 38 38 76 44 32
8 39 83 24 47 67
9 10 69 45 28 35
9 11 2 18 22 13
9 12 79 32 71 67
9 13 46 22 69 41
9 14 73 35 93 55
9 15 59 32 19 67
9 16 26 42 43 35
9 17 42 26 12 56
9 18 42 32 67 24
9 19 43 72 52 22
9 20 90 55 82 48
9 21 66 72 85 13
9 22 71 46 92 42
9 23 43 13 9 12
9 24 8 18 13 35
9 25 32 61 24 42
9 26 35 43 52 55
9 27 11 22 29 25
9 28 30 32 62 31
9 29 12 21 31 59
9 30 83 35 82 46
9 31 80 37 86 37
9 32 6 6 34 11
9 33 58 46 76 57
9 34 90 81 45 20
9 35 98 52 35 31
9 36 35 40 11 15
9 37 5 62 55 27
9 38 0 20 4 13
9 39 21 20 79 83
10 11 48 22 49 59
10 12 90 56 64 81
10 13 53 13 27 32
10 14 46 44 75 84
10 15 54 85 87 85
10 16 90 53 46 88
10 17 44 63 88 28
10 18 58 90 59 22
10 19 85 81 46 39
10 20 17 31 28 79
10 21 67 79 41 49
10 22 30 71 46 8
10 23 21 17 63 63
10 24 73 18 83 94
10 25 9 77 49 77
10 26 50 89 84 22
10 27 88 32 93 50
10 28 35 20 58 46
10 29 99 20 76 93
10 30 60 22 12 88
10 31 85 81 35 23
10 32 43 49 53 83
10 33 41 12 46 68
10 34 46 35 41 42
10 35 18 40 49 75
10 36 68 28 33 17
10 37 62 83 77 34
10 38 68 15 40 44
10 39 51 65 42 20
11 12 33 68 42 52
11 13 60 50 43 63
11 14 83 27 54 29
11 15 38 83 61 23
11 16 54 37 14 14
11 17 2 38 76 75
11 18 9 47 23 23
11 19 51 45 71 18
11 20 88 41 59 44
11 21 97 68 33 34
11 22 54 30 65 74
11 23 81 57 59 46
11 24 59 50 71 15
11 25 55 41 19 30
11 26 44 54 42 23
11 27 52 41 83 23
11 28 89 94 32 18
11 29 13 77 19 34
11 30 36 76 60 15
11 31 50 67 82 64
11 32 63 50 38 53
11 33 99 20 72 92
11 34 88 56 79 55
11 35 88 91 63 40
11 36 96 27 24 64
11 37 24 50 74 29
11 38 4 33 79 33
11 39 51 40 26 18
12 13 75 63 68 42
12 14 21 26 70 72
12 15 38 44 75 33
12 16 64 74 34 75
12 17 5 26 30 62
12 18 58 17 34 41
12 19 7 79 64 5
12 20 26 55 14 48
12 21 22 70 26 47
12 22 71 30 60 50
12 23 56 65 76 55
12 24 19 4 69 28
12 25 39 29 73 83
12 26 8 2 14 45
12 27 83 48 87 58
12 28 39 42 56 45
12 29 84 39 73 91
12 30 5 10 45 78
12 31 79 57 69 57
12 32 10 39 69 45
12 33 89 64 86 18
12 34 14 76 62 29
12 35 60 41 27 53
12 36 95 61 44 36
12 37 4 14 68 67
12 38 40 74 83 18
12 39 38 45 64 31
13 14 5 23 49 43
13 15 56 26 89 29
13 16 63 43 33 75
13 17 36 34 66 17
13 18 91 63 43 97
13 19 56 52 77 80
13 20 61 41 51 63
13 21 48 84 19 73
13 22 24 58 33 49
13 23 63 56 49 65
13 24 73 56 26 78
13 25 72 89 62 51
13 26 95 32 78 72
13 27 75 73 75 78
13 28 58 15 33 25
13 29 17 53 39 38
13 30 29 53 13 63
13 31 28 77 32 28
13 32 84 56 75 87
13 33 92 41 52 58
13 34 25 49 17 13
13 35 49 40 49 17
13 36 36 57 44 21
13 37 55 34 53 27
13 38 21 20 58 44
13 39 4 8 47 53
14 15 19 38 58 74
14 16 43 32 81 29
14 17 88 59 64 80
14 18 51 73 36 54
14 19 52 67 29 39
14 20 88 56 33 69
14 21 42 17 83 32
14 22 5 79 72 35
14 23 14 33 27 57
14 24 90 32 65 53
14 25 76 71 68 75
14 26 21 80 26 10
14 27 24 84 31 42
14 28 70 71 49 70
14 29 29 25 78 35
14 30 15 13 46 69
14 31 54 30 85 58
14 32 20 34 68 23
14 33 71 17 35 51
14 34 30 58 28 79
14 35 52 70 42 84
14 36 6 42 49 34
14 37 80 83 83 77
14 38 17 67 58 5
14 39 81 24 83 40
15 16 86 47 87 65
15 17 95 44 78 48
15 18 18 75 15 9
15 19 9 73 29 32
15 20 98 85 64 90
15 21 88 96 85 81
15 22 19 8 40 14
15 23 79 32 72 87
15 24 70 52 21 75
15 25 93 71 30 32
15 26 40 37 46 8
15 27 13 71 79 75
15 28 32 21 72 17
15 29 44 38 84 40
15 30 59 86 73 75
15 31 58 28 47 77
15 32 2 59 51 55
15 33 92 54 62 89
15 34 97 21 92 37
15 35 35 40 37 73
15 36 35 59 71 18
15 37 90 61 83 49
15 38 72 15 35 65
15 39 30 12 16 21
16 17 97 48 30 87
16 18 35 63 55 50
16 19 84 44 47 67
16 20 71 75 14 82
16 21 72 42 51 55
16 22 79 27 75 72
16 23 69 74 67 49
16 24 58 36 38 64
16 25 30 47 70 75
16 26 68 83 52 28
16 27 50 48 40 80
16 28 59 17 70 32
16 29 77 23 38 51
16 30 4 7 38 32
16 31 7 74 67 9
16 32 89 79 88 31
16 33 23 50 76 40
16 34 22 36 6 4
16 35 0 48 66 13
16 36 29 27 32 18
16 37 10 55 43 56
16 38 83 39 46 43
16 39 19 57 32 54
17 18 94 21 39 41
17 19 82 60 86 67
17 20 79 80 71 27
17 21 64 54 37 51
17 22 67 40 72 87
17 23 98 48 99 30
17 24 75 54 24 62
17 25 14 7 58 17
17 26 75 81 63 53
17 27 69 17 87 73
17 28 83 48 42 62
17 29 12 55 63 39
17 30 90 85 40 61
17 31 65 47 75 52
17 32 39 28 17 14
17 33 11 81 11 21
17 34 30 68 19 11
17 35 11 4 4 37
17 36 49 55 36 55
17 37 8 80 52 59
17 38 5 3 71 18
17 39 43 65 32 61
18 19 34 29 22 76
18 20 93 23 36 49
18 21 82 82 55 66
18 22 78 23 92 24
18 23 30 42 42 65
18 24 68 44 66 28
18 25 85 23 86 80
18 26 76 22 45 24
18 27 14 64 60 46
18 28 52 27 61 83
18 29 59 33 17 57
18 30 60 23 89 88
18 31 17 15 4 12
18 32 42 82 51 54
18 33 36 86 40 30
18 34 2 18 63 1
18 35 51 14 12 49
18 36 92 89 29 70
18 37 80 38 69 51
18 38 48 70 74 54
18 39 20 48 37 27
19 20 11 58 59 26
19 21 17 70 6 49
19 22 23 34 61 53
19 23 5 27 51 79
19 24 41 33 50 25
19 25 49 11 83 24
19 26 74 23 67 82
19 27 74 91 24 57
19 28 0 41 32 78
19 29 24 65 36 61
19 30 2 38 75 70
19 31 20 62 12 13
19 32 53 83 65 89
19 33 55 14 68 29
19 34 64 14 53 70
19 35 90 65 27 55
19 36 55 18 77 76
19 37 3 65 68 25
19 38 13 79 78 25
19 39 91 23 29 21
20 21 49 89 21 55
20 22 38 79 82 47
20 23 56 35 87 70
20 24 78 18 54 76
20 25 74 36 77 43
20 26 29 28 19 41
20 27 53 55 28 83
20 28 47 61 88 87
20 29 0 59 75 40
20 30 46 61 73 67
20 31 27 23 21 82
20 32 17 72 44 79
20 33 99 94 49 29
20 34 16 73 16 59
20 35 27 11 13 60
20 36 39 59 59 57
20 37 31 51 34 58
20 38 55 47 76 65
20 39 29 75 74 50
21 22 50 69 54 30
21 23 39 76 81 48
21 24 12 55 34 26
21 25 84 26 50 28
21 26 88 91 54 45
21 27 19 74 8 32
21 28 73 42 61 76
21 29 37 9 34 62
21 30 48 46 60 19
21 31 37 49 33 53
21 32 25 63 70 11
21 33 80 40 37 72
21 34 79 87 64 29
21 35 50 66 48 32
21 36 40 24 72 73
21 37 24 25 54 35
21 38 70 27 63 84
21 39 46 65 45 15
22 23 15 54 66 51
22 24 20 78 73 64
22 25 96 29 42 52
22 26 66 90 47 49
22 27 25 82 26 6
22 28 7 34 41 12
22 29 73 64 78 39
22 30 2 18 31 7
22 31 38 83 47 49
22 32 48 50 45 82
22 33 11 20 17 19
22 34 21 6 38 81
22 35 38 18 78 63
22 36 77 37 35 23
22 37 61 27 89 28
22 38 53 56 21 11
22 39 88 21 77 56
23 24 27 27 75 57
23 25 24 40 46 68
23 26 96 51 24 49
23 27 61 61 13 83
23 28 46 16 50 80
23 29 77 58 76 90
23 30 57 70 18 53
23 31 70 42 37 21
23 32 37 23 63 70
23 33 41 62 15 56
23 34 34 50 26 28
23 35 34 26 37 32
23 36 64 59 15 18
23 37 31 28 79 9
23 38 64 58 87 89
23 39 38 32 50 78
24 25 30 51 7 7
24 26 90 91 48 96
24 27 6 76 28 69
24 28 18 68 46 55
24 29 14 45 19 58
24 30 55 36 28 23
24 31 80 30 78 32
24 32 88 45 90 32
24 33 91 21 24 78
24 34 43 84 21 30
24 35 25 50 83 8
24 36 52 70 85 31
24 37 71 58 27 26
24 38 52 42 59 88
24 39 90 41 92 49
25 26 81 61 29 26
25 27 55 59 43 14
25 28 86 81 72 42
25 29 61 39 41 25
25 30 11 6 16 52
25 31 30 6 50 40
25 32 30 48 81 68
25 33 28 9 32 29
25 34 60 55 41 26
25 35 89 21 31 55
25 36 78 64 81 65
25 37 53 18 36 79
25 38 70 49 17 52
25 39 17 70 50 53
26 27 85 43 32 86
26 28 24 5 73 68
26 29 7 53 22 44
26 30 40 43 80 73
26 31 0 76 5 20
26 32 46 40 26 69
26 33 27 49 23 40
26 34 1 31 22 0
26 35 26 20 25 50
26 36 35 22 26 68
26 37 7 42 44 13
26 38 60 84 65 50
26 39 78 57 74 68
27 28 96 41 97 53
27 29 46 21 10 85
27 30 3 16 25 29
27 31 71 66 22 32
27 32 26 80 53 67
27 33 15 14 31 49
27 34 24 47 84 7
27 35 35 54 26 24
27 36 31 51 11 13
27 37 6 26 13 7
27 38 97 59 34 39
27 39 61 69 84 54
28 29 32 21 7 55
28 30 83 57 53 61
28 31 77 17 55 94
28 32 63 34 83 43
28 33 56 40 26 30
28 34 58 80 67 39
28 35 46 32 21 88
28 36 69 15 67 77
28 37 10 9 74 19
28 38 41 51 23 65
28 39 0 10 70 11
29 30 43 20 83 30
29 31 21 42 29 84
29 32 17 21 5 19
29 33 56 50 51 49
29 34 74 84 36 42
29 35 32 15 40 11
29 36 52 16 24 62
29 37 58 15 32 80
29 38 47 79 73 65
29 39 7 69 39 78
30 31 19 11 4 61
30 32 63 82 57 38
30 33 60 55 62 64
30 34 86 85 45 43
30 35 34 36 38 35
30 36 18 72 76 45
30 37 95 42 33 33
30 38 90 20 85 29
30 39 98 61 21 24
31 32 16 37 48 36
31 33 95 50 43 40
31 34 3 44 23 69
31 35 12 25 12 25
31 36 70 41 47 45
31 37 28 61 70 39
31 38 0 64 53 0
31 39 76 27 38 15
32 33 17 26 56 73
32 34 49 11 29 49
32 35 11 48 35 48
32 36 49 55 59 55
32 37 66 47 33 24
32 38 82 37 76 60
32 39 0 35 68 49
33 34 86 41 36 82
33 35 74 85 66 44
33 36 77 94 87 92
33 37 30 46 71 28
33 38 33 73 29 69
33 39 93 66 97 54
34 35 24 59 59 69
34 36 17 65 18 74
34 37 25 36 47 77
34 38 47 34 72 45
34 39 52 42 66 18
35 36 76 38 29 71
35 37 28 53 52 51
35 38 22 7 34 40
35 39 81 48 41 51
36 37 74 91 21 72
36 38 47 83 79 37
36 39 92 40 88 24
37 38 0 1 61 33
37 39 88 68 37 63
38 39 33 70 16 23
