40
0 1 98 73 59 69
0 2 39 69 54 54
0 3 36 43 36 65
0 4 48 36 28 69
0 5 48 39 29 69
0 6 40 44 42 56
0 7 47 69 73 28
0 8 26 20 55 48
0 9 52 57 55 63
0 10 96 80 85 68
0 11 59 39 49 31
0 12 19 53 36 40
0 13 76 78 79 70
0 14 82 86 55 70
0 15 93 63 52 87
0 16 99 61 92 58
0 17 77 42 54 84
0 18 1 28 45 9
0 19 22 16 25 18
0 20 21 28 49 25
0 21 24 38 17 51
0 22 14 41 14 57
0 23 47 33 59 70
0 24 88 55 86 76
0 25 24 19 56 24
0 26 58 52 78 76
0 27 69 81 68 81
0 28 80 46 78 85
0 29 22 34 14 60
0 30 63 68 60 33
0 31 12 10 53 56
0 32 25 15 33 18
0 33 71 74 62 50
0 34 94 63 49 52
0 35 4 46 34 52
0 36 17 58 20 21
0 37 71 55 71 51
0 38 49 68 29 49
0 39 72 82 68 85
1 2 57 77 42 58
1 3 0 8 17 21
1 4 69 46 58 44
1 5 87 84 59 59
1 6 68 50 64 59
1 7 66 62 57 48
1 8 31 54 50 46
1 9 45 27 68 71
1 10 20 26 11 31
1 11 16 37 28 20
1 12 20 57 12 48
1 13 29 58 17 37
1 14 69 59 35 79
1 15 92 47 47 48
1 16 13 41 47 52
1 17 52 60 44 37
1 18 14 48 14 51
1 19 67 72 59 76
1 20 98 89 73 63
1 21 64 49 58 81
1 22 31 27 53 48
1 23 23 35 15 23
1 24 88 64 52 44
1 25 67 69 55 71
1 26 17 45 27 9
1 27 76 56 64 40
1 28 90 80 46 86
1 29 61 39 50 40
1 30 32 38 35 16
1 31 49 73 69 43
1 32 83 70 76 53
1 33 35 37 56 36
1 34 76 84 45 77
1 35 96 58 76 55
1 36 91 94 66 83
1 37 55 52 32 74
1 38 38 41 67 38
1 39 65 36 45 55
2 3 61 75 41 48
2 4 73 42 75 67
2 5 35 44 43 20
2 6 96 76 76 78
2 7 63 49 50 37
2 8 81 67 48 87
2 9 22 37 19 44
2 10 68 53 45 52
2 11 69 71 42 45
2 12 93 80 89 79
2 13 40 49 21 50
2 14 59 41 36 77
2 15 25 33 27 30
2 16 10 8 38 49
2 17 3 28 1 28
2 18 93 78 50 51
2 19 53 34 67 33
2 20 4 26 27 32
2 21 33 65 62 61
2 22 83 88 85 74
2 23 58 52 65 31
2 24 7 45 22 35
2 25 26 26 18 62
2 26 63 75 37 50
2 27 53 38 35 58
2 28 8 25 32 36
2 29 35 56 47 48
2 30 97 69 50 72
2 31 70 67 53 51
2 32 92 55 92 75
2 33 96 84 78 49
2 34 39 48 33 20
2 35 39 46 64 36
2 36 7 46 45 29
2 37 50 55 32 70
2 38 93 90 54 54
2 39 14 49 20 48
3 4 28 14 30 30
3 5 99 65 71 98
3 6 83 86 45 69
3 7 51 30 34 55
3 8 10 51 20 48
3 9 74 59 49 56
3 10 61 50 50 61
3 11 4 35 5 32
3 12 49 59 26 74
3 13 32 23 27 61
3 14 8 29 36 25
3 15 51 41 67 53
3 16 55 60 65 36
3 17 44 31 46 68
3 18 58 70 66 45
3 19 78 51 61 85
3 20 81 90 77 76
3 21 97 71 97 78
3 22 98 75 81 68
3 23 76 48 56 84
3 24 40 63 60 60
3 25 5 28 52 39
3 26 94 88 48 85
3 27 22 17 53 22
3 28 97 63 62 58
3 29 6 33 9 32
3 30 74 47 67 77
3 31 13 35 25 23
3 32 95 95 89 64
3 33 15 9 27 23
3 34 97 86 55 83
3 35 90 71 77 80
3 36 52 70 44 61
3 37 95 90 81 81
3 38 55 69 50 58
3 39 79 81 48 46
4 5 94 68 94 95
4 6 16 42 45 27
4 7 82 52 55 88
4 8 52 54 69 51
4 9 40 26 53 24
4 10 23 17 45 23
4 11 81 84 87 66
4 12 31 63 65 45
4 13 71 56 52 49
4 14 66 65 75 50
4 15 0 46 33 13
4 16 21 47 47 45
4 17 43 33 39 40
4 18 63 75 70 61
4 19 23 23 41 38
4 20 53 38 72 44
4 21 27 55 17 60
4 22 12 27 15 32
4 23 20 41 58 52
4 24 13 50 31 21
4 25 84 84 50 46
4 26 47 31 62 39
4 27 17 44 48 13
4 28 50 37 64 57
4 29 59 36 35 41
4 30 44 56 57 60
4 31 93 93 85 83
4 32 13 24 43 38
4 33 4 41 12 25
4 34 37 60 57 62
4 35 95 65 96 47
4 36 53 39 39 44
4 37 95 58 56 88
4 38 25 19 42 26
4 39 76 68 75 78
5 6 47 33 46 65
5 7 57 78 65 40
5 8 12 26 25 31
5 9 42 57 64 23
5 10 22 23 17 53
5 11 81 56 65 42
5 12 46 59 65 24
5 13 91 46 92 57
5 14 57 64 57 41
5 15 88 74 64 71
5 16 21 35 58 29
5 17 60 60 71 33
5 18 50 60 34 28
5 19 80 56 86 74
5 20 7 41 30 53
5 21 95 77 74 70
5 22 72 85 65 53
5 23 81 70 64 58
5 24 92 88 74 78
5 25 18 27 17 51
5 26 77 44 76 81
5 27 68 58 50 56
5 28 39 33 63 52
5 29 89 54 69 75
5 30 72 84 68 86
5 31 77 82 50 39
5 32 89 67 52 54
5 33 43 69 71 36
5 34 2 9 46 32
5 35 7 34 46 20
5 36 27 31 21 27
5 37 37 45 29 47
5 38 55 38 77 60
5 39 77 78 62 81
6 7 79 64 51 58
6 8 22 53 51 46
6 9 15 46 39 39
6 10 24 52 39 59
6 11 17 48 53 34
6 12 32 34 26 37
6 13 16 47 22 33
6 14 67 66 44 82
6 15 67 79 61 79
6 16 91 91 48 90
6 17 45 23 29 24
6 18 13 8 54 50
6 19 46 65 55 23
6 20 41 25 23 31
6 21 75 53 42 42
6 22 53 71 64 39
6 23 41 40 41 45
6 24 47 48 42 54
6 25 13 51 37 29
6 26 2 49 17 20
6 27 86 86 78 72
6 28 59 50 60 79
6 29 46 43 59 60
6 30 67 43 42 65
6 31 1 12 43 21
6 32 12 23 31 11
6 33 22 55 52 43
6 34 10 49 33 42
6 35 77 44 68 46
6 36 89 90 52 51
6 37 71 74 67 45
6 38 93 48 66 51
6 39 30 47 40 18
7 8 21 49 14 38
7 9 53 30 48 56
7 10 41 24 23 35
7 11 8 24 42 41
7 12 55 44 30 74
7 13 73 86 80 48
7 14 87 86 90 53
7 15 77 62 45 69
7 16 26 56 30 23
7 17 21 23 31 30
7 18 91 88 57 68
7 19 40 26 50 45
7 20 96 80 54 74
7 21 4 43 52 32
7 22 15 22 9 54
7 23 46 24 61 47
7 24 74 64 73 85
7 25 15 8 43 44
7 26 41 62 35 29
7 27 32 27 60 24
7 28 30 22 24 59
7 29 5 45 15 17
7 30 89 47 67 47
7 31 48 62 71 34
7 32 66 64 39 58
7 33 35 62 63 58
7 34 29 38 51 27
7 35 55 62 49 31
7 36 0 36 38 41
7 37 24 53 29 38
7 38 13 48 32 47
7 39 49 46 52 52
8 9 23 60 26 13
8 10 91 57 88 51
8 11 3 46 40 41
8 12 56 58 34 56
8 13 86 73 60 76
8 14 69 65 76 79
8 15 37 29 59 29
8 16 18 29 58 54
8 17 71 84 76 44
8 18 91 70 92 76
8 19 53 51 53 43
8 20 70 82 41 76
8 21 70 71 65 60
8 22 82 49 45 74
8 23 68 73 34 62
8 24 3 16 24 42
8 25 84 74 87 42
8 26 4 2 42 12
8 27 42 22 39 54
8 28 24 26 44 38
8 29 36 26 57 62
8 30 40 63 64 53
8 31 39 21 26 21
8 32 97 80 60 61
8 33 79 51 83 55
8 34 33 38 63 36
8 35 65 70 34 36
8 36 64 37 39 78
8 37 24 28 30 42
8 38 4 12 19 24
8 39 18 41 30 56
9 10 7 10 41 37
9 11 24 42 31 50
9 12 52 69 36 74
9 13 92 69 56 94
9 14 71 80 69 73
9 15 88 90 54 85
9 16 83 70 68 89
9 17 66 36 52 40
9 18 80 49 54 57
9 19 77 43 65 43
9 20 64 46 50 36
9 21 32 22 58 26
9 22 93 78 50 65
9 23 24 51 45 54
9 24 38 56 26 56
9 25 94 64 72 78
9 26 71 40 67 70
9 27 10 14 37 39
9 28 62 57 70 57
9 29 25 51 13 49
9 30 97 91 57 65
9 31 94 54 86 82
9 32 88 88 65 82
9 33 71 74 39 56
9 34 82 49 87 78
9 35 53 31 64 38
9 36 9 6 41 17
9 37 59 54 78 61
9 38 78 75 50 54
9 39 42 24 37 35
10 11 87 92 71 45
10 12 59 65 50 67
10 13 8 9 13 41
10 14 16 11 13 47
10 15 14 57 50 7
10 16 83 89 77 51
10 17 58 51 73 67
10 18 38 44 55 48
10 19 25 20 35 27
10 20 81 55 78 64
10 21 93 88 59 67
10 22 25 19 58 32
10 23 30 48 33 64
10 24 38 34 33 22
10 25 92 94 92 80
10 26 33 27 38 35
10 27 95 62 88 52
10 28 88 49 84 81
10 29 4 19 23 6
10 30 1 20 18 2
10 31 42 41 45 62
10 32 65 45 51 37
10 33 87 61 57 46
10 34 62 74 75 81
10 35 6 4 45 6
10 36 70 47 56 82
10 37 39 27 26 49
10 38 19 33 22 46
10 39 24 48 28 17
11 12 2 43 19 28
11 13 40 69 33 46
11 14 21 42 43 29
11 15 78 82 43 55
11 16 15 36 29 9
11 17 38 43 38 29
11 18 71 77 50 51
11 19 68 74 68 71
11 20 17 54 31 46
11 21 22 24 55 26
11 22 0 49 21 8
11 23 55 52 32 34
11 24 15 37 43 49
11 25 53 56 70 60
11 26 52 32 37 45
11 27 70 82 37 72
11 28 71 65 50 55
11 29 86 46 78 64
11 30 16 20 13 28
11 31 32 52 31 33
11 32 30 59 21 17
11 33 17 35 54 22
11 34 24 51 19 39
11 35 49 41 40 70
11 36 74 65 53 64
11 37 8 4 35 36
11 38 9 11 30 11
11 39 76 42 44 61
12 13 13 8 6 55
12 14 33 42 21 25
12 15 10 6 31 43
12 16 12 24 21 35
12 17 16 27 29 38
12 18 14 35 28 9
12 19 96 87 68 79
12 20 23 56 31 43
12 21 61 65 65 57
12 22 56 59 28 48
12 23 9 32 13 33
12 24 83 76 77 55
12 25 63 39 66 57
12 26 81 68 79 68
12 27 49 43 58 66
12 28 99 55 80 52
12 29 63 65 71 69
12 30 0 38 47 29
12 31 42 53 66 59
12 32 13 36 8 7
12 33 16 54 20 34
12 34 10 44 39 7
12 35 28 36 20 55
12 36 57 57 31 74
12 37 82 46 54 85
12 38 96 51 75 77
12 39 49 47 56 37
13 14 5 24 13 19
13 15 46 44 71 41
13 16 38 42 55 54
13 17 57 68 75 32
13 18 14 23 45 53
13 19 9 33 38 50
13 20 28 36 16 39
13 21 37 54 32 44
13 22 29 18 25 56
13 23 8 40 18 47
13 24 79 50 71 83
13 25 15 52 32 20
13 26 43 34 24 42
13 27 46 27 55 30
13 28 70 48 82 45
13 29 14 23 48 53
13 30 66 50 44 78
13 31 42 46 65 56
13 32 6 24 29 21
13 33 95 94 82 82
13 34 7 22 11 49
13 35 21 52 50 22
13 36 37 20 28 38
13 37 67 71 68 40
13 38 78 67 40 78
13 39 64 67 65 44
14 15 90 69 64 88
14 16 86 44 87 72
14 17 16 55 43 53
14 18 35 33 51 64
14 19 64 48 73 77
14 20 88 82 79 61
14 21 21 23 18 43
14 22 9 32 49 40
14 23 11 38 25 23
14 24 87 65 59 55
14 25 80 85 64 55
14 26 71 43 60 54
14 27 81 47 82 82
14 28 90 94 88 83
14 29 11 31 8 7
14 30 90 78 88 59
14 31 75 79 57 50
14 32 86 63 71 54
14 33 83 68 67 88
14 34 92 51 69 82
14 35 79 86 40 68
14 36 18 18 43 13
14 37 47 58 41 42
14 38 33 38 28 39
14 39 60 41 50 31
15 16 17 31 56 23
15 17 29 45 53 41
15 18 85 76 51 79
15 19 20 21 45 29
15 20 60 59 67 58
15 21 39 30 30 33
15 22 11 17 18 26
15 23 16 18 15 28
15 24 14 22 13 19
15 25 21 19 57 28
15 26 42 65 57 59
15 27 95 89 84 60
15 28 18 51 16 36
15 29 45 32 61 55
15 30 41 31 59 36
15 31 98 97 92 75
15 32 19 20 25 16
15 33 7 8 28 23
15 34 55 65 58 73
15 35 77 69 88 81
15 36 70 79 43 53
15 37 0 49 2 40
15 38 91 50 94 59
15 39 18 27 53 52
16 17 74 73 52 71
16 18 2 11 23 23
16 19 2 8 10 15
16 20 56 75 47 35
16 21 1 14 18 20
16 22 66 44 74 40
16 23 76 42 66 81
16 24 77 59 87 65
16 25 21 15 15 60
16 26 7 33 35 39
16 27 90 74 53 81
16 28 82 70 48 42
16 29 67 57 70 55
16 30 28 41 32 36
16 31 54 38 28 55
16 32 61 70 63 54
16 33 0 49 14 39
16 34 93 88 95 86
16 35 25 20 35 31
16 36 1 16 9 27
16 37 97 71 93 89
16 38 22 41 13 45
16 39 89 45 86 93
17 18 75 58 83 52
17 19 48 37 53 59
17 20 96 75 54 64
17 21 65 39 37 75
17 22 48 65 54 48
17 23 0 36 46 1
17 24 0 15 21 21
17 25 86 81 45 70
17 26 73 42 55 73
17 27 43 34 61 23
17 28 43 24 39 57
17 29 43 32 58 67
17 30 39 22 38 53
17 31 46 69 40 39
17 32 93 64 73 92
17 33 35 37 46 40
17 34 59 77 50 51
17 35 41 33 60 26
17 36 93 68 49 65
17 37 93 70 71 73
17 38 13 27 8 13
17 39 12 52 21 41
18 19 0 19 32 45
18 20 16 31 42 42
18 21 37 55 54 37
18 22 38 68 28 42
18 23 3 15 47 51
18 24 12 11 51 21
18 25 18 15 26 32
18 26 73 54 76 77
18 27 21 52 27 28
18 28 14 38 54 45
18 29 70 83 39 71
18 30 10 17 49 54
18 31 32 26 47 61
18 32 54 50 45 75
18 33 13 19 38 13
18 34 10 26 5 31
18 35 74 62 47 47
18 36 82 56 59 67
18 37 52 76 57 63
18 38 52 56 50 72
18 39 1 3 38 4
19 20 9 41 20 37
19 21 64 65 60 77
19 22 39 37 63 58
19 23 76 53 40 77
19 24 41 36 62 34
19 25 3 8 26 47
19 26 16 16 38 21
19 27 96 72 64 86
19 28 25 39 59 42
19 29 52 35 26 45
19 30 97 71 93 91
19 31 99 70 70 57
19 32 53 46 44 40
19 33 15 16 33 38
19 34 99 63 99 71
19 35 75 42 38 80
19 36 16 23 54 21
19 37 14 55 15 56
19 38 68 64 48 75
19 39 42 26 58 23
20 21 47 32 68 40
20 22 65 78 42 55
20 23 25 36 42 53
20 24 65 64 60 51
20 25 60 60 61 37
20 26 6 29 13 15
20 27 17 18 34 24
20 28 22 11 57 60
20 29 94 78 48 56
20 30 18 25 29 58
20 31 75 50 85 71
20 32 93 53 55 70
20 33 45 47 41 24
20 34 19 49 59 50
20 35 15 47 18 53
20 36 48 54 27 34
20 37 50 65 64 41
20 38 81 73 50 75
20 39 58 55 52 38
21 22 65 45 78 72
21 23 70 56 66 64
21 24 79 77 55 80
21 25 98 73 86 82
21 26 58 29 63 44
21 27 21 12 16 39
21 28 0 32 34 14
21 29 73 62 70 54
21 30 84 51 86 83
21 31 17 34 39 25
21 32 1 14 25 46
21 33 37 49 38 23
21 34 54 55 41 72
21 35 22 24 25 16
21 36 64 59 73 74
21 37 65 45 78 61
21 38 3 2 34 50
21 39 72 41 65 69
22 23 57 50 45 76
22 24 96 58 72 56
22 25 87 88 87 80
22 26 6 39 11 9
22 27 83 64 73 82
22 28 60 68 50 59
22 29 20 14 58 59
22 30 71 72 66 74
22 31 89 62 86 66
22 32 93 51 47 73
22 33 14 39 18 21
22 34 51 60 54 50
22 35 37 57 67 43
22 36 61 59 36 53
22 37 77 59 47 70
22 38 22 53 27 60
22 39 47 73 68 51
23 24 76 60 78 86
23 25 40 44 33 47
23 26 11 40 25 28
23 27 56 52 48 30
23 28 99 74 51 70
23 29 51 48 35 48
23 30 8 24 5 15
23 31 15 17 11 13
23 32 4 43 22 47
23 33 9 6 34 16
23 34 81 49 55 63
23 35 34 58 40 36
23 36 91 95 84 70
23 37 73 41 60 50
23 38 26 13 61 62
23 39 33 40 20 46
24 25 90 60 49 90
24 26 37 23 51 19
24 27 38 54 47 62
24 28 6 10 38 30
24 29 26 44 47 13
24 30 18 14 31 17
24 31 42 61 59 58
24 32 68 54 68 55
24 33 76 57 61 68
24 34 44 42 39 51
24 35 41 24 64 62
24 36 28 42 18 21
24 37 15 54 54 56
24 38 95 76 93 73
24 39 13 37 10 41
25 26 59 56 31 76
25 27 75 48 80 42
25 28 59 74 59 30
25 29 3 2 13 45
25 30 39 41 63 66
25 31 70 78 39 50
25 32 56 48 45 71
25 33 50 33 46 32
25 34 68 48 61 61
25 35 85 91 69 67
25 36 92 81 53 54
25 37 0 16 38 26
25 38 66 39 45 69
25 39 60 42 42 56
26 27 57 52 55 78
26 28 78 48 46 71
26 29 22 45 53 30
26 30 19 51 37 41
26 31 58 62 73 37
26 32 84 50 90 77
26 33 65 75 48 76
26 34 3 26 13 27
26 35 62 63 42 65
26 36 29 38 18 58
26 37 77 68 71 71
26 38 67 60 53 35
26 39 75 38 45 77
27 28 21 60 13 52
27 29 72 71 43 38
27 30 4 21 40 38
27 31 75 53 67 84
27 32 88 57 82 84
27 33 43 53 50 30
27 34 88 83 89 52
27 35 33 39 53 56
27 36 68 71 69 75
27 37 97 80 94 88
27 38 99 68 86 54
27 39 26 50 21 55
28 29 16 40 13 43
28 30 21 37 32 50
28 31 95 77 74 52
28 32 55 68 72 41
28 33 48 46 33 61
28 34 40 67 21 25
28 35 5 17 33 51
28 36 29 19 45 22
28 37 2 28 30 22
28 38 78 47 43 84
28 39 77 79 85 85
29 30 9 50 13 24
29 31 85 45 81 57
29 32 72 75 40 78
29 33 67 45 49 65
29 34 23 33 56 19
29 35 42 22 31 50
29 36 14 18 32 42
29 37 83 69 62 90
29 38 52 57 28 53
29 39 69 39 81 49
30 31 46 62 58 60
30 32 40 67 28 63
30 33 82 84 58 63
30 34 23 31 19 35
30 35 55 41 62 68
30 36 77 67 52 74
30 37 10 26 44 37
30 38 88 58 64 70
30 39 86 70 56 78
31 32 84 68 85 86
31 33 18 28 38 39
31 34 74 75 65 43
31 35 30 59 34 54
31 36 70 60 35 56
31 37 71 84 73 65
31 38 68 49 80 61
31 39 93 92 82 61
32 33 67 34 36 81
32 34 88 67 78 56
32 35 86 50 48 43
32 36 59 53 32 73
32 37 34 37 18 32
32 38 86 60 73 77
32 39 56 31 36 28
33 34 43 70 29 32
33 35 58 46 45 78
33 36 33 33 22 17
33 37 97 65 86 49
33 38 16 56 41 48
33 39 2 21 45 39
34 35 16 45 49 15
34 36 40 62 58 22
34 37 5 49 6 47
34 38 18 23 19 54
34 39 39 53 42 42
35 36 73 81 65 48
35 37 69 49 45 84
35 38 42 65 66 66
35 39 39 60 21 53
36 37 2 15 38 48
36 38 62 66 58 57
36 39 67 59 52 41
37 38 5 40 49 33
37 39 77 78 41 78
38 39 38 55 22 51
