42
0 1 85 76 75 75
0 2 75 67 77 77
0 3 80 79 82 79
0 4 92 89 87 79
0 5 22 20 31 30
0 6 19 24 29 22
0 7 34 29 31 34
0 8 45 40 44 52
0 9 38 45 42 45
0 10 92 87 83 85
0 11 12 19 20 22
0 12 99 85 94 85
0 13 51 45 53 47
0 14 66 62 57 69
0 15 33 29 40 28
0 16 8 19 8 11
0 17 17 25 18 27
0 18 93 86 91 85
0 19 45 39 43 48
0 20 6 11 19 14
0 21 84 84 72 84
0 22 53 55 58 52
0 23 25 31 26 25
0 24 69 61 71 59
0 25 57 57 51 59
0 26 61 58 58 54
0 27 83 84 82 84
0 28 85 78 80 82
0 29 64 60 66 57
0 30 26 29 31 29
0 31 40 47 38 39
0 32 4 9 14 7
0 33 55 48 58 51
0 34 16 21 17 19
0 35 85 82 80 83
0 36 57 62 61 59
0 37 21 18 26 33
0 38 62 63 61 59
0 39 67 60 58 70
0 40 94 89 86 88
0 41 88 87 87 76
1 2 70 60 66 68
1 3 15 23 21 17
1 4 8 13 18 18
1 5 72 74 74 63
1 6 33 40 38 33
1 7 35 41 35 35
1 8 45 41 43 50
1 9 92 87 80 88
1 10 50 42 49 56
1 11 29 34 37 33
1 12 90 81 82 78
1 13 63 57 59 62
1 14 4 15 8 14
1 15 47 45 47 50
1 16 65 67 57 70
1 17 7 7 11 11
1 18 51 47 52 50
1 19 69 63 63 59
1 20 46 43 50 41
1 21 38 35 38 41
1 22 53 49 57 48
1 23 88 87 80 88
1 24 72 64 71 67
1 25 83 71 78 73
1 26 28 25 25 25
1 27 43 47 45 51
1 28 37 44 36 41
1 29 65 67 60 68
1 30 38 37 38 44
1 31 2 7 15 4
1 32 84 74 76 81
1 33 77 77 72 80
1 34 42 48 35 39
1 35 22 19 32 21
1 36 57 60 57 51
1 37 54 46 52 48
1 38 17 17 27 25
1 39 63 54 56 60
1 40 40 48 44 45
1 41 47 48 40 50
2 3 10 15 19 23
2 4 8 12 17 19
2 5 93 81 85 84
2 6 54 48 56 53
2 7 31 31 37 39
2 8 88 78 81 77
2 9 58 54 56 63
2 10 27 29 28 37
2 11 70 60 63 63
2 12 95 87 95 94
2 13 18 26 18 24
2 14 66 65 62 69
2 15 61 64 52 57
2 16 43 50 40 46
2 17 45 46 47 48
2 18 81 81 77 73
2 19 35 35 39 39
2 20 25 24 28 29
2 21 56 58 62 50
2 22 12 18 16 21
2 23 32 41 39 30
2 24 94 80 86 80
2 25 16 14 19 15
2 26 11 20 21 15
2 27 74 75 66 76
2 28 28 28 33 34
2 29 38 38 34 42
2 30 94 88 89 85
2 31 65 59 63 67
2 32 72 70 69 67
2 33 29 37 26 34
2 34 54 57 48 49
2 35 88 76 75 89
2 36 92 83 93 81
2 37 0 14 9 15
2 38 3 12 15 10
2 39 44 40 47 38
2 40 14 25 17 25
2 41 28 29 30 27
3 4 44 40 47 45
3 5 2 10 15 15
3 6 10 21 15 13
3 7 39 41 36 48
3 8 80 71 79 70
3 9 87 75 85 84
3 10 35 36 30 43
3 11 4 10 18 10
3 12 56 56 57 51
3 13 78 76 68 78
3 14 35 30 42 36
3 15 64 55 63 63
3 16 9 17 11 15
3 17 72 64 76 68
3 18 72 74 68 63
3 19 80 83 80 74
3 20 69 64 60 62
3 21 23 23 20 23
3 22 81 72 75 72
3 23 27 33 25 26
3 24 27 35 38 25
3 25 72 70 71 62
3 26 21 23 32 21
3 27 5 13 9 9
3 28 13 26 17 22
3 29 23 26 20 20
3 30 21 32 32 22
3 31 68 65 70 64
3 32 11 20 23 22
3 33 14 19 16 22
3 34 39 38 44 40
3 35 29 36 27 26
3 36 27 36 36 35
3 37 62 58 55 59
3 38 10 12 16 15
3 39 51 52 51 45
3 40 69 70 66 69
3 41 81 84 78 78
4 5 79 72 75 77
4 6 17 18 19 26
4 7 45 43 41 46
4 8 66 67 59 70
4 9 69 67 63 68
4 10 56 60 49 52
4 11 15 13 18 26
4 12 79 81 82 82
4 13 47 54 43 53
4 14 98 91 96 93
4 15 55 49 61 56
4 16 17 22 17 26
4 17 69 63 65 64
4 18 70 59 61 65
4 19 42 39 50 38
4 20 82 84 72 84
4 21 41 45 44 40
4 22 42 48 41 37
4 23 97 90 86 87
4 24 34 37 31 35
4 25 31 33 35 40
4 26 44 44 48 38
4 27 69 60 67 66
4 28 52 55 50 51
4 29 85 78 85 73
4 30 84 73 76 77
4 31 67 66 65 64
4 32 5 12 13 15
4 33 43 47 39 47
4 34 31 36 40 30
4 35 14 24 15 18
4 36 56 57 51 53
4 37 73 65 77 73
4 38 55 61 59 54
4 39 59 61 60 53
4 40 87 87 85 81
4 41 3 12 12 3
5 6 19 20 28 28
5 7 36 33 45 43
5 8 29 30 25 36
5 9 49 44 46 47
5 10 68 64 70 70
5 11 29 34 28 37
5 12 57 58 57 56
5 13 9 19 10 16
5 14 11 20 24 22
5 15 50 53 52 54
5 16 88 83 79 85
5 17 49 52 45 50
5 18 29 34 29 30
5 19 28 38 27 27
5 20 92 85 87 88
5 21 55 49 58 59
5 22 10 22 14 22
5 23 67 65 65 70
5 24 73 67 76 73
5 25 7 8 13 9
5 26 60 56 60 57
5 27 55 48 62 53
5 28 5 19 19 9
5 29 88 75 80 78
5 30 42 45 45 37
5 31 62 66 53 57
5 32 87 77 78 76
5 33 46 48 41 44
5 34 98 97 85 94
5 35 6 11 9 19
5 36 40 43 39 40
5 37 80 68 78 80
5 38 3 3 17 7
5 39 71 61 73 64
5 40 27 28 25 37
5 41 97 91 97 90
6 7 36 33 42 41
6 8 45 52 42 38
6 9 21 28 20 24
6 10 28 32 25 32
6 11 82 77 72 72
6 12 15 21 26 26
6 13 18 18 24 16
6 14 84 79 80 76
6 15 98 88 85 98
6 16 54 58 49 56
6 17 35 38 30 44
6 18 16 15 26 20
6 19 86 84 84 75
6 20 34 42 31 32
6 21 33 28 37 37
6 22 21 27 20 28
6 23 39 36 47 41
6 24 38 45 43 44
6 25 20 23 28 26
6 26 74 74 64 73
6 27 59 63 54 56
6 28 38 37 42 43
6 29 77 74 71 69
6 30 68 60 61 63
6 31 50 45 53 50
6 32 91 87 92 84
6 33 29 28 29 32
6 34 50 54 46 45
6 35 7 14 16 19
6 36 74 65 63 63
6 37 93 86 82 84
6 38 83 80 80 74
6 39 76 73 77 69
6 40 2 8 8 6
6 41 14 22 25 22
7 8 24 23 25 24
7 9 54 61 54 53
7 10 72 73 66 72
7 11 51 43 54 56
7 12 23 27 33 23
7 13 3 17 8 17
7 14 34 36 39 42
7 15 67 67 58 58
7 16 37 43 36 39
7 17 16 16 26 27
7 18 6 18 9 16
7 19 91 87 90 79
7 20 50 54 54 46
7 21 94 83 80 90
7 22 73 70 72 68
7 23 82 82 71 79
7 24 49 48 53 42
7 25 7 16 8 12
7 26 66 60 70 65
7 27 11 20 23 12
7 28 63 61 66 60
7 29 22 34 21 29
7 30 34 33 38 33
7 31 12 13 23 16
7 32 48 55 50 50
7 33 93 84 93 90
7 34 43 50 50 38
7 35 14 21 15 23
7 36 21 20 25 19
7 37 24 28 25 25
7 38 14 13 22 22
7 39 27 30 23 36
7 40 49 50 49 46
7 41 4 13 17 15
8 9 24 34 24 35
8 10 90 87 85 80
8 11 8 12 22 12
8 12 1 14 15 6
8 13 66 70 57 62
8 14 46 45 51 42
8 15 69 67 72 69
8 16 81 72 74 70
8 17 12 16 22 23
8 18 52 52 52 54
8 19 64 55 69 61
8 20 73 66 73 72
8 21 83 76 84 72
8 22 35 34 40 31
8 23 46 44 41 43
8 24 53 48 46 59
8 25 33 37 40 34
8 26 51 57 56 45
8 27 5 7 16 7
8 28 26 29 31 30
8 29 11 10 24 12
8 30 64 68 67 62
8 31 26 24 36 36
8 32 43 40 46 40
8 33 61 63 52 58
8 34 88 88 83 88
8 35 69 71 67 68
8 36 89 84 82 83
8 37 54 57 51 47
8 38 31 34 34 39
8 39 12 14 21 23
8 40 56 55 59 61
8 41 84 73 72 83
9 10 30 36 40 27
9 11 97 94 95 97
9 12 16 26 27 20
9 13 44 52 50 40
9 14 67 63 69 60
9 15 51 54 47 55
9 16 21 29 26 26
9 17 89 86 90 79
9 18 65 65 61 60
9 19 79 81 71 68
9 20 96 86 90 85
9 21 27 25 30 34
9 22 97 91 88 97
9 23 53 50 55 57
9 24 73 66 64 63
9 25 92 89 91 88
9 26 86 74 78 77
9 27 65 59 67 59
9 28 85 79 83 78
9 29 5 10 11 10
9 30 89 79 76 78
9 31 19 24 16 23
9 32 52 47 51 59
9 33 39 43 46 44
9 34 73 65 76 72
9 35 70 74 67 61
9 36 97 84 84 96
9 37 84 85 80 84
9 38 89 82 88 81
9 39 51 46 47 52
9 40 46 40 48 39
9 41 99 85 98 92
10 11 16 26 18 16
10 12 2 16 5 14
10 13 97 96 84 97
10 14 3 4 8 17
10 15 14 26 20 17
10 16 37 39 41 46
10 17 77 68 68 71
10 18 50 50 54 46
10 19 81 73 71 74
10 20 72 74 64 73
10 21 91 88 83 88
10 22 86 76 87 87
10 23 52 48 44 54
10 24 69 62 64 62
10 25 99 92 96 87
10 26 68 65 67 72
10 27 23 33 33 26
10 28 87 79 85 74
10 29 79 78 75 80
10 30 52 49 47 57
10 31 93 91 84 80
10 32 24 28 35 23
10 33 44 50 41 45
10 34 50 56 44 52
10 35 46 54 44 42
10 36 77 76 79 71
10 37 89 89 81 87
10 38 72 73 64 67
10 39 36 35 33 37
10 40 17 28 20 29
10 41 18 22 28 20
11 12 89 90 81 89
11 13 81 77 78 76
11 14 4 9 9 12
11 15 51 51 51 56
11 16 78 73 69 76
11 17 96 90 84 96
11 18 92 93 78 87
11 19 18 25 18 25
11 20 76 73 65 74
11 21 62 64 58 63
11 22 89 86 78 77
11 23 70 60 73 63
11 24 45 39 50 52
11 25 47 47 47 42
11 26 25 28 29 21
11 27 85 85 81 83
11 28 3 10 3 15
11 29 41 39 38 35
11 30 60 64 60 58
11 31 30 40 27 27
11 32 1 9 4 4
11 33 40 39 39 36
11 34 90 89 85 86
11 35 46 44 45 39
11 36 3 5 14 9
11 37 8 19 13 17
11 38 45 45 39 52
11 39 9 17 17 13
11 40 44 47 45 41
11 41 63 56 55 59
12 13 84 75 84 74
12 14 55 50 57 52
12 15 57 60 58 59
12 16 38 40 43 45
12 17 8 7 21 16
12 18 65 56 61 56
12 19 60 59 55 60
12 20 79 80 75 76
12 21 50 57 51 54
12 22 15 25 17 20
12 23 56 62 54 58
12 24 58 61 64 53
12 25 6 7 15 14
12 26 53 57 46 56
12 27 19 20 31 16
12 28 10 14 10 17
12 29 80 71 75 72
12 30 37 35 35 44
12 31 47 47 52 44
12 32 66 61 62 60
12 33 6 9 17 18
12 34 58 55 61 63
12 35 18 19 17 20
12 36 40 47 41 35
12 37 25 26 30 30
12 38 70 74 63 65
12 39 12 18 25 10
12 40 71 70 67 67
12 41 22 26 32 20
13 14 3 3 9 10
13 15 70 65 60 68
13 16 95 89 88 82
13 17 23 34 31 34
13 18 43 38 47 42
13 19 65 61 58 61
13 20 62 63 54 58
13 21 86 81 83 76
13 22 86 77 83 75
13 23 81 69 72 83
13 24 19 24 20 27
13 25 39 35 45 43
13 26 94 81 82 87
13 27 3 16 6 12
13 28 9 14 10 16
13 29 26 33 27 36
13 30 0 6 4 14
13 31 26 23 27 28
13 32 81 80 72 78
13 33 25 26 26 27
13 34 67 65 58 60
13 35 41 45 41 35
13 36 46 47 42 45
13 37 11 14 10 10
13 38 27 30 27 35
13 39 40 39 40 38
13 40 32 38 42 36
13 41 53 50 50 53
14 15 24 21 21 25
14 16 45 44 40 50
14 17 81 78 76 83
14 18 5 11 9 10
14 19 62 59 58 57
14 20 19 17 26 28
14 21 98 92 95 98
14 22 60 52 60 57
14 23 51 54 51 51
14 24 40 38 41 43
14 25 32 41 41 36
14 26 29 33 34 28
14 27 44 51 45 46
14 28 13 19 12 19
14 29 93 83 85 82
14 30 97 85 93 91
14 31 61 54 55 60
14 32 57 57 62 58
14 33 69 69 61 59
14 34 88 86 75 83
14 35 33 37 31 35
14 36 16 21 24 24
14 37 14 25 18 16
14 38 89 85 77 78
14 39 72 63 62 69
14 40 49 49 54 52
14 41 99 85 97 85
15 16 85 83 76 75
15 17 24 29 23 28
15 18 48 49 49 44
15 19 77 73 70 80
15 20 98 84 90 87
15 21 59 58 51 63
15 22 41 48 40 49
15 23 35 41 36 44
15 24 42 37 36 45
15 25 2 3 7 6
15 26 6 11 16 16
15 27 65 61 70 62
15 28 97 90 96 84
15 29 74 70 65 73
15 30 94 81 88 91
15 31 50 56 49 48
15 32 2 12 7 13
15 33 12 16 12 13
15 34 49 49 50 46
15 35 13 12 18 13
15 36 21 32 18 27
15 37 25 24 22 27
15 38 65 69 60 67
15 39 46 46 51 45
15 40 76 72 65 70
15 41 82 74 84 81
16 17 76 66 73 67
16 18 59 57 56 63
16 19 91 91 83 89
16 20 1 2 6 15
16 21 17 25 26 19
16 22 68 72 66 63
16 23 38 40 44 33
16 24 73 74 63 65
16 25 10 12 18 14
16 26 78 78 79 80
16 27 76 71 79 69
16 28 52 49 59 52
16 29 76 76 69 73
16 30 68 62 72 58
16 31 53 47 52 49
16 32 96 96 96 95
16 33 86 75 74 85
16 34 27 35 33 34
16 35 31 31 31 35
16 36 40 37 48 35
16 37 72 64 68 71
16 38 6 18 14 10
16 39 55 60 52 60
16 40 68 71 65 61
16 41 78 76 79 75
17 18 92 88 86 88
17 19 20 29 31 20
17 20 9 18 20 22
17 21 59 55 53 64
17 22 39 40 48 43
17 23 0 3 14 0
17 24 61 55 59 63
17 25 59 60 51 61
17 26 50 54 58 52
17 27 95 92 87 90
17 28 1 10 1 11
17 29 96 95 82 83
17 30 80 73 78 74
17 31 27 27 23 32
17 32 18 25 19 29
17 33 39 42 40 34
17 34 99 87 90 90
17 35 39 43 47 34
17 36 86 80 87 79
17 37 22 26 29 19
17 38 38 33 36 41
17 39 61 62 61 65
17 40 4 7 10 18
17 41 88 80 81 76
18 19 49 54 42 47
18 20 31 37 39 41
18 21 80 81 81 70
18 22 84 73 79 72
18 23 22 31 20 31
18 24 62 53 59 53
18 25 72 75 71 66
18 26 10 17 11 21
18 27 69 62 67 71
18 28 90 85 86 80
18 29 37 36 42 34
18 30 73 70 73 64
18 31 0 4 14 12
18 32 3 12 13 14
18 33 70 60 74 66
18 34 32 41 34 42
18 35 47 42 47 46
18 36 1 2 9 16
18 37 55 58 53 52
18 38 7 18 13 17
18 39 16 24 22 22
18 40 25 26 26 26
18 41 47 45 53 50
19 20 81 72 71 74
19 21 80 70 70 80
19 22 84 84 82 76
19 23 77 78 72 71
19 24 89 79 90 79
19 25 59 64 50 55
19 26 58 49 57 53
19 27 51 58 45 47
19 28 95 94 90 92
19 29 13 17 19 20
19 30 94 84 83 94
19 31 70 63 61 63
19 32 51 51 54 53
19 33 77 66 80 78
19 34 99 97 98 88
19 35 59 54 63 61
19 36 56 55 57 51
19 37 68 72 68 68
19 38 26 30 22 28
19 39 93 82 82 93
19 40 49 51 51 48
19 41 43 39 48 40
20 21 78 67 73 76
20 22 9 19 21 20
20 23 47 50 46 47
20 24 43 43 40 52
20 25 7 9 8 7
20 26 80 74 74 83
20 27 6 9 13 9
20 28 32 30 40 39
20 29 37 34 32 41
20 30 63 59 63 63
20 31 58 59 58 55
20 32 20 30 21 26
20 33 16 28 17 28
20 34 41 45 39 39
20 35 81 70 75 76
20 36 25 31 34 36
20 37 8 17 15 20
20 38 59 63 61 58
20 39 99 87 87 90
20 40 76 70 68 68
20 41 19 20 19 28
21 22 75 74 67 74
21 23 12 15 12 11
21 24 36 39 31 37
21 25 40 47 39 35
21 26 0 4 2 8
21 27 41 46 43 37
21 28 84 83 77 76
21 29 16 25 21 20
21 30 38 41 40 41
21 31 82 79 76 83
21 32 22 23 30 24
21 33 79 79 81 70
21 34 89 89 80 89
21 35 52 45 56 47
21 36 76 75 68 73
21 37 3 8 6 16
21 38 45 48 48 41
21 39 77 76 75 68
21 40 76 74 71 68
21 41 61 55 57 63
22 23 82 75 84 72
22 24 30 35 37 30
22 25 67 64 64 57
22 26 13 23 17 22
22 27 51 44 58 46
22 28 91 86 88 82
22 29 93 91 93 86
22 30 93 86 80 92
22 31 13 17 14 26
22 32 55 50 54 60
22 33 49 41 45 49
22 34 45 46 48 42
22 35 23 29 28 27
22 36 83 77 71 71
22 37 98 87 98 97
22 38 48 55 52 50
22 39 94 93 92 83
22 40 85 84 81 79
22 41 11 23 11 21
23 24 70 71 66 66
23 25 76 69 75 79
23 26 10 19 22 11
23 27 99 97 98 93
23 28 63 56 62 65
23 29 32 30 35 29
23 30 45 40 41 42
23 31 35 38 43 40
23 32 59 63 63 62
23 33 82 78 75 75
23 34 29 32 34 30
23 35 73 63 77 73
23 36 70 74 70 63
23 37 8 13 10 14
23 38 89 85 76 90
23 39 10 14 9 23
23 40 89 86 89 90
23 41 28 28 25 29
24 25 33 33 42 38
24 26 78 76 74 79
24 27 95 84 93 85
24 28 52 49 51 53
24 29 77 69 71 75
24 30 4 5 14 6
24 31 39 37 43 39
24 32 93 91 89 88
24 33 44 48 43 42
24 34 35 33 38 36
24 35 39 48 40 40
24 36 39 43 46 35
24 37 3 10 16 16
24 38 99 92 92 97
24 39 7 6 10 16
24 40 59 55 51 60
24 41 51 50 57 51
25 26 62 65 60 67
25 27 7 19 17 9
25 28 91 78 85 88
25 29 91 91 92 78
25 30 67 64 70 57
25 31 80 69 82 76
25 32 30 28 33 39
25 33 9 17 23 12
25 34 85 77 81 86
25 35 89 77 88 79
25 36 56 50 50 54
25 37 66 57 69 58
25 38 73 72 71 69
25 39 28 38 33 25
25 40 98 95 95 94
25 41 18 19 24 27
26 27 98 88 95 88
26 28 71 65 65 69
26 29 70 67 70 69
26 30 97 95 82 90
26 31 20 29 32 18
26 32 52 50 44 53
26 33 33 39 34 30
26 34 58 49 52 62
26 35 58 62 53 64
26 36 37 46 39 40
26 37 93 84 94 84
26 38 8 15 12 16
26 39 86 87 76 79
26 40 0 6 5 10
26 41 35 40 37 41
27 28 97 97 96 95
27 29 12 25 23 21
27 30 31 29 29 39
27 31 89 91 82 88
27 32 29 33 26 30
27 33 68 65 58 59
27 34 66 62 60 65
27 35 2 2 15 10
27 36 96 94 84 93
27 37 46 40 52 53
27 38 72 63 62 71
27 39 36 42 42 40
27 40 31 38 34 38
27 41 68 66 59 63
28 29 66 65 70 69
28 30 71 69 74 64
28 31 34 31 36 29
28 32 8 10 18 21
28 33 40 40 38 45
28 34 20 26 22 17
28 35 11 20 21 16
28 36 52 52 45 49
28 37 48 46 53 41
28 38 0 4 4 8
28 39 70 66 67 65
28 40 51 54 49 56
28 41 27 30 29 26
29 30 80 79 81 75
29 31 9 14 11 20
29 32 56 48 50 54
29 33 0 1 1 7
29 34 4 16 4 6
29 35 69 71 72 61
29 36 39 39 33 40
29 37 63 60 63 68
29 38 14 26 26 19
29 39 84 73 80 76
29 40 1 15 7 6
29 41 15 18 26 17
30 31 98 93 89 88
30 32 17 19 28 26
30 33 1 15 4 12
30 34 71 62 67 63
30 35 88 81 84 74
30 36 56 57 50 61
30 37 56 57 55 50
30 38 54 53 47 53
30 39 4 5 5 17
30 40 9 9 16 18
30 41 85 81 83 72
31 32 48 53 53 51
31 33 48 52 44 45
31 34 36 36 42 37
31 35 66 60 57 71
31 36 33 28 41 29
31 37 40 43 47 45
31 38 25 22 36 29
31 39 52 50 54 46
31 40 21 30 21 28
31 41 34 38 34 41
32 33 1 9 2 1
32 34 77 65 71 69
32 35 59 59 55 60
32 36 82 71 73 70
32 37 86 77 79 82
32 38 0 7 12 8
32 39 94 83 87 90
32 40 27 25 31 33
32 41 61 58 64 57
33 34 82 81 70 82
33 35 59 62 62 57
33 36 64 65 67 62
33 37 71 65 74 74
33 38 42 45 47 44
33 39 46 51 52 51
33 40 37 34 34 32
33 41 28 38 26 33
34 35 50 49 43 51
34 36 44 47 47 52
34 37 97 94 83 87
34 38 57 59 53 50
34 39 13 20 16 23
34 40 19 29 19 28
34 41 90 88 87 82
35 36 24 33 24 23
35 37 1 4 2 14
35 38 11 20 22 10
35 39 35 41 37 38
35 40 38 37 37 37
35 41 94 88 89 88
36 37 7 20 17 9
36 38 15 16 23 26
36 39 53 59 53 57
36 40 49 49 47 52
36 41 56 59 57 61
37 38 74 73 78 74
37 39 40 43 35 35
37 40 92 89 80 79
37 41 9 13 12 17
38 39 77 72 67 76
38 40 72 63 69 68
38 41 86 74 77 79
39 40 31 34 37 34
39 41 91 88 83 83
40 41 2 14 11 2
