42
0 1 63 64 74 35
0 2 15 21 41 28
0 3 30 38 16 60
0 4 78 81 81 40
0 5 0 38 28 2
0 6 81 85 60 61
0 7 54 60 43 61
0 8 28 43 62 36
0 9 61 56 45 49
0 10 53 56 33 43
0 11 95 85 67 64
0 12 54 34 54 29
0 13 1 25 44 19
0 14 15 45 35 34
0 15 84 57 47 59
0 16 98 90 49 83
0 17 7 35 31 46
0 18 83 42 41 49
0 19 10 11 49 11
0 20 54 53 70 50
0 21 73 72 52 84
0 22 46 32 56 55
0 23 32 16 36 50
0 24 95 69 51 72
0 25 57 55 30 57
0 26 28 39 35 38
0 27 48 41 55 55
0 28 45 62 68 25
0 29 65 80 38 71
0 30 69 76 75 41
0 31 80 46 78 67
0 32 78 72 54 48
0 33 18 47 49 35
0 34 37 28 21 42
0 35 53 70 44 67
0 36 81 83 41 44
0 37 34 53 25 33
0 38 29 28 61 21
0 39 76 82 70 47
0 40 58 60 72 29
0 41 68 38 60 45
1 2 73 84 80 44
1 3 60 44 73 38
1 4 3 34 4 26
1 5 58 53 69 62
1 6 63 78 67 66
1 7 15 35 18 29
1 8 27 59 24 15
1 9 47 72 54 40
1 10 81 49 41 45
1 11 38 49 55 51
1 12 98 63 57 59
1 13 26 51 37 58
1 14 24 33 45 24
1 15 28 47 54 34
1 16 4 39 7 19
1 17 48 71 36 61
1 18 52 58 60 72
1 19 69 50 45 43
1 20 16 12 37 39
1 21 98 60 64 80
1 22 90 88 88 65
1 23 9 29 11 10
1 24 29 49 48 56
1 25 55 75 32 52
1 26 20 41 17 21
1 27 46 29 59 56
1 28 20 32 28 58
1 29 63 72 49 74
1 30 9 11 6 40
1 31 65 33 34 74
1 32 41 46 61 42
1 33 88 67 78 51
1 34 66 47 64 56
1 35 15 20 36 56
1 36 7 43 43 31
1 37 23 31 26 20
1 38 76 72 67 58
1 39 41 52 41 36
1 40 28 31 47 60
1 41 93 95 64 64
2 3 69 82 68 37
2 4 53 54 52 65
2 5 18 11 26 13
2 6 62 39 73 74
2 7 97 73 69 70
2 8 54 52 58 52
2 9 28 53 24 15
2 10 87 87 88 67
2 11 49 69 29 53
2 12 97 67 96 89
2 13 15 48 54 10
2 14 45 68 55 68
2 15 14 54 29 29
2 16 90 64 73 60
2 17 5 27 33 43
2 18 10 16 18 52
2 19 80 47 63 50
2 20 18 17 16 58
2 21 83 57 60 64
2 22 48 30 70 45
2 23 33 42 60 43
2 24 82 82 51 63
2 25 29 37 57 39
2 26 98 76 52 72
2 27 72 66 39 66
2 28 60 62 45 66
2 29 98 60 59 84
2 30 28 28 61 57
2 31 76 43 50 77
2 32 39 63 36 33
2 33 71 82 53 84
2 34 83 75 68 76
2 35 96 76 56 78
2 36 20 15 29 20
2 37 57 54 67 29
2 38 80 41 73 84
2 39 39 41 54 46
2 40 7 21 31 6
2 41 35 55 47 37
3 4 72 66 42 65
3 5 9 52 43 8
3 6 95 49 84 80
3 7 57 48 77 75
3 8 14 30 14 22
3 9 46 34 70 49
3 10 43 24 68 36
3 11 31 22 51 20
3 12 36 26 66 52
3 13 62 36 44 72
3 14 35 25 52 47
3 15 22 20 24 46
3 16 88 62 69 50
3 17 93 68 91 55
3 18 24 44 34 27
3 19 46 33 48 42
3 20 48 32 71 64
3 21 90 60 85 60
3 22 37 45 61 38
3 23 81 80 40 89
3 24 99 70 51 53
3 25 83 55 50 52
3 26 24 62 58 43
3 27 56 42 32 36
3 28 82 50 80 73
3 29 52 47 61 53
3 30 8 11 51 5
3 31 71 56 65 44
3 32 1 33 3 9
3 33 46 24 58 56
3 34 82 77 71 72
3 35 8 24 43 31
3 36 75 81 80 78
3 37 57 46 36 54
3 38 6 37 30 8
3 39 30 39 21 35
3 40 33 48 58 20
3 41 34 30 67 18
4 5 67 34 49 42
4 6 46 59 50 43
4 7 86 77 77 60
4 8 3 31 9 19
4 9 68 65 48 56
4 10 81 83 83 66
4 11 83 61 76 89
4 12 78 59 86 69
4 13 58 41 43 70
4 14 87 50 83 92
4 15 33 41 34 20
4 16 70 41 59 52
4 17 93 58 63 91
4 18 74 72 41 69
4 19 42 39 39 69
4 20 56 33 60 72
4 21 34 40 61 22
4 22 10 15 19 18
4 23 26 57 18 27
4 24 4 18 7 5
4 25 9 13 34 11
4 26 97 86 97 96
4 27 40 35 51 54
4 28 4 7 14 44
4 29 29 54 40 60
4 30 19 21 42 41
4 31 25 42 43 45
4 32 49 66 73 33
4 33 45 56 72 44
4 34 1 50 21 35
4 35 44 63 29 38
4 36 94 89 75 47
4 37 8 44 16 22
4 38 52 62 53 32
4 39 21 32 23 44
4 40 21 53 11 50
4 41 11 15 14 49
5 6 17 32 35 27
5 7 12 56 51 31
5 8 32 50 29 23
5 9 46 40 55 28
5 10 93 58 65 91
5 11 31 42 63 60
5 12 74 81 59 77
5 13 58 45 72 69
5 14 4 36 11 29
5 15 87 91 81 52
5 16 41 56 40 39
5 17 29 18 55 62
5 18 37 57 51 53
5 19 93 83 79 72
5 20 79 48 73 73
5 21 55 37 36 71
5 22 26 54 48 39
5 23 74 73 38 49
5 24 25 25 21 31
5 25 99 59 87 64
5 26 15 29 26 34
5 27 69 62 62 62
5 28 5 12 47 18
5 29 44 62 60 22
5 30 2 36 24 11
5 31 36 26 36 30
5 32 38 28 23 63
5 33 65 55 40 71
5 34 19 21 25 44
5 35 47 48 68 26
5 36 8 39 49 6
5 37 67 42 41 69
5 38 35 67 53 23
5 39 81 61 89 69
5 40 74 61 53 54
5 41 15 38 13 36
6 7 46 62 51 39
6 8 57 56 38 70
6 9 53 71 43 54
6 10 65 47 77 41
6 11 58 34 50 32
6 12 29 34 37 45
6 13 66 35 60 46
6 14 41 31 23 67
6 15 69 47 62 67
6 16 26 42 55 48
6 17 76 46 71 47
6 18 41 48 69 23
6 19 82 85 73 86
6 20 38 47 51 49
6 21 97 58 83 69
6 22 72 81 55 85
6 23 15 54 39 45
6 24 54 60 39 37
6 25 80 45 75 78
6 26 81 48 80 48
6 27 82 49 67 90
6 28 32 53 39 61
6 29 59 45 30 59
6 30 41 63 52 26
6 31 88 80 78 86
6 32 43 63 67 62
6 33 91 59 65 93
6 34 20 37 20 14
6 35 84 82 62 78
6 36 58 58 75 73
6 37 68 48 83 62
6 38 16 33 49 57
6 39 22 15 41 16
6 40 41 39 63 46
6 41 57 33 59 75
7 8 17 9 53 16
7 9 42 29 48 28
7 10 30 26 51 58
7 11 15 51 21 32
7 12 68 81 37 64
7 13 62 33 80 73
7 14 6 17 27 25
7 15 47 28 48 39
7 16 46 57 69 47
7 17 72 55 84 70
7 18 90 72 91 61
7 19 87 79 61 93
7 20 29 30 17 17
7 21 75 85 60 83
7 22 3 32 1 4
7 23 83 73 58 65
7 24 63 55 74 73
7 25 60 40 60 34
7 26 29 23 61 32
7 27 87 73 69 58
7 28 37 31 42 66
7 29 75 78 58 80
7 30 37 29 51 43
7 31 19 41 41 54
7 32 30 35 39 57
7 33 6 44 34 33
7 34 43 69 43 59
7 35 46 60 28 66
7 36 6 40 24 26
7 37 18 15 17 32
7 38 91 64 69 75
7 39 20 51 27 27
7 40 9 28 33 16
7 41 33 55 58 60
8 9 32 20 34 56
8 10 32 60 64 36
8 11 21 49 48 24
8 12 66 33 48 71
8 13 6 35 41 12
8 14 80 71 78 48
8 15 43 68 46 70
8 16 50 60 47 45
8 17 52 34 30 76
8 18 35 58 52 35
8 19 90 94 78 45
8 20 33 65 47 41
8 21 37 48 25 56
8 22 55 40 77 50
8 23 35 51 20 27
8 24 20 20 46 26
8 25 68 68 76 83
8 26 43 35 54 24
8 27 28 63 40 61
8 28 94 59 94 54
8 29 32 42 56 39
8 30 31 40 28 59
8 31 79 48 52 46
8 32 53 36 68 67
8 33 54 44 30 30
8 34 49 73 27 63
8 35 38 51 23 38
8 36 29 15 26 32
8 37 20 11 12 50
8 38 78 76 51 61
8 39 42 29 26 71
8 40 60 61 66 73
8 41 0 24 14 1
9 10 33 27 19 31
9 11 40 32 66 61
9 12 64 40 57 60
9 13 50 71 28 67
9 14 29 23 38 58
9 15 94 76 92 76
9 16 67 37 83 44
9 17 1 8 14 26
9 18 31 59 48 34
9 19 35 67 67 59
9 20 77 43 81 83
9 21 67 66 45 64
9 22 98 80 73 51
9 23 34 38 42 42
9 24 99 58 77 69
9 25 82 41 74 71
9 26 84 77 90 70
9 27 97 72 98 74
9 28 1 24 41 6
9 29 76 88 55 65
9 30 64 64 73 49
9 31 55 41 76 31
9 32 93 49 71 47
9 33 64 39 38 57
9 34 7 31 4 34
9 35 60 41 44 37
9 36 35 56 46 36
9 37 15 28 55 27
9 38 64 51 49 46
9 39 26 54 18 39
9 40 20 16 19 56
9 41 77 61 62 45
10 11 92 95 90 63
10 12 4 45 32 31
10 13 1 31 44 45
10 14 39 60 21 42
10 15 96 93 75 85
10 16 83 47 55 71
10 17 65 48 70 35
10 18 28 22 19 18
10 19 72 84 38 46
10 20 98 72 62 56
10 21 88 91 62 63
10 22 77 66 74 82
10 23 21 21 36 51
10 24 92 65 90 53
10 25 21 46 24 19
10 26 71 82 71 74
10 27 85 74 87 68
10 28 81 82 50 49
10 29 38 52 37 61
10 30 72 69 45 84
10 31 5 39 50 52
10 32 70 60 83 66
10 33 54 74 69 65
10 34 96 67 71 69
10 35 69 58 36 76
10 36 85 83 89 69
10 37 79 55 43 57
10 38 52 71 38 46
10 39 58 62 45 53
10 40 30 22 36 58
10 41 1 5 33 22
11 12 14 21 54 28
11 13 41 54 66 38
11 14 19 43 57 51
11 15 8 39 19 6
11 16 69 61 78 47
11 17 66 74 81 60
11 18 76 53 46 74
11 19 59 58 57 35
11 20 49 67 47 50
11 21 84 54 43 52
11 22 87 51 89 83
11 23 50 51 63 69
11 24 63 71 67 64
11 25 52 59 58 29
11 26 24 49 31 56
11 27 6 37 28 45
11 28 54 40 44 59
11 29 75 47 52 46
11 30 69 73 82 61
11 31 14 11 42 12
11 32 46 36 52 52
11 33 49 61 42 63
11 34 68 63 81 50
11 35 81 55 88 61
11 36 35 66 67 22
11 37 15 7 26 9
11 38 53 40 67 36
11 39 55 75 50 44
11 40 99 86 97 70
11 41 89 94 72 52
12 13 33 56 40 43
12 14 68 76 59 44
12 15 9 6 17 18
12 16 39 59 60 36
12 17 71 62 59 38
12 18 8 54 39 30
12 19 39 28 39 59
12 20 66 58 78 49
12 21 44 64 67 41
12 22 83 63 69 49
12 23 49 31 48 59
12 24 26 62 15 63
12 25 73 53 42 53
12 26 58 40 48 62
12 27 32 42 56 23
12 28 68 56 61 81
12 29 1 47 10 48
12 30 41 52 48 35
12 31 31 59 49 52
12 32 97 69 92 58
12 33 84 79 57 82
12 34 99 61 97 64
12 35 0 45 19 1
12 36 58 43 54 59
12 37 77 84 69 51
12 38 63 58 49 55
12 39 20 46 38 22
12 40 33 53 34 29
12 41 28 21 27 22
13 14 70 56 73 36
13 15 82 66 72 60
13 16 37 63 29 28
13 17 83 69 85 71
13 18 18 13 37 39
13 19 65 52 57 70
13 20 27 20 29 48
13 21 95 47 96 95
13 22 68 61 63 40
13 23 31 16 42 51
13 24 7 52 30 29
13 25 43 37 22 51
13 26 91 68 62 82
13 27 52 45 74 71
13 28 0 18 5 35
13 29 83 55 64 50
13 30 3 5 42 40
13 31 98 74 71 83
13 32 5 31 7 24
13 33 60 41 67 73
13 34 55 43 27 39
13 35 64 55 52 53
13 36 30 27 20 29
13 37 62 70 73 73
13 38 16 43 10 40
13 39 92 49 68 76
13 40 29 48 49 63
13 41 20 44 20 33
14 15 26 19 34 42
14 16 8 40 6 14
14 17 0 44 33 2
14 18 72 39 48 80
14 19 10 9 35 10
14 20 38 20 60 32
14 21 55 51 27 74
14 22 30 21 64 16
14 23 45 29 49 24
14 24 28 57 17 42
14 25 53 36 72 35
14 26 83 54 77 62
14 27 38 40 63 54
14 28 82 57 80 85
14 29 45 70 25 49
14 30 72 43 78 79
14 31 11 52 20 39
14 32 18 52 42 31
14 33 89 47 92 61
14 34 79 54 78 62
14 35 23 56 59 57
14 36 30 44 55 52
14 37 91 55 74 66
14 38 5 39 10 36
14 39 26 49 48 16
14 40 31 23 24 37
14 41 23 20 56 60
15 16 93 69 68 50
15 17 82 71 52 51
15 18 96 84 94 96
15 19 46 47 68 27
15 20 60 35 71 68
15 21 77 73 63 81
15 22 54 59 55 32
15 23 96 55 94 70
15 24 68 82 65 79
15 25 91 80 74 78
15 26 13 56 45 26
15 27 67 58 37 57
15 28 71 56 40 77
15 29 7 41 16 45
15 30 63 81 80 45
15 31 47 31 54 29
15 32 7 7 49 33
15 33 63 34 81 39
15 34 48 39 71 26
15 35 83 75 52 55
15 36 80 59 67 82
15 37 90 91 64 64
15 38 20 58 25 55
15 39 30 22 40 51
15 40 57 30 73 60
15 41 89 93 77 78
16 17 54 37 36 40
16 18 3 33 14 14
16 19 49 26 45 38
16 20 98 56 80 91
16 21 56 52 29 74
16 22 57 61 77 29
16 23 43 57 31 71
16 24 80 54 71 82
16 25 49 58 44 45
16 26 13 32 34 39
16 27 7 21 17 39
16 28 9 40 38 47
16 29 58 63 74 57
16 30 98 81 77 94
16 31 27 42 53 60
16 32 4 34 33 28
16 33 57 71 38 47
16 34 41 55 21 58
16 35 12 39 48 12
16 36 26 22 37 26
16 37 26 50 45 38
16 38 91 77 74 52
16 39 13 25 40 15
16 40 2 36 2 40
16 41 99 73 58 76
17 18 95 70 70 67
17 19 22 12 43 51
17 20 62 49 35 79
17 21 77 76 82 63
17 22 40 42 23 50
17 23 91 81 57 58
17 24 83 64 73 69
17 25 9 30 51 45
17 26 59 38 49 45
17 27 7 43 42 25
17 28 10 45 52 39
17 29 16 20 38 36
17 30 6 9 34 44
17 31 46 48 43 35
17 32 73 78 38 81
17 33 83 62 69 72
17 34 31 50 32 42
17 35 57 71 35 39
17 36 90 73 93 58
17 37 86 61 68 50
17 38 10 6 38 10
17 39 66 36 33 51
17 40 71 39 45 67
17 41 52 32 69 53
18 19 73 42 75 68
18 20 86 69 79 87
18 21 44 48 66 66
18 22 39 45 58 37
18 23 30 30 45 18
18 24 77 60 85 67
18 25 34 65 57 18
18 26 40 27 63 63
18 27 28 38 29 54
18 28 60 42 65 55
18 29 30 45 16 51
18 30 59 64 31 75
18 31 64 70 46 44
18 32 80 62 77 85
18 33 92 91 73 93
18 34 6 19 23 44
18 35 10 41 48 13
18 36 16 37 45 42
18 37 97 77 77 76
18 38 25 37 36 13
18 39 23 20 13 34
18 40 63 75 73 37
18 41 12 27 34 55
19 20 29 42 33 61
19 21 31 19 54 18
19 22 45 72 29 70
19 23 37 26 22 58
19 24 98 88 62 53
19 25 71 78 67 75
19 26 80 53 49 74
19 27 36 49 23 48
19 28 61 76 79 77
19 29 40 27 66 41
19 30 11 12 6 25
19 31 59 40 74 37
19 32 56 30 67 72
19 33 51 67 54 51
19 34 99 79 92 75
19 35 65 63 37 63
19 36 60 32 44 46
19 37 99 71 90 85
19 38 76 74 86 41
19 39 63 79 75 70
19 40 57 72 39 45
19 41 1 43 50 13
20 21 59 31 75 58
20 22 76 62 79 80
20 23 42 52 45 41
20 24 64 70 55 40
20 25 5 32 47 28
20 26 59 58 68 35
20 27 22 25 31 52
20 28 22 15 43 49
20 29 34 37 61 40
20 30 54 54 27 39
20 31 54 45 64 62
20 32 68 61 59 39
20 33 27 31 39 38
20 34 78 66 55 76
20 35 31 65 19 25
20 36 35 44 35 18
20 37 29 58 50 44
20 38 43 40 35 60
20 39 76 62 38 86
20 40 82 51 62 71
20 41 42 51 68 53
21 22 29 52 25 16
21 23 0 37 10 46
21 24 56 73 71 67
21 25 85 47 47 42
21 26 67 51 82 76
21 27 52 67 65 58
21 28 16 36 29 36
21 29 84 84 75 42
21 30 12 56 41 50
21 31 36 55 29 53
21 32 13 49 9 32
21 33 2 29 24 40
21 34 40 31 26 54
21 35 17 36 56 44
21 36 45 69 23 25
21 37 86 91 73 49
21 38 30 31 44 33
21 39 92 56 63 55
21 40 20 33 34 29
21 41 1 28 1 6
22 23 17 47 56 28
22 24 8 18 36 26
22 25 61 74 57 43
22 26 10 48 37 29
22 27 27 58 61 61
22 28 86 71 69 44
22 29 37 45 34 64
22 30 42 53 34 62
22 31 76 46 44 75
22 32 67 69 59 70
22 33 10 19 12 18
22 34 6 35 3 28
22 35 43 63 59 40
22 36 24 19 23 25
22 37 58 30 35 49
22 38 46 32 53 47
22 39 17 32 28 53
22 40 70 59 79 38
22 41 33 49 28 56
23 24 26 57 51 44
23 25 71 53 36 73
23 26 15 40 34 52
23 27 83 50 89 64
23 28 41 28 22 56
23 29 45 30 55 49
23 30 27 52 47 45
23 31 41 47 51 35
23 32 15 45 34 39
23 33 97 90 88 88
23 34 90 86 53 85
23 35 1 47 18 42
23 36 52 53 63 44
23 37 54 39 64 28
23 38 8 16 7 33
23 39 53 71 64 76
23 40 79 80 55 64
23 41 86 74 63 45
24 25 68 81 46 78
24 26 39 68 43 32
24 27 54 40 52 68
24 28 37 27 37 27
24 29 43 61 63 24
24 30 17 16 21 46
24 31 51 26 68 40
24 32 72 62 71 69
24 33 64 57 49 52
24 34 98 71 97 56
24 35 40 50 27 69
24 36 41 36 50 52
24 37 58 68 72 61
24 38 4 40 21 32
24 39 18 56 52 46
24 40 46 60 24 48
24 41 12 37 40 54
25 26 8 23 46 33
25 27 91 79 52 88
25 28 49 54 67 71
25 29 66 36 38 70
25 30 12 20 19 39
25 31 12 44 11 35
25 32 55 31 39 52
25 33 23 15 41 53
25 34 98 78 95 66
25 35 31 24 58 28
25 36 52 67 46 54
25 37 72 57 66 40
25 38 42 33 31 33
25 39 43 25 60 41
25 40 28 21 58 61
25 41 95 73 81 56
26 27 53 63 29 42
26 28 46 70 73 31
26 29 56 74 76 69
26 30 66 71 76 66
26 31 3 50 48 13
26 32 74 84 58 59
26 33 14 51 50 18
26 34 62 51 57 33
26 35 75 68 38 72
26 36 85 45 69 88
26 37 19 11 32 35
26 38 79 49 76 46
26 39 52 67 72 49
26 40 84 56 51 59
26 41 68 62 76 54
27 28 75 56 60 87
27 29 55 35 58 43
27 30 9 40 35 13
27 31 87 44 76 79
27 32 0 8 1 17
27 33 3 19 38 10
27 34 71 61 48 41
27 35 71 71 47 64
27 36 86 83 50 52
27 37 64 81 81 64
27 38 43 22 59 70
27 39 1 7 45 17
27 40 33 53 41 39
27 41 70 77 47 61
28 29 49 41 52 47
28 30 64 56 74 66
28 31 49 67 58 50
28 32 37 41 28 32
28 33 14 20 41 18
28 34 47 64 40 29
28 35 4 23 21 36
28 36 58 63 62 55
28 37 94 60 54 90
28 38 5 20 48 11
28 39 17 44 10 15
28 40 16 30 20 15
28 41 82 47 71 44
29 30 92 56 48 58
29 31 76 59 73 67
29 32 33 64 26 47
29 33 9 6 17 12
29 34 72 75 63 77
29 35 1 22 47 44
29 36 26 60 36 40
29 37 68 67 48 41
29 38 91 80 47 77
29 39 99 97 70 54
29 40 5 14 35 50
29 41 39 44 47 65
30 31 54 66 67 54
30 32 51 60 51 64
30 33 19 26 54 20
30 34 9 17 15 15
30 35 69 70 48 42
30 36 8 49 50 26
30 37 85 51 46 75
30 38 62 34 53 61
30 39 66 77 41 73
30 40 15 25 34 11
30 41 89 93 51 49
31 32 56 50 43 75
31 33 49 52 54 36
31 34 85 64 72 74
31 35 22 33 55 58
31 36 49 66 43 56
31 37 64 61 55 65
31 38 23 15 33 34
31 39 29 30 16 55
31 40 70 47 54 53
31 41 49 36 66 56
32 33 75 77 63 64
32 34 14 27 12 8
32 35 72 46 46 45
32 36 81 87 71 76
32 37 92 89 95 87
32 38 99 55 70 88
32 39 95 59 59 75
32 40 9 47 17 34
32 41 73 78 63 53
33 34 3 27 15 22
33 35 62 74 51 62
33 36 69 68 73 42
33 37 5 50 11 16
33 38 74 42 78 41
33 39 12 55 25 23
33 40 42 31 53 69
33 41 85 52 50 49
34 35 36 39 42 21
34 36 67 76 50 72
34 37 56 31 45 56
34 38 61 56 66 65
34 39 10 28 24 44
34 40 25 49 13 19
34 41 28 46 33 60
35 36 56 77 54 37
35 37 45 47 67 49
35 38 3 42 12 32
35 39 52 74 54 67
35 40 38 57 43 47
35 41 8 10 31 32
36 37 90 73 75 64
36 38 77 75 67 66
36 39 31 59 38 56
36 40 10 11 35 49
36 41 30 61 45 43
37 38 43 55 29 59
37 39 83 81 88 45
37 40 94 84 62 66
37 41 58 29 57 51
38 39 34 48 58 67
38 40 32 53 57 33
38 41 52 55 54 64
39 40 50 30 31 25
39 41 87 69 81 93
40 41 17 58 40 49
