45
0 1 0 5 2 13
0 2 52 53 47 56
0 3 25 29 25 35
0 4 24 29 28 32
0 5 27 34 34 30
0 6 16 27 23 24
0 7 97 90 94 83
0 8 4 17 10 6
0 9 12 19 15 13
0 10 77 67 66 78
0 11 26 30 28 26
0 12 77 70 77 74
0 13 69 61 59 68
0 14 23 34 28 20
0 15 11 12 16 21
0 16 28 31 31 25
0 17 75 64 65 73
0 18 74 74 74 63
0 19 65 70 59 62
0 20 54 48 53 47
0 21 21 31 18 28
0 22 76 77 69 68
0 23 75 75 66 73
0 24 19 26 22 19
0 25 24 32 30 31
0 26 19 30 19 20
0 27 85 73 77 79
0 28 3 11 4 17
0 29 98 95 95 96
0 30 81 77 79 84
0 31 86 77 79 83
0 32 51 48 56 56
0 33 47 42 42 53
0 34 32 38 39 36
0 35 87 83 88 85
0 36 10 22 22 17
0 37 44 52 38 48
0 38 63 61 63 62
0 39 81 78 79 80
0 40 29 39 25 33
0 41 70 69 72 67
0 42 50 47 45 51
0 43 97 92 83 86
0 44 31 27 40 34
1 2 79 75 71 79
1 3 3 5 11 5
1 4 88 76 88 87
1 5 62 59 58 56
1 6 22 22 29 22
1 7 83 79 80 75
1 8 36 39 32 37
1 9 49 43 52 50
1 10 73 65 63 77
1 11 30 36 38 33
1 12 87 78 77 85
1 13 41 38 45 43
1 14 68 64 67 62
1 15 17 24 16 26
1 16 38 35 39 43
1 17 65 63 63 55
1 18 32 35 33 32
1 19 61 54 65 58
1 20 49 56 45 48
1 21 49 44 48 47
1 22 16 22 23 25
1 23 60 52 57 59
1 24 0 5 14 5
1 25 31 38 32 27
1 26 39 39 40 40
1 27 36 34 38 40
1 28 26 28 29 24
1 29 97 91 87 89
1 30 61 59 64 55
1 31 71 63 70 68
1 32 31 36 27 28
1 33 99 96 97 94
1 34 3 7 8 15
1 35 89 85 86 89
1 36 58 51 52 53
1 37 53 55 56 48
1 38 13 24 17 25
1 39 44 48 44 38
1 40 44 40 41 52
1 41 14 17 13 21
1 42 36 33 34 33
1 43 63 57 61 64
1 44 22 23 25 21
2 3 67 60 58 69
2 4 74 75 74 65
2 5 96 91 92 84
2 6 48 48 46 46
2 7 57 56 49 56
2 8 77 77 77 68
2 9 6 15 17 8
2 10 2 12 9 11
2 11 41 38 40 44
2 12 26 27 31 34
2 13 75 70 78 65
2 14 58 60 55 57
2 15 17 25 22 27
2 16 34 43 36 42
2 17 29 34 30 39
2 18 35 32 32 33
2 19 85 85 81 75
2 20 14 18 14 20
2 21 78 80 71 73
2 22 75 72 70 71
2 23 87 77 88 87
2 24 7 10 15 8
2 25 98 97 98 97
2 26 34 29 44 38
2 27 15 18 25 26
2 28 62 64 57 54
2 29 72 73 70 65
2 30 19 21 28 18
2 31 59 51 57 63
2 32 78 78 73 73
2 33 52 52 56 45
2 34 73 73 71 66
2 35 75 70 68 72
2 36 53 59 52 58
2 37 18 29 19 15
2 38 93 94 82 82
2 39 75 71 70 78
2 40 68 58 67 70
2 41 31 32 39 32
2 42 12 19 13 23
2 43 16 23 17 24
2 44 81 78 70 70
3 4 99 93 89 85
3 5 99 92 86 90
3 6 24 35 23 30
3 7 26 35 32 34
3 8 1 6 6 6
3 9 66 62 70 58
3 10 53 59 56 51
3 11 25 25 23 33
3 12 7 15 9 14
3 13 98 88 90 93
3 14 0 7 15 10
3 15 54 49 54 51
3 16 85 73 75 80
3 17 26 31 34 23
3 18 81 75 82 74
3 19 76 77 74 71
3 20 31 37 30 35
3 21 16 22 22 26
3 22 69 61 59 63
3 23 74 65 66 64
3 24 73 77 76 72
3 25 32 37 36 27
3 26 28 27 27 28
3 27 54 47 52 47
3 28 62 65 56 63
3 29 26 25 24 30
3 30 91 85 86 86
3 31 79 69 81 79
3 32 1 5 1 8
3 33 37 42 35 38
3 34 21 23 22 28
3 35 70 71 61 60
3 36 62 57 66 58
3 37 60 60 62 63
3 38 5 5 18 15
3 39 31 40 31 30
3 40 18 26 24 27
3 41 81 71 81 73
3 42 16 21 25 25
3 43 31 41 30 29
3 44 97 89 88 83
4 5 44 41 45 50
4 6 70 68 60 66
4 7 45 41 45 48
4 8 62 61 60 66
4 9 33 30 36 35
4 10 17 27 17 16
4 11 57 50 49 50
4 12 0 9 7 9
4 13 8 14 13 13
4 14 35 35 34 34
4 15 99 93 97 87
4 16 60 62 62 57
4 17 48 45 46 56
4 18 57 55 58 60
4 19 58 50 58 56
4 20 81 82 72 76
4 21 92 87 90 93
4 22 95 96 85 85
4 23 68 58 58 72
4 24 11 17 23 19
4 25 37 36 34 44
4 26 32 39 39 28
4 27 9 17 12 15
4 28 42 50 37 47
4 29 70 73 72 70
4 30 31 35 32 27
4 31 86 86 78 86
4 32 75 77 73 66
4 33 6 11 15 6
4 34 89 81 84 90
4 35 28 25 27 30
4 36 87 75 76 88
4 37 96 85 82 95
4 38 20 19 17 22
4 39 98 92 93 94
4 40 90 88 91 87
4 41 68 67 63 60
4 42 24 24 30 32
4 43 20 31 27 28
4 44 59 51 61 60
5 6 35 42 31 32
5 7 8 17 16 9
5 8 50 52 50 57
5 9 29 35 31 35
5 10 54 59 50 47
5 11 18 28 23 18
5 12 25 26 22 25
5 13 91 82 84 85
5 14 16 25 26 17
5 15 9 11 21 19
5 16 83 79 78 85
5 17 96 87 89 88
5 18 6 11 16 5
5 19 14 24 17 16
5 20 17 22 18 23
5 21 65 70 70 59
5 22 99 87 95 94
5 23 92 84 83 88
5 24 62 54 62 54
5 25 83 71 72 79
5 26 84 83 78 85
5 27 59 59 60 62
5 28 63 54 62 60
5 29 43 50 50 50
5 30 65 56 69 60
5 31 98 92 86 90
5 32 94 93 87 81
5 33 21 32 18 32
5 34 68 70 64 71
5 35 5 13 17 16
5 36 26 24 34 35
5 37 71 63 70 64
5 38 15 16 26 21
5 39 0 8 13 9
5 40 42 48 40 49
5 41 8 19 8 8
5 42 96 87 88 96
5 43 84 80 84 86
5 44 41 42 49 38
6 7 34 33 43 34
6 8 65 56 61 68
6 9 23 33 20 20
6 10 65 57 61 56
6 11 20 28 19 17
6 12 67 66 66 57
6 13 49 44 52 55
6 14 41 37 44 41
6 15 42 44 44 45
6 16 84 78 77 85
6 17 54 48 60 59
6 18 32 39 35 28
6 19 15 28 17 22
6 20 57 59 62 49
6 21 7 8 10 18
6 22 31 37 27 37
6 23 89 81 86 88
6 24 86 87 75 74
6 25 55 60 60 52
6 26 18 16 21 24
6 27 6 17 19 13
6 28 20 20 25 28
6 29 82 80 73 77
6 30 37 41 32 39
6 31 8 15 21 15
6 32 78 73 71 74
6 33 45 50 45 50
6 34 65 57 56 58
6 35 73 74 74 62
6 36 65 63 63 60
6 37 35 34 39 38
6 38 26 35 28 22
6 39 94 83 83 91
6 40 19 27 28 26
6 41 58 62 61 62
6 42 86 87 83 80
6 43 36 31 36 31
6 44 88 79 87 89
7 8 26 28 30 35
7 9 77 69 76 67
7 10 69 60 59 63
7 11 34 39 29 34
7 12 67 63 63 59
7 13 28 27 36 26
7 14 96 93 93 84
7 15 41 42 39 42
7 16 38 42 39 40
7 17 18 17 26 19
7 18 94 89 80 92
7 19 41 40 43 38
7 20 48 53 47 55
7 21 19 30 20 30
7 22 87 78 85 76
7 23 53 50 50 46
7 24 44 48 38 39
7 25 8 8 11 19
7 26 81 80 80 72
7 27 2 8 16 6
7 28 23 29 25 31
7 29 12 15 22 14
7 30 86 79 79 77
7 31 63 55 61 63
7 32 93 81 93 93
7 33 3 14 13 7
7 34 82 84 83 74
7 35 96 94 90 87
7 36 21 22 28 23
7 37 16 20 28 24
7 38 21 19 29 31
7 39 25 28 30 23
7 40 37 40 38 45
7 41 41 43 50 48
7 42 89 84 81 84
7 43 78 80 74 75
7 44 32 34 33 32
8 9 23 27 24 29
8 10 46 46 47 43
8 11 46 42 51 45
8 12 66 60 62 69
8 13 37 31 35 37
8 14 92 82 82 80
8 15 58 58 62 59
8 16 28 27 37 38
8 17 98 95 87 98
8 18 96 87 83 87
8 19 18 23 30 17
8 20 60 57 61 52
8 21 12 12 22 14
8 22 10 20 11 9
8 23 44 46 40 47
8 24 50 48 54 57
8 25 86 74 88 80
8 26 54 58 53 59
8 27 73 64 70 75
8 28 69 68 71 64
8 29 11 14 10 9
8 30 83 78 83 77
8 31 80 81 73 81
8 32 42 47 40 41
8 33 12 23 11 20
8 34 85 78 74 79
8 35 56 54 51 62
8 36 92 91 91 82
8 37 21 31 25 30
8 38 0 1 11 11
8 39 28 27 32 33
8 40 74 71 77 71
8 41 60 55 65 58
8 42 80 81 77 71
8 43 65 61 56 57
8 44 97 90 91 87
9 10 4 14 17 7
9 11 56 50 55 53
9 12 23 33 23 33
9 13 32 39 31 34
9 14 56 58 60 57
9 15 42 48 42 40
9 16 10 20 21 17
9 17 28 31 34 24
9 18 77 80 73 66
9 19 63 59 54 61
9 20 98 93 91 93
9 21 90 89 90 90
9 22 9 10 11 13
9 23 57 57 55 54
9 24 2 12 14 9
9 25 80 71 82 68
9 26 66 58 64 68
9 27 70 60 74 63
9 28 4 17 6 10
9 29 33 34 38 29
9 30 25 34 33 34
9 31 74 73 64 65
9 32 81 78 72 83
9 33 18 23 29 28
9 34 10 12 21 18
9 35 29 39 28 28
9 36 41 44 38 42
9 37 8 14 11 20
9 38 20 21 25 19
9 39 75 78 64 71
9 40 49 45 45 48
9 41 21 27 21 21
9 42 9 18 12 11
9 43 57 53 55 53
9 44 98 88 94 94
10 11 4 7 10 7
10 12 72 68 66 70
10 13 80 81 74 81
10 14 22 25 22 31
10 15 90 84 81 82
10 16 44 39 42 53
10 17 78 73 68 81
10 18 97 95 92 87
10 19 71 67 74 63
10 20 20 30 27 18
10 21 78 67 80 72
10 22 70 66 61 60
10 23 95 90 82 90
10 24 64 56 59 58
10 25 79 77 70 75
10 26 51 49 44 44
10 27 69 72 60 64
10 28 61 64 59 59
10 29 53 58 51 60
10 30 83 79 80 82
10 31 24 24 28 23
10 32 82 84 83 83
10 33 81 70 76 71
10 34 26 34 34 33
10 35 90 84 78 84
10 36 83 73 78 79
10 37 81 82 77 69
10 38 15 15 25 16
10 39 22 19 19 24
10 40 71 71 66 67
10 41 34 34 42 31
10 42 86 75 88 77
10 43 58 64 62 50
10 44 52 54 56 58
11 12 78 74 72 71
11 13 0 7 10 14
11 14 32 32 27 40
11 15 60 53 57 61
11 16 71 69 69 73
11 17 32 42 35 33
11 18 42 44 42 48
11 19 15 18 13 14
11 20 20 23 21 28
11 21 53 53 50 51
11 22 31 37 41 38
11 23 4 9 6 3
11 24 65 69 58 69
11 25 8 16 12 11
11 26 50 55 48 46
11 27 15 20 16 23
11 28 14 16 16 14
11 29 10 20 23 22
11 30 23 25 25 31
11 31 49 50 53 55
11 32 1 7 10 16
11 33 73 65 68 70
11 34 13 25 14 18
11 35 90 79 84 84
11 36 59 64 61 52
11 37 73 64 73 72
11 38 70 70 68 66
11 39 82 80 75 77
11 40 41 41 36 38
11 41 30 30 26 37
11 42 42 50 50 51
11 43 0 9 13 3
11 44 3 15 13 7
12 13 19 23 23 28
12 14 0 7 7 3
12 15 88 86 85 77
12 16 8 16 8 10
12 17 17 22 16 28
12 18 90 80 85 81
12 19 15 26 17 13
12 20 82 82 73 77
12 21 29 28 26 26
12 22 60 53 61 55
12 23 41 48 50 38
12 24 38 43 37 40
12 25 75 72 72 67
12 26 87 84 81 74
12 27 36 41 44 41
12 28 81 84 83 80
12 29 14 23 14 27
12 30 84 82 84 77
12 31 79 73 73 81
12 32 1 10 4 8
12 33 40 38 44 44
12 34 16 18 28 15
12 35 64 69 67 67
12 36 84 83 75 84
12 37 2 14 15 2
12 38 20 28 30 22
12 39 58 57 53 62
12 40 13 16 11 12
12 41 39 37 46 34
12 42 56 49 58 54
12 43 8 18 20 7
12 44 22 22 33 24
13 14 73 70 72 65
13 15 5 15 14 15
13 16 68 62 69 69
13 17 26 27 32 23
13 18 15 22 17 20
13 19 73 73 76 66
13 20 16 15 16 16
13 21 8 14 15 21
13 22 40 36 42 45
13 23 51 54 49 51
13 24 17 18 23 20
13 25 73 76 77 71
13 26 5 12 7 12
13 27 71 71 61 64
13 28 12 14 25 23
13 29 11 10 22 21
13 30 73 76 76 72
13 31 42 45 42 41
13 32 8 21 20 11
13 33 62 59 63 56
13 34 21 23 24 31
13 35 91 77 80 81
13 36 81 70 82 76
13 37 35 42 40 32
13 38 75 73 68 78
13 39 47 52 42 42
13 40 25 27 22 36
13 41 63 60 55 53
13 42 8 19 12 20
13 43 67 69 66 60
13 44 88 85 75 81
14 15 89 81 81 87
14 16 9 12 20 15
14 17 93 93 92 81
14 18 92 88 93 93
14 19 88 81 86 84
14 20 91 91 79 86
14 21 42 45 48 51
14 22 32 40 32 34
14 23 33 35 40 28
14 24 20 22 21 25
14 25 15 22 26 13
14 26 49 42 49 49
14 27 44 44 44 45
14 28 80 83 76 77
14 29 37 41 33 40
14 30 67 64 60 57
14 31 61 59 61 53
14 32 44 51 51 47
14 33 81 74 72 82
14 34 35 43 39 39
14 35 84 78 76 83
14 36 66 61 70 66
14 37 64 67 60 57
14 38 79 72 69 74
14 39 10 13 9 12
14 40 32 27 37 34
14 41 18 19 28 21
14 42 93 94 92 80
14 43 58 57 61 61
14 44 50 49 43 44
15 16 25 22 22 31
15 17 60 54 63 56
15 18 29 33 35 36
15 19 3 12 16 7
15 20 73 68 73 73
15 21 47 53 41 43
15 22 45 52 40 50
15 23 16 23 22 27
15 24 85 81 86 76
15 25 36 38 32 45
15 26 72 73 75 62
15 27 62 56 54 52
15 28 90 78 79 86
15 29 45 39 42 51
15 30 34 32 31 34
15 31 60 59 57 58
15 32 94 88 84 83
15 33 12 10 23 20
15 34 27 31 26 36
15 35 25 22 31 28
15 36 46 46 48 48
15 37 65 56 59 66
15 38 23 33 22 26
15 39 11 11 19 15
15 40 63 58 56 57
15 41 79 69 72 73
15 42 84 74 80 74
15 43 79 80 70 77
15 44 94 91 88 92
16 17 68 64 71 73
16 18 9 14 15 15
16 19 26 34 32 37
16 20 97 92 89 94
16 21 19 25 29 26
16 22 54 56 47 58
16 23 91 90 88 87
16 24 63 63 59 57
16 25 45 45 39 50
16 26 72 75 62 62
16 27 70 63 73 61
16 28 20 24 19 28
16 29 12 18 18 16
16 30 99 86 97 84
16 31 64 69 58 69
16 32 35 31 32 34
16 33 52 45 59 53
16 34 4 7 9 5
16 35 98 96 96 83
16 36 18 15 19 23
16 37 27 27 25 34
16 38 67 60 63 59
16 39 35 41 35 30
16 40 92 92 93 81
16 41 47 42 49 43
16 42 95 81 95 91
16 43 6 11 14 18
16 44 41 37 36 39
17 18 71 67 66 75
17 19 43 40 49 44
17 20 57 59 64 56
17 21 18 17 30 16
17 22 75 69 66 76
17 23 95 92 85 94
17 24 5 18 6 14
17 25 73 67 64 74
17 26 80 72 81 75
17 27 58 51 52 63
17 28 94 93 80 92
17 29 70 74 64 70
17 30 19 31 24 28
17 31 84 74 83 86
17 32 9 22 15 16
17 33 97 95 84 90
17 34 14 23 18 17
17 35 19 17 31 20
17 36 43 47 47 48
17 37 42 48 36 43
17 38 70 69 62 69
17 39 91 81 79 84
17 40 70 72 61 62
17 41 19 21 25 23
17 42 17 21 23 16
17 43 82 70 69 83
17 44 77 65 66 77
18 19 65 65 62 66
18 20 23 31 32 25
18 21 70 67 61 65
18 22 75 71 69 71
18 23 25 34 26 35
18 24 38 38 47 39
18 25 51 53 50 45
18 26 82 77 83 76
18 27 17 20 15 24
18 28 30 32 35 31
18 29 9 18 14 9
18 30 29 37 29 27
18 31 21 19 32 19
18 32 81 75 80 70
18 33 64 63 66 59
18 34 82 75 79 75
18 35 67 57 71 66
18 36 85 79 76 74
18 37 91 90 86 83
18 38 66 69 67 68
18 39 65 56 56 61
18 40 83 81 80 80
18 41 78 72 76 75
18 42 42 39 38 39
18 43 9 14 20 14
18 44 47 45 44 40
19 20 72 66 68 71
19 21 53 56 47 52
19 22 38 45 38 42
19 23 89 81 89 88
19 24 11 22 23 14
19 25 94 83 82 84
19 26 38 44 38 38
19 27 60 55 65 65
19 28 49 45 43 46
19 29 53 59 48 60
19 30 37 36 43 35
19 31 81 82 83 69
19 32 73 75 73 75
19 33 25 27 35 31
19 34 46 48 39 42
19 35 43 45 40 49
19 36 45 41 48 43
19 37 75 73 74 77
19 38 13 18 17 22
19 39 11 17 13 11
19 40 0 4 9 12
19 41 57 56 58 53
19 42 63 60 57 64
19 43 73 63 65 72
19 44 99 90 91 95
20 21 37 40 41 37
20 22 52 56 54 59
20 23 89 85 87 79
20 24 4 4 17 10
20 25 1 4 12 10
20 26 73 65 71 72
20 27 55 57 47 54
20 28 47 52 53 43
20 29 64 66 60 62
20 30 71 71 65 73
20 31 60 59 60 54
20 32 12 23 10 18
20 33 65 68 64 56
20 34 39 33 33 36
20 35 36 40 34 37
20 36 73 64 70 73
20 37 99 96 89 99
20 38 50 57 44 50
20 39 80 80 71 74
20 40 18 21 22 29
20 41 15 22 19 14
20 42 50 44 54 56
20 43 39 33 47 38
20 44 49 45 45 54
21 22 60 61 56 51
21 23 44 50 41 38
21 24 4 5 17 6
21 25 65 63 66 56
21 26 2 6 8 6
21 27 41 45 36 48
21 28 36 33 32 45
21 29 55 51 59 57
21 30 14 18 22 26
21 31 44 43 52 39
21 32 81 72 77 80
21 33 91 89 83 90
21 34 90 84 81 86
21 35 76 72 69 71
21 36 29 38 34 34
21 37 46 53 43 53
21 38 76 77 67 78
21 39 13 26 24 18
21 40 11 18 9 20
21 41 27 37 37 30
21 42 33 43 34 30
21 43 94 84 87 95
21 44 75 70 66 69
22 23 62 54 63 65
22 24 30 39 31 38
22 25 49 53 45 53
22 26 49 53 56 48
22 27 60 62 59 60
22 28 47 41 40 50
22 29 22 27 21 25
22 30 15 15 19 14
22 31 13 18 14 25
22 32 60 58 56 52
22 33 27 28 36 32
22 34 45 43 52 48
22 35 95 87 81 95
22 36 57 62 55 54
22 37 41 42 44 41
22 38 4 7 4 11
22 39 61 62 59 64
22 40 3 13 12 16
22 41 43 44 43 40
22 42 26 35 31 35
22 43 13 12 13 16
22 44 73 62 74 72
23 24 88 84 83 84
23 25 1 3 1 12
23 26 18 26 19 23
23 27 14 23 23 15
23 28 4 10 6 9
23 29 66 61 58 71
23 30 70 71 68 65
23 31 58 59 51 52
23 32 26 32 37 28
23 33 61 63 66 52
23 34 75 64 76 74
23 35 74 66 66 71
23 36 37 34 34 46
23 37 52 51 46 49
23 38 74 73 65 77
23 39 26 32 30 32
23 40 64 59 63 67
23 41 80 80 78 79
23 42 13 12 19 21
23 43 77 75 75 73
23 44 37 36 37 39
24 25 41 37 50 47
24 26 33 36 41 33
24 27 76 77 66 67
24 28 4 6 10 14
24 29 38 43 33 40
24 30 79 79 70 70
24 31 27 38 25 35
24 32 46 46 50 54
24 33 58 54 62 63
24 34 49 43 45 46
24 35 16 22 25 18
24 36 20 25 27 23
24 37 78 75 80 77
24 38 49 50 52 47
24 39 92 91 84 90
24 40 73 69 72 74
24 41 73 75 67 62
24 42 3 8 4 13
24 43 14 25 24 21
24 44 78 79 80 77
25 26 20 24 25 28
25 27 27 28 32 24
25 28 92 83 87 86
25 29 76 75 67 72
25 30 56 59 59 50
25 31 56 54 54 57
25 32 35 30 37 40
25 33 27 34 38 35
25 34 67 59 60 57
25 35 8 19 16 10
25 36 41 47 39 43
25 37 49 47 47 43
25 38 33 32 39 34
25 39 5 10 11 6
25 40 32 33 36 31
25 41 58 61 53 63
25 42 92 81 82 88
25 43 0 11 11 9
25 44 62 53 57 66
26 27 62 59 66 58
26 28 38 38 36 44
26 29 4 4 9 12
26 30 70 69 73 69
26 31 30 40 39 34
26 32 66 60 68 66
26 33 21 32 29 28
26 34 58 54 59 52
26 35 6 5 17 10
26 36 45 43 46 45
26 37 74 66 77 69
26 38 35 41 35 35
26 39 59 64 63 58
26 40 34 34 42 43
26 41 84 78 80 75
26 42 7 8 16 11
26 43 63 65 68 54
26 44 65 56 55 68
27 28 70 72 72 66
27 29 76 67 68 70
27 30 78 78 73 69
27 31 96 93 82 94
27 32 89 80 79 82
27 33 25 27 32 35
27 34 87 80 79 81
27 35 25 34 23 23
27 36 70 71 65 66
27 37 92 89 79 87
27 38 29 33 32 39
27 39 33 28 42 41
27 40 68 61 62 66
27 41 78 76 67 81
27 42 88 83 89 85
27 43 0 8 5 14
27 44 22 31 30 24
28 29 99 94 95 95
28 30 42 41 46 47
28 31 28 37 38 35
28 32 24 32 34 25
28 33 25 34 30 29
28 34 64 58 57 59
28 35 7 7 13 18
28 36 3 12 4 16
28 37 57 55 51 57
28 38 90 83 81 79
28 39 10 16 9 12
28 40 2 11 12 7
28 41 19 24 21 28
28 42 0 13 0 11
28 43 35 37 30 42
28 44 96 90 93 89
29 30 98 93 98 83
29 31 24 23 34 29
29 32 79 79 78 70
29 33 46 48 40 43
29 34 42 40 47 47
29 35 51 47 49 50
29 36 98 92 88 83
29 37 78 78 72 79
29 38 11 16 17 24
29 39 56 59 61 49
29 40 91 79 88 80
29 41 70 71 65 72
29 42 57 53 57 54
29 43 18 22 26 17
29 44 23 31 33 26
30 31 20 19 23 21
30 32 50 49 53 56
30 33 52 51 52 55
30 34 53 50 48 46
30 35 44 38 39 41
30 36 9 22 18 20
30 37 75 75 66 78
30 38 78 77 78 73
30 39 18 30 23 25
30 40 90 78 80 80
30 41 98 89 95 91
30 42 26 29 23 32
30 43 44 41 51 47
30 44 87 86 81 88
31 32 62 57 59 63
31 33 67 62 60 72
31 34 51 54 51 56
31 35 84 85 74 83
31 36 70 69 59 60
31 37 10 14 10 22
31 38 42 49 37 37
31 39 91 81 84 81
31 40 80 68 79 69
31 41 54 47 50 56
31 42 16 20 27 17
31 43 69 70 60 64
31 44 92 92 86 88
32 33 60 58 60 53
32 34 52 50 57 50
32 35 45 52 47 51
32 36 98 90 86 86
32 37 63 55 54 64
32 38 14 18 24 22
32 39 35 32 37 44
32 40 25 34 29 30
32 41 65 69 68 59
32 42 66 57 67 60
32 43 11 23 14 14
32 44 41 40 48 35
33 34 94 87 92 94
33 35 34 33 35 30
33 36 54 56 53 52
33 37 35 40 31 34
33 38 59 60 61 57
33 39 6 12 18 9
33 40 86 83 83 80
33 41 31 35 31 37
33 42 13 12 25 21
33 43 18 19 28 27
33 44 52 52 46 58
34 35 9 8 11 14
34 36 95 84 94 82
34 37 60 58 58 59
34 38 93 92 94 80
34 39 73 65 76 71
34 40 41 40 44 39
34 41 4 13 17 7
34 42 94 84 94 85
34 43 90 85 77 80
34 44 75 66 64 67
35 36 19 31 24 30
35 37 90 86 88 89
35 38 57 55 62 55
35 39 69 71 62 62
35 40 48 49 46 55
35 41 30 39 32 33
35 42 74 76 64 64
35 43 67 71 66 70
35 44 71 64 68 61
36 37 29 26 33 26
36 38 26 23 34 32
36 39 48 47 52 52
36 40 73 72 72 74
36 41 40 37 40 39
36 42 22 27 22 22
36 43 16 28 29 27
36 44 49 52 54 55
37 38 85 82 85 72
37 39 88 84 89 87
37 40 49 50 55 51
37 41 76 73 65 76
37 42 48 50 44 53
37 43 40 46 45 45
37 44 36 38 40 42
38 39 13 13 26 20
38 40 93 81 82 81
38 41 17 19 17 28
38 42 6 15 7 15
38 43 10 22 12 17
38 44 44 43 45 51
39 40 60 55 58 56
39 41 79 73 78 77
39 42 19 28 22 19
39 43 61 54 55 63
39 44 65 61 68 63
40 41 90 81 88 80
40 42 94 81 81 91
40 43 6 5 19 18
40 44 42 42 48 41
41 42 34 33 43 43
41 43 47 44 43 43
41 44 45 39 50 48
42 43 36 31 37 45
42 44 79 73 81 72
43 44 84 76 72 73
