48
0 1 21 58 66 63
0 2 61 85 33 24
0 3 23 81 59 66
0 4 84 74 96 74
0 5 45 58 11 55
0 6 48 74 78 65
0 7 18 39 15 38
0 8 7 14 49 31
0 9 20 16 62 30
0 10 38 67 77 8
0 11 46 34 15 52
0 12 53 42 29 29
0 13 73 86 44 78
0 14 70 16 91 92
0 15 68 16 48 21
0 16 97 24 50 64
0 17 75 81 18 38
0 18 16 42 57 5
0 19 30 9 84 40
0 20 10 80 77 18
0 21 10 13 76 56
0 22 77 87 86 87
0 23 13 12 34 59
0 24 16 20 67 57
0 25 48 11 38 68
0 26 15 76 78 77
0 27 66 80 62 62
0 28 42 74 72 83
0 29 20 34 38 32
0 30 43 18 87 28
0 31 85 41 83 44
0 32 88 36 34 21
0 33 17 74 51 40
0 34 34 61 42 61
0 35 6 76 78 24
0 36 57 80 84 82
0 37 40 74 83 86
0 38 9 41 68 32
0 39 77 79 47 86
0 40 11 34 45 36
0 41 90 21 31 22
0 42 54 17 69 47
0 43 13 30 14 12
0 44 90 37 63 85
0 45 20 10 10 27
0 46 50 38 37 77
0 47 78 25 47 22
1 2 91 82 71 91
1 3 45 69 29 18
1 4 34 39 62 11
1 5 71 31 31 71
1 6 78 66 41 75
1 7 68 40 19 85
1 8 36 69 35 69
1 9 69 71 22 90
1 10 37 61 77 81
1 11 10 27 21 5
1 12 37 19 77 29
1 13 6 41 33 34
1 14 99 56 93 38
1 15 58 66 28 32
1 16 8 57 80 33
1 17 73 28 70 32
1 18 58 80 74 89
1 19 39 67 60 20
1 20 88 51 58 75
1 21 1 14 37 62
1 22 45 44 51 24
1 23 63 29 89 53
1 24 23 16 65 48
1 25 54 72 46 63
1 26 17 77 25 70
1 27 51 38 69 58
1 28 38 56 14 77
1 29 33 79 54 29
1 30 29 75 47 49
1 31 48 80 65 56
1 32 86 43 23 91
1 33 65 77 63 17
1 34 45 36 36 40
1 35 35 34 37 80
1 36 63 52 50 22
1 37 89 33 41 35
1 38 67 70 70 88
1 39 74 50 74 92
1 40 73 86 29 89
1 41 69 29 50 48
1 42 50 77 52 62
1 43 48 57 22 36
1 44 18 32 51 55
1 45 83 63 57 52
1 46 9 32 59 73
1 47 49 46 13 41
2 3 60 74 63 23
2 4 50 50 81 84
2 5 79 95 93 36
2 6 36 58 39 13
2 7 10 39 32 22
2 8 53 58 66 35
2 9 17 53 55 77
2 10 24 58 19 25
2 11 82 43 31 82
2 12 86 51 78 75
2 13 92 25 95 56
2 14 23 8 77 48
2 15 43 25 82 40
2 16 46 15 64 78
2 17 90 65 22 21
2 18 81 95 74 35
2 19 27 20 45 6
2 20 84 63 73 82
2 21 79 71 69 34
2 22 22 26 15 40
2 23 18 68 24 36
2 24 47 43 71 24
2 25 97 48 72 40
2 26 65 53 86 15
2 27 54 52 59 43
2 28 69 39 68 34
2 29 91 63 52 31
2 30 46 55 60 49
2 31 9 4 21 26
2 32 71 76 32 31
2 33 91 61 48 29
2 34 39 63 22 9
2 35 91 19 70 32
2 36 79 56 76 19
2 37 5 61 79 9
2 38 20 65 59 62
2 39 1 57 33 2
2 40 46 25 57 79
2 41 70 26 26 24
2 42 65 74 31 34
2 43 90 21 75 92
2 44 60 20 48 39
2 45 27 42 51 75
2 46 86 38 28 72
2 47 25 11 46 41
3 4 46 11 14 44
3 5 95 77 55 50
3 6 24 6 55 69
3 7 99 99 79 42
3 8 50 29 21 48
3 9 58 58 38 20
3 10 40 87 66 78
3 11 74 69 21 54
3 12 30 28 15 15
3 13 47 17 74 73
3 14 94 73 29 98
3 15 21 73 16 16
3 16 52 78 24 76
3 17 42 31 68 10
3 18 12 20 74 59
3 19 53 66 74 22
3 20 29 62 17 19
3 21 36 35 33 74
3 22 83 31 50 58
3 23 93 40 74 49
3 24 98 97 69 55
3 25 96 28 30 63
3 26 5 72 12 6
3 27 85 93 28 68
3 28 10 62 50 57
3 29 45 68 60 78
3 30 99 93 56 22
3 31 79 24 82 37
3 32 38 18 57 24
3 33 44 87 28 61
3 34 77 57 95 22
3 35 7 11 18 62
3 36 23 5 33 40
3 37 50 22 76 84
3 38 15 36 73 71
3 39 75 34 79 27
3 40 17 34 41 44
3 41 30 40 11 76
3 42 51 25 72 74
3 43 30 58 42 10
3 44 71 77 90 66
3 45 95 72 22 62
3 46 77 21 26 16
3 47 27 22 34 19
4 5 36 68 15 8
4 6 71 43 18 92
4 7 80 57 68 21
4 8 3 74 16 76
4 9 88 79 96 44
4 10 78 66 59 62
4 11 98 64 66 74
4 12 46 39 64 16
4 13 98 30 29 64
4 14 73 37 34 55
4 15 58 44 66 36
4 16 53 20 31 30
4 17 84 70 34 29
4 18 31 14 20 68
4 19 14 66 35 55
4 20 55 24 29 55
4 21 0 15 19 67
4 22 6 26 54 23
4 23 96 59 72 92
4 24 51 56 67 43
4 25 98 49 32 26
4 26 17 22 10 68
4 27 15 40 61 52
4 28 77 58 54 69
4 29 45 28 37 66
4 30 95 69 77 74
4 31 29 45 17 22
4 32 17 11 10 33
4 33 83 33 61 27
4 34 40 54 68 27
4 35 97 23 23 30
4 36 61 64 59 81
4 37 99 20 57 65
4 38 17 8 65 81
4 39 6 23 13 28
4 40 59 53 62 51
4 41 43 19 65 59
4 42 48 65 11 59
4 43 51 58 18 75
4 44 49 12 59 37
4 45 50 62 81 35
4 46 20 18 42 58
4 47 1 63 15 44
5 6 42 77 65 48
5 7 66 65 53 48
5 8 78 74 72 83
5 9 47 50 30 49
5 10 9 37 7 59
5 11 27 27 38 40
5 12 18 52 42 5
5 13 46 23 10 66
5 14 44 65 78 46
5 15 58 32 87 83
5 16 8 4 44 51
5 17 10 33 69 62
5 18 66 90 87 27
5 19 60 80 41 53
5 20 16 77 10 64
5 21 87 88 26 79
5 22 46 51 64 40
5 23 25 10 37 43
5 24 46 45 85 14
5 25 71 38 80 77
5 26 42 43 9 47
5 27 36 57 29 28
5 28 65 73 72 23
5 29 37 72 36 74
5 30 92 48 72 68
5 31 32 35 18 34
5 32 15 74 56 80
5 33 82 83 37 68
5 34 74 15 77 53
5 35 89 46 51 21
5 36 86 65 29 90
5 37 4 70 49 38
5 38 69 68 50 58
5 39 64 47 45 22
5 40 35 73 45 37
5 41 73 52 61 80
5 42 39 76 8 69
5 43 7 67 80 51
5 44 16 43 50 13
5 45 21 83 60 15
5 46 58 66 55 48
5 47 9 17 19 6
6 7 53 45 41 42
6 8 42 86 61 71
6 9 72 66 89 66
6 10 96 44 95 50
6 11 46 53 40 77
6 12 47 12 43 70
6 13 46 53 82 28
6 14 67 21 85 81
6 15 70 91 41 47
6 16 54 16 26 87
6 17 76 72 36 72
6 18 28 7 45 70
6 19 80 68 57 83
6 20 36 80 25 10
6 21 16 9 38 50
6 22 58 27 82 85
6 23 78 73 46 59
6 24 27 76 57 23
6 25 85 76 87 95
6 26 88 52 39 43
6 27 22 37 20 20
6 28 83 28 39 86
6 29 73 66 69 30
6 30 13 65 72 22
6 31 19 10 14 26
6 32 33 47 49 35
6 33 49 49 59 82
6 34 61 34 61 21
6 35 97 48 52 36
6 36 89 58 89 73
6 37 85 30 93 34
6 38 16 27 47 64
6 39 35 35 23 66
6 40 74 51 23 19
6 41 57 40 86 20
6 42 78 41 31 26
6 43 73 44 72 38
6 44 2 4 71 23
6 45 55 62 43 73
6 46 6 55 37 9
6 47 71 32 52 32
7 8 49 87 32 38
7 9 19 72 80 79
7 10 11 23 40 40
7 11 13 76 4 30
7 12 1 73 20 39
7 13 93 46 77 23
7 14 38 79 25 20
7 15 58 80 74 28
7 16 54 86 56 48
7 17 64 50 46 81
7 18 62 28 67 73
7 19 92 50 86 67
7 20 27 77 25 60
7 21 63 35 15 87
7 22 8 64 51 12
7 23 63 43 60 55
7 24 90 70 94 18
7 25 41 33 57 34
7 26 16 51 37 5
7 27 41 21 68 24
7 28 71 27 84 22
7 29 68 84 18 47
7 30 12 22 33 20
7 31 37 67 64 14
7 32 94 76 40 69
7 33 23 46 38 45
7 34 4 48 77 22
7 35 12 82 7 31
7 36 31 41 76 9
7 37 22 51 73 59
7 38 86 41 58 60
7 39 94 37 86 36
7 40 57 85 23 56
7 41 44 50 54 54
7 42 84 77 76 81
7 43 54 79 83 28
7 44 50 54 82 11
7 45 50 46 34 75
7 46 52 81 19 53
7 47 28 73 74 58
8 9 53 16 32 46
8 10 27 47 79 16
8 11 23 30 19 39
8 12 41 40 72 26
8 13 32 80 86 10
8 14 45 49 23 68
8 15 47 58 70 68
8 16 14 18 39 53
8 17 69 85 55 18
8 18 4 72 43 32
8 19 69 25 57 89
8 20 59 66 59 63
8 21 29 23 66 45
8 22 56 86 65 47
8 23 42 60 61 36
8 24 39 40 66 77
8 25 65 52 40 16
8 26 83 93 94 56
8 27 29 49 83 79
8 28 26 40 60 71
8 29 82 72 72 39
8 30 71 68 91 92
8 31 85 18 33 91
8 32 53 78 14 32
8 33 26 40 45 67
8 34 39 87 84 74
8 35 83 81 28 90
8 36 27 17 41 69
8 37 98 57 44 46
8 38 39 84 71 11
8 39 49 27 82 49
8 40 50 84 34 26
8 41 47 41 40 78
8 42 62 50 55 84
8 43 66 25 56 33
8 44 89 37 50 65
8 45 56 20 87 31
8 46 14 33 68 74
8 47 72 77 58 76
9 10 18 42 82 24
9 11 16 16 10 74
9 12 73 65 29 80
9 13 27 27 44 61
9 14 13 80 77 27
9 15 83 91 40 27
9 16 23 24 29 10
9 17 2 20 37 28
9 18 9 14 30 64
9 19 14 4 38 81
9 20 53 23 38 79
9 21 69 30 44 54
9 22 29 58 6 71
9 23 28 37 54 29
9 24 32 32 58 21
9 25 61 38 44 53
9 26 42 50 46 43
9 27 3 70 3 11
9 28 15 48 45 29
9 29 35 85 16 35
9 30 96 46 48 54
9 31 31 55 47 19
9 32 97 75 58 83
9 33 8 79 18 25
9 34 36 19 27 76
9 35 75 22 53 72
9 36 8 45 3 34
9 37 99 90 64 39
9 38 69 90 19 69
9 39 34 51 85 53
9 40 2 64 39 47
9 41 98 45 70 61
9 42 38 25 66 53
9 43 33 68 17 78
9 44 70 92 30 88
9 45 60 52 71 75
9 46 75 80 41 46
9 47 80 41 24 23
10 11 51 74 44 88
10 12 72 22 38 91
10 13 87 77 30 88
10 14 99 20 99 22
10 15 77 86 88 75
10 16 96 77 62 58
10 17 47 11 60 10
10 18 93 89 94 87
10 19 88 30 72 19
10 20 18 25 12 76
10 21 85 23 67 84
10 22 53 77 83 66
10 23 72 59 42 43
10 24 66 44 56 93
10 25 86 90 88 55
10 26 4 70 69 42
10 27 54 68 48 86
10 28 37 41 72 83
10 29 72 89 27 42
10 30 44 63 82 45
10 31 55 46 67 66
10 32 47 60 69 13
10 33 14 74 7 24
10 34 54 80 80 70
10 35 56 28 20 60
10 36 17 68 58 23
10 37 88 73 62 93
10 38 0 26 47 18
10 39 92 57 75 33
10 40 18 9 64 44
10 41 90 37 84 91
10 42 78 84 19 42
10 43 11 77 27 20
10 44 79 62 25 69
10 45 30 60 79 46
10 46 50 83 84 53
10 47 77 39 23 92
11 12 16 25 16 5
11 13 44 36 52 87
11 14 93 97 71 29
11 15 17 75 42 10
11 16 80 25 29 93
11 17 34 11 29 68
11 18 53 70 35 86
11 19 69 28 27 21
11 20 67 79 58 71
11 21 80 71 73 18
11 22 85 37 70 23
11 23 71 24 24 64
11 24 41 51 30 70
11 25 57 52 22 72
11 26 15 23 35 26
11 27 51 60 68 75
11 28 19 8 51 15
11 29 63 63 20 76
11 30 53 55 67 22
11 31 59 56 74 64
11 32 1 2 70 7
11 33 94 37 79 90
11 34 32 61 14 68
11 35 20 33 73 8
11 36 29 36 42 67
11 37 84 71 23 41
11 38 35 40 16 25
11 39 57 47 59 28
11 40 92 77 76 37
11 41 53 48 14 57
11 42 75 77 55 87
11 43 78 42 70 60
11 44 55 79 71 79
11 45 96 49 27 24
11 46 69 56 55 31
11 47 5 26 66 33
12 13 99 73 97 58
12 14 46 19 44 12
12 15 90 90 56 60
12 16 7 16 74 2
12 17 46 42 15 48
12 18 78 53 25 28
12 19 88 82 60 72
12 20 9 24 72 29
12 21 59 62 22 72
12 22 57 30 31 76
12 23 24 32 50 81
12 24 21 55 68 25
12 25 37 78 15 46
12 26 53 29 32 69
12 27 94 61 59 46
12 28 16 34 18 16
12 29 23 50 4 68
12 30 79 31 75 38
12 31 94 94 93 55
12 32 87 72 83 73
12 33 26 42 59 40
12 34 35 18 52 27
12 35 63 89 79 71
12 36 51 71 45 67
12 37 75 88 28 76
12 38 2 14 28 19
12 39 43 49 44 22
12 40 77 60 75 28
12 41 62 48 57 36
12 42 78 93 94 63
12 43 27 74 69 14
12 44 71 71 38 85
12 45 89 39 26 21
12 46 92 45 70 37
12 47 28 74 13 34
13 14 40 50 80 23
13 15 20 59 33 69
13 16 6 19 6 13
13 17 17 51 82 44
13 18 78 44 35 67
13 19 30 9 81 70
13 20 15 52 23 51
13 21 35 11 77 86
13 22 74 54 40 26
13 23 86 56 38 29
13 24 36 35 33 76
13 25 83 19 94 28
13 26 69 25 15 15
13 27 32 18 71 31
13 28 10 44 76 2
13 29 21 72 36 54
13 30 14 4 58 31
13 31 35 57 32 12
13 32 0 49 28 63
13 33 16 65 20 26
13 34 76 82 71 25
13 35 80 57 28 89
13 36 5 12 75 34
13 37 16 73 6 71
13 38 47 43 28 43
13 39 92 93 27 22
13 40 45 78 65 71
13 41 27 16 71 14
13 42 56 31 36 62
13 43 88 41 20 79
13 44 70 36 38 80
13 45 78 64 56 75
13 46 66 42 60 42
13 47 55 29 17 61
14 15 77 88 72 81
14 16 81 68 59 82
14 17 9 36 5 2
14 18 9 52 63 45
14 19 39 62 87 21
14 20 41 36 83 81
14 21 95 40 84 91
14 22 55 18 43 63
14 23 73 70 77 42
14 24 56 89 37 43
14 25 22 45 46 53
14 26 68 55 48 17
14 27 31 54 76 39
14 28 33 65 34 81
14 29 64 50 29 54
14 30 63 63 25 30
14 31 81 74 54 63
14 32 78 41 82 56
14 33 96 94 98 78
14 34 57 30 75 30
14 35 28 49 36 55
14 36 28 29 66 38
14 37 19 35 9 13
14 38 85 47 55 31
14 39 62 58 78 52
14 40 88 67 55 67
14 41 57 34 51 88
14 42 88 30 86 51
14 43 73 86 44 65
14 44 89 68 56 95
14 45 6 48 64 57
14 46 59 64 89 43
14 47 65 67 78 83
15 16 87 56 70 78
15 17 35 66 85 44
15 18 54 32 71 26
15 19 44 82 20 29
15 20 33 37 26 7
15 21 82 36 69 32
15 22 29 19 9 84
15 23 42 24 75 9
15 24 37 65 47 84
15 25 49 85 30 29
15 26 81 60 57 18
15 27 95 22 90 49
15 28 44 57 25 27
15 29 58 69 40 35
15 30 75 91 50 28
15 31 15 18 70 23
15 32 45 78 89 78
15 33 57 41 88 41
15 34 20 70 11 23
15 35 92 50 42 50
15 36 8 69 25 23
15 37 39 41 85 42
15 38 86 72 48 58
15 39 2 18 48 41
15 40 61 42 16 61
15 41 29 18 73 72
15 42 62 20 70 29
15 43 66 29 85 27
15 44 2 13 58 53
15 45 35 70 53 61
15 46 84 57 73 95
15 47 86 35 48 48
16 17 3 74 32 12
16 18 65 54 63 79
16 19 42 49 8 78
16 20 41 76 13 81
16 21 10 40 15 34
16 22 86 92 22 78
16 23 12 50 27 9
16 24 38 24 41 51
16 25 3 77 4 29
16 26 57 70 62 89
16 27 13 23 73 75
16 28 15 17 50 29
16 29 32 29 47 66
16 30 92 27 53 95
16 31 40 83 14 80
16 32 62 77 15 39
16 33 9 15 81 73
16 34 1 28 68 57
16 35 83 70 92 87
16 36 75 31 30 61
16 37 53 31 10 48
16 38 99 26 34 22
16 39 33 32 25 30
16 40 42 56 26 71
16 41 15 72 22 55
16 42 50 35 27 70
16 43 21 26 66 73
16 44 7 46 21 69
16 45 3 51 35 5
16 46 63 45 30 27
16 47 12 48 47 7
17 18 67 77 15 43
17 19 44 11 41 75
17 20 32 24 62 42
17 21 94 88 61 42
17 22 18 31 79 19
17 23 85 91 27 25
17 24 92 40 50 67
17 25 59 39 51 76
17 26 8 42 59 46
17 27 34 76 12 26
17 28 59 63 68 82
17 29 60 91 34 81
17 30 46 62 36 82
17 31 75 92 20 66
17 32 73 86 28 88
17 33 6 16 62 6
17 34 97 35 70 99
17 35 58 84 89 34
17 36 80 27 83 90
17 37 35 18 62 50
17 38 91 20 92 44
17 39 13 29 12 40
17 40 69 73 40 52
17 41 2 4 28 71
17 42 69 88 90 33
17 43 77 88 88 80
17 44 58 78 43 83
17 45 52 17 53 13
17 46 38 75 34 75
17 47 24 37 15 7
18 19 55 29 32 68
18 20 67 62 83 23
18 21 83 83 63 44
18 22 49 9 36 19
18 23 5 67 26 10
18 24 85 49 23 27
18 25 59 71 62 78
18 26 41 9 68 74
18 27 82 40 42 36
18 28 72 65 25 58
18 29 55 17 64 28
18 30 58 61 53 15
18 31 53 28 63 60
18 32 67 23 64 92
18 33 99 63 46 88
18 34 64 41 22 62
18 35 81 50 20 84
18 36 22 6 19 32
18 37 90 46 65 76
18 38 51 56 74 34
18 39 37 22 75 69
18 40 60 62 55 22
18 41 72 56 79 76
18 42 81 56 59 75
18 43 68 18 30 43
18 44 28 14 74 16
18 45 81 37 49 49
18 46 80 84 31 93
18 47 69 71 73 71
19 20 8 69 38 52
19 21 80 16 25 49
19 22 94 72 24 44
19 23 46 36 74 27
19 24 13 2 77 18
19 25 96 24 87 43
19 26 48 71 37 56
19 27 14 63 15 11
19 28 32 59 21 73
19 29 51 39 57 60
19 30 89 83 44 89
19 31 63 14 13 68
19 32 66 60 88 70
19 33 51 55 83 30
19 34 1 10 63 51
19 35 91 61 33 71
19 36 60 23 18 41
19 37 71 26 61 64
19 38 1 9 8 77
19 39 35 55 65 14
19 40 9 35 76 80
19 41 69 62 47 28
19 42 34 11 85 31
19 43 75 42 58 39
19 44 54 58 58 64
19 45 3 53 80 46
19 46 13 12 34 8
19 47 17 52 23 45
20 21 56 34 14 81
20 22 9 46 49 76
20 23 16 43 27 11
20 24 61 77 22 23
20 25 22 14 65 7
20 26 43 21 18 21
20 27 93 36 53 42
20 28 54 43 80 13
20 29 49 75 44 29
20 30 64 70 67 28
20 31 12 30 39 48
20 32 21 66 72 80
20 33 46 15 37 76
20 34 42 40 28 54
20 35 87 88 31 59
20 36 72 46 66 26
20 37 1 64 44 57
20 38 39 51 12 82
20 39 36 46 74 37
20 40 31 57 15 85
20 41 6 68 72 19
20 42 88 18 28 60
20 43 59 90 39 59
20 44 96 76 85 46
20 45 41 60 29 25
20 46 26 40 44 28
20 47 73 34 77 66
21 22 86 76 66 61
21 23 87 74 23 89
21 24 34 32 84 16
21 25 96 66 28 57
21 26 33 33 24 45
21 27 79 61 70 94
21 28 23 74 82 51
21 29 90 20 50 34
21 30 95 83 23 39
21 31 44 69 30 85
21 32 84 21 74 82
21 33 39 81 61 54
21 34 52 20 76 81
21 35 52 40 52 41
21 36 51 44 72 67
21 37 0 42 23 68
21 38 75 90 76 24
21 39 18 22 32 71
21 40 32 10 10 54
21 41 45 73 20 84
21 42 11 65 32 35
21 43 79 92 52 83
21 44 37 62 77 25
21 45 64 23 38 30
21 46 6 23 66 43
21 47 87 48 81 31
22 23 68 40 20 84
22 24 57 39 39 64
22 25 65 17 70 16
22 26 6 2 6 16
22 27 46 59 12 57
22 28 75 93 43 77
22 29 57 86 79 90
22 30 14 7 61 36
22 31 33 77 61 84
22 32 29 51 8 60
22 33 22 81 17 42
22 34 39 47 74 77
22 35 14 6 73 31
22 36 13 51 57 61
22 37 30 80 80 32
22 38 53 65 56 31
22 39 81 47 55 73
22 40 78 84 77 70
22 41 90 24 89 87
22 42 64 49 54 57
22 43 17 20 38 81
22 44 14 58 12 77
22 45 31 54 31 63
22 46 15 49 35 82
22 47 22 48 66 28
23 24 67 39 35 23
23 25 22 19 79 74
23 26 23 51 69 52
23 27 80 63 67 73
23 28 84 24 36 70
23 29 95 55 87 30
23 30 58 33 69 59
23 31 7 57 64 5
23 32 87 70 22 66
23 33 37 70 54 67
23 34 89 49 96 69
23 35 40 28 60 33
23 36 90 47 43 77
23 37 23 73 46 6
23 38 21 25 58 20
23 39 32 11 74 38
23 40 1 62 70 12
23 41 11 34 37 3
23 42 16 80 50 63
23 43 54 47 33 74
23 44 13 10 17 39
23 45 38 78 24 82
23 46 71 20 50 65
23 47 26 76 36 18
24 25 66 42 61 15
24 26 84 58 32 86
24 27 20 68 18 11
24 28 73 51 69 87
24 29 60 32 75 49
24 30 80 56 45 91
24 31 88 82 33 58
24 32 26 12 8 5
24 33 29 13 25 39
24 34 10 50 6 19
24 35 16 61 47 48
24 36 73 60 55 94
24 37 92 98 32 63
24 38 15 31 49 49
24 39 4 11 80 51
24 40 11 26 19 75
24 41 58 84 67 22
24 42 2 6 68 23
24 43 85 33 71 61
24 44 35 61 77 34
24 45 33 40 79 64
24 46 19 36 60 27
24 47 11 75 74 77
25 26 16 82 53 82
25 27 3 28 24 28
25 28 22 14 34 70
25 29 64 51 58 23
25 30 93 83 55 83
25 31 35 71 49 77
25 32 47 51 17 44
25 33 3 9 13 58
25 34 82 49 57 91
25 35 11 61 28 76
25 36 40 23 61 71
25 37 12 14 50 8
25 38 89 46 18 38
25 39 1 26 66 16
25 40 1 57 4 52
25 41 23 79 52 65
25 42 40 33 61 47
25 43 32 26 62 65
25 44 5 43 16 60
25 45 50 18 38 46
25 46 49 25 61 41
25 47 62 61 21 40
26 27 15 73 53 54
26 28 86 87 22 53
26 29 17 51 60 66
26 30 72 23 36 66
26 31 21 68 32 67
26 32 55 85 71 82
26 33 38 83 32 56
26 34 80 87 84 91
26 35 16 36 54 12
26 36 57 37 37 73
26 37 84 70 57 25
26 38 38 47 39 19
26 39 92 82 96 39
26 40 22 54 15 81
26 41 5 59 15 35
26 42 66 89 65 62
26 43 52 88 46 72
26 44 5 40 5 38
26 45 60 12 25 29
26 46 31 74 35 45
26 47 59 42 40 74
27 28 39 52 50 18
27 29 94 27 69 50
27 30 93 89 78 50
27 31 78 64 81 75
27 32 91 61 74 88
27 33 46 68 79 87
27 34 3 33 28 49
27 35 81 39 35 95
27 36 14 61 75 28
27 37 22 39 41 48
27 38 84 59 93 90
27 39 22 42 68 19
27 40 10 66 30 54
27 41 9 14 55 41
27 42 43 44 58 54
27 43 17 82 66 26
27 44 16 45 69 22
27 45 93 25 72 44
27 46 69 68 82 37
27 47 97 37 58 37
28 29 60 91 49 54
28 30 72 31 71 81
28 31 76 54 65 78
28 32 96 20 78 56
28 33 52 25 74 14
28 34 66 15 67 55
28 35 76 84 90 15
28 36 13 19 42 41
28 37 49 45 54 55
28 38 72 52 93 85
28 39 32 13 65 21
28 40 36 22 27 70
28 41 49 74 16 49
28 42 96 52 90 62
28 43 76 89 85 48
28 44 23 76 67 48
28 45 6 68 25 19
28 46 24 67 63 80
28 47 26 84 50 50
29 30 89 45 27 86
29 31 35 79 39 85
29 32 57 72 83 52
29 33 27 82 16 22
29 34 85 29 47 22
29 35 2 16 14 9
29 36 82 26 29 65
29 37 47 39 54 60
29 38 84 90 23 74
29 39 7 54 67 22
29 40 28 55 36 25
29 41 89 28 34 62
29 42 72 70 65 64
29 43 9 70 54 31
29 44 96 88 47 73
29 45 50 15 59 19
29 46 82 21 25 60
29 47 6 55 53 28
30 31 61 75 49 19
30 32 36 40 57 58
30 33 47 48 59 15
30 34 2 2 12 50
30 35 98 36 80 52
30 36 60 52 21 18
30 37 0 35 5 8
30 38 9 66 32 50
30 39 91 76 69 37
30 40 80 83 82 41
30 41 41 39 44 12
30 42 96 86 38 66
30 43 74 39 24 32
30 44 4 44 38 30
30 45 70 29 39 32
30 46 45 67 74 29
30 47 15 16 56 20
31 32 9 47 11 2
31 33 81 46 74 82
31 34 81 48 90 28
31 35 49 57 39 72
31 36 59 47 84 84
31 37 57 83 70 87
31 38 93 80 35 57
31 39 44 78 40 72
31 40 46 54 22 19
31 41 49 26 9 31
31 42 46 34 36 55
31 43 90 51 55 69
31 44 27 80 22 77
31 45 26 23 13 78
31 46 79 67 18 29
31 47 26 12 35 24
32 33 30 13 74 58
32 34 29 50 85 32
32 35 77 61 42 21
32 36 26 65 18 72
32 37 91 50 50 26
32 38 89 53 73 27
32 39 36 50 18 18
32 40 3 18 72 73
32 41 46 69 76 25
32 42 85 72 73 19
32 43 80 84 81 43
32 44 36 45 18 75
32 45 49 70 52 63
32 46 73 17 73 40
32 47 89 69 36 92
33 34 18 51 11 81
33 35 52 76 72 11
33 36 62 39 14 90
33 37 43 36 33 49
33 38 91 21 74 84
33 39 22 68 34 14
33 40 80 85 29 87
33 41 61 22 86 67
33 42 22 60 32 54
33 43 70 89 85 27
33 44 3 57 48 30
33 45 85 59 77 77
33 46 35 82 25 76
33 47 83 95 57 38
34 35 82 51 61 28
34 36 32 8 10 20
34 37 40 41 21 34
34 38 21 47 82 67
34 39 97 61 49 85
34 40 38 33 63 12
34 41 29 67 41 27
34 42 77 88 52 56
34 43 3 65 73 8
34 44 8 22 62 34
34 45 92 60 41 95
34 46 51 34 51 39
34 47 12 30 40 35
35 36 86 96 73 40
35 37 93 82 74 55
35 38 81 56 34 31
35 39 59 16 23 86
35 40 75 53 26 32
35 41 12 82 73 5
35 42 16 43 63 56
35 43 6 78 42 56
35 44 73 64 60 50
35 45 86 85 89 55
35 46 58 90 30 81
35 47 4 38 57 10
36 37 42 54 14 74
36 38 0 9 39 74
36 39 83 19 38 63
36 40 98 23 94 65
36 41 27 81 14 11
36 42 63 31 58 72
36 43 16 28 80 26
36 44 36 71 44 62
36 45 95 79 77 21
36 46 23 12 8 24
36 47 5 41 55 50
37 38 28 19 80 5
37 39 94 44 48 64
37 40 72 57 84 87
37 41 67 39 21 91
37 42 15 50 60 39
37 43 30 49 11 51
37 44 13 31 17 10
37 45 39 22 32 79
37 46 17 73 47 74
37 47 52 16 83 53
38 39 69 62 83 26
38 40 38 67 49 81
38 41 43 74 67 85
38 42 57 79 49 14
38 43 88 57 21 41
38 44 66 56 76 86
38 45 61 78 86 26
38 46 34 23 86 47
38 47 3 2 54 60
39 40 25 8 81 6
39 41 48 18 36 43
39 42 18 76 26 25
39 43 41 29 68 33
39 44 84 22 79 55
39 45 48 89 64 53
39 46 69 63 92 37
39 47 39 82 52 58
40 41 61 27 46 74
40 42 70 30 52 61
40 43 39 58 70 86
40 44 51 34 50 21
40 45 10 3 55 35
40 46 46 20 36 34
40 47 35 25 38 80
41 42 76 22 20 63
41 43 87 94 58 29
41 44 36 82 69 47
41 45 89 42 90 57
41 46 2 74 38 43
41 47 93 47 72 26
42 43 36 67 24 70
42 44 14 66 80 54
42 45 74 66 29 32
42 46 68 27 80 70
42 47 1 31 48 45
43 44 79 83 61 94
43 45 7 51 46 18
43 46 74 60 74 56
43 47 16 62 9 65
44 45 5 68 64 9
44 46 72 23 88 78
44 47 97 51 69 53
45 46 73 46 88 51
45 47 67 79 87 76
46 47 42 34 34 86
