48
0 1 65 63 60 66
0 2 79 73 79 68
0 3 19 19 29 26
0 4 6 19 5 7
0 5 82 76 75 83
0 6 60 58 55 64
0 7 8 10 11 19
0 8 14 12 22 22
0 9 33 36 34 30
0 10 52 54 58 55
0 11 35 40 38 32
0 12 52 54 47 58
0 13 6 10 7 8
0 14 89 85 87 79
0 15 31 34 41 35
0 16 90 90 80 83
0 17 9 23 14 20
0 18 90 83 89 86
0 19 6 7 19 13
0 20 73 71 66 70
0 21 93 85 83 88
0 22 69 60 68 63
0 23 84 74 71 81
0 24 83 81 74 76
0 25 95 86 82 95
0 26 30 32 33 37
0 27 25 28 22 21
0 28 81 74 78 77
0 29 77 69 67 68
0 30 62 56 55 53
0 31 78 70 72 75
0 32 3 11 8 6
0 33 50 44 48 42
0 34 7 18 21 18
0 35 73 65 71 65
0 36 40 47 47 39
0 37 96 95 91 95
0 38 55 48 57 56
0 39 39 48 42 36
0 40 43 42 45 46
0 41 97 85 96 86
0 42 19 22 21 26
0 43 78 79 69 72
0 44 90 91 90 83
0 45 0 4 2 0
0 46 65 65 62 59
0 47 50 42 54 53
1 2 27 24 26 34
1 3 36 43 38 41
1 4 76 70 68 74
1 5 64 55 59 65
1 6 95 95 95 91
1 7 48 41 45 47
1 8 45 50 38 41
1 9 46 40 44 45
1 10 77 68 75 66
1 11 11 19 10 13
1 12 26 34 35 22
1 13 65 67 60 61
1 14 79 78 68 77
1 15 10 14 17 22
1 16 94 85 93 80
1 17 55 61 55 57
1 18 54 49 55 47
1 19 7 12 13 11
1 20 15 19 20 23
1 21 91 83 81 79
1 22 65 62 59 58
1 23 57 53 49 50
1 24 94 89 90 89
1 25 34 40 34 31
1 26 75 74 69 76
1 27 72 70 63 61
1 28 59 64 55 53
1 29 73 63 72 72
1 30 60 58 65 64
1 31 20 27 17 26
1 32 59 59 55 63
1 33 85 77 76 74
1 34 78 66 78 79
1 35 54 57 50 48
1 36 29 38 28 31
1 37 94 93 87 84
1 38 46 47 46 42
1 39 69 68 61 73
1 40 94 82 86 86
1 41 69 65 71 69
1 42 68 59 60 68
1 43 73 69 62 64
1 44 49 44 49 54
1 45 18 17 26 27
1 46 7 21 16 7
1 47 98 89 88 92
2 3 39 34 48 43
2 4 99 99 96 91
2 5 93 82 93 92
2 6 11 12 24 23
2 7 34 44 36 32
2 8 98 84 84 90
2 9 38 42 44 42
2 10 32 35 30 31
2 11 49 52 49 45
2 12 7 15 12 13
2 13 16 19 26 27
2 14 25 30 24 29
2 15 19 19 30 20
2 16 91 86 88 85
2 17 68 66 62 68
2 18 26 31 30 30
2 19 59 59 64 54
2 20 70 67 60 72
2 21 36 33 31 31
2 22 41 40 49 44
2 23 92 83 79 83
2 24 64 56 68 55
2 25 76 67 75 73
2 26 34 36 35 40
2 27 12 13 25 22
2 28 75 65 68 66
2 29 30 38 36 31
2 30 89 80 88 91
2 31 93 90 80 87
2 32 74 75 73 77
2 33 90 79 89 82
2 34 17 25 25 24
2 35 6 14 11 12
2 36 89 82 77 84
2 37 24 29 33 31
2 38 29 28 39 36
2 39 19 30 25 25
2 40 28 29 26 38
2 41 58 64 52 64
2 42 23 29 33 27
2 43 68 70 72 66
2 44 9 18 19 19
2 45 19 26 26 28
2 46 4 15 10 17
2 47 96 95 82 85
3 4 84 84 77 82
3 5 76 65 66 78
3 6 22 29 26 31
3 7 16 23 15 15
3 8 71 70 66 64
3 9 57 63 51 58
3 10 55 55 60 55
3 11 73 74 71 69
3 12 2 3 14 11
3 13 93 80 85 80
3 14 85 81 76 78
3 15 13 20 12 13
3 16 15 14 13 13
3 17 63 59 55 60
3 18 95 81 87 90
3 19 58 60 63 61
3 20 77 70 76 72
3 21 35 37 34 42
3 22 27 26 31 30
3 23 18 21 16 27
3 24 77 72 79 69
3 25 23 23 25 23
3 26 73 68 71 71
3 27 26 28 37 31
3 28 89 88 86 84
3 29 34 42 31 35
3 30 5 17 6 17
3 31 99 92 92 97
3 32 0 14 14 3
3 33 44 51 50 48
3 34 44 41 49 47
3 35 40 41 35 47
3 36 94 84 89 81
3 37 14 16 16 22
3 38 13 24 21 19
3 39 95 86 95 94
3 40 79 71 81 80
3 41 9 19 16 21
3 42 63 63 56 64
3 43 1 12 2 11
3 44 78 73 68 76
3 45 67 64 60 57
3 46 71 62 72 67
3 47 20 21 26 23
4 5 18 18 30 26
4 6 71 75 72 69
4 7 10 15 23 18
4 8 37 36 31 33
4 9 24 28 31 31
4 10 38 47 37 36
4 11 95 83 89 81
4 12 94 87 82 81
4 13 77 78 66 69
4 14 30 26 29 38
4 15 81 74 74 70
4 16 41 47 38 47
4 17 34 32 34 35
4 18 16 26 23 23
4 19 66 71 57 65
4 20 17 22 15 29
4 21 50 55 45 57
4 22 0 7 4 12
4 23 72 74 71 75
4 24 25 30 28 29
4 25 12 11 14 14
4 26 24 25 30 31
4 27 80 75 73 82
4 28 78 68 69 70
4 29 78 70 73 69
4 30 61 60 66 60
4 31 21 21 27 21
4 32 67 68 63 68
4 33 70 60 69 70
4 34 31 27 34 40
4 35 93 94 91 88
4 36 75 66 67 78
4 37 65 65 58 56
4 38 81 74 70 76
4 39 88 75 77 75
4 40 11 16 19 19
4 41 85 78 76 73
4 42 4 16 17 3
4 43 69 67 64 63
4 44 98 88 98 98
4 45 24 30 31 33
4 46 90 80 84 90
4 47 94 81 85 89
5 6 66 68 67 58
5 7 45 40 39 40
5 8 32 31 39 33
5 9 69 59 68 64
5 10 52 48 55 45
5 11 97 95 95 91
5 12 48 41 42 49
5 13 45 44 44 40
5 14 49 50 44 47
5 15 12 18 12 22
5 16 36 43 36 43
5 17 9 21 17 21
5 18 48 44 49 55
5 19 74 69 77 63
5 20 59 62 64 52
5 21 2 13 3 4
5 22 97 87 89 93
5 23 25 32 24 35
5 24 47 53 42 47
5 25 46 40 49 42
5 26 15 22 24 24
5 27 72 69 68 61
5 28 72 75 62 67
5 29 60 56 63 54
5 30 1 9 15 10
5 31 51 57 56 49
5 32 81 78 79 71
5 33 31 41 40 41
5 34 50 46 43 45
5 35 86 73 78 85
5 36 0 1 7 5
5 37 49 50 43 44
5 38 78 69 80 80
5 39 73 66 70 77
5 40 34 40 37 37
5 41 17 18 27 18
5 42 54 55 54 48
5 43 91 88 84 83
5 44 14 18 14 13
5 45 81 77 71 72
5 46 38 41 46 41
5 47 92 92 89 82
6 7 54 59 58 54
6 8 41 43 43 41
6 9 80 82 70 74
6 10 52 55 58 50
6 11 18 17 16 20
6 12 52 56 54 53
6 13 27 27 32 32
6 14 86 83 75 87
6 15 52 53 56 48
6 16 41 36 36 49
6 17 11 17 22 20
6 18 87 76 82 80
6 19 96 82 83 88
6 20 38 45 36 34
6 21 34 32 37 43
6 22 69 69 66 69
6 23 18 19 15 18
6 24 78 80 69 81
6 25 7 8 6 20
6 26 92 91 83 84
6 27 32 31 33 30
6 28 20 22 31 25
6 29 51 51 46 51
6 30 53 59 50 52
6 31 61 62 65 63
6 32 2 8 9 7
6 33 98 88 92 91
6 34 81 77 73 83
6 35 84 72 76 82
6 36 7 20 9 11
6 37 74 74 77 68
6 38 17 20 27 25
6 39 22 27 19 22
6 40 25 22 30 32
6 41 86 75 82 78
6 42 13 23 23 21
6 43 24 33 32 32
6 44 54 53 53 55
6 45 30 37 29 39
6 46 71 68 61 69
6 47 40 38 47 43
7 8 29 27 26 28
7 9 92 79 89 88
7 10 1 7 12 4
7 11 23 33 24 30
7 12 14 16 21 22
7 13 7 7 17 15
7 14 95 93 82 83
7 15 24 30 28 29
7 16 44 48 49 45
7 17 83 80 83 71
7 18 17 21 23 23
7 19 96 83 94 95
7 20 65 69 65 57
7 21 89 78 83 78
7 22 71 72 65 68
7 23 42 44 43 39
7 24 65 61 64 60
7 25 44 45 48 44
7 26 46 52 48 47
7 27 45 46 49 48
7 28 43 51 43 41
7 29 26 36 25 30
7 30 11 16 13 11
7 31 68 72 66 66
7 32 47 49 49 55
7 33 43 41 39 41
7 34 31 30 39 33
7 35 33 30 40 37
7 36 57 57 51 48
7 37 93 80 87 87
7 38 65 59 68 60
7 39 46 43 53 52
7 40 46 39 49 46
7 41 94 88 90 89
7 42 32 37 28 42
7 43 56 58 53 62
7 44 25 34 34 23
7 45 96 95 85 83
7 46 81 76 78 76
7 47 12 17 10 12
8 9 25 25 29 27
8 10 72 69 74 73
8 11 19 20 28 24
8 12 84 76 79 74
8 13 95 91 95 94
8 14 93 79 86 84
8 15 70 60 62 73
8 16 19 24 19 24
8 17 59 53 54 63
8 18 31 37 32 27
8 19 14 17 17 14
8 20 85 74 77 79
8 21 91 85 80 85
8 22 12 23 11 12
8 23 93 91 88 79
8 24 50 55 46 53
8 25 89 79 83 81
8 26 71 65 69 66
8 27 95 95 91 81
8 28 55 61 57 51
8 29 96 83 82 84
8 30 86 88 78 77
8 31 39 46 40 39
8 32 43 45 47 44
8 33 88 79 78 87
8 34 33 38 39 30
8 35 69 68 69 70
8 36 40 36 46 48
8 37 10 23 12 23
8 38 10 20 17 11
8 39 61 56 52 63
8 40 28 25 38 35
8 41 52 55 49 57
8 42 0 11 8 11
8 43 27 29 32 32
8 44 17 17 26 20
8 45 54 48 56 58
8 46 82 74 71 84
8 47 90 87 89 83
9 10 92 84 89 90
9 11 6 18 9 7
9 12 85 83 85 84
9 13 41 39 39 46
9 14 8 10 21 15
9 15 25 34 27 22
9 16 61 55 59 58
9 17 75 76 72 67
9 18 56 47 59 60
9 19 38 45 41 47
9 20 40 34 37 45
9 21 66 59 63 68
9 22 34 37 33 41
9 23 97 91 82 82
9 24 18 16 21 28
9 25 82 78 72 84
9 26 86 84 84 81
9 27 89 88 84 81
9 28 12 19 21 25
9 29 66 59 65 56
9 30 97 83 86 90
9 31 93 88 90 92
9 32 63 54 66 60
9 33 3 3 12 9
9 34 43 46 41 46
9 35 93 85 84 82
9 36 83 75 78 80
9 37 67 62 60 61
9 38 82 81 70 72
9 39 36 45 36 39
9 40 58 63 64 63
9 41 92 87 93 88
9 42 56 50 52 60
9 43 32 37 28 27
9 44 15 21 19 21
9 45 96 88 82 85
9 46 80 69 74 81
9 47 69 63 73 71
10 11 88 87 85 88
10 12 40 34 40 43
10 13 7 8 19 12
10 14 92 86 93 81
10 15 96 91 88 95
10 16 40 37 48 43
10 17 1 12 3 1
10 18 35 39 31 30
10 19 85 84 74 85
10 20 81 81 83 77
10 21 62 62 58 66
10 22 97 84 85 94
10 23 47 43 53 48
10 24 58 62 50 52
10 25 69 61 64 74
10 26 58 62 60 50
10 27 0 4 12 14
10 28 32 42 35 37
10 29 89 76 78 90
10 30 90 91 85 84
10 31 44 52 47 52
10 32 80 81 80 75
10 33 53 50 56 52
10 34 17 29 24 17
10 35 41 38 40 45
10 36 63 63 65 66
10 37 96 84 88 96
10 38 69 73 67 59
10 39 49 45 50 43
10 40 37 40 33 35
10 41 18 23 23 28
10 42 18 27 29 28
10 43 0 13 8 11
10 44 6 11 13 9
10 45 85 87 72 78
10 46 2 3 7 9
10 47 13 13 17 14
11 12 27 30 29 25
11 13 24 30 29 29
11 14 18 20 28 20
11 15 98 95 95 89
11 16 73 76 65 72
11 17 76 71 66 73
11 18 1 6 13 5
11 19 33 42 38 32
11 20 85 85 84 75
11 21 22 19 19 33
11 22 71 69 61 61
11 23 53 55 47 54
11 24 12 13 16 14
11 25 83 79 83 78
11 26 53 52 57 60
11 27 52 44 48 58
11 28 25 28 21 31
11 29 24 21 29 29
11 30 73 68 67 65
11 31 95 84 81 92
11 32 40 45 42 41
11 33 13 16 22 22
11 34 47 43 43 44
11 35 97 90 86 87
11 36 32 28 40 38
11 37 76 69 70 74
11 38 58 63 52 59
11 39 21 19 24 26
11 40 62 57 62 66
11 41 80 76 81 79
11 42 92 91 90 81
11 43 12 11 18 14
11 44 28 26 26 24
11 45 79 70 77 73
11 46 9 20 11 19
11 47 2 8 15 13
12 13 92 85 92 84
12 14 49 42 52 43
12 15 73 70 67 76
12 16 81 73 77 84
12 17 93 90 79 86
12 18 86 82 87 85
12 19 28 27 37 37
12 20 17 27 18 15
12 21 56 61 48 52
12 22 91 88 78 86
12 23 82 72 81 78
12 24 29 40 30 29
12 25 75 73 72 65
12 26 15 21 19 13
12 27 5 19 19 4
12 28 40 40 41 40
12 29 33 40 38 38
12 30 60 57 61 64
12 31 49 54 51 46
12 32 16 18 25 19
12 33 58 60 59 49
12 34 72 66 75 68
12 35 28 24 31 33
12 36 21 31 30 18
12 37 16 19 18 16
12 38 65 68 58 58
12 39 57 61 60 60
12 40 65 70 60 65
12 41 9 17 11 15
12 42 94 82 93 80
12 43 36 33 38 32
12 44 66 61 61 62
12 45 89 80 91 85
12 46 57 58 56 55
12 47 78 73 78 73
13 14 60 52 55 63
13 15 91 78 79 78
13 16 71 67 61 62
13 17 96 82 93 96
13 18 3 18 9 17
13 19 63 65 67 64
13 20 59 59 54 62
13 21 35 34 31 37
13 22 18 30 25 30
13 23 43 50 44 40
13 24 89 75 81 89
13 25 62 63 66 62
13 26 61 62 64 60
13 27 86 88 82 78
13 28 23 34 22 31
13 29 77 76 76 70
13 30 33 31 42 30
13 31 38 34 45 44
13 32 88 89 85 80
13 33 95 82 88 87
13 34 49 52 54 43
13 35 48 52 44 49
13 36 21 20 22 24
13 37 78 77 77 70
13 38 51 55 55 44
13 39 32 40 32 40
13 40 86 75 85 82
13 41 98 88 96 95
13 42 19 31 30 19
13 43 41 46 48 38
13 44 12 16 11 18
13 45 42 45 38 42
13 46 40 46 36 39
13 47 47 47 42 43
14 15 53 54 52 48
14 16 95 82 88 82
14 17 71 75 69 63
14 18 84 79 75 77
14 19 21 32 28 29
14 20 49 48 42 55
14 21 92 81 88 80
14 22 49 53 53 54
14 23 96 83 87 96
14 24 65 60 63 67
14 25 3 13 17 5
14 26 28 34 25 32
14 27 30 39 40 30
14 28 23 24 27 28
14 29 17 17 24 23
14 30 26 24 34 27
14 31 39 37 43 33
14 32 36 41 39 34
14 33 24 32 22 33
14 34 8 8 13 8
14 35 77 74 67 66
14 36 5 18 17 12
14 37 95 84 83 83
14 38 45 44 43 52
14 39 50 44 48 53
14 40 97 87 93 86
14 41 27 27 35 27
14 42 26 30 28 28
14 43 51 49 44 53
14 44 21 19 21 27
14 45 8 20 10 10
14 46 18 23 22 21
14 47 28 34 26 37
15 16 59 57 61 65
15 17 98 89 90 87
15 18 67 65 64 62
15 19 15 24 16 22
15 20 13 19 26 23
15 21 41 39 49 39
15 22 86 87 77 78
15 23 59 63 58 59
15 24 57 59 51 59
15 25 61 67 63 63
15 26 33 28 41 41
15 27 35 38 31 32
15 28 88 76 81 81
15 29 82 72 75 80
15 30 78 81 77 76
15 31 18 22 19 19
15 32 21 27 24 30
15 33 36 33 38 43
15 34 29 31 33 30
15 35 48 52 45 47
15 36 96 94 82 87
15 37 3 4 8 15
15 38 24 30 21 33
15 39 10 22 17 14
15 40 72 72 63 75
15 41 59 56 65 58
15 42 17 27 27 29
15 43 62 64 56 62
15 44 71 64 63 67
15 45 42 35 41 48
15 46 22 31 32 20
15 47 46 40 49 40
16 17 85 79 84 80
16 18 29 33 32 27
16 19 28 28 27 24
16 20 30 38 37 39
16 21 88 77 76 84
16 22 34 34 39 39
16 23 29 32 26 32
16 24 36 46 45 42
16 25 47 45 46 48
16 26 93 83 84 79
16 27 54 51 60 57
16 28 69 63 69 72
16 29 32 36 31 33
16 30 64 60 60 55
16 31 43 50 39 50
16 32 41 44 40 44
16 33 67 72 61 71
16 34 92 78 86 84
16 35 17 22 24 18
16 36 89 80 85 87
16 37 56 60 50 57
16 38 15 19 18 25
16 39 22 32 25 26
16 40 39 45 43 45
16 41 70 67 68 71
16 42 83 84 84 78
16 43 5 6 11 6
16 44 14 25 13 13
16 45 27 27 31 32
16 46 19 29 26 23
16 47 14 19 20 23
17 18 21 24 29 32
17 19 40 36 45 46
17 20 49 56 55 44
17 21 5 6 16 15
17 22 72 62 62 71
17 23 40 43 49 46
17 24 39 42 46 36
17 25 44 43 52 40
17 26 51 50 54 50
17 27 29 28 26 36
17 28 72 68 63 68
17 29 38 44 47 37
17 30 95 88 94 83
17 31 18 16 23 22
17 32 81 81 81 81
17 33 33 31 35 40
17 34 11 10 16 13
17 35 80 77 74 79
17 36 17 17 26 18
17 37 22 25 19 28
17 38 4 5 10 9
17 39 23 33 22 27
17 40 83 74 83 85
17 41 22 22 30 26
17 42 47 49 51 52
17 43 74 77 66 70
17 44 19 24 30 24
17 45 45 46 47 47
17 46 73 68 64 75
17 47 22 23 29 33
18 19 89 90 78 84
18 20 43 43 42 48
18 21 47 52 40 44
18 22 60 57 64 52
18 23 18 17 17 22
18 24 43 47 42 50
18 25 60 56 56 61
18 26 32 29 34 40
18 27 89 79 84 84
18 28 0 10 13 9
18 29 10 15 10 10
18 30 19 23 22 27
18 31 39 42 34 44
18 32 14 24 20 15
18 33 86 74 76 75
18 34 45 49 52 44
18 35 12 13 25 24
18 36 88 84 87 81
18 37 71 74 67 72
18 38 79 76 75 81
18 39 87 81 77 86
18 40 55 57 54 58
18 41 69 61 72 58
18 42 1 12 2 8
18 43 81 84 83 71
18 44 41 44 41 46
18 45 21 19 28 28
18 46 25 31 28 30
18 47 91 86 86 82
19 20 95 87 94 91
19 21 88 76 83 82
19 22 44 48 47 52
19 23 43 45 46 44
19 24 32 39 37 40
19 25 3 10 17 10
19 26 4 11 16 9
19 27 2 8 5 15
19 28 68 58 60 63
19 29 96 96 88 96
19 30 13 26 17 14
19 31 93 93 83 83
19 32 86 79 76 85
19 33 35 31 43 35
19 34 90 85 80 82
19 35 68 72 69 69
19 36 88 75 83 80
19 37 80 69 75 79
19 38 77 67 71 78
19 39 74 63 74 70
19 40 99 87 95 87
19 41 50 57 52 46
19 42 26 23 30 25
19 43 28 28 32 35
19 44 57 52 50 52
19 45 16 22 17 28
19 46 78 77 71 73
19 47 37 45 32 44
20 21 9 16 21 17
20 22 53 48 49 50
20 23 1 11 13 15
20 24 98 98 93 91
20 25 32 40 39 34
20 26 38 37 42 44
20 27 78 66 78 78
20 28 22 30 24 31
20 29 66 68 62 66
20 30 78 70 80 75
20 31 4 16 6 6
20 32 20 23 26 29
20 33 53 51 51 54
20 34 42 39 46 41
20 35 5 8 6 5
20 36 31 38 27 27
20 37 17 27 26 29
20 38 75 72 65 74
20 39 5 6 7 13
20 40 36 37 35 39
20 41 33 37 42 37
20 42 35 38 35 35
20 43 94 82 93 88
20 44 37 36 37 35
20 45 56 60 59 58
20 46 36 33 37 32
20 47 34 38 29 34
21 22 70 64 67 61
21 23 20 26 23 30
21 24 80 75 77 69
21 25 33 30 40 28
21 26 55 56 61 51
21 27 90 85 79 77
21 28 90 88 91 78
21 29 4 16 17 11
21 30 45 45 52 47
21 31 82 73 81 71
21 32 11 22 19 22
21 33 16 16 23 17
21 34 19 19 25 19
21 35 10 9 16 11
21 36 56 59 53 50
21 37 66 67 60 63
21 38 79 79 72 79
21 39 50 48 57 46
21 40 7 15 6 11
21 41 29 32 28 26
21 42 1 15 9 14
21 43 35 40 42 40
21 44 65 63 67 66
21 45 56 60 48 61
21 46 45 42 52 44
21 47 84 79 75 80
22 23 19 27 22 28
22 24 77 80 67 71
22 25 62 53 55 56
22 26 51 58 57 55
22 27 36 43 33 41
22 28 86 88 83 73
22 29 11 16 18 23
22 30 76 69 67 77
22 31 56 56 60 51
22 32 34 30 32 30
22 33 7 7 10 6
22 34 57 50 50 51
22 35 58 59 61 56
22 36 24 32 30 34
22 37 0 3 6 6
22 38 73 71 65 65
22 39 40 39 45 40
22 40 16 23 25 21
22 41 80 69 80 69
22 42 84 80 76 85
22 43 89 79 79 85
22 44 8 11 10 19
22 45 95 83 93 93
22 46 22 23 33 22
22 47 18 19 26 20
23 24 88 78 80 81
23 25 82 84 77 73
23 26 66 62 56 71
23 27 80 70 73 76
23 28 60 55 58 62
23 29 46 52 41 47
23 30 84 74 78 76
23 31 10 13 12 23
23 32 75 79 69 78
23 33 49 47 45 51
23 34 41 44 47 36
23 35 85 81 87 86
23 36 48 54 44 53
23 37 95 91 83 85
23 38 21 20 22 19
23 39 9 20 11 22
23 40 51 57 57 49
23 41 38 34 37 34
23 42 99 93 85 85
23 43 31 39 28 31
23 44 30 31 30 39
23 45 24 27 21 21
23 46 27 36 27 34
23 47 30 30 28 33
24 25 40 39 38 38
24 26 98 94 88 97
24 27 21 19 30 19
24 28 0 6 5 1
24 29 5 4 19 13
24 30 47 53 41 42
24 31 11 13 10 11
24 32 55 50 59 61
24 33 97 84 97 94
24 34 83 73 76 83
24 35 97 86 90 93
24 36 95 90 92 89
24 37 1 15 15 8
24 38 79 78 69 81
24 39 89 88 82 90
24 40 11 20 13 12
24 41 98 86 84 98
24 42 87 81 88 83
24 43 65 61 60 66
24 44 36 41 37 42
24 45 74 71 65 65
24 46 68 60 59 67
24 47 80 80 69 76
25 26 21 29 30 25
25 27 83 83 72 81
25 28 57 56 57 62
25 29 88 83 77 84
25 30 62 62 54 64
25 31 54 57 47 46
25 32 75 69 68 76
25 33 47 51 43 47
25 34 25 27 30 23
25 35 18 24 20 23
25 36 24 28 32 25
25 37 6 5 7 6
25 38 31 27 41 31
25 39 15 19 24 21
25 40 87 80 76 83
25 41 35 40 39 44
25 42 6 6 17 5
25 43 48 45 44 41
25 44 11 16 23 16
25 45 62 58 61 63
25 46 36 41 45 44
25 47 50 44 49 54
26 27 63 56 56 67
26 28 53 46 55 53
26 29 40 37 35 40
26 30 77 72 74 74
26 31 20 31 20 20
26 32 31 31 33 33
26 33 34 36 36 33
26 34 93 92 82 94
26 35 79 73 78 68
26 36 12 21 11 15
26 37 79 77 73 68
26 38 26 33 34 23
26 39 27 37 27 31
26 40 87 75 75 85
26 41 66 69 64 68
26 42 32 31 31 29
26 43 10 21 23 12
26 44 41 38 50 45
26 45 85 85 72 87
26 46 10 20 10 16
26 47 28 25 32 26
27 28 8 16 8 20
27 29 77 73 73 72
27 30 3 9 14 14
27 31 45 50 51 47
27 32 84 72 86 82
27 33 78 75 73 75
27 34 8 11 16 16
27 35 98 97 85 90
27 36 60 56 63 61
27 37 62 54 59 68
27 38 21 26 22 22
27 39 80 70 82 77
27 40 82 80 82 71
27 41 23 29 25 25
27 42 44 43 48 37
27 43 90 86 89 80
27 44 68 71 67 58
27 45 85 73 86 72
27 46 10 18 18 17
27 47 70 68 72 64
28 29 41 49 49 47
28 30 19 28 28 24
28 31 39 40 45 40
28 32 88 84 87 83
28 33 37 35 36 46
28 34 29 36 36 36
28 35 7 18 6 21
28 36 55 54 61 54
28 37 57 55 60 62
28 38 88 88 89 78
28 39 35 36 43 30
28 40 65 56 68 58
28 41 61 54 65 58
28 42 32 28 30 31
28 43 46 47 39 48
28 44 71 69 74 64
28 45 45 47 45 43
28 46 84 82 76 82
28 47 5 6 7 14
29 30 62 56 62 55
29 31 93 89 82 83
29 32 67 70 67 69
29 33 77 73 75 75
29 34 99 86 85 98
29 35 95 93 83 90
29 36 30 39 34 29
29 37 39 39 41 33
29 38 44 47 51 44
29 39 53 53 54 56
29 40 88 87 84 83
29 41 29 37 36 39
29 42 56 62 57 52
29 43 0 11 10 7
29 44 62 63 54 55
29 45 8 21 17 14
29 46 85 87 84 83
29 47 73 63 69 68
30 31 56 52 55 60
30 32 90 87 86 81
30 33 68 62 64 73
30 34 68 68 65 64
30 35 24 31 32 35
30 36 59 62 55 54
30 37 61 66 60 65
30 38 25 35 23 32
30 39 92 90 87 78
30 40 74 63 72 76
30 41 50 47 50 47
30 42 10 18 15 13
30 43 96 94 95 89
30 44 6 12 6 13
30 45 10 23 13 21
30 46 36 37 45 32
30 47 6 12 6 20
31 32 68 73 64 61
31 33 8 9 9 8
31 34 98 87 94 85
31 35 33 30 39 38
31 36 37 42 44 45
31 37 78 71 76 74
31 38 94 81 93 90
31 39 8 15 15 8
31 40 61 61 61 60
31 41 77 79 71 69
31 42 51 47 51 54
31 43 73 65 65 68
31 44 75 72 70 68
31 45 33 33 42 41
31 46 98 91 84 98
31 47 95 91 93 85
32 33 25 35 32 26
32 34 63 66 61 60
32 35 79 80 76 73
32 36 98 89 88 86
32 37 84 80 83 80
32 38 96 85 96 93
32 39 91 89 92 81
32 40 3 16 5 3
32 41 89 87 81 89
32 42 75 64 74 73
32 43 32 42 36 42
32 44 11 14 18 16
32 45 75 72 77 74
32 46 7 15 13 10
32 47 58 50 59 55
33 34 53 51 54 58
33 35 33 28 28 41
33 36 81 77 74 71
33 37 39 43 42 34
33 38 55 55 53 49
33 39 36 34 34 32
33 40 41 38 39 43
33 41 62 53 64 52
33 42 70 74 68 70
33 43 31 33 39 31
33 44 15 19 15 26
33 45 6 19 14 18
33 46 77 67 71 78
33 47 28 32 35 33
34 35 24 23 35 21
34 36 63 55 56 64
34 37 96 90 91 87
34 38 43 37 50 46
34 39 34 41 36 29
34 40 2 16 5 6
34 41 16 27 27 28
34 42 13 18 26 17
34 43 73 65 72 75
34 44 45 41 42 47
34 45 89 80 78 82
34 46 60 58 63 56
34 47 51 55 49 53
35 36 67 64 71 69
35 37 29 37 37 30
35 38 45 49 43 40
35 39 4 12 18 17
35 40 16 22 24 28
35 41 24 32 29 22
35 42 82 70 85 75
35 43 40 43 47 42
35 44 49 55 49 45
35 45 44 42 52 47
35 46 10 9 10 14
35 47 83 74 75 83
36 37 98 85 90 90
36 38 17 17 17 24
36 39 64 66 58 67
36 40 36 45 45 35
36 41 20 23 26 29
36 42 42 49 51 45
36 43 66 68 58 64
36 44 18 17 22 17
36 45 90 86 87 82
36 46 68 58 70 70
36 47 65 70 69 58
37 38 45 51 47 47
37 39 24 21 30 26
37 40 60 63 53 61
37 41 42 44 47 46
37 42 25 29 29 31
37 43 31 37 32 39
37 44 46 54 45 44
37 45 94 81 89 84
37 46 81 83 80 70
37 47 58 56 51 53
38 39 1 10 14 12
38 40 98 84 86 93
38 41 2 3 12 2
38 42 88 87 81 85
38 43 91 91 89 82
38 44 37 46 45 41
38 45 48 52 48 45
38 46 42 45 40 38
38 47 60 60 60 55
39 40 67 58 65 68
39 41 84 73 80 85
39 42 16 22 16 27
39 43 8 9 14 12
39 44 12 12 12 24
39 45 81 78 69 84
39 46 15 26 27 13
39 47 52 46 57 54
40 41 75 67 72 76
40 42 87 85 81 79
40 43 3 8 10 6
40 44 93 83 82 87
40 45 29 35 32 39
40 46 15 25 15 26
40 47 79 74 70 75
41 42 63 64 66 61
41 43 26 29 24 25
41 44 86 77 83 81
41 45 13 13 18 13
41 46 68 60 59 72
41 47 55 61 57 57
42 43 22 18 32 25
42 44 17 21 16 20
42 45 90 84 85 91
42 46 92 91 83 88
42 47 76 77 71 73
43 44 97 88 96 86
43 45 68 71 66 67
43 46 17 22 16 17
43 47 7 7 16 20
44 45 51 44 47 46
44 46 35 38 32 32
44 47 80 69 74 75
45 46 83 73 74 72
45 47 84 74 82 85
46 47 89 79 83 81
