50
0 1 37 54 73 21
0 2 88 44 75 78
0 3 68 53 51 72
0 4 68 27 18 48
0 5 2 22 8 72
0 6 45 31 65 76
0 7 83 65 84 44
0 8 73 22 78 29
0 9 48 19 31 85
0 10 24 72 59 43
0 11 77 26 90 49
0 12 56 69 86 23
0 13 47 63 25 67
0 14 4 55 43 1
0 15 44 49 51 82
0 16 93 19 92 26
0 17 71 74 68 48
0 18 96 35 67 47
0 19 27 56 51 82
0 20 21 74 14 70
0 21 57 33 84 70
0 22 18 19 15 49
0 23 91 40 64 21
0 24 31 12 49 73
0 25 81 69 76 29
0 26 31 40 26 72
0 27 21 76 38 57
0 28 29 36 45 51
0 29 7 8 40 52
0 30 51 11 25 37
0 31 13 3 9 23
0 32 96 27 99 24
0 33 99 60 28 98
0 34 79 66 92 61
0 35 53 31 43 50
0 36 1 59 49 49
0 37 23 40 28 32
0 38 17 54 5 32
0 39 85 40 59 59
0 40 24 42 23 54
0 41 78 74 50 45
0 42 52 28 77 76
0 43 62 14 48 87
0 44 16 6 20 16
0 45 11 6 56 78
0 46 49 56 23 21
0 47 32 31 9 63
0 48 3 28 76 16
0 49 46 60 79 30
1 2 10 57 62 17
1 3 16 56 9 25
1 4 78 90 28 56
1 5 57 26 28 76
1 6 32 49 72 48
1 7 15 16 29 75
1 8 19 54 15 75
1 9 39 80 74 47
1 10 25 70 27 45
1 11 7 44 50 19
1 12 56 36 67 22
1 13 13 21 45 63
1 14 73 33 60 31
1 15 57 75 48 16
1 16 31 63 50 21
1 17 51 36 59 58
1 18 29 74 45 45
1 19 14 19 30 28
1 20 38 57 56 70
1 21 32 54 84 66
1 22 18 15 17 23
1 23 67 32 50 31
1 24 36 83 52 65
1 25 36 46 61 69
1 26 30 48 38 7
1 27 83 37 88 43
1 28 86 22 40 96
1 29 56 68 82 26
1 30 11 35 57 79
1 31 56 87 55 87
1 32 91 68 37 57
1 33 94 58 91 41
1 34 57 54 71 56
1 35 88 55 73 23
1 36 50 81 20 58
1 37 25 53 44 16
1 38 81 50 35 60
1 39 1 31 75 54
1 40 26 36 23 53
1 41 26 29 51 73
1 42 15 26 63 28
1 43 2 22 32 2
1 44 5 28 35 37
1 45 66 41 75 71
1 46 70 60 61 87
1 47 68 45 89 23
1 48 8 69 52 22
1 49 40 71 44 48
2 3 63 34 89 60
2 4 8 40 55 22
2 5 23 53 35 63
2 6 50 87 30 89
2 7 57 12 12 73
2 8 89 27 47 27
2 9 60 61 88 45
2 10 14 67 29 64
2 11 82 35 36 81
2 12 47 56 48 62
2 13 27 42 74 16
2 14 62 87 45 36
2 15 49 11 43 78
2 16 65 66 91 33
2 17 98 26 65 65
2 18 86 22 57 46
2 19 16 70 55 4
2 20 46 21 54 39
2 21 11 71 2 27
2 22 14 22 70 22
2 23 68 84 67 74
2 24 63 33 60 43
2 25 34 28 15 68
2 26 78 92 63 93
2 27 87 39 92 40
2 28 21 7 73 82
2 29 92 65 24 87
2 30 64 42 30 67
2 31 75 67 70 62
2 32 25 68 69 32
2 33 34 36 24 68
2 34 40 37 11 28
2 35 48 83 37 15
2 36 68 55 88 37
2 37 48 78 46 45
2 38 64 78 31 56
2 39 45 72 54 42
2 40 43 47 29 51
2 41 33 27 81 72
2 42 95 89 34 33
2 43 14 73 70 64
2 44 81 84 69 41
2 45 78 38 34 17
2 46 40 72 37 87
2 47 89 32 57 32
2 48 68 61 35 84
2 49 77 50 36 83
3 4 1 65 17 8
3 5 85 26 70 88
3 6 32 29 27 25
3 7 93 47 64 70
3 8 62 13 71 50
3 9 5 74 22 67
3 10 79 73 25 61
3 11 24 18 43 8
3 12 17 36 29 61
3 13 83 36 82 25
3 14 11 24 80 43
3 15 70 60 41 59
3 16 32 45 40 34
3 17 50 20 43 58
3 18 82 56 35 22
3 19 46 84 55 44
3 20 45 39 74 60
3 21 79 32 20 30
3 22 3 6 46 8
3 23 67 79 27 40
3 24 81 73 39 58
3 25 6 27 60 47
3 26 34 78 13 56
3 27 99 58 28 92
3 28 44 43 19 69
3 29 16 20 33 47
3 30 72 64 58 72
3 31 94 86 64 34
3 32 93 41 82 83
3 33 32 52 29 75
3 34 67 86 72 34
3 35 57 15 19 33
3 36 94 61 87 48
3 37 29 10 54 40
3 38 62 18 36 80
3 39 87 50 93 96
3 40 70 36 14 75
3 41 70 86 50 79
3 42 28 15 25 37
3 43 89 21 61 66
3 44 98 67 92 45
3 45 81 20 63 77
3 46 25 51 49 63
3 47 60 25 84 62
3 48 89 77 90 81
3 49 63 15 72 91
4 5 66 73 17 34
4 6 99 22 62 64
4 7 87 42 90 83
4 8 63 62 16 24
4 9 38 20 67 87
4 10 39 29 62 8
4 11 42 52 54 51
4 12 97 88 22 94
4 13 81 32 62 46
4 14 65 43 42 70
4 15 63 35 53 38
4 16 17 26 28 13
4 17 29 20 34 33
4 18 43 71 10 43
4 19 23 21 66 81
4 20 57 40 28 86
4 21 96 33 99 73
4 22 28 18 45 78
4 23 97 97 39 56
4 24 4 1 35 55
4 25 71 64 21 91
4 26 82 68 29 23
4 27 67 27 62 87
4 28 72 17 25 38
4 29 85 27 63 66
4 30 98 66 57 23
4 31 71 83 80 56
4 32 86 93 63 71
4 33 88 27 20 45
4 34 9 20 26 6
4 35 43 16 74 70
4 36 28 69 8 75
4 37 9 37 44 70
4 38 1 39 75 32
4 39 25 48 25 78
4 40 13 27 56 19
4 41 27 58 14 59
4 42 85 59 83 96
4 43 51 42 88 68
4 44 44 60 71 48
4 45 89 34 55 36
4 46 84 21 31 79
4 47 27 67 16 68
4 48 67 54 47 25
4 49 69 25 31 84
5 6 63 41 30 46
5 7 17 14 50 33
5 8 89 25 58 30
5 9 15 27 46 25
5 10 64 45 27 22
5 11 18 81 12 10
5 12 97 62 97 76
5 13 96 64 26 97
5 14 89 74 55 24
5 15 69 29 23 63
5 16 54 48 45 35
5 17 7 8 13 47
5 18 53 55 46 11
5 19 15 75 51 72
5 20 96 20 64 58
5 21 25 61 52 60
5 22 90 79 83 23
5 23 73 88 42 84
5 24 52 32 50 50
5 25 13 41 16 71
5 26 84 52 23 64
5 27 47 52 68 45
5 28 76 22 81 23
5 29 67 21 45 61
5 30 84 94 19 39
5 31 77 30 17 36
5 32 41 71 41 67
5 33 84 46 73 69
5 34 61 73 46 46
5 35 9 65 35 46
5 36 12 18 23 13
5 37 65 44 42 52
5 38 69 40 36 84
5 39 57 14 18 29
5 40 99 33 82 33
5 41 4 56 40 32
5 42 27 54 21 34
5 43 1 38 70 29
5 44 58 83 45 24
5 45 73 68 48 73
5 46 16 15 57 27
5 47 94 85 94 36
5 48 63 85 47 21
5 49 28 64 78 13
6 7 97 48 26 82
6 8 18 4 56 40
6 9 21 69 42 41
6 10 16 9 36 62
6 11 97 48 86 55
6 12 51 22 34 17
6 13 72 18 81 23
6 14 71 88 57 40
6 15 24 12 37 37
6 16 87 68 50 54
6 17 55 15 88 59
6 18 62 12 66 60
6 19 44 27 72 85
6 20 77 51 58 57
6 21 24 40 84 47
6 22 93 70 65 94
6 23 53 54 24 77
6 24 24 20 62 17
6 25 52 22 68 73
6 26 44 74 22 11
6 27 82 23 69 69
6 28 97 60 36 49
6 29 2 77 57 27
6 30 88 93 45 29
6 31 95 84 86 53
6 32 0 21 78 31
6 33 54 68 33 56
6 34 85 75 74 53
6 35 74 86 39 73
6 36 7 17 29 44
6 37 25 33 71 60
6 38 8 21 38 14
6 39 51 81 40 12
6 40 64 35 17 20
6 41 18 78 16 33
6 42 33 21 85 31
6 43 3 43 59 8
6 44 71 23 70 57
6 45 29 10 31 82
6 46 3 34 72 8
6 47 75 62 57 40
6 48 51 57 69 73
6 49 87 84 41 83
7 8 77 78 63 47
7 9 0 0 58 62
7 10 50 13 69 40
7 11 96 26 51 58
7 12 59 24 38 44
7 13 55 36 71 38
7 14 98 94 96 39
7 15 41 78 12 39
7 16 7 31 37 40
7 17 44 40 55 71
7 18 69 19 35 60
7 19 37 74 62 40
7 20 25 60 48 5
7 21 19 42 73 69
7 22 90 65 88 68
7 23 21 61 56 29
7 24 67 75 31 63
7 25 62 42 57 34
7 26 86 53 71 42
7 27 12 17 36 5
7 28 46 62 21 52
7 29 23 57 59 17
7 30 49 55 66 44
7 31 77 75 91 45
7 32 4 48 55 14
7 33 6 11 34 47
7 34 53 17 29 66
7 35 93 37 88 83
7 36 63 17 67 60
7 37 72 89 17 51
7 38 9 32 54 15
7 39 84 58 46 37
7 40 0 35 9 26
7 41 12 64 18 68
7 42 53 21 77 40
7 43 98 22 63 83
7 44 36 43 53 46
7 45 91 44 49 22
7 46 81 34 67 96
7 47 95 48 71 28
7 48 42 34 76 42
7 49 85 64 89 89
8 9 2 12 12 32
8 10 98 52 91 95
8 11 11 16 10 55
8 12 50 30 53 55
8 13 90 20 81 88
8 14 27 7 27 54
8 15 23 40 36 79
8 16 0 48 31 75
8 17 29 45 25 41
8 18 10 6 63 67
8 19 97 24 80 81
8 20 74 72 36 44
8 21 66 59 26 59
8 22 18 32 13 17
8 23 28 33 82 64
8 24 46 49 15 11
8 25 31 37 29 83
8 26 8 45 15 63
8 27 40 39 27 10
8 28 43 32 82 53
8 29 69 56 92 14
8 30 38 10 54 76
8 31 83 67 19 19
8 32 44 83 77 80
8 33 56 87 27 40
8 34 55 60 15 35
8 35 6 36 17 46
8 36 53 47 87 15
8 37 64 26 90 34
8 38 53 79 80 49
8 39 64 69 39 28
8 40 92 28 92 40
8 41 76 42 94 30
8 42 93 62 57 36
8 43 78 78 92 50
8 44 23 14 25 69
8 45 31 48 49 26
8 46 7 45 75 22
8 47 88 58 88 61
8 48 68 63 57 56
8 49 57 24 19 90
9 10 88 39 40 96
9 11 27 27 75 78
9 12 53 13 25 45
9 13 73 62 28 62
9 14 46 42 77 61
9 15 13 31 4 20
9 16 70 69 63 35
9 17 87 81 83 94
9 18 30 50 33 51
9 19 2 58 44 63
9 20 4 35 66 80
9 21 89 39 70 73
9 22 96 71 81 60
9 23 86 63 82 59
9 24 72 78 86 33
9 25 43 28 45 44
9 26 38 66 12 72
9 27 41 74 84 55
9 28 53 59 20 52
9 29 55 28 83 38
9 30 87 73 55 81
9 31 93 49 93 33
9 32 77 23 49 78
9 33 90 33 73 75
9 34 18 13 31 30
9 35 37 10 19 21
9 36 55 62 81 25
9 37 89 48 21 67
9 38 30 73 58 23
9 39 62 87 77 40
9 40 32 85 47 37
9 41 76 89 38 73
9 42 32 74 6 51
9 43 31 73 63 84
9 44 6 31 27 30
9 45 36 66 78 15
9 46 20 53 28 50
9 47 39 59 54 22
9 48 59 28 14 50
9 49 28 58 24 76
10 11 31 23 22 44
10 12 98 51 57 56
10 13 22 15 42 25
10 14 97 80 68 23
10 15 74 27 86 77
10 16 37 22 78 76
10 17 83 24 90 91
10 18 88 43 97 62
10 19 20 42 29 44
10 20 14 19 42 7
10 21 77 31 39 81
10 22 25 23 76 44
10 23 78 61 36 18
10 24 84 20 22 36
10 25 87 41 88 47
10 26 17 6 28 66
10 27 17 20 39 80
10 28 59 17 20 69
10 29 65 14 53 45
10 30 76 73 87 40
10 31 17 6 36 31
10 32 27 55 41 58
10 33 88 88 64 60
10 34 16 32 25 78
10 35 23 54 8 75
10 36 7 38 5 50
10 37 99 81 48 42
10 38 44 69 53 26
10 39 54 33 73 43
10 40 47 11 27 13
10 41 44 43 20 62
10 42 0 9 40 42
10 43 11 17 64 59
10 44 12 17 18 48
10 45 14 40 78 44
10 46 61 67 17 49
10 47 87 62 76 31
10 48 2 37 19 10
10 49 12 6 75 8
11 12 72 18 52 16
11 13 90 57 24 89
11 14 30 29 19 26
11 15 20 53 62 68
11 16 30 27 35 31
11 17 31 58 48 46
11 18 88 26 43 78
11 19 1 40 77 62
11 20 38 54 67 76
11 21 75 51 80 66
11 22 69 65 61 23
11 23 53 39 90 19
11 24 91 44 22 98
11 25 38 19 42 56
11 26 76 35 91 56
11 27 10 10 35 49
11 28 15 4 78 58
11 29 79 41 93 68
11 30 5 20 38 51
11 31 98 71 31 89
11 32 86 94 36 61
11 33 40 67 48 63
11 34 93 31 90 26
11 35 85 54 54 19
11 36 76 28 31 29
11 37 10 12 14 70
11 38 70 50 93 28
11 39 77 72 64 36
11 40 28 62 34 72
11 41 86 44 64 76
11 42 86 49 43 49
11 43 31 79 47 17
11 44 24 37 20 67
11 45 89 47 43 87
11 46 52 59 13 12
11 47 26 51 17 18
11 48 72 39 54 74
11 49 62 49 86 41
12 13 21 43 21 49
12 14 48 46 37 62
12 15 0 0 20 11
12 16 49 58 55 24
12 17 1 76 19 78
12 18 9 45 9 54
12 19 11 68 68 7
12 20 13 65 43 72
12 21 15 28 70 27
12 22 20 58 59 78
12 23 20 52 46 26
12 24 70 66 76 35
12 25 57 43 79 87
12 26 37 35 44 82
12 27 48 79 80 50
12 28 81 38 43 70
12 29 88 24 47 49
12 30 96 55 41 22
12 31 54 19 58 22
12 32 95 88 69 47
12 33 58 77 29 14
12 34 81 61 60 61
12 35 54 49 78 55
12 36 87 90 90 81
12 37 8 6 68 47
12 38 22 41 24 11
12 39 59 13 50 42
12 40 72 40 61 71
12 41 98 59 40 30
12 42 14 7 59 59
12 43 93 49 81 31
12 44 60 88 52 15
12 45 17 29 50 52
12 46 65 92 27 59
12 47 7 64 2 62
12 48 53 42 43 31
12 49 18 59 75 64
13 14 97 29 47 42
13 15 96 35 42 57
13 16 39 24 86 50
13 17 14 65 32 70
13 18 7 33 72 68
13 19 9 37 29 45
13 20 73 48 21 52
13 21 80 61 73 67
13 22 70 92 68 20
13 23 13 21 76 54
13 24 16 58 35 42
13 25 3 37 8 72
13 26 25 47 23 74
13 27 89 34 43 47
13 28 22 66 46 56
13 29 25 57 75 39
13 30 57 14 31 82
13 31 3 61 51 2
13 32 62 43 15 42
13 33 96 80 52 79
13 34 94 84 25 72
13 35 32 51 21 34
13 36 87 67 95 71
13 37 86 33 94 59
13 38 10 19 51 64
13 39 6 77 26 71
13 40 97 57 41 73
13 41 40 76 8 52
13 42 91 64 76 61
13 43 67 78 24 58
13 44 8 76 52 78
13 45 72 65 16 70
13 46 94 79 28 23
13 47 19 5 58 19
13 48 8 12 13 32
13 49 99 54 87 93
14 15 64 63 80 34
14 16 42 35 14 28
14 17 19 48 43 25
14 18 72 81 91 37
14 19 61 40 76 86
14 20 29 33 15 32
14 21 59 85 19 48
14 22 83 77 48 67
14 23 11 13 31 42
14 24 88 23 23 21
14 25 59 61 82 12
14 26 58 53 82 12
14 27 96 49 26 26
14 28 10 9 22 35
14 29 33 49 18 51
14 30 46 45 64 30
14 31 15 60 22 34
14 32 34 48 23 64
14 33 8 17 25 55
14 34 9 60 27 17
14 35 73 57 38 54
14 36 90 67 24 86
14 37 43 54 74 10
14 38 5 29 23 69
14 39 78 42 94 71
14 40 37 64 51 26
14 41 93 49 59 22
14 42 65 86 30 18
14 43 0 17 32 28
14 44 16 71 50 10
14 45 29 59 72 70
14 46 66 73 55 52
14 47 63 88 67 69
14 48 55 79 25 61
14 49 82 53 68 42
15 16 95 20 22 21
15 17 96 97 70 68
15 18 65 26 79 90
15 19 29 38 32 36
15 20 62 76 77 60
15 21 51 45 18 46
15 22 9 28 32 3
15 23 88 93 64 69
15 24 50 28 11 21
15 25 57 15 78 74
15 26 47 23 51 37
15 27 29 56 59 60
15 28 51 76 29 44
15 29 47 83 88 55
15 30 65 81 16 80
15 31 96 58 73 76
15 32 69 85 28 62
15 33 16 58 81 15
15 34 93 25 28 29
15 35 66 36 65 18
15 36 64 40 47 31
15 37 78 86 63 79
15 38 13 54 29 15
15 39 7 57 17 56
15 40 90 48 96 22
15 41 9 24 33 74
15 42 38 30 19 23
15 43 2 51 20 74
15 44 12 51 72 65
15 45 69 72 80 80
15 46 87 77 38 25
15 47 17 27 25 55
15 48 96 65 25 64
15 49 57 79 85 54
16 17 53 79 42 77
16 18 67 72 83 55
16 19 20 58 79 33
16 20 71 38 83 31
16 21 59 26 65 73
16 22 56 42 23 47
16 23 44 43 51 16
16 24 94 55 22 21
16 25 65 73 20 37
16 26 16 6 40 81
16 27 75 53 41 88
16 28 40 74 19 48
16 29 62 14 81 73
16 30 54 14 54 68
16 31 15 27 12 39
16 32 9 79 54 7
16 33 1 5 59 77
16 34 22 25 8 25
16 35 98 96 52 58
16 36 92 53 73 37
16 37 69 69 91 67
16 38 43 59 62 65
16 39 23 80 31 59
16 40 49 34 85 32
16 41 26 83 54 71
16 42 18 44 17 54
16 43 0 68 46 21
16 44 48 16 27 33
16 45 43 82 34 22
16 46 58 38 21 35
16 47 40 21 20 22
16 48 83 51 73 68
16 49 97 31 22 55
17 18 26 75 65 20
17 19 26 46 48 48
17 20 75 25 52 90
17 21 48 57 88 14
17 22 87 97 26 17
17 23 29 70 34 36
17 24 35 34 30 74
17 25 47 72 76 32
17 26 64 40 56 26
17 27 87 83 93 86
17 28 18 5 52 18
17 29 63 39 44 55
17 30 89 78 71 60
17 31 44 20 55 29
17 32 7 32 20 9
17 33 74 37 23 74
17 34 99 82 74 76
17 35 70 73 54 73
17 36 17 82 50 22
17 37 69 66 88 86
17 38 64 65 60 73
17 39 53 88 16 34
17 40 85 92 50 68
17 41 32 14 28 64
17 42 31 57 30 22
17 43 56 46 33 65
17 44 29 16 42 38
17 45 23 25 23 67
17 46 98 61 70 70
17 47 65 18 69 40
17 48 86 30 77 44
17 49 59 71 30 67
18 19 6 2 66 27
18 20 91 33 68 90
18 21 67 48 72 81
18 22 99 59 70 76
18 23 79 23 27 19
18 24 36 36 52 81
18 25 38 73 15 23
18 26 28 33 14 80
18 27 3 52 53 68
18 28 5 65 13 68
18 29 81 77 52 66
18 30 89 23 77 39
18 31 26 32 31 39
18 32 66 86 78 58
18 33 32 79 48 60
18 34 14 66 23 51
18 35 97 32 55 81
18 36 43 21 34 81
18 37 99 98 69 41
18 38 29 13 73 65
18 39 16 15 61 28
18 40 54 13 11 54
18 41 35 83 44 73
18 42 30 51 78 44
18 43 48 70 43 81
18 44 60 45 89 47
18 45 93 50 25 33
18 46 88 45 83 26
18 47 45 16 76 72
18 48 83 41 51 79
18 49 7 13 55 30
19 20 17 79 43 53
19 21 65 52 92 55
19 22 67 27 24 91
19 23 86 78 47 94
19 24 58 42 45 84
19 25 15 45 82 6
19 26 97 20 55 53
19 27 83 52 47 31
19 28 46 26 10 81
19 29 11 67 31 45
19 30 23 44 71 79
19 31 76 54 45 67
19 32 48 12 73 49
19 33 56 18 58 89
19 34 44 50 82 12
19 35 51 19 75 85
19 36 87 50 30 45
19 37 26 57 10 25
19 38 6 23 67 33
19 39 51 54 29 37
19 40 14 50 66 58
19 41 26 72 42 59
19 42 95 24 86 80
19 43 35 76 34 11
19 44 83 48 42 56
19 45 95 43 48 89
19 46 34 51 54 34
19 47 88 91 61 53
19 48 38 46 51 56
19 49 45 40 32 74
20 21 67 68 82 65
20 22 92 33 88 60
20 23 84 64 75 75
20 24 55 77 53 67
20 25 48 51 54 56
20 26 85 76 72 80
20 27 14 16 16 51
20 28 11 69 23 69
20 29 54 54 77 43
20 30 79 70 75 38
20 31 86 56 79 96
20 32 22 36 22 44
20 33 1 12 23 16
20 34 9 10 62 20
20 35 98 97 98 94
20 36 52 84 44 47
20 37 68 57 47 43
20 38 57 84 31 29
20 39 1 43 69 6
20 40 68 25 27 15
20 41 80 57 78 48
20 42 71 71 74 15
20 43 0 60 15 39
20 44 33 81 73 37
20 45 33 54 16 71
20 46 30 78 33 33
20 47 81 67 70 89
20 48 96 25 62 46
20 49 74 77 72 63
21 22 18 76 58 64
21 23 69 20 68 66
21 24 71 60 67 15
21 25 40 59 49 57
21 26 46 66 72 54
21 27 96 33 89 52
21 28 11 22 21 62
21 29 85 76 73 40
21 30 44 23 39 71
21 31 81 28 66 38
21 32 0 64 22 78
21 33 94 77 42 56
21 34 82 75 70 49
21 35 57 81 28 58
21 36 81 80 31 18
21 37 4 4 43 8
21 38 47 84 48 26
21 39 38 17 20 61
21 40 25 24 15 9
21 41 36 13 73 64
21 42 70 45 37 73
21 43 45 46 85 16
21 44 60 45 39 14
21 45 6 7 34 75
21 46 81 67 34 84
21 47 97 67 59 70
21 48 91 54 39 73
21 49 79 43 25 67
22 23 92 64 47 69
22 24 81 95 37 64
22 25 46 29 72 13
22 26 6 30 11 69
22 27 51 50 28 43
22 28 80 38 38 72
22 29 90 33 61 88
22 30 67 28 72 76
22 31 23 56 37 37
22 32 71 68 14 59
22 33 44 70 83 77
22 34 95 77 95 44
22 35 38 9 65 62
22 36 62 30 13 86
22 37 97 59 98 28
22 38 84 76 19 39
22 39 85 88 54 91
22 40 50 58 29 31
22 41 50 37 33 85
22 42 40 21 70 46
22 43 51 31 57 74
22 44 22 26 5 78
22 45 48 36 43 31
22 46 56 37 84 59
22 47 40 58 59 36
22 48 46 14 88 66
22 49 94 70 40 75
23 24 61 17 43 57
23 25 5 26 23 56
23 26 71 28 67 89
23 27 31 34 10 73
23 28 35 51 65 53
23 29 66 64 34 60
23 30 90 35 82 90
23 31 93 31 33 38
23 32 52 42 19 84
23 33 22 44 64 19
23 34 98 91 67 79
23 35 79 68 41 16
23 36 98 40 36 43
23 37 34 36 58 28
23 38 79 59 75 29
23 39 69 47 20 45
23 40 19 35 25 71
23 41 3 44 26 2
23 42 64 70 45 44
23 43 68 18 27 18
23 44 50 53 50 85
23 45 47 72 63 13
23 46 72 89 27 21
23 47 86 58 48 94
23 48 89 25 76 61
23 49 47 89 42 68
24 25 52 35 38 75
24 26 97 42 44 43
24 27 58 64 39 16
24 28 77 94 46 63
24 29 39 75 16 40
24 30 7 9 7 6
24 31 21 33 46 33
24 32 35 40 76 62
24 33 96 82 34 70
24 34 40 30 21 26
24 35 51 33 56 71
24 36 21 76 4 16
24 37 73 51 46 52
24 38 82 43 67 27
24 39 94 68 79 51
24 40 67 25 78 35
24 41 60 57 75 54
24 42 77 51 87 22
24 43 8 63 52 60
24 44 77 29 23 68
24 45 41 17 33 33
24 46 95 42 97 72
24 47 77 48 47 91
24 48 47 34 10 21
24 49 77 54 67 47
25 26 65 76 20 66
25 27 77 82 35 38
25 28 69 41 51 37
25 29 4 44 45 40
25 30 41 56 72 75
25 31 41 49 35 18
25 32 79 62 52 29
25 33 14 40 7 42
25 34 2 40 48 60
25 35 80 64 23 72
25 36 11 48 24 58
25 37 51 52 11 84
25 38 86 23 33 44
25 39 78 22 51 88
25 40 92 67 51 20
25 41 61 66 32 83
25 42 46 74 15 40
25 43 42 70 67 81
25 44 57 76 23 30
25 45 87 76 94 81
25 46 40 32 17 39
25 47 61 69 15 41
25 48 37 44 15 29
25 49 50 89 81 15
26 27 69 72 32 92
26 28 30 39 64 84
26 29 37 38 9 19
26 30 76 61 78 29
26 31 34 26 82 41
26 32 41 44 79 73
26 33 25 69 63 29
26 34 41 45 55 66
26 35 74 50 15 49
26 36 87 47 37 57
26 37 29 19 25 53
26 38 98 81 49 82
26 39 43 50 58 59
26 40 23 60 62 28
26 41 94 74 85 90
26 42 17 82 26 65
26 43 67 59 54 65
26 44 27 68 39 70
26 45 58 51 26 82
26 46 27 67 76 69
26 47 18 50 35 4
26 48 22 33 77 43
26 49 97 84 44 62
27 28 99 26 80 31
27 29 27 32 83 33
27 30 13 53 32 8
27 31 9 7 36 16
27 32 51 22 43 18
27 33 68 74 87 69
27 34 79 27 50 44
27 35 39 41 83 25
27 36 3 47 14 37
27 37 83 91 71 75
27 38 22 79 22 6
27 39 68 63 49 31
27 40 0 44 77 16
27 41 60 77 28 13
27 42 94 75 54 66
27 43 65 47 71 69
27 44 56 12 42 27
27 45 17 36 22 51
27 46 9 48 50 50
27 47 31 61 15 33
27 48 21 15 15 30
27 49 95 20 63 23
28 29 63 56 40 83
28 30 51 89 79 82
28 31 47 54 82 68
28 32 54 84 62 75
28 33 41 69 84 17
28 34 21 22 73 67
28 35 45 64 79 24
28 36 57 47 85 26
28 37 14 52 14 18
28 38 61 67 64 75
28 39 3 46 29 57
28 40 3 39 26 70
28 41 19 29 10 8
28 42 54 70 19 90
28 43 7 64 49 65
28 44 46 49 59 44
28 45 59 18 40 46
28 46 12 43 34 9
28 47 97 93 52 65
28 48 35 77 61 34
28 49 60 69 12 12
29 30 26 50 57 47
29 31 50 86 46 28
29 32 25 17 34 27
29 33 62 21 52 69
29 34 98 42 21 85
29 35 26 73 29 35
29 36 48 80 29 35
29 37 75 23 50 30
29 38 12 43 51 28
29 39 17 3 14 35
29 40 11 59 15 28
29 41 15 70 18 54
29 42 73 90 23 15
29 43 99 73 75 36
29 44 12 74 56 8
29 45 0 47 34 42
29 46 74 69 70 41
29 47 17 55 67 30
29 48 99 22 99 74
29 49 33 38 62 66
30 31 52 72 25 20
30 32 1 43 24 25
30 33 97 87 20 63
30 34 96 77 47 34
30 35 67 48 64 72
30 36 89 49 26 61
30 37 16 25 16 47
30 38 65 61 57 89
30 39 38 25 35 58
30 40 59 81 88 36
30 41 69 34 89 54
30 42 57 56 84 17
30 43 93 28 47 74
30 44 59 78 63 24
30 45 22 47 21 75
30 46 47 80 26 38
30 47 41 53 56 21
30 48 49 46 42 60
30 49 48 88 30 24
31 32 6 25 36 17
31 33 70 88 40 72
31 34 55 45 55 56
31 35 28 61 50 26
31 36 60 55 51 60
31 37 13 10 74 4
31 38 14 25 65 72
31 39 65 88 84 25
31 40 88 64 60 63
31 41 7 56 22 43
31 42 27 45 65 40
31 43 5 6 73 15
31 44 59 37 79 13
31 45 75 50 77 53
31 46 3 36 59 11
31 47 97 94 82 89
31 48 38 32 69 66
31 49 22 27 46 76
32 33 61 18 24 90
32 34 16 71 18 50
32 35 18 80 75 65
32 36 33 47 58 68
32 37 35 60 45 71
32 38 72 77 45 55
32 39 83 65 50 33
32 40 93 63 39 25
32 41 77 41 31 51
32 42 62 23 54 42
32 43 27 34 28 49
32 44 55 78 48 20
32 45 53 74 27 33
32 46 15 64 65 37
32 47 61 67 47 91
32 48 53 46 20 27
32 49 81 42 32 30
33 34 15 46 65 47
33 35 10 51 25 66
33 36 54 74 35 57
33 37 14 72 37 30
33 38 71 92 17 62
33 39 46 37 71 37
33 40 98 23 45 35
33 41 74 24 83 89
33 42 83 63 31 74
33 43 55 76 16 75
33 44 43 12 70 85
33 45 91 37 79 36
33 46 25 28 28 70
33 47 4 44 5 66
33 48 76 64 52 31
33 49 61 30 62 60
34 35 78 25 62 50
34 36 56 20 68 60
34 37 32 80 39 57
34 38 24 9 50 60
34 39 38 71 13 39
34 40 0 53 30 32
34 41 67 36 33 49
34 42 68 38 31 85
34 43 69 61 60 63
34 44 2 22 64 16
34 45 84 89 90 36
34 46 34 71 12 85
34 47 41 17 85 40
34 48 10 24 9 35
34 49 43 79 26 80
35 36 39 60 35 16
35 37 15 73 36 16
35 38 9 75 35 28
35 39 97 79 93 32
35 40 40 28 22 69
35 41 94 46 85 85
35 42 81 42 55 60
35 43 18 25 69 66
35 44 48 39 47 22
35 45 69 45 65 83
35 46 93 75 51 32
35 47 21 13 60 66
35 48 4 35 55 57
35 49 41 52 75 18
36 37 97 39 40 33
36 38 66 65 77 64
36 39 1 73 21 64
36 40 83 57 37 71
36 41 17 39 56 41
36 42 78 84 47 42
36 43 80 31 73 21
36 44 89 39 27 97
36 45 26 31 47 68
36 46 35 21 71 71
36 47 79 18 36 72
36 48 92 69 75 80
36 49 19 65 77 7
37 38 88 77 41 73
37 39 1 80 75 23
37 40 36 80 27 51
37 41 91 85 54 35
37 42 92 76 76 56
37 43 85 39 34 84
37 44 44 52 14 44
37 45 36 56 12 62
37 46 96 20 67 31
37 47 65 82 71 37
37 48 3 38 80 52
37 49 84 40 52 76
38 39 99 24 34 26
38 40 83 77 31 96
38 41 10 26 39 67
38 42 3 78 12 37
38 43 81 32 35 25
38 44 13 66 19 61
38 45 21 62 10 25
38 46 89 54 22 25
38 47 58 87 37 59
38 48 86 18 46 18
38 49 83 39 53 41
39 40 93 92 19 28
39 41 87 80 71 91
39 42 69 56 17 31
39 43 16 64 53 45
39 44 35 29 68 51
39 45 53 15 57 15
39 46 51 20 14 19
39 47 81 68 71 95
39 48 64 54 28 64
39 49 15 26 81 46
40 41 13 3 15 8
40 42 58 76 63 66
40 43 68 67 75 40
40 44 14 18 18 82
40 45 57 54 49 37
40 46 74 63 65 83
40 47 57 55 72 74
40 48 5 4 12 60
40 49 33 66 81 71
41 42 92 18 43 98
41 43 65 81 20 33
41 44 31 43 50 69
41 45 82 59 53 59
41 46 93 86 28 80
41 47 13 64 80 42
41 48 75 35 68 72
41 49 44 49 50 31
42 43 10 62 11 78
42 44 50 67 83 33
42 45 77 38 43 31
42 46 63 50 92 38
42 47 2 8 9 47
42 48 54 54 69 78
42 49 29 41 75 70
43 44 3 32 76 10
43 45 89 53 39 55
43 46 25 36 75 79
43 47 23 66 31 68
43 48 5 32 15 71
43 49 54 71 50 65
44 45 47 33 79 28
44 46 51 34 80 61
44 47 8 76 10 32
44 48 40 87 40 32
44 49 19 13 68 59
45 46 36 10 17 22
45 47 49 14 82 78
45 48 59 14 36 89
45 49 56 37 72 34
46 47 13 9 44 27
46 48 78 95 43 89
46 49 11 65 21 14
47 48 89 31 92 48
47 49 37 73 33 48
48 49 39 32 59 30
