12
0 1 20 31
0 2 43 50
0 3 61 55
0 4 76 72
0 5 84 83
0 6 19 16
0 7 17 21
0 8 67 71
0 9 17 26
0 10 52 59
0 11 85 79
1 2 74 74
1 3 54 60
1 4 14 23
1 5 18 22
1 6 71 67
1 7 65 69
1 8 79 70
1 9 65 66
1 10 13 23
1 11 5 11
2 3 6 5
2 4 65 59
2 5 60 63
2 6 0 13
2 7 5 11
2 8 22 30
2 9 8 19
2 10 68 73
2 11 10 10
3 4 73 66
3 5 79 81
3 6 72 75
3 7 13 26
3 8 79 77
3 9 55 56
3 10 59 65
3 11 9 18
4 5 72 64
4 6 66 57
4 7 44 46
4 8 90 80
4 9 80 79
4 10 66 62
4 11 64 68
5 6 93 90
5 7 23 30
5 8 20 28
5 9 65 62
5 10 23 33
5 11 6 16
6 7 22 31
6 8 74 65
6 9 30 40
6 10 49 42
6 11 30 30
7 8 81 81
7 9 23 33
7 10 65 57
7 11 76 69
8 9 65 59
8 10 7 10
8 11 80 74
9 10 58 52
9 11 53 58
10 11 47 42
