15
0 1 35 36
0 2 85 84
0 3 78 70
0 4 26 30
0 5 74 63
0 6 94 87
0 7 32 39
0 8 49 53
0 9 4 9
0 10 69 68
0 11 53 55
0 12 74 70
0 13 36 33
0 14 80 77
1 2 80 71
1 3 79 72
1 4 81 84
1 5 38 43
1 6 97 91
1 7 20 28
1 8 50 50
1 9 87 77
1 10 92 80
1 11 59 56
1 12 78 77
1 13 41 48
1 14 76 70
2 3 76 74
2 4 20 22
2 5 33 36
2 6 71 71
2 7 72 72
2 8 19 17
2 9 92 85
2 10 17 23
2 11 69 59
2 12 41 38
2 13 67 68
2 14 95 84
3 4 30 28
3 5 42 40
3 6 84 79
3 7 30 37
3 8 17 17
3 9 25 25
3 10 34 31
3 11 25 23
3 12 79 80
3 13 35 43
3 14 90 84
4 5 65 64
4 6 10 23
4 7 12 25
4 8 64 56
4 9 26 36
4 10 75 66
4 11 53 60
4 12 38 46
4 13 4 6
4 14 73 76
5 6 78 76
5 7 91 90
5 8 83 81
5 9 75 68
5 10 58 53
5 11 52 59
5 12 24 22
5 13 16 23
5 14 96 88
6 7 58 64
6 8 35 40
6 9 67 57
6 10 40 37
6 11 85 87
6 12 18 19
6 13 65 70
6 14 61 53
7 8 30 32
7 9 54 57
7 10 67 69
7 11 61 56
7 12 1 7
7 13 97 84
7 14 62 59
8 9 62 59
8 10 22 22
8 11 19 26
8 12 5 13
8 13 21 17
8 14 69 69
9 10 24 29
9 11 65 68
9 12 84 75
9 13 63 59
9 14 78 75
10 11 88 76
10 12 44 38
10 13 72 65
10 14 87 78
11 12 87 82
11 13 30 37
11 14 52 58
12 13 19 25
12 14 74 69
13 14 0 3
