17
0 1 7 9
0 2 49 72
0 3 50 47
0 4 44 35
0 5 55 70
0 6 36 25
0 7 21 35
0 8 61 65
0 9 1 33
0 10 9 79
0 11 78 68
0 12 59 67
0 13 16 67
0 14 21 19
0 15 54 43
0 16 1 50
1 2 57 41
1 3 78 51
1 4 12 32
1 5 27 37
1 6 20 53
1 7 53 20
1 8 91 26
1 9 51 61
1 10 13 30
1 11 32 74
1 12 58 38
1 13 82 34
1 14 92 90
1 15 17 48
1 16 37 37
2 3 61 13
2 4 38 14
2 5 18 80
2 6 46 71
2 7 77 47
2 8 48 66
2 9 81 73
2 10 37 25
2 11 16 5
2 12 30 23
2 13 55 22
2 14 52 19
2 15 36 61
2 16 29 48
3 4 85 61
3 5 5 11
3 6 47 42
3 7 90 35
3 8 45 53
3 9 40 46
3 10 97 83
3 11 68 32
3 12 46 23
3 13 81 46
3 14 88 81
3 15 98 77
3 16 71 59
4 5 89 51
4 6 45 34
4 7 56 86
4 8 61 90
4 9 20 22
4 10 74 75
4 11 39 16
4 12 62 17
4 13 22 46
4 14 67 81
4 15 79 46
4 16 95 49
5 6 31 19
5 7 19 45
5 8 15 48
5 9 70 27
5 10 21 43
5 11 98 70
5 12 87 37
5 13 91 40
5 14 61 64
5 15 85 33
5 16 9 24
6 7 76 18
6 8 80 80
6 9 93 57
6 10 60 18
6 11 63 63
6 12 91 95
6 13 42 59
6 14 87 74
6 15 17 22
6 16 75 17
7 8 20 22
7 9 12 29
7 10 72 85
7 11 74 73
7 12 57 45
7 13 84 84
7 14 78 61
7 15 6 50
7 16 49 44
8 9 1 47
8 10 95 97
8 11 50 72
8 12 81 59
8 13 59 61
8 14 6 41
8 15 20 15
8 16 88 90
9 10 2 8
9 11 24 6
9 12 39 12
9 13 56 50
9 14 52 39
9 15 7 51
9 16 16 4
10 11 38 58
10 12 39 32
10 13 9 54
10 14 91 46
10 15 72 23
10 16 69 64
11 12 59 22
11 13 61 79
11 14 89 75
11 15 14 75
11 16 11 32
12 13 37 82
12 14 77 71
12 15 8 3
12 16 38 77
13 14 16 80
13 15 43 75
13 16 16 80
14 15 83 45
14 16 27 77
15 16 9 13
