22
0 1 67 57
0 2 94 81
0 3 14 14
0 4 88 83
0 5 88 76
0 6 68 70
0 7 1 11
0 8 29 31
0 9 43 49
0 10 43 42
0 11 77 78
0 12 73 68
0 13 55 57
0 14 30 37
0 15 38 40
0 16 22 27
0 17 77 76
0 18 22 31
0 19 37 35
0 20 10 17
0 21 37 42
1 2 7 17
1 3 20 18
1 4 57 63
1 5 12 18
1 6 13 12
1 7 31 38
1 8 72 74
1 9 46 48
1 10 0 9
1 11 10 9
1 12 41 40
1 13 88 80
1 14 67 60
1 15 65 65
1 16 72 67
1 17 55 61
1 18 16 27
1 19 85 80
1 20 5 15
1 21 18 24
2 3 3 18
2 4 32 35
2 5 61 64
2 6 20 27
2 7 47 49
2 8 65 65
2 9 50 48
2 10 26 34
2 11 29 31
2 12 69 70
2 13 86 83
2 14 85 78
2 15 87 76
2 16 49 55
2 17 84 84
2 18 6 13
2 19 46 42
2 20 77 73
2 21 44 49
3 4 49 48
3 5 3 3
3 6 45 53
3 7 67 60
3 8 34 39
3 9 13 13
3 10 76 77
3 11 78 75
3 12 37 33
3 13 39 47
3 14 88 77
3 15 3 8
3 16 89 78
3 17 78 81
3 18 32 28
3 19 70 70
3 20 40 43
3 21 7 16
4 5 21 23
4 6 10 10
4 7 1 3
4 8 65 67
4 9 88 82
4 10 56 54
4 11 54 50
4 12 34 36
4 13 79 77
4 14 96 86
4 15 33 43
4 16 67 59
4 17 43 40
4 18 9 13
4 19 71 60
4 20 72 65
4 21 81 75
5 6 32 29
5 7 37 44
5 8 74 74
5 9 19 29
5 10 12 18
5 11 91 83
5 12 45 48
5 13 77 73
5 14 76 75
5 15 20 28
5 16 43 39
5 17 14 26
5 18 74 64
5 19 29 34
5 20 2 12
5 21 3 16
6 7 33 33
6 8 58 62
6 9 67 70
6 10 15 16
6 11 59 63
6 12 31 31
6 13 11 21
6 14 96 90
6 15 19 29
6 16 50 47
6 17 30 35
6 18 70 67
6 19 41 46
6 20 15 18
6 21 75 68
7 8 53 59
7 9 87 88
7 10 51 49
7 11 64 57
7 12 39 41
7 13 68 59
7 14 97 91
7 15 2 8
7 16 60 61
7 17 91 86
7 18 40 39
7 19 20 21
7 20 7 9
7 21 30 26
8 9 92 79
8 10 96 82
8 11 77 80
8 12 94 88
8 13 13 23
8 14 51 56
8 15 66 67
8 16 91 85
8 17 35 36
8 18 95 81
8 19 91 85
8 20 72 76
8 21 70 61
9 10 53 57
9 11 65 63
9 12 20 27
9 13 94 86
9 14 42 44
9 15 50 48
9 16 69 62
9 17 64 68
9 18 75 71
9 19 69 66
9 20 46 46
9 21 6 13
10 11 11 22
10 12 52 51
10 13 69 64
10 14 82 83
10 15 0 10
10 16 53 48
10 17 33 41
10 18 36 43
10 19 41 50
10 20 43 43
10 21 54 51
11 12 26 26
11 13 26 29
11 14 45 47
11 15 19 16
11 16 42 47
11 17 7 18
11 18 85 75
11 19 47 54
11 20 47 44
11 21 50 57
12 13 76 65
12 14 22 20
12 15 27 28
12 16 44 38
12 17 42 44
12 18 85 84
12 19 50 47
12 20 6 18
12 21 99 89
13 14 36 43
13 15 29 33
13 16 29 38
13 17 5 13
13 18 42 47
13 19 39 38
13 20 50 52
13 21 9 15
14 15 52 53
14 16 20 32
14 17 57 58
14 18 18 21
14 19 28 28
14 20 14 13
14 21 23 33
15 16 73 70
15 17 7 10
15 18 33 36
15 19 35 44
15 20 61 54
15 21 59 51
16 17 79 72
16 18 97 97
16 19 36 32
16 20 24 20
16 21 5 16
17 18 22 20
17 19 60 65
17 20 70 62
17 21 58 52
18 19 24 27
18 20 5 6
18 21 30 27
19 20 29 25
19 21 6 11
20 21 5 9
