25
0 1 37 69
0 2 57 41
0 3 85 91
0 4 54 35
0 5 66 41
0 6 8 19
0 7 37 24
0 8 87 92
0 9 86 32
0 10 78 90
0 11 46 73
0 12 2 76
0 13 27 36
0 14 12 59
0 15 52 32
0 16 82 95
0 17 39 68
0 18 97 67
0 19 83 19
0 20 46 43
0 21 33 75
0 22 94 24
0 23 84 22
0 24 6 25
1 2 48 74
1 3 94 21
1 4 91 33
1 5 42 41
1 6 63 76
1 7 57 19
1 8 70 73
1 9 41 55
1 10 27 51
1 11 13 32
1 12 54 85
1 13 16 56
1 14 9 34
1 15 71 14
1 16 88 83
1 17 48 80
1 18 28 36
1 19 77 30
1 20 94 93
1 21 9 35
1 22 34 8
1 23 22 72
1 24 55 65
2 3 72 37
2 4 71 49
2 5 36 63
2 6 13 27
2 7 35 16
2 8 97 77
2 9 82 46
2 10 99 36
2 11 96 62
2 12 66 80
2 13 1 40
2 14 44 40
2 15 56 86
2 16 96 24
2 17 33 70
2 18 11 53
2 19 55 47
2 20 79 47
2 21 37 24
2 22 46 30
2 23 15 47
2 24 15 61
3 4 36 40
3 5 24 44
3 6 10 33
3 7 70 70
3 8 0 23
3 9 8 25
3 10 29 30
3 11 86 57
3 12 33 20
3 13 44 78
3 14 89 73
3 15 6 41
3 16 8 2
3 17 30 47
3 18 70 27
3 19 11 39
3 20 52 15
3 21 89 53
3 22 90 37
3 23 55 54
3 24 30 46
4 5 69 46
4 6 71 73
4 7 68 35
4 8 72 72
4 9 38 26
4 10 45 13
4 11 31 41
4 12 43 20
4 13 95 30
4 14 4 15
4 15 6 65
4 16 25 19
4 17 72 54
4 18 18 46
4 19 62 61
4 20 15 6
4 21 4 20
4 22 17 43
4 23 87 59
4 24 59 35
5 6 21 62
5 7 81 65
5 8 46 76
5 9 46 15
5 10 53 66
5 11 76 38
5 12 69 24
5 13 20 23
5 14 21 53
5 15 26 84
5 16 67 20
5 17 12 78
5 18 34 18
5 19 1 12
5 20 86 69
5 21 26 48
5 22 68 18
5 23 42 82
5 24 92 87
6 7 14 49
6 8 13 75
6 9 95 71
6 10 84 67
6 11 55 78
6 12 23 69
6 13 54 64
6 14 61 82
6 15 49 35
6 16 35 40
6 17 7 52
6 18 24 46
6 19 7 78
6 20 38 53
6 21 64 69
6 22 32 67
6 23 94 95
6 24 28 84
7 8 2 22
7 9 38 82
7 10 56 68
7 11 82 61
7 12 85 87
7 13 77 65
7 14 93 46
7 15 34 69
7 16 86 41
7 17 77 89
7 18 74 85
7 19 20 41
7 20 6 24
7 21 49 50
7 22 61 80
7 23 37 78
7 24 63 33
8 9 92 78
8 10 50 31
8 11 90 28
8 12 74 55
8 13 51 77
8 14 57 87
8 15 0 78
8 16 2 75
8 17 73 77
8 18 49 42
8 19 97 65
8 20 47 9
8 21 94 82
8 22 68 91
8 23 69 34
8 24 37 43
9 10 29 37
9 11 25 7
9 12 13 44
9 13 71 85
9 14 90 75
9 15 7 65
9 16 6 14
9 17 65 33
9 18 60 18
9 19 9 71
9 20 20 69
9 21 41 71
9 22 36 57
9 23 41 31
9 24 19 66
10 11 64 59
10 12 25 15
10 13 92 97
10 14 42 85
10 15 25 35
10 16 98 93
10 17 63 81
10 18 22 15
10 19 48 31
10 20 91 55
10 21 47 18
10 22 65 31
10 23 39 86
10 24 38 87
11 12 30 41
11 13 54 68
11 14 39 40
11 15 11 53
11 16 84 25
11 17 29 66
11 18 37 12
11 19 15 62
11 20 70 54
11 21 67 92
11 22 67 60
11 23 78 40
11 24 22 35
12 13 39 36
12 14 67 19
12 15 46 37
12 16 97 69
12 17 84 91
12 18 31 11
12 19 32 36
12 20 29 8
12 21 47 43
12 22 85 25
12 23 8 62
12 24 37 52
13 14 21 84
13 15 51 40
13 16 77 29
13 17 62 21
13 18 48 71
13 19 72 55
13 20 64 42
13 21 80 85
13 22 58 76
13 23 11 35
13 24 23 52
14 15 22 37
14 16 47 50
14 17 13 36
14 18 90 83
14 19 46 64
14 20 48 74
14 21 75 26
14 22 50 86
14 23 12 24
14 24 29 54
15 16 48 69
15 17 66 31
15 18 67 44
15 19 83 41
15 20 45 38
15 21 84 89
15 22 46 43
15 23 18 41
15 24 8 46
16 17 53 66
16 18 75 19
16 19 24 79
16 20 79 16
16 21 1 40
16 22 40 27
16 23 67 72
16 24 47 57
17 18 61 34
17 19 68 21
17 20 79 73
17 21 18 66
17 22 6 56
17 23 94 24
17 24 93 65
18 19 94 21
18 20 45 71
18 21 92 33
18 22 13 78
18 23 57 61
18 24 36 53
19 20 81 24
19 21 39 20
19 22 78 70
19 23 64 55
19 24 82 62
20 21 77 18
20 22 32 39
20 23 96 61
20 24 86 32
21 22 12 81
21 23 26 65
21 24 6 37
22 23 74 28
22 24 10 37
23 24 16 21
