25
0 1 81 71
0 2 85 79
0 3 81 80
0 4 89 87
0 5 78 80
0 6 94 82
0 7 66 66
0 8 11 19
0 9 80 68
0 10 59 56
0 11 95 93
0 12 73 74
0 13 87 82
0 14 45 49
0 15 1 3
0 16 79 72
0 17 43 39
0 18 81 76
0 19 19 18
0 20 18 26
0 21 34 42
0 22 89 83
0 23 49 50
0 24 59 57
1 2 95 81
1 3 55 59
1 4 92 78
1 5 49 53
1 6 60 53
1 7 39 36
1 8 77 70
1 9 57 48
1 10 64 65
1 11 80 78
1 12 94 89
1 13 84 86
1 14 44 44
1 15 41 41
1 16 85 82
1 17 58 61
1 18 18 25
1 19 62 54
1 20 61 53
1 21 6 16
1 22 40 43
1 23 65 66
1 24 62 56
2 3 72 68
2 4 79 72
2 5 0 1
2 6 55 57
2 7 79 76
2 8 60 52
2 9 48 47
2 10 4 7
2 11 22 21
2 12 59 60
2 13 6 9
2 14 14 22
2 15 43 38
2 16 32 31
2 17 59 51
2 18 81 71
2 19 62 55
2 20 85 79
2 21 41 43
2 22 17 27
2 23 56 54
2 24 99 90
3 4 33 39
3 5 15 22
3 6 65 68
3 7 44 38
3 8 14 16
3 9 81 78
3 10 86 81
3 11 94 84
3 12 68 65
3 13 79 80
3 14 7 19
3 15 52 54
3 16 71 65
3 17 43 45
3 18 27 35
3 19 73 77
3 20 85 85
3 21 86 75
3 22 34 36
3 23 38 44
3 24 10 19
4 5 94 90
4 6 22 26
4 7 54 52
4 8 70 70
4 9 35 34
4 10 32 32
4 11 4 12
4 12 68 71
4 13 81 76
4 14 42 40
4 15 85 77
4 16 27 30
4 17 33 36
4 18 46 43
4 19 82 73
4 20 23 23
4 21 55 56
4 22 73 73
4 23 45 53
4 24 51 55
5 6 97 89
5 7 36 31
5 8 39 43
5 9 50 52
5 10 95 94
5 11 49 52
5 12 97 91
5 13 24 23
5 14 67 71
5 15 62 64
5 16 20 25
5 17 35 44
5 18 29 33
5 19 56 49
5 20 87 83
5 21 58 63
5 22 1 7
5 23 20 24
5 24 84 75
6 7 74 67
6 8 32 38
6 9 45 41
6 10 41 40
6 11 52 55
6 12 24 23
6 13 42 45
6 14 29 25
6 15 39 46
6 16 47 45
6 17 97 93
6 18 43 49
6 19 80 79
6 20 45 49
6 21 78 74
6 22 28 35
6 23 92 82
6 24 19 20
7 8 6 7
7 9 79 69
7 10 5 7
7 11 45 40
7 12 21 22
7 13 67 62
7 14 13 11
7 15 15 25
7 16 60 66
7 17 7 10
7 18 58 60
7 19 33 41
7 20 14 19
7 21 78 67
7 22 56 58
7 23 94 84
7 24 35 39
8 9 29 29
8 10 2 6
8 11 97 95
8 12 42 36
8 13 78 74
8 14 52 53
8 15 60 64
8 16 46 42
8 17 91 84
8 18 40 36
8 19 71 71
8 20 12 24
8 21 57 58
8 22 24 31
8 23 21 19
8 24 27 28
9 10 47 43
9 11 27 27
9 12 89 85
9 13 99 95
9 14 72 76
9 15 22 30
9 16 11 24
9 17 46 40
9 18 85 76
9 19 63 66
9 20 93 82
9 21 55 48
9 22 4 11
9 23 36 43
9 24 86 88
10 11 83 75
10 12 31 37
10 13 26 34
10 14 11 15
10 15 64 56
10 16 39 42
10 17 96 93
10 18 80 69
10 19 85 77
10 20 50 46
10 21 46 52
10 22 86 82
10 23 28 32
10 24 95 95
11 12 8 13
11 13 96 84
11 14 5 15
11 15 62 57
11 16 58 51
11 17 91 91
11 18 34 30
11 19 9 17
11 20 29 38
11 21 40 38
11 22 27 36
11 23 54 50
11 24 14 21
12 13 63 56
12 14 5 12
12 15 77 80
12 16 64 60
12 17 51 48
12 18 69 60
12 19 45 43
12 20 89 76
12 21 66 61
12 22 16 15
12 23 36 38
12 24 6 19
13 14 12 14
13 15 3 14
13 16 27 35
13 17 70 60
13 18 61 53
13 19 94 94
13 20 80 72
13 21 14 17
13 22 2 15
13 23 6 11
13 24 86 77
14 15 32 37
14 16 78 80
14 17 36 45
14 18 34 40
14 19 14 26
14 20 3 10
14 21 55 51
14 22 86 80
14 23 59 52
14 24 81 81
15 16 29 28
15 17 66 59
15 18 46 43
15 19 37 32
15 20 86 83
15 21 80 71
15 22 87 81
15 23 23 31
15 24 25 22
16 17 99 94
16 18 58 63
16 19 5 9
16 20 68 64
16 21 18 20
16 22 16 16
16 23 57 49
16 24 22 33
17 18 26 25
17 19 70 74
17 20 62 62
17 21 89 78
17 22 81 82
17 23 18 20
17 24 37 41
18 19 72 67
18 20 37 44
18 21 36 40
18 22 24 20
18 23 87 81
18 24 85 80
19 20 99 87
19 21 60 56
19 22 32 39
19 23 64 61
19 24 92 91
20 21 2 2
20 22 76 69
20 23 1 7
20 24 0 3
21 22 0 2
21 23 0 3
21 24 59 54
22 23 81 79
22 24 35 32
23 24 39 35
