27
0 1 75 87
0 2 63 43
0 3 25 57
0 4 22 18
0 5 88 87
0 6 77 59
0 7 43 50
0 8 82 74
0 9 21 56
0 10 86 45
0 11 90 46
0 12 89 63
0 13 41 23
0 14 21 31
0 15 91 54
0 16 65 73
0 17 84 55
0 18 1 17
0 19 36 33
0 20 18 55
0 21 8 31
0 22 3 3
0 23 25 37
0 24 16 25
0 25 35 29
0 26 0 38
1 2 63 33
1 3 11 26
1 4 43 31
1 5 83 43
1 6 70 63
1 7 77 56
1 8 68 79
1 9 70 46
1 10 3 21
1 11 58 66
1 12 10 13
1 13 4 48
1 14 22 45
1 15 84 70
1 16 78 86
1 17 93 52
1 18 20 56
1 19 0 28
1 20 54 71
1 21 74 52
1 22 26 21
1 23 94 73
1 24 79 86
1 25 17 47
1 26 28 62
2 3 20 33
2 4 95 95
2 5 81 76
2 6 95 47
2 7 71 63
2 8 11 20
2 9 78 81
2 10 85 72
2 11 74 76
2 12 30 58
2 13 23 15
2 14 30 43
2 15 19 24
2 16 62 49
2 17 60 76
2 18 74 79
2 19 12 18
2 20 81 67
2 21 2 5
2 22 61 77
2 23 34 38
2 24 17 42
2 25 30 30
2 26 72 70
3 4 98 75
3 5 84 45
3 6 54 63
3 7 4 49
3 8 13 29
3 9 97 88
3 10 87 76
3 11 2 17
3 12 37 29
3 13 76 52
3 14 13 53
3 15 18 32
3 16 5 37
3 17 50 36
3 18 39 62
3 19 48 37
3 20 5 42
3 21 35 65
3 22 69 46
3 23 25 58
3 24 66 61
3 25 52 43
3 26 59 55
4 5 99 54
4 6 52 34
4 7 22 22
4 8 70 53
4 9 31 39
4 10 21 30
4 11 72 58
4 12 56 49
4 13 72 51
4 14 4 43
4 15 6 17
4 16 85 52
4 17 53 44
4 18 7 29
4 19 37 45
4 20 43 24
4 21 63 34
4 22 74 47
4 23 89 50
4 24 27 53
4 25 92 81
4 26 36 25
5 6 99 67
5 7 28 25
5 8 29 36
5 9 38 21
5 10 25 48
5 11 14 18
5 12 71 69
5 13 50 55
5 14 9 25
5 15 49 73
5 16 21 42
5 17 49 66
5 18 3 37
5 19 16 48
5 20 7 17
5 21 52 49
5 22 5 14
5 23 41 52
5 24 63 80
5 25 79 89
5 26 73 61
6 7 99 83
6 8 65 33
6 9 9 53
6 10 72 66
6 11 19 49
6 12 24 55
6 13 76 71
6 14 2 25
6 15 96 67
6 16 95 56
6 17 97 87
6 18 31 53
6 19 26 53
6 20 22 56
6 21 43 34
6 22 4 20
6 23 76 74
6 24 10 36
6 25 14 10
6 26 39 49
7 8 4 13
7 9 60 68
7 10 11 15
7 11 73 72
7 12 53 62
7 13 4 11
7 14 32 24
7 15 77 80
7 16 3 43
7 17 90 85
7 18 11 17
7 19 65 76
7 20 17 27
7 21 78 88
7 22 19 32
7 23 60 47
7 24 24 30
7 25 89 60
7 26 56 38
8 9 22 40
8 10 83 87
8 11 36 45
8 12 11 42
8 13 36 57
8 14 32 47
8 15 44 23
8 16 75 87
8 17 3 7
8 18 38 59
8 19 95 63
8 20 12 36
8 21 95 90
8 22 3 16
8 23 51 72
8 24 10 16
8 25 34 63
8 26 30 48
9 10 28 58
9 11 6 46
9 12 68 35
9 13 4 51
9 14 26 47
9 15 98 52
9 16 39 25
9 17 28 63
9 18 83 51
9 19 65 57
9 20 0 14
9 21 77 57
9 22 51 50
9 23 46 25
9 24 45 28
9 25 83 51
9 26 73 61
10 11 50 62
10 12 47 40
10 13 9 41
10 14 10 7
10 15 54 42
10 16 79 79
10 17 81 45
10 18 72 53
10 19 46 28
10 20 9 13
10 21 10 9
10 22 60 75
10 23 95 60
10 24 43 43
10 25 34 56
10 26 74 75
11 12 32 64
11 13 13 51
11 14 42 59
11 15 20 11
11 16 87 46
11 17 69 52
11 18 51 70
11 19 98 63
11 20 11 45
11 21 68 45
11 22 20 43
11 23 15 53
11 24 96 93
11 25 47 70
11 26 42 47
12 13 30 19
12 14 60 69
12 15 41 63
12 16 84 61
12 17 43 58
12 18 98 73
12 19 31 59
12 20 14 54
12 21 94 66
12 22 81 76
12 23 85 59
12 24 68 77
12 25 23 40
12 26 95 89
13 14 17 11
13 15 65 49
13 16 70 82
13 17 45 36
13 18 33 30
13 19 55 30
13 20 98 58
13 21 32 65
13 22 8 11
13 23 24 45
13 24 93 62
13 25 83 57
13 26 16 51
14 15 5 32
14 16 49 33
14 17 93 49
14 18 81 90
14 19 43 66
14 20 39 64
14 21 11 50
14 22 44 70
14 23 81 84
14 24 19 28
14 25 91 65
14 26 11 18
15 16 75 53
15 17 63 51
15 18 61 46
15 19 39 29
15 20 19 31
15 21 96 60
15 22 90 89
15 23 64 62
15 24 90 53
15 25 13 15
15 26 65 43
16 17 2 18
16 18 22 47
16 19 59 55
16 20 21 53
16 21 32 20
16 22 84 48
16 23 63 78
16 24 83 90
16 25 51 48
16 26 16 34
17 18 72 46
17 19 1 7
17 20 47 56
17 21 48 50
17 22 17 13
17 23 99 64
17 24 74 45
17 25 63 35
17 26 57 57
18 19 68 62
18 20 71 63
18 21 29 31
18 22 5 31
18 23 37 39
18 24 44 59
18 25 23 19
18 26 64 70
19 20 32 36
19 21 18 24
19 22 35 24
19 23 48 69
19 24 60 32
19 25 93 83
19 26 6 41
20 21 22 54
20 22 73 38
20 23 44 69
20 24 96 60
20 25 16 50
20 26 53 64
21 22 25 35
21 23 5 4
21 24 95 51
21 25 41 49
21 26 92 93
22 23 66 37
22 24 61 66
22 25 53 60
22 26 4 39
23 24 72 37
23 25 24 59
23 26 33 30
24 25 28 15
24 26 14 19
25 26 29 47
