27
0 1 3 5
0 2 99 63
0 3 53 22
0 4 5 76
0 5 58 62
0 6 86 50
0 7 55 72
0 8 72 49
0 9 26 81
0 10 98 91
0 11 68 53
0 12 56 68
0 13 65 32
0 14 34 58
0 15 22 18
0 16 49 19
0 17 65 85
0 18 18 34
0 19 30 10
0 20 21 50
0 21 99 79
0 22 0 72
0 23 42 22
0 24 94 81
0 25 22 41
0 26 86 40
1 2 63 39
1 3 43 9
1 4 67 18
1 5 54 80
1 6 70 66
1 7 18 25
1 8 98 50
1 9 63 37
1 10 20 14
1 11 26 21
1 12 69 58
1 13 2 72
1 14 99 92
1 15 86 57
1 16 60 43
1 17 90 40
1 18 35 50
1 19 59 25
1 20 97 40
1 21 71 47
1 22 31 27
1 23 42 57
1 24 23 18
1 25 3 16
1 26 4 52
2 3 27 50
2 4 71 15
2 5 79 74
2 6 47 43
2 7 95 62
2 8 11 12
2 9 59 68
2 10 81 59
2 11 46 73
2 12 6 11
2 13 34 15
2 14 47 41
2 15 45 56
2 16 92 52
2 17 6 8
2 18 16 75
2 19 90 67
2 20 32 81
2 21 40 25
2 22 2 29
2 23 77 67
2 24 57 51
2 25 76 34
2 26 94 79
3 4 8 60
3 5 90 79
3 6 72 47
3 7 94 32
3 8 82 33
3 9 37 70
3 10 66 16
3 11 95 88
3 12 96 58
3 13 49 40
3 14 0 20
3 15 47 12
3 16 99 49
3 17 16 6
3 18 81 16
3 19 40 44
3 20 98 98
3 21 91 74
3 22 66 77
3 23 68 84
3 24 91 98
3 25 41 42
3 26 34 46
4 5 61 85
4 6 54 69
4 7 54 70
4 8 62 45
4 9 58 19
4 10 99 76
4 11 59 71
4 12 35 23
4 13 35 53
4 14 50 20
4 15 51 68
4 16 35 47
4 17 83 18
4 18 32 10
4 19 50 79
4 20 31 36
4 21 72 36
4 22 22 66
4 23 82 60
4 24 99 98
4 25 72 35
4 26 18 64
5 6 18 39
5 7 14 30
5 8 3 45
5 9 77 92
5 10 2 52
5 11 46 46
5 12 2 33
5 13 12 11
5 14 10 78
5 15 57 67
5 16 9 13
5 17 19 57
5 18 51 69
5 19 63 90
5 20 54 55
5 21 85 78
5 22 92 88
5 23 9 2
5 24 87 94
5 25 77 53
5 26 16 57
6 7 87 89
6 8 21 32
6 9 69 77
6 10 63 17
6 11 75 29
6 12 28 62
6 13 4 54
6 14 1 26
6 15 93 96
6 16 97 34
6 17 32 26
6 18 13 78
6 19 44 12
6 20 2 60
6 21 89 95
6 22 52 61
6 23 95 88
6 24 29 43
6 25 65 58
6 26 59 68
7 8 22 66
7 9 73 91
7 10 63 91
7 11 55 25
7 12 4 44
7 13 97 26
7 14 26 21
7 15 99 44
7 16 3 35
7 17 18 10
7 18 60 85
7 19 15 43
7 20 6 65
7 21 2 31
7 22 67 83
7 23 76 22
7 24 59 84
7 25 20 48
7 26 59 55
8 9 71 28
8 10 53 67
8 11 37 85
8 12 38 44
8 13 99 91
8 14 22 66
8 15 98 70
8 16 80 66
8 17 62 43
8 18 74 64
8 19 82 74
8 20 46 39
8 21 88 66
8 22 82 66
8 23 90 46
8 24 69 55
8 25 23 23
8 26 50 25
9 10 75 18
9 11 98 27
9 12 23 28
9 13 68 75
9 14 93 61
9 15 15 4
9 16 39 13
9 17 69 14
9 18 72 58
9 19 25 45
9 20 87 35
9 21 78 22
9 22 59 88
9 23 0 20
9 24 56 14
9 25 64 44
9 26 61 67
10 11 48 59
10 12 47 35
10 13 57 12
10 14 58 65
10 15 13 70
10 16 95 70
10 17 87 79
10 18 35 77
10 19 28 50
10 20 48 14
10 21 85 70
10 22 10 63
10 23 46 87
10 24 44 59
10 25 79 41
10 26 49 51
11 12 79 85
11 13 35 7
11 14 12 6
11 15 24 28
11 16 13 25
11 17 48 85
11 18 0 78
11 19 97 34
11 20 23 60
11 21 59 57
11 22 64 82
11 23 38 19
11 24 37 9
11 25 27 18
11 26 69 64
12 13 12 80
12 14 3 36
12 15 0 11
12 16 62 56
12 17 2 80
12 18 15 16
12 19 90 29
12 20 61 86
12 21 56 61
12 22 24 77
12 23 51 17
12 24 46 83
12 25 57 17
12 26 28 49
13 14 39 10
13 15 38 64
13 16 5 29
13 17 75 76
13 18 61 50
13 19 87 47
13 20 68 78
13 21 50 89
13 22 35 32
13 23 21 59
13 24 30 29
13 25 24 69
13 26 66 81
14 15 94 42
14 16 46 75
14 17 50 42
14 18 77 63
14 19 38 19
14 20 37 16
14 21 74 49
14 22 13 6
14 23 54 49
14 24 14 52
14 25 84 64
14 26 24 75
15 16 91 50
15 17 9 28
15 18 30 7
15 19 0 1
15 20 78 62
15 21 93 86
15 22 84 74
15 23 88 22
15 24 12 32
15 25 31 49
15 26 6 24
16 17 27 66
16 18 60 51
16 19 57 16
16 20 54 31
16 21 71 63
16 22 40 68
16 23 85 18
16 24 73 45
16 25 97 28
16 26 5 32
17 18 46 78
17 19 98 37
17 20 99 76
17 21 86 58
17 22 35 71
17 23 58 51
17 24 10 54
17 25 5 69
17 26 29 28
18 19 5 31
18 20 26 57
18 21 99 20
18 22 55 60
18 23 96 59
18 24 99 80
18 25 59 34
18 26 60 44
19 20 90 31
19 21 62 58
19 22 7 67
19 23 31 72
19 24 61 77
19 25 59 28
19 26 82 73
20 21 84 81
20 22 36 62
20 23 78 66
20 24 97 67
20 25 65 35
20 26 79 27
21 22 46 60
21 23 11 74
21 24 73 91
21 25 31 85
21 26 73 56
22 23 34 19
22 24 73 16
22 25 0 34
22 26 20 81
23 24 63 20
23 25 34 85
23 26 61 21
24 25 42 54
24 26 34 32
25 26 31 63
