33
0 1 77 71
0 2 62 64
0 3 31 34
0 4 91 92
0 5 0 12
0 6 21 22
0 7 14 20
0 8 8 14
0 9 93 88
0 10 11 14
0 11 4 6
0 12 26 37
0 13 87 79
0 14 95 87
0 15 91 82
0 16 54 57
0 17 93 87
0 18 11 15
0 19 16 25
0 20 41 37
0 21 71 62
0 22 34 33
0 23 32 31
0 24 62 58
0 25 83 77
0 26 24 25
0 27 66 68
0 28 71 75
0 29 95 89
0 30 49 53
0 31 30 40
0 32 14 15
1 2 64 60
1 3 10 21
1 4 45 44
1 5 68 66
1 6 1 8
1 7 59 58
1 8 50 48
1 9 66 70
1 10 21 26
1 11 17 28
1 12 80 70
1 13 99 89
1 14 70 60
1 15 83 82
1 16 94 94
1 17 95 81
1 18 99 92
1 19 20 20
1 20 2 6
1 21 16 18
1 22 95 88
1 23 74 65
1 24 15 27
1 25 1 2
1 26 56 61
1 27 48 47
1 28 48 47
1 29 52 58
1 30 9 10
1 31 49 55
1 32 88 78
2 3 89 80
2 4 64 55
2 5 57 58
2 6 37 44
2 7 7 6
2 8 24 29
2 9 40 46
2 10 21 24
2 11 88 88
2 12 59 61
2 13 14 25
2 14 53 50
2 15 46 53
2 16 78 81
2 17 41 38
2 18 32 30
2 19 50 48
2 20 15 28
2 21 31 32
2 22 12 20
2 23 56 53
2 24 36 44
2 25 69 66
2 26 56 60
2 27 55 52
2 28 12 19
2 29 79 78
2 30 6 5
2 31 3 7
2 32 20 22
3 4 44 49
3 5 66 65
3 6 51 53
3 7 54 52
3 8 16 25
3 9 42 44
3 10 57 58
3 11 2 14
3 12 98 89
3 13 34 36
3 14 69 69
3 15 17 22
3 16 32 38
3 17 61 56
3 18 81 82
3 19 34 40
3 20 52 58
3 21 86 83
3 22 52 58
3 23 80 71
3 24 83 72
3 25 17 18
3 26 19 17
3 27 59 51
3 28 93 93
3 29 77 70
3 30 22 23
3 31 10 12
3 32 46 51
4 5 34 29
4 6 94 86
4 7 71 70
4 8 32 42
4 9 27 32
4 10 13 17
4 11 4 15
4 12 43 41
4 13 88 80
4 14 39 37
4 15 98 95
4 16 97 85
4 17 6 7
4 18 42 36
4 19 40 35
4 20 58 62
4 21 80 74
4 22 39 42
4 23 88 82
4 24 13 15
4 25 67 66
4 26 29 26
4 27 84 81
4 28 49 49
4 29 44 44
4 30 28 30
4 31 95 91
4 32 23 20
5 6 35 34
5 7 40 39
5 8 85 78
5 9 5 12
5 10 94 80
5 11 22 29
5 12 23 27
5 13 24 25
5 14 39 45
5 15 72 69
5 16 67 68
5 17 12 17
5 18 47 50
5 19 71 61
5 20 79 76
5 21 79 74
5 22 13 21
5 23 21 32
5 24 62 64
5 25 17 20
5 26 26 32
5 27 76 65
5 28 82 80
5 29 10 10
5 30 91 83
5 31 9 22
5 32 14 14
6 7 49 43
6 8 43 41
6 9 91 89
6 10 19 27
6 11 60 54
6 12 55 55
6 13 91 87
6 14 72 71
6 15 94 87
6 16 79 75
6 17 51 49
6 18 34 36
6 19 69 66
6 20 27 28
6 21 76 70
6 22 28 30
6 23 32 35
6 24 58 50
6 25 87 88
6 26 98 84
6 27 5 15
6 28 29 28
6 29 33 32
6 30 36 42
6 31 62 63
6 32 89 88
7 8 0 13
7 9 4 5
7 10 93 82
7 11 77 75
7 12 71 71
7 13 23 20
7 14 76 74
7 15 23 22
7 16 82 70
7 17 13 15
7 18 73 72
7 19 52 57
7 20 24 28
7 21 83 81
7 22 9 21
7 23 53 50
7 24 50 53
7 25 69 72
7 26 37 33
7 27 30 28
7 28 76 69
7 29 9 18
7 30 86 83
7 31 96 82
7 32 35 39
8 9 11 11
8 10 53 53
8 11 93 92
8 12 68 67
8 13 42 48
8 14 3 3
8 15 52 46
8 16 93 93
8 17 20 19
8 18 10 21
8 19 35 36
8 20 18 24
8 21 37 45
8 22 13 26
8 23 30 30
8 24 1 12
8 25 99 86
8 26 77 66
8 27 58 50
8 28 28 33
8 29 94 93
8 30 10 23
8 31 28 38
8 32 16 16
9 10 12 23
9 11 45 53
9 12 93 91
9 13 65 65
9 14 48 49
9 15 38 39
9 16 70 65
9 17 57 50
9 18 52 47
9 19 47 43
9 20 13 12
9 21 91 87
9 22 86 84
9 23 48 53
9 24 73 68
9 25 81 75
9 26 81 84
9 27 11 9
9 28 88 84
9 29 51 46
9 30 12 19
9 31 1 7
9 32 20 25
10 11 67 70
10 12 21 32
10 13 39 39
10 14 51 47
10 15 49 51
10 16 45 42
10 17 67 62
10 18 32 33
10 19 51 44
10 20 72 63
10 21 86 75
10 22 61 54
10 23 46 49
10 24 77 66
10 25 26 34
10 26 51 50
10 27 3 9
10 28 31 31
10 29 47 44
10 30 44 39
10 31 9 8
10 32 89 82
11 12 59 64
11 13 0 0
11 14 93 91
11 15 50 55
11 16 58 61
11 17 70 62
11 18 98 88
11 19 43 49
11 20 25 36
11 21 11 11
11 22 25 29
11 23 4 10
11 24 2 5
11 25 67 68
11 26 45 43
11 27 3 6
11 28 74 73
11 29 10 19
11 30 82 72
11 31 78 80
11 32 60 54
12 13 73 72
12 14 95 96
12 15 54 52
12 16 99 99
12 17 37 36
12 18 96 95
12 19 25 34
12 20 70 73
12 21 38 38
12 22 19 28
12 23 74 69
12 24 2 15
12 25 98 91
12 26 11 23
12 27 0 12
12 28 37 39
12 29 18 19
12 30 89 84
12 31 74 69
12 32 86 80
13 14 48 53
13 15 67 66
13 16 45 44
13 17 49 47
13 18 25 23
13 19 76 71
13 20 77 79
13 21 38 41
13 22 43 37
13 23 71 61
13 24 81 80
13 25 47 46
13 26 66 71
13 27 91 91
13 28 23 31
13 29 98 97
13 30 14 20
13 31 95 92
13 32 13 22
14 15 4 8
14 16 90 78
14 17 43 38
14 18 68 67
14 19 62 62
14 20 37 34
14 21 94 92
14 22 71 71
14 23 87 86
14 24 30 35
14 25 77 69
14 26 14 14
14 27 88 80
14 28 69 61
14 29 1 14
14 30 34 34
14 31 93 92
14 32 55 56
15 16 96 95
15 17 55 58
15 18 77 75
15 19 33 41
15 20 3 16
15 21 36 42
15 22 97 83
15 23 80 71
15 24 8 11
15 25 79 69
15 26 8 14
15 27 90 88
15 28 38 47
15 29 58 61
15 30 39 34
15 31 26 37
15 32 86 80
16 17 82 81
16 18 50 57
16 19 87 88
16 20 63 67
16 21 67 63
16 22 29 29
16 23 27 23
16 24 76 76
16 25 64 58
16 26 61 55
16 27 68 63
16 28 20 24
16 29 10 11
16 30 94 84
16 31 67 64
16 32 86 80
17 18 28 36
17 19 27 25
17 20 85 73
17 21 40 49
17 22 88 89
17 23 12 15
17 24 19 29
17 25 88 78
17 26 29 34
17 27 31 32
17 28 33 39
17 29 94 84
17 30 54 54
17 31 40 43
17 32 37 38
18 19 28 29
18 20 64 58
18 21 32 30
18 22 96 93
18 23 24 26
18 24 45 44
18 25 87 85
18 26 28 27
18 27 31 33
18 28 57 52
18 29 75 71
18 30 5 6
18 31 57 58
18 32 25 27
19 20 76 76
19 21 98 83
19 22 18 26
19 23 63 57
19 24 19 16
19 25 26 36
19 26 74 63
19 27 74 65
19 28 46 52
19 29 79 80
19 30 2 10
19 31 46 40
19 32 46 43
20 21 95 91
20 22 49 54
20 23 48 51
20 24 29 25
20 25 22 22
20 26 90 79
20 27 67 65
20 28 48 46
20 29 58 53
20 30 43 37
20 31 89 77
20 32 27 30
21 22 85 76
21 23 24 33
21 24 16 26
21 25 69 66
21 26 39 42
21 27 51 54
21 28 82 76
21 29 31 31
21 30 16 24
21 31 0 7
21 32 4 12
22 23 54 49
22 24 24 29
22 25 89 89
22 26 95 82
22 27 21 21
22 28 70 73
22 29 88 86
22 30 21 24
22 31 66 56
22 32 72 74
23 24 87 76
23 25 42 37
23 26 59 52
23 27 28 24
23 28 16 17
23 29 73 71
23 30 56 55
23 31 9 15
23 32 22 27
24 25 22 25
24 26 95 82
24 27 65 57
24 28 48 52
24 29 15 18
24 30 4 12
24 31 66 57
24 32 83 75
25 26 87 83
25 27 94 83
25 28 5 7
25 29 25 34
25 30 9 13
25 31 81 77
25 32 31 38
26 27 55 54
26 28 75 73
26 29 61 59
26 30 1 15
26 31 17 22
26 32 75 68
27 28 47 42
27 29 20 29
27 30 38 33
27 31 59 54
27 32 12 16
28 29 13 15
28 30 36 43
28 31 38 44
28 32 27 27
29 30 27 26
29 31 60 65
29 32 22 28
30 31 77 76
30 32 75 65
31 32 31 40
