35
0 1 97 72
0 2 25 22
0 3 52 77
0 4 57 20
0 5 79 80
0 6 11 6
0 7 51 17
0 8 67 84
0 9 87 50
0 10 98 43
0 11 24 67
0 12 57 40
0 13 12 15
0 14 80 79
0 15 59 86
0 16 19 14
0 17 10 48
0 18 91 87
0 19 69 14
0 20 85 21
0 21 26 13
0 22 82 19
0 23 9 17
0 24 76 89
0 25 35 11
0 26 22 46
0 27 97 30
0 28 14 39
0 29 88 45
0 30 86 77
0 31 75 93
0 32 53 50
0 33 47 43
0 34 7 46
1 2 92 31
1 3 81 73
1 4 87 46
1 5 60 54
1 6 68 32
1 7 99 25
1 8 50 32
1 9 48 15
1 10 48 63
1 11 63 27
1 12 75 65
1 13 43 52
1 14 85 19
1 15 13 78
1 16 18 13
1 17 70 34
1 18 55 13
1 19 98 97
1 20 83 39
1 21 19 4
1 22 82 74
1 23 6 11
1 24 16 6
1 25 9 14
1 26 99 54
1 27 75 78
1 28 23 23
1 29 18 81
1 30 13 77
1 31 56 34
1 32 54 21
1 33 99 78
1 34 74 57
2 3 65 21
2 4 33 18
2 5 46 61
2 6 4 60
2 7 56 76
2 8 52 24
2 9 39 14
2 10 81 90
2 11 54 13
2 12 0 47
2 13 6 62
2 14 84 21
2 15 54 90
2 16 85 43
2 17 33 11
2 18 98 81
2 19 61 83
2 20 45 26
2 21 29 59
2 22 22 78
2 23 40 49
2 24 94 37
2 25 82 77
2 26 81 34
2 27 16 37
2 28 3 51
2 29 57 82
2 30 35 43
2 31 90 19
2 32 23 77
2 33 8 71
2 34 10 20
3 4 65 86
3 5 17 44
3 6 73 33
3 7 88 58
3 8 14 37
3 9 92 30
3 10 1 62
3 11 98 33
3 12 80 61
3 13 56 28
3 14 9 8
3 15 94 95
3 16 95 52
3 17 48 67
3 18 51 61
3 19 64 33
3 20 34 70
3 21 89 20
3 22 53 64
3 23 67 18
3 24 24 42
3 25 8 24
3 26 0 60
3 27 16 62
3 28 60 75
3 29 89 83
3 30 39 20
3 31 98 30
3 32 92 35
3 33 28 6
3 34 16 62
4 5 22 82
4 6 64 38
4 7 15 52
4 8 62 26
4 9 22 16
4 10 85 52
4 11 54 35
4 12 27 54
4 13 84 85
4 14 83 75
4 15 32 34
4 16 26 39
4 17 61 46
4 18 85 87
4 19 50 60
4 20 21 37
4 21 32 43
4 22 72 90
4 23 94 98
4 24 66 42
4 25 13 73
4 26 43 12
4 27 57 44
4 28 71 58
4 29 46 40
4 30 73 45
4 31 91 27
4 32 98 82
4 33 88 48
4 34 87 28
5 6 14 64
5 7 90 82
5 8 79 43
5 9 97 25
5 10 6 4
5 11 30 38
5 12 52 19
5 13 28 41
5 14 86 42
5 15 9 30
5 16 81 70
5 17 35 12
5 18 97 96
5 19 28 17
5 20 14 81
5 21 5 3
5 22 24 78
5 23 3 70
5 24 13 62
5 25 50 55
5 26 80 93
5 27 16 18
5 28 2 44
5 29 95 36
5 30 66 56
5 31 63 16
5 32 57 40
5 33 42 84
5 34 16 59
6 7 66 52
6 8 81 73
6 9 74 62
6 10 36 85
6 11 47 9
6 12 3 47
6 13 11 25
6 14 3 4
6 15 29 63
6 16 20 39
6 17 61 63
6 18 62 42
6 19 5 56
6 20 24 66
6 21 19 17
6 22 18 60
6 23 35 80
6 24 77 88
6 25 68 44
6 26 12 9
6 27 23 42
6 28 50 54
6 29 75 92
6 30 13 38
6 31 67 23
6 32 32 63
6 33 75 63
6 34 58 49
7 8 40 41
7 9 63 73
7 10 45 67
7 11 51 48
7 12 63 26
7 13 55 29
7 14 66 28
7 15 40 13
7 16 83 37
7 17 5 75
7 18 10 4
7 19 27 51
7 20 78 79
7 21 24 23
7 22 27 54
7 23 93 60
7 24 47 71
7 25 8 57
7 26 95 98
7 27 43 55
7 28 31 75
7 29 25 6
7 30 41 22
7 31 99 27
7 32 51 24
7 33 73 53
7 34 78 58
8 9 34 67
8 10 73 86
8 11 71 59
8 12 87 79
8 13 61 41
8 14 57 81
8 15 21 24
8 16 2 20
8 17 66 35
8 18 68 88
8 19 74 39
8 20 25 79
8 21 4 9
8 22 15 3
8 23 70 35
8 24 97 44
8 25 72 65
8 26 22 71
8 27 72 22
8 28 17 72
8 29 5 40
8 30 44 48
8 31 30 75
8 32 7 28
8 33 7 62
8 34 55 64
9 10 92 71
9 11 18 58
9 12 85 59
9 13 66 71
9 14 39 72
9 15 40 87
9 16 40 65
9 17 12 43
9 18 45 62
9 19 98 35
9 20 31 21
9 21 64 19
9 22 1 8
9 23 8 78
9 24 54 54
9 25 14 14
9 26 14 68
9 27 57 76
9 28 60 24
9 29 93 71
9 30 54 85
9 31 15 19
9 32 0 32
9 33 79 72
9 34 71 51
10 11 80 51
10 12 51 28
10 13 14 37
10 14 77 62
10 15 48 42
10 16 80 35
10 17 68 73
10 18 28 65
10 19 46 72
10 20 89 65
10 21 96 20
10 22 6 5
10 23 62 37
10 24 75 74
10 25 92 79
10 26 10 45
10 27 61 18
10 28 11 65
10 29 60 56
10 30 18 28
10 31 38 64
10 32 35 7
10 33 23 73
10 34 61 43
11 12 9 50
11 13 61 92
11 14 71 35
11 15 55 60
11 16 13 24
11 17 26 68
11 18 63 79
11 19 6 73
11 20 6 17
11 21 78 60
11 22 0 63
11 23 20 37
11 24 19 30
11 25 66 77
11 26 89 37
11 27 34 69
11 28 92 59
11 29 58 85
11 30 39 12
11 31 99 38
11 32 12 54
11 33 71 27
11 34 86 87
12 13 19 60
12 14 80 63
12 15 31 36
12 16 88 94
12 17 91 32
12 18 75 73
12 19 62 54
12 20 17 68
12 21 47 65
12 22 14 58
12 23 90 56
12 24 31 69
12 25 50 68
12 26 73 64
12 27 65 78
12 28 30 29
12 29 75 47
12 30 79 59
12 31 41 20
12 32 81 49
12 33 20 77
12 34 23 32
13 14 80 52
13 15 25 14
13 16 50 35
13 17 13 70
13 18 55 78
13 19 75 87
13 20 84 73
13 21 55 58
13 22 72 20
13 23 57 17
13 24 88 44
13 25 97 81
13 26 74 37
13 27 10 66
13 28 80 33
13 29 47 37
13 30 28 63
13 31 71 38
13 32 89 80
13 33 75 93
13 34 59 58
14 15 91 83
14 16 47 72
14 17 91 85
14 18 52 37
14 19 8 70
14 20 38 8
14 21 82 25
14 22 22 32
14 23 79 39
14 24 76 71
14 25 93 73
14 26 56 48
14 27 14 78
14 28 81 35
14 29 14 18
14 30 86 17
14 31 84 53
14 32 62 48
14 33 94 92
14 34 35 39
15 16 75 36
15 17 11 34
15 18 18 77
15 19 8 40
15 20 59 39
15 21 20 82
15 22 20 27
15 23 29 41
15 24 39 72
15 25 24 79
15 26 44 46
15 27 90 90
15 28 10 13
15 29 95 76
15 30 98 71
15 31 28 44
15 32 23 68
15 33 65 20
15 34 77 93
16 17 38 65
16 18 24 16
16 19 29 42
16 20 11 67
16 21 82 45
16 22 25 24
16 23 55 12
16 24 57 75
16 25 17 22
16 26 98 24
16 27 93 76
16 28 39 29
16 29 10 26
16 30 18 60
16 31 82 40
16 32 10 27
16 33 62 27
16 34 58 46
17 18 17 54
17 19 71 61
17 20 58 32
17 21 3 40
17 22 49 15
17 23 89 25
17 24 31 22
17 25 71 29
17 26 8 33
17 27 71 39
17 28 83 85
17 29 9 40
17 30 27 57
17 31 74 16
17 32 75 84
17 33 61 24
17 34 42 67
18 19 0 54
18 20 62 17
18 21 83 95
18 22 20 34
18 23 92 67
18 24 97 28
18 25 28 30
18 26 25 25
18 27 99 41
18 28 68 23
18 29 15 12
18 30 51 15
18 31 38 75
18 32 34 33
18 33 57 48
18 34 79 59
19 20 57 85
19 21 95 73
19 22 43 68
19 23 89 56
19 24 65 28
19 25 43 17
19 26 30 78
19 27 99 58
19 28 32 54
19 29 39 60
19 30 48 78
19 31 32 61
19 32 69 55
19 33 18 58
19 34 23 79
20 21 84 21
20 22 63 63
20 23 44 48
20 24 47 62
20 25 66 70
20 26 97 64
20 27 69 85
20 28 8 7
20 29 11 8
20 30 49 69
20 31 35 24
20 32 23 82
20 33 50 37
20 34 51 50
21 22 84 60
21 23 28 18
21 24 41 71
21 25 19 37
21 26 5 79
21 27 90 96
21 28 39 80
21 29 95 71
21 30 89 48
21 31 20 70
21 32 21 15
21 33 30 15
21 34 97 38
22 23 54 36
22 24 71 42
22 25 66 82
22 26 63 74
22 27 45 72
22 28 76 50
22 29 1 33
22 30 66 55
22 31 39 57
22 32 16 9
22 33 69 28
22 34 4 60
23 24 34 36
23 25 9 25
23 26 63 32
23 27 20 64
23 28 32 75
23 29 48 55
23 30 55 85
23 31 79 78
23 32 64 85
23 33 29 14
23 34 78 72
24 25 4 67
24 26 45 33
24 27 97 25
24 28 49 64
24 29 21 65
24 30 36 50
24 31 23 12
24 32 80 64
24 33 62 25
24 34 40 67
25 26 81 41
25 27 48 86
25 28 86 30
25 29 72 25
25 30 7 30
25 31 59 36
25 32 66 41
25 33 46 82
25 34 66 26
26 27 33 34
26 28 81 95
26 29 19 38
26 30 11 32
26 31 78 89
26 32 50 77
26 33 78 21
26 34 17 31
27 28 45 69
27 29 29 31
27 30 97 84
27 31 27 17
27 32 26 35
27 33 39 74
27 34 63 20
28 29 48 51
28 30 16 8
28 31 2 26
28 32 32 58
28 33 84 93
28 34 21 9
29 30 83 30
29 31 53 75
29 32 79 84
29 33 46 25
29 34 27 84
30 31 31 52
30 32 17 63
30 33 52 38
30 34 82 40
31 32 74 36
31 33 62 84
31 34 27 62
32 33 90 41
32 34 61 50
33 34 21 37
