38
0 1 20 34
0 2 63 55
0 3 77 40
0 4 84 85
0 5 91 57
0 6 26 18
0 7 26 62
0 8 42 43
0 9 45 49
0 10 75 68
0 11 31 37
0 12 35 24
0 13 40 65
0 14 34 21
0 15 8 14
0 16 61 53
0 17 41 20
0 18 38 67
0 19 51 75
0 20 58 60
0 21 82 84
0 22 95 93
0 23 69 78
0 24 50 62
0 25 33 37
0 26 91 72
0 27 1 31
0 28 0 46
0 29 91 93
0 30 89 87
0 31 13 53
0 32 87 60
0 33 72 66
0 34 47 37
0 35 95 92
0 36 10 47
0 37 16 32
1 2 41 64
1 3 26 38
1 4 18 13
1 5 91 58
1 6 76 60
1 7 10 40
1 8 33 36
1 9 78 55
1 10 55 42
1 11 25 49
1 12 28 25
1 13 5 13
1 14 6 17
1 15 89 81
1 16 38 53
1 17 48 73
1 18 88 70
1 19 10 28
1 20 46 54
1 21 88 82
1 22 37 50
1 23 93 78
1 24 49 61
1 25 92 85
1 26 38 54
1 27 72 52
1 28 68 42
1 29 73 80
1 30 81 56
1 31 4 34
1 32 59 66
1 33 88 51
1 34 16 57
1 35 62 60
1 36 17 52
1 37 58 74
2 3 95 91
2 4 62 36
2 5 37 35
2 6 76 81
2 7 3 39
2 8 49 54
2 9 17 23
2 10 14 45
2 11 30 40
2 12 4 33
2 13 84 63
2 14 59 75
2 15 39 37
2 16 71 40
2 17 42 70
2 18 91 47
2 19 10 32
2 20 49 27
2 21 0 4
2 22 2 16
2 23 27 60
2 24 45 47
2 25 28 52
2 26 58 34
2 27 40 43
2 28 35 20
2 29 29 61
2 30 40 69
2 31 28 29
2 32 13 53
2 33 51 45
2 34 40 41
2 35 41 34
2 36 93 84
2 37 71 84
3 4 80 73
3 5 69 80
3 6 55 32
3 7 54 32
3 8 95 53
3 9 84 65
3 10 5 8
3 11 20 54
3 12 66 48
3 13 16 23
3 14 13 50
3 15 47 38
3 16 29 28
3 17 9 50
3 18 87 61
3 19 65 65
3 20 71 77
3 21 49 62
3 22 28 45
3 23 66 39
3 24 5 28
3 25 80 89
3 26 20 22
3 27 66 43
3 28 47 33
3 29 75 51
3 30 4 36
3 31 73 74
3 32 25 30
3 33 52 57
3 34 25 29
3 35 26 61
3 36 25 18
3 37 76 81
4 5 34 56
4 6 94 69
4 7 40 37
4 8 78 64
4 9 29 64
4 10 59 38
4 11 84 58
4 12 19 13
4 13 11 16
4 14 89 94
4 15 64 77
4 16 24 26
4 17 33 39
4 18 64 45
4 19 65 60
4 20 65 64
4 21 30 57
4 22 66 48
4 23 53 43
4 24 12 29
4 25 8 26
4 26 90 67
4 27 32 53
4 28 40 62
4 29 87 64
4 30 99 80
4 31 27 34
4 32 98 67
4 33 38 57
4 34 72 77
4 35 78 74
4 36 88 80
4 37 98 53
5 6 47 28
5 7 15 20
5 8 31 20
5 9 55 63
5 10 71 42
5 11 99 88
5 12 50 62
5 13 15 45
5 14 58 65
5 15 4 45
5 16 85 78
5 17 68 35
5 18 16 46
5 19 96 65
5 20 39 41
5 21 10 21
5 22 64 63
5 23 13 55
5 24 65 43
5 25 11 27
5 26 84 72
5 27 25 47
5 28 21 12
5 29 72 61
5 30 5 48
5 31 19 50
5 32 53 29
5 33 80 55
5 34 77 73
5 35 33 29
5 36 47 38
5 37 66 57
6 7 7 49
6 8 1 11
6 9 4 45
6 10 86 93
6 11 48 27
6 12 40 68
6 13 76 78
6 14 17 23
6 15 65 56
6 16 7 4
6 17 11 28
6 18 94 49
6 19 51 30
6 20 24 59
6 21 22 49
6 22 11 54
6 23 3 31
6 24 64 39
6 25 5 45
6 26 12 41
6 27 8 25
6 28 17 10
6 29 9 47
6 30 90 60
6 31 81 79
6 32 35 45
6 33 32 52
6 34 49 73
6 35 20 38
6 36 92 80
6 37 32 23
7 8 48 24
7 9 39 24
7 10 12 52
7 11 52 47
7 12 9 16
7 13 22 11
7 14 67 57
7 15 63 52
7 16 75 52
7 17 10 49
7 18 80 72
7 19 80 87
7 20 60 65
7 21 47 29
7 22 61 44
7 23 15 21
7 24 12 7
7 25 16 49
7 26 33 49
7 27 76 56
7 28 53 33
7 29 82 80
7 30 72 74
7 31 13 32
7 32 89 54
7 33 33 31
7 34 78 41
7 35 73 62
7 36 40 67
7 37 70 81
8 9 97 57
8 10 69 53
8 11 25 26
8 12 79 61
8 13 81 76
8 14 42 67
8 15 84 56
8 16 73 65
8 17 75 57
8 18 64 56
8 19 51 41
8 20 17 20
8 21 43 35
8 22 88 57
8 23 0 15
8 24 41 29
8 25 26 55
8 26 67 46
8 27 81 82
8 28 0 11
8 29 1 15
8 30 37 68
8 31 91 90
8 32 33 51
8 33 79 84
8 34 17 50
8 35 81 74
8 36 50 30
8 37 98 50
9 10 64 76
9 11 19 37
9 12 60 71
9 13 57 68
9 14 35 53
9 15 73 68
9 16 54 65
9 17 20 36
9 18 56 47
9 19 33 36
9 20 29 34
9 21 7 34
9 22 19 18
9 23 83 42
9 24 43 61
9 25 86 69
9 26 13 47
9 27 64 55
9 28 68 58
9 29 89 46
9 30 11 42
9 31 34 36
9 32 58 39
9 33 22 23
9 34 18 53
9 35 78 83
9 36 82 57
9 37 47 45
10 11 55 63
10 12 56 50
10 13 49 51
10 14 97 71
10 15 20 43
10 16 78 73
10 17 27 60
10 18 4 33
10 19 82 48
10 20 16 11
10 21 27 21
10 22 71 70
10 23 82 60
10 24 88 59
10 25 98 78
10 26 30 36
10 27 68 67
10 28 56 60
10 29 80 66
10 30 52 58
10 31 38 41
10 32 6 39
10 33 45 55
10 34 69 56
10 35 10 34
10 36 27 63
10 37 43 48
11 12 77 69
11 13 5 23
11 14 11 22
11 15 41 64
11 16 51 72
11 17 97 54
11 18 29 24
11 19 43 57
11 20 61 42
11 21 59 63
11 22 67 41
11 23 89 91
11 24 7 43
11 25 39 60
11 26 11 11
11 27 95 82
11 28 74 45
11 29 35 44
11 30 77 44
11 31 31 19
11 32 65 76
11 33 36 60
11 34 23 18
11 35 81 60
11 36 46 52
11 37 25 41
12 13 64 46
12 14 33 38
12 15 41 34
12 16 16 24
12 17 2 2
12 18 77 74
12 19 45 22
12 20 18 57
12 21 38 43
12 22 58 52
12 23 74 41
12 24 18 58
12 25 31 62
12 26 76 60
12 27 11 55
12 28 6 22
12 29 48 66
12 30 47 24
12 31 42 28
12 32 45 65
12 33 51 59
12 34 35 50
12 35 32 59
12 36 21 28
12 37 31 19
13 14 29 44
13 15 50 50
13 16 19 10
13 17 16 24
13 18 88 76
13 19 59 55
13 20 94 94
13 21 27 36
13 22 98 75
13 23 25 41
13 24 10 37
13 25 29 17
13 26 30 39
13 27 28 53
13 28 64 70
13 29 95 74
13 30 96 96
13 31 86 64
13 32 95 59
13 33 1 19
13 34 15 39
13 35 44 26
13 36 35 55
13 37 37 54
14 15 93 76
14 16 49 63
14 17 55 74
14 18 48 60
14 19 60 56
14 20 13 53
14 21 38 65
14 22 66 59
14 23 46 63
14 24 99 63
14 25 40 67
14 26 59 62
14 27 15 15
14 28 2 2
14 29 49 46
14 30 54 43
14 31 43 28
14 32 25 24
14 33 32 58
14 34 92 64
14 35 34 23
14 36 23 18
14 37 55 46
15 16 24 30
15 17 18 11
15 18 31 56
15 19 66 38
15 20 39 29
15 21 94 94
15 22 66 61
15 23 92 50
15 24 67 61
15 25 40 32
15 26 65 82
15 27 92 94
15 28 81 76
15 29 46 57
15 30 25 24
15 31 85 66
15 32 73 73
15 33 87 74
15 34 69 65
15 35 78 84
15 36 30 24
15 37 28 54
16 17 21 58
16 18 64 79
16 19 99 81
16 20 53 66
16 21 57 68
16 22 4 15
16 23 28 41
16 24 54 50
16 25 36 61
16 26 98 82
16 27 60 37
16 28 52 65
16 29 42 63
16 30 69 76
16 31 28 48
16 32 86 91
16 33 35 37
16 34 43 40
16 35 50 65
16 36 23 30
16 37 54 54
17 18 24 22
17 19 81 68
17 20 50 53
17 21 15 14
17 22 51 61
17 23 45 38
17 24 65 79
17 25 91 52
17 26 51 64
17 27 76 63
17 28 87 44
17 29 48 39
17 30 59 42
17 31 73 82
17 32 48 47
17 33 90 53
17 34 26 56
17 35 12 25
17 36 84 67
17 37 39 36
18 19 40 67
18 20 37 37
18 21 74 58
18 22 21 40
18 23 5 9
18 24 13 50
18 25 81 76
18 26 51 51
18 27 75 65
18 28 76 39
18 29 9 11
18 30 98 50
18 31 24 18
18 32 39 37
18 33 58 45
18 34 32 34
18 35 7 17
18 36 50 29
18 37 50 25
19 20 60 41
19 21 57 67
19 22 28 17
19 23 21 60
19 24 96 65
19 25 26 54
19 26 59 50
19 27 86 55
19 28 33 50
19 29 14 55
19 30 13 39
19 31 69 41
19 32 23 31
19 33 12 8
19 34 10 55
19 35 40 61
19 36 6 44
19 37 23 18
20 21 71 68
20 22 4 37
20 23 96 71
20 24 26 46
20 25 1 3
20 26 22 19
20 27 11 40
20 28 10 39
20 29 76 87
20 30 43 35
20 31 16 28
20 32 48 45
20 33 88 74
20 34 96 73
20 35 32 41
20 36 21 32
20 37 87 78
21 22 26 39
21 23 65 76
21 24 62 39
21 25 5 35
21 26 26 39
21 27 41 63
21 28 63 41
21 29 64 71
21 30 65 76
21 31 80 66
21 32 18 23
21 33 21 50
21 34 94 67
21 35 62 80
21 36 95 67
21 37 98 65
22 23 68 48
22 24 32 19
22 25 91 58
22 26 67 58
22 27 71 41
22 28 15 27
22 29 76 55
22 30 96 62
22 31 92 91
22 32 13 46
22 33 47 47
22 34 90 67
22 35 76 84
22 36 26 47
22 37 26 41
23 24 6 29
23 25 29 63
23 26 60 44
23 27 2 48
23 28 83 58
23 29 44 35
23 30 49 26
23 31 61 62
23 32 48 41
23 33 88 70
23 34 0 49
23 35 5 11
23 36 99 81
23 37 43 25
24 25 32 27
24 26 65 40
24 27 11 11
24 28 2 41
24 29 30 57
24 30 61 57
24 31 68 71
24 32 67 53
24 33 33 55
24 34 62 33
24 35 47 50
24 36 1 8
24 37 71 40
25 26 48 35
25 27 9 10
25 28 79 86
25 29 85 91
25 30 33 45
25 31 55 59
25 32 9 8
25 33 98 55
25 34 5 35
25 35 76 87
25 36 58 70
25 37 14 48
26 27 92 64
26 28 80 51
26 29 77 77
26 30 90 49
26 31 18 53
26 32 3 31
26 33 78 49
26 34 8 47
26 35 5 36
26 36 71 58
26 37 36 28
27 28 62 80
27 29 19 51
27 30 72 38
27 31 56 60
27 32 33 56
27 33 50 25
27 34 9 33
27 35 82 88
27 36 18 54
27 37 27 23
28 29 86 62
28 30 82 50
28 31 49 73
28 32 41 56
28 33 68 83
28 34 29 46
28 35 29 22
28 36 45 51
28 37 35 34
29 30 14 54
29 31 75 61
29 32 99 64
29 33 62 69
29 34 56 57
29 35 0 29
29 36 97 89
29 37 25 43
30 31 93 88
30 32 8 35
30 33 41 48
30 34 29 61
30 35 34 52
30 36 76 75
30 37 27 15
31 32 44 44
31 33 60 40
31 34 25 46
31 35 49 63
31 36 14 34
31 37 38 24
32 33 50 57
32 34 35 61
32 35 77 84
32 36 25 49
32 37 21 39
33 34 33 22
33 35 92 87
33 36 26 49
33 37 81 75
34 35 92 53
34 36 73 69
34 37 1 33
35 36 75 63
35 37 57 51
36 37 4 40
