38
0 1 49 67
0 2 99 84
0 3 5 8
0 4 66 16
0 5 61 30
0 6 34 57
0 7 86 44
0 8 31 31
0 9 48 44
0 10 85 52
0 11 6 35
0 12 50 33
0 13 11 26
0 14 93 73
0 15 84 77
0 16 39 74
0 17 65 23
0 18 98 29
0 19 36 61
0 20 50 12
0 21 61 92
0 22 76 52
0 23 18 50
0 24 56 90
0 25 93 73
0 26 46 44
0 27 13 13
0 28 88 31
0 29 62 50
0 30 97 72
0 31 89 83
0 32 89 77
0 33 95 76
0 34 14 55
0 35 11 39
0 36 48 42
0 37 59 13
1 2 31 75
1 3 96 94
1 4 1 60
1 5 33 76
1 6 98 29
1 7 47 11
1 8 91 30
1 9 23 60
1 10 29 67
1 11 48 16
1 12 45 49
1 13 19 75
1 14 6 18
1 15 56 60
1 16 30 14
1 17 6 54
1 18 0 79
1 19 70 23
1 20 9 41
1 21 63 87
1 22 46 47
1 23 47 41
1 24 27 59
1 25 84 90
1 26 7 29
1 27 87 47
1 28 19 39
1 29 17 51
1 30 93 35
1 31 95 77
1 32 82 88
1 33 88 70
1 34 7 77
1 35 41 50
1 36 25 24
1 37 56 52
2 3 81 78
2 4 92 90
2 5 12 47
2 6 71 50
2 7 17 22
2 8 96 76
2 9 27 69
2 10 17 19
2 11 22 72
2 12 73 81
2 13 77 21
2 14 33 54
2 15 13 61
2 16 26 74
2 17 34 15
2 18 86 87
2 19 28 76
2 20 87 66
2 21 48 86
2 22 19 50
2 23 86 47
2 24 71 44
2 25 91 73
2 26 39 56
2 27 11 33
2 28 91 49
2 29 65 34
2 30 42 12
2 31 64 30
2 32 55 12
2 33 73 49
2 34 99 85
2 35 24 33
2 36 62 60
2 37 83 38
3 4 5 18
3 5 26 6
3 6 73 64
3 7 63 52
3 8 20 5
3 9 17 11
3 10 31 59
3 11 95 90
3 12 25 19
3 13 44 25
3 14 89 39
3 15 46 9
3 16 43 11
3 17 68 75
3 18 70 26
3 19 67 76
3 20 47 68
3 21 80 32
3 22 59 38
3 23 22 81
3 24 82 78
3 25 28 64
3 26 26 41
3 27 20 29
3 28 74 20
3 29 43 69
3 30 2 21
3 31 48 65
3 32 7 64
3 33 41 40
3 34 33 75
3 35 89 29
3 36 35 52
3 37 45 58
4 5 82 58
4 6 68 32
4 7 20 63
4 8 68 44
4 9 8 65
4 10 66 45
4 11 86 33
4 12 59 63
4 13 30 55
4 14 43 65
4 15 67 66
4 16 71 81
4 17 24 42
4 18 71 17
4 19 95 24
4 20 55 60
4 21 74 17
4 22 34 67
4 23 63 70
4 24 88 90
4 25 30 44
4 26 63 90
4 27 32 44
4 28 39 80
4 29 32 18
4 30 19 34
4 31 43 73
4 32 35 72
4 33 86 20
4 34 31 20
4 35 13 40
4 36 17 36
4 37 11 21
5 6 15 19
5 7 98 34
5 8 67 62
5 9 90 35
5 10 54 40
5 11 17 66
5 12 9 72
5 13 75 43
5 14 80 39
5 15 97 94
5 16 50 20
5 17 10 5
5 18 74 42
5 19 97 63
5 20 53 61
5 21 79 43
5 22 36 73
5 23 13 37
5 24 41 16
5 25 82 33
5 26 70 75
5 27 44 66
5 28 36 49
5 29 66 30
5 30 76 30
5 31 3 75
5 32 34 39
5 33 99 49
5 34 12 36
5 35 92 58
5 36 51 35
5 37 3 73
6 7 48 48
6 8 54 58
6 9 10 5
6 10 73 37
6 11 59 63
6 12 77 44
6 13 4 68
6 14 19 80
6 15 19 9
6 16 55 40
6 17 38 48
6 18 41 30
6 19 61 27
6 20 53 84
6 21 95 42
6 22 23 83
6 23 51 24
6 24 20 54
6 25 12 57
6 26 99 38
6 27 25 37
6 28 26 59
6 29 70 27
6 30 32 74
6 31 16 30
6 32 56 22
6 33 52 57
6 34 16 76
6 35 41 74
6 36 79 57
6 37 32 79
7 8 50 48
7 9 87 23
7 10 53 43
7 11 23 24
7 12 55 49
7 13 28 41
7 14 47 34
7 15 29 76
7 16 94 52
7 17 0 7
7 18 83 85
7 19 86 70
7 20 70 43
7 21 89 43
7 22 39 47
7 23 43 56
7 24 54 28
7 25 92 45
7 26 69 89
7 27 85 26
7 28 66 60
7 29 37 65
7 30 70 64
7 31 96 47
7 32 31 10
7 33 32 15
7 34 52 55
7 35 7 72
7 36 39 32
7 37 28 6
8 9 6 24
8 10 23 16
8 11 68 25
8 12 93 82
8 13 22 9
8 14 11 17
8 15 88 21
8 16 1 43
8 17 79 95
8 18 17 72
8 19 14 48
8 20 55 88
8 21 25 62
8 22 95 23
8 23 54 24
8 24 43 18
8 25 4 56
8 26 94 55
8 27 3 48
8 28 1 63
8 29 74 56
8 30 88 86
8 31 81 52
8 32 23 29
8 33 12 6
8 34 78 76
8 35 54 52
8 36 94 82
8 37 3 77
9 10 23 27
9 11 81 53
9 12 84 45
9 13 56 21
9 14 64 59
9 15 2 35
9 16 91 37
9 17 44 10
9 18 49 64
9 19 7 72
9 20 98 51
9 21 40 32
9 22 47 31
9 23 75 67
9 24 50 33
9 25 66 27
9 26 78 29
9 27 30 54
9 28 27 74
9 29 62 42
9 30 40 47
9 31 61 76
9 32 0 38
9 33 44 50
9 34 75 82
9 35 16 56
9 36 80 19
9 37 45 11
10 11 66 35
10 12 38 45
10 13 63 27
10 14 66 77
10 15 27 42
10 16 32 57
10 17 36 46
10 18 4 56
10 19 38 70
10 20 30 48
10 21 24 77
10 22 70 62
10 23 75 15
10 24 38 31
10 25 99 27
10 26 5 68
10 27 34 35
10 28 35 44
10 29 74 80
10 30 31 18
10 31 36 30
10 32 17 63
10 33 37 38
10 34 37 22
10 35 77 67
10 36 59 63
10 37 27 71
11 12 55 53
11 13 62 85
11 14 27 8
11 15 97 68
11 16 37 58
11 17 88 56
11 18 12 50
11 19 76 41
11 20 6 19
11 21 36 51
11 22 2 39
11 23 7 68
11 24 91 33
11 25 82 94
11 26 6 23
11 27 33 33
11 28 37 70
11 29 56 76
11 30 91 68
11 31 47 43
11 32 58 76
11 33 59 23
11 34 25 47
11 35 87 73
11 36 82 52
11 37 27 17
12 13 60 68
12 14 18 79
12 15 81 38
12 16 6 27
12 17 22 55
12 18 84 69
12 19 54 41
12 20 59 12
12 21 98 92
12 22 8 81
12 23 77 75
12 24 18 19
12 25 7 16
12 26 50 54
12 27 84 64
12 28 13 76
12 29 44 18
12 30 68 76
12 31 68 61
12 32 50 46
12 33 49 73
12 34 0 29
12 35 60 83
12 36 23 58
12 37 34 41
13 14 52 20
13 15 37 10
13 16 14 15
13 17 71 36
13 18 91 70
13 19 0 3
13 20 58 22
13 21 86 81
13 22 63 92
13 23 97 68
13 24 9 17
13 25 84 40
13 26 77 18
13 27 47 45
13 28 92 90
13 29 22 83
13 30 14 36
13 31 87 95
13 32 48 88
13 33 48 36
13 34 71 45
13 35 31 26
13 36 72 18
13 37 64 52
14 15 74 56
14 16 52 47
14 17 49 77
14 18 64 45
14 19 59 39
14 20 56 67
14 21 89 81
14 22 12 67
14 23 60 69
14 24 49 21
14 25 50 12
14 26 54 36
14 27 62 90
14 28 32 30
14 29 50 63
14 30 81 26
14 31 21 79
14 32 79 68
14 33 42 28
14 34 86 69
14 35 58 17
14 36 51 88
14 37 87 78
15 16 81 86
15 17 20 21
15 18 54 12
15 19 29 36
15 20 17 69
15 21 50 24
15 22 99 53
15 23 30 39
15 24 16 14
15 25 10 6
15 26 63 68
15 27 38 31
15 28 95 49
15 29 91 69
15 30 16 47
15 31 80 41
15 32 45 68
15 33 60 44
15 34 76 39
15 35 49 69
15 36 39 63
15 37 79 35
16 17 21 50
16 18 44 53
16 19 71 45
16 20 82 90
16 21 18 62
16 22 66 68
16 23 85 38
16 24 24 18
16 25 73 34
16 26 12 13
16 27 62 88
16 28 78 16
16 29 88 48
16 30 11 30
16 31 96 91
16 32 42 85
16 33 81 23
16 34 29 54
16 35 96 19
16 36 46 71
16 37 17 56
17 18 6 18
17 19 5 61
17 20 29 34
17 21 59 42
17 22 40 82
17 23 34 33
17 24 16 45
17 25 37 67
17 26 35 43
17 27 90 69
17 28 24 33
17 29 80 61
17 30 31 51
17 31 58 48
17 32 81 37
17 33 67 26
17 34 0 33
17 35 6 65
17 36 57 72
17 37 65 77
18 19 94 89
18 20 21 83
18 21 36 27
18 22 50 73
18 23 58 48
18 24 5 78
18 25 72 92
18 26 88 44
18 27 49 52
18 28 1 68
18 29 63 76
18 30 40 36
18 31 39 60
18 32 89 21
18 33 47 37
18 34 56 67
18 35 50 69
18 36 44 23
18 37 76 40
19 20 83 26
19 21 54 47
19 22 14 68
19 23 44 26
19 24 74 93
19 25 64 91
19 26 94 57
19 27 34 13
19 28 82 76
19 29 46 75
19 30 83 23
19 31 59 25
19 32 67 18
19 33 31 26
19 34 86 57
19 35 83 16
19 36 80 33
19 37 84 32
20 21 66 48
20 22 16 27
20 23 82 76
20 24 66 58
20 25 31 9
20 26 18 37
20 27 68 59
20 28 68 84
20 29 67 39
20 30 23 34
20 31 84 56
20 32 96 50
20 33 35 57
20 34 84 92
20 35 97 50
20 36 90 91
20 37 6 28
21 22 21 69
21 23 98 29
21 24 32 17
21 25 58 37
21 26 58 45
21 27 79 25
21 28 5 43
21 29 95 33
21 30 16 26
21 31 0 4
21 32 33 45
21 33 97 25
21 34 74 91
21 35 47 16
21 36 82 29
21 37 98 23
22 23 74 16
22 24 79 16
22 25 44 11
22 26 86 20
22 27 75 49
22 28 79 42
22 29 65 87
22 30 57 12
22 31 39 73
22 32 7 46
22 33 97 33
22 34 93 64
22 35 91 90
22 36 83 75
22 37 76 36
23 24 91 76
23 25 25 52
23 26 11 27
23 27 8 57
23 28 73 70
23 29 86 63
23 30 52 78
23 31 66 25
23 32 46 26
23 33 93 66
23 34 40 23
23 35 85 29
23 36 3 54
23 37 40 31
24 25 79 77
24 26 19 69
24 27 35 19
24 28 6 66
24 29 76 37
24 30 33 46
24 31 52 69
24 32 14 34
24 33 83 53
24 34 18 43
24 35 58 78
24 36 11 33
24 37 76 44
25 26 44 88
25 27 8 48
25 28 52 38
25 29 53 84
25 30 1 31
25 31 22 70
25 32 29 26
25 33 30 42
25 34 98 96
25 35 19 47
25 36 45 36
25 37 44 36
26 27 61 26
26 28 91 38
26 29 75 74
26 30 98 46
26 31 63 65
26 32 11 79
26 33 21 69
26 34 13 38
26 35 21 45
26 36 52 48
26 37 83 80
27 28 46 76
27 29 95 89
27 30 44 46
27 31 76 28
27 32 9 65
27 33 2 60
27 34 66 29
27 35 77 61
27 36 81 61
27 37 86 87
28 29 46 37
28 30 12 19
28 31 88 23
28 32 94 28
28 33 62 83
28 34 22 43
28 35 71 70
28 36 30 85
28 37 45 52
29 30 59 53
29 31 35 28
29 32 63 85
29 33 21 70
29 34 5 31
29 35 81 19
29 36 59 76
29 37 61 91
30 31 0 44
30 32 98 56
30 33 7 5
30 34 11 49
30 35 56 74
30 36 39 82
30 37 4 45
31 32 27 6
31 33 18 41
31 34 80 90
31 35 78 16
31 36 90 80
31 37 97 30
32 33 87 67
32 34 4 57
32 35 61 20
32 36 48 58
32 37 59 70
33 34 56 38
33 35 62 82
33 36 49 41
33 37 48 23
34 35 4 34
34 36 78 24
34 37 4 80
35 36 45 25
35 37 25 53
36 37 48 54
