45
0 1 16 8
0 2 90 69
0 3 78 87
0 4 87 64
0 5 14 42
0 6 4 13
0 7 74 55
0 8 41 25
0 9 10 51
0 10 29 29
0 11 92 76
0 12 91 74
0 13 94 72
0 14 87 63
0 15 3 16
0 16 42 50
0 17 97 86
0 18 26 36
0 19 7 21
0 20 91 89
0 21 31 49
0 22 53 73
0 23 68 55
0 24 70 68
0 25 91 86
0 26 31 40
0 27 50 47
0 28 0 41
0 29 7 21
0 30 35 47
0 31 8 28
0 32 42 26
0 33 28 26
0 34 43 44
0 35 76 80
0 36 40 64
0 37 41 64
0 38 52 49
0 39 17 23
0 40 44 29
0 41 64 49
0 42 68 48
0 43 48 43
0 44 99 93
1 2 7 24
1 3 77 86
1 4 52 47
1 5 30 30
1 6 36 25
1 7 78 54
1 8 48 45
1 9 78 55
1 10 21 55
1 11 45 65
1 12 21 26
1 13 39 33
1 14 31 64
1 15 47 25
1 16 87 72
1 17 59 35
1 18 98 72
1 19 12 30
1 20 45 60
1 21 24 13
1 22 93 59
1 23 29 59
1 24 73 45
1 25 66 38
1 26 60 48
1 27 74 76
1 28 52 59
1 29 59 76
1 30 64 41
1 31 15 53
1 32 12 24
1 33 61 57
1 34 41 51
1 35 5 48
1 36 82 57
1 37 9 40
1 38 64 69
1 39 95 55
1 40 80 56
1 41 41 51
1 42 24 38
1 43 50 54
1 44 58 53
2 3 81 51
2 4 66 41
2 5 1 39
2 6 44 71
2 7 94 96
2 8 63 40
2 9 97 62
2 10 19 25
2 11 24 60
2 12 42 24
2 13 45 69
2 14 0 7
2 15 69 43
2 16 25 32
2 17 22 18
2 18 20 35
2 19 83 47
2 20 26 19
2 21 63 50
2 22 54 60
2 23 41 51
2 24 29 59
2 25 0 16
2 26 64 47
2 27 83 75
2 28 55 29
2 29 58 42
2 30 36 49
2 31 12 24
2 32 37 61
2 33 70 74
2 34 92 58
2 35 69 57
2 36 4 50
2 37 41 70
2 38 74 55
2 39 66 49
2 40 14 14
2 41 39 26
2 42 65 65
2 43 35 36
2 44 94 85
3 4 43 66
3 5 50 33
3 6 43 35
3 7 42 28
3 8 69 44
3 9 6 6
3 10 79 71
3 11 53 51
3 12 82 54
3 13 8 8
3 14 59 32
3 15 37 43
3 16 6 42
3 17 49 70
3 18 23 16
3 19 85 89
3 20 73 52
3 21 98 60
3 22 98 73
3 23 44 59
3 24 27 29
3 25 17 53
3 26 19 19
3 27 75 41
3 28 59 75
3 29 38 23
3 30 27 22
3 31 65 57
3 32 18 29
3 33 23 47
3 34 73 53
3 35 11 44
3 36 89 90
3 37 50 66
3 38 37 27
3 39 20 48
3 40 4 30
3 41 70 42
3 42 71 68
3 43 90 61
3 44 35 27
4 5 66 55
4 6 20 54
4 7 3 31
4 8 65 52
4 9 30 56
4 10 82 74
4 11 96 56
4 12 68 63
4 13 99 97
4 14 33 51
4 15 97 98
4 16 8 41
4 17 85 80
4 18 6 6
4 19 29 51
4 20 92 68
4 21 24 25
4 22 88 56
4 23 5 39
4 24 96 93
4 25 35 62
4 26 34 67
4 27 83 61
4 28 32 38
4 29 19 42
4 30 66 50
4 31 76 70
4 32 20 59
4 33 71 45
4 34 18 49
4 35 98 89
4 36 77 47
4 37 76 49
4 38 98 60
4 39 8 9
4 40 37 18
4 41 67 69
4 42 96 54
4 43 91 67
4 44 52 39
5 6 13 27
5 7 72 66
5 8 36 46
5 9 92 78
5 10 45 65
5 11 25 57
5 12 25 53
5 13 68 42
5 14 44 36
5 15 58 63
5 16 5 20
5 17 23 36
5 18 46 60
5 19 56 29
5 20 88 81
5 21 60 44
5 22 39 45
5 23 1 40
5 24 67 57
5 25 10 31
5 26 47 44
5 27 78 65
5 28 80 72
5 29 30 50
5 30 26 39
5 31 77 40
5 32 19 35
5 33 22 56
5 34 81 63
5 35 87 91
5 36 92 91
5 37 11 53
5 38 16 45
5 39 44 31
5 40 87 51
5 41 91 62
5 42 82 57
5 43 84 77
5 44 67 61
6 7 74 38
6 8 65 51
6 9 44 39
6 10 35 47
6 11 85 77
6 12 51 71
6 13 20 36
6 14 52 39
6 15 88 66
6 16 27 52
6 17 38 22
6 18 32 37
6 19 56 40
6 20 88 67
6 21 8 30
6 22 46 71
6 23 28 57
6 24 32 32
6 25 78 44
6 26 88 92
6 27 44 26
6 28 32 50
6 29 47 40
6 30 99 58
6 31 6 7
6 32 12 44
6 33 6 16
6 34 79 86
6 35 14 27
6 36 95 91
6 37 89 50
6 38 71 59
6 39 6 5
6 40 38 61
6 41 3 39
6 42 88 48
6 43 42 36
6 44 87 60
7 8 75 63
7 9 94 56
7 10 71 44
7 11 46 48
7 12 51 29
7 13 43 30
7 14 11 17
7 15 62 42
7 16 44 62
7 17 85 55
7 18 17 21
7 19 21 24
7 20 83 74
7 21 48 71
7 22 49 37
7 23 33 54
7 24 98 88
7 25 52 64
7 26 7 6
7 27 68 62
7 28 17 37
7 29 66 60
7 30 12 12
7 31 43 69
7 32 31 26
7 33 82 50
7 34 34 21
7 35 92 55
7 36 45 24
7 37 34 42
7 38 48 56
7 39 62 76
7 40 71 56
7 41 48 73
7 42 37 51
7 43 92 46
7 44 54 68
8 9 36 63
8 10 1 24
8 11 91 46
8 12 93 73
8 13 24 58
8 14 6 47
8 15 22 38
8 16 22 54
8 17 54 47
8 18 53 76
8 19 16 14
8 20 96 96
8 21 1 36
8 22 99 86
8 23 8 27
8 24 94 61
8 25 69 52
8 26 77 51
8 27 50 65
8 28 68 51
8 29 67 50
8 30 40 55
8 31 32 50
8 32 76 55
8 33 21 24
8 34 29 23
8 35 73 63
8 36 1 44
8 37 49 73
8 38 11 13
8 39 41 60
8 40 76 51
8 41 17 42
8 42 55 46
8 43 83 71
8 44 27 41
9 10 91 52
9 11 99 77
9 12 74 37
9 13 69 45
9 14 38 23
9 15 98 62
9 16 44 35
9 17 79 59
9 18 2 22
9 19 22 46
9 20 33 31
9 21 4 37
9 22 14 55
9 23 13 18
9 24 70 45
9 25 52 60
9 26 0 33
9 27 46 70
9 28 68 65
9 29 84 44
9 30 27 50
9 31 68 58
9 32 9 37
9 33 0 17
9 34 53 69
9 35 10 31
9 36 47 70
9 37 83 54
9 38 71 63
9 39 97 98
9 40 87 64
9 41 33 52
9 42 35 62
9 43 66 49
9 44 97 87
10 11 66 66
10 12 73 63
10 13 61 48
10 14 9 25
10 15 21 12
10 16 19 58
10 17 36 59
10 18 77 75
10 19 57 60
10 20 90 55
10 21 46 49
10 22 77 38
10 23 82 84
10 24 10 35
10 25 28 22
10 26 21 35
10 27 16 50
10 28 82 49
10 29 28 30
10 30 55 53
10 31 16 41
10 32 22 46
10 33 21 37
10 34 95 93
10 35 17 13
10 36 84 92
10 37 84 80
10 38 51 72
10 39 20 53
10 40 57 67
10 41 59 75
10 42 93 50
10 43 34 23
10 44 41 63
11 12 25 13
11 13 8 17
11 14 7 31
11 15 61 69
11 16 46 40
11 17 21 51
11 18 76 60
11 19 59 34
11 20 45 30
11 21 19 49
11 22 91 85
11 23 88 57
11 24 34 47
11 25 43 35
11 26 99 97
11 27 31 17
11 28 93 84
11 29 3 25
11 30 83 42
11 31 53 45
11 32 10 9
11 33 70 71
11 34 17 38
11 35 38 30
11 36 82 57
11 37 71 70
11 38 62 60
11 39 13 45
11 40 20 44
11 41 15 21
11 42 41 36
11 43 24 31
11 44 72 50
12 13 92 71
12 14 46 64
12 15 82 80
12 16 19 45
12 17 36 35
12 18 91 72
12 19 30 48
12 20 73 43
12 21 11 10
12 22 33 43
12 23 74 44
12 24 76 59
12 25 40 53
12 26 95 76
12 27 38 45
12 28 70 55
12 29 77 75
12 30 11 35
12 31 82 70
12 32 62 77
12 33 67 69
12 34 36 30
12 35 50 40
12 36 83 78
12 37 96 96
12 38 2 18
12 39 23 12
12 40 72 51
12 41 93 49
12 42 9 10
12 43 92 79
12 44 36 25
13 14 86 80
13 15 26 33
13 16 75 55
13 17 70 62
13 18 1 8
13 19 99 83
13 20 37 66
13 21 27 37
13 22 1 4
13 23 36 42
13 24 6 9
13 25 52 44
13 26 70 78
13 27 98 80
13 28 7 4
13 29 75 51
13 30 12 9
13 31 1 16
13 32 5 46
13 33 90 84
13 34 94 77
13 35 66 61
13 36 90 50
13 37 63 52
13 38 87 54
13 39 86 44
13 40 32 23
13 41 18 52
13 42 53 31
13 43 30 45
13 44 85 84
14 15 5 44
14 16 17 43
14 17 97 72
14 18 15 12
14 19 72 53
14 20 67 34
14 21 39 60
14 22 14 24
14 23 94 95
14 24 15 45
14 25 84 84
14 26 52 31
14 27 90 55
14 28 96 78
14 29 77 46
14 30 10 43
14 31 6 14
14 32 68 57
14 33 0 47
14 34 93 86
14 35 41 36
14 36 11 37
14 37 93 76
14 38 50 56
14 39 71 60
14 40 42 58
14 41 96 82
14 42 49 40
14 43 57 61
14 44 48 38
15 16 8 38
15 17 44 68
15 18 72 55
15 19 91 55
15 20 16 15
15 21 19 10
15 22 69 53
15 23 5 21
15 24 40 39
15 25 71 56
15 26 12 19
15 27 48 73
15 28 33 49
15 29 56 58
15 30 15 53
15 31 87 90
15 32 82 44
15 33 8 20
15 34 32 30
15 35 55 28
15 36 71 45
15 37 20 52
15 38 14 44
15 39 46 53
15 40 68 61
15 41 50 45
15 42 36 19
15 43 21 54
15 44 57 29
16 17 0 2
16 18 98 49
16 19 59 41
16 20 29 50
16 21 79 86
16 22 0 37
16 23 10 54
16 24 27 31
16 25 20 17
16 26 95 82
16 27 92 53
16 28 83 49
16 29 81 88
16 30 35 48
16 31 78 62
16 32 67 72
16 33 17 47
16 34 16 10
16 35 45 60
16 36 14 48
16 37 56 73
16 38 25 14
16 39 94 55
16 40 83 84
16 41 7 42
16 42 12 21
16 43 67 66
16 44 22 22
17 18 13 55
17 19 63 49
17 20 28 53
17 21 9 47
17 22 4 11
17 23 74 38
17 24 46 48
17 25 1 6
17 26 40 62
17 27 72 80
17 28 25 29
17 29 20 35
17 30 50 57
17 31 9 49
17 32 79 58
17 33 44 33
17 34 37 20
17 35 39 34
17 36 16 18
17 37 85 92
17 38 63 43
17 39 95 56
17 40 97 76
17 41 25 21
17 42 4 21
17 43 30 54
17 44 85 58
18 19 77 68
18 20 18 44
18 21 76 54
18 22 74 76
18 23 25 13
18 24 92 93
18 25 4 49
18 26 71 43
18 27 96 96
18 28 54 38
18 29 92 56
18 30 12 12
18 31 53 32
18 32 89 58
18 33 46 49
18 34 43 30
18 35 31 27
18 36 20 46
18 37 88 53
18 38 81 83
18 39 37 57
18 40 94 57
18 41 69 68
18 42 47 71
18 43 92 54
18 44 99 84
19 20 66 54
19 21 19 50
19 22 63 54
19 23 28 41
19 24 0 49
19 25 55 52
19 26 12 45
19 27 48 47
19 28 38 68
19 29 6 37
19 30 46 47
19 31 63 33
19 32 27 20
19 33 35 34
19 34 42 53
19 35 41 40
19 36 42 66
19 37 1 2
19 38 6 51
19 39 5 4
19 40 41 30
19 41 45 35
19 42 39 20
19 43 12 11
19 44 44 32
20 21 73 85
20 22 95 61
20 23 77 73
20 24 69 41
20 25 62 52
20 26 56 52
20 27 17 19
20 28 66 49
20 29 65 45
20 30 44 45
20 31 3 29
20 32 98 61
20 33 41 69
20 34 80 76
20 35 54 52
20 36 70 84
20 37 74 52
20 38 30 34
20 39 65 62
20 40 15 18
20 41 24 55
20 42 33 21
20 43 83 83
20 44 77 58
21 22 21 45
21 23 21 33
21 24 18 33
21 25 59 69
21 26 82 45
21 27 0 37
21 28 57 48
21 29 28 16
21 30 7 27
21 31 72 37
21 32 92 60
21 33 30 25
21 34 41 58
21 35 45 29
21 36 5 13
21 37 88 54
21 38 39 66
21 39 61 67
21 40 52 74
21 41 56 49
21 42 51 35
21 43 93 77
21 44 52 53
22 23 2 39
22 24 74 82
22 25 33 42
22 26 94 50
22 27 83 66
22 28 32 35
22 29 26 41
22 30 41 70
22 31 0 21
22 32 24 55
22 33 33 60
22 34 85 47
22 35 63 36
22 36 68 62
22 37 56 56
22 38 58 69
22 39 80 82
22 40 94 66
22 41 94 91
22 42 9 49
22 43 82 44
22 44 57 69
23 24 39 24
23 25 19 12
23 26 34 62
23 27 46 46
23 28 8 44
23 29 76 76
23 30 2 37
23 31 77 80
23 32 56 57
23 33 41 59
23 34 6 42
23 35 86 62
23 36 76 50
23 37 58 62
23 38 66 34
23 39 27 52
23 40 81 63
23 41 29 21
23 42 95 77
23 43 12 36
23 44 67 42
24 25 22 42
24 26 45 53
24 27 94 56
24 28 26 34
24 29 23 25
24 30 79 83
24 31 88 48
24 32 61 68
24 33 79 78
24 34 99 57
24 35 62 73
24 36 87 57
24 37 8 48
24 38 72 41
24 39 89 71
24 40 34 37
24 41 11 16
24 42 95 50
24 43 46 38
24 44 2 12
25 26 71 83
25 27 40 63
25 28 85 79
25 29 63 43
25 30 43 66
25 31 51 72
25 32 69 80
25 33 25 47
25 34 16 51
25 35 55 50
25 36 8 30
25 37 98 51
25 38 70 39
25 39 20 22
25 40 72 62
25 41 53 75
25 42 39 21
25 43 21 58
25 44 60 46
26 27 33 61
26 28 42 22
26 29 48 63
26 30 39 69
26 31 23 35
26 32 72 74
26 33 76 77
26 34 70 53
26 35 65 63
26 36 56 43
26 37 91 72
26 38 71 82
26 39 67 74
26 40 22 38
26 41 19 16
26 42 23 40
26 43 78 62
26 44 34 32
27 28 62 33
27 29 87 67
27 30 27 52
27 31 35 31
27 32 21 14
27 33 83 83
27 34 91 87
27 35 66 68
27 36 80 41
27 37 87 64
27 38 26 37
27 39 19 45
27 40 26 58
27 41 82 44
27 42 28 24
27 43 14 46
27 44 80 83
28 29 49 46
28 30 92 78
28 31 87 48
28 32 3 2
28 33 5 27
28 34 51 58
28 35 31 16
28 36 17 12
28 37 76 76
28 38 32 36
28 39 3 15
28 40 14 18
28 41 43 34
28 42 24 55
28 43 21 39
28 44 21 56
29 30 52 43
29 31 48 47
29 32 32 40
29 33 87 49
29 34 4 2
29 35 49 53
29 36 3 31
29 37 53 58
29 38 25 27
29 39 38 43
29 40 19 59
29 41 50 47
29 42 59 55
29 43 61 61
29 44 37 32
30 31 37 65
30 32 53 34
30 33 72 42
30 34 99 73
30 35 38 57
30 36 42 60
30 37 42 47
30 38 53 29
30 39 54 36
30 40 77 53
30 41 24 21
30 42 10 7
30 43 79 82
30 44 54 72
31 32 59 60
31 33 13 9
31 34 69 61
31 35 77 83
31 36 69 55
31 37 32 64
31 38 71 61
31 39 34 25
31 40 26 36
31 41 98 63
31 42 78 59
31 43 2 17
31 44 92 46
32 33 96 70
32 34 76 42
32 35 92 77
32 36 83 42
32 37 86 48
32 38 54 42
32 39 60 41
32 40 3 19
32 41 21 31
32 42 58 35
32 43 56 55
32 44 67 55
33 34 48 62
33 35 76 47
33 36 74 60
33 37 53 32
33 38 92 60
33 39 47 25
33 40 76 73
33 41 92 50
33 42 66 52
33 43 76 73
33 44 91 82
34 35 43 56
34 36 5 31
34 37 10 18
34 38 86 58
34 39 31 48
34 40 23 24
34 41 66 64
34 42 52 64
34 43 76 50
34 44 17 33
35 36 65 64
35 37 4 21
35 38 20 54
35 39 67 63
35 40 5 24
35 41 37 64
35 42 86 57
35 43 10 48
35 44 64 38
36 37 18 16
36 38 19 37
36 39 44 33
36 40 68 56
36 41 44 60
36 42 64 50
36 43 77 57
36 44 59 32
37 38 2 24
37 39 74 86
37 40 50 52
37 41 22 14
37 42 34 25
37 43 90 87
37 44 1 35
38 39 55 50
38 40 83 61
38 41 8 24
38 42 98 81
38 43 4 26
38 44 3 3
39 40 13 30
39 41 99 59
39 42 67 36
39 43 35 28
39 44 72 83
40 41 82 41
40 42 3 44
40 43 23 26
40 44 52 73
41 42 54 74
41 43 48 51
41 44 54 68
42 43 16 31
42 44 3 41
43 44 59 69
