48
0 1 81 45
0 2 32 49
0 3 94 53
0 4 87 65
0 5 5 6
0 6 79 61
0 7 90 88
0 8 23 23
0 9 47 51
0 10 96 53
0 11 60 69
0 12 42 48
0 13 76 82
0 14 53 27
0 15 66 82
0 16 49 71
0 17 63 40
0 18 34 31
0 19 88 69
0 20 98 61
0 21 75 42
0 22 32 30
0 23 42 46
0 24 17 45
0 25 16 57
0 26 14 25
0 27 1 38
0 28 65 33
0 29 8 7
0 30 8 10
0 31 58 60
0 32 39 48
0 33 83 87
0 34 85 66
0 35 33 65
0 36 31 32
0 37 60 46
0 38 10 12
0 39 6 52
0 40 93 76
0 41 69 64
0 42 94 59
0 43 11 36
0 44 96 69
0 45 3 32
0 46 98 62
0 47 32 23
1 2 67 74
1 3 40 30
1 4 37 59
1 5 57 46
1 6 77 71
1 7 27 34
1 8 52 73
1 9 68 35
1 10 93 79
1 11 40 52
1 12 11 39
1 13 72 48
1 14 30 25
1 15 94 63
1 16 22 34
1 17 53 28
1 18 71 41
1 19 60 70
1 20 55 42
1 21 86 82
1 22 14 42
1 23 51 34
1 24 2 32
1 25 61 44
1 26 98 83
1 27 7 44
1 28 1 16
1 29 76 42
1 30 35 37
1 31 77 88
1 32 34 64
1 33 74 50
1 34 38 34
1 35 62 49
1 36 5 36
1 37 44 47
1 38 6 36
1 39 44 39
1 40 26 58
1 41 47 44
1 42 45 64
1 43 32 23
1 44 80 84
1 45 21 25
1 46 48 48
1 47 85 48
2 3 85 55
2 4 20 10
2 5 50 29
2 6 31 28
2 7 48 37
2 8 16 29
2 9 87 75
2 10 62 56
2 11 3 6
2 12 8 30
2 13 84 75
2 14 33 43
2 15 31 38
2 16 15 47
2 17 62 43
2 18 7 47
2 19 25 17
2 20 53 49
2 21 55 31
2 22 36 31
2 23 40 22
2 24 74 47
2 25 83 47
2 26 91 77
2 27 48 44
2 28 99 83
2 29 74 53
2 30 56 77
2 31 66 41
2 32 52 61
2 33 99 99
2 34 93 94
2 35 53 47
2 36 30 54
2 37 55 67
2 38 77 45
2 39 11 29
2 40 46 72
2 41 45 57
2 42 10 35
2 43 50 61
2 44 50 60
2 45 42 51
2 46 58 30
2 47 15 28
3 4 75 71
3 5 46 56
3 6 53 30
3 7 49 50
3 8 91 89
3 9 14 20
3 10 59 52
3 11 1 19
3 12 24 55
3 13 20 54
3 14 36 57
3 15 74 74
3 16 6 5
3 17 90 51
3 18 93 54
3 19 67 55
3 20 11 28
3 21 19 23
3 22 45 58
3 23 18 21
3 24 95 63
3 25 53 33
3 26 3 12
3 27 92 48
3 28 66 53
3 29 34 57
3 30 47 33
3 31 56 37
3 32 2 48
3 33 43 37
3 34 96 78
3 35 35 23
3 36 6 17
3 37 63 32
3 38 56 41
3 39 76 78
3 40 36 65
3 41 96 64
3 42 59 61
3 43 48 39
3 44 84 55
3 45 4 28
3 46 81 49
3 47 23 42
4 5 20 46
4 6 66 83
4 7 27 39
4 8 15 48
4 9 50 43
4 10 77 56
4 11 15 24
4 12 60 72
4 13 64 60
4 14 31 35
4 15 54 73
4 16 98 80
4 17 98 73
4 18 2 44
4 19 65 59
4 20 90 47
4 21 20 21
4 22 53 45
4 23 22 55
4 24 35 55
4 25 56 41
4 26 40 47
4 27 65 81
4 28 66 58
4 29 41 32
4 30 49 71
4 31 38 35
4 32 93 82
4 33 17 37
4 34 91 75
4 35 41 65
4 36 87 77
4 37 94 49
4 38 91 58
4 39 91 88
4 40 46 69
4 41 33 36
4 42 67 61
4 43 10 25
4 44 24 53
4 45 43 63
4 46 21 33
4 47 56 57
5 6 47 25
5 7 96 74
5 8 68 41
5 9 54 71
5 10 75 44
5 11 84 89
5 12 2 2
5 13 67 69
5 14 33 62
5 15 42 43
5 16 59 46
5 17 50 38
5 18 57 55
5 19 30 39
5 20 7 13
5 21 81 57
5 22 71 53
5 23 67 76
5 24 12 23
5 25 93 83
5 26 4 30
5 27 38 62
5 28 84 66
5 29 91 49
5 30 91 82
5 31 53 29
5 32 87 60
5 33 17 46
5 34 88 93
5 35 19 13
5 36 68 50
5 37 81 56
5 38 55 76
5 39 57 74
5 40 43 27
5 41 89 83
5 42 77 63
5 43 12 26
5 44 61 67
5 45 58 71
5 46 45 72
5 47 82 82
6 7 19 31
6 8 14 18
6 9 97 51
6 10 74 43
6 11 29 26
6 12 31 51
6 13 51 56
6 14 99 80
6 15 70 83
6 16 69 70
6 17 33 29
6 18 48 45
6 19 4 21
6 20 93 66
6 21 69 83
6 22 20 14
6 23 62 64
6 24 86 78
6 25 9 53
6 26 3 33
6 27 47 27
6 28 98 61
6 29 13 36
6 30 36 28
6 31 56 60
6 32 51 58
6 33 35 63
6 34 67 67
6 35 8 43
6 36 1 13
6 37 30 59
6 38 12 44
6 39 64 64
6 40 82 67
6 41 41 33
6 42 69 62
6 43 99 65
6 44 81 78
6 45 16 15
6 46 74 37
6 47 24 54
7 8 0 14
7 9 50 43
7 10 80 53
7 11 84 73
7 12 30 53
7 13 40 50
7 14 76 50
7 15 25 60
7 16 96 64
7 17 93 73
7 18 63 33
7 19 4 16
7 20 30 59
7 21 78 76
7 22 3 50
7 23 58 45
7 24 78 49
7 25 30 40
7 26 24 32
7 27 59 40
7 28 67 35
7 29 61 77
7 30 5 42
7 31 82 62
7 32 32 66
7 33 26 44
7 34 63 63
7 35 23 22
7 36 25 17
7 37 41 70
7 38 97 93
7 39 93 87
7 40 79 85
7 41 37 24
7 42 50 31
7 43 50 42
7 44 76 79
7 45 5 19
7 46 61 50
7 47 42 28
8 9 41 67
8 10 20 18
8 11 85 54
8 12 66 53
8 13 42 50
8 14 16 43
8 15 46 40
8 16 12 42
8 17 44 67
8 18 65 73
8 19 36 32
8 20 24 33
8 21 90 86
8 22 41 32
8 23 58 31
8 24 74 42
8 25 16 22
8 26 47 44
8 27 91 82
8 28 74 56
8 29 37 53
8 30 78 45
8 31 91 46
8 32 54 31
8 33 6 31
8 34 96 58
8 35 75 49
8 36 20 49
8 37 35 44
8 38 83 61
8 39 5 46
8 40 44 59
8 41 19 31
8 42 15 37
8 43 99 52
8 44 12 38
8 45 71 82
8 46 24 59
8 47 81 87
9 10 88 55
9 11 10 14
9 12 83 54
9 13 31 33
9 14 45 63
9 15 66 57
9 16 53 61
9 17 80 78
9 18 64 36
9 19 53 38
9 20 38 45
9 21 94 56
9 22 57 38
9 23 8 50
9 24 38 39
9 25 1 39
9 26 4 27
9 27 43 52
9 28 95 56
9 29 79 87
9 30 32 39
9 31 36 35
9 32 97 83
9 33 59 75
9 34 42 63
9 35 61 61
9 36 16 26
9 37 18 30
9 38 39 28
9 39 4 45
9 40 95 76
9 41 0 12
9 42 30 28
9 43 70 47
9 44 51 74
9 45 19 44
9 46 40 67
9 47 68 78
10 11 82 49
10 12 48 57
10 13 19 42
10 14 33 58
10 15 85 92
10 16 33 19
10 17 86 62
10 18 81 71
10 19 20 43
10 20 8 45
10 21 87 60
10 22 54 54
10 23 87 48
10 24 19 21
10 25 85 81
10 26 83 73
10 27 73 49
10 28 98 97
10 29 19 54
10 30 53 59
10 31 18 17
10 32 53 64
10 33 63 69
10 34 43 68
10 35 95 70
10 36 48 32
10 37 73 60
10 38 23 44
10 39 17 52
10 40 96 65
10 41 27 21
10 42 94 55
10 43 44 59
10 44 96 85
10 45 84 76
10 46 93 74
10 47 59 68
11 12 66 83
11 13 97 89
11 14 73 41
11 15 2 22
11 16 72 62
11 17 38 58
11 18 87 55
11 19 39 55
11 20 77 84
11 21 87 93
11 22 43 38
11 23 43 24
11 24 6 18
11 25 87 64
11 26 4 50
11 27 9 27
11 28 67 52
11 29 20 41
11 30 64 53
11 31 47 66
11 32 44 68
11 33 78 64
11 34 66 81
11 35 6 6
11 36 26 25
11 37 19 48
11 38 30 51
11 39 55 33
11 40 79 86
11 41 96 52
11 42 65 51
11 43 52 52
11 44 55 28
11 45 48 30
11 46 34 27
11 47 84 80
12 13 39 41
12 14 86 45
12 15 64 66
12 16 51 58
12 17 34 25
12 18 57 74
12 19 64 73
12 20 62 43
12 21 38 27
12 22 97 74
12 23 49 33
12 24 61 77
12 25 53 73
12 26 90 90
12 27 20 45
12 28 87 82
12 29 69 65
12 30 33 30
12 31 85 44
12 32 53 44
12 33 55 50
12 34 21 18
12 35 6 3
12 36 91 51
12 37 73 39
12 38 16 48
12 39 72 85
12 40 97 49
12 41 39 54
12 42 33 59
12 43 64 71
12 44 71 59
12 45 41 47
12 46 39 20
12 47 16 35
13 14 7 30
13 15 69 78
13 16 68 40
13 17 66 74
13 18 2 25
13 19 74 62
13 20 32 36
13 21 36 32
13 22 42 31
13 23 39 33
13 24 48 36
13 25 57 45
13 26 33 43
13 27 10 25
13 28 75 80
13 29 80 86
13 30 81 48
13 31 0 49
13 32 42 30
13 33 0 36
13 34 47 40
13 35 0 48
13 36 30 45
13 37 37 47
13 38 58 50
13 39 29 61
13 40 14 9
13 41 84 58
13 42 81 70
13 43 43 35
13 44 87 72
13 45 21 47
13 46 14 35
13 47 36 64
14 15 53 60
14 16 68 42
14 17 55 72
14 18 48 72
14 19 83 78
14 20 3 26
14 21 46 49
14 22 63 58
14 23 10 40
14 24 21 38
14 25 6 17
14 26 42 45
14 27 8 10
14 28 87 59
14 29 78 45
14 30 24 22
14 31 25 30
14 32 29 34
14 33 36 50
14 34 78 82
14 35 90 52
14 36 32 50
14 37 33 27
14 38 9 36
14 39 44 67
14 40 20 26
14 41 79 54
14 42 9 28
14 43 31 20
14 44 61 35
14 45 35 21
14 46 6 19
14 47 42 69
15 16 0 33
15 17 26 24
15 18 6 27
15 19 43 28
15 20 82 47
15 21 88 66
15 22 70 53
15 23 51 59
15 24 38 25
15 25 72 49
15 26 63 49
15 27 97 87
15 28 53 52
15 29 55 45
15 30 29 56
15 31 3 35
15 32 15 16
15 33 43 54
15 34 77 64
15 35 50 46
15 36 96 80
15 37 24 19
15 38 79 59
15 39 82 63
15 40 12 10
15 41 79 76
15 42 14 52
15 43 78 81
15 44 7 51
15 45 8 7
15 46 24 48
15 47 53 51
16 17 25 40
16 18 44 66
16 19 55 34
16 20 41 63
16 21 89 48
16 22 70 50
16 23 37 25
16 24 28 24
16 25 15 43
16 26 61 43
16 27 63 48
16 28 75 62
16 29 54 31
16 30 27 28
16 31 98 70
16 32 82 49
16 33 23 29
16 34 99 99
16 35 60 32
16 36 2 16
16 37 50 46
16 38 83 58
16 39 83 67
16 40 64 61
16 41 5 33
16 42 20 59
16 43 88 71
16 44 17 20
16 45 15 34
16 46 7 35
16 47 47 50
17 18 61 39
17 19 91 89
17 20 96 76
17 21 15 20
17 22 37 26
17 23 34 45
17 24 44 34
17 25 95 58
17 26 2 41
17 27 27 42
17 28 34 55
17 29 97 92
17 30 72 46
17 31 85 54
17 32 35 58
17 33 4 10
17 34 15 53
17 35 68 55
17 36 24 22
17 37 84 55
17 38 99 50
17 39 52 41
17 40 26 18
17 41 86 60
17 42 38 49
17 43 1 13
17 44 66 63
17 45 48 70
17 46 63 42
17 47 20 21
18 19 67 37
18 20 64 60
18 21 3 22
18 22 81 66
18 23 13 38
18 24 36 56
18 25 86 91
18 26 6 27
18 27 93 62
18 28 50 35
18 29 4 8
18 30 89 58
18 31 4 37
18 32 20 28
18 33 23 48
18 34 49 32
18 35 1 40
18 36 96 49
18 37 1 1
18 38 40 50
18 39 98 76
18 40 74 77
18 41 20 40
18 42 62 70
18 43 87 66
18 44 34 17
18 45 3 8
18 46 62 42
18 47 58 46
19 20 55 66
19 21 74 84
19 22 83 68
19 23 46 40
19 24 65 76
19 25 23 25
19 26 32 25
19 27 31 19
19 28 4 2
19 29 58 58
19 30 89 50
19 31 45 39
19 32 31 56
19 33 38 48
19 34 70 52
19 35 47 56
19 36 92 88
19 37 54 55
19 38 37 47
19 39 36 62
19 40 52 74
19 41 27 60
19 42 59 70
19 43 23 16
19 44 40 27
19 45 71 40
19 46 4 33
19 47 75 87
20 21 86 87
20 22 1 28
20 23 76 53
20 24 69 56
20 25 54 48
20 26 15 18
20 27 98 92
20 28 68 51
20 29 48 70
20 30 71 83
20 31 69 68
20 32 45 42
20 33 58 67
20 34 98 70
20 35 10 20
20 36 26 17
20 37 84 49
20 38 56 46
20 39 88 46
20 40 72 54
20 41 64 44
20 42 1 6
20 43 19 54
20 44 72 74
20 45 87 88
20 46 24 42
20 47 8 45
21 22 78 82
21 23 6 20
21 24 95 57
21 25 23 21
21 26 75 61
21 27 53 53
21 28 32 38
21 29 85 61
21 30 64 41
21 31 86 47
21 32 50 65
21 33 23 29
21 34 56 36
21 35 18 51
21 36 80 46
21 37 87 43
21 38 96 97
21 39 8 9
21 40 31 62
21 41 92 70
21 42 75 38
21 43 38 43
21 44 66 33
21 45 34 46
21 46 5 31
21 47 80 48
22 23 79 52
22 24 74 65
22 25 52 39
22 26 39 28
22 27 42 54
22 28 41 52
22 29 42 65
22 30 40 55
22 31 59 31
22 32 74 55
22 33 39 59
22 34 86 43
22 35 1 43
22 36 48 40
22 37 14 13
22 38 48 62
22 39 75 38
22 40 51 31
22 41 95 88
22 42 86 75
22 43 13 14
22 44 72 83
22 45 71 75
22 46 42 29
22 47 77 69
23 24 52 55
23 25 6 40
23 26 4 20
23 27 81 80
23 28 43 29
23 29 69 64
23 30 40 58
23 31 28 16
23 32 88 87
23 33 56 72
23 34 77 57
23 35 91 58
23 36 41 39
23 37 67 83
23 38 27 24
23 39 96 80
23 40 13 50
23 41 66 81
23 42 56 40
23 43 32 64
23 44 8 49
23 45 33 61
23 46 82 86
23 47 8 13
24 25 6 6
24 26 63 78
24 27 93 66
24 28 68 80
24 29 60 45
24 30 12 19
24 31 3 35
24 32 85 71
24 33 63 66
24 34 44 53
24 35 6 38
24 36 95 60
24 37 80 84
24 38 1 42
24 39 88 72
24 40 27 62
24 41 76 41
24 42 13 29
24 43 28 35
24 44 65 50
24 45 89 57
24 46 28 47
24 47 78 67
25 26 52 36
25 27 18 50
25 28 33 20
25 29 29 42
25 30 15 28
25 31 25 59
25 32 40 46
25 33 70 53
25 34 21 47
25 35 56 41
25 36 69 71
25 37 28 48
25 38 94 85
25 39 79 52
25 40 87 83
25 41 4 50
25 42 93 48
25 43 98 52
25 44 26 38
25 45 73 61
25 46 19 22
25 47 68 64
26 27 7 33
26 28 62 43
26 29 12 31
26 30 68 77
26 31 61 77
26 32 55 34
26 33 39 25
26 34 43 36
26 35 43 29
26 36 94 79
26 37 13 52
26 38 34 38
26 39 87 78
26 40 88 85
26 41 63 36
26 42 51 26
26 43 24 47
26 44 2 12
26 45 43 23
26 46 14 56
26 47 45 45
27 28 29 60
27 29 45 65
27 30 82 60
27 31 45 58
27 32 26 34
27 33 23 43
27 34 64 37
27 35 21 55
27 36 13 49
27 37 11 49
27 38 20 39
27 39 3 38
27 40 73 77
27 41 99 85
27 42 41 26
27 43 54 43
27 44 79 41
27 45 59 79
27 46 37 39
27 47 8 9
28 29 86 50
28 30 4 29
28 31 51 57
28 32 15 9
28 33 61 33
28 34 38 44
28 35 72 82
28 36 67 79
28 37 64 57
28 38 80 58
28 39 58 35
28 40 28 33
28 41 36 55
28 42 65 74
28 43 59 46
28 44 46 60
28 45 48 36
28 46 31 42
28 47 16 33
29 30 16 31
29 31 43 22
29 32 16 10
29 33 39 35
29 34 86 68
29 35 55 59
29 36 88 91
29 37 40 39
29 38 90 76
29 39 97 50
29 40 0 14
29 41 7 40
29 42 4 6
29 43 97 59
29 44 36 66
29 45 38 21
29 46 64 49
29 47 52 57
30 31 76 74
30 32 2 47
30 33 96 84
30 34 38 55
30 35 86 53
30 36 70 64
30 37 26 22
30 38 19 49
30 39 8 41
30 40 40 64
30 41 64 33
30 42 12 28
30 43 99 81
30 44 42 32
30 45 86 47
30 46 47 46
30 47 65 75
31 32 25 19
31 33 84 57
31 34 32 26
31 35 7 41
31 36 2 37
31 37 14 41
31 38 43 29
31 39 97 51
31 40 80 84
31 41 89 92
31 42 62 50
31 43 35 59
31 44 74 49
31 45 30 16
31 46 80 79
31 47 27 34
32 33 66 62
32 34 36 44
32 35 24 26
32 36 0 14
32 37 91 52
32 38 15 11
32 39 81 58
32 40 30 20
32 41 27 47
32 42 83 67
32 43 99 70
32 44 17 27
32 45 23 40
32 46 66 34
32 47 10 39
33 34 82 69
33 35 65 73
33 36 92 59
33 37 72 58
33 38 6 3
33 39 9 15
33 40 25 50
33 41 50 33
33 42 65 79
33 43 59 31
33 44 96 68
33 45 9 36
33 46 74 77
33 47 21 41
34 35 30 58
34 36 30 44
34 37 86 88
34 38 36 26
34 39 4 32
34 40 90 48
34 41 85 76
34 42 5 39
34 43 30 53
34 44 91 64
34 45 16 30
34 46 86 69
34 47 3 21
35 36 84 89
35 37 52 45
35 38 74 57
35 39 61 57
35 40 94 73
35 41 40 25
35 42 91 52
35 43 19 9
35 44 30 53
35 45 34 17
35 46 56 72
35 47 46 32
36 37 69 68
36 38 87 45
36 39 94 86
36 40 0 12
36 41 79 74
36 42 54 41
36 43 53 44
36 44 8 35
36 45 6 27
36 46 83 58
36 47 44 56
37 38 78 65
37 39 71 44
37 40 27 55
37 41 79 49
37 42 17 15
37 43 58 57
37 44 88 46
37 45 12 25
37 46 13 32
37 47 46 35
38 39 84 45
38 40 88 64
38 41 53 39
38 42 19 48
38 43 78 69
38 44 49 59
38 45 63 40
38 46 54 27
38 47 77 67
39 40 79 45
39 41 31 36
39 42 17 27
39 43 34 58
39 44 81 45
39 45 38 40
39 46 59 52
39 47 98 51
40 41 64 78
40 42 63 79
40 43 79 75
40 44 56 32
40 45 72 59
40 46 98 96
40 47 62 77
41 42 44 62
41 43 61 77
41 44 70 40
41 45 61 49
41 46 44 35
41 47 35 30
42 43 79 85
42 44 62 47
42 45 70 55
42 46 57 31
42 47 42 23
43 44 4 42
43 45 93 65
43 46 73 48
43 47 97 85
44 45 44 52
44 46 93 59
44 47 75 75
45 46 8 42
45 47 26 42
46 47 13 38
