50
0 1 73 55
0 2 9 12
0 3 38 86
0 4 70 43
0 5 14 31
0 6 12 15
0 7 16 3
0 8 93 59
0 9 86 40
0 10 71 54
0 11 54 68
0 12 56 80
0 13 28 67
0 14 27 32
0 15 54 51
0 16 83 60
0 17 51 49
0 18 50 26
0 19 51 72
0 20 93 75
0 21 94 19
0 22 40 20
0 23 12 72
0 24 66 33
0 25 97 76
0 26 98 77
0 27 8 15
0 28 10 73
0 29 69 85
0 30 26 24
0 31 67 21
0 32 66 28
0 33 34 17
0 34 8 36
0 35 58 53
0 36 0 7
0 37 46 45
0 38 11 7
0 39 90 51
0 40 70 70
0 41 22 21
0 42 1 46
0 43 63 87
0 44 37 37
0 45 49 26
0 46 54 87
0 47 36 60
0 48 45 15
0 49 32 48
1 2 48 71
1 3 88 84
1 4 46 29
1 5 62 78
1 6 49 85
1 7 74 25
1 8 32 24
1 9 24 79
1 10 57 62
1 11 42 72
1 12 48 75
1 13 1 4
1 14 69 47
1 15 19 40
1 16 84 41
1 17 74 61
1 18 46 29
1 19 3 32
1 20 89 43
1 21 17 10
1 22 77 24
1 23 40 23
1 24 29 83
1 25 46 84
1 26 55 38
1 27 93 78
1 28 9 1
1 29 59 21
1 30 79 59
1 31 14 76
1 32 96 55
1 33 74 68
1 34 36 35
1 35 29 63
1 36 16 25
1 37 47 56
1 38 96 74
1 39 96 35
1 40 71 25
1 41 80 55
1 42 64 49
1 43 73 77
1 44 7 54
1 45 38 70
1 46 83 71
1 47 27 41
1 48 44 85
1 49 81 69
2 3 41 70
2 4 13 79
2 5 15 52
2 6 24 57
2 7 80 26
2 8 12 23
2 9 69 68
2 10 6 70
2 11 15 45
2 12 6 27
2 13 40 62
2 14 95 65
2 15 87 32
2 16 11 9
2 17 43 52
2 18 18 13
2 19 65 43
2 20 1 39
2 21 73 63
2 22 78 65
2 23 13 15
2 24 48 59
2 25 65 14
2 26 29 83
2 27 11 14
2 28 21 20
2 29 97 67
2 30 22 10
2 31 23 71
2 32 45 70
2 33 69 21
2 34 36 45
2 35 60 57
2 36 57 66
2 37 50 49
2 38 20 78
2 39 80 42
2 40 0 74
2 41 85 60
2 42 50 45
2 43 4 30
2 44 84 21
2 45 88 50
2 46 3 9
2 47 39 67
2 48 42 32
2 49 28 57
3 4 64 36
3 5 49 18
3 6 58 75
3 7 68 57
3 8 94 97
3 9 83 38
3 10 2 61
3 11 80 59
3 12 27 79
3 13 67 70
3 14 96 58
3 15 38 65
3 16 15 27
3 17 74 69
3 18 84 49
3 19 82 19
3 20 28 72
3 21 79 88
3 22 87 72
3 23 72 64
3 24 15 72
3 25 16 13
3 26 60 39
3 27 99 82
3 28 35 16
3 29 55 83
3 30 46 13
3 31 12 12
3 32 94 94
3 33 32 17
3 34 56 71
3 35 31 73
3 36 4 41
3 37 35 50
3 38 92 58
3 39 70 84
3 40 52 82
3 41 41 23
3 42 16 30
3 43 6 71
3 44 79 69
3 45 29 49
3 46 97 77
3 47 98 92
3 48 7 62
3 49 8 10
4 5 83 77
4 6 62 38
4 7 24 38
4 8 56 62
4 9 31 85
4 10 65 92
4 11 74 53
4 12 20 61
4 13 1 71
4 14 53 83
4 15 32 30
4 16 82 71
4 17 19 22
4 18 34 76
4 19 62 22
4 20 59 53
4 21 57 38
4 22 60 75
4 23 4 3
4 24 82 70
4 25 64 28
4 26 4 61
4 27 41 73
4 28 94 45
4 29 67 67
4 30 41 48
4 31 46 32
4 32 79 56
4 33 39 22
4 34 32 78
4 35 68 42
4 36 30 22
4 37 81 52
4 38 45 11
4 39 79 72
4 40 13 62
4 41 14 37
4 42 55 66
4 43 58 79
4 44 22 12
4 45 2 63
4 46 31 60
4 47 91 34
4 48 0 9
4 49 95 83
5 6 37 12
5 7 87 81
5 8 1 45
5 9 41 49
5 10 9 31
5 11 89 49
5 12 45 66
5 13 82 36
5 14 41 48
5 15 17 55
5 16 77 85
5 17 64 66
5 18 23 25
5 19 35 55
5 20 38 41
5 21 66 58
5 22 86 40
5 23 29 20
5 24 79 21
5 25 79 56
5 26 9 64
5 27 83 17
5 28 16 60
5 29 64 64
5 30 84 66
5 31 99 56
5 32 12 57
5 33 54 71
5 34 17 45
5 35 2 9
5 36 4 51
5 37 61 68
5 38 60 83
5 39 4 20
5 40 33 71
5 41 56 67
5 42 65 55
5 43 3 80
5 44 55 22
5 45 61 42
5 46 39 82
5 47 66 66
5 48 6 79
5 49 85 65
6 7 36 60
6 8 99 77
6 9 40 74
6 10 45 67
6 11 45 65
6 12 17 28
6 13 41 32
6 14 28 44
6 15 60 41
6 16 55 29
6 17 76 49
6 18 10 55
6 19 54 44
6 20 21 45
6 21 65 35
6 22 6 60
6 23 43 84
6 24 83 17
6 25 85 62
6 26 11 47
6 27 65 72
6 28 80 22
6 29 13 17
6 30 28 79
6 31 31 25
6 32 75 69
6 33 22 69
6 34 11 34
6 35 8 55
6 36 21 46
6 37 33 25
6 38 83 52
6 39 68 44
6 40 30 68
6 41 14 64
6 42 65 29
6 43 2 43
6 44 65 36
6 45 83 33
6 46 17 8
6 47 22 11
6 48 74 78
6 49 84 76
7 8 7 68
7 9 62 59
7 10 17 26
7 11 77 91
7 12 86 38
7 13 26 39
7 14 85 57
7 15 73 63
7 16 56 62
7 17 15 43
7 18 64 51
7 19 32 38
7 20 49 48
7 21 92 94
7 22 81 40
7 23 28 15
7 24 41 58
7 25 42 48
7 26 65 72
7 27 93 91
7 28 94 68
7 29 98 70
7 30 19 63
7 31 23 25
7 32 12 56
7 33 52 69
7 34 27 28
7 35 53 56
7 36 54 66
7 37 3 7
7 38 86 21
7 39 10 30
7 40 38 40
7 41 88 97
7 42 37 22
7 43 71 33
7 44 17 10
7 45 60 75
7 46 74 15
7 47 14 56
7 48 96 84
7 49 85 21
8 9 13 57
8 10 31 48
8 11 30 10
8 12 91 67
8 13 42 83
8 14 26 44
8 15 84 86
8 16 84 37
8 17 17 47
8 18 80 23
8 19 70 91
8 20 6 4
8 21 12 53
8 22 0 54
8 23 24 20
8 24 10 23
8 25 12 44
8 26 86 88
8 27 35 27
8 28 45 50
8 29 27 74
8 30 19 14
8 31 11 40
8 32 39 37
8 33 75 17
8 34 35 13
8 35 81 31
8 36 85 66
8 37 63 52
8 38 11 66
8 39 15 6
8 40 88 46
8 41 61 83
8 42 66 42
8 43 93 59
8 44 85 91
8 45 70 20
8 46 32 19
8 47 55 16
8 48 56 71
8 49 17 60
9 10 8 20
9 11 36 78
9 12 14 27
9 13 42 79
9 14 43 69
9 15 30 43
9 16 13 61
9 17 80 34
9 18 67 25
9 19 17 44
9 20 60 43
9 21 13 40
9 22 90 79
9 23 30 8
9 24 8 33
9 25 60 44
9 26 67 73
9 27 15 57
9 28 68 84
9 29 38 62
9 30 40 45
9 31 62 56
9 32 66 41
9 33 19 80
9 34 13 81
9 35 34 33
9 36 54 17
9 37 4 35
9 38 39 52
9 39 17 54
9 40 54 50
9 41 60 15
9 42 71 25
9 43 2 7
9 44 94 58
9 45 92 90
9 46 26 35
9 47 10 7
9 48 23 38
9 49 34 14
10 11 61 16
10 12 63 28
10 13 55 12
10 14 26 66
10 15 8 32
10 16 8 30
10 17 87 92
10 18 12 62
10 19 97 80
10 20 12 13
10 21 95 40
10 22 84 24
10 23 44 83
10 24 41 86
10 25 94 19
10 26 17 5
10 27 44 42
10 28 31 66
10 29 80 58
10 30 32 85
10 31 4 61
10 32 50 23
10 33 31 61
10 34 18 58
10 35 14 60
10 36 13 66
10 37 7 16
10 38 24 76
10 39 74 91
10 40 80 63
10 41 78 40
10 42 29 28
10 43 96 97
10 44 35 12
10 45 73 25
10 46 17 13
10 47 78 46
10 48 41 47
10 49 20 19
11 12 12 20
11 13 30 25
11 14 69 14
11 15 14 73
11 16 8 71
11 17 94 93
11 18 66 48
11 19 41 29
11 20 64 54
11 21 66 68
11 22 27 66
11 23 81 74
11 24 32 19
11 25 30 11
11 26 7 57
11 27 81 83
11 28 68 59
11 29 81 40
11 30 28 43
11 31 33 83
11 32 71 91
11 33 23 35
11 34 68 43
11 35 34 31
11 36 20 69
11 37 61 19
11 38 30 72
11 39 45 11
11 40 85 90
11 41 91 74
11 42 84 66
11 43 77 92
11 44 1 3
11 45 26 53
11 46 66 76
11 47 29 14
11 48 10 16
11 49 76 41
12 13 69 66
12 14 53 74
12 15 93 34
12 16 19 9
12 17 11 10
12 18 2 37
12 19 23 22
12 20 82 30
12 21 59 49
12 22 24 8
12 23 57 75
12 24 87 48
12 25 48 76
12 26 9 78
12 27 96 65
12 28 75 81
12 29 82 22
12 30 38 60
12 31 3 5
12 32 8 50
12 33 98 69
12 34 59 18
12 35 81 69
12 36 49 48
12 37 40 14
12 38 56 23
12 39 23 14
12 40 8 15
12 41 39 41
12 42 27 9
12 43 49 41
12 44 74 39
12 45 57 48
12 46 90 91
12 47 94 81
12 48 80 58
12 49 49 64
13 14 25 42
13 15 92 26
13 16 8 17
13 17 97 43
13 18 17 12
13 19 57 91
13 20 64 80
13 21 48 17
13 22 5 60
13 23 11 58
13 24 48 65
13 25 54 19
13 26 33 64
13 27 93 35
13 28 32 27
13 29 11 80
13 30 11 55
13 31 81 82
13 32 62 83
13 33 11 57
13 34 51 39
13 35 90 60
13 36 68 91
13 37 11 73
13 38 69 21
13 39 17 60
13 40 12 15
13 41 44 65
13 42 9 50
13 43 86 52
13 44 25 65
13 45 52 31
13 46 58 81
13 47 52 88
13 48 31 66
13 49 13 36
14 15 56 88
14 16 23 24
14 17 65 24
14 18 86 59
14 19 98 94
14 20 50 74
14 21 96 61
14 22 71 77
14 23 67 20
14 24 18 52
14 25 34 16
14 26 28 15
14 27 80 22
14 28 52 18
14 29 57 51
14 30 45 19
14 31 7 44
14 32 11 79
14 33 69 57
14 34 51 65
14 35 74 64
14 36 51 36
14 37 27 41
14 38 12 71
14 39 91 71
14 40 92 40
14 41 67 32
14 42 74 67
14 43 66 21
14 44 74 72
14 45 13 60
14 46 37 76
14 47 73 87
14 48 84 40
14 49 57 27
15 16 91 48
15 17 36 9
15 18 88 26
15 19 21 56
15 20 0 53
15 21 44 43
15 22 89 75
15 23 61 52
15 24 42 77
15 25 84 70
15 26 44 13
15 27 68 57
15 28 63 50
15 29 40 75
15 30 70 52
15 31 4 62
15 32 17 26
15 33 60 51
15 34 62 33
15 35 33 27
15 36 67 70
15 37 55 79
15 38 65 88
15 39 70 42
15 40 38 75
15 41 42 69
15 42 96 48
15 43 38 22
15 44 40 64
15 45 87 58
15 46 36 51
15 47 79 89
15 48 50 40
15 49 40 49
16 17 69 31
16 18 38 52
16 19 92 24
16 20 19 36
16 21 81 50
16 22 21 26
16 23 23 27
16 24 33 85
16 25 18 49
16 26 43 46
16 27 47 36
16 28 2 39
16 29 13 70
16 30 97 89
16 31 15 34
16 32 30 67
16 33 76 45
16 34 19 72
16 35 15 72
16 36 31 51
16 37 36 38
16 38 69 81
16 39 72 50
16 40 42 20
16 41 17 47
16 42 38 19
16 43 93 81
16 44 17 13
16 45 89 52
16 46 62 90
16 47 74 64
16 48 95 80
16 49 65 13
17 18 75 71
17 19 44 9
17 20 54 15
17 21 25 66
17 22 82 41
17 23 58 36
17 24 72 81
17 25 66 67
17 26 90 29
17 27 44 81
17 28 43 35
17 29 84 55
17 30 83 52
17 31 71 49
17 32 24 32
17 33 60 36
17 34 97 64
17 35 65 75
17 36 1 1
17 37 74 53
17 38 55 17
17 39 88 53
17 40 91 94
17 41 3 2
17 42 16 77
17 43 47 62
17 44 88 77
17 45 99 74
17 46 55 56
17 47 52 63
17 48 55 89
17 49 40 30
18 19 50 80
18 20 41 16
18 21 37 50
18 22 22 6
18 23 53 17
18 24 4 54
18 25 40 83
18 26 53 44
18 27 86 57
18 28 82 85
18 29 27 60
18 30 4 38
18 31 84 92
18 32 92 50
18 33 88 73
18 34 70 30
18 35 4 27
18 36 93 33
18 37 9 23
18 38 9 14
18 39 82 73
18 40 19 66
18 41 24 48
18 42 13 76
18 43 32 41
18 44 72 36
18 45 31 39
18 46 65 71
18 47 27 68
18 48 72 32
18 49 40 79
19 20 83 54
19 21 39 40
19 22 49 59
19 23 32 39
19 24 44 16
19 25 89 37
19 26 7 46
19 27 52 17
19 28 10 16
19 29 64 64
19 30 42 53
19 31 48 41
19 32 67 37
19 33 91 96
19 34 8 50
19 35 90 26
19 36 40 49
19 37 52 72
19 38 36 78
19 39 0 57
19 40 28 9
19 41 40 79
19 42 59 45
19 43 0 6
19 44 95 19
19 45 16 44
19 46 95 54
19 47 98 89
19 48 52 31
19 49 29 11
20 21 72 81
20 22 62 90
20 23 40 11
20 24 56 83
20 25 41 79
20 26 40 73
20 27 42 11
20 28 54 22
20 29 30 10
20 30 78 53
20 31 64 73
20 32 31 61
20 33 27 79
20 34 19 31
20 35 99 30
20 36 76 68
20 37 41 13
20 38 33 61
20 39 5 58
20 40 94 89
20 41 0 73
20 42 51 29
20 43 89 33
20 44 73 65
20 45 4 54
20 46 78 88
20 47 9 70
20 48 95 65
20 49 33 10
21 22 76 72
21 23 52 74
21 24 35 50
21 25 86 91
21 26 48 82
21 27 75 86
21 28 10 22
21 29 91 32
21 30 63 57
21 31 78 81
21 32 68 58
21 33 10 17
21 34 71 30
21 35 80 76
21 36 66 58
21 37 47 82
21 38 25 56
21 39 75 88
21 40 39 62
21 41 50 41
21 42 15 9
21 43 28 6
21 44 88 38
21 45 49 83
21 46 99 32
21 47 12 54
21 48 94 58
21 49 21 69
22 23 5 5
22 24 40 10
22 25 61 25
22 26 44 28
22 27 41 45
22 28 89 41
22 29 72 72
22 30 41 11
22 31 71 81
22 32 71 61
22 33 34 43
22 34 24 24
22 35 18 41
22 36 85 20
22 37 36 21
22 38 42 82
22 39 84 53
22 40 27 62
22 41 21 16
22 42 89 49
22 43 8 10
22 44 17 13
22 45 67 66
22 46 73 69
22 47 63 85
22 48 26 51
22 49 12 51
23 24 19 72
23 25 61 88
23 26 31 13
23 27 53 54
23 28 30 70
23 29 4 29
23 30 37 80
23 31 72 84
23 32 53 47
23 33 68 43
23 34 90 86
23 35 61 66
23 36 52 13
23 37 35 70
23 38 44 65
23 39 4 77
23 40 33 53
23 41 16 44
23 42 90 51
23 43 97 77
23 44 22 80
23 45 92 97
23 46 28 30
23 47 20 55
23 48 78 76
23 49 19 75
24 25 11 59
24 26 26 77
24 27 30 74
24 28 47 37
24 29 91 90
24 30 82 19
24 31 79 78
24 32 16 66
24 33 46 48
24 34 98 79
24 35 77 42
24 36 20 56
24 37 0 31
24 38 71 50
24 39 1 32
24 40 82 65
24 41 75 34
24 42 32 45
24 43 89 71
24 44 90 91
24 45 40 30
24 46 72 41
24 47 2 60
24 48 23 38
24 49 32 75
25 26 51 45
25 27 73 41
25 28 25 73
25 29 28 24
25 30 61 66
25 31 44 11
25 32 88 87
25 33 19 65
25 34 69 56
25 35 84 33
25 36 57 13
25 37 70 51
25 38 4 60
25 39 74 88
25 40 27 48
25 41 62 80
25 42 57 48
25 43 31 64
25 44 85 53
25 45 91 60
25 46 51 71
25 47 46 20
25 48 53 57
25 49 3 77
26 27 86 46
26 28 93 61
26 29 64 83
26 30 71 80
26 31 18 34
26 32 27 19
26 33 32 73
26 34 84 41
26 35 57 46
26 36 75 80
26 37 67 37
26 38 95 90
26 39 3 10
26 40 80 54
26 41 45 55
26 42 69 45
26 43 35 16
26 44 1 72
26 45 39 62
26 46 52 12
26 47 14 27
26 48 54 19
26 49 33 79
27 28 8 18
27 29 11 21
27 30 28 15
27 31 49 61
27 32 26 72
27 33 6 16
27 34 42 34
27 35 36 18
27 36 76 52
27 37 55 33
27 38 38 23
27 39 97 68
27 40 51 28
27 41 25 36
27 42 54 14
27 43 21 4
27 44 84 81
27 45 18 58
27 46 91 31
27 47 97 71
27 48 40 49
27 49 1 75
28 29 24 84
28 30 79 31
28 31 2 61
28 32 93 39
28 33 93 93
28 34 53 75
28 35 90 62
28 36 58 58
28 37 88 82
28 38 91 55
28 39 78 15
28 40 78 47
28 41 40 85
28 42 91 94
28 43 39 19
28 44 25 17
28 45 86 32
28 46 97 39
28 47 15 74
28 48 78 52
28 49 84 81
29 30 83 18
29 31 3 53
29 32 96 84
29 33 86 22
29 34 57 26
29 35 27 57
29 36 87 34
29 37 36 76
29 38 14 11
29 39 22 69
29 40 84 67
29 41 81 45
29 42 15 52
29 43 78 78
29 44 64 45
29 45 27 19
29 46 59 55
29 47 16 71
29 48 87 60
29 49 65 40
30 31 27 30
30 32 53 32
30 33 81 77
30 34 4 22
30 35 63 14
30 36 81 27
30 37 47 64
30 38 57 36
30 39 26 23
30 40 34 83
30 41 64 59
30 42 1 48
30 43 48 33
30 44 0 55
30 45 45 49
30 46 40 84
30 47 12 26
30 48 49 47
30 49 87 80
31 32 41 17
31 33 33 36
31 34 49 59
31 35 69 56
31 36 9 4
31 37 46 65
31 38 47 20
31 39 37 26
31 40 77 90
31 41 82 36
31 42 41 66
31 43 18 40
31 44 43 20
31 45 68 20
31 46 74 16
31 47 66 32
31 48 7 20
31 49 80 30
32 33 31 36
32 34 18 72
32 35 68 29
32 36 14 76
32 37 22 22
32 38 93 97
32 39 76 74
32 40 71 36
32 41 24 81
32 42 76 84
32 43 39 60
32 44 63 82
32 45 34 69
32 46 95 35
32 47 79 57
32 48 35 54
32 49 32 49
33 34 80 31
33 35 26 35
33 36 16 16
33 37 89 74
33 38 21 57
33 39 94 97
33 40 51 78
33 41 11 69
33 42 16 66
33 43 35 36
33 44 42 75
33 45 3 53
33 46 27 74
33 47 93 37
33 48 34 8
33 49 67 23
34 35 63 32
34 36 33 44
34 37 1 78
34 38 61 45
34 39 88 50
34 40 54 32
34 41 85 93
34 42 57 62
34 43 9 75
34 44 6 54
34 45 83 70
34 46 34 66
34 47 39 16
34 48 33 29
34 49 49 29
35 36 67 78
35 37 14 42
35 38 6 28
35 39 33 86
35 40 16 56
35 41 49 62
35 42 85 32
35 43 34 9
35 44 13 7
35 45 57 23
35 46 8 38
35 47 70 42
35 48 71 58
35 49 4 40
36 37 3 79
36 38 37 16
36 39 67 89
36 40 29 63
36 41 24 57
36 42 12 15
36 43 83 27
36 44 91 94
36 45 21 50
36 46 32 76
36 47 32 66
36 48 28 15
36 49 5 75
37 38 95 46
37 39 39 83
37 40 70 56
37 41 38 35
37 42 10 32
37 43 1 3
37 44 17 18
37 45 93 74
37 46 43 69
37 47 18 30
37 48 4 24
37 49 35 16
38 39 24 53
38 40 29 25
38 41 58 80
38 42 83 63
38 43 75 91
38 44 39 87
38 45 79 42
38 46 31 75
38 47 63 56
38 48 4 6
38 49 80 69
39 40 2 33
39 41 53 45
39 42 26 41
39 43 42 39
39 44 32 58
39 45 30 13
39 46 64 32
39 47 38 37
39 48 48 63
39 49 35 19
40 41 67 66
40 42 84 35
40 43 96 83
40 44 4 57
40 45 27 71
40 46 57 25
40 47 38 8
40 48 88 20
40 49 13 5
41 42 47 79
41 43 15 20
41 44 47 12
41 45 1 17
41 46 61 28
41 47 3 80
41 48 67 26
41 49 33 46
42 43 30 74
42 44 23 7
42 45 17 62
42 46 90 29
42 47 47 18
42 48 40 15
42 49 95 95
43 44 56 62
43 45 55 42
43 46 22 65
43 47 23 74
43 48 95 62
43 49 87 21
44 45 35 12
44 46 5 53
44 47 84 88
44 48 66 19
44 49 58 90
45 46 85 87
45 47 7 6
45 48 61 64
45 49 35 8
46 47 43 16
46 48 33 68
46 49 20 12
47 48 52 66
47 49 30 6
48 49 15 37
