0 1 77 9
0 2 91 9
0 3 14 50
0 4 16 95
0 5 37 22
0 6 79 16
0 7 53 81
0 8 72 18
0 9 2 78
0 10 53 55
0 11 61 47
0 12 35 84
0 13 63 26
0 14 27 24
0 15 1 46
0 16 46 67
0 17 28 15
0 18 22 67
0 19 100 72
1 2 66 27
1 3 60 57
1 4 23 89
1 5 21 82
1 6 81 75
1 7 77 21
1 8 3 22
1 9 62 75
1 10 3 45
1 11 36 65
1 12 68 62
1 13 23 51
1 14 86 42
1 15 94 77
1 16 27 40
1 17 39 57
1 18 30 93
1 19 93 55
2 3 83 83
2 4 99 43
2 5 75 41
2 6 14 65
2 7 24 57
2 8 1 80
2 9 91 26
2 10 62 76
2 11 56 32
2 12 30 49
2 13 87 76
2 14 79 39
2 15 94 11
2 16 51 47
2 17 91 75
2 18 4 44
2 19 37 35
3 4 92 47
3 5 6 72
3 6 37 17
3 7 78 41
3 8 72 42
3 9 31 45
3 10 5 67
3 11 18 65
3 12 73 84
3 13 51 69
3 14 20 55
3 15 86 56
3 16 7 82
3 17 18 24
3 18 70 72
3 19 25 34
4 5 93 12
4 6 46 42
4 7 81 39
4 8 69 81
4 9 75 9
4 10 76 44
4 11 50 56
4 12 36 49
4 13 71 21
4 14 84 19
4 15 80 16
4 16 69 11
4 17 25 32
4 18 23 25
4 19 84 25
5 6 64 25
5 7 22 82
5 8 75 43
5 9 68 76
5 10 41 48
5 11 74 73
5 12 27 42
5 13 84 7
5 14 26 51
5 15 86 22
5 16 12 52
5 17 2 94
5 18 2 83
5 19 28 30
6 7 92 21
6 8 39 17
6 9 60 42
6 10 86 17
6 11 99 43
6 12 3 33
6 13 41 60
6 14 26 74
6 15 7 96
6 16 39 22
6 17 12 48
6 18 48 90
6 19 65 53
7 8 23 31
7 9 46 73
7 10 8 71
7 11 6 37
7 12 1 49
7 13 48 88
7 14 81 48
7 15 3 55
7 16 100 57
7 17 59 40
7 18 85 12
7 19 83 18
8 9 96 57
8 10 76 69
8 11 63 19
8 12 13 36
8 13 65 69
8 14 24 16
8 15 0 72
8 16 25 42
8 17 84 81
8 18 59 28
8 19 75 7
9 10 49 22
9 11 80 82
9 12 23 56
9 13 77 31
9 14 12 43
9 15 3 28
9 16 87 38
9 17 1 84
9 18 42 60
9 19 41 28
10 11 9 77
10 12 67 76
10 13 62 19
10 14 93 57
10 15 38 36
10 16 42 81
10 17 11 46
10 18 79 49
10 19 80 16
11 12 7 88
11 13 6 87
11 14 5 97
11 15 52 38
11 16 31 91
11 17 25 35
11 18 78 73
11 19 56 70
12 13 42 83
12 14 100 12
12 15 67 16
12 16 61 82
12 17 49 85
12 18 74 28
12 19 54 44
13 14 13 56
13 15 89 25
13 16 69 14
13 17 66 26
13 18 66 16
13 19 56 27
14 15 68 50
14 16 36 14
14 17 82 17
14 18 82 12
14 19 72 63
15 16 8 36
15 17 3 93
15 18 11 26
15 19 73 34
16 17 60 31
16 18 78 6
16 19 20 94
17 18 13 63
17 19 96 22
18 19 73 65
