0 1 14 85
0 2 87 8
0 3 7 51
0 4 2 88
0 5 72 57
0 6 9 53
0 7 62 50
0 8 27 78
0 9 70 37
0 10 2 81
0 11 41 73
0 12 23 56
0 13 45 72
0 14 26 78
0 15 45 75
0 16 57 28
1 2 30 83
1 3 28 65
1 4 66 36
1 5 100 23
1 6 99 26
1 7 27 72
1 8 12 81
1 9 95 27
1 10 28 39
1 11 91 37
1 12 2 94
1 13 76 19
1 14 25 73
1 15 16 85
1 16 80 38
2 3 79 44
2 4 97 49
2 5 47 65
2 6 9 78
2 7 7 88
2 8 57 31
2 9 48 59
2 10 10 87
2 11 44 56
2 12 97 26
2 13 33 50
2 14 44 59
2 15 48 64
2 16 22 85
3 4 53 66
3 5 38 70
3 6 100 3
3 7 62 56
3 8 84 8
3 9 22 66
3 10 97 34
3 11 99 47
3 12 59 69
3 13 68 23
3 14 60 21
3 15 99 4
3 16 80 39
4 5 73 56
4 6 76 32
4 7 53 25
4 8 30 76
4 9 10 57
4 10 78 36
4 11 85 41
4 12 94 20
4 13 16 45
4 14 96 31
4 15 56 71
4 16 9 80
5 6 26 57
5 7 60 70
5 8 0 95
5 9 97 26
5 10 19 80
5 11 74 47
5 12 54 61
5 13 45 64
5 14 90 15
5 15 19 57
5 16 81 35
6 7 78 56
6 8 88 37
6 9 8 54
6 10 90 54
6 11 49 53
6 12 51 69
6 13 75 27
6 14 93 37
6 15 100 32
6 16 10 51
7 8 8 92
7 9 96 6
7 10 78 15
7 11 11 56
7 12 78 32
7 13 23 79
7 14 88 31
7 15 1 56
7 16 53 34
8 9 84 54
8 10 6 97
8 11 13 72
8 12 3 70
8 13 6 72
8 14 61 40
8 15 11 56
8 16 9 68
9 10 95 12
9 11 42 64
9 12 3 84
9 13 52 70
9 14 20 50
9 15 92 6
9 16 76 14
10 11 93 8
10 12 23 45
10 13 56 69
10 14 46 45
10 15 87 7
10 16 41 52
11 12 84 27
11 13 84 14
11 14 16 80
11 15 52 67
11 16 11 94
12 13 95 5
12 14 56 48
12 15 98 40
12 16 68 22
13 14 74 28
13 15 42 38
13 16 1 98
14 15 15 90
14 16 95 14
15 16 11 61
