0 1 12 12
0 2 0 88
0 3 89 93
0 4 22 18
0 5 18 13
0 6 13 24
0 7 24 16
0 8 24 21
0 9 15 14
0 10 13 22
0 11 16 12
1 2 88 0
1 3 97 93
1 4 13 13
1 5 19 22
1 6 21 17
1 7 22 13
1 8 20 24
1 9 19 21
1 10 19 18
1 11 16 24
2 3 92 96
2 4 19 13
2 5 18 19
2 6 24 24
2 7 19 24
2 8 13 22
2 9 20 23
2 10 12 22
2 11 23 16
3 4 20 24
3 5 14 20
3 6 18 22
3 7 21 21
3 8 13 25
3 9 19 17
3 10 23 19
3 11 20 23
4 5 95 95
4 6 92 89
4 7 100 91
4 8 17 16
4 9 18 15
4 10 18 16
4 11 14 17
5 6 88 93
5 7 93 90
5 8 15 16
5 9 16 17
5 10 16 18
5 11 19 22
6 7 97 99
6 8 17 24
6 9 14 15
6 10 18 17
6 11 14 23
7 8 17 13
7 9 16 17
7 10 13 19
7 11 21 21
8 9 91 99
8 10 96 94
8 11 94 96
9 10 94 93
9 11 93 96
10 11 98 92
