10 45
0 1 6 6
0 2 0 94
0 3 99 94
0 4 11 12
0 5 12 14
0 6 14 11
0 7 12 14
0 8 7 12
0 9 9 7
1 2 94 0
1 3 96 97
1 4 6 14
1 5 8 15
1 6 8 9
1 7 11 6
1 8 14 12
1 9 12 10
2 3 98 98
2 4 9 15
2 5 9 12
2 6 11 11
2 7 14 14
2 8 10 11
2 9 13 6
3 4 8 11
3 5 15 8
3 6 8 6
3 7 7 10
3 8 8 10
3 9 11 14
4 5 95 97
4 6 95 99
4 7 94 97
4 8 8 8
4 9 8 11
5 6 97 99
5 7 97 96
5 8 8 12
5 9 14 9
6 7 96 99
6 8 11 8
6 9 11 14
7 8 13 13
7 9 6 11
8 9 99 98
0 2
0 3
0 4
0 5
0 6
0 7
0 8
0 10
0 11
0 12
0 13
0 14
0 15
0 16
0 17
0 18
0 19
0 20
0 21
0 22
0 23
0 24
0 25
0 26
0 27
0 28
0 29
0 30
0 31
0 32
0 33
0 34
0 35
0 36
0 37
0 38
0 39
0 40
0 41
0 42
0 43
0 44
1 2
1 10
1 17
1 30
1 31
1 32
1 35
1 36
1 39
1 44
2 44
3 2
3 4
3 6
3 10
3 15
3 17
3 21
3 29
3 30
3 31
3 32
3 35
3 36
3 39
3 41
3 42
3 44
4 2
4 10
4 17
4 21
4 30
4 31
4 32
4 35
4 36
4 39
4 44
5 2
5 10
5 15
5 17
5 21
5 30
5 31
5 32
5 35
5 36
5 39
5 44
6 2
6 10
6 17
6 21
6 30
6 31
6 32
6 35
6 36
6 39
6 44
7 2
7 3
7 4
7 6
7 10
7 12
7 15
7 17
7 18
7 19
7 21
7 29
7 30
7 31
7 32
7 35
7 36
7 37
7 39
7 41
7 42
7 44
8 2
8 3
8 4
8 5
8 6
8 10
8 15
8 16
8 17
8 18
8 19
8 20
8 21
8 22
8 25
8 29
8 30
8 31
8 32
8 35
8 36
8 38
8 39
8 40
8 41
8 42
8 44
9 2
9 10
9 17
9 30
9 31
9 32
9 35
9 36
9 39
9 44
10 17
10 35
10 39
10 44
11 2
11 4
11 6
11 10
11 12
11 17
11 18
11 21
11 29
11 30
11 31
11 32
11 35
11 36
11 39
11 41
11 44
12 2
12 10
12 17
12 18
12 30
12 31
12 32
12 35
12 36
12 39
12 44
13 2
13 3
13 4
13 5
13 6
13 10
13 12
13 15
13 16
13 17
13 18
13 19
13 20
13 21
13 22
13 24
13 28
13 29
13 30
13 31
13 32
13 34
13 35
13 36
13 37
13 38
13 39
13 41
13 42
13 44
14 2
14 3
14 4
14 5
14 6
14 10
14 15
14 16
14 17
14 20
14 21
14 23
14 25
14 29
14 30
14 31
14 32
14 35
14 36
14 38
14 39
14 40
14 41
14 42
14 44
15 2
15 10
15 17
15 21
15 30
15 31
15 32
15 35
15 36
15 39
15 44
16 2
16 4
16 5
16 6
16 10
16 15
16 17
16 21
16 30
16 31
16 32
16 35
16 36
16 39
16 42
16 44
17 44
18 2
18 10
18 17
18 30
18 31
18 32
18 35
18 36
18 39
18 44
19 2
19 3
19 4
19 6
19 10
19 15
19 17
19 18
19 21
19 29
19 30
19 31
19 32
19 35
19 36
19 39
19 41
19 42
19 44
20 2
20 3
20 4
20 5
20 6
20 10
20 15
20 17
20 21
20 29
20 30
20 31
20 32
20 35
20 36
20 39
20 41
20 42
20 44
21 2
21 10
21 17
21 30
21 31
21 32
21 35
21 36
21 39
21 44
22 2
22 3
22 4
22 5
22 6
22 10
22 15
22 17
22 20
22 21
22 29
22 30
22 31
22 32
22 35
22 36
22 39
22 41
22 42
22 44
23 2
23 5
23 10
23 15
23 17
23 21
23 25
23 30
23 31
23 32
23 35
23 36
23 38
23 39
23 42
23 44
24 2
24 3
24 4
24 5
24 6
24 10
24 12
24 15
24 17
24 18
24 19
24 20
24 21
24 22
24 29
24 30
24 31
24 32
24 35
24 36
24 37
24 39
24 41
24 42
24 44
25 2
25 10
25 17
25 30
25 31
25 32
25 35
25 36
25 39
25 44
26 2
26 3
26 4
26 5
26 6
26 8
26 10
26 12
26 13
26 14
26 15
26 16
26 17
26 18
26 19
26 20
26 21
26 22
26 23
26 24
26 25
26 28
26 29
26 30
26 31
26 32
26 33
26 34
26 35
26 36
26 37
26 38
26 39
26 40
26 41
26 42
26 44
27 2
27 3
27 4
27 5
27 6
27 7
27 10
27 12
27 15
27 16
27 17
27 18
27 19
27 20
27 21
27 22
27 24
27 28
27 29
27 30
27 31
27 32
27 34
27 35
27 36
27 37
27 39
27 41
27 42
27 44
28 2
28 3
28 4
28 5
28 6
28 10
28 12
28 15
28 16
28 17
28 18
28 19
28 20
28 21
28 22
28 24
28 29
28 30
28 31
28 32
28 34
28 35
28 36
28 37
28 39
28 41
28 42
28 44
29 2
29 4
29 6
29 10
29 17
29 21
29 30
29 31
29 32
29 35
29 36
29 39
29 44
30 10
30 17
30 31
30 35
30 39
30 44
31 35
31 39
32 10
32 17
32 30
32 31
32 35
32 39
32 44
33 2
33 3
33 4
33 5
33 6
33 10
33 12
33 13
33 15
33 16
33 17
33 18
33 19
33 20
33 21
33 22
33 24
33 25
33 28
33 29
33 30
33 31
33 32
33 34
33 35
33 36
33 37
33 38
33 39
33 40
33 41
33 42
33 44
34 2
34 3
34 4
34 5
34 6
34 10
34 12
34 15
34 17
34 18
34 19
34 20
34 21
34 22
34 29
34 30
34 31
34 32
34 35
34 36
34 37
34 39
34 41
34 42
34 44
36 17
36 35
36 44
37 2
37 3
37 4
37 6
37 10
37 12
37 15
37 17
37 18
37 19
37 21
37 29
37 30
37 31
37 32
37 35
37 36
37 39
37 41
37 42
37 44
38 2
38 5
38 10
38 15
38 17
38 21
38 30
38 31
38 32
38 35
38 36
38 39
38 44
39 35
40 2
40 3
40 4
40 5
40 6
40 10
40 15
40 16
40 17
40 20
40 21
40 25
40 29
40 30
40 31
40 32
40 35
40 36
40 38
40 39
40 41
40 42
40 44
41 2
41 4
41 6
41 10
41 17
41 21
41 30
41 31
41 32
41 35
41 36
41 39
41 44
42 2
42 10
42 17
42 21
42 30
42 31
42 32
42 35
42 36
42 39
42 44
43 2
43 3
43 4
43 5
43 6
43 7
43 10
43 11
43 12
43 15
43 17
43 18
43 19
43 20
43 21
43 22
43 24
43 29
43 30
43 31
43 32
43 34
43 35
43 36
43 37
43 39
43 41
43 42
43 44
