15 105
0 1 8 8
0 2 0 92
0 3 95 98
0 4 21 17
0 5 10 9
0 6 15 20
0 7 19 12
0 8 20 10
0 9 12 12
0 10 21 18
0 11 13 20
0 12 20 9
0 13 12 15
0 14 22 15
1 2 92 0
1 3 95 100
1 4 18 9
1 5 9 17
1 6 8 17
1 7 11 13
1 8 8 22
1 9 17 16
1 10 13 9
1 11 14 13
1 12 18 19
1 13 13 20
1 14 16 16
2 3 96 96
2 4 15 14
2 5 16 16
2 6 8 18
2 7 22 12
2 8 19 21
2 9 13 20
2 10 19 18
2 11 14 11
2 12 11 16
2 13 21 12
2 14 9 16
3 4 22 16
3 5 21 12
3 6 20 16
3 7 12 15
3 8 19 15
3 9 8 17
3 10 23 18
3 11 13 10
3 12 11 13
3 13 12 12
3 14 15 9
4 5 96 95
4 6 98 96
4 7 95 95
4 8 16 17
4 9 20 17
4 10 14 18
4 11 10 11
4 12 8 19
4 13 16 19
4 14 8 22
5 6 95 92
5 7 98 97
5 8 17 17
5 9 11 16
5 10 13 10
5 11 20 21
5 12 9 11
5 13 21 16
5 14 19 10
6 7 94 94
6 8 23 14
6 9 16 19
6 10 22 20
6 11 17 11
6 12 13 9
6 13 20 23
6 14 20 8
7 8 9 9
7 9 12 16
7 10 16 14
7 11 20 10
7 12 12 21
7 13 20 17
7 14 9 10
8 9 96 97
8 10 99 96
8 11 94 93
8 12 13 15
8 13 9 22
8 14 15 16
9 10 98 94
9 11 98 93
9 12 20 22
9 13 17 9
9 14 13 14
10 11 94 93
10 12 17 8
10 13 9 12
10 14 9 12
11 12 12 10
11 13 18 22
11 14 15 12
12 13 95 94
12 14 93 95
13 14 96 98
0 2
0 3
0 4
0 5
0 6
0 7
0 8
0 9
0 10
0 11
0 12
0 13
0 15
0 16
0 17
0 18
0 19
0 20
0 21
0 22
0 23
0 24
0 25
0 26
0 27
0 28
0 29
0 30
0 31
0 32
0 33
0 34
0 35
0 36
0 37
0 38
0 39
0 40
0 41
0 42
0 43
0 44
0 45
0 46
0 47
0 48
0 49
0 50
0 51
0 52
0 53
0 54
0 55
0 56
0 57
0 58
0 59
0 60
0 61
0 62
0 63
0 64
0 65
0 66
0 67
0 68
0 69
0 70
0 71
0 72
0 73
0 74
0 75
0 76
0 77
0 78
0 79
0 80
0 81
0 82
0 83
0 84
0 85
0 86
0 87
0 88
0 89
0 90
0 91
0 92
0 93
0 94
0 95
0 96
0 97
0 98
0 99
0 100
0 101
0 102
0 103
0 104
1 2
1 15
1 27
1 50
1 51
1 52
1 60
1 61
1 69
1 84
1 85
1 86
1 90
1 91
1 95
1 102
1 103
1 104
2 15
2 104
3 2
3 9
3 15
3 27
3 45
3 50
3 51
3 52
3 60
3 61
3 69
3 72
3 84
3 85
3 86
3 90
3 91
3 95
3 102
3 103
3 104
4 2
4 3
4 5
4 6
4 7
4 8
4 9
4 10
4 11
4 12
4 13
4 15
4 16
4 19
4 21
4 22
4 23
4 24
4 25
4 26
4 27
4 28
4 29
4 31
4 32
4 33
4 34
4 35
4 36
4 37
4 39
4 40
4 41
4 42
4 43
4 45
4 46
4 47
4 48
4 49
4 50
4 51
4 52
4 53
4 54
4 55
4 56
4 58
4 60
4 61
4 62
4 63
4 64
4 65
4 67
4 68
4 69
4 70
4 71
4 72
4 73
4 74
4 75
4 78
4 79
4 80
4 81
4 82
4 84
4 85
4 86
4 87
4 89
4 90
4 91
4 92
4 93
4 94
4 95
4 99
4 100
4 101
4 102
4 103
4 104
5 2
5 15
5 27
5 32
5 50
5 51
5 52
5 60
5 61
5 65
5 69
5 72
5 75
5 84
5 85
5 86
5 90
5 91
5 92
5 95
5 100
5 102
5 103
5 104
6 2
6 3
6 9
6 13
6 15
6 27
6 31
6 32
6 34
6 37
6 39
6 40
6 41
6 43
6 45
6 50
6 51
6 52
6 54
6 60
6 61
6 65
6 67
6 69
6 70
6 72
6 75
6 82
6 84
6 85
6 86
6 90
6 91
6 92
6 95
6 102
6 103
6 104
7 2
7 3
7 9
7 13
7 15
7 27
7 31
7 37
7 39
7 40
7 41
7 45
7 50
7 51
7 52
7 54
7 60
7 61
7 65
7 67
7 69
7 70
7 72
7 75
7 82
7 84
7 85
7 86
7 90
7 91
7 92
7 95
7 102
7 103
7 104
8 2
8 3
8 5
8 6
8 9
8 10
8 12
8 13
8 15
8 21
8 23
8 24
8 25
8 26
8 27
8 28
8 29
8 31
8 32
8 33
8 34
8 37
8 39
8 40
8 41
8 42
8 43
8 45
8 50
8 51
8 52
8 53
8 54
8 55
8 58
8 60
8 61
8 62
8 65
8 67
8 69
8 70
8 71
8 72
8 75
8 78
8 79
8 81
8 82
8 84
8 85
8 86
8 87
8 89
8 90
8 91
8 92
8 94
8 95
8 100
8 101
8 102
8 103
8 104
9 2
9 15
9 27
9 45
9 50
9 51
9 52
9 60
9 61
9 69
9 72
9 84
9 85
9 86
9 90
9 91
9 95
9 102
9 103
9 104
10 2
10 5
10 15
10 27
10 32
10 50
10 51
10 52
10 60
10 61
10 65
10 69
10 72
10 75
10 84
10 85
10 86
10 90
10 91
10 92
10 95
10 100
10 102
10 103
10 104
11 2
11 3
11 7
11 9
11 13
11 15
11 27
11 31
11 37
11 39
11 40
11 41
11 45
11 50
11 51
11 52
11 54
11 60
11 61
11 65
11 67
11 69
11 70
11 72
11 75
11 80
11 82
11 84
11 85
11 86
11 90
11 91
11 92
11 95
11 102
11 103
11 104
12 2
12 3
12 5
12 9
12 10
12 13
12 15
12 21
12 24
12 25
12 26
12 27
12 29
12 32
12 33
12 34
12 39
12 41
12 43
12 45
12 50
12 51
12 52
12 53
12 54
12 55
12 58
12 60
12 61
12 62
12 65
12 67
12 69
12 71
12 72
12 75
12 78
12 81
12 82
12 84
12 85
12 86
12 87
12 89
12 90
12 91
12 92
12 95
12 100
12 102
12 103
12 104
13 2
13 15
13 27
13 39
13 45
13 50
13 51
13 52
13 60
13 61
13 69
13 72
13 84
13 85
13 86
13 90
13 91
13 95
13 102
13 103
13 104
14 2
14 15
14 27
14 50
14 51
14 52
14 60
14 61
14 69
14 84
14 85
14 86
14 90
14 91
14 95
14 102
14 103
14 104
16 2
16 3
16 6
16 7
16 9
16 11
16 13
16 15
16 24
16 27
16 31
16 32
16 34
16 37
16 39
16 40
16 41
16 43
16 45
16 50
16 51
16 52
16 54
16 60
16 61
16 65
16 67
16 68
16 69
16 70
16 72
16 75
16 80
16 82
16 84
16 85
16 86
16 90
16 91
16 92
16 95
16 100
16 102
16 103
16 104
17 2
17 3
17 5
17 9
17 10
17 15
17 24
17 25
17 27
17 32
17 33
17 34
17 45
17 50
17 51
17 52
17 53
17 54
17 55
17 58
17 60
17 61
17 62
17 65
17 69
17 71
17 72
17 75
17 81
17 82
17 84
17 85
17 86
17 88
17 90
17 91
17 92
17 95
17 100
17 102
17 103
17 104
18 2
18 3
18 5
18 9
18 10
18 15
18 17
18 20
18 24
18 25
18 27
18 30
18 32
18 33
18 34
18 45
18 50
18 51
18 52
18 53
18 54
18 55
18 57
18 58
18 59
18 60
18 61
18 62
18 65
18 69
18 71
18 72
18 75
18 81
18 82
18 84
18 85
18 86
18 88
18 90
18 91
18 92
18 95
18 100
18 102
18 103
18 104
19 2
19 3
19 5
19 9
19 10
19 12
19 13
19 15
19 21
19 23
19 24
19 25
19 26
19 27
19 28
19 29
19 32
19 33
19 34
19 36
19 39
19 41
19 42
19 43
19 45
19 50
19 51
19 52
19 53
19 54
19 55
19 58
19 60
19 61
19 62
19 63
19 65
19 67
19 69
19 70
19 71
19 72
19 75
19 78
19 79
19 81
19 82
19 84
19 85
19 86
19 87
19 89
19 90
19 91
19 92
19 94
19 95
19 100
19 102
19 103
19 104
20 2
20 15
20 27
20 50
20 51
20 52
20 60
20 61
20 69
20 75
20 84
20 85
20 86
20 88
20 90
20 91
20 92
20 95
20 100
20 102
20 103
20 104
21 2
21 3
21 9
21 15
21 24
21 27
21 32
21 34
21 39
21 41
21 45
21 50
21 51
21 52
21 54
21 60
21 61
21 62
21 65
21 67
21 69
21 72
21 75
21 82
21 84
21 85
21 86
21 90
21 91
21 92
21 95
21 100
21 102
21 103
21 104
22 2
22 3
22 5
22 6
22 7
22 9
22 10
22 11
22 13
22 15
22 16
22 21
22 23
22 24
22 25
22 26
22 27
22 28
22 29
22 31
22 32
22 33
22 34
22 35
22 37
22 39
22 40
22 41
22 43
22 45
22 46
22 49
22 50
22 51
22 52
22 53
22 54
22 55
22 58
22 60
22 61
22 62
22 64
22 65
22 67
22 68
22 69
22 70
22 71
22 72
22 73
22 75
22 79
22 80
22 82
22 84
22 85
22 86
22 87
22 89
22 90
22 91
22 92
22 93
22 94
22 95
22 100
22 101
22 102
22 103
22 104
23 2
23 3
23 5
23 9
23 13
23 15
23 21
23 24
23 26
23 27
23 28
23 29
23 32
23 34
23 39
23 41
23 43
23 45
23 50
23 51
23 52
23 53
23 54
23 55
23 58
23 60
23 61
23 62
23 65
23 67
23 69
23 70
23 71
23 72
23 75
23 79
23 82
23 84
23 85
23 86
23 89
23 90
23 91
23 92
23 95
23 100
23 102
23 103
23 104
24 2
24 15
24 27
24 32
24 50
24 51
24 52
24 60
24 61
24 65
24 69
24 72
24 75
24 84
24 85
24 86
24 90
24 91
24 92
24 95
24 100
24 102
24 103
24 104
25 2
25 5
25 15
25 27
25 32
25 50
25 51
25 52
25 60
25 61
25 65
25 69
25 72
25 75
25 84
25 85
25 86
25 90
25 91
25 92
25 95
25 100
25 102
25 103
25 104
26 2
26 3
26 9
26 15
26 21
26 24
26 27
26 32
26 34
26 39
26 41
26 45
26 50
26 51
26 52
26 53
26 54
26 58
26 60
26 61
26 62
26 65
26 67
26 69
26 71
26 72
26 75
26 82
26 84
26 85
26 86
26 90
26 91
26 92
26 95
26 100
26 102
26 103
26 104
27 51
27 61
27 84
27 85
27 104
28 2
28 3
28 5
28 9
28 13
28 15
28 21
28 24
28 26
28 27
28 29
28 32
28 34
28 39
28 41
28 43
28 45
28 50
28 51
28 52
28 53
28 54
28 58
28 60
28 61
28 62
28 65
28 67
28 69
28 70
28 71
28 72
28 75
28 79
28 82
28 84
28 85
28 86
28 89
28 90
28 91
28 92
28 95
28 100
28 102
28 103
28 104
29 2
29 3
29 9
29 15
29 21
29 24
29 27
29 32
29 34
29 39
29 41
29 45
29 50
29 51
29 52
29 53
29 54
29 58
29 60
29 61
29 62
29 65
29 67
29 69
29 71
29 72
29 75
29 82
29 84
29 85
29 86
29 90
29 91
29 92
29 95
29 100
29 102
29 103
29 104
30 2
30 5
30 9
30 10
30 15
30 20
30 24
30 25
30 27
30 32
30 33
30 34
30 45
30 50
30 51
30 52
30 55
30 57
30 58
30 59
30 60
30 61
30 65
30 69
30 71
30 72
30 75
30 81
30 84
30 85
30 86
30 88
30 90
30 91
30 92
30 95
30 100
30 102
30 103
30 104
31 2
31 13
31 15
31 27
31 39
31 45
31 50
31 51
31 52
31 60
31 61
31 69
31 70
31 72
31 84
31 85
31 86
31 90
31 91
31 95
31 102
31 103
31 104
32 2
32 15
32 27
32 50
32 51
32 52
32 60
32 61
32 65
32 69
32 75
32 84
32 85
32 86
32 90
32 91
32 92
32 95
32 102
32 103
32 104
33 2
33 5
33 15
33 27
33 32
33 50
33 51
33 52
33 60
33 61
33 65
33 69
33 72
33 75
33 84
33 85
33 86
33 90
33 91
33 92
33 95
33 100
33 102
33 103
33 104
34 2
34 9
34 15
34 27
34 32
34 45
34 50
34 51
34 52
34 60
34 61
34 65
34 69
34 72
34 75
34 84
34 85
34 86
34 90
34 91
34 92
34 95
34 102
34 103
34 104
35 2
35 3
35 5
35 6
35 9
35 13
35 15
35 21
35 23
35 24
35 26
35 27
35 28
35 29
35 31
35 32
35 34
35 37
35 39
35 40
35 41
35 43
35 45
35 50
35 51
35 52
35 53
35 54
35 55
35 58
35 60
35 61
35 62
35 65
35 67
35 69
35 70
35 71
35 72
35 73
35 75
35 79
35 82
35 84
35 85
35 86
35 89
35 90
35 91
35 92
35 95
35 100
35 101
35 102
35 103
35 104
36 2
36 3
36 5
36 9
36 10
36 15
36 21
36 24
36 25
36 26
36 27
36 29
36 32
36 33
36 34
36 39
36 41
36 45
36 50
36 51
36 52
36 53
36 54
36 55
36 58
36 60
36 61
36 62
36 65
36 67
36 69
36 71
36 72
36 75
36 78
36 81
36 82
36 84
36 85
36 86
36 89
36 90
36 91
36 92
36 95
36 100
36 102
36 103
36 104
37 2
37 3
37 9
37 13
37 15
37 27
37 31
37 39
37 45
37 50
37 51
37 52
37 60
37 61
37 67
37 69
37 70
37 72
37 84
37 85
37 86
37 90
37 91
37 95
37 102
37 103
37 104
38 2
38 3
38 5
38 9
38 10
38 15
38 17
38 21
38 24
38 25
38 26
38 27
38 29
38 32
38 33
38 34
38 36
38 39
38 41
38 45
38 50
38 51
38 52
38 53
38 54
38 55
38 58
38 60
38 61
38 62
38 63
38 65
38 67
38 69
38 71
38 72
38 75
38 78
38 81
38 82
38 84
38 85
38 86
38 88
38 89
38 90
38 91
38 92
38 95
38 100
38 102
38 103
38 104
39 2
39 15
39 27
39 45
39 50
39 51
39 52
39 60
39 61
39 69
39 72
39 84
39 85
39 86
39 90
39 91
39 95
39 102
39 103
39 104
40 2
40 3
40 9
40 13
40 15
40 27
40 31
40 39
40 45
40 50
40 51
40 52
40 60
40 61
40 67
40 69
40 70
40 72
40 84
40 85
40 86
40 90
40 91
40 95
40 102
40 103
40 104
41 2
41 3
41 9
41 15
41 27
41 39
41 45
41 50
41 51
41 52
41 54
41 60
41 61
41 65
41 67
41 69
41 72
41 75
41 82
41 84
41 85
41 86
41 90
41 91
41 92
41 95
41 102
41 103
41 104
42 2
42 3
42 5
42 9
42 10
42 13
42 15
42 21
42 24
42 25
42 26
42 27
42 29
42 32
42 33
42 34
42 39
42 41
42 43
42 45
42 50
42 51
42 52
42 53
42 54
42 55
42 58
42 60
42 61
42 62
42 65
42 67
42 69
42 71
42 72
42 75
42 78
42 81
42 82
42 84
42 85
42 86
42 87
42 89
42 90
42 91
42 92
42 95
42 100
42 102
42 103
42 104
43 2
43 3
43 9
43 13
43 15
43 27
43 32
43 34
43 39
43 41
43 45
43 50
43 51
43 52
43 54
43 60
43 61
43 65
43 67
43 69
43 72
43 75
43 82
43 84
43 85
43 86
43 90
43 91
43 92
43 95
43 102
43 103
43 104
44 2
44 3
44 5
44 9
44 10
44 15
44 17
44 20
44 24
44 25
44 27
44 30
44 32
44 33
44 34
44 45
44 50
44 51
44 52
44 53
44 54
44 55
44 57
44 58
44 59
44 60
44 61
44 62
44 65
44 69
44 71
44 72
44 75
44 81
44 82
44 84
44 85
44 86
44 88
44 90
44 91
44 92
44 95
44 100
44 102
44 103
44 104
45 2
45 15
45 27
45 50
45 51
45 52
45 60
45 61
45 69
45 84
45 85
45 86
45 90
45 91
45 95
45 102
45 103
45 104
46 2
46 3
46 5
46 6
46 7
46 9
46 10
46 13
46 15
46 21
46 23
46 24
46 25
46 26
46 27
46 28
46 29
46 31
46 32
46 33
46 34
46 35
46 37
46 39
46 40
46 41
46 43
46 45
46 50
46 51
46 52
46 53
46 54
46 55
46 58
46 60
46 61
46 62
46 65
46 67
46 68
46 69
46 70
46 71
46 72
46 73
46 75
46 79
46 80
46 82
46 84
46 85
46 86
46 87
46 89
46 90
46 91
46 92
46 94
46 95
46 100
46 101
46 102
46 103
46 104
47 2
47 3
47 5
47 9
47 10
47 12
47 13
47 15
47 21
47 23
47 24
47 25
47 26
47 27
47 28
47 29
47 32
47 33
47 34
47 36
47 39
47 41
47 42
47 43
47 45
47 50
47 51
47 52
47 53
47 54
47 55
47 58
47 60
47 61
47 62
47 63
47 65
47 67
47 69
47 70
47 71
47 72
47 75
47 78
47 79
47 81
47 82
47 84
47 85
47 86
47 87
47 89
47 90
47 91
47 92
47 94
47 95
47 100
47 102
47 103
47 104
48 2
48 3
48 5
48 6
48 9
48 10
48 12
48 13
48 15
48 21
48 23
48 24
48 25
48 26
48 27
48 28
48 29
48 31
48 32
48 33
48 34
48 37
48 39
48 40
48 41
48 42
48 43
48 45
48 50
48 51
48 52
48 53
48 54
48 55
48 58
48 60
48 61
48 62
48 65
48 67
48 69
48 70
48 71
48 72
48 75
48 78
48 79
48 81
48 82
48 84
48 85
48 86
48 87
48 89
48 90
48 91
48 92
48 94
48 95
48 100
48 101
48 102
48 103
48 104
49 2
49 3
49 5
49 6
49 7
49 9
49 11
49 13
49 15
49 16
49 21
49 24
49 26
49 27
49 28
49 29
49 31
49 32
49 34
49 37
49 39
49 40
49 41
49 43
49 45
49 50
49 51
49 52
49 53
49 54
49 58
49 60
49 61
49 62
49 65
49 67
49 68
49 69
49 70
49 71
49 72
49 73
49 75
49 79
49 80
49 82
49 84
49 85
49 86
49 89
49 90
49 91
49 92
49 93
49 95
49 100
49 101
49 102
49 103
49 104
50 27
50 51
50 61
50 84
50 85
50 104
51 61
51 85
52 2
52 15
52 27
52 50
52 51
52 61
52 84
52 85
52 104
53 2
53 3
53 9
53 15
53 24
53 27
53 32
53 34
53 45
53 50
53 51
53 52
53 54
53 58
53 60
53 61
53 62
53 65
53 69
53 71
53 72
53 75
53 82
53 84
53 85
53 86
53 90
53 91
53 92
53 95
53 100
53 102
53 103
53 104
54 2
54 3
54 9
54 15
54 27
54 45
54 50
54 51
54 52
54 60
54 61
54 65
54 69
54 72
54 75
54 84
54 85
54 86
54 90
54 91
54 92
54 95
54 102
54 103
54 104
55 2
55 5
55 9
55 15
55 24
55 27
55 32
55 34
55 45
55 50
55 51
55 52
55 58
55 60
55 61
55 65
55 69
55 71
55 72
55 75
55 84
55 85
55 86
55 90
55 91
55 92
55 95
55 100
55 102
55 103
55 104
56 2
56 3
56 5
56 6
56 8
56 9
56 10
56 12
56 13
56 15
56 19
56 21
56 23
56 24
56 25
56 26
56 27
56 28
56 29
56 31
56 32
56 33
56 34
56 35
56 36
56 37
56 39
56 40
56 41
56 42
56 43
56 45
56 47
56 48
56 50
56 51
56 52
56 53
56 54
56 55
56 58
56 60
56 61
56 62
56 63
56 65
56 67
56 69
56 70
56 71
56 72
56 73
56 75
56 78
56 79
56 81
56 82
56 84
56 85
56 86
56 87
56 89
56 90
56 91
56 92
56 94
56 95
56 100
56 101
56 102
56 103
56 104
57 2
57 5
57 10
57 15
57 20
57 24
57 25
57 27
57 32
57 33
57 50
57 51
57 52
57 58
57 59
57 60
57 61
57 65
57 69
57 71
57 72
57 75
57 81
57 84
57 85
57 86
57 88
57 90
57 91
57 92
57 95
57 100
57 102
57 103
57 104
58 2
58 15
58 24
58 27
58 32
58 50
58 51
58 52
58 60
58 61
58 65
58 69
58 72
58 75
58 84
58 85
58 86
58 90
58 91
58 92
58 95
58 100
58 102
58 103
58 104
59 2
59 15
59 27
59 50
59 51
59 52
59 60
59 61
59 69
59 75
59 84
59 85
59 86
59 88
59 90
59 91
59 92
59 95
59 100
59 102
59 103
59 104
60 2
60 15
60 27
60 50
60 51
60 52
60 61
60 84
60 85
60 90
60 91
60 102
60 104
62 2
62 3
62 9
62 15
62 24
62 27
62 32
62 34
62 45
62 50
62 51
62 52
62 54
62 60
62 61
62 65
62 69
62 72
62 75
62 82
62 84
62 85
62 86
62 90
62 91
62 92
62 95
62 100
62 102
62 103
62 104
63 2
63 3
63 5
63 9
63 10
63 15
63 21
63 24
63 25
63 26
63 27
63 29
63 32
63 33
63 34
63 39
63 41
63 45
63 50
63 51
63 52
63 53
63 54
63 55
63 58
63 60
63 61
63 62
63 65
63 67
63 69
63 71
63 72
63 75
63 78
63 81
63 82
63 84
63 85
63 86
63 89
63 90
63 91
63 92
63 95
63 100
63 102
63 103
63 104
64 2
64 3
64 5
64 6
64 7
64 9
64 10
64 13
64 15
64 21
64 23
64 24
64 25
64 26
64 27
64 28
64 29
64 31
64 32
64 33
64 34
64 35
64 37
64 39
64 40
64 41
64 43
64 45
64 50
64 51
64 52
64 53
64 54
64 55
64 58
64 60
64 61
64 62
64 65
64 67
64 68
64 69
64 70
64 71
64 72
64 73
64 75
64 79
64 80
64 82
64 84
64 85
64 86
64 87
64 89
64 90
64 91
64 92
64 94
64 95
64 100
64 101
64 102
64 103
64 104
65 2
65 15
65 27
65 50
65 51
65 52
65 60
65 61
65 69
65 75
65 84
65 85
65 86
65 90
65 91
65 92
65 95
65 102
65 103
65 104
66 2
66 3
66 5
66 6
66 8
66 9
66 10
66 12
66 13
66 15
66 17
66 19
66 21
66 23
66 24
66 25
66 26
66 27
66 28
66 29
66 31
66 32
66 33
66 34
66 35
66 36
66 37
66 38
66 39
66 40
66 41
66 42
66 43
66 45
66 47
66 48
66 50
66 51
66 52
66 53
66 54
66 55
66 56
66 58
66 60
66 61
66 62
66 63
66 65
66 67
66 69
66 70
66 71
66 72
66 73
66 75
66 78
66 79
66 81
66 82
66 84
66 85
66 86
66 87
66 88
66 89
66 90
66 91
66 92
66 94
66 95
66 97
66 98
66 100
66 101
66 102
66 103
66 104
67 2
67 3
67 9
67 15
67 27
67 39
67 45
67 50
67 51
67 52
67 60
67 61
67 69
67 72
67 84
67 85
67 86
67 90
67 91
67 95
67 102
67 103
67 104
68 2
68 3
68 6
68 7
68 9
68 13
68 15
68 27
68 31
68 32
68 34
68 37
68 39
68 40
68 41
68 43
68 45
68 50
68 51
68 52
68 54
68 60
68 61
68 65
68 67
68 69
68 70
68 72
68 75
68 80
68 82
68 84
68 85
68 86
68 90
68 91
68 92
68 95
68 102
68 103
68 104
69 2
69 15
69 27
69 50
69 51
69 52
69 61
69 84
69 85
69 90
69 102
69 104
70 2
70 15
70 27
70 45
70 50
70 51
70 52
70 60
70 61
70 69
70 84
70 85
70 86
70 90
70 91
70 95
70 102
70 103
70 104
71 2
71 15
71 24
71 27
71 32
71 50
71 51
71 52
71 60
71 61
71 65
71 69
71 72
71 75
71 84
71 85
71 86
71 90
71 91
71 92
71 95
71 100
71 102
71 103
71 104
72 2
72 15
72 27
72 50
72 51
72 52
72 60
72 61
72 69
72 84
72 85
72 86
72 90
72 91
72 95
72 102
72 103
72 104
73 2
73 3
73 6
73 9
73 13
73 15
73 21
73 24
73 27
73 31
73 32
73 34
73 37
73 39
73 40
73 41
73 43
73 45
73 50
73 51
73 52
73 54
73 60
73 61
73 62
73 65
73 67
73 69
73 70
73 72
73 75
73 82
73 84
73 85
73 86
73 90
73 91
73 92
73 95
73 100
73 102
73 103
73 104
74 2
74 3
74 5
74 6
74 7
74 9
74 10
74 11
74 13
74 15
74 16
74 21
74 23
74 24
74 25
74 26
74 27
74 28
74 29
74 31
74 32
74 33
74 34
74 35
74 37
74 39
74 40
74 41
74 43
74 45
74 46
74 49
74 50
74 51
74 52
74 53
74 54
74 55
74 58
74 60
74 61
74 62
74 64
74 65
74 67
74 68
74 69
74 70
74 71
74 72
74 73
74 75
74 79
74 80
74 82
74 84
74 85
74 86
74 87
74 89
74 90
74 91
74 92
74 93
74 94
74 95
74 100
74 101
74 102
74 103
74 104
75 2
75 15
75 27
75 50
75 51
75 52
75 60
75 61
75 69
75 84
75 85
75 86
75 90
75 91
75 95
75 102
75 103
75 104
76 2
76 3
76 7
76 9
76 11
76 13
76 15
76 27
76 31
76 37
76 39
76 40
76 41
76 45
76 50
76 51
76 52
76 54
76 60
76 61
76 65
76 67
76 69
76 70
76 72
76 75
76 80
76 82
76 84
76 85
76 86
76 90
76 91
76 92
76 95
76 102
76 103
76 104
77 2
77 3
77 4
77 5
77 6
77 7
77 8
77 9
77 10
77 11
77 12
77 13
77 15
77 16
77 17
77 19
77 21
77 22
77 23
77 24
77 25
77 26
77 27
77 28
77 29
77 31
77 32
77 33
77 34
77 35
77 36
77 37
77 38
77 39
77 40
77 41
77 42
77 43
77 45
77 46
77 47
77 48
77 49
77 50
77 51
77 52
77 53
77 54
77 55
77 56
77 58
77 60
77 61
77 62
77 63
77 64
77 65
77 66
77 67
77 68
77 69
77 70
77 71
77 72
77 73
77 74
77 75
77 78
77 79
77 80
77 81
77 82
77 83
77 84
77 85
77 86
77 87
77 88
77 89
77 90
77 91
77 92
77 93
77 94
77 95
77 97
77 98
77 99
77 100
77 101
77 102
77 103
77 104
78 2
78 3
78 5
78 9
78 10
78 15
78 21
78 24
78 25
78 26
78 27
78 29
78 32
78 33
78 34
78 39
78 41
78 45
78 50
78 51
78 52
78 53
78 54
78 55
78 58
78 60
78 61
78 62
78 65
78 67
78 69
78 71
78 72
78 75
78 81
78 82
78 84
78 85
78 86
78 89
78 90
78 91
78 92
78 95
78 100
78 102
78 103
78 104
79 2
79 3
79 9
79 13
79 15
79 21
79 24
79 26
79 27
79 29
79 32
79 34
79 39
79 41
79 43
79 45
79 50
79 51
79 52
79 53
79 54
79 58
79 60
79 61
79 62
79 65
79 67
79 69
79 70
79 71
79 72
79 75
79 82
79 84
79 85
79 86
79 90
79 91
79 92
79 95
79 100
79 102
79 103
79 104
80 2
80 3
80 9
80 13
80 15
80 27
80 31
80 37
80 39
80 40
80 41
80 45
80 50
80 51
80 52
80 54
80 60
80 61
80 65
80 67
80 69
80 70
80 72
80 75
80 82
80 84
80 85
80 86
80 90
80 91
80 92
80 95
80 102
80 103
80 104
81 2
81 15
81 27
81 32
81 50
81 51
81 52
81 60
81 61
81 65
81 69
81 75
81 84
81 85
81 86
81 90
81 91
81 92
81 95
81 100
81 102
81 103
81 104
82 2
82 3
82 9
82 15
82 27
82 45
82 50
82 51
82 52
82 60
82 61
82 65
82 69
82 72
82 75
82 84
82 85
82 86
82 90
82 91
82 92
82 95
82 102
82 103
82 104
83 2
83 3
83 5
83 6
83 7
83 8
83 9
83 10
83 12
83 13
83 15
83 17
83 19
83 21
83 23
83 24
83 25
83 26
83 27
83 28
83 29
83 31
83 32
83 33
83 34
83 35
83 36
83 37
83 38
83 39
83 40
83 41
83 42
83 43
83 45
83 46
83 47
83 48
83 50
83 51
83 52
83 53
83 54
83 55
83 56
83 58
83 60
83 61
83 62
83 63
83 64
83 65
83 66
83 67
83 68
83 69
83 70
83 71
83 72
83 73
83 75
83 78
83 79
83 80
83 81
83 82
83 84
83 85
83 86
83 87
83 88
83 89
83 90
83 91
83 92
83 94
83 95
83 97
83 98
83 99
83 100
83 101
83 102
83 103
83 104
84 61
84 104
86 2
86 15
86 27
86 50
86 51
86 52
86 61
86 69
86 84
86 85
86 90
86 91
86 102
86 104
87 2
87 3
87 5
87 9
87 10
87 13
87 15
87 21
87 24
87 25
87 26
87 27
87 29
87 32
87 33
87 34
87 39
87 41
87 43
87 45
87 50
87 51
87 52
87 53
87 54
87 55
87 58
87 60
87 61
87 62
87 65
87 67
87 69
87 71
87 72
87 75
87 82
87 84
87 85
87 86
87 89
87 90
87 91
87 92
87 95
87 100
87 102
87 103
87 104
88 2
88 15
88 27
88 50
88 51
88 52
88 60
88 61
88 69
88 75
88 84
88 85
88 86
88 90
88 91
88 92
88 95
88 100
88 102
88 103
88 104
89 2
89 3
89 5
89 9
89 15
89 21
89 24
89 26
89 27
89 29
89 32
89 34
89 39
89 41
89 45
89 50
89 51
89 52
89 53
89 54
89 58
89 60
89 61
89 62
89 65
89 67
89 69
89 71
89 72
89 75
89 82
89 84
89 85
89 86
89 90
89 91
89 92
89 95
89 100
89 102
89 103
89 104
90 51
90 61
90 85
91 51
91 61
91 85
91 90
92 2
92 15
92 27
92 50
92 51
92 52
92 60
92 61
92 69
92 75
92 84
92 85
92 86
92 90
92 91
92 95
92 102
92 103
92 104
93 2
93 3
93 6
93 7
93 9
93 11
93 13
93 15
93 16
93 21
93 24
93 27
93 31
93 32
93 34
93 37
93 39
93 40
93 41
93 43
93 45
93 50
93 51
93 52
93 54
93 60
93 61
93 62
93 65
93 67
93 68
93 69
93 70
93 72
93 73
93 75
93 80
93 82
93 84
93 85
93 86
93 90
93 91
93 92
93 95
93 100
93 102
93 103
93 104
94 2
94 3
94 5
94 9
94 10
94 13
94 15
94 21
94 24
94 25
94 26
94 27
94 28
94 29
94 32
94 33
94 34
94 39
94 41
94 43
94 45
94 50
94 51
94 52
94 53
94 54
94 55
94 58
94 60
94 61
94 62
94 65
94 67
94 69
94 70
94 71
94 72
94 75
94 79
94 82
94 84
94 85
94 86
94 87
94 89
94 90
94 91
94 92
94 95
94 100
94 102
94 103
94 104
95 2
95 15
95 27
95 50
95 51
95 52
95 61
95 69
95 84
95 85
95 90
95 91
95 102
95 104
96 2
96 3
96 6
96 7
96 9
96 11
96 13
96 15
96 16
96 21
96 24
96 27
96 31
96 32
96 34
96 37
96 39
96 40
96 41
96 43
96 45
96 50
96 51
96 52
96 54
96 60
96 61
96 62
96 65
96 67
96 68
96 69
96 70
96 72
96 73
96 75
96 76
96 80
96 82
96 84
96 85
96 86
96 90
96 91
96 92
96 93
96 95
96 100
96 102
96 103
96 104
97 2
97 3
97 5
97 6
97 8
97 9
97 10
97 12
97 13
97 15
97 17
97 19
97 21
97 23
97 24
97 25
97 26
97 27
97 28
97 29
97 31
97 32
97 33
97 34
97 36
97 37
97 38
97 39
97 40
97 41
97 42
97 43
97 45
97 47
97 48
97 50
97 51
97 52
97 53
97 54
97 55
97 58
97 60
97 61
97 62
97 63
97 65
97 67
97 69
97 70
97 71
97 72
97 75
97 78
97 79
97 81
97 82
97 84
97 85
97 86
97 87
97 88
97 89
97 90
97 91
97 92
97 94
97 95
97 100
97 101
97 102
97 103
97 104
98 2
98 3
98 5
98 6
98 8
98 9
98 10
98 12
98 13
98 15
98 17
98 19
98 21
98 23
98 24
98 25
98 26
98 27
98 28
98 29
98 31
98 32
98 33
98 34
98 36
98 37
98 38
98 39
98 40
98 41
98 42
98 43
98 45
98 47
98 48
98 50
98 51
98 52
98 53
98 54
98 55
98 58
98 60
98 61
98 62
98 63
98 65
98 67
98 69
98 70
98 71
98 72
98 75
98 78
98 79
98 81
98 82
98 84
98 85
98 86
98 87
98 88
98 89
98 90
98 91
98 92
98 94
98 95
98 100
98 101
98 102
98 103
98 104
99 2
99 3
99 5
99 6
99 7
99 8
99 9
99 10
99 12
99 13
99 15
99 21
99 23
99 24
99 25
99 26
99 27
99 28
99 29
99 31
99 32
99 33
99 34
99 35
99 37
99 39
99 40
99 41
99 42
99 43
99 45
99 46
99 48
99 50
99 51
99 52
99 53
99 54
99 55
99 58
99 60
99 61
99 62
99 64
99 65
99 67
99 68
99 69
99 70
99 71
99 72
99 73
99 75
99 78
99 79
99 80
99 81
99 82
99 84
99 85
99 86
99 87
99 89
99 90
99 91
99 92
99 94
99 95
99 100
99 101
99 102
99 103
99 104
100 2
100 15
100 27
100 50
100 51
100 52
100 60
100 61
100 69
100 75
100 84
100 85
100 86
100 90
100 91
100 92
100 95
100 102
100 103
100 104
101 2
101 3
101 5
101 6
101 9
101 13
101 15
101 21
101 24
101 26
101 27
101 28
101 29
101 31
101 32
101 34
101 37
101 39
101 40
101 41
101 43
101 45
101 50
101 51
101 52
101 53
101 54
101 58
101 60
101 61
101 62
101 65
101 67
101 69
101 70
101 71
101 72
101 75
101 79
101 82
101 84
101 85
101 86
101 89
101 90
101 91
101 92
101 95
101 100
101 102
101 103
101 104
102 2
102 15
102 27
102 50
102 51
102 52
102 61
102 84
102 85
102 90
102 104
103 2
103 15
103 27
103 50
103 51
103 52
103 61
103 84
103 85
103 104
