15 105
0 1 12 12
0 2 0 88
0 3 95 96
0 4 13 17
0 5 17 14
0 6 20 13
0 7 20 15
0 8 20 18
0 9 17 17
0 10 16 16
0 11 16 18
0 12 14 12
0 13 19 19
0 14 19 16
1 2 88 0
1 3 95 97
1 4 12 20
1 5 12 19
1 6 14 14
1 7 17 17
1 8 14 12
1 9 18 16
1 10 17 19
1 11 13 19
1 12 14 16
1 13 20 19
1 14 15 16
2 3 99 88
2 4 20 20
2 5 19 18
2 6 15 20
2 7 16 12
2 8 18 20
2 9 15 19
2 10 14 13
2 11 15 12
2 12 19 19
2 13 13 15
2 14 19 19
3 4 13 14
3 5 13 13
3 6 17 17
3 7 19 18
3 8 17 17
3 9 17 13
3 10 18 14
3 11 19 19
3 12 15 13
3 13 12 19
3 14 15 19
4 5 96 91
4 6 96 92
4 7 88 97
4 8 20 13
4 9 17 13
4 10 16 19
4 11 13 18
4 12 15 20
4 13 16 19
4 14 13 14
5 6 94 100
5 7 98 93
5 8 16 13
5 9 14 14
5 10 15 16
5 11 15 19
5 12 14 19
5 13 16 15
5 14 12 19
6 7 93 94
6 8 20 17
6 9 15 15
6 10 16 18
6 11 16 13
6 12 16 19
6 13 13 19
6 14 14 13
7 8 16 16
7 9 18 19
7 10 13 18
7 11 19 17
7 12 14 18
7 13 16 17
7 14 16 16
8 9 90 91
8 10 89 91
8 11 96 89
8 12 15 12
8 13 18 18
8 14 15 16
9 10 95 96
9 11 89 92
9 12 17 18
9 13 15 14
9 14 19 12
10 11 98 91
10 12 12 19
10 13 13 18
10 14 14 14
11 12 15 19
11 13 16 20
11 14 14 18
12 13 91 91
12 14 99 89
13 14 93 92
0 2
0 3
0 4
0 5
0 6
0 7
0 8
0 9
0 10
0 11
0 12
0 13
0 15
0 16
0 17
0 18
0 19
0 20
0 21
0 22
0 23
0 24
0 25
0 26
0 27
0 28
0 29
0 30
0 31
0 32
0 33
0 34
0 35
0 36
0 37
0 38
0 39
0 40
0 41
0 42
0 43
0 44
0 45
0 46
0 47
0 48
0 49
0 50
0 51
0 52
0 53
0 54
0 55
0 56
0 57
0 58
0 59
0 60
0 61
0 62
0 63
0 64
0 65
0 66
0 67
0 68
0 69
0 70
0 71
0 72
0 73
0 74
0 75
0 76
0 77
0 78
0 79
0 80
0 81
0 82
0 83
0 84
0 85
0 86
0 87
0 88
0 89
0 90
0 91
0 92
0 93
0 94
0 95
0 96
0 97
0 98
0 99
0 100
0 101
0 102
0 103
0 104
1 2
1 15
1 27
1 50
1 51
1 52
1 60
1 61
1 69
1 84
1 85
1 86
1 90
1 91
1 95
1 102
1 103
1 104
2 15
3 2
3 7
3 8
3 10
3 12
3 15
3 19
3 22
3 23
3 25
3 27
3 28
3 29
3 30
3 32
3 33
3 36
3 38
3 41
3 42
3 43
3 46
3 49
3 50
3 51
3 52
3 55
3 56
3 57
3 58
3 60
3 61
3 65
3 66
3 69
3 70
3 72
3 74
3 75
3 78
3 79
3 80
3 81
3 82
3 84
3 85
3 86
3 88
3 90
3 91
3 92
3 95
3 97
3 99
3 100
3 101
3 102
3 103
3 104
4 2
4 6
4 7
4 8
4 12
4 13
4 15
4 19
4 21
4 22
4 25
4 27
4 28
4 29
4 32
4 36
4 38
4 41
4 42
4 43
4 45
4 46
4 50
4 51
4 52
4 60
4 61
4 69
4 70
4 78
4 80
4 84
4 85
4 86
4 88
4 90
4 91
4 92
4 95
4 102
4 103
4 104
5 2
5 6
5 7
5 15
5 25
5 27
5 28
5 50
5 51
5 52
5 60
5 61
5 69
5 70
5 84
5 85
5 86
5 90
5 91
5 95
5 102
5 103
5 104
6 2
6 7
6 15
6 25
6 27
6 28
6 50
6 51
6 52
6 60
6 61
6 69
6 70
6 84
6 85
6 86
6 90
6 91
6 95
6 102
6 103
6 104
7 2
7 15
7 25
7 27
7 28
7 50
7 51
7 52
7 60
7 61
7 69
7 84
7 85
7 86
7 90
7 91
7 95
7 102
7 103
7 104
8 2
8 7
8 12
8 15
8 22
8 25
8 27
8 28
8 29
8 32
8 36
8 38
8 42
8 46
8 50
8 51
8 52
8 60
8 61
8 69
8 70
8 78
8 80
8 84
8 85
8 86
8 88
8 90
8 91
8 92
8 95
8 102
8 103
8 104
9 2
9 7
9 8
9 10
9 12
9 13
9 15
9 19
9 21
9 22
9 25
9 27
9 28
9 29
9 32
9 36
9 38
9 41
9 42
9 43
9 46
9 50
9 51
9 52
9 55
9 58
9 60
9 61
9 69
9 70
9 72
9 74
9 78
9 80
9 82
9 84
9 85
9 86
9 88
9 90
9 91
9 92
9 95
9 100
9 102
9 103
9 104
10 2
10 7
10 12
10 15
10 22
10 25
10 27
10 28
10 29
10 32
10 36
10 38
10 42
10 46
10 50
10 51
10 52
10 55
10 58
10 60
10 61
10 69
10 74
10 78
10 84
10 85
10 86
10 88
10 90
10 91
10 92
10 95
10 100
10 102
10 103
10 104
11 2
11 4
11 5
11 6
11 7
11 8
11 9
11 10
11 12
11 13
11 15
11 18
11 19
11 21
11 22
11 24
11 25
11 26
11 27
11 28
11 29
11 30
11 31
11 32
11 33
11 34
11 35
11 36
11 38
11 41
11 42
11 43
11 44
11 45
11 46
11 47
11 49
11 50
11 51
11 52
11 53
11 54
11 55
11 57
11 58
11 60
11 61
11 62
11 63
11 64
11 65
11 66
11 67
11 69
11 70
11 71
11 72
11 73
11 74
11 76
11 77
11 78
11 80
11 81
11 82
11 83
11 84
11 85
11 86
11 87
11 88
11 89
11 90
11 91
11 92
11 93
11 94
11 95
11 98
11 99
11 100
11 101
11 102
11 103
11 104
12 2
12 15
12 25
12 27
12 28
12 50
12 51
12 52
12 60
12 61
12 69
12 84
12 85
12 86
12 90
12 91
12 95
12 102
12 103
12 104
13 2
13 7
13 12
13 15
13 25
13 27
13 28
13 29
13 36
13 38
13 42
13 46
13 50
13 51
13 52
13 60
13 61
13 69
13 70
13 80
13 84
13 85
13 86
13 90
13 91
13 95
13 102
13 103
13 104
14 2
14 15
14 27
14 50
14 51
14 52
14 60
14 61
14 69
14 84
14 85
14 86
14 90
14 91
14 95
14 102
14 103
14 104
16 2
16 15
16 27
16 28
16 30
16 32
16 50
16 51
16 52
16 57
16 60
16 61
16 69
16 84
16 85
16 86
16 90
16 91
16 95
16 100
16 102
16 103
16 104
17 2
17 12
17 15
17 16
17 22
17 23
17 25
17 27
17 28
17 30
17 32
17 33
17 36
17 38
17 46
17 49
17 50
17 51
17 52
17 55
17 57
17 58
17 60
17 61
17 65
17 66
17 69
17 74
17 75
17 78
17 84
17 85
17 86
17 90
17 91
17 95
17 99
17 100
17 102
17 103
17 104
18 2
18 4
18 6
18 7
18 8
18 9
18 10
18 12
18 13
18 15
18 19
18 21
18 22
18 24
18 25
18 26
18 27
18 28
18 29
18 30
18 32
18 33
18 36
18 38
18 41
18 42
18 43
18 45
18 46
18 49
18 50
18 51
18 52
18 55
18 57
18 58
18 60
18 61
18 64
18 65
18 66
18 67
18 69
18 70
18 71
18 72
18 74
18 77
18 78
18 80
18 81
18 82
18 83
18 84
18 85
18 86
18 88
18 89
18 90
18 91
18 92
18 93
18 95
18 99
18 100
18 101
18 102
18 103
18 104
19 2
19 7
19 12
19 15
19 22
19 25
19 27
19 28
19 29
19 32
19 36
19 38
19 42
19 46
19 50
19 51
19 52
19 60
19 61
19 69
19 70
19 78
19 80
19 84
19 85
19 86
19 88
19 90
19 91
19 92
19 95
19 102
19 103
19 104
20 2
20 4
20 5
20 6
20 7
20 8
20 9
20 10
20 12
20 13
20 15
20 18
20 19
20 21
20 22
20 24
20 25
20 26
20 27
20 28
20 29
20 30
20 31
20 32
20 33
20 34
20 35
20 36
20 38
20 41
20 42
20 43
20 44
20 45
20 46
20 47
20 49
20 50
20 51
20 52
20 53
20 54
20 55
20 57
20 58
20 60
20 61
20 62
20 63
20 64
20 65
20 66
20 67
20 69
20 70
20 71
20 72
20 73
20 74
20 76
20 77
20 78
20 80
20 81
20 82
20 83
20 84
20 85
20 86
20 87
20 88
20 89
20 90
20 91
20 92
20 93
20 94
20 95
20 98
20 99
20 100
20 101
20 102
20 103
20 104
21 2
21 7
21 12
21 13
21 15
21 25
21 27
21 28
21 29
21 32
21 36
21 38
21 42
21 46
21 50
21 51
21 52
21 60
21 61
21 69
21 70
21 78
21 80
21 84
21 85
21 86
21 88
21 90
21 91
21 95
21 102
21 103
21 104
22 2
22 12
22 15
22 25
22 27
22 28
22 32
22 36
22 38
22 46
22 50
22 51
22 52
22 60
22 61
22 69
22 78
22 84
22 85
22 86
22 90
22 91
22 95
22 102
22 103
22 104
23 2
23 12
23 15
23 22
23 25
23 27
23 28
23 30
23 32
23 33
23 36
23 38
23 46
23 49
23 50
23 51
23 52
23 55
23 57
23 58
23 60
23 61
23 65
23 66
23 69
23 74
23 78
23 84
23 85
23 86
23 90
23 91
23 95
23 99
23 100
23 102
23 103
23 104
24 2
24 7
24 8
24 9
24 10
24 12
24 13
24 15
24 19
24 21
24 22
24 25
24 26
24 27
24 28
24 29
24 30
24 32
24 33
24 36
24 38
24 41
24 42
24 43
24 46
24 49
24 50
24 51
24 52
24 55
24 57
24 58
24 60
24 61
24 64
24 65
24 66
24 69
24 70
24 72
24 74
24 77
24 78
24 80
24 81
24 82
24 83
24 84
24 85
24 86
24 88
24 89
24 90
24 91
24 92
24 95
24 99
24 100
24 101
24 102
24 103
24 104
25 2
25 15
25 27
25 28
25 50
25 51
25 52
25 60
25 61
25 69
25 84
25 85
25 86
25 90
25 91
25 95
25 102
25 103
25 104
26 2
26 7
26 8
26 9
26 10
26 12
26 13
26 15
26 19
26 21
26 22
26 25
26 27
26 28
26 29
26 30
26 32
26 33
26 36
26 38
26 41
26 42
26 43
26 46
26 49
26 50
26 51
26 52
26 55
26 57
26 58
26 60
26 61
26 65
26 69
26 70
26 72
26 74
26 77
26 78
26 80
26 82
26 83
26 84
26 85
26 86
26 88
26 90
26 91
26 92
26 95
26 99
26 100
26 102
26 103
26 104
27 103
28 2
28 15
28 27
28 50
28 51
28 52
28 60
28 61
28 69
28 84
28 85
28 86
28 90
28 91
28 95
28 102
28 103
28 104
29 2
29 7
29 12
29 15
29 25
29 27
29 28
29 36
29 38
29 46
29 50
29 51
29 52
29 60
29 61
29 69
29 84
29 85
29 86
29 90
29 91
29 95
29 102
29 103
29 104
30 2
30 15
30 27
30 28
30 32
30 50
30 51
30 52
30 60
30 61
30 69
30 84
30 85
30 86
30 90
30 91
30 95
30 100
30 102
30 103
30 104
31 2
31 4
31 5
31 6
31 7
31 8
31 9
31 10
31 12
31 13
31 15
31 19
31 21
31 22
31 25
31 27
31 28
31 29
31 32
31 36
31 38
31 41
31 42
31 43
31 44
31 45
31 46
31 50
31 51
31 52
31 53
31 54
31 55
31 58
31 60
31 61
31 62
31 67
31 69
31 70
31 72
31 73
31 74
31 77
31 78
31 80
31 82
31 83
31 84
31 85
31 86
31 88
31 90
31 91
31 92
31 94
31 95
31 100
31 102
31 103
31 104
32 2
32 15
32 27
32 28
32 50
32 51
32 52
32 60
32 61
32 69
32 84
32 85
32 86
32 90
32 91
32 95
32 102
32 103
32 104
33 2
33 12
33 15
33 22
33 25
33 27
33 28
33 30
33 32
33 36
33 38
33 46
33 50
33 51
33 52
33 55
33 57
33 58
33 60
33 61
33 69
33 74
33 78
33 84
33 85
33 86
33 90
33 91
33 95
33 100
33 102
33 103
33 104
34 2
34 4
34 5
34 6
34 7
34 8
34 9
34 10
34 12
34 13
34 15
34 18
34 19
34 21
34 22
34 24
34 25
34 26
34 27
34 28
34 29
34 30
34 32
34 33
34 36
34 38
34 41
34 42
34 43
34 44
34 45
34 46
34 47
34 49
34 50
34 51
34 52
34 53
34 54
34 55
34 57
34 58
34 60
34 61
34 62
34 63
34 64
34 65
34 66
34 67
34 69
34 70
34 71
34 72
34 73
34 74
34 77
34 78
34 80
34 81
34 82
34 83
34 84
34 85
34 86
34 88
34 89
34 90
34 91
34 92
34 93
34 95
34 98
34 99
34 100
34 101
34 102
34 103
34 104
35 2
35 4
35 5
35 6
35 7
35 8
35 9
35 10
35 12
35 13
35 15
35 19
35 21
35 22
35 25
35 26
35 27
35 28
35 29
35 30
35 31
35 32
35 33
35 36
35 38
35 41
35 42
35 43
35 44
35 45
35 46
35 47
35 49
35 50
35 51
35 52
35 53
35 54
35 55
35 57
35 58
35 60
35 61
35 62
35 64
35 65
35 67
35 69
35 70
35 71
35 72
35 73
35 74
35 77
35 78
35 80
35 82
35 83
35 84
35 85
35 86
35 88
35 89
35 90
35 91
35 92
35 93
35 94
35 95
35 99
35 100
35 102
35 103
35 104
36 2
36 15
36 25
36 27
36 28
36 50
36 51
36 52
36 60
36 61
36 69
36 84
36 85
36 86
36 90
36 91
36 95
36 102
36 103
36 104
37 2
37 3
37 6
37 7
37 8
37 9
37 10
37 12
37 13
37 15
37 19
37 21
37 22
37 23
37 24
37 25
37 26
37 27
37 28
37 29
37 30
37 32
37 33
37 36
37 38
37 41
37 42
37 43
37 46
37 49
37 50
37 51
37 52
37 55
37 56
37 57
37 58
37 60
37 61
37 64
37 65
37 66
37 67
37 69
37 70
37 71
37 72
37 74
37 75
37 77
37 78
37 79
37 80
37 81
37 82
37 83
37 84
37 85
37 86
37 88
37 89
37 90
37 91
37 92
37 95
37 97
37 99
37 100
37 101
37 102
37 103
37 104
38 2
38 15
38 25
38 27
38 28
38 50
38 51
38 52
38 60
38 61
38 69
38 84
38 85
38 86
38 90
38 91
38 95
38 102
38 103
38 104
39 2
39 3
39 4
39 6
39 7
39 8
39 9
39 10
39 12
39 13
39 15
39 18
39 19
39 21
39 22
39 23
39 24
39 25
39 26
39 27
39 28
39 29
39 30
39 32
39 33
39 36
39 37
39 38
39 41
39 42
39 43
39 45
39 46
39 49
39 50
39 51
39 52
39 55
39 56
39 57
39 58
39 60
39 61
39 63
39 64
39 65
39 66
39 67
39 69
39 70
39 71
39 72
39 74
39 75
39 77
39 78
39 79
39 80
39 81
39 82
39 83
39 84
39 85
39 86
39 88
39 89
39 90
39 91
39 92
39 93
39 95
39 97
39 98
39 99
39 100
39 101
39 102
39 103
39 104
40 2
40 3
40 4
40 5
40 6
40 7
40 8
40 9
40 10
40 12
40 13
40 15
40 18
40 19
40 21
40 22
40 23
40 24
40 25
40 26
40 27
40 28
40 29
40 30
40 32
40 33
40 34
40 36
40 37
40 38
40 39
40 41
40 42
40 43
40 44
40 45
40 46
40 47
40 49
40 50
40 51
40 52
40 53
40 54
40 55
40 56
40 57
40 58
40 59
40 60
40 61
40 62
40 63
40 64
40 65
40 66
40 67
40 69
40 70
40 71
40 72
40 73
40 74
40 75
40 76
40 77
40 78
40 79
40 80
40 81
40 82
40 83
40 84
40 85
40 86
40 88
40 89
40 90
40 91
40 92
40 93
40 95
40 97
40 98
40 99
40 100
40 101
40 102
40 103
40 104
41 2
41 7
41 12
41 15
41 22
41 25
41 27
41 28
41 29
41 32
41 36
41 38
41 42
41 46
41 50
41 51
41 52
41 60
41 61
41 69
41 70
41 78
41 80
41 84
41 85
41 86
41 88
41 90
41 91
41 92
41 95
41 102
41 103
41 104
42 2
42 7
42 12
42 15
42 25
42 27
42 28
42 36
42 38
42 46
42 50
42 51
42 52
42 60
42 61
42 69
42 84
42 85
42 86
42 90
42 91
42 95
42 102
42 103
42 104
43 2
43 7
43 12
43 15
43 22
43 25
43 27
43 28
43 29
43 32
43 36
43 38
43 42
43 46
43 50
43 51
43 52
43 60
43 61
43 69
43 70
43 78
43 80
43 84
43 85
43 86
43 88
43 90
43 91
43 92
43 95
43 102
43 103
43 104
44 2
44 4
44 5
44 6
44 7
44 8
44 12
44 13
44 15
44 19
44 21
44 22
44 25
44 27
44 28
44 29
44 32
44 36
44 38
44 41
44 42
44 43
44 45
44 46
44 50
44 51
44 52
44 53
44 60
44 61
44 69
44 70
44 78
44 80
44 84
44 85
44 86
44 88
44 90
44 91
44 92
44 95
44 102
44 103
44 104
45 2
45 6
45 7
45 12
45 13
45 15
45 21
45 25
45 27
45 28
45 29
45 32
45 36
45 38
45 42
45 46
45 50
45 51
45 52
45 60
45 61
45 69
45 70
45 78
45 80
45 84
45 85
45 86
45 88
45 90
45 91
45 95
45 102
45 103
45 104
46 2
46 15
46 25
46 27
46 28
46 50
46 51
46 52
46 60
46 61
46 69
46 84
46 85
46 86
46 90
46 91
46 95
46 102
46 103
46 104
47 2
47 4
47 5
47 6
47 7
47 8
47 9
47 10
47 12
47 13
47 15
47 19
47 21
47 22
47 25
47 26
47 27
47 28
47 29
47 30
47 32
47 33
47 36
47 38
47 41
47 42
47 43
47 44
47 45
47 46
47 49
47 50
47 51
47 52
47 53
47 54
47 55
47 57
47 58
47 60
47 61
47 62
47 64
47 65
47 67
47 69
47 70
47 71
47 72
47 73
47 74
47 77
47 78
47 80
47 82
47 83
47 84
47 85
47 86
47 88
47 89
47 90
47 91
47 92
47 93
47 95
47 99
47 100
47 102
47 103
47 104
48 2
48 12
48 15
48 16
48 22
48 23
48 25
48 27
48 28
48 30
48 32
48 33
48 36
48 38
48 46
48 49
48 50
48 51
48 52
48 55
48 57
48 58
48 60
48 61
48 65
48 66
48 69
48 74
48 75
48 78
48 84
48 85
48 86
48 90
48 91
48 95
48 99
48 100
48 102
48 103
48 104
49 2
49 12
49 15
49 22
49 25
49 27
49 28
49 30
49 32
49 36
49 38
49 46
49 50
49 51
49 52
49 55
49 57
49 58
49 60
49 61
49 69
49 74
49 78
49 84
49 85
49 86
49 90
49 91
49 95
49 100
49 102
49 103
49 104
50 51
50 61
50 95
51 61
52 15
52 60
53 2
53 6
53 7
53 15
53 25
53 27
53 28
53 50
53 51
53 52
53 60
53 61
53 69
53 70
53 84
53 85
53 86
53 90
53 91
53 95
53 102
53 103
53 104
54 2
54 4
54 5
54 6
54 7
54 8
54 12
54 13
54 15
54 19
54 21
54 22
54 25
54 27
54 28
54 29
54 32
54 36
54 38
54 41
54 42
54 43
54 45
54 46
54 50
54 51
54 52
54 53
54 60
54 61
54 69
54 70
54 78
54 80
54 84
54 85
54 86
54 88
54 90
54 91
54 92
54 95
54 102
54 103
54 104
55 2
55 12
55 15
55 22
55 25
55 27
55 28
55 32
55 36
55 38
55 46
55 50
55 51
55 52
55 60
55 61
55 69
55 78
55 84
55 85
55 86
55 90
55 91
55 95
55 100
55 102
55 103
55 104
56 2
56 7
56 10
56 12
56 15
56 22
56 23
56 25
56 27
56 28
56 29
56 30
56 32
56 33
56 36
56 38
56 42
56 46
56 49
56 50
56 51
56 52
56 55
56 57
56 58
56 60
56 61
56 65
56 66
56 69
56 72
56 74
56 75
56 78
56 81
56 84
56 85
56 86
56 88
56 90
56 91
56 92
56 95
56 99
56 100
56 101
56 102
56 103
56 104
57 2
57 15
57 27
57 28
57 32
57 50
57 51
57 52
57 60
57 61
57 69
57 84
57 85
57 86
57 90
57 91
57 95
57 100
57 102
57 103
57 104
58 2
58 12
58 15
58 22
58 25
58 27
58 28
58 32
58 36
58 38
58 46
58 50
58 51
58 52
58 60
58 61
58 69
58 78
58 84
58 85
58 86
58 90
58 91
58 95
58 100
58 102
58 103
58 104
59 2
59 3
59 4
59 6
59 7
59 8
59 9
59 10
59 12
59 13
59 15
59 18
59 19
59 21
59 22
59 23
59 24
59 25
59 26
59 27
59 28
59 29
59 30
59 32
59 33
59 36
59 37
59 38
59 41
59 42
59 43
59 45
59 46
59 49
59 50
59 51
59 52
59 55
59 56
59 57
59 58
59 60
59 61
59 63
59 64
59 65
59 66
59 67
59 69
59 70
59 71
59 72
59 74
59 75
59 77
59 78
59 79
59 80
59 81
59 82
59 83
59 84
59 85
59 86
59 88
59 89
59 90
59 91
59 92
59 93
59 95
59 97
59 98
59 99
59 100
59 101
59 102
59 103
59 104
62 2
62 4
62 5
62 6
62 7
62 8
62 9
62 10
62 12
62 13
62 15
62 19
62 21
62 22
62 25
62 27
62 28
62 29
62 32
62 36
62 38
62 41
62 42
62 43
62 44
62 45
62 46
62 50
62 51
62 52
62 53
62 54
62 55
62 58
62 60
62 61
62 67
62 69
62 70
62 72
62 74
62 77
62 78
62 80
62 82
62 83
62 84
62 85
62 86
62 88
62 90
62 91
62 92
62 95
62 100
62 102
62 103
62 104
63 2
63 4
63 6
63 7
63 8
63 9
63 10
63 12
63 13
63 15
63 19
63 21
63 22
63 24
63 25
63 26
63 27
63 28
63 29
63 30
63 32
63 33
63 36
63 38
63 41
63 42
63 43
63 45
63 46
63 49
63 50
63 51
63 52
63 55
63 57
63 58
63 60
63 61
63 64
63 65
63 66
63 67
63 69
63 70
63 71
63 72
63 74
63 77
63 78
63 80
63 81
63 82
63 83
63 84
63 85
63 86
63 88
63 89
63 90
63 91
63 92
63 93
63 95
63 99
63 100
63 101
63 102
63 103
63 104
64 2
64 7
64 8
64 9
64 10
64 12
64 13
64 15
64 19
64 21
64 22
64 25
64 27
64 28
64 29
64 30
64 32
64 33
64 36
64 38
64 41
64 42
64 43
64 46
64 49
64 50
64 51
64 52
64 55
64 57
64 58
64 60
64 61
64 65
64 69
64 70
64 72
64 74
64 77
64 78
64 80
64 82
64 83
64 84
64 85
64 86
64 88
64 90
64 91
64 92
64 95
64 99
64 100
64 102
64 103
64 104
65 2
65 12
65 15
65 22
65 25
65 27
65 28
65 30
65 32
65 36
65 38
65 46
65 50
65 51
65 52
65 55
65 57
65 58
65 60
65 61
65 69
65 74
65 78
65 84
65 85
65 86
65 90
65 91
65 95
65 100
65 102
65 103
65 104
66 2
66 12
66 15
66 22
66 25
66 27
66 28
66 30
66 32
66 33
66 36
66 38
66 46
66 49
66 50
66 51
66 52
66 55
66 57
66 58
66 60
66 61
66 65
66 69
66 74
66 78
66 84
66 85
66 86
66 90
66 91
66 95
66 99
66 100
66 102
66 103
66 104
67 2
67 6
67 7
67 8
67 9
67 10
67 12
67 13
67 15
67 19
67 21
67 22
67 25
67 27
67 28
67 29
67 32
67 36
67 38
67 41
67 42
67 43
67 46
67 50
67 51
67 52
67 55
67 58
67 60
67 61
67 69
67 70
67 72
67 74
67 77
67 78
67 80
67 82
67 83
67 84
67 85
67 86
67 88
67 90
67 91
67 92
67 95
67 100
67 102
67 103
67 104
68 2
68 12
68 15
68 16
68 22
68 23
68 25
68 27
68 28
68 30
68 32
68 33
68 36
68 38
68 46
68 49
68 50
68 51
68 52
68 55
68 57
68 58
68 60
68 61
68 65
68 66
68 69
68 74
68 75
68 78
68 84
68 85
68 86
68 90
68 91
68 95
68 99
68 100
68 102
68 103
68 104
69 2
69 15
69 60
69 90
70 2
70 7
70 15
70 25
70 27
70 28
70 50
70 51
70 52
70 60
70 61
70 69
70 84
70 85
70 86
70 90
70 91
70 95
70 102
70 103
70 104
71 2
71 6
71 7
71 8
71 9
71 10
71 12
71 13
71 15
71 19
71 21
71 22
71 25
71 26
71 27
71 28
71 29
71 30
71 32
71 33
71 36
71 38
71 41
71 42
71 43
71 46
71 49
71 50
71 51
71 52
71 55
71 57
71 58
71 60
71 61
71 64
71 65
71 67
71 69
71 70
71 72
71 74
71 77
71 78
71 80
71 82
71 83
71 84
71 85
71 86
71 88
71 89
71 90
71 91
71 92
71 95
71 99
71 100
71 102
71 103
71 104
72 2
72 7
72 12
72 15
72 22
72 25
72 27
72 28
72 29
72 32
72 36
72 38
72 42
72 46
72 50
72 51
72 52
72 55
72 58
72 60
72 61
72 69
72 74
72 78
72 84
72 85
72 86
72 88
72 90
72 91
72 92
72 95
72 100
72 102
72 103
72 104
73 2
73 4
73 5
73 6
73 7
73 8
73 9
73 10
73 12
73 13
73 15
73 19
73 21
73 22
73 25
73 27
73 28
73 29
73 32
73 36
73 38
73 41
73 42
73 43
73 44
73 45
73 46
73 50
73 51
73 52
73 53
73 54
73 55
73 58
73 60
73 61
73 67
73 69
73 70
73 72
73 74
73 77
73 78
73 80
73 82
73 83
73 84
73 85
73 86
73 88
73 90
73 91
73 92
73 95
73 100
73 102
73 103
73 104
74 2
74 12
74 15
74 22
74 25
74 27
74 28
74 32
74 36
74 38
74 46
74 50
74 51
74 52
74 60
74 61
74 69
74 78
74 84
74 85
74 86
74 90
74 91
74 95
74 100
74 102
74 103
74 104
75 2
75 12
75 15
75 22
75 25
75 27
75 28
75 30
75 32
75 33
75 36
75 38
75 46
75 49
75 50
75 51
75 52
75 55
75 57
75 58
75 60
75 61
75 65
75 66
75 69
75 74
75 78
75 84
75 85
75 86
75 90
75 91
75 95
75 99
75 100
75 102
75 103
75 104
76 2
76 4
76 5
76 6
76 7
76 8
76 9
76 10
76 12
76 13
76 15
76 18
76 19
76 21
76 22
76 24
76 25
76 26
76 27
76 28
76 29
76 30
76 32
76 33
76 36
76 38
76 41
76 42
76 43
76 44
76 45
76 46
76 47
76 49
76 50
76 51
76 52
76 53
76 54
76 55
76 57
76 58
76 60
76 61
76 62
76 63
76 64
76 65
76 66
76 67
76 69
76 70
76 71
76 72
76 73
76 74
76 77
76 78
76 80
76 81
76 82
76 83
76 84
76 85
76 86
76 88
76 89
76 90
76 91
76 92
76 93
76 95
76 98
76 99
76 100
76 101
76 102
76 103
76 104
77 2
77 7
77 8
77 10
77 12
77 13
77 15
77 19
77 21
77 22
77 25
77 27
77 28
77 29
77 32
77 36
77 38
77 41
77 42
77 43
77 46
77 50
77 51
77 52
77 55
77 58
77 60
77 61
77 69
77 70
77 72
77 74
77 78
77 80
77 82
77 84
77 85
77 86
77 88
77 90
77 91
77 92
77 95
77 100
77 102
77 103
77 104
78 2
78 12
78 15
78 25
78 27
78 28
78 32
78 36
78 38
78 46
78 50
78 51
78 52
78 60
78 61
78 69
78 84
78 85
78 86
78 90
78 91
78 95
78 102
78 103
78 104
79 2
79 7
79 10
79 12
79 15
79 22
79 23
79 25
79 27
79 28
79 29
79 30
79 32
79 33
79 36
79 38
79 42
79 46
79 49
79 50
79 51
79 52
79 55
79 57
79 58
79 60
79 61
79 65
79 66
79 69
79 72
79 74
79 75
79 78
79 81
79 84
79 85
79 86
79 88
79 90
79 91
79 92
79 95
79 99
79 100
79 101
79 102
79 103
79 104
80 2
80 7
80 12
80 15
80 25
80 27
80 28
80 29
80 36
80 38
80 42
80 46
80 50
80 51
80 52
80 60
80 61
80 69
80 70
80 84
80 85
80 86
80 90
80 91
80 95
80 102
80 103
80 104
81 2
81 7
81 10
81 12
81 15
81 22
81 25
81 27
81 28
81 29
81 30
81 32
81 33
81 36
81 38
81 42
81 46
81 49
81 50
81 51
81 52
81 55
81 57
81 58
81 60
81 61
81 65
81 66
81 69
81 72
81 74
81 78
81 84
81 85
81 86
81 88
81 90
81 91
81 92
81 95
81 99
81 100
81 102
81 103
81 104
82 2
82 7
82 8
82 10
82 12
82 15
82 19
82 22
82 25
82 27
82 28
82 29
82 32
82 36
82 38
82 41
82 42
82 43
82 46
82 50
82 51
82 52
82 55
82 58
82 60
82 61
82 69
82 70
82 72
82 74
82 78
82 80
82 84
82 85
82 86
82 88
82 90
82 91
82 92
82 95
82 100
82 102
82 103
82 104
83 2
83 7
83 8
83 10
83 12
83 13
83 15
83 19
83 21
83 22
83 25
83 27
83 28
83 29
83 32
83 36
83 38
83 41
83 42
83 43
83 46
83 50
83 51
83 52
83 55
83 58
83 60
83 61
83 69
83 70
83 72
83 74
83 78
83 80
83 82
83 84
83 85
83 86
83 88
83 90
83 91
83 92
83 95
83 100
83 102
83 103
83 104
84 2
84 15
84 50
84 51
84 60
84 61
84 69
84 90
84 95
84 102
84 104
85 2
85 15
85 50
85 51
85 60
85 61
85 69
85 84
85 90
85 91
85 95
85 102
85 104
86 50
86 51
86 61
86 95
86 103
87 2
87 4
87 5
87 6
87 7
87 8
87 9
87 10
87 12
87 13
87 15
87 19
87 21
87 22
87 25
87 26
87 27
87 28
87 29
87 30
87 31
87 32
87 33
87 36
87 38
87 41
87 42
87 43
87 44
87 45
87 46
87 47
87 49
87 50
87 51
87 52
87 53
87 54
87 55
87 57
87 58
87 60
87 61
87 62
87 64
87 65
87 67
87 69
87 70
87 71
87 72
87 73
87 74
87 77
87 78
87 80
87 82
87 83
87 84
87 85
87 86
87 88
87 89
87 90
87 91
87 92
87 93
87 94
87 95
87 99
87 100
87 102
87 103
87 104
88 2
88 7
88 12
88 15
88 25
88 27
88 28
88 29
88 32
88 36
88 38
88 42
88 46
88 50
88 51
88 52
88 60
88 61
88 69
88 78
88 84
88 85
88 86
88 90
88 91
88 95
88 102
88 103
88 104
89 2
89 7
89 8
89 9
89 10
89 12
89 13
89 15
89 19
89 21
89 22
89 25
89 27
89 28
89 29
89 30
89 32
89 33
89 36
89 38
89 41
89 42
89 43
89 46
89 49
89 50
89 51
89 52
89 55
89 57
89 58
89 60
89 61
89 65
89 69
89 70
89 72
89 74
89 77
89 78
89 80
89 82
89 83
89 84
89 85
89 86
89 88
89 90
89 91
89 92
89 95
89 99
89 100
89 102
89 103
89 104
90 15
91 2
91 15
91 51
91 60
91 61
91 69
91 90
91 104
92 2
92 7
92 12
92 15
92 22
92 25
92 27
92 28
92 29
92 32
92 36
92 38
92 42
92 46
92 50
92 51
92 52
92 60
92 61
92 69
92 78
92 84
92 85
92 86
92 88
92 90
92 91
92 95
92 102
92 103
92 104
93 2
93 4
93 6
93 7
93 8
93 9
93 10
93 12
93 13
93 15
93 19
93 21
93 22
93 25
93 26
93 27
93 28
93 29
93 30
93 32
93 33
93 36
93 38
93 41
93 42
93 43
93 45
93 46
93 49
93 50
93 51
93 52
93 55
93 57
93 58
93 60
93 61
93 64
93 65
93 67
93 69
93 70
93 71
93 72
93 74
93 77
93 78
93 80
93 82
93 83
93 84
93 85
93 86
93 88
93 89
93 90
93 91
93 92
93 95
93 99
93 100
93 102
93 103
93 104
94 2
94 5
94 6
94 7
94 12
94 13
94 15
94 25
94 27
94 28
94 29
94 36
94 38
94 42
94 46
94 50
94 51
94 52
94 53
94 60
94 61
94 69
94 70
94 80
94 84
94 85
94 86
94 90
94 91
94 95
94 102
94 103
94 104
95 61
96 2
96 12
96 15
96 16
96 22
96 23
96 25
96 27
96 28
96 30
96 32
96 33
96 36
96 38
96 46
96 49
96 50
96 51
96 52
96 55
96 57
96 58
96 60
96 61
96 65
96 66
96 69
96 74
96 75
96 78
96 84
96 85
96 86
96 90
96 91
96 95
96 99
96 100
96 102
96 103
96 104
97 2
97 7
97 10
97 12
97 15
97 22
97 23
97 25
97 27
97 28
97 29
97 30
97 32
97 33
97 36
97 38
97 42
97 46
97 49
97 50
97 51
97 52
97 55
97 57
97 58
97 60
97 61
97 65
97 66
97 69
97 72
97 74
97 75
97 78
97 81
97 84
97 85
97 86
97 88
97 90
97 91
97 92
97 95
97 99
97 100
97 101
97 102
97 103
97 104
98 2
98 4
98 6
98 7
98 8
98 9
98 10
98 12
98 13
98 15
98 19
98 21
98 22
98 24
98 25
98 26
98 27
98 28
98 29
98 30
98 32
98 33
98 36
98 38
98 41
98 42
98 43
98 45
98 46
98 49
98 50
98 51
98 52
98 55
98 57
98 58
98 60
98 61
98 64
98 65
98 66
98 67
98 69
98 70
98 71
98 72
98 74
98 77
98 78
98 80
98 81
98 82
98 83
98 84
98 85
98 86
98 88
98 89
98 90
98 91
98 92
98 93
98 95
98 99
98 100
98 101
98 102
98 103
98 104
99 2
99 12
99 15
99 22
99 25
99 27
99 28
99 30
99 32
99 36
99 38
99 46
99 50
99 51
99 52
99 55
99 57
99 58
99 60
99 61
99 69
99 74
99 78
99 84
99 85
99 86
99 90
99 91
99 95
99 100
99 102
99 103
99 104
100 2
100 15
100 27
100 28
100 32
100 50
100 51
100 52
100 60
100 61
100 69
100 84
100 85
100 86
100 90
100 91
100 95
100 102
100 103
100 104
101 2
101 7
101 10
101 12
101 15
101 22
101 25
101 27
101 28
101 29
101 30
101 32
101 33
101 36
101 38
101 42
101 46
101 49
101 50
101 51
101 52
101 55
101 57
101 58
101 60
101 61
101 65
101 66
101 69
101 72
101 74
101 78
101 84
101 85
101 86
101 88
101 90
101 91
101 92
101 95
101 99
101 100
101 102
101 103
101 104
102 2
102 15
102 50
102 51
102 60
102 61
102 69
102 90
102 95
102 104
104 2
104 15
104 51
104 60
104 61
104 69
104 90
