17 136
0 1 6 6
0 2 0 94
0 3 95 98
0 4 21 9
0 5 9 9
0 6 20 7
0 7 20 21
0 8 24 7
0 9 14 14
0 10 18 23
0 11 15 8
0 12 19 18
0 13 24 8
0 14 21 17
0 15 23 16
0 16 21 7
1 2 94 0
1 3 97 99
1 4 14 7
1 5 6 17
1 6 12 21
1 7 21 19
1 8 8 13
1 9 9 11
1 10 19 11
1 11 17 11
1 12 20 12
1 13 10 19
1 14 7 17
1 15 21 20
1 16 19 21
2 3 97 97
2 4 14 16
2 5 17 9
2 6 24 8
2 7 12 15
2 8 22 11
2 9 14 8
2 10 16 10
2 11 24 19
2 12 20 19
2 13 9 16
2 14 19 15
2 15 14 8
2 16 21 14
3 4 9 12
3 5 14 9
3 6 24 21
3 7 23 25
3 8 11 8
3 9 22 22
3 10 17 9
3 11 19 10
3 12 10 24
3 13 11 16
3 14 17 7
3 15 10 19
3 16 24 24
4 5 98 99
4 6 97 96
4 7 97 95
4 8 19 21
4 9 8 22
4 10 15 6
4 11 12 11
4 12 11 11
4 13 9 23
4 14 22 24
4 15 16 20
4 16 21 24
5 6 100 98
5 7 98 98
5 8 19 21
5 9 15 10
5 10 12 16
5 11 23 9
5 12 13 24
5 13 14 11
5 14 6 20
5 15 20 8
5 16 11 18
6 7 98 98
6 8 8 21
6 9 23 7
6 10 22 16
6 11 24 11
6 12 24 21
6 13 15 7
6 14 22 25
6 15 15 23
6 16 25 16
7 8 19 9
7 9 20 13
7 10 7 12
7 11 13 13
7 12 12 24
7 13 22 23
7 14 15 17
7 15 24 15
7 16 12 8
8 9 97 96
8 10 100 98
8 11 94 96
8 12 23 10
8 13 8 13
8 14 10 7
8 15 9 25
8 16 20 17
9 10 95 100
9 11 94 99
9 12 25 7
9 13 22 14
9 14 25 9
9 15 10 22
9 16 13 12
10 11 95 96
10 12 11 13
10 13 18 22
10 14 15 6
10 15 18 15
10 16 7 12
11 12 11 22
11 13 22 21
11 14 11 9
11 15 9 23
11 16 18 10
12 13 97 100
12 14 100 95
12 15 97 100
12 16 23 23
13 14 94 99
13 15 98 96
13 16 21 6
14 15 99 96
14 16 16 11
15 16 22 17
0 2
0 3
0 4
0 5
0 6
0 7
0 8
0 9
0 10
0 11
0 12
0 13
0 14
0 15
0 17
0 18
0 19
0 20
0 21
0 22
0 23
0 24
0 25
0 26
0 27
0 28
0 29
0 30
0 31
0 32
0 33
0 34
0 35
0 36
0 37
0 38
0 39
0 40
0 41
0 42
0 43
0 44
0 45
0 46
0 47
0 48
0 49
0 50
0 51
0 52
0 53
0 54
0 55
0 56
0 57
0 58
0 59
0 60
0 61
0 62
0 63
0 64
0 65
0 66
0 67
0 68
0 69
0 70
0 71
0 72
0 73
0 74
0 75
0 76
0 77
0 78
0 79
0 80
0 81
0 82
0 83
0 84
0 85
0 86
0 87
0 88
0 89
0 90
0 91
0 92
0 93
0 94
0 95
0 96
0 97
0 98
0 99
0 100
0 101
0 102
0 103
0 104
0 105
0 106
0 107
0 108
0 109
0 110
0 111
0 112
0 113
0 114
0 115
0 116
0 117
0 118
0 119
0 120
0 121
0 122
0 123
0 124
0 125
0 126
0 127
0 128
0 129
0 130
0 131
0 132
0 133
0 134
0 135
1 2
1 17
1 31
1 58
1 59
1 60
1 70
1 71
1 81
1 100
1 101
1 102
1 108
1 109
1 115
1 126
1 127
1 128
1 130
1 131
1 133
2 17
2 58
2 70
2 71
2 81
2 101
2 108
2 126
2 128
3 2
3 13
3 14
3 17
3 21
3 29
3 31
3 36
3 39
3 44
3 47
3 48
3 50
3 57
3 58
3 59
3 60
3 67
3 69
3 70
3 71
3 75
3 81
3 84
3 85
3 86
3 88
3 90
3 96
3 98
3 100
3 101
3 102
3 103
3 108
3 109
3 111
3 112
3 115
3 122
3 126
3 127
3 128
3 129
3 130
3 131
3 133
3 135
4 2
4 3
4 6
4 8
4 9
4 11
4 13
4 14
4 17
4 20
4 21
4 23
4 24
4 25
4 26
4 27
4 29
4 30
4 31
4 32
4 33
4 35
4 36
4 38
4 39
4 40
4 41
4 42
4 44
4 45
4 46
4 47
4 48
4 50
4 51
4 52
4 53
4 54
4 56
4 57
4 58
4 59
4 60
4 61
4 64
4 65
4 66
4 67
4 68
4 69
4 70
4 71
4 72
4 73
4 74
4 75
4 76
4 77
4 80
4 81
4 84
4 85
4 86
4 88
4 89
4 90
4 91
4 92
4 94
4 95
4 96
4 97
4 98
4 100
4 101
4 102
4 103
4 106
4 107
4 108
4 109
4 111
4 112
4 113
4 114
4 115
4 116
4 117
4 119
4 121
4 122
4 123
4 124
4 125
4 126
4 127
4 128
4 129
4 130
4 131
4 133
4 134
4 135
5 2
5 3
5 6
5 7
5 12
5 13
5 14
5 15
5 17
5 21
5 26
5 29
5 31
5 34
5 36
5 39
5 40
5 44
5 47
5 48
5 50
5 57
5 58
5 59
5 60
5 67
5 69
5 70
5 71
5 75
5 79
5 81
5 83
5 84
5 85
5 86
5 88
5 90
5 92
5 96
5 98
5 100
5 101
5 102
5 103
5 107
5 108
5 109
5 110
5 111
5 112
5 115
5 122
5 126
5 127
5 128
5 129
5 130
5 131
5 133
5 135
6 2
6 17
6 31
6 47
6 48
6 50
6 57
6 58
6 59
6 60
6 67
6 69
6 70
6 71
6 81
6 86
6 88
6 96
6 100
6 101
6 102
6 108
6 109
6 115
6 122
6 126
6 127
6 128
6 129
6 130
6 131
6 133
7 2
7 12
7 17
7 31
7 34
7 39
7 47
7 57
7 58
7 59
7 60
7 70
7 71
7 81
7 85
7 86
7 90
7 98
7 100
7 101
7 102
7 108
7 109
7 110
7 112
7 115
7 126
7 127
7 128
7 130
7 131
7 133
8 2
8 6
8 9
8 11
8 13
8 14
8 17
8 21
8 29
8 30
8 31
8 32
8 39
8 40
8 42
8 44
8 47
8 48
8 50
8 57
8 58
8 59
8 60
8 61
8 67
8 68
8 69
8 70
8 71
8 72
8 81
8 84
8 86
8 88
8 89
8 90
8 96
8 97
8 98
8 100
8 101
8 102
8 107
8 108
8 109
8 111
8 115
8 117
8 119
8 122
8 126
8 127
8 128
8 129
8 130
8 131
8 133
8 135
9 2
9 17
9 31
9 48
9 57
9 58
9 59
9 60
9 67
9 69
9 70
9 71
9 81
9 88
9 96
9 100
9 101
9 102
9 108
9 109
9 115
9 126
9 127
9 128
9 129
9 130
9 131
9 133
10 2
10 3
10 6
10 9
10 11
10 12
10 13
10 14
10 17
10 21
10 24
10 25
10 26
10 29
10 30
10 31
10 33
10 34
10 36
10 38
10 39
10 40
10 42
10 44
10 47
10 48
10 50
10 51
10 52
10 57
10 58
10 59
10 60
10 61
10 67
10 68
10 69
10 70
10 71
10 72
10 73
10 75
10 79
10 81
10 84
10 85
10 86
10 88
10 89
10 90
10 91
10 92
10 96
10 97
10 98
10 100
10 101
10 102
10 103
10 107
10 108
10 109
10 111
10 112
10 115
10 117
10 119
10 122
10 125
10 126
10 127
10 128
10 129
10 130
10 131
10 133
10 134
10 135
11 2
11 6
11 17
11 21
11 29
11 30
11 31
11 39
11 40
11 47
11 48
11 50
11 57
11 58
11 59
11 60
11 61
11 67
11 69
11 70
11 71
11 72
11 81
11 86
11 88
11 96
11 100
11 101
11 102
11 108
11 109
11 115
11 122
11 126
11 127
11 128
11 129
11 130
11 131
11 133
12 2
12 17
12 31
12 39
12 47
12 57
12 58
12 59
12 60
12 70
12 71
12 81
12 85
12 86
12 90
12 98
12 100
12 101
12 102
12 108
12 109
12 112
12 115
12 126
12 127
12 128
12 130
12 131
12 133
13 2
13 17
13 21
13 29
13 31
13 39
13 47
13 48
13 50
13 57
13 58
13 59
13 60
13 67
13 69
13 70
13 71
13 81
13 86
13 88
13 96
13 100
13 101
13 102
13 108
13 109
13 115
13 122
13 126
13 127
13 128
13 129
13 130
13 131
13 133
13 135
14 2
14 17
14 31
14 39
14 47
14 48
14 57
14 58
14 59
14 60
14 70
14 71
14 81
14 86
14 90
14 100
14 101
14 102
14 108
14 109
14 115
14 126
14 127
14 128
14 129
14 130
14 131
14 133
15 2
15 3
15 7
15 12
15 13
15 14
15 17
15 21
15 29
15 31
15 34
15 36
15 39
15 44
15 47
15 48
15 50
15 57
15 58
15 59
15 60
15 67
15 69
15 70
15 71
15 75
15 81
15 83
15 84
15 85
15 86
15 88
15 90
15 96
15 98
15 100
15 101
15 102
15 103
15 108
15 109
15 110
15 111
15 112
15 115
15 122
15 126
15 127
15 128
15 129
15 130
15 131
15 133
15 135
16 2
16 17
16 31
16 58
16 59
16 60
16 70
16 71
16 81
16 100
16 101
16 102
16 108
16 109
16 115
16 126
16 127
16 128
16 130
16 131
16 133
17 58
17 126
17 128
18 2
18 3
18 5
18 6
18 7
18 8
18 9
18 10
18 11
18 12
18 13
18 14
18 15
18 17
18 21
18 24
18 25
18 26
18 29
18 30
18 31
18 32
18 33
18 34
18 36
18 37
18 38
18 39
18 40
18 42
18 43
18 44
18 46
18 47
18 48
18 50
18 51
18 52
18 55
18 57
18 58
18 59
18 60
18 61
18 67
18 68
18 69
18 70
18 71
18 72
18 73
18 75
18 77
18 79
18 81
18 83
18 84
18 85
18 86
18 87
18 88
18 89
18 90
18 91
18 92
18 96
18 97
18 98
18 100
18 101
18 102
18 103
18 107
18 108
18 109
18 110
18 111
18 112
18 115
18 117
18 119
18 122
18 125
18 126
18 127
18 128
18 129
18 130
18 131
18 133
18 134
18 135
19 2
19 6
19 9
19 11
19 13
19 17
19 20
19 21
19 27
19 28
19 29
19 30
19 31
19 39
19 40
19 47
19 48
19 50
19 53
19 56
19 57
19 58
19 59
19 60
19 61
19 62
19 66
19 67
19 68
19 69
19 70
19 71
19 72
19 76
19 78
19 80
19 81
19 82
19 86
19 88
19 89
19 95
19 96
19 97
19 100
19 101
19 102
19 106
19 107
19 108
19 109
19 113
19 115
19 117
19 121
19 122
19 124
19 126
19 127
19 128
19 129
19 130
19 131
19 133
19 135
20 2
20 6
20 9
20 17
20 30
20 31
20 47
20 48
20 50
20 57
20 58
20 59
20 60
20 61
20 67
20 69
20 70
20 71
20 72
20 76
20 81
20 86
20 88
20 89
20 95
20 96
20 100
20 101
20 102
20 108
20 109
20 115
20 117
20 122
20 126
20 127
20 128
20 129
20 130
20 131
20 133
21 2
21 17
21 29
21 31
21 39
21 47
21 48
21 50
21 57
21 58
21 59
21 60
21 67
21 69
21 70
21 71
21 81
21 86
21 88
21 96
21 100
21 101
21 102
21 108
21 109
21 115
21 122
21 126
21 127
21 128
21 129
21 130
21 131
21 133
22 2
22 6
22 8
22 9
22 11
22 13
22 14
22 17
22 20
22 21
22 27
22 29
22 30
22 31
22 32
22 35
22 39
22 40
22 41
22 42
22 44
22 47
22 48
22 50
22 53
22 54
22 56
22 57
22 58
22 59
22 60
22 61
22 62
22 66
22 67
22 68
22 69
22 70
22 71
22 72
22 74
22 76
22 80
22 81
22 82
22 84
22 86
22 88
22 89
22 90
22 92
22 94
22 95
22 96
22 97
22 98
22 100
22 101
22 102
22 106
22 107
22 108
22 109
22 111
22 113
22 115
22 116
22 117
22 119
22 121
22 122
22 124
22 126
22 127
22 128
22 129
22 130
22 131
22 133
22 135
23 2
23 6
23 8
23 9
23 11
23 13
23 14
23 17
23 20
23 21
23 24
23 25
23 26
23 27
23 29
23 30
23 31
23 32
23 35
23 36
23 39
23 40
23 41
23 42
23 44
23 45
23 47
23 48
23 50
23 53
23 54
23 56
23 57
23 58
23 59
23 60
23 61
23 64
23 65
23 66
23 67
23 68
23 69
23 70
23 71
23 72
23 74
23 76
23 77
23 80
23 81
23 84
23 85
23 86
23 88
23 89
23 90
23 92
23 94
23 95
23 96
23 97
23 98
23 100
23 101
23 102
23 106
23 107
23 108
23 109
23 111
23 113
23 114
23 115
23 116
23 117
23 119
23 121
23 122
23 124
23 126
23 127
23 128
23 129
23 130
23 131
23 133
23 134
23 135
24 2
24 6
24 11
24 13
24 14
24 17
24 21
24 26
24 29
24 30
24 31
24 36
24 39
24 40
24 42
24 44
24 47
24 48
24 50
24 57
24 58
24 59
24 60
24 61
24 67
24 69
24 70
24 71
24 72
24 81
24 84
24 85
24 86
24 88
24 90
24 92
24 96
24 98
24 100
24 101
24 102
24 107
24 108
24 109
24 111
24 115
24 122
24 126
24 127
24 128
24 129
24 130
24 131
24 133
24 135
25 2
25 6
25 9
25 11
25 13
25 14
25 17
25 21
25 24
25 26
25 29
25 30
25 31
25 36
25 39
25 40
25 42
25 44
25 47
25 48
25 50
25 57
25 58
25 59
25 60
25 61
25 67
25 69
25 70
25 71
25 72
25 81
25 84
25 85
25 86
25 88
25 90
25 92
25 96
25 98
25 100
25 101
25 102
25 107
25 108
25 109
25 111
25 115
25 117
25 119
25 122
25 126
25 127
25 128
25 129
25 130
25 131
25 133
25 135
26 2
26 6
26 13
26 14
26 17
26 21
26 29
26 31
26 39
26 40
26 44
26 47
26 48
26 50
26 57
26 58
26 59
26 60
26 67
26 69
26 70
26 71
26 81
26 84
26 86
26 88
26 90
26 92
26 96
26 98
26 100
26 101
26 102
26 107
26 108
26 109
26 111
26 115
26 122
26 126
26 127
26 128
26 129
26 130
26 131
26 133
26 135
27 2
27 6
27 9
27 17
27 20
27 21
27 29
27 30
27 31
27 39
27 40
27 47
27 48
27 50
27 53
27 57
27 58
27 59
27 60
27 61
27 67
27 68
27 69
27 70
27 71
27 72
27 76
27 81
27 86
27 88
27 89
27 95
27 96
27 100
27 101
27 102
27 108
27 109
27 113
27 115
27 117
27 121
27 122
27 126
27 127
27 128
27 129
27 130
27 131
27 133
28 2
28 6
28 9
28 11
28 13
28 17
28 20
28 21
28 27
28 29
28 30
28 31
28 39
28 40
28 47
28 48
28 50
28 53
28 56
28 57
28 58
28 59
28 60
28 61
28 62
28 66
28 67
28 68
28 69
28 70
28 71
28 72
28 76
28 80
28 81
28 82
28 86
28 88
28 89
28 95
28 96
28 97
28 100
28 101
28 102
28 106
28 107
28 108
28 109
28 113
28 115
28 117
28 121
28 122
28 124
28 126
28 127
28 128
28 129
28 130
28 131
28 133
28 135
29 2
29 17
29 31
29 47
29 48
29 50
29 57
29 58
29 59
29 60
29 67
29 69
29 70
29 71
29 81
29 86
29 88
29 96
29 100
29 101
29 102
29 108
29 109
29 115
29 122
29 126
29 127
29 128
29 129
29 130
29 131
29 133
30 2
30 6
30 17
30 31
30 47
30 48
30 50
30 57
30 58
30 59
30 60
30 67
30 69
30 70
30 71
30 81
30 86
30 88
30 96
30 100
30 101
30 102
30 108
30 109
30 115
30 122
30 126
30 127
30 128
30 129
30 130
30 131
30 133
31 17
31 58
31 70
31 71
31 81
31 101
31 126
31 128
32 2
32 6
32 9
32 11
32 13
32 14
32 17
32 21
32 29
32 30
32 31
32 39
32 40
32 47
32 48
32 50
32 57
32 58
32 59
32 60
32 61
32 67
32 68
32 69
32 70
32 71
32 72
32 81
32 84
32 86
32 88
32 89
32 90
32 96
32 97
32 100
32 101
32 102
32 107
32 108
32 109
32 115
32 117
32 122
32 126
32 127
32 128
32 129
32 130
32 131
32 133
32 135
33 2
33 3
33 6
33 9
33 11
33 13
33 14
33 17
33 21
33 24
33 25
33 26
33 29
33 30
33 31
33 36
33 39
33 40
33 42
33 44
33 47
33 48
33 50
33 52
33 57
33 58
33 59
33 60
33 61
33 67
33 69
33 70
33 71
33 72
33 75
33 81
33 84
33 85
33 86
33 88
33 90
33 91
33 92
33 96
33 98
33 100
33 101
33 102
33 103
33 107
33 108
33 109
33 111
33 112
33 115
33 117
33 119
33 122
33 125
33 126
33 127
33 128
33 129
33 130
33 131
33 133
33 135
34 2
34 17
34 31
34 39
34 47
34 57
34 58
34 59
34 60
34 70
34 71
34 81
34 85
34 86
34 90
34 98
34 100
34 101
34 102
34 108
34 109
34 112
34 115
34 126
34 127
34 128
34 130
34 131
34 133
35 2
35 6
35 9
35 11
35 13
35 14
35 17
35 20
35 21
35 29
35 30
35 31
35 32
35 39
35 40
35 42
35 47
35 48
35 50
35 57
35 58
35 59
35 60
35 61
35 67
35 68
35 69
35 70
35 71
35 72
35 74
35 76
35 81
35 84
35 86
35 88
35 89
35 90
35 95
35 96
35 97
35 98
35 100
35 101
35 102
35 107
35 108
35 109
35 115
35 117
35 119
35 122
35 126
35 127
35 128
35 129
35 130
35 131
35 133
35 135
36 2
36 14
36 17
36 31
36 39
36 47
36 48
36 50
36 57
36 58
36 59
36 60
36 67
36 70
36 71
36 81
36 84
36 85
36 86
36 88
36 90
36 96
36 98
36 100
36 101
36 102
36 108
36 109
36 111
36 115
36 122
36 126
36 127
36 128
36 129
36 130
36 131
36 133
36 135
37 2
37 3
37 6
37 8
37 9
37 10
37 11
37 12
37 13
37 14
37 17
37 21
37 24
37 25
37 26
37 29
37 30
37 31
37 32
37 33
37 34
37 36
37 38
37 39
37 40
37 42
37 44
37 46
37 47
37 48
37 50
37 51
37 52
37 57
37 58
37 59
37 60
37 61
37 67
37 68
37 69
37 70
37 71
37 72
37 73
37 75
37 77
37 79
37 81
37 84
37 85
37 86
37 88
37 89
37 90
37 91
37 92
37 96
37 97
37 98
37 100
37 101
37 102
37 103
37 107
37 108
37 109
37 111
37 112
37 115
37 117
37 119
37 122
37 125
37 126
37 127
37 128
37 129
37 130
37 131
37 133
37 134
37 135
38 2
38 6
38 9
38 11
38 13
38 14
38 17
38 21
38 24
38 25
38 26
38 29
38 30
38 31
38 36
38 39
38 40
38 42
38 44
38 47
38 48
38 50
38 52
38 57
38 58
38 59
38 60
38 61
38 67
38 68
38 69
38 70
38 71
38 72
38 81
38 84
38 85
38 86
38 88
38 90
38 92
38 96
38 98
38 100
38 101
38 102
38 103
38 107
38 108
38 109
38 111
38 115
38 117
38 119
38 122
38 125
38 126
38 127
38 128
38 129
38 130
38 131
38 133
38 134
38 135
39 2
39 17
39 31
39 47
39 57
39 58
39 59
39 60
39 70
39 71
39 81
39 86
39 100
39 101
39 102
39 108
39 109
39 115
39 126
39 127
39 128
39 130
39 131
39 133
40 2
40 6
40 17
40 21
40 29
40 31
40 39
40 47
40 48
40 50
40 57
40 58
40 59
40 60
40 67
40 69
40 70
40 71
40 81
40 86
40 88
40 96
40 100
40 101
40 102
40 108
40 109
40 115
40 122
40 126
40 127
40 128
40 129
40 130
40 131
40 133
41 2
41 6
41 9
41 11
41 13
41 14
41 17
41 20
41 21
41 27
41 29
41 30
41 31
41 32
41 39
41 40
41 47
41 48
41 50
41 53
41 54
41 56
41 57
41 58
41 59
41 60
41 61
41 66
41 67
41 68
41 69
41 70
41 71
41 72
41 74
41 76
41 80
41 81
41 84
41 86
41 88
41 89
41 90
41 95
41 96
41 97
41 100
41 101
41 102
41 106
41 107
41 108
41 109
41 113
41 115
41 117
41 121
41 122
41 124
41 126
41 127
41 128
41 129
41 130
41 131
41 133
41 135
42 2
42 6
42 11
42 13
42 14
42 17
42 21
42 29
42 30
42 31
42 39
42 40
42 47
42 48
42 50
42 57
42 58
42 59
42 60
42 61
42 67
42 69
42 70
42 71
42 72
42 81
42 84
42 86
42 88
42 90
42 96
42 98
42 100
42 101
42 102
42 107
42 108
42 109
42 115
42 122
42 126
42 127
42 128
42 129
42 130
42 131
42 133
42 135
43 2
43 3
43 6
43 8
43 9
43 10
43 11
43 12
43 13
43 14
43 17
43 21
43 24
43 25
43 26
43 29
43 30
43 31
43 32
43 33
43 34
43 36
43 38
43 39
43 40
43 42
43 44
43 46
43 47
43 48
43 50
43 51
43 52
43 57
43 58
43 59
43 60
43 61
43 67
43 68
43 69
43 70
43 71
43 72
43 73
43 75
43 77
43 79
43 81
43 84
43 85
43 86
43 88
43 89
43 90
43 91
43 92
43 96
43 97
43 98
43 100
43 101
43 102
43 103
43 107
43 108
43 109
43 111
43 112
43 115
43 117
43 119
43 122
43 125
43 126
43 127
43 128
43 129
43 130
43 131
43 133
43 134
43 135
44 2
44 13
44 14
44 17
44 21
44 29
44 31
44 39
44 47
44 48
44 50
44 57
44 58
44 59
44 60
44 67
44 69
44 70
44 71
44 81
44 84
44 86
44 88
44 90
44 96
44 98
44 100
44 101
44 102
44 108
44 109
44 111
44 115
44 122
44 126
44 127
44 128
44 129
44 130
44 131
44 133
44 135
45 2
45 6
45 8
45 9
45 11
45 13
45 14
45 17
45 20
45 21
45 26
45 27
45 29
45 30
45 31
45 32
45 35
45 39
45 40
45 41
45 42
45 44
45 47
45 48
45 50
45 53
45 54
45 56
45 57
45 58
45 59
45 60
45 61
45 66
45 67
45 68
45 69
45 70
45 71
45 72
45 74
45 76
45 80
45 81
45 84
45 86
45 88
45 89
45 90
45 92
45 94
45 95
45 96
45 97
45 98
45 100
45 101
45 102
45 106
45 107
45 108
45 109
45 111
45 113
45 114
45 115
45 116
45 117
45 119
45 121
45 122
45 124
45 126
45 127
45 128
45 129
45 130
45 131
45 133
45 135
46 2
46 3
46 6
46 8
46 9
46 11
46 13
46 14
46 17
46 21
46 24
46 25
46 26
46 29
46 30
46 31
46 32
46 33
46 36
46 38
46 39
46 40
46 42
46 44
46 47
46 48
46 50
46 51
46 52
46 57
46 58
46 59
46 60
46 61
46 67
46 68
46 69
46 70
46 71
46 72
46 73
46 75
46 77
46 81
46 84
46 85
46 86
46 88
46 89
46 90
46 91
46 92
46 96
46 97
46 98
46 100
46 101
46 102
46 103
46 107
46 108
46 109
46 111
46 112
46 115
46 117
46 119
46 122
46 125
46 126
46 127
46 128
46 129
46 130
46 131
46 133
46 134
46 135
47 2
47 17
47 31
47 57
47 58
47 59
47 60
47 70
47 71
47 81
47 100
47 101
47 102
47 108
47 109
47 115
47 126
47 127
47 128
47 130
47 131
47 133
48 2
48 17
48 31
48 58
48 59
48 60
48 70
48 71
48 81
48 100
48 101
48 102
48 108
48 109
48 115
48 126
48 127
48 128
48 130
48 131
48 133
49 2
49 3
49 6
49 8
49 9
49 10
49 11
49 12
49 13
49 14
49 17
49 20
49 21
49 24
49 25
49 26
49 29
49 30
49 31
49 32
49 33
49 34
49 35
49 36
49 37
49 38
49 39
49 40
49 42
49 43
49 44
49 46
49 47
49 48
49 50
49 51
49 52
49 54
49 57
49 58
49 59
49 60
49 61
49 64
49 65
49 67
49 68
49 69
49 70
49 71
49 72
49 73
49 74
49 75
49 76
49 77
49 79
49 80
49 81
49 84
49 85
49 86
49 88
49 89
49 90
49 91
49 92
49 94
49 95
49 96
49 97
49 98
49 99
49 100
49 101
49 102
49 103
49 107
49 108
49 109
49 111
49 112
49 114
49 115
49 116
49 117
49 119
49 121
49 122
49 123
49 125
49 126
49 127
49 128
49 129
49 130
49 131
49 133
49 134
49 135
50 2
50 17
50 31
50 48
50 57
50 58
50 59
50 60
50 67
50 70
50 71
50 81
50 88
50 96
50 100
50 101
50 102
50 108
50 109
50 115
50 126
50 127
50 128
50 129
50 130
50 131
50 133
51 2
51 3
51 6
51 9
51 11
51 13
51 14
51 17
51 21
51 24
51 25
51 26
51 29
51 30
51 31
51 36
51 39
51 40
51 42
51 44
51 47
51 48
51 50
51 52
51 57
51 58
51 59
51 60
51 61
51 67
51 69
51 70
51 71
51 72
51 75
51 81
51 84
51 85
51 86
51 88
51 90
51 91
51 92
51 96
51 98
51 100
51 101
51 102
51 103
51 107
51 108
51 109
51 111
51 112
51 115
51 117
51 119
51 122
51 125
51 126
51 127
51 128
51 129
51 130
51 131
51 133
51 135
52 2
52 6
52 11
52 13
52 14
52 17
52 21
52 24
52 26
52 29
52 30
52 31
52 36
52 39
52 40
52 42
52 44
52 47
52 48
52 50
52 57
52 58
52 59
52 60
52 61
52 67
52 69
52 70
52 71
52 72
52 81
52 84
52 85
52 86
52 88
52 90
52 92
52 96
52 98
52 100
52 101
52 102
52 103
52 107
52 108
52 109
52 111
52 115
52 122
52 126
52 127
52 128
52 129
52 130
52 131
52 133
52 135
53 2
53 17
53 31
53 48
53 57
53 58
53 59
53 60
53 67
53 69
53 70
53 71
53 76
53 81
53 88
53 95
53 100
53 101
53 102
53 108
53 109
53 115
53 126
53 127
53 128
53 130
53 131
53 133
54 2
54 6
54 9
54 11
54 13
54 14
54 17
54 20
54 21
54 29
54 30
54 31
54 32
54 39
54 40
54 47
54 48
54 50
54 57
54 58
54 59
54 60
54 61
54 67
54 68
54 69
54 70
54 71
54 72
54 74
54 76
54 80
54 81
54 84
54 86
54 88
54 89
54 90
54 95
54 96
54 97
54 100
54 101
54 102
54 107
54 108
54 109
54 115
54 117
54 121
54 122
54 126
54 127
54 128
54 129
54 130
54 131
54 133
54 135
55 2
55 3
55 5
55 6
55 7
55 9
55 11
55 12
55 13
55 14
55 15
55 17
55 21
55 24
55 25
55 26
55 29
55 30
55 31
55 33
55 34
55 36
55 39
55 40
55 42
55 44
55 47
55 48
55 50
55 51
55 52
55 57
55 58
55 59
55 60
55 61
55 67
55 69
55 70
55 71
55 72
55 75
55 79
55 81
55 83
55 84
55 85
55 86
55 88
55 90
55 91
55 92
55 96
55 98
55 100
55 101
55 102
55 103
55 107
55 108
55 109
55 110
55 111
55 112
55 115
55 117
55 119
55 122
55 125
55 126
55 127
55 128
55 129
55 130
55 131
55 133
55 135
56 2
56 6
56 9
56 17
56 20
56 21
56 29
56 30
56 31
56 39
56 40
56 47
56 48
56 50
56 53
56 57
56 58
56 59
56 60
56 61
56 67
56 68
56 69
56 70
56 71
56 72
56 76
56 81
56 86
56 88
56 89
56 95
56 96
56 100
56 101
56 102
56 108
56 109
56 113
56 115
56 117
56 121
56 122
56 126
56 127
56 128
56 129
56 130
56 131
56 133
57 2
57 17
57 31
57 58
57 59
57 60
57 70
57 71
57 81
57 100
57 101
57 102
57 108
57 109
57 115
57 126
57 127
57 128
57 130
57 131
57 133
59 17
59 31
59 58
59 70
59 71
59 81
59 101
59 126
59 128
59 131
59 133
60 17
60 31
60 58
60 59
60 70
60 71
60 81
60 100
60 101
60 126
60 127
60 128
60 131
60 133
61 2
61 6
61 17
61 31
61 47
61 48
61 50
61 57
61 58
61 59
61 60
61 67
61 69
61 70
61 71
61 81
61 86
61 88
61 96
61 100
61 101
61 102
61 108
61 109
61 115
61 122
61 126
61 127
61 128
61 129
61 130
61 131
61 133
62 2
62 9
62 17
62 31
62 48
62 50
62 53
62 57
62 58
62 59
62 60
62 66
62 67
62 69
62 70
62 71
62 76
62 81
62 88
62 89
62 95
62 96
62 100
62 101
62 102
62 106
62 108
62 109
62 113
62 115
62 117
62 121
62 124
62 126
62 127
62 128
62 129
62 130
62 131
62 133
63 2
63 3
63 5
63 6
63 7
63 9
63 10
63 11
63 12
63 13
63 14
63 15
63 17
63 21
63 24
63 25
63 26
63 29
63 30
63 31
63 33
63 34
63 36
63 38
63 39
63 40
63 42
63 44
63 47
63 48
63 50
63 51
63 52
63 55
63 57
63 58
63 59
63 60
63 61
63 67
63 68
63 69
63 70
63 71
63 72
63 73
63 75
63 79
63 81
63 83
63 84
63 85
63 86
63 87
63 88
63 89
63 90
63 91
63 92
63 96
63 97
63 98
63 100
63 101
63 102
63 103
63 107
63 108
63 109
63 110
63 111
63 112
63 115
63 117
63 119
63 122
63 125
63 126
63 127
63 128
63 129
63 130
63 131
63 132
63 133
63 134
63 135
64 2
64 6
64 8
64 9
64 11
64 13
64 14
64 17
64 20
64 21
64 24
64 25
64 26
64 29
64 30
64 31
64 32
64 35
64 36
64 39
64 40
64 42
64 44
64 47
64 48
64 50
64 57
64 58
64 59
64 60
64 61
64 67
64 68
64 69
64 70
64 71
64 72
64 74
64 76
64 77
64 81
64 84
64 85
64 86
64 88
64 89
64 90
64 92
64 94
64 95
64 96
64 97
64 98
64 100
64 101
64 102
64 107
64 108
64 109
64 111
64 114
64 115
64 117
64 119
64 122
64 126
64 127
64 128
64 129
64 130
64 131
64 133
64 134
64 135
65 2
65 6
65 8
65 9
65 11
65 13
65 14
65 17
65 20
65 21
65 24
65 25
65 26
65 29
65 30
65 31
65 32
65 35
65 36
65 39
65 40
65 42
65 44
65 47
65 48
65 50
65 54
65 57
65 58
65 59
65 60
65 61
65 64
65 67
65 68
65 69
65 70
65 71
65 72
65 74
65 76
65 77
65 80
65 81
65 84
65 85
65 86
65 88
65 89
65 90
65 92
65 94
65 95
65 96
65 97
65 98
65 100
65 101
65 102
65 107
65 108
65 109
65 111
65 114
65 115
65 116
65 117
65 119
65 121
65 122
65 126
65 127
65 128
65 129
65 130
65 131
65 133
65 134
65 135
66 2
66 9
66 17
66 31
66 48
66 53
66 57
66 58
66 59
66 60
66 67
66 69
66 70
66 71
66 76
66 81
66 88
66 89
66 95
66 96
66 100
66 101
66 102
66 106
66 108
66 109
66 115
66 126
66 127
66 128
66 129
66 130
66 131
66 133
67 2
67 17
67 31
67 48
67 57
67 58
67 59
67 60
67 70
67 71
67 81
67 88
67 100
67 101
67 102
67 108
67 109
67 115
67 126
67 127
67 128
67 130
67 131
67 133
68 2
68 6
68 9
68 17
68 29
68 30
68 31
68 47
68 48
68 50
68 57
68 58
68 59
68 60
68 61
68 67
68 69
68 70
68 71
68 72
68 81
68 86
68 88
68 96
68 100
68 101
68 102
68 108
68 109
68 115
68 117
68 122
68 126
68 127
68 128
68 129
68 130
68 131
68 133
69 2
69 17
69 31
69 48
69 57
69 58
69 59
69 60
69 67
69 70
69 71
69 81
69 88
69 100
69 101
69 102
69 108
69 109
69 115
69 126
69 127
69 128
69 130
69 131
69 133
71 58
71 70
71 101
72 2
72 6
72 17
72 31
72 47
72 48
72 50
72 57
72 58
72 59
72 60
72 67
72 69
72 70
72 71
72 81
72 86
72 88
72 96
72 100
72 101
72 102
72 108
72 109
72 115
72 122
72 126
72 127
72 128
72 129
72 130
72 131
72 133
73 2
73 6
73 9
73 11
73 13
73 14
73 17
73 21
73 24
73 25
73 26
73 29
73 30
73 31
73 36
73 38
73 39
73 40
73 42
73 44
73 47
73 48
73 50
73 52
73 57
73 58
73 59
73 60
73 61
73 67
73 68
73 69
73 70
73 71
73 72
73 81
73 84
73 85
73 86
73 88
73 89
73 90
73 92
73 96
73 97
73 98
73 100
73 101
73 102
73 103
73 107
73 108
73 109
73 111
73 115
73 117
73 119
73 122
73 125
73 126
73 127
73 128
73 129
73 130
73 131
73 133
73 134
73 135
74 2
74 6
74 9
74 11
74 13
74 14
74 17
74 20
74 21
74 29
74 30
74 31
74 32
74 39
74 40
74 47
74 48
74 50
74 57
74 58
74 59
74 60
74 61
74 67
74 68
74 69
74 70
74 71
74 72
74 76
74 81
74 84
74 86
74 88
74 89
74 90
74 95
74 96
74 97
74 100
74 101
74 102
74 107
74 108
74 109
74 115
74 117
74 122
74 126
74 127
74 128
74 129
74 130
74 131
74 133
74 135
75 2
75 14
75 17
75 31
75 39
75 47
75 48
75 57
75 58
75 59
75 60
75 70
75 71
75 81
75 85
75 86
75 90
75 98
75 100
75 101
75 102
75 103
75 108
75 109
75 112
75 115
75 126
75 127
75 128
75 129
75 130
75 131
75 133
76 2
76 17
76 31
76 48
76 57
76 58
76 59
76 60
76 67
76 69
76 70
76 71
76 81
76 88
76 100
76 101
76 102
76 108
76 109
76 115
76 126
76 127
76 128
76 130
76 131
76 133
77 2
77 6
77 8
77 9
77 11
77 13
77 14
77 17
77 21
77 24
77 25
77 26
77 29
77 30
77 31
77 32
77 36
77 39
77 40
77 42
77 44
77 47
77 48
77 50
77 57
77 58
77 59
77 60
77 61
77 67
77 68
77 69
77 70
77 71
77 72
77 81
77 84
77 85
77 86
77 88
77 89
77 90
77 92
77 96
77 97
77 98
77 100
77 101
77 102
77 107
77 108
77 109
77 111
77 115
77 117
77 119
77 122
77 126
77 127
77 128
77 129
77 130
77 131
77 133
77 134
77 135
78 2
78 6
78 9
78 17
78 20
78 29
78 30
78 31
78 47
78 48
78 50
78 53
78 57
78 58
78 59
78 60
78 61
78 62
78 66
78 67
78 68
78 69
78 70
78 71
78 72
78 76
78 81
78 82
78 86
78 88
78 89
78 95
78 96
78 100
78 101
78 102
78 106
78 108
78 109
78 113
78 115
78 117
78 121
78 122
78 124
78 126
78 127
78 128
78 129
78 130
78 131
78 133
79 2
79 3
79 6
79 12
79 13
79 14
79 17
79 21
79 26
79 29
79 31
79 34
79 36
79 39
79 40
79 44
79 47
79 48
79 50
79 57
79 58
79 59
79 60
79 67
79 69
79 70
79 71
79 75
79 81
79 84
79 85
79 86
79 88
79 90
79 92
79 96
79 98
79 100
79 101
79 102
79 103
79 107
79 108
79 109
79 111
79 112
79 115
79 122
79 126
79 127
79 128
79 129
79 130
79 131
79 133
79 135
80 2
80 6
80 9
80 11
80 17
80 20
80 21
80 29
80 30
80 31
80 39
80 40
80 47
80 48
80 50
80 57
80 58
80 59
80 60
80 61
80 67
80 68
80 69
80 70
80 71
80 72
80 76
80 81
80 86
80 88
80 89
80 95
80 96
80 100
80 101
80 102
80 108
80 109
80 115
80 117
80 121
80 122
80 126
80 127
80 128
80 129
80 130
80 131
80 133
81 58
81 70
81 101
82 2
82 6
82 9
82 17
82 20
82 30
82 31
82 47
82 48
82 50
82 53
82 57
82 58
82 59
82 60
82 61
82 62
82 66
82 67
82 69
82 70
82 71
82 72
82 76
82 81
82 86
82 88
82 89
82 95
82 96
82 100
82 101
82 102
82 106
82 108
82 109
82 113
82 115
82 117
82 121
82 122
82 124
82 126
82 127
82 128
82 129
82 130
82 131
82 133
83 2
83 7
83 12
83 14
83 17
83 31
83 34
83 39
83 47
83 48
83 57
83 58
83 59
83 60
83 70
83 71
83 75
83 81
83 85
83 86
83 90
83 98
83 100
83 101
83 102
83 103
83 108
83 109
83 110
83 112
83 115
83 126
83 127
83 128
83 129
83 130
83 131
83 133
84 2
84 14
84 17
84 31
84 39
84 47
84 48
84 50
84 57
84 58
84 59
84 60
84 67
84 70
84 71
84 81
84 86
84 88
84 90
84 96
84 100
84 101
84 102
84 108
84 109
84 115
84 122
84 126
84 127
84 128
84 129
84 130
84 131
84 133
84 135
85 2
85 17
85 31
85 39
85 47
85 57
85 58
85 59
85 60
85 70
85 71
85 81
85 86
85 90
85 98
85 100
85 101
85 102
85 108
85 109
85 115
85 126
85 127
85 128
85 130
85 131
85 133
86 2
86 17
86 31
86 57
86 58
86 59
86 60
86 70
86 71
86 81
86 100
86 101
86 102
86 108
86 109
86 115
86 126
86 127
86 128
86 130
86 131
86 133
87 2
87 3
87 5
87 6
87 7
87 9
87 10
87 11
87 12
87 13
87 14
87 15
87 17
87 21
87 24
87 25
87 26
87 29
87 30
87 31
87 33
87 34
87 36
87 38
87 39
87 40
87 42
87 44
87 47
87 48
87 50
87 51
87 52
87 55
87 57
87 58
87 59
87 60
87 61
87 67
87 68
87 69
87 70
87 71
87 72
87 73
87 75
87 79
87 81
87 83
87 84
87 85
87 86
87 88
87 89
87 90
87 91
87 92
87 96
87 97
87 98
87 100
87 101
87 102
87 103
87 107
87 108
87 109
87 110
87 111
87 112
87 115
87 117
87 119
87 122
87 125
87 126
87 127
87 128
87 129
87 130
87 131
87 133
87 134
87 135
88 2
88 17
88 31
88 48
88 58
88 59
88 60
88 70
88 71
88 81
88 100
88 101
88 102
88 108
88 109
88 115
88 126
88 127
88 128
88 130
88 131
88 133
89 2
89 9
89 17
89 31
89 48
89 57
89 58
89 59
89 60
89 67
89 69
89 70
89 71
89 81
89 88
89 96
89 100
89 101
89 102
89 108
89 109
89 115
89 126
89 127
89 128
89 129
89 130
89 131
89 133
90 2
90 17
90 31
90 58
90 59
90 60
90 70
90 71
90 81
90 100
90 101
90 102
90 108
90 109
90 115
90 126
90 127
90 128
90 130
90 131
90 133
91 2
91 3
91 6
91 11
91 13
91 14
91 17
91 21
91 24
91 26
91 29
91 30
91 31
91 36
91 39
91 40
91 42
91 44
91 47
91 48
91 50
91 52
91 57
91 58
91 59
91 60
91 61
91 67
91 69
91 70
91 71
91 72
91 75
91 81
91 84
91 85
91 86
91 88
91 90
91 92
91 96
91 98
91 100
91 101
91 102
91 103
91 107
91 108
91 109
91 111
91 112
91 115
91 122
91 126
91 127
91 128
91 129
91 130
91 131
91 133
91 135
92 2
92 6
92 13
92 14
92 17
92 21
92 29
92 31
92 39
92 40
92 44
92 47
92 48
92 50
92 57
92 58
92 59
92 60
92 67
92 69
92 70
92 71
92 81
92 84
92 86
92 88
92 90
92 96
92 98
92 100
92 101
92 102
92 107
92 108
92 109
92 111
92 115
92 122
92 126
92 127
92 128
92 129
92 130
92 131
92 133
92 135
93 2
93 6
93 8
93 9
93 11
93 13
93 14
93 17
93 20
93 21
93 22
93 26
93 27
93 28
93 29
93 30
93 31
93 32
93 35
93 39
93 40
93 41
93 42
93 44
93 45
93 47
93 48
93 50
93 53
93 54
93 56
93 57
93 58
93 59
93 60
93 61
93 62
93 66
93 67
93 68
93 69
93 70
93 71
93 72
93 74
93 76
93 80
93 81
93 82
93 84
93 86
93 88
93 89
93 90
93 92
93 94
93 95
93 96
93 97
93 98
93 100
93 101
93 102
93 104
93 106
93 107
93 108
93 109
93 111
93 113
93 114
93 115
93 116
93 117
93 119
93 121
93 122
93 124
93 126
93 127
93 128
93 129
93 130
93 131
93 133
93 135
94 2
94 6
94 8
94 9
94 11
94 13
94 14
94 17
94 21
94 29
94 30
94 31
94 32
94 39
94 40
94 42
94 44
94 47
94 48
94 50
94 57
94 58
94 59
94 60
94 61
94 67
94 68
94 69
94 70
94 71
94 72
94 76
94 81
94 84
94 86
94 88
94 89
94 90
94 92
94 96
94 97
94 98
94 100
94 101
94 102
94 107
94 108
94 109
94 111
94 115
94 117
94 119
94 122
94 126
94 127
94 128
94 129
94 130
94 131
94 133
94 135
95 2
95 17
95 31
95 48
95 57
95 58
95 59
95 60
95 67
95 69
95 70
95 71
95 76
95 81
95 88
95 100
95 101
95 102
95 108
95 109
95 115
95 126
95 127
95 128
95 130
95 131
95 133
96 2
96 17
96 31
96 48
96 57
96 58
96 59
96 60
96 67
96 70
96 71
96 81
96 88
96 100
96 101
96 102
96 108
96 109
96 115
96 126
96 127
96 128
96 129
96 130
96 131
96 133
97 2
97 6
97 9
97 11
97 13
97 17
97 21
97 29
97 30
97 31
97 39
97 40
97 47
97 48
97 50
97 57
97 58
97 59
97 60
97 61
97 67
97 68
97 69
97 70
97 71
97 72
97 81
97 86
97 88
97 89
97 96
97 100
97 101
97 102
97 107
97 108
97 109
97 115
97 117
97 122
97 126
97 127
97 128
97 129
97 130
97 131
97 133
97 135
98 2
98 17
98 31
98 39
98 47
98 57
98 58
98 59
98 60
98 70
98 71
98 81
98 86
98 90
98 100
98 101
98 102
98 108
98 109
98 115
98 126
98 127
98 128
98 130
98 131
98 133
99 2
99 3
99 6
99 8
99 9
99 10
99 11
99 12
99 13
99 14
99 17
99 20
99 21
99 24
99 25
99 26
99 29
99 30
99 31
99 32
99 33
99 34
99 35
99 36
99 37
99 38
99 39
99 40
99 42
99 43
99 44
99 46
99 47
99 48
99 50
99 51
99 52
99 57
99 58
99 59
99 60
99 61
99 64
99 67
99 68
99 69
99 70
99 71
99 72
99 73
99 74
99 75
99 76
99 77
99 79
99 81
99 84
99 85
99 86
99 88
99 89
99 90
99 91
99 92
99 94
99 95
99 96
99 97
99 98
99 100
99 101
99 102
99 103
99 107
99 108
99 109
99 111
99 112
99 114
99 115
99 117
99 119
99 122
99 125
99 126
99 127
99 128
99 129
99 130
99 131
99 133
99 134
99 135
100 17
100 31
100 58
100 70
100 71
100 81
100 101
100 126
100 128
100 131
100 133
102 2
102 17
102 31
102 58
102 59
102 70
102 71
102 81
102 100
102 101
102 108
102 109
102 115
102 126
102 128
102 130
102 131
102 133
103 2
103 14
103 17
103 31
103 39
103 47
103 48
103 57
103 58
103 59
103 60
103 70
103 71
103 81
103 85
103 86
103 90
103 98
103 100
103 101
103 102
103 108
103 109
103 115
103 126
103 127
103 128
103 129
103 130
103 131
103 133
104 2
104 6
104 8
104 9
104 11
104 13
104 14
104 17
104 20
104 21
104 27
104 29
104 30
104 31
104 32
104 35
104 39
104 40
104 41
104 42
104 44
104 47
104 48
104 50
104 53
104 54
104 56
104 57
104 58
104 59
104 60
104 61
104 62
104 66
104 67
104 68
104 69
104 70
104 71
104 72
104 74
104 76
104 80
104 81
104 82
104 84
104 86
104 88
104 89
104 90
104 92
104 94
104 95
104 96
104 97
104 98
104 100
104 101
104 102
104 106
104 107
104 108
104 109
104 111
104 113
104 115
104 116
104 117
104 119
104 121
104 122
104 124
104 126
104 127
104 128
104 129
104 130
104 131
104 133
104 135
105 2
105 3
105 5
105 6
105 7
105 8
105 9
105 10
105 11
105 12
105 13
105 14
105 15
105 17
105 18
105 20
105 21
105 24
105 25
105 26
105 27
105 29
105 30
105 31
105 32
105 33
105 34
105 35
105 36
105 37
105 38
105 39
105 40
105 42
105 43
105 44
105 46
105 47
105 48
105 49
105 50
105 51
105 52
105 53
105 54
105 55
105 56
105 57
105 58
105 59
105 60
105 61
105 64
105 65
105 67
105 68
105 69
105 70
105 71
105 72
105 73
105 74
105 75
105 76
105 77
105 79
105 80
105 81
105 83
105 84
105 85
105 86
105 87
105 88
105 89
105 90
105 91
105 92
105 94
105 95
105 96
105 97
105 98
105 99
105 100
105 101
105 102
105 103
105 107
105 108
105 109
105 110
105 111
105 112
105 113
105 114
105 115
105 116
105 117
105 119
105 121
105 122
105 123
105 125
105 126
105 127
105 128
105 129
105 130
105 131
105 133
105 134
105 135
106 2
106 17
106 31
106 48
106 58
106 59
106 60
106 70
106 71
106 81
106 88
106 100
106 101
106 102
106 108
106 109
106 115
106 126
106 127
106 128
106 130
106 131
106 133
107 2
107 6
107 13
107 17
107 21
107 29
107 31
107 39
107 40
107 47
107 48
107 50
107 57
107 58
107 59
107 60
107 67
107 69
107 70
107 71
107 81
107 86
107 88
107 96
107 100
107 101
107 102
107 108
107 109
107 115
107 122
107 126
107 127
107 128
107 129
107 130
107 131
107 133
107 135
108 126
108 128
109 17
109 58
109 108
109 126
109 128
110 2
110 17
110 31
110 58
110 59
110 60
110 70
110 71
110 81
110 90
110 100
110 101
110 102
110 108
110 109
110 112
110 115
110 126
110 127
110 128
110 130
110 131
110 133
111 2
111 14
111 17
111 31
111 39
111 47
111 48
111 50
111 57
111 58
111 59
111 60
111 67
111 70
111 71
111 81
111 84
111 86
111 88
111 90
111 96
111 98
111 100
111 101
111 102
111 108
111 109
111 115
111 122
111 126
111 127
111 128
111 129
111 130
111 131
111 133
111 135
112 2
112 17
112 31
112 58
112 59
112 60
112 70
112 71
112 81
112 90
112 100
112 101
112 102
112 108
112 109
112 115
112 126
112 127
112 128
112 130
112 131
112 133
113 2
113 9
113 17
113 31
113 48
113 50
113 53
113 57
113 58
113 59
113 60
113 67
113 69
113 70
113 71
113 76
113 81
113 88
113 89
113 95
113 96
113 100
113 101
113 102
113 108
113 109
113 115
113 117
113 121
113 126
113 127
113 128
113 129
113 130
113 131
113 133
114 2
114 6
114 8
114 9
114 11
114 13
114 14
114 17
114 21
114 26
114 29
114 30
114 31
114 32
114 39
114 40
114 42
114 44
114 47
114 48
114 50
114 57
114 58
114 59
114 60
114 61
114 67
114 68
114 69
114 70
114 71
114 72
114 76
114 81
114 84
114 86
114 88
114 89
114 90
114 92
114 94
114 96
114 97
114 98
114 100
114 101
114 102
114 107
114 108
114 109
114 111
114 115
114 117
114 119
114 122
114 126
114 127
114 128
114 129
114 130
114 131
114 133
114 135
115 2
115 17
115 31
115 58
115 59
115 70
115 71
115 81
115 100
115 101
115 108
115 126
115 128
115 131
115 133
116 2
116 6
116 8
116 9
116 11
116 13
116 14
116 17
116 20
116 21
116 29
116 30
116 31
116 32
116 35
116 39
116 40
116 42
116 44
116 47
116 48
116 50
116 54
116 57
116 58
116 59
116 60
116 61
116 67
116 68
116 69
116 70
116 71
116 72
116 74
116 76
116 80
116 81
116 84
116 86
116 88
116 89
116 90
116 92
116 94
116 95
116 96
116 97
116 98
116 100
116 101
116 102
116 107
116 108
116 109
116 111
116 115
116 117
116 119
116 121
116 122
116 126
116 127
116 128
116 129
116 130
116 131
116 133
116 135
117 2
117 9
117 17
117 31
117 48
117 50
117 57
117 58
117 59
117 60
117 67
117 69
117 70
117 71
117 81
117 88
117 96
117 100
117 101
117 102
117 108
117 109
117 115
117 126
117 127
117 128
117 129
117 130
117 131
117 133
118 2
118 3
118 5
118 6
118 7
118 9
118 10
118 11
118 12
118 13
118 14
118 15
118 17
118 21
118 24
118 25
118 26
118 29
118 30
118 31
118 33
118 34
118 36
118 38
118 39
118 40
118 42
118 44
118 47
118 48
118 50
118 51
118 52
118 55
118 57
118 58
118 59
118 60
118 61
118 67
118 68
118 69
118 70
118 71
118 72
118 73
118 75
118 79
118 81
118 83
118 84
118 85
118 86
118 87
118 88
118 89
118 90
118 91
118 92
118 96
118 97
118 98
118 100
118 101
118 102
118 103
118 107
118 108
118 109
118 110
118 111
118 112
118 115
118 117
118 119
118 122
118 125
118 126
118 127
118 128
118 129
118 130
118 131
118 132
118 133
118 134
118 135
119 2
119 6
119 9
119 11
119 13
119 14
119 17
119 21
119 29
119 30
119 31
119 39
119 40
119 42
119 47
119 48
119 50
119 57
119 58
119 59
119 60
119 61
119 67
119 69
119 70
119 71
119 72
119 81
119 84
119 86
119 88
119 90
119 96
119 98
119 100
119 101
119 102
119 107
119 108
119 109
119 115
119 117
119 122
119 126
119 127
119 128
119 129
119 130
119 131
119 133
119 135
120 2
120 6
120 8
120 9
120 11
120 13
120 14
120 17
120 20
120 21
120 22
120 26
120 27
120 28
120 29
120 30
120 31
120 32
120 35
120 39
120 40
120 41
120 42
120 44
120 45
120 47
120 48
120 50
120 53
120 54
120 56
120 57
120 58
120 59
120 60
120 61
120 62
120 66
120 67
120 68
120 69
120 70
120 71
120 72
120 74
120 76
120 80
120 81
120 82
120 84
120 86
120 88
120 89
120 90
120 92
120 94
120 95
120 96
120 97
120 98
120 100
120 101
120 102
120 104
120 106
120 107
120 108
120 109
120 111
120 113
120 114
120 115
120 116
120 117
120 119
120 121
120 122
120 124
120 126
120 127
120 128
120 129
120 130
120 131
120 133
120 135
121 2
121 9
121 17
121 31
121 48
121 50
121 57
121 58
121 59
121 60
121 67
121 69
121 70
121 71
121 76
121 81
121 88
121 89
121 95
121 96
121 100
121 101
121 102
121 108
121 109
121 115
121 117
121 126
121 127
121 128
121 129
121 130
121 131
121 133
122 2
122 17
122 31
122 47
122 48
122 50
122 57
122 58
122 59
122 60
122 67
122 70
122 71
122 81
122 86
122 88
122 96
122 100
122 101
122 102
122 108
122 109
122 115
122 126
122 127
122 128
122 129
122 130
122 131
122 133
123 2
123 3
123 6
123 8
123 9
123 11
123 13
123 14
123 17
123 20
123 21
123 24
123 25
123 26
123 29
123 30
123 31
123 32
123 33
123 35
123 36
123 38
123 39
123 40
123 42
123 44
123 46
123 47
123 48
123 50
123 51
123 52
123 54
123 57
123 58
123 59
123 60
123 61
123 64
123 65
123 67
123 68
123 69
123 70
123 71
123 72
123 73
123 74
123 75
123 76
123 77
123 80
123 81
123 84
123 85
123 86
123 88
123 89
123 90
123 91
123 92
123 94
123 95
123 96
123 97
123 98
123 100
123 101
123 102
123 103
123 107
123 108
123 109
123 111
123 112
123 114
123 115
123 116
123 117
123 119
123 121
123 122
123 125
123 126
123 127
123 128
123 129
123 130
123 131
123 133
123 134
123 135
124 2
124 9
124 17
124 31
124 48
124 53
124 57
124 58
124 59
124 60
124 67
124 69
124 70
124 71
124 76
124 81
124 88
124 89
124 95
124 96
124 100
124 101
124 102
124 106
124 108
124 109
124 115
124 126
124 127
124 128
124 129
124 130
124 131
124 133
125 2
125 6
125 9
125 11
125 13
125 14
125 17
125 21
125 24
125 26
125 29
125 30
125 31
125 36
125 39
125 40
125 42
125 44
125 47
125 48
125 50
125 52
125 57
125 58
125 59
125 60
125 61
125 67
125 69
125 70
125 71
125 72
125 81
125 84
125 85
125 86
125 88
125 90
125 92
125 96
125 98
125 100
125 101
125 102
125 103
125 107
125 108
125 109
125 111
125 115
125 117
125 119
125 122
125 126
125 127
125 128
125 129
125 130
125 131
125 133
125 135
127 70
127 101
129 2
129 17
129 31
129 48
129 57
129 58
129 59
129 60
129 70
129 71
129 81
129 100
129 101
129 102
129 108
129 109
129 115
129 126
129 127
129 128
129 130
129 131
129 133
130 17
130 58
130 108
130 126
130 128
131 58
131 70
131 71
131 81
131 101
131 133
132 2
132 3
132 7
132 12
132 13
132 14
132 15
132 17
132 21
132 29
132 31
132 34
132 36
132 39
132 44
132 47
132 48
132 50
132 57
132 58
132 59
132 60
132 67
132 69
132 70
132 71
132 75
132 81
132 83
132 84
132 85
132 86
132 88
132 90
132 96
132 98
132 100
132 101
132 102
132 103
132 108
132 109
132 110
132 111
132 112
132 115
132 122
132 126
132 127
132 128
132 129
132 130
132 131
132 133
132 135
133 70
133 101
134 2
134 6
134 9
134 11
134 13
134 14
134 17
134 21
134 24
134 25
134 26
134 29
134 30
134 31
134 36
134 39
134 40
134 42
134 44
134 47
134 48
134 50
134 57
134 58
134 59
134 60
134 61
134 67
134 68
134 69
134 70
134 71
134 72
134 81
134 84
134 85
134 86
134 88
134 90
134 92
134 96
134 98
134 100
134 101
134 102
134 107
134 108
134 109
134 111
134 115
134 117
134 119
134 122
134 126
134 127
134 128
134 129
134 130
134 131
134 133
134 135
135 2
135 17
135 31
135 39
135 47
135 48
135 50
135 57
135 58
135 59
135 60
135 67
135 70
135 71
135 81
135 86
135 88
135 96
135 100
135 101
135 102
135 108
135 109
135 115
135 122
135 126
135 127
135 128
135 129
135 130
135 131
135 133
