17 136
0 1 4 4
0 2 0 96
0 3 97 99
0 4 5 11
0 5 9 7
0 6 8 12
0 7 8 6
0 8 12 8
0 9 6 9
0 10 7 7
0 11 11 11
0 12 6 12
0 13 5 11
0 14 9 4
0 15 7 6
0 16 8 6
1 2 96 0
1 3 99 99
1 4 5 7
1 5 8 6
1 6 4 9
1 7 8 6
1 8 10 6
1 9 8 10
1 10 11 12
1 11 9 8
1 12 8 8
1 13 6 10
1 14 9 8
1 15 11 11
1 16 7 10
2 3 98 97
2 4 7 9
2 5 11 6
2 6 7 7
2 7 7 8
2 8 4 9
2 9 5 7
2 10 5 5
2 11 11 6
2 12 6 11
2 13 11 8
2 14 8 11
2 15 11 6
2 16 5 9
3 4 8 6
3 5 5 5
3 6 5 7
3 7 4 6
3 8 6 9
3 9 4 9
3 10 10 7
3 11 9 7
3 12 5 11
3 13 9 5
3 14 8 7
3 15 12 6
3 16 9 6
4 5 99 99
4 6 97 97
4 7 96 99
4 8 8 9
4 9 6 5
4 10 7 6
4 11 4 10
4 12 5 11
4 13 5 10
4 14 4 8
4 15 7 9
4 16 5 5
5 6 100 97
5 7 98 96
5 8 8 10
5 9 4 7
5 10 10 8
5 11 10 11
5 12 9 11
5 13 10 8
5 14 8 10
5 15 9 6
5 16 8 7
6 7 99 99
6 8 5 7
6 9 6 8
6 10 4 8
6 11 12 11
6 12 4 7
6 13 7 5
6 14 6 4
6 15 8 6
6 16 7 10
7 8 6 5
7 9 6 12
7 10 8 5
7 11 5 7
7 12 10 11
7 13 6 5
7 14 10 9
7 15 4 9
7 16 6 9
8 9 97 96
8 10 100 96
8 11 96 99
8 12 9 6
8 13 6 4
8 14 6 5
8 15 12 9
8 16 9 6
9 10 98 100
9 11 97 96
9 12 6 6
9 13 6 7
9 14 12 6
9 15 10 11
9 16 8 6
10 11 96 97
10 12 6 9
10 13 9 8
10 14 7 12
10 15 6 12
10 16 11 10
11 12 5 8
11 13 5 8
11 14 9 8
11 15 8 6
11 16 11 11
12 13 98 99
12 14 99 97
12 15 99 99
12 16 9 6
13 14 98 98
13 15 100 97
13 16 7 7
14 15 100 99
14 16 9 10
15 16 8 5
0 2
0 3
0 4
0 5
0 6
0 7
0 8
0 9
0 10
0 11
0 12
0 13
0 14
0 15
0 17
0 18
0 19
0 20
0 21
0 22
0 23
0 24
0 25
0 26
0 27
0 28
0 29
0 30
0 31
0 32
0 33
0 34
0 35
0 36
0 37
0 38
0 39
0 40
0 41
0 42
0 43
0 44
0 45
0 46
0 47
0 48
0 49
0 50
0 51
0 52
0 53
0 54
0 55
0 56
0 57
0 58
0 59
0 60
0 61
0 62
0 63
0 64
0 65
0 66
0 67
0 68
0 69
0 70
0 71
0 72
0 73
0 74
0 75
0 76
0 77
0 78
0 79
0 80
0 81
0 82
0 83
0 84
0 85
0 86
0 87
0 88
0 89
0 90
0 91
0 92
0 93
0 94
0 95
0 96
0 97
0 98
0 99
0 100
0 101
0 102
0 103
0 104
0 105
0 106
0 107
0 108
0 109
0 110
0 111
0 112
0 113
0 114
0 115
0 116
0 117
0 118
0 119
0 120
0 121
0 122
0 123
0 124
0 125
0 126
0 127
0 128
0 129
0 130
0 131
0 132
0 133
0 134
0 135
1 2
1 17
1 31
1 58
1 59
1 60
1 70
1 71
1 81
1 100
1 101
1 102
1 108
1 109
1 115
1 126
1 127
1 128
1 130
1 131
1 133
2 17
2 58
2 81
2 108
2 126
2 128
2 133
3 2
3 5
3 10
3 11
3 12
3 17
3 24
3 29
3 31
3 40
3 42
3 53
3 58
3 59
3 60
3 65
3 70
3 71
3 75
3 76
3 81
3 85
3 92
3 95
3 100
3 101
3 102
3 108
3 109
3 113
3 115
3 118
3 119
3 125
3 126
3 127
3 128
3 130
3 131
3 133
4 2
4 7
4 10
4 17
4 24
4 25
4 28
4 29
4 31
4 41
4 51
4 52
4 58
4 59
4 60
4 70
4 71
4 74
4 75
4 76
4 77
4 81
4 85
4 95
4 97
4 100
4 101
4 102
4 106
4 108
4 109
4 113
4 115
4 117
4 120
4 123
4 125
4 126
4 127
4 128
4 130
4 131
4 133
4 134
5 2
5 17
5 24
5 31
5 58
5 59
5 60
5 70
5 71
5 81
5 100
5 101
5 102
5 108
5 109
5 115
5 126
5 127
5 128
5 130
5 131
5 133
6 2
6 4
6 5
6 7
6 10
6 15
6 17
6 19
6 21
6 22
6 23
6 24
6 25
6 26
6 28
6 29
6 31
6 33
6 39
6 41
6 42
6 43
6 45
6 51
6 52
6 55
6 56
6 57
6 58
6 59
6 60
6 61
6 70
6 71
6 72
6 74
6 75
6 76
6 77
6 78
6 79
6 80
6 81
6 85
6 89
6 95
6 97
6 100
6 101
6 102
6 103
6 106
6 107
6 108
6 109
6 112
6 113
6 114
6 115
6 117
6 120
6 123
6 124
6 125
6 126
6 127
6 128
6 129
6 130
6 131
6 133
6 134
7 2
7 17
7 31
7 58
7 59
7 60
7 70
7 71
7 81
7 85
7 100
7 101
7 102
7 106
7 108
7 109
7 115
7 126
7 127
7 128
7 130
7 131
7 133
8 2
8 5
8 10
8 11
8 17
8 23
8 24
8 27
8 29
8 30
8 31
8 32
8 40
8 42
8 49
8 58
8 59
8 60
8 61
8 68
8 70
8 71
8 72
8 75
8 76
8 78
8 81
8 85
8 90
8 92
8 95
8 97
8 99
8 100
8 101
8 102
8 106
8 108
8 109
8 113
8 115
8 116
8 118
8 119
8 120
8 125
8 126
8 127
8 128
8 130
8 131
8 133
8 134
9 2
9 4
9 5
9 7
9 10
9 17
9 23
9 24
9 25
9 26
9 28
9 29
9 30
9 31
9 32
9 34
9 35
9 41
9 42
9 51
9 52
9 55
9 58
9 59
9 60
9 61
9 68
9 70
9 71
9 72
9 74
9 75
9 76
9 77
9 78
9 80
9 81
9 85
9 90
9 95
9 97
9 100
9 101
9 102
9 106
9 108
9 109
9 113
9 115
9 117
9 118
9 120
9 123
9 125
9 126
9 127
9 128
9 130
9 131
9 132
9 133
9 134
10 2
10 17
10 24
10 29
10 31
10 58
10 59
10 60
10 70
10 71
10 81
10 85
10 100
10 101
10 102
10 108
10 109
10 115
10 125
10 126
10 127
10 128
10 130
10 131
10 133
11 2
11 5
11 17
11 24
11 31
11 58
11 59
11 60
11 70
11 71
11 81
11 92
11 100
11 101
11 102
11 108
11 109
11 115
11 118
11 119
11 126
11 127
11 128
11 130
11 131
11 133
12 2
12 3
12 5
12 10
12 11
12 17
12 24
12 29
12 31
12 40
12 42
12 53
12 58
12 59
12 60
12 65
12 70
12 71
12 75
12 76
12 81
12 85
12 92
12 95
12 100
12 101
12 102
12 108
12 109
12 113
12 115
12 118
12 119
12 125
12 126
12 127
12 128
12 130
12 131
12 133
13 2
13 4
13 7
13 10
13 17
13 22
13 24
13 25
13 28
13 29
13 31
13 33
13 39
13 41
13 43
13 51
13 52
13 54
13 56
13 57
13 58
13 59
13 60
13 70
13 71
13 74
13 75
13 76
13 77
13 79
13 81
13 85
13 95
13 97
13 100
13 101
13 102
13 103
13 106
13 107
13 108
13 109
13 112
13 113
13 115
13 117
13 120
13 123
13 125
13 126
13 127
13 128
13 129
13 130
13 131
13 133
13 134
14 2
14 4
14 5
14 6
14 7
14 9
14 10
14 15
14 17
14 19
14 21
14 22
14 23
14 24
14 25
14 26
14 28
14 29
14 30
14 31
14 32
14 33
14 34
14 35
14 39
14 41
14 42
14 43
14 45
14 51
14 52
14 55
14 56
14 57
14 58
14 59
14 60
14 61
14 63
14 68
14 70
14 71
14 72
14 74
14 75
14 76
14 77
14 78
14 79
14 80
14 81
14 85
14 89
14 90
14 95
14 97
14 100
14 101
14 102
14 103
14 106
14 107
14 108
14 109
14 112
14 113
14 114
14 115
14 117
14 118
14 120
14 123
14 124
14 125
14 126
14 127
14 128
14 129
14 130
14 131
14 132
14 133
14 134
15 2
15 4
15 5
15 6
15 7
15 10
15 17
15 19
15 21
15 22
15 23
15 24
15 25
15 26
15 28
15 29
15 31
15 33
15 39
15 41
15 42
15 43
15 45
15 51
15 52
15 55
15 56
15 57
15 58
15 59
15 60
15 61
15 70
15 71
15 72
15 74
15 75
15 76
15 77
15 78
15 79
15 80
15 81
15 85
15 89
15 95
15 97
15 100
15 101
15 102
15 103
15 106
15 107
15 108
15 109
15 112
15 113
15 114
15 115
15 117
15 120
15 123
15 124
15 125
15 126
15 127
15 128
15 129
15 130
15 131
15 133
15 134
16 2
16 17
16 31
16 58
16 59
16 60
16 70
16 71
16 81
16 100
16 101
16 102
16 108
16 109
16 115
16 126
16 127
16 128
16 130
16 131
16 133
17 58
17 81
17 128
17 133
18 2
18 3
18 4
18 5
18 7
18 8
18 9
18 10
18 11
18 12
18 17
18 23
18 24
18 25
18 26
18 27
18 28
18 29
18 30
18 31
18 32
18 34
18 35
18 37
18 40
18 41
18 42
18 44
18 47
18 49
18 51
18 52
18 53
18 55
18 58
18 59
18 60
18 61
18 65
18 66
18 68
18 70
18 71
18 72
18 74
18 75
18 76
18 77
18 78
18 80
18 81
18 82
18 83
18 85
18 90
18 92
18 94
18 95
18 97
18 99
18 100
18 101
18 102
18 106
18 108
18 109
18 111
18 113
18 115
18 116
18 117
18 118
18 119
18 120
18 121
18 122
18 123
18 125
18 126
18 127
18 128
18 130
18 131
18 132
18 133
18 134
19 2
19 4
19 5
19 6
19 7
19 10
19 15
19 17
19 21
19 22
19 23
19 24
19 25
19 26
19 28
19 29
19 31
19 33
19 39
19 41
19 42
19 43
19 45
19 51
19 52
19 55
19 56
19 57
19 58
19 59
19 60
19 61
19 70
19 71
19 72
19 74
19 75
19 76
19 77
19 78
19 79
19 80
19 81
19 85
19 89
19 95
19 97
19 100
19 101
19 102
19 103
19 106
19 107
19 108
19 109
19 112
19 113
19 114
19 115
19 117
19 120
19 123
19 124
19 125
19 126
19 127
19 128
19 129
19 130
19 131
19 133
19 134
20 2
20 3
20 5
20 8
20 10
20 11
20 12
20 17
20 23
20 24
20 27
20 29
20 30
20 31
20 32
20 36
20 40
20 42
20 44
20 49
20 50
20 53
20 58
20 59
20 60
20 61
20 64
20 65
20 66
20 68
20 70
20 71
20 72
20 75
20 76
20 78
20 81
20 85
20 90
20 92
20 95
20 97
20 98
20 99
20 100
20 101
20 102
20 106
20 108
20 109
20 113
20 115
20 116
20 118
20 119
20 120
20 125
20 126
20 127
20 128
20 130
20 131
20 133
20 134
21 2
21 4
21 5
21 6
21 7
21 10
21 15
21 17
21 19
21 22
21 23
21 24
21 25
21 26
21 28
21 29
21 31
21 33
21 39
21 41
21 42
21 43
21 45
21 51
21 52
21 55
21 56
21 57
21 58
21 59
21 60
21 61
21 70
21 71
21 72
21 74
21 75
21 76
21 77
21 78
21 79
21 80
21 81
21 85
21 89
21 95
21 97
21 100
21 101
21 102
21 103
21 106
21 107
21 108
21 109
21 112
21 113
21 114
21 115
21 117
21 120
21 123
21 124
21 125
21 126
21 127
21 128
21 129
21 130
21 131
21 133
21 134
22 2
22 7
22 10
22 17
22 24
22 29
22 31
22 33
22 39
22 41
22 43
22 51
22 56
22 58
22 59
22 60
22 70
22 71
22 74
22 75
22 77
22 81
22 85
22 95
22 97
22 100
22 101
22 102
22 106
22 108
22 109
22 112
22 113
22 115
22 120
22 125
22 126
22 127
22 128
22 130
22 131
22 133
23 2
23 5
23 10
23 17
23 24
23 29
23 31
23 42
23 58
23 59
23 60
23 70
23 71
23 72
23 75
23 76
23 78
23 81
23 85
23 95
23 100
23 101
23 102
23 108
23 109
23 113
23 115
23 120
23 125
23 126
23 127
23 128
23 130
23 131
23 133
23 134
24 2
24 17
24 31
24 58
24 59
24 60
24 70
24 71
24 81
24 100
24 101
24 102
24 108
24 109
24 115
24 126
24 127
24 128
24 130
24 131
24 133
25 2
25 7
25 10
25 17
25 24
25 28
25 29
25 31
25 41
25 58
25 59
25 60
25 70
25 71
25 74
25 75
25 76
25 77
25 81
25 85
25 95
25 97
25 100
25 101
25 102
25 106
25 108
25 109
25 113
25 115
25 117
25 120
25 123
25 125
25 126
25 127
25 128
25 130
25 131
25 133
25 134
26 2
26 5
26 7
26 10
26 17
26 23
26 24
26 25
26 28
26 29
26 31
26 41
26 42
26 58
26 59
26 60
26 61
26 70
26 71
26 72
26 74
26 75
26 76
26 77
26 78
26 81
26 85
26 95
26 97
26 100
26 101
26 102
26 106
26 108
26 109
26 113
26 115
26 117
26 120
26 123
26 125
26 126
26 127
26 128
26 130
26 131
26 133
26 134
27 2
27 5
27 10
27 11
27 17
27 23
27 24
27 29
27 30
27 31
27 40
27 42
27 58
27 59
27 60
27 70
27 71
27 72
27 75
27 76
27 78
27 81
27 85
27 90
27 92
27 95
27 100
27 101
27 102
27 108
27 109
27 113
27 115
27 118
27 119
27 120
27 125
27 126
27 127
27 128
27 130
27 131
27 133
27 134
28 2
28 7
28 10
28 17
28 24
28 25
28 29
28 31
28 41
28 58
28 59
28 60
28 70
28 71
28 74
28 75
28 76
28 77
28 81
28 85
28 95
28 97
28 100
28 101
28 102
28 106
28 108
28 109
28 113
28 115
28 117
28 120
28 123
28 125
28 126
28 127
28 128
28 130
28 131
28 133
28 134
29 2
29 10
29 17
29 24
29 31
29 58
29 59
29 60
29 70
29 71
29 81
29 85
29 100
29 101
29 102
29 108
29 109
29 115
29 125
29 126
29 127
29 128
29 130
29 131
29 133
30 2
30 5
30 10
30 17
30 23
30 24
30 29
30 31
30 42
30 58
30 59
30 60
30 70
30 71
30 72
30 75
30 76
30 78
30 81
30 85
30 90
30 95
30 100
30 101
30 102
30 108
30 109
30 113
30 115
30 118
30 120
30 125
30 126
30 127
30 128
30 130
30 131
30 133
30 134
31 17
31 58
31 70
31 81
31 108
31 126
31 127
31 128
31 130
31 131
31 133
32 2
32 5
32 10
32 17
32 23
32 24
32 29
32 30
32 31
32 42
32 58
32 59
32 60
32 61
32 68
32 70
32 71
32 72
32 75
32 76
32 78
32 81
32 85
32 90
32 95
32 97
32 100
32 101
32 102
32 106
32 108
32 109
32 113
32 115
32 118
32 120
32 125
32 126
32 127
32 128
32 130
32 131
32 133
32 134
33 2
33 7
33 10
33 17
33 24
33 29
33 31
33 39
33 41
33 43
33 56
33 58
33 59
33 60
33 70
33 71
33 81
33 85
33 100
33 101
33 102
33 106
33 108
33 109
33 112
33 115
33 120
33 125
33 126
33 127
33 128
33 130
33 131
33 133
34 2
34 4
34 5
34 7
34 9
34 10
34 17
34 23
34 24
34 25
34 26
34 28
34 29
34 30
34 31
34 32
34 35
34 41
34 42
34 51
34 52
34 55
34 58
34 59
34 60
34 61
34 68
34 70
34 71
34 72
34 74
34 75
34 76
34 77
34 78
34 80
34 81
34 85
34 90
34 95
34 97
34 100
34 101
34 102
34 106
34 108
34 109
34 113
34 115
34 117
34 118
34 120
34 123
34 125
34 126
34 127
34 128
34 130
34 131
34 132
34 133
34 134
35 2
35 5
35 7
35 10
35 17
35 23
35 24
35 25
35 26
35 28
35 29
35 30
35 31
35 32
35 41
35 42
35 58
35 59
35 60
35 61
35 68
35 70
35 71
35 72
35 74
35 75
35 76
35 77
35 78
35 81
35 85
35 90
35 95
35 97
35 100
35 101
35 102
35 106
35 108
35 109
35 113
35 115
35 117
35 118
35 120
35 123
35 125
35 126
35 127
35 128
35 130
35 131
35 133
35 134
36 2
36 3
36 5
36 8
36 10
36 11
36 12
36 17
36 20
36 23
36 24
36 27
36 29
36 30
36 31
36 32
36 40
36 42
36 44
36 49
36 50
36 53
36 58
36 59
36 60
36 61
36 64
36 65
36 66
36 68
36 70
36 71
36 72
36 75
36 76
36 78
36 81
36 85
36 90
36 92
36 95
36 97
36 98
36 99
36 100
36 101
36 102
36 106
36 108
36 109
36 113
36 115
36 116
36 118
36 119
36 120
36 125
36 126
36 127
36 128
36 130
36 131
36 133
36 134
37 2
37 3
37 4
37 5
37 7
37 8
37 9
37 10
37 11
37 12
37 17
37 18
37 23
37 24
37 25
37 26
37 27
37 28
37 29
37 30
37 31
37 32
37 34
37 35
37 40
37 41
37 42
37 44
37 47
37 49
37 51
37 52
37 53
37 55
37 58
37 59
37 60
37 61
37 65
37 66
37 68
37 70
37 71
37 72
37 74
37 75
37 76
37 77
37 78
37 80
37 81
37 82
37 83
37 85
37 90
37 92
37 94
37 95
37 97
37 99
37 100
37 101
37 102
37 106
37 108
37 109
37 111
37 113
37 115
37 116
37 117
37 118
37 119
37 120
37 121
37 122
37 123
37 125
37 126
37 127
37 128
37 130
37 131
37 132
37 133
37 134
38 2
38 3
38 4
38 5
38 6
38 7
38 8
38 9
38 10
38 11
38 12
38 14
38 15
38 17
38 18
38 19
38 21
38 22
38 23
38 24
38 25
38 26
38 27
38 28
38 29
38 30
38 31
38 32
38 33
38 34
38 35
38 37
38 39
38 40
38 41
38 42
38 43
38 44
38 45
38 46
38 47
38 49
38 51
38 52
38 53
38 54
38 55
38 56
38 57
38 58
38 59
38 60
38 61
38 62
38 63
38 65
38 66
38 68
38 69
38 70
38 71
38 72
38 74
38 75
38 76
38 77
38 78
38 79
38 80
38 81
38 82
38 83
38 85
38 87
38 89
38 90
38 91
38 92
38 93
38 94
38 95
38 96
38 97
38 99
38 100
38 101
38 102
38 103
38 105
38 106
38 107
38 108
38 109
38 110
38 111
38 112
38 113
38 114
38 115
38 116
38 117
38 118
38 119
38 120
38 121
38 122
38 123
38 124
38 125
38 126
38 127
38 128
38 129
38 130
38 131
38 132
38 133
38 134
38 135
39 2
39 7
39 10
39 17
39 24
39 29
39 31
39 33
39 41
39 43
39 56
39 58
39 59
39 60
39 70
39 71
39 81
39 85
39 100
39 101
39 102
39 106
39 108
39 109
39 112
39 115
39 120
39 125
39 126
39 127
39 128
39 130
39 131
39 133
40 2
40 5
40 10
40 11
40 17
40 24
40 29
40 31
40 42
40 58
40 59
40 60
40 70
40 71
40 75
40 76
40 81
40 85
40 92
40 95
40 100
40 101
40 102
40 108
40 109
40 113
40 115
40 118
40 119
40 125
40 126
40 127
40 128
40 130
40 131
40 133
41 2
41 7
41 10
41 17
41 24
41 29
41 31
41 58
41 59
41 60
41 70
41 71
41 81
41 85
41 100
41 101
41 102
41 106
41 108
41 109
41 115
41 120
41 125
41 126
41 127
41 128
41 130
41 131
41 133
42 2
42 5
42 10
42 17
42 24
42 29
42 31
42 58
42 59
42 60
42 70
42 71
42 75
42 76
42 81
42 85
42 95
42 100
42 101
42 102
42 108
42 109
42 113
42 115
42 125
42 126
42 127
42 128
42 130
42 131
42 133
43 2
43 7
43 10
43 17
43 24
43 29
43 31
43 33
43 39
43 41
43 56
43 58
43 59
43 60
43 70
43 71
43 81
43 85
43 100
43 101
43 102
43 106
43 108
43 109
43 112
43 115
43 120
43 125
43 126
43 127
43 128
43 130
43 131
43 133
44 2
44 3
44 5
44 8
44 10
44 11
44 12
44 17
44 23
44 24
44 27
44 29
44 30
44 31
44 32
44 40
44 42
44 49
44 53
44 58
44 59
44 60
44 61
44 65
44 66
44 68
44 70
44 71
44 72
44 75
44 76
44 78
44 81
44 85
44 90
44 92
44 95
44 97
44 99
44 100
44 101
44 102
44 106
44 108
44 109
44 113
44 115
44 116
44 118
44 119
44 120
44 125
44 126
44 127
44 128
44 130
44 131
44 133
44 134
45 2
45 4
45 5
45 6
45 7
45 10
45 15
45 17
45 19
45 21
45 22
45 23
45 24
45 25
45 26
45 28
45 29
45 31
45 33
45 39
45 41
45 42
45 43
45 51
45 52
45 55
45 56
45 57
45 58
45 59
45 60
45 61
45 70
45 71
45 72
45 74
45 75
45 76
45 77
45 78
45 79
45 80
45 81
45 85
45 89
45 95
45 97
45 100
45 101
45 102
45 103
45 106
45 107
45 108
45 109
45 112
45 113
45 114
45 115
45 117
45 120
45 123
45 124
45 125
45 126
45 127
45 128
45 129
45 130
45 131
45 133
45 134
46 2
46 3
46 4
46 5
46 6
46 7
46 8
46 9
46 10
46 11
46 12
46 14
46 15
46 17
46 18
46 19
46 21
46 22
46 23
46 24
46 25
46 26
46 27
46 28
46 29
46 30
46 31
46 32
46 33
46 34
46 35
46 37
46 38
46 39
46 40
46 41
46 42
46 43
46 44
46 45
46 47
46 49
46 51
46 52
46 53
46 54
46 55
46 56
46 57
46 58
46 59
46 60
46 61
46 62
46 63
46 65
46 66
46 68
46 69
46 70
46 71
46 72
46 74
46 75
46 76
46 77
46 78
46 79
46 80
46 81
46 82
46 83
46 85
46 87
46 89
46 90
46 91
46 92
46 93
46 94
46 95
46 96
46 97
46 99
46 100
46 101
46 102
46 103
46 105
46 106
46 107
46 108
46 109
46 110
46 111
46 112
46 113
46 114
46 115
46 116
46 117
46 118
46 119
46 120
46 121
46 122
46 123
46 124
46 125
46 126
46 127
46 128
46 129
46 130
46 131
46 132
46 133
46 134
46 135
47 2
47 3
47 4
47 5
47 7
47 8
47 9
47 10
47 11
47 12
47 17
47 18
47 23
47 24
47 25
47 26
47 27
47 28
47 29
47 30
47 31
47 32
47 34
47 35
47 37
47 40
47 41
47 42
47 44
47 49
47 51
47 52
47 53
47 55
47 58
47 59
47 60
47 61
47 65
47 66
47 68
47 70
47 71
47 72
47 74
47 75
47 76
47 77
47 78
47 80
47 81
47 82
47 83
47 85
47 90
47 92
47 94
47 95
47 97
47 99
47 100
47 101
47 102
47 106
47 108
47 109
47 111
47 113
47 115
47 116
47 117
47 118
47 119
47 120
47 121
47 122
47 123
47 125
47 126
47 127
47 128
47 130
47 131
47 132
47 133
47 134
48 2
48 3
48 4
48 5
48 6
48 7
48 8
48 9
48 10
48 11
48 12
48 14
48 15
48 17
48 18
48 19
48 20
48 21
48 22
48 23
48 24
48 25
48 26
48 27
48 28
48 29
48 30
48 31
48 32
48 33
48 34
48 35
48 36
48 37
48 39
48 40
48 41
48 42
48 43
48 44
48 45
48 47
48 49
48 50
48 51
48 52
48 53
48 55
48 56
48 57
48 58
48 59
48 60
48 61
48 63
48 64
48 65
48 66
48 67
48 68
48 70
48 71
48 72
48 73
48 74
48 75
48 76
48 77
48 78
48 79
48 80
48 81
48 82
48 83
48 84
48 85
48 86
48 89
48 90
48 92
48 94
48 95
48 97
48 98
48 99
48 100
48 101
48 102
48 103
48 106
48 107
48 108
48 109
48 110
48 111
48 112
48 113
48 114
48 115
48 116
48 117
48 118
48 119
48 120
48 121
48 122
48 123
48 124
48 125
48 126
48 127
48 128
48 129
48 130
48 131
48 132
48 133
48 134
49 2
49 5
49 8
49 10
49 11
49 17
49 23
49 24
49 27
49 29
49 30
49 31
49 32
49 40
49 42
49 58
49 59
49 60
49 61
49 68
49 70
49 71
49 72
49 75
49 76
49 78
49 81
49 85
49 90
49 92
49 95
49 97
49 99
49 100
49 101
49 102
49 106
49 108
49 109
49 113
49 115
49 116
49 118
49 119
49 120
49 125
49 126
49 127
49 128
49 130
49 131
49 133
49 134
50 2
50 3
50 5
50 8
50 10
50 11
50 12
50 17
50 20
50 23
50 24
50 27
50 29
50 30
50 31
50 32
50 36
50 40
50 42
50 44
50 49
50 53
50 58
50 59
50 60
50 61
50 64
50 65
50 66
50 68
50 70
50 71
50 72
50 75
50 76
50 78
50 81
50 85
50 90
50 92
50 95
50 97
50 98
50 99
50 100
50 101
50 102
50 106
50 108
50 109
50 113
50 115
50 116
50 118
50 119
50 120
50 125
50 126
50 127
50 128
50 130
50 131
50 133
50 134
51 2
51 7
51 10
51 17
51 24
51 29
51 31
51 41
51 58
51 59
51 60
51 70
51 71
51 74
51 75
51 77
51 81
51 85
51 95
51 97
51 100
51 101
51 102
51 106
51 108
51 109
51 113
51 115
51 120
51 125
51 126
51 127
51 128
51 130
51 131
51 133
52 2
52 4
52 7
52 10
52 17
52 24
52 25
52 28
52 29
52 31
52 41
52 51
52 58
52 59
52 60
52 70
52 71
52 74
52 75
52 76
52 77
52 81
52 85
52 95
52 97
52 100
52 101
52 102
52 106
52 108
52 109
52 113
52 115
52 117
52 120
52 123
52 125
52 126
52 127
52 128
52 130
52 131
52 133
52 134
53 2
53 3
53 5
53 10
53 11
53 12
53 17
53 24
53 29
53 31
53 40
53 42
53 58
53 59
53 60
53 65
53 70
53 71
53 75
53 76
53 81
53 85
53 92
53 95
53 100
53 101
53 102
53 108
53 109
53 113
53 115
53 118
53 119
53 125
53 126
53 127
53 128
53 130
53 131
53 133
54 2
54 4
54 7
54 10
54 17
54 22
54 24
54 25
54 28
54 29
54 31
54 33
54 39
54 41
54 43
54 51
54 52
54 56
54 57
54 58
54 59
54 60
54 70
54 71
54 74
54 75
54 76
54 77
54 79
54 81
54 85
54 95
54 97
54 100
54 101
54 102
54 103
54 106
54 107
54 108
54 109
54 112
54 113
54 115
54 117
54 120
54 123
54 125
54 126
54 127
54 128
54 129
54 130
54 131
54 133
54 134
55 2
55 4
55 5
55 7
55 10
55 17
55 23
55 24
55 25
55 26
55 28
55 29
55 31
55 41
55 42
55 51
55 52
55 58
55 59
55 60
55 61
55 70
55 71
55 72
55 74
55 75
55 76
55 77
55 78
55 80
55 81
55 85
55 95
55 97
55 100
55 101
55 102
55 106
55 108
55 109
55 113
55 115
55 117
55 120
55 123
55 125
55 126
55 127
55 128
55 130
55 131
55 133
55 134
56 2
56 7
56 17
56 31
56 58
56 59
56 60
56 70
56 71
56 81
56 85
56 100
56 101
56 102
56 106
56 108
56 109
56 112
56 115
56 126
56 127
56 128
56 130
56 131
56 133
57 2
57 4
57 7
57 10
57 17
57 22
57 24
57 25
57 28
57 29
57 31
57 33
57 39
57 41
57 43
57 51
57 52
57 56
57 58
57 59
57 60
57 70
57 71
57 74
57 75
57 76
57 77
57 79
57 81
57 85
57 95
57 97
57 100
57 101
57 102
57 103
57 106
57 107
57 108
57 109
57 112
57 113
57 115
57 117
57 120
57 123
57 125
57 126
57 127
57 128
57 129
57 130
57 131
57 133
57 134
58 17
58 81
58 128
58 133
59 2
59 17
59 31
59 58
59 70
59 81
59 108
59 126
59 127
59 128
59 130
59 131
59 133
60 2
60 17
60 58
60 81
60 102
60 108
60 126
60 128
60 133
61 2
61 5
61 10
61 17
61 23
61 24
61 29
61 31
61 42
61 58
61 59
61 60
61 70
61 71
61 72
61 75
61 76
61 78
61 81
61 85
61 95
61 97
61 100
61 101
61 102
61 106
61 108
61 109
61 113
61 115
61 120
61 125
61 126
61 127
61 128
61 130
61 131
61 133
61 134
62 2
62 4
62 5
62 6
62 7
62 8
62 9
62 10
62 11
62 14
62 15
62 17
62 19
62 21
62 22
62 23
62 24
62 25
62 26
62 27
62 28
62 29
62 30
62 31
62 32
62 33
62 34
62 35
62 39
62 40
62 41
62 42
62 43
62 45
62 49
62 51
62 52
62 54
62 55
62 56
62 57
62 58
62 59
62 60
62 61
62 63
62 68
62 70
62 71
62 72
62 74
62 75
62 76
62 77
62 78
62 79
62 80
62 81
62 83
62 85
62 87
62 89
62 90
62 91
62 92
62 93
62 95
62 96
62 97
62 99
62 100
62 101
62 102
62 103
62 105
62 106
62 107
62 108
62 109
62 110
62 111
62 112
62 113
62 114
62 115
62 116
62 117
62 118
62 119
62 120
62 123
62 124
62 125
62 126
62 127
62 128
62 129
62 130
62 131
62 132
62 133
62 134
62 135
63 2
63 4
63 5
63 6
63 7
63 9
63 10
63 14
63 15
63 17
63 19
63 21
63 22
63 23
63 24
63 25
63 26
63 28
63 29
63 30
63 31
63 32
63 33
63 34
63 35
63 39
63 41
63 42
63 43
63 45
63 51
63 52
63 55
63 56
63 57
63 58
63 59
63 60
63 61
63 68
63 70
63 71
63 72
63 74
63 75
63 76
63 77
63 78
63 79
63 80
63 81
63 85
63 89
63 90
63 95
63 97
63 100
63 101
63 102
63 103
63 106
63 107
63 108
63 109
63 112
63 113
63 114
63 115
63 117
63 118
63 120
63 123
63 124
63 125
63 126
63 127
63 128
63 129
63 130
63 131
63 132
63 133
63 134
64 2
64 3
64 5
64 10
64 11
64 12
64 17
64 23
64 24
64 27
64 29
64 30
64 31
64 40
64 42
64 53
64 58
64 59
64 60
64 65
64 66
64 70
64 71
64 72
64 75
64 76
64 78
64 81
64 85
64 90
64 92
64 95
64 100
64 101
64 102
64 108
64 109
64 113
64 115
64 118
64 119
64 120
64 125
64 126
64 127
64 128
64 130
64 131
64 133
64 134
65 2
65 3
65 5
65 10
65 11
65 12
65 17
65 24
65 29
65 31
65 40
65 42
65 53
65 58
65 59
65 60
65 70
65 71
65 75
65 76
65 81
65 85
65 92
65 95
65 100
65 101
65 102
65 108
65 109
65 113
65 115
65 118
65 119
65 125
65 126
65 127
65 128
65 130
65 131
65 133
66 2
66 3
66 5
66 10
66 11
66 12
66 17
66 23
66 24
66 27
66 29
66 30
66 31
66 40
66 42
66 53
66 58
66 59
66 60
66 65
66 70
66 71
66 72
66 75
66 76
66 78
66 81
66 85
66 90
66 92
66 95
66 100
66 101
66 102
66 108
66 109
66 113
66 115
66 118
66 119
66 120
66 125
66 126
66 127
66 128
66 130
66 131
66 133
66 134
67 2
67 3
67 5
67 7
67 8
67 10
67 11
67 12
67 17
67 20
67 23
67 24
67 25
67 26
67 27
67 28
67 29
67 30
67 31
67 32
67 35
67 36
67 40
67 41
67 42
67 44
67 49
67 50
67 53
67 58
67 59
67 60
67 61
67 64
67 65
67 66
67 68
67 70
67 71
67 72
67 74
67 75
67 76
67 77
67 78
67 81
67 83
67 84
67 85
67 90
67 92
67 95
67 97
67 98
67 99
67 100
67 101
67 102
67 106
67 108
67 109
67 113
67 115
67 116
67 117
67 118
67 119
67 120
67 121
67 122
67 123
67 125
67 126
67 127
67 128
67 130
67 131
67 133
67 134
68 2
68 5
68 10
68 17
68 23
68 24
68 29
68 30
68 31
68 32
68 42
68 58
68 59
68 60
68 61
68 70
68 71
68 72
68 75
68 76
68 78
68 81
68 85
68 90
68 95
68 97
68 100
68 101
68 102
68 106
68 108
68 109
68 113
68 115
68 118
68 120
68 125
68 126
68 127
68 128
68 130
68 131
68 133
68 134
69 2
69 3
69 4
69 5
69 6
69 7
69 8
69 9
69 10
69 11
69 12
69 14
69 15
69 17
69 18
69 19
69 21
69 22
69 23
69 24
69 25
69 26
69 27
69 28
69 29
69 30
69 31
69 32
69 33
69 34
69 35
69 37
69 38
69 39
69 40
69 41
69 42
69 43
69 44
69 45
69 46
69 47
69 49
69 51
69 52
69 53
69 54
69 55
69 56
69 57
69 58
69 59
69 60
69 61
69 62
69 63
69 65
69 66
69 68
69 70
69 71
69 72
69 74
69 75
69 76
69 77
69 78
69 79
69 80
69 81
69 82
69 83
69 85
69 87
69 89
69 90
69 91
69 92
69 93
69 94
69 95
69 96
69 97
69 99
69 100
69 101
69 102
69 103
69 105
69 106
69 107
69 108
69 109
69 110
69 111
69 112
69 113
69 114
69 115
69 116
69 117
69 118
69 119
69 120
69 121
69 122
69 123
69 124
69 125
69 126
69 127
69 128
69 129
69 130
69 131
69 132
69 133
69 134
69 135
70 131
70 133
71 17
71 31
71 58
71 70
71 81
71 101
71 108
71 126
71 127
71 128
71 130
71 131
71 133
72 2
72 5
72 10
72 17
72 23
72 24
72 29
72 31
72 42
72 58
72 59
72 60
72 70
72 71
72 75
72 76
72 78
72 81
72 85
72 95
72 100
72 101
72 102
72 108
72 109
72 113
72 115
72 120
72 125
72 126
72 127
72 128
72 130
72 131
72 133
72 134
73 2
73 3
73 4
73 5
73 7
73 8
73 9
73 10
73 11
73 12
73 17
73 18
73 20
73 23
73 24
73 25
73 26
73 27
73 28
73 29
73 30
73 31
73 32
73 34
73 35
73 36
73 37
73 40
73 41
73 42
73 44
73 47
73 49
73 50
73 51
73 52
73 53
73 55
73 58
73 59
73 60
73 61
73 64
73 65
73 66
73 67
73 68
73 70
73 71
73 72
73 74
73 75
73 76
73 77
73 78
73 80
73 81
73 82
73 83
73 84
73 85
73 86
73 90
73 92
73 94
73 95
73 97
73 98
73 99
73 100
73 101
73 102
73 106
73 108
73 109
73 111
73 113
73 115
73 116
73 117
73 118
73 119
73 120
73 121
73 122
73 123
73 125
73 126
73 127
73 128
73 130
73 131
73 132
73 133
73 134
74 2
74 7
74 10
74 17
74 24
74 29
74 31
74 41
74 58
74 59
74 60
74 70
74 71
74 75
74 77
74 81
74 85
74 95
74 97
74 100
74 101
74 102
74 106
74 108
74 109
74 113
74 115
74 120
74 125
74 126
74 127
74 128
74 130
74 131
74 133
75 2
75 10
75 17
75 24
75 29
75 31
75 58
75 59
75 60
75 70
75 71
75 81
75 85
75 95
75 100
75 101
75 102
75 108
75 109
75 113
75 115
75 125
75 126
75 127
75 128
75 130
75 131
75 133
76 2
76 10
76 17
76 24
76 29
76 31
76 58
76 59
76 60
76 70
76 71
76 75
76 81
76 85
76 95
76 100
76 101
76 102
76 108
76 109
76 113
76 115
76 125
76 126
76 127
76 128
76 130
76 131
76 133
77 2
77 7
77 10
77 17
77 24
77 29
77 31
77 41
77 58
77 59
77 60
77 70
77 71
77 74
77 75
77 81
77 85
77 95
77 97
77 100
77 101
77 102
77 106
77 108
77 109
77 113
77 115
77 120
77 125
77 126
77 127
77 128
77 130
77 131
77 133
78 2
78 5
78 10
78 17
78 23
78 24
78 29
78 31
78 42
78 58
78 59
78 60
78 70
78 71
78 72
78 75
78 76
78 81
78 85
78 95
78 100
78 101
78 102
78 108
78 109
78 113
78 115
78 120
78 125
78 126
78 127
78 128
78 130
78 131
78 133
78 134
79 2
79 4
79 7
79 10
79 17
79 22
79 24
79 25
79 28
79 29
79 31
79 33
79 39
79 41
79 43
79 51
79 52
79 56
79 57
79 58
79 59
79 60
79 70
79 71
79 74
79 75
79 76
79 77
79 81
79 85
79 95
79 97
79 100
79 101
79 102
79 103
79 106
79 107
79 108
79 109
79 112
79 113
79 115
79 117
79 120
79 123
79 125
79 126
79 127
79 128
79 129
79 130
79 131
79 133
79 134
80 2
80 4
80 5
80 7
80 10
80 17
80 23
80 24
80 25
80 26
80 28
80 29
80 31
80 41
80 42
80 51
80 52
80 55
80 58
80 59
80 60
80 61
80 70
80 71
80 72
80 74
80 75
80 76
80 77
80 78
80 81
80 85
80 95
80 97
80 100
80 101
80 102
80 106
80 108
80 109
80 113
80 115
80 117
80 120
80 123
80 125
80 126
80 127
80 128
80 130
80 131
80 133
80 134
81 17
81 58
81 128
81 133
82 2
82 3
82 4
82 5
82 7
82 8
82 9
82 10
82 11
82 12
82 17
82 18
82 23
82 24
82 25
82 26
82 27
82 28
82 29
82 30
82 31
82 32
82 34
82 35
82 37
82 40
82 41
82 42
82 44
82 47
82 49
82 51
82 52
82 53
82 55
82 58
82 59
82 60
82 61
82 65
82 66
82 68
82 70
82 71
82 72
82 74
82 75
82 76
82 77
82 78
82 80
82 81
82 83
82 85
82 90
82 92
82 94
82 95
82 97
82 99
82 100
82 101
82 102
82 106
82 108
82 109
82 111
82 113
82 115
82 116
82 117
82 118
82 119
82 120
82 121
82 122
82 123
82 125
82 126
82 127
82 128
82 130
82 131
82 132
82 133
82 134
83 2
83 5
83 7
83 8
83 10
83 11
83 17
83 23
83 24
83 25
83 26
83 27
83 28
83 29
83 30
83 31
83 32
83 35
83 40
83 41
83 42
83 49
83 58
83 59
83 60
83 61
83 68
83 70
83 71
83 72
83 74
83 75
83 76
83 77
83 78
83 81
83 85
83 90
83 92
83 95
83 97
83 99
83 100
83 101
83 102
83 106
83 108
83 109
83 113
83 115
83 116
83 117
83 118
83 119
83 120
83 123
83 125
83 126
83 127
83 128
83 130
83 131
83 133
83 134
84 2
84 3
84 5
84 7
84 8
84 10
84 11
84 12
84 17
84 20
84 23
84 24
84 25
84 26
84 27
84 28
84 29
84 30
84 31
84 32
84 35
84 36
84 40
84 41
84 42
84 44
84 49
84 50
84 53
84 58
84 59
84 60
84 61
84 64
84 65
84 66
84 67
84 68
84 70
84 71
84 72
84 74
84 75
84 76
84 77
84 78
84 81
84 83
84 85
84 90
84 92
84 95
84 97
84 98
84 99
84 100
84 101
84 102
84 106
84 108
84 109
84 113
84 115
84 116
84 117
84 118
84 119
84 120
84 121
84 122
84 123
84 125
84 126
84 127
84 128
84 130
84 131
84 133
84 134
85 2
85 17
85 31
85 58
85 59
85 60
85 70
85 71
85 81
85 100
85 101
85 102
85 108
85 109
85 115
85 126
85 127
85 128
85 130
85 131
85 133
86 2
86 3
86 4
86 5
86 7
86 8
86 9
86 10
86 11
86 12
86 17
86 18
86 20
86 23
86 24
86 25
86 26
86 27
86 28
86 29
86 30
86 31
86 32
86 34
86 35
86 36
86 37
86 40
86 41
86 42
86 44
86 47
86 49
86 50
86 51
86 52
86 53
86 55
86 58
86 59
86 60
86 61
86 64
86 65
86 66
86 67
86 68
86 70
86 71
86 72
86 73
86 74
86 75
86 76
86 77
86 78
86 80
86 81
86 82
86 83
86 84
86 85
86 90
86 92
86 94
86 95
86 97
86 98
86 99
86 100
86 101
86 102
86 106
86 108
86 109
86 111
86 113
86 115
86 116
86 117
86 118
86 119
86 120
86 121
86 122
86 123
86 125
86 126
86 127
86 128
86 130
86 131
86 132
86 133
86 134
87 2
87 4
87 5
87 6
87 7
87 9
87 10
87 14
87 15
87 17
87 19
87 21
87 22
87 23
87 24
87 25
87 26
87 28
87 29
87 30
87 31
87 32
87 33
87 34
87 35
87 39
87 41
87 42
87 43
87 45
87 51
87 52
87 54
87 55
87 56
87 57
87 58
87 59
87 60
87 61
87 63
87 68
87 70
87 71
87 72
87 74
87 75
87 76
87 77
87 78
87 79
87 80
87 81
87 85
87 89
87 90
87 93
87 95
87 97
87 100
87 101
87 102
87 103
87 106
87 107
87 108
87 109
87 112
87 113
87 114
87 115
87 117
87 118
87 120
87 123
87 124
87 125
87 126
87 127
87 128
87 129
87 130
87 131
87 132
87 133
87 134
87 135
88 2
88 4
88 5
88 6
88 7
88 8
88 9
88 10
88 11
88 13
88 14
88 15
88 17
88 19
88 21
88 22
88 23
88 24
88 25
88 26
88 27
88 28
88 29
88 30
88 31
88 32
88 33
88 34
88 35
88 39
88 40
88 41
88 42
88 43
88 45
88 49
88 51
88 52
88 54
88 55
88 56
88 57
88 58
88 59
88 60
88 61
88 62
88 63
88 68
88 70
88 71
88 72
88 74
88 75
88 76
88 77
88 78
88 79
88 80
88 81
88 83
88 85
88 87
88 89
88 90
88 91
88 92
88 93
88 95
88 96
88 97
88 99
88 100
88 101
88 102
88 103
88 104
88 105
88 106
88 107
88 108
88 109
88 110
88 111
88 112
88 113
88 114
88 115
88 116
88 117
88 118
88 119
88 120
88 123
88 124
88 125
88 126
88 127
88 128
88 129
88 130
88 131
88 132
88 133
88 134
88 135
89 2
89 4
89 5
89 6
89 7
89 10
89 15
89 17
89 19
89 21
89 22
89 23
89 24
89 25
89 26
89 28
89 29
89 31
89 33
89 39
89 41
89 42
89 43
89 45
89 51
89 52
89 55
89 56
89 57
89 58
89 59
89 60
89 61
89 70
89 71
89 72
89 74
89 75
89 76
89 77
89 78
89 79
89 80
89 81
89 85
89 95
89 97
89 100
89 101
89 102
89 103
89 106
89 107
89 108
89 109
89 112
89 113
89 114
89 115
89 117
89 120
89 123
89 124
89 125
89 126
89 127
89 128
89 129
89 130
89 131
89 133
89 134
90 2
90 5
90 10
90 17
90 23
90 24
90 29
90 30
90 31
90 42
90 58
90 59
90 60
90 70
90 71
90 72
90 75
90 76
90 78
90 81
90 85
90 95
90 100
90 101
90 102
90 108
90 109
90 113
90 115
90 118
90 120
90 125
90 126
90 127
90 128
90 130
90 131
90 133
90 134
91 2
91 4
91 5
91 6
91 7
91 8
91 9
91 10
91 11
91 14
91 15
91 17
91 19
91 21
91 22
91 23
91 24
91 25
91 26
91 27
91 28
91 29
91 30
91 31
91 32
91 33
91 34
91 35
91 39
91 40
91 41
91 42
91 43
91 45
91 49
91 51
91 52
91 54
91 55
91 56
91 57
91 58
91 59
91 60
91 61
91 62
91 63
91 68
91 70
91 71
91 72
91 74
91 75
91 76
91 77
91 78
91 79
91 80
91 81
91 83
91 85
91 87
91 89
91 90
91 92
91 93
91 95
91 96
91 97
91 99
91 100
91 101
91 102
91 103
91 105
91 106
91 107
91 108
91 109
91 110
91 111
91 112
91 113
91 114
91 115
91 116
91 117
91 118
91 119
91 120
91 123
91 124
91 125
91 126
91 127
91 128
91 129
91 130
91 131
91 132
91 133
91 134
91 135
92 2
92 5
92 11
92 17
92 24
92 31
92 58
92 59
92 60
92 70
92 71
92 81
92 100
92 101
92 102
92 108
92 109
92 115
92 118
92 119
92 126
92 127
92 128
92 130
92 131
92 133
93 2
93 4
93 5
93 6
93 7
93 10
93 15
93 17
93 19
93 21
93 22
93 23
93 24
93 25
93 26
93 28
93 29
93 31
93 33
93 39
93 41
93 42
93 43
93 45
93 51
93 52
93 54
93 55
93 56
93 57
93 58
93 59
93 60
93 61
93 70
93 71
93 72
93 74
93 75
93 76
93 77
93 78
93 79
93 80
93 81
93 85
93 89
93 95
93 97
93 100
93 101
93 102
93 103
93 106
93 107
93 108
93 109
93 112
93 113
93 114
93 115
93 117
93 120
93 123
93 124
93 125
93 126
93 127
93 128
93 129
93 130
93 131
93 133
93 134
93 135
94 2
94 3
94 4
94 5
94 7
94 8
94 9
94 10
94 11
94 12
94 17
94 18
94 23
94 24
94 25
94 26
94 27
94 28
94 29
94 30
94 31
94 32
94 34
94 35
94 37
94 40
94 41
94 42
94 44
94 47
94 49
94 51
94 52
94 53
94 55
94 58
94 59
94 60
94 61
94 65
94 66
94 68
94 70
94 71
94 72
94 74
94 75
94 76
94 77
94 78
94 80
94 81
94 82
94 83
94 85
94 90
94 92
94 95
94 97
94 99
94 100
94 101
94 102
94 106
94 108
94 109
94 111
94 113
94 115
94 116
94 117
94 118
94 119
94 120
94 121
94 122
94 123
94 125
94 126
94 127
94 128
94 130
94 131
94 132
94 133
94 134
95 2
95 10
95 17
95 24
95 29
95 31
95 58
95 59
95 60
95 70
95 71
95 75
95 81
95 85
95 100
95 101
95 102
95 108
95 109
95 113
95 115
95 125
95 126
95 127
95 128
95 130
95 131
95 133
96 2
96 4
96 5
96 6
96 7
96 8
96 9
96 10
96 11
96 14
96 15
96 17
96 19
96 21
96 22
96 23
96 24
96 25
96 26
96 27
96 28
96 29
96 30
96 31
96 32
96 33
96 34
96 35
96 39
96 40
96 41
96 42
96 43
96 45
96 49
96 51
96 52
96 54
96 55
96 56
96 57
96 58
96 59
96 60
96 61
96 62
96 63
96 68
96 70
96 71
96 72
96 74
96 75
96 76
96 77
96 78
96 79
96 80
96 81
96 83
96 85
96 87
96 89
96 90
96 91
96 92
96 93
96 95
96 97
96 99
96 100
96 101
96 102
96 103
96 105
96 106
96 107
96 108
96 109
96 110
96 111
96 112
96 113
96 114
96 115
96 116
96 117
96 118
96 119
96 120
96 123
96 124
96 125
96 126
96 127
96 128
96 129
96 130
96 131
96 132
96 133
96 134
96 135
97 2
97 10
97 17
97 24
97 29
97 31
97 58
97 59
97 60
97 70
97 71
97 75
97 81
97 85
97 95
97 100
97 101
97 102
97 106
97 108
97 109
97 113
97 115
97 120
97 125
97 126
97 127
97 128
97 130
97 131
97 133
98 2
98 3
98 5
98 8
98 10
98 11
98 12
98 17
98 20
98 23
98 24
98 27
98 29
98 30
98 31
98 32
98 36
98 40
98 42
98 44
98 49
98 50
98 53
98 58
98 59
98 60
98 61
98 64
98 65
98 66
98 68
98 70
98 71
98 72
98 75
98 76
98 78
98 81
98 85
98 90
98 92
98 95
98 97
98 99
98 100
98 101
98 102
98 106
98 108
98 109
98 113
98 115
98 116
98 118
98 119
98 120
98 125
98 126
98 127
98 128
98 130
98 131
98 133
98 134
99 2
99 5
99 8
99 10
99 11
99 17
99 23
99 24
99 27
99 29
99 30
99 31
99 32
99 40
99 42
99 49
99 58
99 59
99 60
99 61
99 68
99 70
99 71
99 72
99 75
99 76
99 78
99 81
99 85
99 90
99 92
99 95
99 97
99 100
99 101
99 102
99 106
99 108
99 109
99 113
99 115
99 116
99 118
99 119
99 120
99 125
99 126
99 127
99 128
99 130
99 131
99 133
99 134
100 2
100 17
100 31
100 58
100 59
100 70
100 71
100 81
100 101
100 108
100 109
100 126
100 127
100 128
100 130
100 131
100 133
101 70
101 131
101 133
102 2
102 17
102 58
102 60
102 81
102 108
102 126
102 128
102 133
103 2
103 4
103 7
103 10
103 17
103 22
103 24
103 25
103 28
103 29
103 31
103 33
103 39
103 41
103 43
103 51
103 52
103 56
103 57
103 58
103 59
103 60
103 70
103 71
103 74
103 75
103 76
103 77
103 79
103 81
103 85
103 95
103 97
103 100
103 101
103 102
103 106
103 107
103 108
103 109
103 112
103 113
103 115
103 117
103 120
103 123
103 125
103 126
103 127
103 128
103 129
103 130
103 131
103 133
103 134
104 2
104 4
104 5
104 6
104 7
104 8
104 9
104 10
104 11
104 13
104 14
104 15
104 17
104 19
104 21
104 22
104 23
104 24
104 25
104 26
104 27
104 28
104 29
104 30
104 31
104 32
104 33
104 34
104 35
104 39
104 40
104 41
104 42
104 43
104 45
104 49
104 51
104 52
104 54
104 55
104 56
104 57
104 58
104 59
104 60
104 61
104 62
104 63
104 68
104 70
104 71
104 72
104 74
104 75
104 76
104 77
104 78
104 79
104 80
104 81
104 83
104 85
104 87
104 88
104 89
104 90
104 91
104 92
104 93
104 95
104 96
104 97
104 99
104 100
104 101
104 102
104 103
104 105
104 106
104 107
104 108
104 109
104 110
104 111
104 112
104 113
104 114
104 115
104 116
104 117
104 118
104 119
104 120
104 123
104 124
104 125
104 126
104 127
104 128
104 129
104 130
104 131
104 132
104 133
104 134
104 135
105 2
105 4
105 5
105 6
105 7
105 8
105 9
105 10
105 11
105 14
105 15
105 17
105 19
105 21
105 22
105 23
105 24
105 25
105 26
105 27
105 28
105 29
105 30
105 31
105 32
105 33
105 34
105 35
105 39
105 40
105 41
105 42
105 43
105 45
105 49
105 51
105 52
105 54
105 55
105 56
105 57
105 58
105 59
105 60
105 61
105 62
105 63
105 68
105 70
105 71
105 72
105 74
105 75
105 76
105 77
105 78
105 79
105 80
105 81
105 83
105 85
105 87
105 89
105 90
105 91
105 92
105 93
105 95
105 96
105 97
105 99
105 100
105 101
105 102
105 103
105 106
105 107
105 108
105 109
105 110
105 111
105 112
105 113
105 114
105 115
105 116
105 117
105 118
105 119
105 120
105 123
105 124
105 125
105 126
105 127
105 128
105 129
105 130
105 131
105 132
105 133
105 134
105 135
106 2
106 17
106 31
106 58
106 59
106 60
106 70
106 71
106 81
106 85
106 100
106 101
106 102
106 108
106 109
106 115
106 126
106 127
106 128
106 130
106 131
106 133
107 2
107 4
107 7
107 10
107 17
107 22
107 24
107 25
107 28
107 29
107 31
107 33
107 39
107 41
107 43
107 51
107 52
107 56
107 57
107 58
107 59
107 60
107 70
107 71
107 74
107 75
107 76
107 77
107 79
107 81
107 85
107 95
107 97
107 100
107 101
107 102
107 103
107 106
107 108
107 109
107 112
107 113
107 115
107 117
107 120
107 123
107 125
107 126
107 127
107 128
107 129
107 130
107 131
107 133
107 134
109 2
109 17
109 31
109 58
109 59
109 70
109 71
109 81
109 100
109 101
109 108
109 126
109 127
109 128
109 130
109 131
109 133
110 2
110 4
110 5
110 6
110 7
110 8
110 9
110 10
110 11
110 14
110 15
110 17
110 19
110 21
110 22
110 23
110 24
110 25
110 26
110 27
110 28
110 29
110 30
110 31
110 32
110 33
110 34
110 35
110 39
110 40
110 41
110 42
110 43
110 45
110 49
110 51
110 52
110 55
110 56
110 57
110 58
110 59
110 60
110 61
110 63
110 68
110 70
110 71
110 72
110 74
110 75
110 76
110 77
110 78
110 79
110 80
110 81
110 83
110 85
110 89
110 90
110 92
110 95
110 97
110 99
110 100
110 101
110 102
110 103
110 106
110 107
110 108
110 109
110 111
110 112
110 113
110 114
110 115
110 116
110 117
110 118
110 119
110 120
110 123
110 124
110 125
110 126
110 127
110 128
110 129
110 130
110 131
110 132
110 133
110 134
111 2
111 4
111 5
111 7
111 8
111 9
111 10
111 11
111 17
111 23
111 24
111 25
111 26
111 27
111 28
111 29
111 30
111 31
111 32
111 34
111 35
111 40
111 41
111 42
111 49
111 51
111 52
111 55
111 58
111 59
111 60
111 61
111 68
111 70
111 71
111 72
111 74
111 75
111 76
111 77
111 78
111 80
111 81
111 83
111 85
111 90
111 92
111 95
111 97
111 99
111 100
111 101
111 102
111 106
111 108
111 109
111 113
111 115
111 116
111 117
111 118
111 119
111 120
111 123
111 125
111 126
111 127
111 128
111 130
111 131
111 132
111 133
111 134
112 2
112 7
112 17
112 31
112 56
112 58
112 59
112 60
112 70
112 71
112 81
112 85
112 100
112 101
112 102
112 106
112 108
112 109
112 115
112 126
112 127
112 128
112 130
112 131
112 133
113 2
113 10
113 17
113 24
113 29
113 31
113 58
113 59
113 60
113 70
113 71
113 75
113 81
113 85
113 95
113 100
113 101
113 102
113 108
113 109
113 115
113 125
113 126
113 127
113 128
113 130
113 131
113 133
114 2
114 4
114 5
114 6
114 7
114 10
114 15
114 17
114 19
114 21
114 22
114 23
114 24
114 25
114 26
114 28
114 29
114 31
114 33
114 39
114 41
114 42
114 43
114 45
114 51
114 52
114 55
114 56
114 57
114 58
114 59
114 60
114 61
114 70
114 71
114 72
114 74
114 75
114 76
114 77
114 78
114 79
114 80
114 81
114 85
114 89
114 95
114 97
114 100
114 101
114 102
114 103
114 106
114 107
114 108
114 109
114 112
114 113
114 115
114 117
114 120
114 123
114 124
114 125
114 126
114 127
114 128
114 129
114 130
114 131
114 133
114 134
115 2
115 17
115 31
115 58
115 59
115 60
115 70
115 81
115 102
115 108
115 126
115 127
115 128
115 130
115 131
115 133
116 2
116 5
116 8
116 10
116 11
116 17
116 23
116 24
116 27
116 29
116 30
116 31
116 32
116 40
116 42
116 49
116 58
116 59
116 60
116 61
116 68
116 70
116 71
116 72
116 75
116 76
116 78
116 81
116 85
116 90
116 92
116 95
116 97
116 99
116 100
116 101
116 102
116 106
116 108
116 109
116 113
116 115
116 118
116 119
116 120
116 125
116 126
116 127
116 128
116 130
116 131
116 133
116 134
117 2
117 7
117 10
117 17
117 24
117 25
117 28
117 29
117 31
117 41
117 58
117 59
117 60
117 70
117 71
117 74
117 75
117 76
117 77
117 81
117 85
117 95
117 97
117 100
117 101
117 102
117 106
117 108
117 109
117 113
117 115
117 120
117 123
117 125
117 126
117 127
117 128
117 130
117 131
117 133
117 134
118 2
118 5
118 17
118 24
118 31
118 58
118 59
118 60
118 70
118 71
118 81
118 100
118 101
118 102
118 108
118 109
118 115
118 126
118 127
118 128
118 130
118 131
118 133
119 2
119 5
119 11
119 17
119 24
119 31
119 58
119 59
119 60
119 70
119 71
119 81
119 92
119 100
119 101
119 102
119 108
119 109
119 115
119 118
119 126
119 127
119 128
119 130
119 131
119 133
120 2
120 10
120 17
120 24
120 29
120 31
120 58
120 59
120 60
120 70
120 71
120 81
120 85
120 100
120 101
120 102
120 108
120 109
120 115
120 125
120 126
120 127
120 128
120 130
120 131
120 133
121 2
121 3
121 5
121 7
121 8
121 10
121 11
121 12
121 17
121 23
121 24
121 25
121 26
121 27
121 28
121 29
121 30
121 31
121 32
121 35
121 40
121 41
121 42
121 44
121 49
121 53
121 58
121 59
121 60
121 61
121 65
121 66
121 68
121 70
121 71
121 72
121 74
121 75
121 76
121 77
121 78
121 81
121 83
121 85
121 90
121 92
121 95
121 97
121 99
121 100
121 101
121 102
121 106
121 108
121 109
121 113
121 115
121 116
121 117
121 118
121 119
121 120
121 122
121 123
121 125
121 126
121 127
121 128
121 130
121 131
121 133
121 134
122 2
122 3
122 5
122 7
122 8
122 10
122 11
122 12
122 17
122 23
122 24
122 25
122 26
122 27
122 28
122 29
122 30
122 31
122 32
122 35
122 40
122 41
122 42
122 44
122 49
122 53
122 58
122 59
122 60
122 61
122 65
122 66
122 68
122 70
122 71
122 72
122 74
122 75
122 76
122 77
122 78
122 81
122 83
122 85
122 90
122 92
122 95
122 97
122 99
122 100
122 101
122 102
122 106
122 108
122 109
122 113
122 115
122 116
122 117
122 118
122 119
122 120
122 121
122 123
122 125
122 126
122 127
122 128
122 130
122 131
122 133
122 134
123 2
123 7
123 10
123 17
123 24
123 25
123 28
123 29
123 31
123 41
123 58
123 59
123 60
123 70
123 71
123 74
123 75
123 76
123 77
123 81
123 85
123 95
123 97
123 100
123 101
123 102
123 106
123 108
123 109
123 113
123 115
123 117
123 120
123 125
123 126
123 127
123 128
123 130
123 131
123 133
123 134
124 2
124 4
124 5
124 6
124 7
124 10
124 15
124 17
124 19
124 21
124 22
124 23
124 24
124 25
124 26
124 28
124 29
124 31
124 33
124 39
124 41
124 42
124 43
124 45
124 51
124 52
124 55
124 56
124 57
124 58
124 59
124 60
124 61
124 70
124 71
124 72
124 74
124 75
124 76
124 77
124 78
124 79
124 80
124 81
124 85
124 89
124 95
124 97
124 100
124 101
124 102
124 103
124 106
124 107
124 108
124 109
124 112
124 113
124 114
124 115
124 117
124 120
124 123
124 125
124 126
124 127
124 128
124 129
124 130
124 131
124 133
124 134
125 2
125 10
125 17
125 24
125 29
125 31
125 58
125 59
125 60
125 70
125 71
125 81
125 85
125 100
125 101
125 102
125 108
125 109
125 115
125 126
125 127
125 128
125 130
125 131
125 133
126 17
126 58
126 81
126 108
126 128
126 133
127 17
127 58
127 70
127 81
127 128
127 131
127 133
128 17
128 58
128 81
128 133
129 2
129 4
129 7
129 10
129 17
129 22
129 24
129 25
129 28
129 29
129 31
129 33
129 39
129 41
129 43
129 51
129 52
129 56
129 57
129 58
129 59
129 60
129 70
129 71
129 74
129 75
129 76
129 77
129 79
129 81
129 85
129 95
129 97
129 100
129 101
129 102
129 103
129 106
129 107
129 108
129 109
129 112
129 113
129 115
129 117
129 120
129 123
129 125
129 126
129 127
129 128
129 130
129 131
129 133
129 134
130 17
130 58
130 81
130 108
130 126
130 128
130 133
131 70
131 133
132 2
132 4
132 5
132 7
132 9
132 10
132 17
132 23
132 24
132 25
132 26
132 28
132 29
132 30
132 31
132 32
132 34
132 35
132 41
132 42
132 51
132 52
132 55
132 58
132 59
132 60
132 61
132 68
132 70
132 71
132 72
132 74
132 75
132 76
132 77
132 78
132 80
132 81
132 85
132 90
132 95
132 97
132 100
132 101
132 102
132 106
132 108
132 109
132 113
132 115
132 117
132 118
132 120
132 123
132 125
132 126
132 127
132 128
132 130
132 131
132 133
132 134
134 2
134 10
134 17
134 24
134 29
134 31
134 58
134 59
134 60
134 70
134 71
134 75
134 76
134 81
134 85
134 95
134 100
134 101
134 102
134 108
134 109
134 113
134 115
134 120
134 125
134 126
134 127
134 128
134 130
134 131
134 133
135 2
135 4
135 5
135 6
135 7
135 10
135 15
135 17
135 19
135 21
135 22
135 23
135 24
135 25
135 26
135 28
135 29
135 31
135 33
135 39
135 41
135 42
135 43
135 45
135 51
135 52
135 54
135 55
135 56
135 57
135 58
135 59
135 60
135 61
135 70
135 71
135 72
135 74
135 75
135 76
135 77
135 78
135 79
135 80
135 81
135 85
135 89
135 93
135 95
135 97
135 100
135 101
135 102
135 103
135 106
135 107
135 108
135 109
135 112
135 113
135 114
135 115
135 117
135 120
135 123
135 124
135 125
135 126
135 127
135 128
135 129
135 130
135 131
135 133
135 134
