7 21
0 1 10 10
0 2 0 90
0 3 100 98
0 4 21 19
0 5 21 12
0 6 22 18
1 2 90 0
1 3 95 96
1 4 19 24
1 5 25 17
1 6 18 22
2 3 100 96
2 4 14 17
2 5 18 24
2 6 10 20
3 4 18 19
3 5 19 13
3 6 14 19
4 5 98 95
4 6 93 92
5 6 96 93
0 2
0 3
0 4
0 5
0 7
0 8
0 9
0 10
0 11
0 12
0 13
0 14
0 15
0 16
0 17
0 18
0 19
0 20
1 2
1 7
1 11
1 18
1 19
1 20
3 2
3 7
3 11
3 18
3 19
3 20
4 2
4 3
4 5
4 7
4 9
4 11
4 18
4 19
4 20
5 2
5 7
5 11
5 18
5 19
5 20
6 2
6 7
6 11
6 18
6 19
6 20
7 2
7 11
8 2
8 7
8 11
8 18
8 19
8 20
9 2
9 7
9 11
9 18
9 19
9 20
10 2
10 7
10 8
10 11
10 13
10 18
10 19
10 20
11 2
12 2
12 3
12 5
12 7
12 8
12 9
12 10
12 11
12 13
12 15
12 17
12 18
12 19
12 20
13 2
13 7
13 8
13 11
13 18
13 19
13 20
14 2
14 7
14 8
14 10
14 11
14 13
14 18
14 19
14 20
15 2
15 3
15 7
15 8
15 10
15 11
15 13
15 18
15 19
15 20
16 2
16 3
16 5
16 7
16 8
16 9
16 11
16 18
16 19
16 20
17 2
17 3
17 7
17 8
17 10
17 11
17 13
17 15
17 18
17 19
17 20
18 2
18 11
19 2
19 7
19 11
19 18
19 20
20 2
20 11
20 18
