Arvore 1
0 3 87 24 24 22
0 5 79 26 18 21
1 6 86 16 18 23
2 6 89 14 8 15
4 5 99 2 0 2
4 6 89 21 21 18
(529,103,89,101)

Arvore 2
0 3 87 24 24 22
0 6 82 18 27 22
1 6 86 16 18 23
2 6 89 14 8 15
4 5 99 2 0 2
4 6 89 21 21 18
(532,95,98,102)

Arvore 3
0 3 87 24 24 22
0 4 82 25 20 23
1 6 86 16 18 23
2 6 89 14 8 15
4 5 99 2 0 2
4 6 89 21 21 18
(532,102,91,103)

Arvore 4
0 3 87 24 24 22
0 5 79 26 18 21
0 6 82 18 27 22
1 6 86 16 18 23
2 6 89 14 8 15
4 5 99 2 0 2
(522,100,95,105)

Arvore 5
0 3 87 24 24 22
0 4 82 25 20 23
0 6 82 18 27 22
1 6 86 16 18 23
2 6 89 14 8 15
4 5 99 2 0 2
(525,99,97,107)

Arvore 6
0 3 87 24 24 22
0 5 79 26 18 21
1 6 86 16 18 23
2 5 68 33 28 27
2 6 89 14 8 15
4 5 99 2 0 2
(508,115,96,110)

Arvore 7
0 3 87 24 24 22
0 6 82 18 27 22
1 6 86 16 18 23
2 5 68 33 28 27
2 6 89 14 8 15
4 5 99 2 0 2
(511,107,105,111)

Arvore 8
0 3 87 24 24 22
0 4 82 25 20 23
1 6 86 16 18 23
2 5 68 33 28 27
2 6 89 14 8 15
4 5 99 2 0 2
(511,114,98,112)

Arvore 9
0 3 87 24 24 22
0 5 79 26 18 21
0 6 82 18 27 22
1 6 86 16 18 23
2 5 68 33 28 27
4 5 99 2 0 2
(501,119,115,117)

Arvore 10
0 3 87 24 24 22
0 4 82 25 20 23
0 6 82 18 27 22
1 6 86 16 18 23
2 5 68 33 28 27
4 5 99 2 0 2
(504,118,117,119)

Arvore 11
0 3 87 24 24 22
0 5 79 26 18 21
1 4 53 52 49 41
2 6 89 14 8 15
4 5 99 2 0 2
4 6 89 21 21 18
(496,139,120,119)

Arvore 12
0 3 87 24 24 22
0 6 82 18 27 22
1 4 53 52 49 41
2 6 89 14 8 15
4 5 99 2 0 2
4 6 89 21 21 18
(499,131,129,120)

Arvore 13
0 3 87 24 24 22
0 4 82 25 20 23
1 4 53 52 49 41
2 6 89 14 8 15
4 5 99 2 0 2
4 6 89 21 21 18
(499,138,122,121)

Arvore 14
0 3 87 24 24 22
0 5 79 26 18 21
0 6 82 18 27 22
1 4 53 52 49 41
2 6 89 14 8 15
4 5 99 2 0 2
(489,136,126,123)

Arvore 15
0 3 87 24 24 22
0 5 79 26 18 21
1 4 53 52 49 41
1 6 86 16 18 23
2 6 89 14 8 15
4 5 99 2 0 2
(493,134,117,124)

Arvore 16
0 1 52 43 40 47
0 3 87 24 24 22
0 5 79 26 18 21
2 6 89 14 8 15
4 5 99 2 0 2
4 6 89 21 21 18
(495,130,111,125)

Arvore 17
0 3 87 24 24 22
0 6 82 18 27 22
1 4 53 52 49 41
1 6 86 16 18 23
2 6 89 14 8 15
4 5 99 2 0 2
(496,126,126,125)

Arvore 18
0 3 87 24 24 22
0 4 82 25 20 23
0 6 82 18 27 22
1 4 53 52 49 41
2 6 89 14 8 15
4 5 99 2 0 2
(492,135,128,125)

Arvore 19
0 1 52 43 40 47
0 3 87 24 24 22
0 6 82 18 27 22
2 6 89 14 8 15
4 5 99 2 0 2
4 6 89 21 21 18
(498,122,120,126)

Arvore 20
0 3 87 24 24 22
0 5 79 26 18 21
1 6 86 16 18 23
2 4 60 38 38 44
2 6 89 14 8 15
4 5 99 2 0 2
(500,120,106,127)

Arvore 21
0 1 52 43 40 47
0 3 87 24 24 22
0 4 82 25 20 23
2 6 89 14 8 15
4 5 99 2 0 2
4 6 89 21 21 18
(498,129,113,127)

Arvore 22
0 3 87 24 24 22
0 6 82 18 27 22
1 6 86 16 18 23
2 4 60 38 38 44
2 6 89 14 8 15
4 5 99 2 0 2
(503,112,115,128)

Arvore 23
0 3 87 24 24 22
0 5 79 26 18 21
1 4 53 52 49 41
2 5 68 33 28 27
2 6 89 14 8 15
4 5 99 2 0 2
(475,151,127,128)

Arvore 24
0 3 87 24 24 22
0 4 82 25 20 23
1 6 86 16 18 23
2 4 60 38 38 44
2 6 89 14 8 15
4 5 99 2 0 2
(503,119,108,129)

Arvore 25
0 1 52 43 40 47
0 3 87 24 24 22
0 5 79 26 18 21
0 6 82 18 27 22
2 6 89 14 8 15
4 5 99 2 0 2
(488,127,117,129)

Arvore 26
0 3 87 24 24 22
0 6 82 18 27 22
1 4 53 52 49 41
2 5 68 33 28 27
2 6 89 14 8 15
4 5 99 2 0 2
(478,143,136,129)

Arvore 27
0 1 52 43 40 47
0 3 87 24 24 22
0 5 79 26 18 21
1 6 86 16 18 23
2 6 89 14 8 15
4 5 99 2 0 2
(492,125,108,130)

Arvore 28
0 3 87 24 24 22
0 4 82 25 20 23
1 4 53 52 49 41
2 5 68 33 28 27
2 6 89 14 8 15
4 5 99 2 0 2
(478,150,129,130)

Arvore 29
0 3 87 24 24 22
0 4 82 25 20 23
0 5 79 26 18 21
1 6 86 16 18 23
2 5 68 33 28 27
2 6 89 14 8 15
(491,138,116,131)

Arvore 30
0 1 52 43 40 47
0 3 87 24 24 22
0 4 82 25 20 23
0 6 82 18 27 22
2 6 89 14 8 15
4 5 99 2 0 2
(491,126,119,131)

Arvore 31
0 1 52 43 40 47
0 3 87 24 24 22
0 4 82 25 20 23
1 6 86 16 18 23
2 6 89 14 8 15
4 5 99 2 0 2
(495,124,110,132)

Arvore 32
0 3 87 24 24 22
0 5 79 26 18 21
1 2 43 57 58 55
2 6 89 14 8 15
4 5 99 2 0 2
4 6 89 21 21 18
(486,144,129,133)

Arvore 33
0 3 87 24 24 22
0 5 79 26 18 21
0 6 82 18 27 22
1 6 86 16 18 23
2 4 60 38 38 44
4 5 99 2 0 2
(493,124,125,134)

Arvore 34
0 1 52 43 40 47
0 3 87 24 24 22
0 5 79 26 18 21
2 5 68 33 28 27
2 6 89 14 8 15
4 5 99 2 0 2
(474,142,118,134)

Arvore 35
0 5 79 26 18 21
1 6 86 16 18 23
2 3 36 56 59 56
2 6 89 14 8 15
4 5 99 2 0 2
4 6 89 21 21 18
(478,135,124,135)

Arvore 36
0 1 52 43 40 47
0 3 87 24 24 22
0 6 82 18 27 22
2 5 68 33 28 27
2 6 89 14 8 15
4 5 99 2 0 2
(477,134,127,135)

Arvore 37
0 3 87 24 24 22
0 5 79 26 18 21
0 6 82 18 27 22
1 4 53 52 49 41
2 5 68 33 28 27
4 5 99 2 0 2
(468,155,146,135)

Arvore 38
0 3 87 24 24 22
0 4 82 25 20 23
0 6 82 18 27 22
1 6 86 16 18 23
2 4 60 38 38 44
4 5 99 2 0 2
(496,123,127,136)

Arvore 39
0 1 52 43 40 47
0 3 87 24 24 22
1 6 86 16 18 23
2 5 68 33 28 27
2 6 89 14 8 15
4 5 99 2 0 2
(481,132,118,136)

Arvore 40
0 6 82 18 27 22
1 6 86 16 18 23
2 3 36 56 59 56
2 6 89 14 8 15
4 5 99 2 0 2
4 6 89 21 21 18
(481,127,133,136)

Arvore 41
0 1 52 43 40 47
0 3 87 24 24 22
0 4 82 25 20 23
2 5 68 33 28 27
2 6 89 14 8 15
4 5 99 2 0 2
(477,141,120,136)

Arvore 42
0 3 87 24 24 22
0 5 79 26 18 21
1 4 53 52 49 41
1 6 86 16 18 23
2 5 68 33 28 27
4 5 99 2 0 2
(472,153,137,136)

Arvore 43
0 3 87 24 24 22
0 4 82 25 20 23
0 6 82 18 27 22
1 4 53 52 49 41
2 5 68 33 28 27
4 5 99 2 0 2
(471,154,148,137)

Arvore 44
0 5 79 26 18 21
0 6 82 18 27 22
1 6 86 16 18 23
2 3 36 56 59 56
2 6 89 14 8 15
4 5 99 2 0 2
(471,132,130,139)

Arvore 45
0 2 44 49 60 56
0 3 87 24 24 22
0 5 79 26 18 21
1 6 86 16 18 23
2 6 89 14 8 15
4 5 99 2 0 2
(484,131,128,139)

Arvore 46
0 3 87 24 24 22
0 5 79 26 18 21
1 6 86 16 18 23
2 3 36 56 59 56
2 6 89 14 8 15
4 5 99 2 0 2
(476,138,127,139)

Arvore 47
0 4 82 25 20 23
0 6 82 18 27 22
1 6 86 16 18 23
2 3 36 56 59 56
2 6 89 14 8 15
4 5 99 2 0 2
(474,131,132,141)

Arvore 48
0 2 44 49 60 56
0 3 87 24 24 22
0 4 82 25 20 23
1 6 86 16 18 23
2 6 89 14 8 15
4 5 99 2 0 2
(487,130,130,141)

Arvore 49
0 1 52 43 40 47
0 3 87 24 24 22
0 5 79 26 18 21
0 6 82 18 27 22
2 5 68 33 28 27
4 5 99 2 0 2
(467,146,137,141)

Arvore 50
0 1 52 43 40 47
0 3 87 24 24 22
0 5 79 26 18 21
1 6 86 16 18 23
2 5 68 33 28 27
4 5 99 2 0 2
(471,144,128,142)

Arvore 51
0 3 87 24 24 22
0 5 79 26 18 21
1 2 43 57 58 55
2 5 68 33 28 27
2 6 89 14 8 15
4 5 99 2 0 2
(465,156,136,142)

Arvore 52
0 1 52 43 40 47
0 3 87 24 24 22
0 4 82 25 20 23
0 6 82 18 27 22
2 5 68 33 28 27
4 5 99 2 0 2
(470,145,139,143)

Arvore 53
0 5 79 26 18 21
1 6 86 16 18 23
2 3 36 56 59 56
2 5 68 33 28 27
2 6 89 14 8 15
4 5 99 2 0 2
(457,147,131,144)

Arvore 54
0 6 82 18 27 22
1 6 86 16 18 23
2 3 36 56 59 56
2 5 68 33 28 27
2 6 89 14 8 15
4 5 99 2 0 2
(460,139,140,145)

Arvore 55
0 3 87 24 24 22
1 6 86 16 18 23
2 3 36 56 59 56
2 5 68 33 28 27
2 6 89 14 8 15
4 5 99 2 0 2
(465,145,137,145)

Arvore 56
0 4 82 25 20 23
1 6 86 16 18 23
2 3 36 56 59 56
2 5 68 33 28 27
2 6 89 14 8 15
4 5 99 2 0 2
(460,146,133,146)

Arvore 57
0 1 52 43 40 47
0 3 87 24 24 22
0 5 79 26 18 21
2 4 60 38 38 44
2 6 89 14 8 15
4 5 99 2 0 2
(466,147,128,151)

Arvore 58
0 5 79 26 18 21
0 6 82 18 27 22
1 6 86 16 18 23
2 3 36 56 59 56
2 5 68 33 28 27
4 5 99 2 0 2
(450,151,150,151)

Arvore 59
0 1 52 43 40 47
0 3 87 24 24 22
0 6 82 18 27 22
2 4 60 38 38 44
2 6 89 14 8 15
4 5 99 2 0 2
(469,139,137,152)

Arvore 60
0 1 52 43 40 47
0 3 87 24 24 22
1 6 86 16 18 23
2 4 60 38 38 44
2 6 89 14 8 15
4 5 99 2 0 2
(473,137,128,153)

Arvore 61
0 1 52 43 40 47
0 3 87 24 24 22
0 4 82 25 20 23
2 4 60 38 38 44
2 6 89 14 8 15
4 5 99 2 0 2
(469,146,130,153)

Arvore 62
0 5 79 26 18 21
0 6 82 18 27 22
1 6 86 16 18 23
2 6 89 14 8 15
3 6 19 79 74 70
4 5 99 2 0 2
(454,155,145,153)

Arvore 63
0 4 82 25 20 23
0 6 82 18 27 22
1 6 86 16 18 23
2 3 36 56 59 56
2 5 68 33 28 27
4 5 99 2 0 2
(453,150,152,153)

Arvore 64
0 5 79 26 18 21
1 4 53 52 49 41
2 3 36 56 59 56
2 6 89 14 8 15
4 5 99 2 0 2
4 6 89 21 21 18
(445,171,155,153)

Arvore 65
0 1 52 43 40 47
0 3 87 24 24 22
1 4 53 52 49 41
2 5 68 33 28 27
2 6 89 14 8 15
4 5 99 2 0 2
(448,168,149,154)

Arvore 66
0 6 82 18 27 22
1 4 53 52 49 41
2 3 36 56 59 56
2 6 89 14 8 15
4 5 99 2 0 2
4 6 89 21 21 18
(448,163,164,154)

Arvore 67
0 6 82 18 27 22
1 3 23 67 74 77
1 6 86 16 18 23
2 6 89 14 8 15
4 5 99 2 0 2
4 6 89 21 21 18
(468,138,148,157)

Arvore 68
0 5 79 26 18 21
0 6 82 18 27 22
1 4 53 52 49 41
2 3 36 56 59 56
2 6 89 14 8 15
4 5 99 2 0 2
(438,168,161,157)

Arvore 69
0 3 87 24 24 22
0 5 79 26 18 21
1 4 53 52 49 41
2 3 36 56 59 56
2 6 89 14 8 15
4 5 99 2 0 2
(443,174,158,157)

Arvore 70
0 5 79 26 18 21
1 6 86 16 18 23
2 5 68 33 28 27
2 6 89 14 8 15
3 6 19 79 74 70
4 5 99 2 0 2
(440,170,146,158)

Arvore 71
0 5 79 26 18 21
1 4 53 52 49 41
1 6 86 16 18 23
2 3 36 56 59 56
2 6 89 14 8 15
4 5 99 2 0 2
(442,166,152,158)

Arvore 72
0 1 52 43 40 47
0 5 79 26 18 21
2 3 36 56 59 56
2 6 89 14 8 15
4 5 99 2 0 2
4 6 89 21 21 18
(444,162,146,159)

Arvore 73
0 6 82 18 27 22
1 4 53 52 49 41
1 6 86 16 18 23
2 3 36 56 59 56
2 6 89 14 8 15
4 5 99 2 0 2
(445,158,161,159)

Arvore 74
0 4 82 25 20 23
0 6 82 18 27 22
1 4 53 52 49 41
2 3 36 56 59 56
2 6 89 14 8 15
4 5 99 2 0 2
(441,167,163,159)

Arvore 75
0 6 82 18 27 22
1 6 86 16 18 23
2 5 68 33 28 27
2 6 89 14 8 15
3 6 19 79 74 70
4 5 99 2 0 2
(443,162,155,159)

Arvore 76
0 5 79 26 18 21
0 6 82 18 27 22
1 3 23 67 74 77
1 6 86 16 18 23
2 6 89 14 8 15
4 5 99 2 0 2
(458,143,145,160)

Arvore 77
0 1 52 43 40 47
0 6 82 18 27 22
2 3 36 56 59 56
2 6 89 14 8 15
4 5 99 2 0 2
4 6 89 21 21 18
(447,154,155,160)
