0 1 7 69
0 2 24 51
0 3 2 77
0 4 17 49
0 5 99 35
0 6 28 44
0 7 36 72
0 8 97 6
0 9 30 56
0 10 13 48
0 11 90 13
0 12 59 31
0 13 61 28
0 14 28 45
0 15 49 63
0 16 68 20
0 17 79 42
0 18 61 30
0 19 28 37
0 20 83 32
0 21 41 79
0 22 19 52
0 23 28 50
0 24 55 56
0 25 55 46
0 26 62 37
0 27 66 59
0 28 72 19
0 29 24 76
0 30 18 71
0 31 38 46
0 32 46 35
1 2 17 90
1 3 51 37
1 4 79 11
1 5 56 26
1 6 44 63
1 7 84 42
1 8 85 11
1 9 98 48
1 10 5 87
1 11 33 45
1 12 86 28
1 13 82 43
1 14 34 76
1 15 83 23
1 16 97 48
1 17 94 46
1 18 55 56
1 19 60 59
1 20 63 37
1 21 77 53
1 22 59 39
1 23 41 67
1 24 67 46
1 25 57 37
1 26 2 57
1 27 2 73
1 28 28 82
1 29 90 12
1 30 60 51
1 31 80 19
1 32 97 18
2 3 2 53
2 4 2 98
2 5 55 36
2 6 15 51
2 7 84 28
2 8 73 16
2 9 13 84
2 10 97 32
2 11 41 57
2 12 31 56
2 13 57 40
2 14 63 28
2 15 81 11
2 16 5 49
2 17 61 55
2 18 97 32
2 19 56 42
2 20 77 60
2 21 69 47
2 22 3 56
2 23 12 56
2 24 98 36
2 25 40 43
2 26 20 80
2 27 40 60
2 28 55 45
2 29 8 73
2 30 51 44
2 31 1 90
2 32 6 88
3 4 48 65
3 5 36 37
3 6 39 32
3 7 52 63
3 8 90 18
3 9 87 10
3 10 22 50
3 11 67 22
3 12 75 44
3 13 7 52
3 14 68 36
3 15 50 65
3 16 5 80
3 17 43 31
3 18 92 42
3 19 97 35
3 20 66 54
3 21 90 12
3 22 45 50
3 23 60 57
3 24 41 44
3 25 18 45
3 26 25 84
3 27 11 66
3 28 34 38
3 29 95 24
3 30 57 66
3 31 33 67
3 32 75 45
4 5 34 43
4 6 82 19
4 7 86 26
4 8 48 59
4 9 60 68
4 10 71 34
4 11 99 43
4 12 56 50
4 13 51 46
4 14 75 49
4 15 72 53
4 16 56 64
4 17 57 59
4 18 24 44
4 19 67 44
4 20 73 38
4 21 21 62
4 22 95 41
4 23 27 54
4 24 20 87
4 25 44 45
4 26 90 34
4 27 65 59
4 28 96 17
4 29 14 50
4 30 16 57
4 31 65 37
4 32 95 41
5 6 72 57
5 7 15 59
5 8 27 52
5 9 95 44
5 10 24 49
5 11 85 31
5 12 92 6
5 13 8 55
5 14 77 17
5 15 54 34
5 16 76 56
5 17 59 48
5 18 18 45
5 19 4 91
5 20 34 78
5 21 24 75
5 22 17 78
5 23 66 41
5 24 88 14
5 25 3 67
5 26 62 43
5 27 32 81
5 28 47 53
5 29 84 45
5 30 84 57
5 31 45 68
5 32 39 67
6 7 26 66
6 8 19 86
6 9 72 50
6 10 93 14
6 11 33 40
6 12 67 39
6 13 60 69
6 14 11 94
6 15 72 47
6 16 80 31
6 17 3 73
6 18 89 34
6 19 19 49
6 20 27 50
6 21 81 17
6 22 76 21
6 23 18 70
6 24 63 20
6 25 67 32
6 26 56 61
6 27 43 40
6 28 23 56
6 29 24 60
6 30 27 84
6 31 25 43
6 32 59 68
7 8 73 15
7 9 72 28
7 10 70 63
7 11 31 36
7 12 92 53
7 13 89 36
7 14 92 33
7 15 6 77
7 16 56 51
7 17 10 65
7 18 22 47
7 19 76 54
7 20 47 68
7 21 36 46
7 22 16 76
7 23 61 30
7 24 80 17
7 25 7 77
7 26 82 56
7 27 26 43
7 28 84 53
7 29 31 47
7 30 12 83
7 31 60 31
7 32 94 19
8 9 33 83
8 10 31 77
8 11 54 71
8 12 22 55
8 13 35 79
8 14 15 50
8 15 45 62
8 16 98 42
8 17 9 77
8 18 65 33
8 19 22 65
8 20 98 20
8 21 66 57
8 22 21 78
8 23 47 74
8 24 24 47
8 25 28 79
8 26 91 51
8 27 45 67
8 28 22 88
8 29 69 40
8 30 5 88
8 31 10 51
8 32 82 45
9 10 19 64
9 11 94 33
9 12 50 66
9 13 41 44
9 14 62 27
9 15 79 30
9 16 47 53
9 17 97 18
9 18 80 45
9 19 13 78
9 20 7 78
9 21 69 35
9 22 51 51
9 23 16 72
9 24 25 42
9 25 13 78
9 26 64 28
9 27 83 54
9 28 47 73
9 29 24 38
9 30 62 61
9 31 59 37
9 32 32 49
10 11 63 19
10 12 10 51
10 13 47 65
10 14 54 67
10 15 14 55
10 16 16 51
10 17 96 36
10 18 50 31
10 19 78 52
10 20 73 55
10 21 47 56
10 22 14 46
10 23 49 75
10 24 86 13
10 25 45 56
10 26 40 77
10 27 42 54
10 28 63 59
10 29 54 51
10 30 10 65
10 31 1 79
10 32 54 32
11 12 2 59
11 13 91 34
11 14 76 37
11 15 97 50
11 16 93 4
11 17 41 56
11 18 60 32
11 19 64 47
11 20 80 56
11 21 37 45
11 22 64 23
11 23 90 38
11 24 86 12
11 25 18 71
11 26 2 96
11 27 98 7
11 28 78 11
11 29 36 50
11 30 44 67
11 31 77 27
11 32 86 11
12 13 35 59
12 14 28 83
12 15 34 78
12 16 74 14
12 17 75 26
12 18 63 48
12 19 98 23
12 20 59 35
12 21 41 35
12 22 28 67
12 23 60 32
12 24 38 42
12 25 80 19
12 26 22 57
12 27 98 24
12 28 98 31
12 29 87 37
12 30 91 22
12 31 27 76
12 32 28 50
13 14 42 63
13 15 68 32
13 16 15 44
13 17 4 90
13 18 15 59
13 19 55 46
13 20 90 28
13 21 27 44
13 22 70 53
13 23 93 15
13 24 72 46
13 25 10 72
13 26 56 32
13 27 31 63
13 28 24 39
13 29 23 88
13 30 66 41
13 31 98 46
13 32 15 54
14 15 63 51
14 16 78 59
14 17 31 62
14 18 7 55
14 19 16 55
14 20 53 45
14 21 79 16
14 22 72 57
14 23 19 62
14 24 5 60
14 25 9 87
14 26 28 61
14 27 26 87
14 28 32 44
14 29 92 25
14 30 25 42
14 31 93 45
14 32 14 61
15 16 77 32
15 17 28 81
15 18 47 70
15 19 99 34
15 20 93 11
15 21 22 50
15 22 19 47
15 23 16 56
15 24 75 54
15 25 39 37
15 26 81 40
15 27 5 71
15 28 86 47
15 29 5 55
15 30 40 49
15 31 44 64
15 32 94 10
16 17 96 12
16 18 69 56
16 19 48 47
16 20 3 50
16 21 91 53
16 22 43 49
16 23 3 75
16 24 79 59
16 25 99 19
16 26 0 96
16 27 39 73
16 28 46 44
16 29 44 49
16 30 51 53
16 31 54 54
16 32 38 39
17 18 79 39
17 19 95 39
17 20 36 74
17 21 16 66
17 22 32 62
17 23 3 75
17 24 74 55
17 25 76 28
17 26 35 78
17 27 85 11
17 28 14 73
17 29 26 49
17 30 92 34
17 31 18 66
17 32 13 76
18 19 19 65
18 20 37 55
18 21 8 73
18 22 88 45
18 23 77 61
18 24 19 45
18 25 28 86
18 26 15 43
18 27 36 37
18 28 98 1
18 29 51 67
18 30 13 45
18 31 0 83
18 32 81 33
19 20 82 31
19 21 28 53
19 22 82 14
19 23 23 41
19 24 60 45
19 25 36 56
19 26 62 26
19 27 78 46
19 28 98 16
19 29 33 77
19 30 73 20
19 31 24 51
19 32 88 13
20 21 87 30
20 22 94 36
20 23 72 59
20 24 13 88
20 25 77 44
20 26 37 40
20 27 10 76
20 28 30 80
20 29 95 19
20 30 73 47
20 31 76 30
20 32 83 41
21 22 11 84
21 23 68 56
21 24 55 66
21 25 88 30
21 26 64 25
21 27 14 54
21 28 82 43
21 29 49 32
21 30 59 35
21 31 86 12
21 32 77 16
22 23 38 66
22 24 35 37
22 25 59 56
22 26 64 27
22 27 45 51
22 28 96 44
22 29 46 51
22 30 94 46
22 31 47 30
22 32 0 67
23 24 94 25
23 25 91 23
23 26 49 33
23 27 61 45
23 28 9 85
23 29 84 32
23 30 44 39
23 31 88 14
23 32 78 19
24 25 78 39
24 26 89 54
24 27 90 28
24 28 27 74
24 29 33 83
24 30 46 66
24 31 8 62
24 32 38 53
25 26 52 71
25 27 59 45
25 28 23 76
25 29 2 94
25 30 7 57
25 31 90 39
25 32 44 67
26 27 47 47
26 28 16 88
26 29 26 49
26 30 47 54
26 31 89 19
26 32 4 96
27 28 33 35
27 29 9 80
27 30 55 62
27 31 4 93
27 32 12 56
28 29 25 75
28 30 80 24
28 31 54 23
28 32 7 77
29 30 56 32
29 31 89 37
29 32 28 67
30 31 63 23
30 32 39 67
31 32 96 22
