0 1 94 7
0 2 37 59
0 3 85 13
0 4 23 74
0 5 14 77
0 6 4 92
0 7 66 35
0 8 43 63
0 9 3 90
0 10 65 42
0 11 52 41
0 12 82 24
0 13 6 93
0 14 18 84
0 15 39 53
0 16 83 19
0 17 93 7
0 18 5 85
0 19 13 82
0 20 81 22
0 21 41 52
0 22 53 44
0 23 15 84
0 24 89 23
1 2 70 31
1 3 12 82
1 4 78 30
1 5 7 90
1 6 94 10
1 7 67 28
1 8 98 13
1 9 10 84
1 10 31 70
1 11 2 95
1 12 92 7
1 13 39 56
1 14 63 45
1 15 83 26
1 16 98 6
1 17 72 26
1 18 15 85
1 19 41 62
1 20 60 42
1 21 66 38
1 22 11 90
1 23 69 28
1 24 82 25
2 3 32 60
2 4 5 95
2 5 37 54
2 6 49 56
2 7 26 67
2 8 8 93
2 9 70 30
2 10 30 68
2 11 31 68
2 12 36 55
2 13 20 75
2 14 77 30
2 15 80 17
2 16 74 22
2 17 54 40
2 18 1 90
2 19 18 77
2 20 65 43
2 21 31 66
2 22 50 51
2 23 9 88
2 24 96 10
3 4 99 7
3 5 100 10
3 6 21 80
3 7 56 44
3 8 19 78
3 9 14 86
3 10 64 38
3 11 73 34
3 12 74 26
3 13 22 68
3 14 7 89
3 15 88 20
3 16 84 20
3 17 62 34
3 18 44 61
3 19 11 90
3 20 80 27
3 21 53 51
3 22 27 66
3 23 25 75
3 24 26 67
4 5 82 16
4 6 13 86
4 7 28 63
4 8 83 15
4 9 92 9
4 10 56 51
4 11 75 26
4 12 89 13
4 13 26 72
4 14 35 61
4 15 25 70
4 16 62 33
4 17 56 42
4 18 73 24
4 19 31 60
4 20 56 49
4 21 89 23
4 22 59 46
4 23 38 63
4 24 23 67
5 6 87 24
5 7 82 19
5 8 25 64
5 9 93 9
5 10 12 77
5 11 67 39
5 12 75 27
5 13 3 93
5 14 44 60
5 15 40 59
5 16 22 73
5 17 95 5
5 18 59 48
5 19 53 46
5 20 38 63
5 21 52 55
5 22 40 53
5 23 80 21
5 24 42 60
6 7 9 82
6 8 49 44
6 9 30 63
6 10 36 68
6 11 42 53
6 12 87 23
6 13 63 46
6 14 76 24
6 15 60 46
6 16 78 26
6 17 25 64
6 18 37 62
6 19 45 62
6 20 35 62
6 21 82 28
6 22 32 67
6 23 44 57
6 24 8 79
7 8 98 4
7 9 17 82
7 10 93 18
7 11 69 30
7 12 52 47
7 13 1 90
7 14 3 92
7 15 21 79
7 16 75 30
7 17 18 80
7 18 74 35
7 19 76 24
7 20 81 27
7 21 1 92
7 22 7 87
7 23 68 38
7 24 25 66
8 9 56 43
8 10 62 37
8 11 84 21
8 12 9 80
8 13 21 72
8 14 22 74
8 15 43 50
8 16 22 77
8 17 26 72
8 18 21 73
8 19 68 31
8 20 10 90
8 21 27 71
8 22 95 17
8 23 21 79
8 24 64 32
9 10 13 85
9 11 24 70
9 12 78 24
9 13 91 10
9 14 99 12
9 15 98 12
9 16 77 25
9 17 88 22
9 18 49 44
9 19 63 39
9 20 50 56
9 21 47 53
9 22 52 42
9 23 52 52
9 24 45 54
10 11 94 17
10 12 83 16
10 13 13 80
10 14 62 39
10 15 46 50
10 16 38 61
10 17 1 92
10 18 26 73
10 19 21 82
10 20 84 27
10 21 99 9
10 22 85 16
10 23 80 26
10 24 4 95
11 12 72 32
11 13 43 51
11 14 38 53
11 15 83 25
11 16 75 30
11 17 40 52
11 18 91 9
11 19 85 26
11 20 3 97
11 21 75 33
11 22 45 61
11 23 14 76
11 24 25 67
12 13 37 62
12 14 33 59
12 15 95 15
12 16 59 50
12 17 47 50
12 18 77 30
12 19 27 67
12 20 67 28
12 21 27 70
12 22 98 3
12 23 71 30
12 24 70 34
13 14 8 92
13 15 95 5
13 16 14 83
13 17 15 79
13 18 91 18
13 19 28 75
13 20 72 30
13 21 51 49
13 22 93 16
13 23 77 22
13 24 27 75
14 15 83 24
14 16 59 48
14 17 17 82
14 18 95 15
14 19 79 21
14 20 30 66
14 21 87 25
14 22 33 56
14 23 99 13
14 24 70 33
15 16 70 28
15 17 19 81
15 18 8 81
15 19 63 38
15 20 7 91
15 21 26 73
15 22 25 65
15 23 60 43
15 24 42 53
16 17 9 81
16 18 16 83
16 19 9 92
16 20 45 54
16 21 72 25
16 22 68 40
16 23 94 11
16 24 36 69
17 18 67 40
17 19 9 89
17 20 53 52
17 21 62 35
17 22 20 78
17 23 69 31
17 24 23 67
18 19 47 45
18 20 63 41
18 21 15 85
18 22 75 35
18 23 87 23
18 24 11 90
19 20 71 35
19 21 92 19
19 22 47 50
19 23 64 31
19 24 49 54
20 21 25 78
20 22 79 19
20 23 31 68
20 24 45 52
21 22 71 34
21 23 28 70
21 24 19 71
22 23 88 22
22 24 44 57
23 24 28 73
