0 1 2 2
0 2 0 98
0 3 99 99
0 4 3 4
0 5 7 6
0 6 8 4
0 7 7 6
0 8 7 6
0 9 3 9
0 10 8 5
0 11 3 3
0 12 2 4
0 13 7 4
0 14 4 6
0 15 7 5
0 16 2 4
0 17 8 4
0 18 4 4
0 19 8 3
0 20 8 7
0 21 2 7
0 22 5 4
0 23 9 5
0 24 2 4
0 25 5 7
0 26 7 4
0 27 9 6
0 28 7 7
0 29 7 2
1 2 98 0
1 3 100 99
1 4 9 9
1 5 3 2
1 6 4 7
1 7 3 8
1 8 9 8
1 9 3 3
1 10 5 4
1 11 9 5
1 12 4 6
1 13 7 5
1 14 4 6
1 15 2 3
1 16 9 8
1 17 4 7
1 18 2 5
1 19 6 7
1 20 2 4
1 21 2 6
1 22 7 6
1 23 6 5
1 24 7 9
1 25 9 7
1 26 2 8
1 27 8 3
1 28 6 7
1 29 9 8
2 3 99 98
2 4 3 8
2 5 6 5
2 6 2 9
2 7 2 3
2 8 3 7
2 9 7 9
2 10 4 7
2 11 6 3
2 12 7 2
2 13 7 4
2 14 2 7
2 15 9 3
2 16 7 3
2 17 7 2
2 18 5 7
2 19 3 9
2 20 2 5
2 21 4 4
2 22 7 8
2 23 8 4
2 24 5 4
2 25 5 2
2 26 8 4
2 27 4 4
2 28 4 4
2 29 3 5
3 4 4 6
3 5 6 5
3 6 6 4
3 7 6 7
3 8 8 6
3 9 5 2
3 10 9 3
3 11 3 3
3 12 8 8
3 13 6 5
3 14 7 3
3 15 7 4
3 16 2 5
3 17 4 6
3 18 5 3
3 19 5 8
3 20 6 5
3 21 7 3
3 22 7 3
3 23 5 8
3 24 6 2
3 25 7 3
3 26 7 3
3 27 8 2
3 28 3 8
3 29 3 8
4 5 100 100
4 6 99 99
4 7 100 98
4 8 8 5
4 9 3 7
4 10 5 5
4 11 8 7
4 12 9 7
4 13 2 8
4 14 2 5
4 15 6 3
4 16 4 5
4 17 6 2
4 18 5 3
4 19 2 6
4 20 7 3
4 21 2 6
4 22 7 8
4 23 8 5
4 24 5 4
4 25 5 6
4 26 6 7
4 27 3 7
4 28 3 8
4 29 8 5
5 6 99 100
5 7 99 99
5 8 4 2
5 9 2 2
5 10 8 4
5 11 8 3
5 12 3 7
5 13 7 3
5 14 7 3
5 15 3 5
5 16 9 2
5 17 7 2
5 18 3 3
5 19 7 8
5 20 8 7
5 21 2 5
5 22 3 4
5 23 6 7
5 24 2 3
5 25 8 5
5 26 4 6
5 27 7 4
5 28 3 5
5 29 8 5
6 7 100 98
6 8 3 3
6 9 8 8
6 10 5 7
6 11 5 6
6 12 7 9
6 13 3 3
6 14 3 7
6 15 8 8
6 16 6 8
6 17 7 9
6 18 6 5
6 19 3 6
6 20 3 3
6 21 8 7
6 22 7 5
6 23 3 6
6 24 4 9
6 25 6 8
6 26 5 8
6 27 6 8
6 28 2 9
6 29 8 2
7 8 8 3
7 9 8 8
7 10 4 4
7 11 8 7
7 12 2 8
7 13 3 6
7 14 5 7
7 15 5 4
7 16 3 3
7 17 4 7
7 18 3 3
7 19 3 3
7 20 8 7
7 21 3 7
7 22 3 7
7 23 4 7
7 24 7 9
7 25 6 3
7 26 9 3
7 27 4 9
7 28 3 8
7 29 6 2
8 9 99 99
8 10 98 99
8 11 98 99
8 12 8 7
8 13 7 5
8 14 4 6
8 15 4 7
8 16 6 7
8 17 6 6
8 18 9 4
8 19 6 9
8 20 4 4
8 21 7 4
8 22 3 7
8 23 8 4
8 24 6 6
8 25 8 5
8 26 5 6
8 27 9 7
8 28 6 6
8 29 5 7
9 10 99 99
9 11 99 99
9 12 5 3
9 13 4 2
9 14 2 8
9 15 6 5
9 16 6 3
9 17 2 5
9 18 2 8
9 19 3 5
9 20 8 2
9 21 2 8
9 22 8 8
9 23 4 9
9 24 6 2
9 25 4 3
9 26 8 2
9 27 9 8
9 28 3 9
9 29 4 2
10 11 100 100
10 12 7 8
10 13 7 5
10 14 3 3
10 15 8 5
10 16 4 3
10 17 7 8
10 18 3 5
10 19 4 3
10 20 8 5
10 21 7 7
10 22 2 3
10 23 8 4
10 24 8 3
10 25 5 5
10 26 5 7
10 27 5 6
10 28 9 5
10 29 4 4
11 12 4 9
11 13 5 2
11 14 5 2
11 15 9 7
11 16 7 5
11 17 2 2
11 18 6 8
11 19 9 7
11 20 7 7
11 21 4 9
11 22 3 5
11 23 5 2
11 24 4 9
11 25 4 9
11 26 8 8
11 27 9 2
11 28 3 5
11 29 3 2
12 13 98 100
12 14 99 98
12 15 99 100
12 16 5 3
12 17 8 8
12 18 4 6
12 19 5 6
12 20 9 5
12 21 4 5
12 22 3 9
12 23 9 2
12 24 6 4
12 25 5 7
12 26 8 3
12 27 4 6
12 28 6 2
12 29 8 3
13 14 98 100
13 15 99 100
13 16 3 2
13 17 2 7
13 18 6 7
13 19 8 6
13 20 3 6
13 21 7 2
13 22 3 7
13 23 7 8
13 24 8 5
13 25 4 8
13 26 6 3
13 27 4 7
13 28 7 4
13 29 2 6
14 15 99 98
14 16 7 4
14 17 6 4
14 18 3 6
14 19 8 3
14 20 9 5
14 21 4 4
14 22 4 7
14 23 2 6
14 24 7 8
14 25 7 4
14 26 6 5
14 27 3 4
14 28 7 6
14 29 2 3
15 16 6 8
15 17 8 8
15 18 7 6
15 19 2 7
15 20 5 7
15 21 4 5
15 22 4 8
15 23 3 9
15 24 6 8
15 25 4 3
15 26 3 7
15 27 4 5
15 28 6 6
15 29 3 5
16 17 100 100
16 18 98 98
16 19 98 99
16 20 3 4
16 21 7 3
16 22 9 4
16 23 2 3
16 24 5 4
16 25 4 8
16 26 9 7
16 27 3 6
16 28 8 8
16 29 9 5
17 18 99 99
17 19 100 99
17 20 4 5
17 21 9 2
17 22 7 6
17 23 2 2
17 24 5 5
17 25 6 9
17 26 6 3
17 27 2 4
17 28 7 8
17 29 2 5
18 19 99 99
18 20 9 7
18 21 8 4
18 22 3 7
18 23 3 9
18 24 8 3
18 25 5 9
18 26 9 3
18 27 5 8
18 28 3 7
18 29 6 3
19 20 7 4
19 21 7 2
19 22 9 6
19 23 3 7
19 24 6 7
19 25 7 4
19 26 2 3
19 27 3 7
19 28 2 2
19 29 2 7
20 21 99 99
20 22 99 100
20 23 99 98
20 24 5 5
20 25 9 5
20 26 6 8
20 27 2 6
20 28 8 5
20 29 7 9
21 22 99 99
21 23 99 99
21 24 3 2
21 25 7 3
21 26 8 5
21 27 3 5
21 28 6 6
21 29 6 4
22 23 99 100
22 24 8 7
22 25 4 4
22 26 3 2
22 27 3 8
22 28 7 8
22 29 2 4
23 24 7 4
23 25 3 4
23 26 9 2
23 27 6 6
23 28 5 4
23 29 4 2
24 25 100 98
24 26 100 98
24 27 99 99
24 28 2 6
24 29 2 8
25 26 99 100
25 27 99 99
25 28 6 8
25 29 3 7
26 27 99 100
26 28 2 3
26 29 4 4
27 28 6 4
27 29 6 4
28 29 99 99
