27 351
0 1 35 25
0 2 42 12
0 3 75 74
0 4 31 33
0 5 69 9
0 6 41 23
0 7 91 82
0 8 78 65
0 9 6 94
0 10 73 8
0 11 63 69
0 12 33 79
0 13 19 36
0 14 98 45
0 15 92 74
0 16 85 21
0 17 94 14
0 18 97 15
0 19 63 42
0 20 24 78
0 21 88 38
0 22 7 97
0 23 47 28
0 24 61 76
0 25 68 23
0 26 22 47
1 2 37 44
1 3 4 44
1 4 90 36
1 5 46 84
1 6 97 56
1 7 0 35
1 8 35 71
1 9 42 18
1 10 56 50
1 11 60 41
1 12 9 78
1 13 89 75
1 14 49 22
1 15 32 65
1 16 31 43
1 17 9 44
1 18 89 60
1 19 45 70
1 20 100 44
1 21 40 35
1 22 42 16
1 23 48 38
1 24 85 41
1 25 66 28
1 26 62 33
2 3 72 24
2 4 64 25
2 5 10 70
2 6 5 67
2 7 11 64
2 8 66 22
2 9 88 39
2 10 69 43
2 11 10 26
2 12 42 33
2 13 49 28
2 14 33 43
2 15 14 70
2 16 18 57
2 17 38 47
2 18 62 59
2 19 81 35
2 20 47 31
2 21 41 79
2 22 65 72
2 23 78 77
2 24 74 69
2 25 35 42
2 26 48 87
3 4 90 69
3 5 32 14
3 6 73 10
3 7 95 16
3 8 16 51
3 9 54 77
3 10 38 79
3 11 91 63
3 12 28 44
3 13 79 63
3 14 37 40
3 15 84 81
3 16 49 84
3 17 23 51
3 18 89 10
3 19 37 65
3 20 25 28
3 21 63 63
3 22 22 28
3 23 96 28
3 24 91 4
3 25 75 35
3 26 11 26
4 5 55 20
4 6 19 96
4 7 18 76
4 8 27 83
4 9 70 83
4 10 3 83
4 11 97 73
4 12 36 84
4 13 68 69
4 14 88 7
4 15 33 59
4 16 54 51
4 17 28 36
4 18 46 24
4 19 45 80
4 20 69 28
4 21 91 11
4 22 30 33
4 23 51 64
4 24 7 63
4 25 6 39
4 26 90 27
5 6 51 88
5 7 38 19
5 8 44 31
5 9 8 19
5 10 83 51
5 11 59 80
5 12 81 79
5 13 3 22
5 14 13 87
5 15 69 47
5 16 44 18
5 17 81 62
5 18 39 60
5 19 91 7
5 20 9 28
5 21 94 80
5 22 54 89
5 23 34 28
5 24 27 77
5 25 57 17
5 26 73 63
6 7 14 59
6 8 70 64
6 9 45 65
6 10 32 52
6 11 23 31
6 12 71 25
6 13 50 83
6 14 56 85
6 15 49 41
6 16 51 83
6 17 36 92
6 18 2 31
6 19 36 18
6 20 38 66
6 21 11 51
6 22 59 19
6 23 43 88
6 24 95 22
6 25 45 91
6 26 13 80
7 8 88 7
7 9 24 26
7 10 43 85
7 11 59 81
7 12 23 87
7 13 25 53
7 14 91 48
7 15 28 74
7 16 49 49
7 17 32 32
7 18 3 41
7 19 26 36
7 20 36 59
7 21 53 64
7 22 78 59
7 23 30 35
7 24 3 61
7 25 89 67
7 26 42 15
8 9 98 49
8 10 78 74
8 11 7 88
8 12 98 74
8 13 55 28
8 14 82 28
8 15 68 8
8 16 44 31
8 17 59 11
8 18 20 57
8 19 51 79
8 20 68 77
8 21 35 91
8 22 5 96
8 23 62 72
8 24 38 51
8 25 22 43
8 26 18 35
9 10 51 33
9 11 47 33
9 12 94 75
9 13 46 30
9 14 92 15
9 15 57 39
9 16 89 44
9 17 69 31
9 18 20 36
9 19 14 69
9 20 13 45
9 21 39 62
9 22 75 74
9 23 33 52
9 24 61 72
9 25 60 28
9 26 66 85
10 11 70 13
10 12 33 15
10 13 62 52
10 14 83 31
10 15 74 68
10 16 54 24
10 17 72 52
10 18 62 18
10 19 49 49
10 20 40 90
10 21 74 41
10 22 11 57
10 23 85 33
10 24 64 56
10 25 56 17
10 26 86 82
11 12 41 62
11 13 68 45
11 14 20 49
11 15 8 57
11 16 12 85
11 17 85 81
11 18 7 62
11 19 46 88
11 20 70 26
11 21 77 54
11 22 18 35
11 23 70 19
11 24 96 43
11 25 34 76
11 26 13 94
12 13 50 56
12 14 85 82
12 15 72 6
12 16 50 67
12 17 94 26
12 18 61 17
12 19 97 45
12 20 71 56
12 21 12 31
12 22 48 15
12 23 22 16
12 24 53 39
12 25 10 60
12 26 89 49
13 14 45 68
13 15 49 43
13 16 67 30
13 17 87 18
13 18 47 56
13 19 40 48
13 20 40 64
13 21 27 37
13 22 21 36
13 23 39 34
13 24 4 96
13 25 68 65
13 26 60 52
14 15 98 75
14 16 51 56
14 17 41 16
14 18 45 63
14 19 74 38
14 20 22 36
14 21 60 71
14 22 40 59
14 23 97 20
14 24 67 67
14 25 51 23
14 26 7 42
15 16 21 56
15 17 28 74
15 18 36 16
15 19 5 51
15 20 83 33
15 21 97 27
15 22 37 74
15 23 44 67
15 24 60 42
15 25 6 26
15 26 6 19
16 17 79 9
16 18 39 79
16 19 42 86
16 20 52 55
16 21 46 51
16 22 80 84
16 23 75 56
16 24 90 43
16 25 3 65
16 26 96 30
17 18 60 23
17 19 92 71
17 20 98 62
17 21 57 37
17 22 19 48
17 23 64 13
17 24 69 79
17 25 74 76
17 26 41 59
18 19 83 16
18 20 77 32
18 21 30 56
18 22 28 78
18 23 18 39
18 24 0 80
18 25 2 87
18 26 7 76
19 20 27 94
19 21 84 73
19 22 38 92
19 23 72 30
19 24 55 79
19 25 30 66
19 26 34 73
20 21 32 25
20 22 51 27
20 23 74 6
20 24 80 74
20 25 36 46
20 26 21 62
21 22 51 61
21 23 65 75
21 24 41 37
21 25 73 15
21 26 84 39
22 23 62 23
22 24 90 4
22 25 33 77
22 26 30 46
23 24 78 50
23 25 28 49
23 26 2 54
24 25 68 19
24 26 13 71
25 26 47 80
0 0
1 0.8
2 0.6
3 1
