30 435
0 1 61 44
0 2 14 74
0 3 49 56
0 4 99 1
0 5 7 83
0 6 10 85
0 7 26 63
0 8 22 76
0 9 53 41
0 10 84 18
0 11 21 82
0 12 51 46
0 13 1 97
0 14 12 88
0 15 17 81
0 16 100 12
0 17 64 42
0 18 41 53
0 19 0 89
0 20 92 22
0 21 21 80
0 22 87 14
0 23 36 68
0 24 28 63
0 25 50 54
0 26 20 73
0 27 48 55
0 28 68 40
0 29 86 12
1 2 57 48
1 3 30 71
1 4 33 62
1 5 81 22
1 6 26 67
1 7 60 46
1 8 69 38
1 9 71 35
1 10 44 57
1 11 41 56
1 12 91 11
1 13 40 63
1 14 53 50
1 15 51 42
1 16 77 28
1 17 25 68
1 18 94 11
1 19 57 50
1 20 43 53
1 21 4 93
1 22 90 20
1 23 72 36
1 24 63 35
1 25 0 98
1 26 30 66
1 27 80 18
1 28 31 66
1 29 97 11
2 3 18 72
2 4 10 87
2 5 46 49
2 6 68 31
2 7 68 30
2 8 28 61
2 9 46 55
2 10 50 50
2 11 77 28
2 12 17 72
2 13 43 63
2 14 10 86
2 15 25 67
2 16 74 30
2 17 41 55
2 18 43 56
2 19 35 56
2 20 47 52
2 21 47 60
2 22 2 89
2 23 45 50
2 24 26 72
2 25 73 28
2 26 88 14
2 27 40 52
2 28 57 41
2 29 57 48
3 4 28 68
3 5 80 18
3 6 30 60
3 7 3 93
3 8 75 36
3 9 92 11
3 10 27 74
3 11 41 56
3 12 39 52
3 13 12 77
3 14 85 16
3 15 15 81
3 16 19 75
3 17 43 56
3 18 52 51
3 19 5 84
3 20 45 54
3 21 34 66
3 22 66 40
3 23 16 79
3 24 6 82
3 25 34 63
3 26 77 25
3 27 21 80
3 28 19 69
3 29 79 23
4 5 99 3
4 6 99 13
4 7 80 30
4 8 65 43
4 9 60 49
4 10 55 52
4 11 72 35
4 12 42 52
4 13 67 43
4 14 24 68
4 15 42 56
4 16 91 12
4 17 9 84
4 18 51 47
4 19 79 23
4 20 37 60
4 21 36 56
4 22 15 78
4 23 20 72
4 24 3 85
4 25 50 46
4 26 24 67
4 27 9 80
4 28 17 73
4 29 65 42
5 6 51 56
5 7 32 68
5 8 39 66
5 9 81 17
5 10 46 57
5 11 43 57
5 12 22 80
5 13 62 41
5 14 80 30
5 15 15 73
5 16 72 27
5 17 26 73
5 18 39 56
5 19 1 91
5 20 28 69
5 21 100 9
5 22 77 24
5 23 44 56
5 24 48 55
5 25 68 28
5 26 16 76
5 27 8 87
5 28 20 71
5 29 1 85
6 7 6 85
6 8 76 35
6 9 71 30
6 10 60 35
6 11 1 85
6 12 43 57
6 13 90 14
6 14 91 12
6 15 76 26
6 16 2 97
6 17 75 28
6 18 3 91
6 19 85 20
6 20 71 36
6 21 88 15
6 22 10 86
6 23 57 44
6 24 6 85
6 25 5 90
6 26 52 50
6 27 59 48
6 28 36 60
6 29 36 67
7 8 27 62
7 9 28 63
7 10 63 33
7 11 52 41
7 12 87 23
7 13 41 59
7 14 77 33
7 15 66 42
7 16 21 76
7 17 22 73
7 18 88 16
7 19 86 18
7 20 23 73
7 21 22 71
7 22 77 28
7 23 97 9
7 24 72 37
7 25 82 21
7 26 40 53
7 27 71 30
7 28 88 18
7 29 46 55
8 9 43 57
8 10 10 82
8 11 55 48
8 12 91 10
8 13 46 56
8 14 91 15
8 15 56 44
8 16 11 89
8 17 61 48
8 18 73 28
8 19 98 11
8 20 84 27
8 21 49 50
8 22 38 57
8 23 83 28
8 24 28 72
8 25 36 62
8 26 51 53
8 27 76 25
8 28 32 72
8 29 48 47
9 10 82 28
9 11 33 62
9 12 76 27
9 13 69 36
9 14 93 20
9 15 88 17
9 16 5 87
9 17 11 85
9 18 84 19
9 19 37 54
9 20 78 24
9 21 79 26
9 22 82 27
9 23 50 50
9 24 64 43
9 25 91 12
9 26 65 40
9 27 34 59
9 28 47 60
9 29 82 28
10 11 45 51
10 12 51 47
10 13 20 72
10 14 68 32
10 15 77 23
10 16 60 44
10 17 14 73
10 18 16 80
10 19 83 24
10 20 82 27
10 21 37 68
10 22 41 56
10 23 22 78
10 24 87 13
10 25 74 25
10 26 54 44
10 27 86 12
10 28 6 82
10 29 13 84
11 12 7 85
11 13 46 53
11 14 47 50
11 15 37 64
11 16 38 65
11 17 56 42
11 18 53 49
11 19 97 6
11 20 69 27
11 21 81 27
11 22 22 67
11 23 44 61
11 24 62 35
11 25 77 22
11 26 56 48
11 27 56 48
11 28 12 79
11 29 61 34
12 13 90 11
12 14 95 19
12 15 16 84
12 16 23 73
12 17 65 40
12 18 79 24
12 19 11 78
12 20 87 15
12 21 99 14
12 22 77 20
12 23 7 93
12 24 79 33
12 25 13 74
12 26 95 17
12 27 44 50
12 28 71 40
12 29 74 31
13 14 22 70
13 15 100 3
13 16 42 50
13 17 50 49
13 18 88 24
13 19 89 18
13 20 6 83
13 21 83 17
13 22 19 69
13 23 78 21
13 24 88 25
13 25 45 47
13 26 81 30
13 27 47 57
13 28 16 79
13 29 66 40
14 15 76 28
14 16 3 85
14 17 53 49
14 18 24 69
14 19 78 19
14 20 60 42
14 21 20 74
14 22 98 6
14 23 41 60
14 24 86 23
14 25 56 41
14 26 36 56
14 27 27 71
14 28 88 15
14 29 40 65
15 16 55 43
15 17 18 81
15 18 0 98
15 19 38 65
15 20 25 71
15 21 40 62
15 22 7 81
15 23 83 17
15 24 69 27
15 25 19 71
15 26 1 92
15 27 69 32
15 28 63 43
15 29 55 46
16 17 53 53
16 18 35 56
16 19 59 40
16 20 55 50
16 21 14 85
16 22 87 15
16 23 76 33
16 24 78 27
16 25 5 93
16 26 65 42
16 27 66 28
16 28 99 7
16 29 69 38
17 18 90 20
17 19 55 51
17 20 93 7
17 21 3 88
17 22 19 76
17 23 71 33
17 24 65 43
17 25 56 47
17 26 43 50
17 27 91 21
17 28 10 84
17 29 61 45
18 19 61 43
18 20 36 69
18 21 79 31
18 22 38 64
18 23 49 45
18 24 53 43
18 25 13 75
18 26 28 68
18 27 11 84
18 28 34 62
18 29 85 23
19 20 50 56
19 21 40 59
19 22 82 27
19 23 15 83
19 24 57 51
19 25 57 37
19 26 88 25
19 27 59 47
19 28 42 54
19 29 42 60
20 21 54 42
20 22 6 86
20 23 3 96
20 24 50 45
20 25 9 82
20 26 47 48
20 27 88 12
20 28 64 40
20 29 67 32
21 22 81 27
21 23 18 81
21 24 96 13
21 25 79 31
21 26 21 71
21 27 12 81
21 28 49 53
21 29 83 19
22 23 2 84
22 24 33 57
22 25 33 59
22 26 93 10
22 27 14 76
22 28 15 83
22 29 72 37
23 24 12 85
23 25 51 44
23 26 15 72
23 27 26 69
23 28 51 46
23 29 14 87
24 25 13 75
24 26 31 69
24 27 2 94
24 28 33 57
24 29 36 66
25 26 82 16
25 27 63 43
25 28 45 51
25 29 86 27
26 27 6 87
26 28 4 83
26 29 99 3
27 28 33 69
27 29 65 32
28 29 37 62
0 0
1 0.8
2 0.6
3 1
