40 780
0 1 57 69
0 2 9 83
0 3 56 68
0 4 20 32
0 5 35 31
0 6 10 47
0 7 8 75
0 8 68 56
0 9 12 63
0 10 26 69
0 11 37 33
0 12 19 93
0 13 83 19
0 14 23 34
0 15 23 52
0 16 76 83
0 17 63 40
0 18 42 43
0 19 18 17
0 20 80 28
0 21 71 47
0 22 48 53
0 23 32 27
0 24 77 47
0 25 77 39
0 26 62 35
0 27 80 55
0 28 47 77
0 29 39 86
0 30 34 72
0 31 95 81
0 32 70 65
0 33 18 55
0 34 1 69
0 35 72 66
0 36 24 88
0 37 97 35
0 38 50 54
0 39 75 17
1 2 96 41
1 3 37 15
1 4 57 38
1 5 54 75
1 6 15 59
1 7 17 56
1 8 19 26
1 9 46 13
1 10 98 35
1 11 41 77
1 12 62 47
1 13 88 54
1 14 17 30
1 15 88 12
1 16 67 37
1 17 31 67
1 18 69 47
1 19 60 38
1 20 57 51
1 21 28 57
1 22 9 48
1 23 54 85
1 24 6 98
1 25 7 61
1 26 3 82
1 27 78 18
1 28 82 51
1 29 55 75
1 30 60 57
1 31 3 25
1 32 97 80
1 33 43 30
1 34 99 54
1 35 88 54
1 36 34 93
1 37 27 18
1 38 39 36
1 39 50 45
2 3 75 54
2 4 28 40
2 5 4 25
2 6 28 52
2 7 62 11
2 8 61 37
2 9 66 74
2 10 11 54
2 11 11 26
2 12 21 42
2 13 65 8
2 14 10 76
2 15 70 64
2 16 34 61
2 17 16 90
2 18 87 35
2 19 73 76
2 20 77 45
2 21 72 85
2 22 66 42
2 23 62 39
2 24 75 78
2 25 2 40
2 26 23 49
2 27 39 70
2 28 63 47
2 29 28 19
2 30 80 51
2 31 97 62
2 32 4 68
2 33 56 31
2 34 20 38
2 35 97 64
2 36 31 90
2 37 84 6
2 38 87 69
2 39 35 28
3 4 46 76
3 5 92 76
3 6 7 57
3 7 81 10
3 8 4 71
3 9 88 81
3 10 30 54
3 11 26 60
3 12 48 24
3 13 8 30
3 14 13 69
3 15 84 82
3 16 92 44
3 17 76 49
3 18 99 74
3 19 76 80
3 20 66 11
3 21 69 56
3 22 52 55
3 23 56 22
3 24 80 49
3 25 62 20
3 26 12 27
3 27 80 74
3 28 87 76
3 29 65 28
3 30 60 27
3 31 71 13
3 32 89 69
3 33 18 63
3 34 51 11
3 35 66 48
3 36 82 23
3 37 56 87
3 38 2 31
3 39 94 23
4 5 40 36
4 6 99 11
4 7 40 25
4 8 80 33
4 9 46 22
4 10 13 92
4 11 94 49
4 12 28 81
4 13 28 42
4 14 24 25
4 15 82 78
4 16 62 77
4 17 84 20
4 18 22 62
4 19 18 80
4 20 68 8
4 21 27 22
4 22 39 54
4 23 1 85
4 24 1 87
4 25 2 40
4 26 63 71
4 27 81 38
4 28 6 81
4 29 37 22
4 30 9 32
4 31 38 28
4 32 25 55
4 33 20 91
4 34 25 49
4 35 9 55
4 36 86 6
4 37 82 38
4 38 41 50
4 39 55 27
5 6 88 56
5 7 71 60
5 8 67 70
5 9 73 85
5 10 65 70
5 11 22 32
5 12 62 59
5 13 9 83
5 14 81 69
5 15 19 52
5 16 46 41
5 17 18 38
5 18 62 27
5 19 74 21
5 20 31 19
5 21 48 65
5 22 82 35
5 23 85 35
5 24 71 85
5 25 15 21
5 26 57 66
5 27 89 78
5 28 15 46
5 29 88 16
5 30 72 63
5 31 79 25
5 32 92 51
5 33 28 91
5 34 41 68
5 35 15 28
5 36 46 34
5 37 51 66
5 38 25 39
5 39 25 38
6 7 51 23
6 8 92 59
6 9 33 22
6 10 100 54
6 11 39 68
6 12 9 27
6 13 60 32
6 14 41 59
6 15 13 63
6 16 57 31
6 17 2 38
6 18 27 26
6 19 3 25
6 20 96 10
6 21 73 67
6 22 25 24
6 23 47 24
6 24 61 42
6 25 31 56
6 26 60 18
6 27 1 62
6 28 28 19
6 29 92 13
6 30 95 44
6 31 2 65
6 32 19 78
6 33 2 31
6 34 75 72
6 35 68 30
6 36 28 40
6 37 54 74
6 38 28 41
6 39 10 24
7 8 41 90
7 9 78 33
7 10 56 28
7 11 24 52
7 12 95 25
7 13 88 4
7 14 9 86
7 15 44 69
7 16 16 46
7 17 25 16
7 18 33 49
7 19 44 27
7 20 69 73
7 21 76 44
7 22 81 75
7 23 86 56
7 24 68 51
7 25 31 84
7 26 27 56
7 27 2 98
7 28 11 18
7 29 57 53
7 30 42 49
7 31 71 34
7 32 12 61
7 33 94 7
7 34 38 17
7 35 17 72
7 36 56 32
7 37 87 38
7 38 76 56
7 39 95 33
8 9 19 56
8 10 18 50
8 11 62 80
8 12 94 66
8 13 21 18
8 14 67 50
8 15 13 97
8 16 97 39
8 17 75 51
8 18 40 55
8 19 5 71
8 20 68 10
8 21 10 83
8 22 79 51
8 23 77 5
8 24 6 44
8 25 63 47
8 26 38 88
8 27 96 11
8 28 60 13
8 29 62 61
8 30 26 53
8 31 93 59
8 32 64 34
8 33 81 38
8 34 64 21
8 35 62 57
8 36 34 62
8 37 27 76
8 38 53 67
8 39 26 39
9 10 11 44
9 11 28 33
9 12 98 76
9 13 72 77
9 14 20 53
9 15 39 35
9 16 23 42
9 17 43 72
9 18 30 79
9 19 53 55
9 20 16 75
9 21 76 56
9 22 51 67
9 23 91 46
9 24 19 20
9 25 96 10
9 26 65 32
9 27 69 16
9 28 24 86
9 29 89 20
9 30 78 20
9 31 14 70
9 32 53 13
9 33 42 74
9 34 44 19
9 35 99 61
9 36 13 94
9 37 51 27
9 38 22 19
9 39 81 71
10 11 76 52
10 12 90 46
10 13 86 18
10 14 91 77
10 15 55 42
10 16 65 87
10 17 47 20
10 18 23 52
10 19 28 20
10 20 15 52
10 21 27 66
10 22 2 42
10 23 84 79
10 24 1 20
10 25 34 19
10 26 78 55
10 27 75 67
10 28 87 43
10 29 17 65
10 30 2 93
10 31 54 45
10 32 21 73
10 33 86 47
10 34 33 49
10 35 40 65
10 36 91 56
10 37 26 77
10 38 4 28
10 39 86 70
11 12 76 52
11 13 56 14
11 14 42 13
11 15 41 68
11 16 76 15
11 17 57 68
11 18 89 38
11 19 9 97
11 20 73 69
11 21 96 47
11 22 40 82
11 23 65 27
11 24 20 84
11 25 3 37
11 26 59 41
11 27 42 23
11 28 68 39
11 29 61 61
11 30 46 53
11 31 41 81
11 32 53 28
11 33 75 56
11 34 69 84
11 35 12 61
11 36 17 33
11 37 12 30
11 38 68 18
11 39 40 57
12 13 47 76
12 14 62 68
12 15 91 26
12 16 99 61
12 17 32 83
12 18 9 76
12 19 28 40
12 20 47 57
12 21 8 39
12 22 61 17
12 23 36 33
12 24 7 20
12 25 48 26
12 26 56 33
12 27 100 70
12 28 54 61
12 29 62 33
12 30 59 68
12 31 65 66
12 32 99 46
12 33 35 54
12 34 43 20
12 35 74 6
12 36 93 51
12 37 74 26
12 38 80 82
12 39 8 65
13 14 36 68
13 15 79 55
13 16 60 69
13 17 72 26
13 18 33 81
13 19 44 39
13 20 53 72
13 21 83 17
13 22 59 18
13 23 41 66
13 24 13 97
13 25 11 34
13 26 22 47
13 27 92 65
13 28 15 61
13 29 35 87
13 30 96 30
13 31 56 66
13 32 68 84
13 33 91 77
13 34 94 37
13 35 88 56
13 36 60 46
13 37 37 67
13 38 71 38
13 39 37 61
14 15 69 85
14 16 28 64
14 17 57 26
14 18 5 78
14 19 6 50
14 20 60 75
14 21 74 60
14 22 98 18
14 23 26 61
14 24 82 42
14 25 95 51
14 26 54 74
14 27 40 69
14 28 26 33
14 29 5 22
14 30 72 77
14 31 17 20
14 32 57 55
14 33 18 19
14 34 69 17
14 35 53 12
14 36 43 31
14 37 56 16
14 38 0 72
14 39 86 13
15 16 67 64
15 17 56 14
15 18 76 13
15 19 0 61
15 20 61 84
15 21 30 62
15 22 2 64
15 23 28 87
15 24 15 20
15 25 71 30
15 26 63 13
15 27 48 13
15 28 27 16
15 29 61 9
15 30 13 49
15 31 56 20
15 32 16 63
15 33 3 51
15 34 94 13
15 35 56 53
15 36 38 37
15 37 54 25
15 38 71 31
15 39 50 88
16 17 32 26
16 18 76 41
16 19 31 72
16 20 98 56
16 21 93 31
16 22 97 26
16 23 37 47
16 24 12 94
16 25 23 86
16 26 41 15
16 27 92 40
16 28 8 37
16 29 50 69
16 30 10 53
16 31 6 38
16 32 93 9
16 33 35 18
16 34 13 62
16 35 5 38
16 36 16 72
16 37 86 43
16 38 70 43
16 39 81 12
17 18 21 54
17 19 81 36
17 20 55 37
17 21 45 46
17 22 14 74
17 23 66 45
17 24 76 52
17 25 30 85
17 26 82 10
17 27 43 62
17 28 25 88
17 29 56 21
17 30 73 61
17 31 71 44
17 32 62 28
17 33 62 32
17 34 72 48
17 35 41 17
17 36 24 74
17 37 68 44
17 38 17 81
17 39 73 33
18 19 15 67
18 20 74 33
18 21 5 48
18 22 87 24
18 23 55 21
18 24 57 60
18 25 56 70
18 26 81 9
18 27 59 54
18 28 61 20
18 29 73 21
18 30 68 44
18 31 48 66
18 32 81 47
18 33 84 12
18 34 26 17
18 35 81 17
18 36 2 48
18 37 28 40
18 38 12 79
18 39 71 25
19 20 7 46
19 21 50 74
19 22 66 72
19 23 37 37
19 24 88 30
19 25 24 90
19 26 78 30
19 27 76 30
19 28 19 90
19 29 32 83
19 30 67 59
19 31 7 24
19 32 26 63
19 33 93 72
19 34 0 79
19 35 86 37
19 36 24 18
19 37 74 54
19 38 19 77
19 39 67 24
20 21 89 49
20 22 3 28
20 23 2 89
20 24 21 22
20 25 77 81
20 26 4 50
20 27 21 91
20 28 45 45
20 29 70 75
20 30 13 62
20 31 82 5
20 32 47 69
20 33 25 94
20 34 100 15
20 35 34 38
20 36 38 22
20 37 19 96
20 38 97 50
20 39 59 53
21 22 84 70
21 23 6 73
21 24 20 56
21 25 15 71
21 26 35 55
21 27 88 49
21 28 22 51
21 29 45 53
21 30 13 69
21 31 10 97
21 32 35 50
21 33 63 62
21 34 54 31
21 35 19 41
21 36 72 56
21 37 93 5
21 38 56 10
21 39 92 18
22 23 23 46
22 24 28 52
22 25 89 33
22 26 38 57
22 27 85 59
22 28 43 75
22 29 66 11
22 30 48 28
22 31 11 48
22 32 30 54
22 33 49 80
22 34 9 90
22 35 95 17
22 36 11 95
22 37 85 39
22 38 26 93
22 39 69 49
23 24 62 49
23 25 61 70
23 26 32 81
23 27 42 67
23 28 22 95
23 29 98 32
23 30 52 52
23 31 12 36
23 32 78 25
23 33 64 14
23 34 91 26
23 35 72 7
23 36 21 19
23 37 46 50
23 38 78 56
23 39 25 49
24 25 3 80
24 26 60 70
24 27 39 48
24 28 9 64
24 29 85 56
24 30 18 25
24 31 81 28
24 32 76 18
24 33 53 12
24 34 7 66
24 35 0 65
24 36 22 18
24 37 24 49
24 38 90 14
24 39 77 8
25 26 27 74
25 27 88 27
25 28 37 59
25 29 2 45
25 30 37 36
25 31 53 87
25 32 33 66
25 33 15 64
25 34 38 67
25 35 93 14
25 36 37 51
25 37 38 21
25 38 87 16
25 39 40 69
26 27 37 44
26 28 21 90
26 29 90 70
26 30 35 59
26 31 96 8
26 32 43 72
26 33 42 88
26 34 87 13
26 35 71 22
26 36 93 71
26 37 86 72
26 38 39 17
26 39 23 78
27 28 73 57
27 29 45 70
27 30 53 13
27 31 76 70
27 32 99 75
27 33 28 70
27 34 12 95
27 35 78 75
27 36 27 42
27 37 13 23
27 38 12 51
27 39 59 34
28 29 59 47
28 30 78 11
28 31 23 43
28 32 70 61
28 33 96 68
28 34 72 66
28 35 82 41
28 36 88 49
28 37 19 38
28 38 89 33
28 39 62 72
29 30 36 67
29 31 47 80
29 32 28 24
29 33 41 68
29 34 99 2
29 35 53 49
29 36 52 30
29 37 18 79
29 38 75 70
29 39 21 78
30 31 74 40
30 32 16 50
30 33 38 71
30 34 18 22
30 35 51 16
30 36 41 22
30 37 46 44
30 38 90 70
30 39 89 21
31 32 39 79
31 33 48 44
31 34 26 30
31 35 33 15
31 36 44 19
31 37 95 8
31 38 50 82
31 39 42 54
32 33 9 89
32 34 14 86
32 35 24 72
32 36 43 67
32 37 12 27
32 38 64 49
32 39 1 20
33 34 26 73
33 35 91 25
33 36 36 21
33 37 46 36
33 38 51 77
33 39 57 54
34 35 79 28
34 36 37 39
34 37 4 70
34 38 64 73
34 39 95 68
35 36 47 17
35 37 77 28
35 38 17 48
35 39 62 50
36 37 84 69
36 38 63 57
36 39 2 82
37 38 94 3
37 39 5 47
38 39 43 12
0 0
1 0.8
2 0.6
3 1
