27 42
0 1 26 56
0 9 74 30
1 2 28 78
1 10 77 30
2 3 29 57
2 11 50 49
3 4 54 37
3 12 10 80
4 5 53 57
4 13 15 83
5 6 6 72
5 14 45 46
6 7 68 26
6 15 45 48
7 8 62 40
7 16 84 10
8 17 86 35
9 10 35 73
9 18 69 22
10 11 16 87
10 19 81 35
11 12 2 71
11 20 34 74
12 13 96 4
12 21 19 60
13 14 32 67
13 22 28 45
14 15 65 30
14 23 40 68
15 16 17 50
15 24 4 83
16 17 27 60
16 25 61 29
17 26 36 70
18 19 27 59
19 20 66 27
20 21 2 96
21 22 89 37
22 23 38 74
23 24 3 86
24 25 98 6
25 26 30 63
0 2
0 4
0 8
0 17
0 22
0 25
0 28
0 31
0 33
0 34
0 38
0 41
1 3
1 16
1 20
1 37
3 16
3 20
3 37
4 8
4 17
4 22
4 25
4 28
4 33
4 38
4 41
5 8
6 14
6 37
7 9
7 19
9 19
10 2
10 7
10 9
10 17
10 19
10 22
10 38
11 5
11 8
11 13
12 1
12 3
12 16
12 20
12 37
13 5
13 8
15 16
15 37
16 37
17 38
18 1
18 3
18 16
18 20
18 37
20 16
20 37
21 2
21 7
21 9
21 10
21 17
21 19
21 22
21 30
21 36
21 38
21 39
22 38
23 40
24 2
24 17
24 22
24 25
24 28
24 31
24 33
24 38
24 41
25 17
25 22
25 28
25 33
25 38
26 2
26 4
26 5
26 8
26 11
26 13
26 17
26 22
26 25
26 28
26 33
26 38
26 41
27 1
27 3
27 16
27 20
27 37
29 0
29 2
29 4
29 8
29 17
29 22
29 24
29 25
29 28
29 31
29 33
29 34
29 38
29 41
30 9
30 19
31 2
31 17
31 22
31 25
31 28
31 33
31 38
31 41
32 1
32 3
32 14
32 16
32 20
32 27
32 37
33 38
34 2
34 17
34 22
34 25
34 28
34 31
34 33
34 38
34 41
35 1
35 3
35 16
35 20
35 37
39 19
41 17
41 22
41 25
41 28
41 33
41 38
