36 57
0 1 28 48
0 12 46 34
1 2 86 24
1 13 4 78
2 3 71 37
2 14 15 59
3 4 59 54
3 15 48 38
4 5 34 76
4 16 25 79
5 6 48 59
5 17 22 69
6 7 10 60
6 18 27 44
7 8 34 40
7 19 37 55
8 9 94 41
8 20 44 63
9 10 7 74
9 21 93 22
10 11 65 32
10 22 10 77
11 23 28 79
12 13 94 33
12 24 92 6
13 14 85 37
13 25 94 10
14 15 82 25
14 26 33 64
15 16 40 64
15 27 50 46
16 17 91 23
16 28 10 76
17 18 93 15
17 29 45 51
18 19 36 60
18 30 84 31
19 20 46 41
19 31 71 17
20 21 93 15
20 32 38 47
21 22 53 34
21 33 63 39
22 23 76 44
22 34 20 50
23 35 30 60
24 25 43 57
25 26 53 50
26 27 4 68
27 28 4 74
28 29 45 45
29 30 94 32
30 31 60 56
31 32 73 19
32 33 26 72
33 34 12 64
34 35 17 73
0 6
0 8
0 10
0 15
0 17
0 22
0 28
0 29
0 34
0 35
0 45
0 46
0 47
0 52
1 4
1 6
1 7
1 10
1 16
1 25
1 30
1 37
1 41
1 42
1 43
1 47
1 52
2 16
2 23
2 51
3 9
3 22
4 16
4 25
4 43
5 8
5 9
5 10
5 11
5 17
5 22
5 28
5 29
5 35
5 45
5 54
5 56
6 52
7 6
7 10
7 16
7 30
7 42
7 43
7 47
7 52
9 22
11 8
11 9
11 22
11 54
12 8
12 9
12 11
12 17
12 21
12 22
12 28
12 29
12 32
12 35
12 45
12 54
12 55
12 56
13 0
13 6
13 8
13 10
13 15
13 17
13 22
13 28
13 29
13 30
13 34
13 35
13 40
13 43
13 45
13 46
13 47
13 50
13 52
14 6
14 8
14 10
14 15
14 16
14 17
14 29
14 30
14 34
14 35
14 37
14 40
14 43
14 46
14 47
14 50
14 52
15 10
15 17
15 29
15 46
15 52
18 8
18 9
18 21
18 22
18 32
19 16
19 23
19 51
20 4
20 16
20 23
20 25
20 43
20 51
21 9
21 22
23 16
24 16
24 19
24 23
24 26
24 33
24 39
24 51
25 16
26 16
26 23
26 51
27 16
27 23
27 25
27 36
27 51
28 8
28 29
30 6
30 47
30 52
31 16
31 23
31 51
32 8
32 9
32 21
32 22
33 16
33 19
33 23
33 39
33 51
34 6
34 10
34 52
35 17
35 29
36 16
36 23
36 25
36 51
37 6
37 10
37 16
37 30
37 43
37 47
37 52
38 2
38 4
38 16
38 19
38 23
38 25
38 27
38 31
38 36
38 43
38 51
38 53
39 16
39 19
39 23
39 33
39 51
40 6
40 10
40 17
40 29
40 34
40 46
40 47
40 52
41 4
41 6
41 16
41 25
41 42
41 43
41 47
41 52
42 16
42 43
44 6
44 8
44 9
44 10
44 11
44 15
44 17
44 22
44 28
44 29
44 34
44 35
44 45
44 46
44 47
44 52
44 54
45 8
45 17
45 28
45 29
45 35
46 10
46 17
47 6
47 52
48 3
48 8
48 9
48 11
48 18
48 21
48 22
48 32
48 49
48 54
48 56
49 3
49 8
49 9
49 18
49 21
49 22
49 32
50 6
50 10
50 30
50 34
50 47
50 52
51 16
51 23
53 2
53 16
53 19
53 23
53 25
53 27
53 31
53 36
53 43
53 51
54 8
54 22
55 8
55 9
55 11
55 22
55 28
55 29
55 54
55 56
56 8
56 9
56 22
