55 94
0 1 56 42
0 11 30 59
1 2 28 68
1 12 37 40
2 3 19 65
2 13 61 32
3 4 47 47
3 14 52 49
4 5 9 72
4 15 26 79
5 6 95 21
5 16 14 80
6 7 28 43
6 17 54 62
7 8 38 38
7 18 51 55
8 9 7 67
8 19 28 80
9 10 36 76
9 20 46 56
10 21 22 67
11 12 29 57
11 22 73 49
12 13 71 47
12 23 49 60
13 14 40 58
13 24 73 40
14 15 13 89
14 25 2 89
15 16 96 33
15 26 19 78
16 17 27 52
16 27 50 30
17 18 18 51
17 28 68 36
18 19 18 87
18 29 32 77
19 20 55 46
19 30 40 44
20 21 97 32
20 31 53 32
21 32 2 72
22 23 58 55
22 33 52 38
23 24 36 77
23 34 51 66
24 25 46 60
24 35 30 58
25 26 31 79
25 36 85 15
26 27 40 44
26 37 17 84
27 28 46 43
27 38 1 85
28 29 53 30
28 39 51 36
29 30 36 44
29 40 80 25
30 31 98 14
30 41 91 18
31 32 55 28
31 42 12 82
32 43 86 40
33 34 29 68
33 44 60 36
34 35 47 69
34 45 9 92
35 36 78 37
35 46 9 91
36 37 44 45
36 47 81 25
37 38 71 44
37 48 17 51
38 39 79 41
38 49 8 63
39 40 41 51
39 50 30 65
40 41 20 48
40 51 44 39
41 42 31 52
41 52 69 51
42 43 97 21
42 53 33 64
43 54 24 50
44 45 71 19
45 46 28 72
46 47 47 55
47 48 63 28
48 49 59 49
49 50 31 66
50 51 72 38
51 52 36 71
52 53 36 66
53 54 59 63
0 22
0 23
0 42
0 71
0 80
0 88
0 93
1 13
1 18
1 24
1 36
1 44
1 45
1 46
1 48
1 65
1 76
1 82
1 89
1 91
1 92
1 93
2 17
2 18
2 36
2 44
2 48
2 63
2 65
2 85
2 91
3 0
3 6
3 7
3 13
3 15
3 19
3 22
3 23
3 24
3 25
3 26
3 37
3 38
3 42
3 45
3 46
3 50
3 52
3 62
3 65
3 69
3 71
3 73
3 75
3 80
3 86
3 88
3 93
4 2
4 9
4 17
4 18
4 20
4 30
4 36
4 44
4 45
4 48
4 63
4 65
4 76
4 85
4 89
4 91
4 92
5 22
5 23
5 26
5 29
5 34
5 39
5 62
5 67
5 71
5 73
5 80
5 90
6 7
6 13
6 15
6 22
6 23
6 24
6 42
6 45
6 65
6 80
6 86
6 88
6 93
7 13
7 22
7 42
7 80
7 88
7 93
8 9
8 11
8 17
8 18
8 27
8 30
8 35
8 36
8 44
8 48
8 51
8 61
8 66
8 68
8 85
9 17
9 48
10 29
10 39
10 81
11 17
11 35
11 51
12 1
12 2
12 6
12 7
12 13
12 15
12 17
12 18
12 19
12 21
12 22
12 23
12 24
12 25
12 36
12 37
12 38
12 42
12 44
12 45
12 46
12 47
12 48
12 50
12 52
12 56
12 63
12 65
12 69
12 71
12 75
12 76
12 79
12 80
12 82
12 85
12 86
12 88
12 89
12 91
12 92
12 93
13 93
14 0
14 6
14 7
14 13
14 15
14 19
14 22
14 23
14 24
14 25
14 26
14 37
14 38
14 42
14 43
14 45
14 46
14 50
14 52
14 62
14 65
14 69
14 71
14 73
14 75
14 78
14 80
14 86
14 88
14 90
14 93
15 13
15 42
15 45
15 93
16 2
16 8
16 9
16 11
16 17
16 18
16 20
16 27
16 30
16 35
16 36
16 44
16 48
16 51
16 61
16 63
16 65
16 66
16 68
16 85
16 91
18 44
19 13
19 24
19 45
19 46
19 65
19 93
20 2
20 9
20 17
20 18
20 36
20 44
20 48
20 63
20 65
20 85
20 91
21 1
21 13
21 18
21 24
21 25
21 36
21 44
21 45
21 46
21 47
21 48
21 63
21 65
21 76
21 82
21 89
21 91
21 92
21 93
23 22
24 13
24 45
24 93
25 13
25 24
25 45
25 46
25 65
25 93
26 22
26 62
26 73
28 27
28 66
28 68
30 9
30 17
30 48
31 1
31 2
31 13
31 15
31 17
31 18
31 19
31 21
31 24
31 25
31 36
31 42
31 44
31 45
31 46
31 47
31 48
31 63
31 65
31 76
31 79
31 82
31 85
31 86
31 89
31 91
31 92
31 93
32 0
32 5
32 7
32 13
32 15
32 22
32 23
32 26
32 29
32 34
32 37
32 39
32 40
32 42
32 43
32 45
32 54
32 55
32 62
32 64
32 67
32 71
32 73
32 80
32 88
32 90
32 93
33 1
33 2
33 4
33 9
33 13
33 15
33 17
33 18
33 19
33 20
33 21
33 24
33 25
33 30
33 31
33 35
33 36
33 42
33 44
33 45
33 46
33 47
33 48
33 63
33 65
33 75
33 76
33 79
33 80
33 82
33 85
33 86
33 89
33 91
33 92
33 93
34 22
34 23
34 26
34 62
34 67
34 71
34 73
34 80
34 90
36 44
37 22
37 23
37 42
37 80
37 88
37 93
38 6
38 7
38 13
38 15
38 19
38 22
38 23
38 24
38 25
38 37
38 42
38 45
38 46
38 65
38 69
38 71
38 75
38 80
38 86
38 88
38 93
40 0
40 5
40 13
40 22
40 23
40 26
40 29
40 34
40 37
40 39
40 42
40 62
40 64
40 67
40 71
40 73
40 80
40 88
40 90
40 93
41 8
41 9
41 11
41 17
41 18
41 27
41 28
41 30
41 35
41 36
41 44
41 48
41 51
41 61
41 66
41 68
41 85
42 93
43 0
43 7
43 13
43 22
43 23
43 26
43 37
43 42
43 62
43 71
43 73
43 80
43 88
43 90
43 93
46 13
46 24
46 45
46 65
46 93
47 1
47 13
47 18
47 24
47 25
47 36
47 44
47 45
47 46
47 48
47 65
47 76
47 82
47 89
47 91
47 92
47 93
49 10
49 29
49 39
49 59
49 62
49 81
50 6
50 7
50 13
50 15
50 19
50 22
50 23
50 24
50 25
50 37
50 42
50 45
50 46
50 65
50 69
50 71
50 75
50 80
50 86
50 88
50 93
51 35
52 6
52 7
52 13
52 15
52 19
52 22
52 23
52 24
52 37
52 42
52 45
52 46
52 65
52 71
52 80
52 86
52 88
52 93
53 27
53 28
53 35
53 66
53 68
54 0
54 5
54 13
54 22
54 23
54 26
54 29
54 34
54 37
54 39
54 40
54 42
54 62
54 64
54 67
54 71
54 73
54 80
54 88
54 90
54 93
55 0
55 7
55 13
55 15
55 22
55 23
55 26
55 34
55 37
55 42
55 43
55 45
55 62
55 64
55 67
55 71
55 73
55 80
55 88
55 90
55 93
56 6
56 7
56 13
56 15
56 18
56 19
56 22
56 23
56 24
56 25
56 37
56 38
56 42
56 44
56 45
56 46
56 50
56 65
56 69
56 71
56 75
56 80
56 86
56 88
56 91
56 92
56 93
57 29
57 39
57 62
57 70
59 10
59 29
59 39
59 81
60 0
60 5
60 22
60 23
60 26
60 29
60 34
60 37
60 39
60 42
60 62
60 64
60 67
60 71
60 73
60 80
60 87
60 88
60 90
60 93
61 27
61 35
61 51
63 18
63 36
63 44
63 48
63 65
63 91
64 22
64 23
64 26
64 34
64 62
64 67
64 71
64 73
64 80
64 90
67 62
67 73
68 66
69 6
69 7
69 13
69 15
69 19
69 22
69 23
69 24
69 37
69 42
69 45
69 46
69 65
69 80
69 86
69 88
69 93
70 29
70 39
70 62
71 22
71 23
72 1
72 2
72 4
72 9
72 13
72 15
72 17
72 18
72 19
72 20
72 21
72 24
72 25
72 30
72 31
72 33
72 35
72 36
72 42
72 44
72 45
72 46
72 47
72 48
72 51
72 63
72 65
72 75
72 76
72 79
72 80
72 82
72 85
72 86
72 89
72 91
72 92
72 93
74 2
74 4
74 8
74 9
74 11
74 17
74 18
74 20
74 27
74 30
74 35
74 36
74 44
74 45
74 48
74 51
74 61
74 63
74 65
74 66
74 68
74 76
74 82
74 85
74 89
74 91
74 92
74 93
75 13
75 15
75 19
75 24
75 42
75 45
75 46
75 65
75 80
75 86
75 93
76 18
76 36
76 44
76 45
76 48
76 65
76 89
76 91
76 92
77 1
77 2
77 7
77 9
77 13
77 15
77 17
77 18
77 19
77 20
77 21
77 22
77 24
77 25
77 31
77 36
77 42
77 44
77 45
77 46
77 47
77 48
77 63
77 65
77 75
77 76
77 79
77 80
77 82
77 83
77 85
77 86
77 88
77 89
77 91
77 92
77 93
78 0
78 6
78 7
78 13
78 15
78 19
78 22
78 23
78 24
78 26
78 37
78 42
78 45
78 46
78 52
78 62
78 65
78 69
78 71
78 73
78 80
78 86
78 88
78 93
79 13
79 15
79 18
79 19
79 24
79 25
79 36
79 42
79 44
79 45
79 46
79 48
79 65
79 82
79 86
79 89
79 91
79 92
79 93
81 39
82 18
82 44
82 45
82 65
82 91
82 92
83 1
83 2
83 9
83 13
83 15
83 17
83 18
83 19
83 21
83 24
83 25
83 31
83 36
83 42
83 44
83 45
83 46
83 47
83 48
83 63
83 65
83 75
83 76
83 79
83 80
83 82
83 85
83 86
83 89
83 91
83 92
83 93
84 10
84 22
84 23
84 26
84 29
84 39
84 57
84 62
84 67
84 70
84 71
84 73
84 81
84 90
85 17
85 18
85 36
85 44
85 48
86 13
86 15
86 24
86 42
86 45
86 65
86 93
87 22
87 23
87 26
87 29
87 34
87 39
87 62
87 67
87 71
87 73
87 80
87 90
88 22
88 80
88 93
89 18
89 36
89 44
89 45
89 48
89 65
89 91
89 92
90 22
90 26
90 62
90 73
91 18
91 44
92 18
92 44
92 45
92 65
92 91
