75 130
0 1 97 25
0 15 56 33
1 2 81 39
1 16 1 95
2 3 95 7
2 17 38 75
3 4 28 79
3 18 11 83
4 5 47 53
4 19 18 53
5 6 46 35
5 20 66 57
6 7 30 74
6 21 70 20
7 8 51 35
7 22 28 44
8 9 21 76
8 23 4 63
9 10 60 26
9 24 72 49
10 11 50 41
10 25 34 44
11 12 23 83
11 26 84 30
12 13 68 42
12 27 36 44
13 14 29 53
13 28 76 26
14 29 46 66
15 16 33 66
15 30 98 27
16 17 39 55
16 31 14 71
17 18 3 92
17 32 8 56
18 19 25 56
18 33 92 21
19 20 37 39
19 34 72 31
20 21 46 59
20 35 75 16
21 22 8 57
21 36 10 73
22 23 11 71
22 37 83 44
23 24 77 50
23 38 20 71
24 25 33 65
24 39 23 47
25 26 48 67
25 40 81 46
26 27 73 34
26 41 59 55
27 28 61 42
27 42 66 52
28 29 40 47
28 43 22 63
29 44 40 49
30 31 72 33
30 45 63 32
31 32 48 61
31 46 24 51
32 33 30 42
32 47 83 23
33 34 84 17
33 48 43 65
34 35 85 13
34 49 2 84
35 36 31 59
35 50 46 45
36 37 92 31
36 51 46 48
37 38 15 59
37 52 11 84
38 39 46 57
38 53 2 71
39 40 58 31
39 54 34 66
40 41 63 25
40 55 70 20
41 42 1 87
41 56 39 61
42 43 57 52
42 57 15 76
43 44 74 33
43 58 99 13
44 59 33 51
45 46 98 31
45 60 34 77
46 47 14 54
46 61 2 90
47 48 47 33
47 62 71 44
48 49 7 93
48 63 37 39
49 50 46 32
49 64 78 45
50 51 17 57
50 65 67 43
51 52 59 54
51 66 40 72
52 53 3 66
52 67 95 40
53 54 30 68
53 68 21 78
54 55 13 86
54 69 10 79
55 56 71 21
55 70 28 76
56 57 48 64
56 71 99 34
57 58 83 24
57 72 41 64
58 59 29 47
58 73 63 50
59 74 18 57
60 61 93 33
61 62 21 78
62 63 1 71
63 64 68 24
64 65 37 67
65 66 9 68
66 67 33 58
67 68 80 28
68 69 56 37
69 70 0 62
70 71 57 52
71 72 6 63
72 73 64 37
73 74 0 76
0 30
0 87
0 110
1 2
1 11
1 19
1 24
1 44
1 45
1 50
1 51
1 52
1 53
1 54
1 58
1 82
1 84
1 92
1 96
1 98
1 99
1 102
1 110
1 114
1 116
1 124
1 126
1 128
2 44
2 50
2 102
4 0
4 30
4 85
4 87
4 102
4 110
7 22
7 73
7 105
8 11
8 49
8 52
8 60
8 99
8 109
9 5
9 6
9 8
9 11
9 12
9 16
9 22
9 26
9 28
9 29
9 31
9 35
9 39
9 46
9 47
9 49
9 52
9 56
9 60
9 65
9 68
9 74
9 77
9 81
9 88
9 99
9 100
9 103
9 104
9 108
9 109
9 112
9 115
9 117
9 120
9 122
10 2
10 8
10 11
10 14
10 19
10 20
10 24
10 28
10 39
10 44
10 45
10 49
10 50
10 52
10 53
10 54
10 60
10 69
10 71
10 74
10 82
10 92
10 96
10 98
10 99
10 102
10 109
10 114
10 124
10 126
10 128
12 5
12 88
13 0
13 2
13 19
13 23
13 27
13 30
13 36
13 38
13 44
13 45
13 50
13 51
13 58
13 63
13 70
13 79
13 84
13 87
13 92
13 96
13 102
13 107
13 110
13 111
13 116
13 123
14 2
14 11
14 19
14 24
14 44
14 45
14 50
14 52
14 53
14 54
14 82
14 92
14 96
14 98
14 99
14 102
14 114
14 124
14 126
14 128
15 5
15 6
15 8
15 11
15 12
15 19
15 21
15 25
15 26
15 28
15 29
15 31
15 39
15 44
15 45
15 47
15 49
15 50
15 52
15 54
15 55
15 57
15 60
15 65
15 68
15 69
15 71
15 74
15 77
15 81
15 82
15 86
15 88
15 92
15 96
15 99
15 100
15 103
15 108
15 109
15 112
15 113
15 114
15 120
15 122
15 126
16 6
16 22
16 88
16 104
16 108
16 117
17 5
17 6
17 7
17 12
17 16
17 22
17 28
17 29
17 32
17 42
17 43
17 46
17 47
17 49
17 56
17 65
17 73
17 77
17 83
17 88
17 93
17 100
17 103
17 104
17 105
17 106
17 108
17 109
17 112
17 117
17 120
17 121
17 127
18 2
18 11
18 19
18 23
18 24
18 27
18 30
18 38
18 44
18 45
18 50
18 51
18 53
18 54
18 58
18 59
18 70
18 84
18 87
18 92
18 96
18 98
18 102
18 110
18 114
18 116
18 123
18 128
19 45
20 11
20 19
20 24
20 44
20 45
20 50
20 52
20 53
20 54
20 82
20 92
20 96
20 98
20 99
20 114
20 126
21 5
21 8
21 11
21 19
21 25
21 28
21 31
21 39
21 44
21 45
21 49
21 50
21 52
21 54
21 55
21 57
21 60
21 65
21 69
21 71
21 74
21 77
21 81
21 82
21 88
21 92
21 96
21 99
21 100
21 109
21 112
21 114
21 120
21 126
23 70
23 87
23 102
23 110
23 116
24 19
24 44
24 45
24 50
24 92
24 96
25 5
25 8
25 11
25 19
25 28
25 31
25 39
25 44
25 45
25 49
25 50
25 52
25 54
25 55
25 57
25 60
25 65
25 69
25 71
25 74
25 81
25 82
25 92
25 96
25 99
25 100
25 109
25 112
25 114
25 120
25 126
26 5
26 8
26 11
26 12
26 28
26 29
26 31
26 39
26 47
26 49
26 52
26 60
26 65
26 68
26 74
26 77
26 81
26 88
26 99
26 100
26 103
26 109
26 112
26 120
26 122
27 2
27 23
27 30
27 44
27 45
27 50
27 70
27 87
27 96
27 102
27 110
27 116
27 123
28 49
29 5
29 28
29 49
29 77
29 88
29 100
29 120
30 87
30 110
31 11
31 28
31 39
31 49
31 52
31 60
31 65
31 74
31 81
31 100
31 109
31 112
32 5
32 6
32 12
32 16
32 22
32 46
32 83
32 88
32 100
32 104
32 108
32 117
33 93
34 5
34 6
34 7
34 11
34 12
34 16
34 22
34 28
34 29
34 32
34 35
34 39
34 41
34 42
34 43
34 46
34 47
34 49
34 56
34 60
34 65
34 68
34 72
34 73
34 74
34 77
34 81
34 83
34 88
34 97
34 100
34 103
34 104
34 105
34 106
34 108
34 109
34 112
34 115
34 117
34 120
34 121
34 122
35 5
35 6
35 11
35 12
35 28
35 29
35 39
35 47
35 49
35 60
35 65
35 68
35 74
35 77
35 81
35 88
35 100
35 103
35 108
35 109
35 112
35 120
35 122
36 0
36 30
36 70
36 87
36 102
36 110
36 116
37 2
37 5
37 8
37 11
37 19
37 20
37 24
37 28
37 31
37 39
37 44
37 45
37 49
37 50
37 52
37 53
37 54
37 55
37 57
37 60
37 65
37 69
37 71
37 74
37 81
37 82
37 92
37 94
37 96
37 98
37 99
37 100
37 102
37 109
37 112
37 114
37 120
37 126
38 2
38 19
38 44
38 45
38 50
38 51
38 58
38 70
38 84
38 87
38 96
38 102
38 110
38 116
39 28
39 49
39 60
39 109
40 0
40 2
40 23
40 27
40 30
40 36
40 44
40 45
40 50
40 63
40 64
40 70
40 87
40 96
40 102
40 110
40 111
40 116
40 123
41 5
41 6
41 7
41 11
41 12
41 16
41 22
41 28
41 29
41 32
41 39
41 42
41 43
41 46
41 47
41 49
41 56
41 60
41 65
41 68
41 72
41 73
41 74
41 77
41 81
41 83
41 88
41 97
41 100
41 103
41 104
41 105
41 106
41 108
41 109
41 112
41 115
41 117
41 120
41 121
41 122
42 5
42 6
42 7
42 12
42 16
42 22
42 73
42 83
42 88
42 104
42 105
42 106
42 108
42 117
43 5
43 6
43 7
43 12
43 16
43 22
43 32
43 46
43 73
43 83
43 88
43 100
43 104
43 105
43 108
43 117
46 5
46 6
46 12
46 16
46 22
46 88
46 100
46 104
46 108
46 117
47 5
47 28
47 29
47 49
47 65
47 77
47 88
47 100
47 120
48 5
48 6
48 8
48 11
48 12
48 19
48 22
48 26
48 28
48 29
48 31
48 35
48 39
48 45
48 47
48 49
48 52
48 54
48 55
48 57
48 60
48 61
48 65
48 68
48 71
48 74
48 77
48 81
48 82
48 86
48 88
48 99
48 100
48 103
48 108
48 109
48 112
48 113
48 114
48 120
48 122
48 126
51 2
51 44
51 45
51 50
51 96
51 102
51 110
52 11
53 11
53 19
53 24
53 44
53 45
53 50
53 54
53 92
53 96
53 98
53 114
54 11
55 8
55 11
55 19
55 28
55 39
55 45
55 49
55 52
55 54
55 57
55 60
55 65
55 71
55 74
55 82
55 99
55 100
55 109
55 112
55 114
55 126
56 5
56 6
56 12
56 22
56 28
56 29
56 47
56 49
56 65
56 77
56 88
56 100
56 103
56 108
56 109
56 112
56 120
57 8
57 11
57 19
57 28
57 39
57 45
57 49
57 52
57 54
57 60
57 65
57 74
57 82
57 99
57 100
57 109
57 112
57 114
57 126
58 2
58 19
58 44
58 45
58 50
58 51
58 84
58 96
58 102
58 110
58 116
59 2
59 11
59 19
59 24
59 44
59 45
59 50
59 51
59 54
59 58
59 84
59 92
59 96
59 98
59 102
59 110
59 114
59 116
59 128
60 49
60 109
61 5
61 6
61 8
61 11
61 12
61 26
61 28
61 29
61 31
61 35
61 39
61 47
61 49
61 52
61 54
61 60
61 65
61 68
61 74
61 77
61 81
61 82
61 86
61 88
61 99
61 100
61 103
61 108
61 109
61 112
61 120
61 122
61 126
62 5
62 8
62 11
62 12
62 19
62 21
62 24
62 25
62 28
62 29
62 31
62 39
62 44
62 45
62 47
62 49
62 50
62 52
62 53
62 54
62 55
62 57
62 60
62 65
62 68
62 69
62 71
62 74
62 77
62 81
62 82
62 86
62 88
62 92
62 96
62 98
62 99
62 100
62 103
62 109
62 112
62 114
62 120
62 122
62 126
63 0
63 23
63 30
63 44
63 70
63 87
63 102
63 110
63 111
63 116
64 0
64 23
64 30
64 36
64 70
64 87
64 102
64 110
64 116
65 28
65 49
66 0
66 30
66 36
66 70
66 85
66 87
66 102
66 110
66 116
67 33
67 73
67 90
67 93
67 105
68 5
68 28
68 29
68 39
68 47
68 49
68 60
68 65
68 77
68 81
68 88
68 100
68 109
68 112
68 120
69 8
69 11
69 19
69 28
69 39
69 45
69 49
69 50
69 52
69 54
69 60
69 71
69 74
69 82
69 96
69 99
69 109
69 114
69 126
70 87
70 102
70 110
70 116
71 8
71 11
71 19
71 28
71 39
71 45
71 49
71 52
71 54
71 60
71 74
71 82
71 99
71 109
71 114
71 126
72 5
72 6
72 12
72 16
72 22
72 28
72 29
72 39
72 46
72 47
72 49
72 56
72 60
72 65
72 68
72 77
72 81
72 83
72 88
72 100
72 103
72 104
72 108
72 109
72 112
72 117
72 120
73 105
74 11
74 28
74 39
74 49
74 60
74 109
75 5
75 6
75 7
75 12
75 16
75 22
75 32
75 33
75 42
75 43
75 46
75 67
75 73
75 83
75 88
75 90
75 93
75 100
75 104
75 105
75 106
75 108
75 117
76 2
76 11
76 19
76 24
76 38
76 44
76 45
76 50
76 51
76 52
76 53
76 54
76 58
76 59
76 70
76 84
76 87
76 92
76 96
76 98
76 99
76 102
76 110
76 114
76 116
76 128
77 5
77 28
77 49
77 88
77 100
77 120
78 0
78 2
78 11
78 19
78 23
78 24
78 27
78 30
78 38
78 44
78 45
78 50
78 51
78 54
78 58
78 59
78 70
78 84
78 87
78 92
78 96
78 98
78 102
78 110
78 114
78 116
78 123
78 128
79 0
79 2
79 13
79 19
79 23
79 27
79 30
79 36
79 38
79 44
79 45
79 50
79 51
79 58
79 63
79 70
79 84
79 87
79 92
79 96
79 102
79 107
79 110
79 111
79 116
79 123
80 3
80 33
80 90
80 93
81 28
81 49
81 60
81 65
81 100
81 109
81 112
82 11
82 52
82 54
82 99
82 126
83 6
83 16
83 22
83 88
83 104
83 108
83 117
84 2
84 44
84 45
84 50
84 96
84 102
84 110
84 116
85 110
86 5
86 8
86 11
86 28
86 29
86 31
86 39
86 47
86 49
86 52
86 54
86 60
86 65
86 74
86 77
86 81
86 82
86 88
86 99
86 100
86 109
86 112
86 120
86 122
86 126
87 110
89 5
89 6
89 11
89 12
89 16
89 22
89 28
89 29
89 31
89 32
89 35
89 39
89 46
89 47
89 49
89 52
89 56
89 60
89 65
89 68
89 72
89 74
89 77
89 81
89 83
89 88
89 97
89 99
89 100
89 103
89 104
89 108
89 109
89 112
89 115
89 117
89 120
89 122
90 33
90 93
91 1
91 2
91 8
91 11
91 14
91 19
91 20
91 24
91 44
91 45
91 49
91 50
91 51
91 52
91 53
91 54
91 58
91 60
91 82
91 84
91 92
91 96
91 98
91 99
91 102
91 109
91 110
91 114
91 116
91 124
91 126
91 128
92 19
92 44
92 45
92 50
92 96
94 2
94 5
94 8
94 11
94 19
94 20
94 24
94 28
94 31
94 37
94 39
94 44
94 45
94 49
94 50
94 52
94 53
94 54
94 55
94 57
94 60
94 65
94 69
94 71
94 74
94 81
94 82
94 92
94 96
94 98
94 99
94 100
94 102
94 109
94 112
94 114
94 120
94 126
95 1
95 2
95 8
95 10
95 11
95 14
95 19
95 20
95 24
95 28
95 39
95 44
95 45
95 49
95 50
95 51
95 52
95 53
95 54
95 58
95 59
95 60
95 69
95 71
95 74
95 82
95 84
95 91
95 92
95 96
95 98
95 99
95 102
95 109
95 110
95 114
95 116
95 124
95 126
95 128
96 50
97 5
97 6
97 11
97 12
97 16
97 22
97 28
97 29
97 39
97 46
97 47
97 49
97 56
97 60
97 65
97 68
97 74
97 77
97 81
97 88
97 100
97 103
97 104
97 108
97 109
97 112
97 115
97 117
97 120
97 122
98 19
98 44
98 45
98 50
98 92
98 96
99 11
99 52
101 5
101 6
101 7
101 12
101 16
101 22
101 28
101 29
101 32
101 33
101 42
101 43
101 46
101 49
101 73
101 77
101 83
101 88
101 93
101 100
101 103
101 104
101 105
101 106
101 108
101 117
101 120
101 121
103 5
103 12
103 88
103 100
104 6
104 22
104 117
106 6
106 7
106 22
106 73
106 105
107 0
107 2
107 19
107 23
107 27
107 30
107 36
107 38
107 44
107 45
107 50
107 51
107 58
107 63
107 70
107 84
107 87
107 92
107 96
107 102
107 110
107 111
107 116
107 123
108 6
108 88
109 49
111 0
111 23
111 30
111 44
111 70
111 87
111 102
111 110
111 116
112 28
112 49
112 65
112 109
113 5
113 8
113 11
113 12
113 19
113 26
113 28
113 29
113 31
113 39
113 45
113 47
113 49
113 52
113 54
113 55
113 57
113 60
113 65
113 68
113 71
113 74
113 77
113 81
113 82
113 86
113 88
113 99
113 100
113 103
113 109
113 112
113 114
113 120
113 122
113 126
114 11
114 45
114 54
115 5
115 6
115 11
115 12
115 16
115 22
115 28
115 29
115 39
115 46
115 47
115 49
115 56
115 60
115 65
115 68
115 74
115 77
115 81
115 88
115 100
115 103
115 104
115 108
115 109
115 112
115 117
115 120
115 122
116 102
116 110
117 6
117 22
117 104
118 3
118 5
118 6
118 7
118 12
118 16
118 22
118 32
118 33
118 42
118 43
118 46
118 67
118 73
118 75
118 80
118 83
118 88
118 90
118 93
118 100
118 104
118 105
118 106
118 108
118 117
119 0
119 2
119 19
119 23
119 24
119 27
119 30
119 38
119 44
119 45
119 50
119 51
119 58
119 70
119 84
119 87
119 92
119 96
119 102
119 110
119 111
119 116
119 123
120 5
120 49
120 100
121 5
121 6
121 7
121 12
121 16
121 22
121 32
121 42
121 43
121 46
121 73
121 83
121 88
121 100
121 103
121 104
121 105
121 106
121 108
121 117
122 5
122 28
122 29
122 39
122 47
122 49
122 60
122 65
122 77
122 81
122 88
122 100
122 109
122 112
122 120
123 2
123 23
123 44
123 50
123 70
123 87
123 102
123 110
123 116
124 2
124 11
124 19
124 24
124 44
124 45
124 50
124 52
124 53
124 54
124 82
124 92
124 96
124 98
124 99
124 102
124 114
124 126
124 128
125 3
125 5
125 6
125 7
125 12
125 16
125 17
125 22
125 28
125 29
125 32
125 33
125 42
125 43
125 46
125 47
125 49
125 56
125 65
125 67
125 73
125 75
125 77
125 80
125 83
125 88
125 90
125 93
125 100
125 101
125 103
125 104
125 105
125 106
125 108
125 109
125 112
125 117
125 118
125 120
125 121
125 127
125 129
126 11
126 52
126 54
126 82
126 99
127 5
127 6
127 7
127 12
127 16
127 22
127 28
127 29
127 32
127 42
127 43
127 46
127 47
127 49
127 56
127 65
127 73
127 77
127 83
127 88
127 93
127 100
127 103
127 104
127 105
127 106
127 108
127 109
127 112
127 117
127 120
127 121
128 2
128 11
128 19
128 24
128 44
128 45
128 50
128 54
128 92
128 96
128 98
128 102
129 3
129 6
129 7
129 16
129 22
129 33
129 67
129 73
129 80
129 83
129 88
129 90
129 93
129 104
129 105
129 106
129 108
129 117
