77 136
0 1 76 48
0 11 16 65
1 2 11 91
1 12 43 41
2 3 45 66
2 13 66 35
3 4 73 49
3 14 62 24
4 5 60 46
4 15 64 47
5 6 1 70
5 16 72 49
6 7 96 29
6 17 88 24
7 8 48 54
7 18 20 50
8 9 44 39
8 19 12 54
9 10 1 70
9 20 16 74
10 21 48 37
11 12 92 17
11 22 57 43
12 13 92 30
12 23 3 97
13 14 24 71
13 24 8 67
14 15 77 34
14 25 69 31
15 16 14 76
15 26 33 54
16 17 1 60
16 27 35 70
17 18 46 54
17 28 77 36
18 19 74 42
18 29 4 76
19 20 40 71
19 30 46 64
20 21 81 42
20 31 10 73
21 32 36 50
22 23 29 68
22 33 88 22
23 24 99 22
23 34 12 66
24 25 48 40
24 35 51 38
25 26 32 65
25 36 94 21
26 27 52 54
26 37 54 56
27 28 93 24
27 38 28 61
28 29 50 32
28 39 63 33
29 30 90 26
29 40 42 53
30 31 95 33
30 41 18 85
31 32 26 59
31 42 54 66
32 43 2 78
33 34 6 56
33 44 14 53
34 35 3 96
34 45 48 60
35 36 52 37
35 46 58 63
36 37 10 68
36 47 91 27
37 38 12 62
37 48 8 58
38 39 9 83
38 49 5 65
39 40 93 17
39 50 88 46
40 41 37 56
40 51 92 22
41 42 86 21
41 52 13 88
42 43 24 81
42 53 75 52
43 54 59 44
44 45 4 71
44 55 61 31
45 46 93 31
45 56 90 39
46 47 96 33
46 57 5 88
47 48 36 68
47 58 16 81
48 49 99 33
48 59 87 45
49 50 88 30
49 60 16 78
50 51 74 25
50 61 11 54
51 52 79 25
51 62 37 45
52 53 95 22
52 63 46 65
53 54 1 77
53 64 69 39
54 65 59 46
55 56 77 18
55 66 15 78
56 57 64 59
56 67 59 51
57 58 95 40
57 68 58 29
58 59 60 26
58 69 28 45
59 60 35 75
59 70 43 41
60 61 55 59
60 71 33 66
61 62 71 40
61 72 61 59
62 63 98 5
62 73 87 12
63 64 66 36
63 74 51 36
64 65 40 39
64 75 23 76
65 76 87 27
66 67 48 64
67 68 82 30
68 69 98 2
69 70 78 48
70 71 58 40
71 72 34 53
72 73 52 60
73 74 16 76
74 75 94 32
75 76 46 55
0 129
1 4
1 19
1 25
1 32
1 37
1 42
1 48
1 59
1 61
1 81
1 90
1 91
1 95
1 101
1 113
1 116
1 124
1 133
3 0
3 4
3 6
3 8
3 9
3 11
3 14
3 22
3 33
3 35
3 38
3 39
3 50
3 51
3 61
3 66
3 68
3 76
3 82
3 83
3 93
3 101
3 104
3 107
3 108
3 114
3 115
3 118
3 126
3 129
3 132
3 135
4 61
5 0
5 6
5 11
5 34
5 35
5 39
5 76
5 82
5 87
5 93
5 103
5 109
5 117
5 121
5 129
6 82
7 0
7 5
7 6
7 9
7 11
7 12
7 13
7 23
7 27
7 28
7 34
7 35
7 39
7 52
7 55
7 56
7 58
7 70
7 76
7 82
7 86
7 87
7 88
7 92
7 93
7 94
7 96
7 98
7 103
7 107
7 109
7 117
7 121
7 125
7 127
7 129
7 134
8 0
8 6
8 9
8 11
8 76
8 82
8 107
8 118
8 129
9 0
9 6
9 11
9 82
9 107
9 129
10 2
10 18
10 19
10 24
10 25
10 29
10 32
10 36
10 37
10 40
10 59
10 62
10 65
10 73
10 80
10 81
10 84
10 89
10 91
10 95
10 102
10 106
10 113
10 124
10 133
11 6
11 82
12 88
12 92
13 12
13 23
13 52
13 56
13 58
13 70
13 76
13 86
13 87
13 88
13 92
13 94
13 109
13 134
14 50
14 51
14 61
14 66
14 68
14 107
14 115
14 118
14 126
14 132
15 4
15 14
15 25
15 30
15 32
15 33
15 37
15 38
15 41
15 42
15 48
15 50
15 51
15 53
15 57
15 60
15 61
15 66
15 68
15 77
15 81
15 82
15 90
15 101
15 107
15 108
15 113
15 115
15 116
15 118
15 124
15 126
15 131
15 132
15 135
16 0
16 4
16 6
16 8
16 9
16 11
16 14
16 22
16 33
16 35
16 38
16 39
16 46
16 50
16 51
16 61
16 66
16 68
16 76
16 82
16 83
16 87
16 93
16 101
16 103
16 104
16 107
16 108
16 109
16 115
16 117
16 118
16 126
16 129
16 130
16 132
16 135
17 1
17 4
17 14
17 19
17 25
17 29
17 30
17 32
17 33
17 37
17 38
17 42
17 45
17 48
17 50
17 51
17 53
17 59
17 60
17 61
17 66
17 68
17 71
17 77
17 80
17 81
17 90
17 91
17 95
17 101
17 106
17 107
17 113
17 115
17 116
17 118
17 124
17 126
17 132
17 133
17 135
18 2
18 10
18 19
18 24
18 25
18 29
18 32
18 36
18 37
18 40
18 59
18 62
18 65
18 73
18 80
18 81
18 84
18 89
18 91
18 95
18 102
18 106
18 113
18 124
18 133
19 59
19 81
19 91
19 95
19 113
19 124
19 133
20 0
20 6
20 8
20 9
20 11
20 14
20 22
20 35
20 39
20 46
20 47
20 50
20 51
20 61
20 66
20 67
20 68
20 76
20 82
20 83
20 87
20 93
20 103
20 104
20 107
20 108
20 109
20 115
20 117
20 118
20 126
20 129
20 130
20 132
21 12
21 23
21 44
21 49
21 52
21 58
21 75
21 78
21 86
21 88
21 92
21 100
21 109
21 134
22 0
22 6
22 8
22 9
22 11
22 68
22 76
22 82
22 83
22 93
22 104
22 107
22 108
22 118
22 129
23 58
23 86
23 88
23 92
23 109
23 134
25 37
25 81
25 113
26 2
26 19
26 25
26 29
26 32
26 37
26 40
26 42
26 59
26 69
26 73
26 80
26 81
26 90
26 91
26 95
26 106
26 113
26 124
26 133
27 34
27 39
27 76
27 87
27 93
27 109
27 129
28 0
28 6
28 11
28 27
28 34
28 35
28 39
28 58
28 76
28 82
28 86
28 87
28 88
28 92
28 93
28 103
28 109
28 117
28 129
28 134
29 59
29 81
29 91
29 95
29 106
29 124
29 133
30 4
30 14
30 32
30 33
30 37
30 38
30 50
30 51
30 61
30 66
30 68
30 77
30 90
30 101
30 107
30 113
30 115
30 116
30 118
30 126
30 132
30 135
31 1
31 2
31 4
31 10
31 18
31 19
31 24
31 25
31 26
31 29
31 32
31 36
31 37
31 38
31 40
31 42
31 45
31 48
31 53
31 59
31 61
31 62
31 65
31 66
31 68
31 69
31 71
31 73
31 74
31 80
31 81
31 84
31 89
31 90
31 91
31 95
31 101
31 102
31 106
31 113
31 116
31 124
31 126
31 132
31 133
32 37
32 113
33 14
33 38
33 50
33 51
33 61
33 66
33 68
33 101
33 107
33 115
33 118
33 126
33 132
33 135
34 39
34 76
34 87
34 93
34 109
34 129
35 0
35 39
35 76
35 82
35 93
35 129
36 2
36 29
36 59
36 73
36 80
36 81
36 89
36 91
36 95
36 106
36 124
36 133
38 61
38 101
38 126
39 76
39 93
40 2
40 19
40 29
40 59
40 80
40 81
40 91
40 95
40 106
40 113
40 124
40 133
41 4
41 14
41 33
41 37
41 38
41 50
41 51
41 57
41 61
41 66
41 68
41 77
41 82
41 90
41 101
41 107
41 108
41 115
41 118
41 126
41 132
41 135
42 32
42 37
42 90
42 113
43 12
43 13
43 23
43 44
43 52
43 56
43 58
43 70
43 76
43 78
43 86
43 87
43 88
43 92
43 94
43 100
43 109
43 134
44 92
45 4
45 19
45 25
45 29
45 32
45 37
45 42
45 59
45 61
45 80
45 81
45 90
45 91
45 95
45 106
45 113
45 116
45 124
45 133
46 0
46 6
46 8
46 9
46 11
46 14
46 22
46 35
46 39
46 50
46 51
46 61
46 66
46 68
46 76
46 82
46 83
46 93
46 104
46 107
46 108
46 109
46 115
46 117
46 118
46 126
46 129
46 130
46 132
47 0
47 6
47 8
47 9
47 11
47 22
47 35
47 39
47 50
47 51
47 61
47 68
47 76
47 82
47 83
47 87
47 93
47 103
47 104
47 107
47 108
47 109
47 115
47 117
47 118
47 129
47 130
47 132
48 4
48 32
48 37
48 61
48 90
48 101
48 113
48 116
49 12
49 44
49 58
49 88
49 92
49 100
49 109
49 134
50 51
50 61
50 68
50 107
50 115
50 118
50 132
51 61
51 68
51 107
51 115
51 118
52 12
52 58
52 86
52 88
52 92
52 109
52 134
53 4
53 32
53 37
53 38
53 42
53 48
53 61
53 68
53 90
53 101
53 113
53 116
53 126
54 0
54 5
54 6
54 8
54 9
54 11
54 22
54 27
54 34
54 35
54 39
54 47
54 50
54 51
54 55
54 58
54 61
54 67
54 68
54 76
54 82
54 83
54 87
54 88
54 92
54 93
54 103
54 104
54 107
54 108
54 109
54 115
54 117
54 118
54 121
54 122
54 129
54 130
54 132
54 134
55 0
55 5
55 6
55 9
55 11
55 27
55 34
55 35
55 39
55 58
55 76
55 82
55 87
55 88
55 92
55 93
55 103
55 107
55 109
55 117
55 121
55 129
56 12
56 23
56 58
56 70
56 86
56 87
56 88
56 92
56 109
56 134
57 4
57 14
57 33
57 38
57 50
57 51
57 61
57 66
57 68
57 101
57 107
57 115
57 118
57 126
57 132
57 135
58 88
58 92
58 109
60 4
60 32
60 37
60 38
60 42
60 48
60 53
60 61
60 66
60 68
60 90
60 101
60 107
60 113
60 115
60 116
60 118
60 126
60 132
62 2
62 24
62 59
62 65
62 73
62 80
62 81
62 89
62 91
62 95
62 106
63 1
63 2
63 4
63 19
63 25
63 26
63 29
63 32
63 37
63 38
63 40
63 42
63 45
63 48
63 51
63 53
63 59
63 60
63 61
63 66
63 68
63 69
63 71
63 72
63 73
63 77
63 80
63 81
63 90
63 91
63 95
63 101
63 106
63 107
63 113
63 115
63 116
63 118
63 124
63 126
63 132
63 133
64 1
64 4
64 14
64 19
64 25
64 29
64 30
64 32
64 33
64 37
64 38
64 42
64 48
64 50
64 51
64 53
64 57
64 59
64 60
64 61
64 66
64 68
64 77
64 81
64 90
64 91
64 95
64 101
64 106
64 107
64 113
64 115
64 116
64 118
64 124
64 126
64 131
64 132
64 133
64 135
65 24
66 61
66 68
66 126
66 132
67 0
67 6
67 8
67 9
67 11
67 22
67 35
67 39
67 50
67 51
67 61
67 68
67 76
67 82
67 83
67 87
67 93
67 103
67 104
67 107
67 108
67 109
67 115
67 117
67 118
67 129
67 130
67 132
69 2
69 19
69 25
69 29
69 32
69 37
69 40
69 42
69 59
69 80
69 81
69 90
69 91
69 95
69 106
69 113
69 124
69 133
70 12
70 23
70 58
70 86
70 88
70 92
70 109
70 134
71 1
71 4
71 19
71 25
71 29
71 32
71 37
71 38
71 42
71 45
71 48
71 59
71 61
71 68
71 80
71 81
71 90
71 91
71 95
71 101
71 106
71 113
71 116
71 124
71 126
71 133
72 1
72 2
72 4
72 19
72 25
72 26
72 29
72 32
72 37
72 38
72 40
72 42
72 45
72 48
72 53
72 59
72 60
72 61
72 66
72 68
72 69
72 71
72 73
72 80
72 81
72 90
72 91
72 95
72 101
72 106
72 107
72 113
72 115
72 116
72 118
72 124
72 126
72 132
72 133
73 2
73 59
73 80
74 1
74 2
74 4
74 19
74 25
74 26
74 29
74 32
74 37
74 40
74 42
74 45
74 48
74 59
74 61
74 69
74 73
74 80
74 81
74 89
74 90
74 91
74 95
74 101
74 106
74 113
74 116
74 124
74 133
75 12
75 44
75 49
75 52
75 58
75 86
75 88
75 92
75 100
75 109
75 134
77 4
77 37
77 38
77 51
77 61
77 66
77 68
77 101
77 107
77 115
77 118
77 126
77 132
78 12
78 23
78 44
78 52
78 58
78 86
78 88
78 92
78 100
78 109
78 134
79 12
79 13
79 23
79 43
79 44
79 49
79 52
79 56
79 58
79 70
79 76
79 78
79 86
79 87
79 88
79 92
79 93
79 94
79 100
79 109
79 125
79 134
83 0
83 6
83 8
83 9
83 11
83 76
83 82
83 93
83 104
83 107
83 108
83 118
83 129
84 2
84 19
84 25
84 29
84 36
84 37
84 40
84 59
84 73
84 80
84 81
84 89
84 91
84 95
84 106
84 113
84 124
84 133
85 0
85 5
85 6
85 9
85 11
85 27
85 28
85 34
85 35
85 39
85 55
85 58
85 76
85 82
85 86
85 87
85 88
85 92
85 93
85 103
85 107
85 109
85 117
85 118
85 121
85 129
85 134
86 58
86 88
86 92
86 109
86 134
87 109
88 92
89 2
89 80
90 37
91 59
91 81
93 76
94 23
94 58
94 76
94 86
94 87
94 88
94 92
94 109
94 134
95 59
95 81
95 91
96 0
96 12
96 23
96 27
96 34
96 35
96 39
96 56
96 58
96 70
96 76
96 82
96 86
96 87
96 88
96 92
96 93
96 94
96 98
96 109
96 125
96 127
96 129
96 134
97 1
97 2
97 4
97 14
97 17
97 19
97 25
97 29
97 30
97 32
97 33
97 37
97 38
97 42
97 45
97 48
97 50
97 51
97 53
97 59
97 60
97 61
97 66
97 68
97 71
97 77
97 80
97 81
97 90
97 91
97 95
97 101
97 106
97 107
97 113
97 115
97 116
97 118
97 124
97 126
97 132
97 133
97 135
98 12
98 23
98 39
98 56
98 58
98 70
98 76
98 86
98 87
98 88
98 92
98 93
98 94
98 109
98 125
98 127
98 134
99 0
99 4
99 6
99 8
99 9
99 11
99 14
99 33
99 37
99 38
99 50
99 51
99 57
99 61
99 66
99 68
99 76
99 77
99 82
99 93
99 101
99 104
99 107
99 108
99 115
99 118
99 126
99 129
99 132
99 135
100 12
100 44
100 58
100 88
100 92
100 109
101 61
102 2
102 24
102 59
102 62
102 65
102 73
102 80
102 81
102 89
102 91
102 95
102 106
103 0
103 6
103 11
103 35
103 39
103 76
103 82
103 87
103 93
103 109
103 117
103 129
104 0
104 6
104 8
104 9
104 11
104 76
104 82
104 107
104 108
104 118
104 129
105 12
105 13
105 23
105 27
105 34
105 39
105 43
105 44
105 49
105 52
105 56
105 58
105 70
105 76
105 78
105 79
105 86
105 87
105 88
105 92
105 93
105 94
105 98
105 100
105 109
105 125
105 127
105 129
105 134
106 59
106 81
106 91
106 95
108 82
108 107
108 118
110 0
110 5
110 6
110 8
110 9
110 11
110 12
110 23
110 27
110 28
110 34
110 35
110 39
110 55
110 58
110 68
110 76
110 82
110 83
110 85
110 86
110 87
110 88
110 92
110 93
110 94
110 103
110 104
110 107
110 108
110 109
110 117
110 118
110 121
110 127
110 129
110 130
110 134
111 0
111 5
111 6
111 8
111 9
111 11
111 12
111 23
111 27
111 28
111 34
111 35
111 39
111 55
111 56
111 58
111 70
111 76
111 82
111 85
111 86
111 87
111 88
111 92
111 93
111 94
111 103
111 107
111 109
111 117
111 118
111 121
111 125
111 127
111 129
111 134
112 0
112 4
112 6
112 8
112 9
112 11
112 14
112 30
112 32
112 33
112 37
112 38
112 41
112 42
112 48
112 50
112 51
112 53
112 57
112 61
112 66
112 68
112 76
112 77
112 82
112 90
112 93
112 99
112 101
112 104
112 107
112 108
112 113
112 115
112 116
112 118
112 126
112 129
112 131
112 132
112 135
114 0
114 3
114 4
114 6
114 8
114 9
114 11
114 14
114 22
114 33
114 35
114 38
114 39
114 50
114 51
114 61
114 66
114 68
114 76
114 82
114 83
114 93
114 101
114 104
114 107
114 108
114 115
114 118
114 126
114 129
114 132
114 135
115 68
115 107
115 118
116 4
116 32
116 37
116 61
116 90
116 113
117 0
117 6
117 11
117 35
117 39
117 76
117 82
117 93
117 109
117 129
118 107
119 44
119 92
120 12
120 13
120 21
120 23
120 43
120 44
120 49
120 52
120 56
120 58
120 70
120 75
120 76
120 78
120 86
120 87
120 88
120 92
120 93
120 94
120 100
120 109
120 125
120 134
121 0
121 6
121 11
121 34
121 35
121 39
121 76
121 82
121 87
121 93
121 103
121 109
121 117
121 129
122 0
122 6
122 8
122 9
122 11
122 22
122 34
122 35
122 39
122 47
122 50
122 51
122 61
122 67
122 68
122 76
122 82
122 83
122 87
122 93
122 103
122 104
122 107
122 108
122 109
122 115
122 117
122 118
122 121
122 129
122 130
122 132
123 0
123 3
123 4
123 6
123 8
123 9
123 11
123 14
123 16
123 22
123 33
123 35
123 37
123 38
123 39
123 46
123 50
123 51
123 57
123 61
123 66
123 68
123 76
123 82
123 83
123 87
123 93
123 101
123 103
123 104
123 107
123 108
123 109
123 114
123 115
123 117
123 118
123 126
123 129
123 130
123 132
123 135
124 81
125 12
125 23
125 58
125 70
125 76
125 86
125 87
125 88
125 92
125 93
125 94
125 109
125 134
126 61
127 23
127 58
127 76
127 86
127 87
127 88
127 92
127 93
127 94
127 109
127 134
128 44
128 92
128 119
130 0
130 6
130 8
130 9
130 11
130 35
130 39
130 68
130 76
130 82
130 83
130 93
130 104
130 107
130 108
130 109
130 117
130 118
130 129
131 4
131 14
131 32
131 33
131 37
131 38
131 50
131 51
131 57
131 61
131 66
131 68
131 77
131 90
131 101
131 107
131 113
131 115
131 118
131 126
131 132
131 135
132 61
132 68
133 59
133 81
133 91
133 95
133 124
134 58
134 88
134 92
134 109
135 38
135 51
135 61
135 66
135 68
135 101
135 107
135 115
135 118
135 126
135 132
