80 142
0 1 41 44
0 10 58 43
1 2 77 18
1 11 93 22
2 3 86 41
2 12 92 8
3 4 39 58
3 13 44 50
4 5 47 59
4 14 81 45
5 6 20 83
5 15 73 23
6 7 79 34
6 16 54 39
7 8 62 26
7 17 28 73
8 9 10 56
8 18 22 51
9 19 33 63
10 11 74 45
10 20 44 56
11 12 24 74
11 21 86 18
12 13 94 13
12 22 33 52
13 14 14 69
13 23 67 33
14 15 51 31
14 24 29 62
15 16 49 68
15 25 97 21
16 17 15 53
16 26 59 33
17 18 10 60
17 27 59 54
18 19 93 11
18 28 5 60
19 29 34 55
20 21 25 45
20 30 25 55
21 22 16 62
21 31 19 79
22 23 6 88
22 32 58 32
23 24 27 81
23 33 78 25
24 25 37 68
24 34 16 73
25 26 37 54
25 35 33 71
26 27 79 31
26 36 18 81
27 28 76 18
27 37 38 55
28 29 98 1
28 38 92 39
29 39 31 73
30 31 85 11
30 40 4 83
31 32 19 68
31 41 79 14
32 33 82 49
32 42 44 56
33 34 23 48
33 43 30 79
34 35 25 51
34 44 1 96
35 36 64 37
35 45 47 33
36 37 77 13
36 46 79 48
37 38 69 55
37 47 68 25
38 39 82 13
38 48 69 38
39 49 57 47
40 41 25 74
40 50 11 58
41 42 30 63
41 51 22 78
42 43 19 50
42 52 2 79
43 44 88 38
43 53 54 55
44 45 38 46
44 54 39 38
45 46 48 44
45 55 99 14
46 47 75 17
46 56 83 27
47 48 42 58
47 57 31 80
48 49 33 51
48 58 94 37
49 59 35 72
50 51 88 31
50 60 79 31
51 52 8 55
51 61 41 51
52 53 24 77
52 62 36 52
53 54 55 65
53 63 52 58
54 55 94 10
54 64 65 42
55 56 33 40
55 65 57 52
56 57 61 56
56 66 58 61
57 58 77 18
57 67 42 52
58 59 70 53
58 68 66 56
59 69 17 85
60 61 78 31
60 70 88 33
61 62 85 34
61 71 19 60
62 63 89 8
62 72 70 25
63 64 45 38
63 73 57 37
64 65 36 69
64 74 17 83
65 66 95 12
65 75 4 90
66 67 33 52
66 76 63 28
67 68 0 90
67 77 88 31
68 69 51 55
68 78 25 61
69 79 66 52
70 71 25 59
71 72 97 35
72 73 48 50
73 74 11 76
74 75 45 41
75 76 11 57
76 77 67 24
77 78 91 28
78 79 26 61
0 7
0 8
0 9
0 19
0 20
0 29
0 34
0 61
0 62
0 70
0 71
0 75
0 83
0 86
0 90
0 98
0 101
0 102
0 106
0 107
0 108
0 110
0 111
0 112
0 130
0 132
0 135
1 9
1 19
1 34
1 61
1 70
1 71
1 107
1 108
1 111
1 112
1 132
2 3
2 4
2 9
2 12
2 22
2 30
2 45
2 50
2 55
2 61
2 70
2 82
2 89
2 93
2 95
2 96
2 109
2 114
2 115
2 116
2 129
2 134
2 140
3 93
3 134
5 3
5 23
5 30
5 35
5 55
5 87
5 93
5 103
5 124
5 134
6 8
6 29
6 90
6 101
6 102
6 108
7 8
7 20
7 29
7 34
7 62
7 71
7 83
7 101
7 102
7 106
7 107
7 108
7 111
7 112
7 130
7 132
7 135
8 29
8 101
8 108
9 61
11 4
11 9
11 12
11 19
11 45
11 50
11 55
11 61
11 70
11 82
11 89
11 93
11 95
11 96
11 114
11 115
11 116
11 129
11 134
11 140
12 4
12 9
12 55
12 61
12 70
12 82
12 93
12 116
12 134
13 1
13 4
13 9
13 19
13 34
13 55
13 61
13 70
13 71
13 75
13 83
13 101
13 104
13 106
13 107
13 108
13 111
13 112
13 132
14 4
14 9
14 12
14 19
14 26
14 50
14 55
14 61
14 67
14 70
14 71
14 74
14 82
14 89
14 93
14 95
14 96
14 104
14 111
14 112
14 114
14 115
14 116
14 127
14 129
14 132
14 134
14 140
15 56
15 64
15 91
16 6
16 8
16 10
16 15
16 18
16 20
16 21
16 25
16 28
16 29
16 33
16 40
16 41
16 44
16 46
16 47
16 49
16 51
16 56
16 59
16 62
16 64
16 76
16 77
16 78
16 79
16 90
16 91
16 94
16 99
16 101
16 102
16 107
16 108
16 112
16 113
16 117
16 122
16 123
16 131
16 133
16 136
16 138
16 141
17 6
17 8
17 15
17 18
17 20
17 21
17 24
17 28
17 29
17 34
17 37
17 39
17 44
17 46
17 48
17 49
17 53
17 56
17 62
17 64
17 65
17 71
17 76
17 78
17 79
17 83
17 90
17 91
17 92
17 94
17 98
17 99
17 100
17 101
17 102
17 106
17 107
17 108
17 110
17 111
17 112
17 122
17 126
17 130
17 131
17 132
17 133
17 141
18 29
18 46
18 49
18 94
18 101
18 122
19 9
19 61
19 70
20 8
20 29
20 62
20 101
20 102
20 107
20 108
20 112
21 44
21 64
21 76
21 91
21 99
22 3
22 4
22 30
22 55
22 82
22 93
22 95
22 115
22 129
22 134
22 140
23 30
23 87
23 93
23 134
24 6
24 8
24 18
24 20
24 29
24 34
24 37
24 46
24 48
24 49
24 53
24 62
24 71
24 83
24 90
24 94
24 100
24 101
24 102
24 106
24 107
24 108
24 110
24 111
24 112
24 122
24 126
24 130
24 132
25 10
25 15
25 21
25 41
25 44
25 47
25 49
25 51
25 56
25 64
25 76
25 79
25 91
25 94
25 99
25 113
25 122
25 123
26 4
26 9
26 12
26 19
26 55
26 61
26 70
26 71
26 74
26 82
26 93
26 111
26 115
26 116
26 134
27 1
27 4
27 9
27 12
27 13
27 19
27 26
27 32
27 34
27 43
27 50
27 55
27 61
27 67
27 70
27 71
27 74
27 75
27 82
27 83
27 93
27 95
27 96
27 101
27 102
27 104
27 106
27 107
27 108
27 111
27 112
27 114
27 115
27 116
27 121
27 129
27 130
27 132
27 134
28 18
28 29
28 46
28 49
28 56
28 64
28 78
28 91
28 94
28 101
28 122
30 134
31 6
31 8
31 10
31 15
31 18
31 20
31 21
31 28
31 29
31 34
31 37
31 39
31 40
31 41
31 44
31 46
31 47
31 48
31 49
31 51
31 53
31 56
31 59
31 62
31 64
31 71
31 76
31 78
31 79
31 83
31 90
31 91
31 94
31 99
31 101
31 102
31 107
31 108
31 111
31 112
31 113
31 117
31 122
31 123
31 130
31 131
31 133
31 141
32 4
32 9
32 12
32 19
32 26
32 34
32 55
32 61
32 67
32 70
32 71
32 74
32 82
32 93
32 104
32 107
32 111
32 112
32 115
32 116
32 132
32 134
33 10
33 15
33 18
33 21
33 25
33 28
33 29
33 40
33 41
33 44
33 46
33 47
33 49
33 51
33 56
33 59
33 64
33 76
33 78
33 79
33 91
33 94
33 99
33 101
33 108
33 113
33 117
33 122
33 123
33 131
33 136
33 141
34 71
34 107
34 112
35 3
35 23
35 30
35 87
35 93
35 124
35 134
36 10
36 15
36 18
36 21
36 25
36 28
36 29
36 33
36 40
36 41
36 42
36 44
36 46
36 47
36 49
36 51
36 56
36 59
36 64
36 76
36 78
36 79
36 91
36 94
36 99
36 101
36 108
36 113
36 117
36 122
36 123
36 131
36 136
36 141
37 6
37 8
37 20
37 29
37 46
37 53
37 62
37 71
37 83
37 90
37 94
37 101
37 102
37 107
37 108
37 112
37 122
37 130
38 6
38 7
38 8
38 9
38 15
38 18
38 19
38 20
38 24
38 28
38 29
38 34
38 37
38 39
38 44
38 46
38 48
38 49
38 53
38 56
38 61
38 62
38 64
38 65
38 70
38 71
38 75
38 76
38 78
38 83
38 84
38 90
38 91
38 92
38 94
38 98
38 100
38 101
38 102
38 106
38 107
38 108
38 110
38 111
38 112
38 122
38 126
38 130
38 131
38 132
38 133
38 135
38 141
39 6
39 8
39 15
39 18
39 20
39 28
39 29
39 37
39 44
39 46
39 49
39 53
39 56
39 62
39 64
39 71
39 76
39 78
39 83
39 90
39 91
39 94
39 101
39 102
39 107
39 108
39 112
39 122
39 130
39 131
39 133
39 141
40 10
40 15
40 18
40 21
40 28
40 29
40 41
40 44
40 46
40 47
40 49
40 51
40 56
40 59
40 64
40 76
40 78
40 79
40 91
40 94
40 99
40 101
40 113
40 122
40 123
41 10
41 44
41 64
41 91
43 1
43 4
43 9
43 12
43 19
43 26
43 32
43 34
43 55
43 61
43 67
43 70
43 71
43 74
43 82
43 93
43 104
43 107
43 108
43 111
43 112
43 115
43 116
43 132
43 134
45 4
45 9
45 12
45 50
45 55
45 61
45 70
45 82
45 89
45 93
45 95
45 96
45 114
45 115
45 116
45 129
45 134
45 140
46 29
47 10
47 15
47 21
47 41
47 44
47 51
47 56
47 64
47 76
47 79
47 91
47 99
47 113
47 123
48 6
48 8
48 20
48 29
48 34
48 46
48 53
48 62
48 71
48 83
48 90
48 101
48 102
48 107
48 108
48 112
48 130
49 94
50 4
50 9
50 12
50 55
50 61
50 70
50 82
50 93
50 95
50 96
50 115
50 116
50 129
50 134
51 10
51 44
52 2
52 3
52 4
52 9
52 12
52 22
52 30
52 45
52 50
52 55
52 61
52 70
52 82
52 89
52 93
52 95
52 96
52 109
52 114
52 115
52 116
52 129
52 134
52 140
53 6
53 8
53 20
53 29
53 62
53 71
53 83
53 90
53 101
53 102
53 107
53 108
53 112
53 130
54 87
56 91
57 3
57 4
57 22
57 23
57 30
57 35
57 55
57 82
57 87
57 93
57 95
57 115
57 116
57 124
57 129
57 134
57 140
58 10
58 42
58 113
58 123
58 125
59 10
59 15
59 21
59 29
59 41
59 44
59 46
59 49
59 56
59 64
59 76
59 79
59 91
59 94
59 99
59 122
60 3
60 4
60 9
60 12
60 22
60 30
60 50
60 55
60 61
60 70
60 82
60 87
60 89
60 93
60 95
60 96
60 115
60 116
60 129
60 134
60 140
62 8
62 20
62 29
62 101
62 102
62 107
62 108
62 112
63 6
63 7
63 8
63 15
63 18
63 20
63 21
63 24
63 28
63 29
63 34
63 37
63 39
63 44
63 46
63 48
63 49
63 53
63 56
63 61
63 62
63 64
63 65
63 70
63 71
63 76
63 78
63 83
63 90
63 91
63 92
63 94
63 98
63 99
63 100
63 101
63 102
63 106
63 107
63 108
63 110
63 111
63 112
63 122
63 126
63 130
63 131
63 132
63 133
63 135
63 141
64 91
65 6
65 8
65 15
65 18
65 20
65 24
65 28
65 29
65 34
65 37
65 39
65 44
65 46
65 48
65 49
65 53
65 56
65 62
65 64
65 71
65 76
65 78
65 83
65 90
65 91
65 92
65 94
65 98
65 100
65 101
65 102
65 106
65 107
65 108
65 110
65 111
65 112
65 122
65 126
65 130
65 131
65 132
65 133
65 141
67 4
67 9
67 19
67 55
67 61
67 70
67 71
67 74
67 82
67 93
67 104
67 111
67 112
67 132
68 1
68 4
68 8
68 9
68 12
68 13
68 19
68 26
68 29
68 32
68 34
68 55
68 61
68 67
68 70
68 71
68 74
68 75
68 82
68 83
68 86
68 93
68 101
68 102
68 104
68 106
68 107
68 108
68 111
68 112
68 115
68 116
68 121
68 130
68 132
68 134
68 135
69 2
69 3
69 4
69 9
69 12
69 22
69 23
69 30
69 45
69 50
69 55
69 60
69 61
69 70
69 73
69 82
69 87
69 89
69 93
69 95
69 96
69 109
69 114
69 115
69 116
69 129
69 134
69 140
70 61
72 4
72 9
72 12
72 19
72 45
72 50
72 55
72 61
72 70
72 71
72 74
72 82
72 89
72 93
72 95
72 96
72 111
72 114
72 115
72 116
72 119
72 129
72 134
72 140
73 3
73 4
73 22
73 23
73 30
73 55
73 61
73 82
73 87
73 89
73 93
73 95
73 115
73 116
73 129
73 134
73 140
74 4
74 9
74 19
74 55
74 61
74 70
74 71
74 82
74 111
75 34
75 61
75 70
75 71
75 106
75 107
75 108
75 111
75 112
75 132
76 44
76 64
76 91
77 6
77 8
77 10
77 15
77 18
77 21
77 25
77 28
77 29
77 40
77 41
77 44
77 46
77 47
77 49
77 51
77 56
77 59
77 64
77 76
77 78
77 79
77 90
77 91
77 94
77 99
77 101
77 102
77 108
77 113
77 117
77 122
77 123
77 131
77 133
77 136
77 141
78 18
78 29
78 46
78 49
78 56
78 64
78 91
78 94
78 101
78 122
79 44
79 64
79 91
80 6
80 7
80 8
80 10
80 15
80 17
80 18
80 20
80 21
80 24
80 28
80 29
80 34
80 37
80 39
80 41
80 44
80 46
80 48
80 49
80 53
80 56
80 59
80 62
80 64
80 65
80 71
80 76
80 78
80 79
80 83
80 90
80 91
80 92
80 94
80 98
80 99
80 100
80 101
80 102
80 106
80 107
80 108
80 110
80 111
80 112
80 117
80 122
80 126
80 130
80 131
80 132
80 133
80 135
80 141
81 10
81 41
81 42
81 44
81 51
81 58
81 64
81 91
81 113
81 123
81 125
82 55
83 71
83 101
83 107
83 108
83 112
84 6
84 7
84 8
84 20
84 29
84 34
84 53
84 61
84 62
84 70
84 71
84 75
84 83
84 90
84 98
84 101
84 102
84 106
84 107
84 108
84 110
84 111
84 112
84 130
84 132
84 135
85 0
85 1
85 4
85 6
85 7
85 8
85 9
85 13
85 19
85 20
85 29
85 34
85 55
85 61
85 62
85 70
85 71
85 74
85 75
85 82
85 83
85 86
85 90
85 98
85 101
85 102
85 104
85 106
85 107
85 108
85 110
85 111
85 112
85 120
85 130
85 132
85 135
85 137
86 9
86 19
86 29
86 34
86 61
86 70
86 71
86 75
86 83
86 101
86 102
86 106
86 107
86 108
86 111
86 112
86 130
86 132
86 135
88 2
88 3
88 4
88 9
88 12
88 22
88 30
88 45
88 50
88 52
88 55
88 61
88 70
88 82
88 89
88 93
88 95
88 96
88 109
88 114
88 115
88 116
88 129
88 134
88 140
89 4
89 55
89 82
89 93
89 95
89 115
89 116
89 129
89 134
89 140
90 8
90 29
90 101
90 102
90 108
92 6
92 8
92 18
92 20
92 24
92 29
92 34
92 37
92 46
92 48
92 49
92 53
92 62
92 71
92 83
92 90
92 94
92 98
92 100
92 101
92 102
92 106
92 107
92 108
92 110
92 111
92 112
92 122
92 126
92 130
92 132
95 55
95 82
95 93
95 115
95 129
95 134
96 4
96 9
96 12
96 50
96 55
96 61
96 70
96 82
96 93
96 95
96 115
96 116
96 129
96 134
97 6
97 8
97 10
97 15
97 16
97 18
97 20
97 21
97 25
97 28
97 29
97 33
97 37
97 39
97 40
97 41
97 44
97 46
97 47
97 49
97 51
97 53
97 56
97 59
97 62
97 64
97 71
97 76
97 77
97 78
97 79
97 83
97 90
97 91
97 94
97 99
97 101
97 102
97 107
97 108
97 112
97 113
97 117
97 122
97 123
97 130
97 131
97 133
97 136
97 138
97 141
98 8
98 20
98 29
98 34
98 62
98 71
98 83
98 90
98 101
98 102
98 106
98 107
98 108
98 110
98 111
98 112
98 130
98 132
99 44
99 64
99 91
100 6
100 8
100 20
100 29
100 34
100 46
100 48
100 53
100 62
100 71
100 83
100 90
100 101
100 102
100 106
100 107
100 108
100 110
100 111
100 112
100 122
100 130
100 132
102 101
102 108
103 23
103 30
103 87
103 93
103 124
103 134
104 9
104 19
104 61
104 70
104 71
104 111
104 112
104 132
105 0
105 1
105 4
105 6
105 7
105 8
105 9
105 18
105 19
105 20
105 24
105 29
105 34
105 37
105 46
105 48
105 49
105 53
105 61
105 62
105 70
105 71
105 75
105 83
105 84
105 86
105 90
105 92
105 94
105 98
105 100
105 101
105 102
105 104
105 106
105 107
105 108
105 110
105 111
105 112
105 122
105 126
105 130
105 132
105 135
105 137
106 34
106 71
106 107
106 108
106 111
106 112
106 132
107 112
109 2
109 3
109 4
109 9
109 12
109 22
109 30
109 45
109 50
109 55
109 61
109 70
109 82
109 89
109 93
109 95
109 96
109 114
109 115
109 116
109 129
109 134
109 140
110 8
110 20
110 29
110 34
110 62
110 71
110 83
110 90
110 101
110 102
110 106
110 107
110 108
110 111
110 112
110 130
110 132
114 4
114 9
114 12
114 50
114 55
114 61
114 70
114 82
114 93
114 95
114 96
114 115
114 116
114 129
114 134
115 55
115 82
115 93
115 134
116 4
116 55
116 82
116 93
116 134
117 10
117 15
117 18
117 21
117 28
117 29
117 41
117 44
117 46
117 49
117 56
117 59
117 64
117 76
117 78
117 79
117 91
117 94
117 99
117 101
117 108
117 122
117 131
117 141
118 3
118 5
118 23
118 30
118 35
118 55
118 87
118 93
118 103
118 124
118 134
118 140
119 4
119 9
119 12
119 19
119 45
119 50
119 55
119 61
119 70
119 82
119 89
119 93
119 95
119 96
119 111
119 114
119 115
119 116
119 129
119 134
119 140
120 1
120 4
120 8
120 9
120 13
120 19
120 29
120 34
120 55
120 61
120 70
120 71
120 74
120 75
120 82
120 83
120 86
120 101
120 102
120 104
120 106
120 107
120 108
120 111
120 112
120 130
120 132
120 135
120 137
121 1
121 4
121 9
121 19
121 34
121 55
121 61
121 67
121 70
121 71
121 74
121 75
121 82
121 93
121 104
121 106
121 107
121 108
121 111
121 112
121 132
123 10
123 113
124 30
124 87
124 134
126 6
126 8
126 18
126 20
126 24
126 29
126 34
126 37
126 46
126 48
126 49
126 53
126 62
126 71
126 83
126 90
126 94
126 100
126 101
126 102
126 106
126 107
126 108
126 110
126 111
126 112
126 122
126 130
126 132
127 4
127 9
127 12
127 19
127 26
127 50
127 55
127 61
127 67
127 70
127 71
127 74
127 82
127 93
127 95
127 96
127 104
127 111
127 112
127 114
127 115
127 116
127 129
127 132
127 134
127 140
128 66
128 125
129 55
129 82
129 93
129 95
129 115
129 134
130 71
130 83
130 101
130 102
130 107
130 108
130 112
131 15
131 18
131 28
131 29
131 44
131 46
131 49
131 56
131 64
131 76
131 78
131 91
131 94
131 101
131 108
131 122
131 141
132 71
132 111
132 112
133 8
133 15
133 18
133 28
133 29
133 44
133 46
133 49
133 56
133 64
133 76
133 78
133 91
133 94
133 101
133 108
133 122
133 131
133 141
135 29
135 34
135 71
135 83
135 101
135 102
135 106
135 107
135 108
135 111
135 112
135 130
135 132
136 10
136 41
136 44
136 51
136 64
136 79
136 91
136 99
136 113
136 123
137 1
137 4
137 8
137 9
137 19
137 29
137 34
137 61
137 70
137 71
137 75
137 83
137 86
137 101
137 102
137 104
137 106
137 107
137 108
137 111
137 112
137 130
137 132
137 135
138 6
138 8
138 10
138 15
138 18
138 21
138 25
138 28
138 29
138 40
138 41
138 44
138 46
138 47
138 49
138 51
138 56
138 59
138 64
138 76
138 77
138 78
138 79
138 90
138 91
138 94
138 99
138 101
138 102
138 108
138 113
138 117
138 122
138 123
138 131
138 133
138 136
138 141
139 4
139 9
139 12
139 19
139 26
139 45
139 50
139 55
139 61
139 70
139 71
139 72
139 74
139 82
139 89
139 93
139 95
139 96
139 111
139 114
139 115
139 116
139 119
139 129
139 134
139 140
140 55
140 93
140 134
141 15
141 18
141 28
141 29
141 44
141 46
141 49
141 56
141 64
141 78
141 91
141 94
141 101
141 108
141 122
