86 127
0 1 99 31
0 43 78 17
1 2 88 10
1 44 78 29
2 3 87 26
2 45 1 59
3 4 82 37
3 46 48 44
4 5 76 53
4 47 76 50
5 6 35 47
5 48 90 11
6 7 67 41
6 49 48 51
7 8 67 30
7 50 74 15
8 9 70 29
8 51 4 60
9 10 36 46
9 52 35 63
10 11 18 49
10 53 75 26
11 12 45 36
11 54 58 63
12 13 61 24
12 55 6 56
13 14 5 92
13 56 46 49
14 15 34 54
14 57 92 22
15 16 19 62
15 58 15 61
16 17 59 49
16 59 38 67
17 18 31 70
17 60 25 68
18 19 21 54
18 61 2 77
19 20 16 88
19 62 39 57
20 21 49 58
20 63 81 20
21 22 26 62
21 64 51 44
22 23 4 76
22 65 53 65
23 24 73 51
23 66 34 61
24 25 41 71
24 67 29 71
25 26 35 64
25 68 77 28
26 27 31 77
26 69 41 70
27 28 68 38
27 70 71 25
28 29 58 38
28 71 34 60
29 30 46 32
29 72 28 68
30 31 73 38
30 73 0 64
31 32 24 78
31 74 5 77
32 33 82 20
32 75 86 18
33 34 42 50
33 76 72 42
34 35 78 18
34 77 76 24
35 36 6 63
35 78 18 58
36 37 94 9
36 79 59 51
37 38 65 53
37 80 16 83
38 39 65 46
38 81 86 23
39 40 13 84
39 82 87 20
40 41 37 73
40 83 99 14
41 42 51 67
41 84 23 52
42 85 57 40
43 44 22 80
44 45 89 15
45 46 17 67
46 47 41 45
47 48 7 87
48 49 44 37
49 50 25 67
50 51 50 40
51 52 44 45
52 53 13 53
53 54 38 70
54 55 6 77
55 56 60 50
56 57 71 22
57 58 18 49
58 59 77 21
59 60 55 41
60 61 70 46
61 62 17 86
62 63 55 62
63 64 50 69
64 65 18 70
65 66 24 72
66 67 56 45
67 68 27 47
68 69 25 64
69 70 88 16
70 71 16 79
71 72 60 61
72 73 44 44
73 74 24 57
74 75 24 73
75 76 33 59
76 77 68 31
77 78 73 18
78 79 54 50
79 80 56 66
80 81 5 65
81 82 52 43
82 83 41 44
83 84 86 21
84 85 26 70
1 0
1 3
1 4
1 6
1 29
1 41
1 64
1 65
1 68
1 77
1 79
1 125
2 0
2 11
2 29
2 81
2 86
2 111
3 0
3 6
4 0
5 17
5 19
5 23
5 26
5 30
5 31
5 33
5 34
5 35
5 37
5 38
5 42
5 44
5 45
5 47
5 48
5 49
5 50
5 52
5 53
5 57
5 59
5 62
5 63
5 70
5 75
5 78
5 80
5 82
5 85
5 87
5 89
5 91
5 95
5 96
5 103
5 104
5 105
5 106
5 107
5 110
5 112
5 113
5 116
5 117
5 121
5 122
5 126
7 8
7 9
7 13
7 23
7 32
7 40
7 43
7 45
7 46
7 73
7 74
7 76
7 82
7 97
7 102
7 104
7 105
7 108
7 113
7 120
7 121
9 8
10 8
10 9
10 13
10 19
10 23
10 27
10 32
10 33
10 39
10 40
10 45
10 46
10 48
10 50
10 53
10 66
10 73
10 74
10 80
10 82
10 95
10 97
10 104
10 105
10 113
10 120
10 121
11 0
11 29
11 81
12 8
12 9
12 46
12 67
12 102
13 8
13 23
13 40
13 45
13 46
13 73
13 74
13 82
13 104
13 105
13 113
13 121
14 0
14 6
14 8
14 9
14 12
14 46
14 54
14 60
14 67
14 102
14 118
15 0
15 1
15 3
15 4
15 6
15 8
15 9
15 21
15 29
15 41
15 51
15 64
15 65
15 68
15 69
15 77
15 79
15 86
15 100
15 111
15 125
16 0
16 3
16 6
16 8
16 9
16 46
16 60
16 67
16 102
17 19
17 23
17 26
17 30
17 31
17 33
17 34
17 35
17 38
17 42
17 44
17 45
17 47
17 48
17 49
17 50
17 52
17 53
17 57
17 59
17 62
17 63
17 70
17 75
17 78
17 80
17 82
17 85
17 87
17 89
17 91
17 95
17 96
17 103
17 104
17 105
17 106
17 107
17 110
17 112
17 113
17 116
17 121
17 122
17 126
18 8
18 9
18 13
18 23
18 27
18 32
18 33
18 39
18 40
18 45
18 46
18 48
18 53
18 66
18 73
18 74
18 76
18 80
18 82
18 95
18 97
18 102
18 104
18 105
18 113
18 120
18 121
19 23
19 33
19 45
19 48
19 50
19 53
19 80
19 82
19 95
19 105
19 121
20 8
20 9
20 13
20 19
20 23
20 27
20 28
20 30
20 32
20 33
20 34
20 35
20 36
20 39
20 40
20 42
20 45
20 46
20 47
20 48
20 49
20 50
20 52
20 53
20 57
20 59
20 62
20 66
20 71
20 73
20 74
20 80
20 82
20 83
20 85
20 91
20 95
20 97
20 99
20 104
20 105
20 106
20 107
20 110
20 113
20 115
20 116
20 117
20 120
20 121
20 126
21 0
21 3
21 4
21 6
21 8
21 9
21 51
22 6
22 7
22 8
22 9
22 12
22 13
22 23
22 27
22 32
22 40
22 43
22 45
22 46
22 54
22 56
22 60
22 67
22 73
22 74
22 76
22 82
22 84
22 92
22 97
22 101
22 102
22 104
22 105
22 108
22 113
22 120
22 121
22 123
24 0
24 3
24 4
24 6
24 8
24 9
24 12
24 14
24 16
24 21
24 46
24 51
24 54
24 55
24 60
24 67
24 69
24 74
24 76
24 102
24 118
25 19
25 23
25 30
25 31
25 33
25 34
25 35
25 38
25 39
25 40
25 42
25 45
25 47
25 48
25 49
25 50
25 52
25 53
25 57
25 59
25 62
25 70
25 71
25 75
25 78
25 80
25 82
25 85
25 87
25 89
25 91
25 95
25 96
25 103
25 104
25 105
25 106
25 107
25 110
25 112
25 113
25 115
25 116
25 117
25 121
25 126
27 8
27 9
27 13
27 23
27 32
27 40
27 45
27 46
27 73
27 74
27 82
27 97
27 104
27 105
27 113
27 120
27 121
28 19
28 23
28 33
28 39
28 40
28 45
28 47
28 48
28 50
28 53
28 57
28 80
28 82
28 95
28 104
28 105
28 113
28 121
29 0
30 19
30 23
30 33
30 34
30 35
30 42
30 45
30 48
30 49
30 50
30 52
30 53
30 59
30 62
30 80
30 82
30 85
30 91
30 95
30 104
30 105
30 107
30 110
30 116
30 121
30 126
31 19
31 23
31 30
31 33
31 34
31 35
31 38
31 42
31 45
31 47
31 48
31 49
31 50
31 52
31 53
31 59
31 62
31 75
31 80
31 82
31 85
31 87
31 91
31 95
31 103
31 104
31 105
31 106
31 107
31 110
31 112
31 113
31 116
31 121
31 126
32 8
32 9
32 46
32 73
32 74
32 97
32 113
33 48
33 53
33 82
33 95
33 105
34 48
34 52
34 53
34 80
34 95
35 34
35 48
35 49
35 52
35 53
35 59
35 80
35 95
35 105
35 126
36 19
36 23
36 28
36 33
36 34
36 35
36 39
36 40
36 42
36 45
36 47
36 48
36 49
36 50
36 52
36 53
36 57
36 59
36 62
36 80
36 82
36 85
36 91
36 95
36 104
36 105
36 107
36 110
36 113
36 115
36 116
36 117
36 121
36 126
37 26
37 38
37 52
37 62
37 63
37 75
37 78
37 85
37 89
37 96
37 103
37 112
39 23
39 40
39 45
39 48
39 53
39 82
39 104
39 105
39 113
39 121
40 23
40 45
40 82
40 104
40 105
40 113
40 121
41 0
41 4
41 6
41 29
41 64
41 77
41 79
41 125
42 19
42 23
42 33
42 34
42 45
42 48
42 49
42 50
42 52
42 53
42 59
42 80
42 82
42 95
42 104
42 105
42 121
42 126
43 8
43 9
43 23
43 32
43 45
43 46
43 73
43 74
43 76
43 82
43 97
43 102
43 104
43 108
43 113
43 120
43 121
44 26
44 38
44 52
44 62
44 63
44 75
44 78
44 85
44 89
44 96
44 103
44 112
45 121
46 8
47 19
47 23
47 33
47 45
47 48
47 50
47 53
47 80
47 82
47 95
47 104
47 105
47 113
47 121
49 48
49 52
49 80
50 33
50 45
50 48
50 53
50 80
50 82
50 95
50 105
50 121
51 0
51 3
51 6
53 48
54 8
54 9
54 46
54 60
54 67
54 102
55 0
55 3
55 4
55 6
55 8
55 9
55 21
55 46
55 51
55 60
55 67
56 8
56 9
56 12
56 23
56 32
56 46
56 54
56 60
56 67
56 73
56 74
56 76
56 97
56 102
56 113
57 19
57 23
57 33
57 45
57 47
57 48
57 50
57 53
57 80
57 82
57 95
57 104
57 105
57 113
57 121
58 6
58 7
58 8
58 9
58 12
58 13
58 23
58 27
58 32
58 40
58 43
58 45
58 46
58 54
58 56
58 60
58 67
58 73
58 74
58 76
58 82
58 84
58 92
58 97
58 101
58 102
58 104
58 105
58 108
58 113
58 120
58 121
58 123
59 34
59 48
59 49
59 52
59 53
59 80
59 95
59 105
60 8
60 9
60 46
61 26
61 33
61 34
61 35
61 37
61 38
61 44
61 45
61 48
61 49
61 50
61 52
61 53
61 59
61 62
61 63
61 75
61 78
61 80
61 82
61 85
61 87
61 89
61 91
61 95
61 96
61 103
61 105
61 106
61 107
61 110
61 112
61 116
61 121
61 122
61 126
63 26
63 38
63 52
63 62
63 75
63 78
63 85
63 89
63 96
63 103
63 112
64 0
64 4
64 6
64 29
64 77
64 79
64 125
65 0
65 4
65 29
65 77
65 79
65 125
66 8
66 9
66 13
66 23
66 40
66 45
66 46
66 73
66 74
66 82
66 97
66 104
66 105
66 113
66 120
66 121
67 8
67 9
67 46
68 0
68 3
68 4
68 6
68 29
68 41
68 64
68 65
68 77
68 79
68 125
69 0
69 3
69 4
69 6
69 8
69 9
69 51
70 19
70 23
70 33
70 34
70 35
70 38
70 45
70 48
70 49
70 50
70 52
70 53
70 59
70 62
70 75
70 78
70 80
70 82
70 85
70 87
70 89
70 91
70 95
70 96
70 103
70 105
70 106
70 107
70 110
70 112
70 116
70 121
70 126
71 19
71 23
71 30
71 33
71 34
71 35
71 40
71 42
71 45
71 47
71 48
71 49
71 50
71 52
71 53
71 57
71 59
71 62
71 80
71 82
71 85
71 91
71 95
71 104
71 105
71 106
71 107
71 110
71 113
71 116
71 117
71 121
71 126
72 0
72 81
73 8
73 46
73 74
73 113
74 8
75 38
75 103
76 8
76 9
76 46
76 74
76 102
77 0
77 4
78 38
78 103
79 0
79 4
79 29
81 0
83 8
83 19
83 23
83 28
83 33
83 34
83 35
83 39
83 40
83 42
83 45
83 47
83 48
83 49
83 50
83 52
83 53
83 57
83 59
83 62
83 74
83 80
83 82
83 91
83 95
83 104
83 105
83 107
83 110
83 113
83 115
83 116
83 117
83 121
83 126
84 8
84 9
84 12
84 23
84 32
84 46
84 67
84 73
84 74
84 76
84 97
84 102
84 113
86 0
86 29
87 33
87 34
87 35
87 48
87 49
87 52
87 53
87 59
87 62
87 80
87 82
87 85
87 91
87 95
87 103
87 105
87 106
87 107
87 116
87 126
88 8
88 9
88 13
88 23
88 27
88 32
88 40
88 45
88 46
88 48
88 53
88 66
88 73
88 74
88 76
88 82
88 93
88 97
88 102
88 104
88 105
88 108
88 113
88 120
88 121
89 38
90 6
90 7
90 8
90 9
90 12
90 13
90 23
90 27
90 32
90 40
90 43
90 45
90 46
90 54
90 56
90 60
90 67
90 73
90 74
90 76
90 82
90 84
90 92
90 93
90 97
90 101
90 102
90 104
90 105
90 108
90 113
90 114
90 120
90 121
90 123
91 33
91 34
91 35
91 48
91 49
91 52
91 53
91 59
91 80
91 82
91 95
91 105
91 126
92 8
92 9
92 12
92 23
92 32
92 43
92 45
92 46
92 67
92 73
92 74
92 76
92 82
92 84
92 97
92 101
92 102
92 104
92 105
92 108
92 113
92 120
92 121
92 123
93 8
93 9
93 13
93 23
93 27
93 32
93 40
93 45
93 46
93 73
93 74
93 76
93 82
93 97
93 102
93 104
93 105
93 108
93 113
93 120
93 121
94 8
94 19
94 23
94 28
94 30
94 31
94 33
94 34
94 35
94 36
94 38
94 39
94 40
94 42
94 45
94 47
94 48
94 49
94 50
94 52
94 53
94 57
94 59
94 62
94 71
94 74
94 75
94 78
94 80
94 82
94 85
94 87
94 91
94 95
94 103
94 104
94 105
94 106
94 107
94 110
94 112
94 113
94 115
94 116
94 117
94 121
94 126
95 48
95 53
96 38
96 52
96 62
96 75
96 78
96 85
96 89
96 103
96 112
97 8
97 9
97 46
97 74
97 113
98 0
98 3
98 4
98 6
98 8
98 9
98 21
98 29
98 46
98 51
98 55
98 60
98 67
98 69
98 77
99 8
99 9
99 13
99 19
99 20
99 23
99 27
99 28
99 30
99 32
99 33
99 34
99 35
99 36
99 39
99 40
99 42
99 45
99 46
99 47
99 48
99 49
99 50
99 52
99 53
99 57
99 59
99 62
99 66
99 71
99 73
99 74
99 80
99 82
99 83
99 85
99 91
99 95
99 97
99 104
99 105
99 106
99 107
99 110
99 113
99 115
99 116
99 117
99 120
99 121
99 126
100 0
100 3
100 4
100 6
100 29
100 51
100 77
100 125
101 8
101 9
101 12
101 23
101 32
101 46
101 67
101 73
101 74
101 76
101 97
101 102
101 104
101 108
101 113
101 121
102 8
102 9
102 46
104 23
104 121
106 34
106 48
106 49
106 52
106 53
106 62
106 80
106 85
106 95
106 107
106 116
106 126
107 52
107 62
107 80
107 116
108 8
108 9
108 23
108 32
108 46
108 73
108 74
108 76
108 97
108 102
108 113
108 121
109 8
109 9
109 10
109 13
109 19
109 23
109 27
109 28
109 32
109 33
109 34
109 39
109 40
109 45
109 46
109 47
109 48
109 49
109 50
109 52
109 53
109 57
109 59
109 66
109 73
109 74
109 80
109 82
109 95
109 97
109 104
109 105
109 113
109 117
109 120
109 121
110 33
110 34
110 35
110 45
110 48
110 49
110 50
110 52
110 53
110 59
110 80
110 82
110 91
110 95
110 105
110 121
110 126
111 0
111 29
112 38
112 75
112 85
112 103
114 7
114 8
114 9
114 13
114 23
114 27
114 32
114 40
114 43
114 45
114 46
114 73
114 74
114 76
114 82
114 93
114 97
114 102
114 104
114 105
114 108
114 113
114 120
114 121
115 19
115 23
115 33
115 34
115 35
115 39
115 40
115 42
115 45
115 47
115 48
115 49
115 50
115 52
115 53
115 57
115 59
115 62
115 80
115 82
115 91
115 95
115 104
115 105
115 107
115 110
115 113
115 116
115 117
115 121
115 126
116 52
116 62
116 80
117 19
117 23
117 33
117 45
117 47
117 48
117 50
117 53
117 57
117 80
117 82
117 95
117 104
117 105
117 113
117 121
118 0
118 6
118 8
118 9
118 46
118 54
118 60
118 67
118 102
119 0
119 3
119 4
119 6
119 8
119 9
119 21
119 29
119 41
119 46
119 51
119 60
119 64
119 65
119 68
119 69
119 77
119 79
119 100
119 125
120 8
120 9
120 23
120 46
120 73
120 74
120 97
120 104
120 113
120 121
122 26
122 33
122 34
122 35
122 38
122 45
122 48
122 49
122 52
122 53
122 59
122 62
122 63
122 75
122 78
122 80
122 82
122 85
122 87
122 89
122 91
122 95
122 96
122 103
122 105
122 106
122 107
122 112
122 116
122 121
122 126
123 8
123 9
123 23
123 32
123 45
123 46
123 73
123 74
123 76
123 97
123 102
123 104
123 108
123 113
123 120
123 121
124 7
124 8
124 9
124 13
124 23
124 27
124 32
124 40
124 43
124 45
124 46
124 48
124 53
124 66
124 73
124 74
124 76
124 82
124 88
124 93
124 97
124 102
124 104
124 105
124 108
124 113
124 114
124 120
124 121
125 0
125 4
125 29
125 77
126 34
126 48
126 49
126 52
126 53
126 80
126 95
