90 161
0 1 29 63
0 10 38 74
1 2 69 21
1 11 21 77
2 3 88 37
2 12 32 66
3 4 80 28
3 13 1 92
4 5 43 52
4 14 25 72
5 6 96 18
5 15 2 78
6 7 89 44
6 16 73 28
7 8 23 54
7 17 77 33
8 9 6 90
8 18 25 78
9 19 93 7
10 11 98 30
10 20 38 65
11 12 59 60
11 21 60 26
12 13 51 50
12 22 88 31
13 14 42 40
13 23 43 73
14 15 16 65
14 24 88 7
15 16 70 18
15 25 20 85
16 17 65 23
16 26 46 65
17 18 31 66
17 27 41 52
18 19 66 25
18 28 37 65
19 29 34 66
20 21 59 48
20 30 56 44
21 22 51 43
21 31 38 53
22 23 22 78
22 32 92 13
23 24 21 59
23 33 33 73
24 25 7 67
24 34 48 45
25 26 82 30
25 35 3 86
26 27 10 76
26 36 41 46
27 28 56 42
27 37 15 64
28 29 71 20
28 38 12 72
29 39 80 43
30 31 19 77
30 40 44 34
31 32 45 52
31 41 91 13
32 33 2 89
32 42 45 37
33 34 67 22
33 43 98 17
34 35 81 47
34 44 82 19
35 36 39 40
35 45 85 12
36 37 80 49
36 46 81 28
37 38 40 41
37 47 94 40
38 39 67 43
38 48 51 53
39 49 67 32
40 41 49 43
40 50 5 85
41 42 84 30
41 51 66 37
42 43 58 46
42 52 67 37
43 44 37 67
43 53 23 53
44 45 41 40
44 54 62 29
45 46 98 13
45 55 30 51
46 47 77 24
46 56 83 35
47 48 95 5
47 57 3 95
48 49 9 90
48 58 61 52
49 59 24 53
50 51 97 13
50 60 61 57
51 52 98 19
51 61 48 45
52 53 96 18
52 62 22 53
53 54 9 59
53 63 96 16
54 55 78 32
54 64 22 63
55 56 79 13
55 65 18 83
56 57 87 11
56 66 94 10
57 58 22 72
57 67 38 38
58 59 99 8
58 68 74 28
59 69 1 93
60 61 3 71
60 70 21 85
61 62 17 67
61 71 89 20
62 63 69 19
62 72 32 49
63 64 63 50
63 73 56 38
64 65 15 65
64 74 49 69
65 66 20 49
65 75 52 60
66 67 42 44
66 76 50 55
67 68 77 33
67 77 70 18
68 69 25 58
68 78 66 27
69 79 3 63
70 71 31 76
70 80 30 80
71 72 20 73
71 81 81 46
72 73 32 56
72 82 61 48
73 74 63 56
73 83 59 28
74 75 89 18
74 84 51 45
75 76 21 58
75 85 1 61
76 77 93 41
76 86 20 61
77 78 97 16
77 87 16 50
78 79 44 60
78 88 15 70
79 89 91 32
80 81 30 76
81 82 45 60
82 83 88 18
83 84 79 20
84 85 69 49
85 86 2 96
86 87 28 45
87 88 24 55
88 89 61 30
0 1
0 5
0 20
0 26
0 32
0 33
0 36
0 37
0 45
0 82
0 123
0 133
0 134
0 152
2 4
2 6
2 12
2 13
2 15
2 19
2 24
2 48
2 56
2 65
2 69
2 70
2 72
2 78
2 88
2 89
2 103
2 112
2 128
2 136
2 145
2 151
2 156
3 17
3 42
3 115
3 134
4 12
4 72
4 145
5 1
5 26
5 37
5 45
5 82
5 123
6 4
6 12
6 19
6 24
6 48
6 56
6 65
6 69
6 70
6 72
6 78
6 89
6 136
6 145
6 151
7 91
7 113
7 157
8 21
8 26
8 32
8 59
8 74
8 93
8 96
8 123
8 125
8 127
8 139
8 149
8 153
9 1
9 17
9 26
9 45
9 133
9 134
9 152
10 19
10 97
11 16
11 17
11 30
11 42
11 49
11 61
11 77
11 91
11 92
11 106
11 115
11 134
11 157
13 4
13 6
13 12
13 15
13 19
13 24
13 48
13 56
13 65
13 69
13 70
13 72
13 78
13 89
13 103
13 112
13 128
13 136
13 145
13 151
14 0
14 1
14 5
14 9
14 17
14 20
14 21
14 26
14 32
14 33
14 36
14 37
14 45
14 82
14 96
14 123
14 125
14 127
14 130
14 133
14 134
14 137
14 139
14 149
14 152
14 153
14 159
15 4
15 12
15 56
15 65
15 69
15 72
15 89
15 136
15 145
16 92
17 134
18 10
18 19
18 64
18 72
18 86
18 95
18 97
18 99
18 102
18 108
18 111
18 145
18 147
20 1
20 26
20 32
20 123
22 4
22 6
22 12
22 13
22 15
22 19
22 24
22 48
22 56
22 65
22 69
22 70
22 72
22 73
22 75
22 78
22 79
22 81
22 85
22 89
22 93
22 96
22 103
22 112
22 120
22 128
22 131
22 136
22 138
22 139
22 145
22 151
22 156
22 160
23 21
23 74
23 93
23 96
23 120
23 125
23 139
24 4
24 12
24 72
24 145
24 151
25 8
25 12
25 21
25 23
25 26
25 32
25 38
25 39
25 40
25 47
25 52
25 56
25 59
25 65
25 69
25 72
25 73
25 74
25 76
25 80
25 93
25 96
25 98
25 120
25 123
25 125
25 126
25 127
25 136
25 138
25 139
25 142
25 145
25 149
25 153
25 156
27 1
27 3
27 5
27 9
27 17
27 20
27 26
27 30
27 32
27 33
27 36
27 37
27 42
27 45
27 57
27 82
27 106
27 109
27 115
27 116
27 123
27 133
27 134
27 135
27 152
28 4
28 10
28 12
28 18
28 19
28 24
28 43
28 60
28 64
28 72
28 86
28 95
28 97
28 99
28 102
28 108
28 111
28 117
28 141
28 145
28 147
28 151
28 154
29 4
29 6
29 10
29 12
29 13
29 15
29 19
29 24
29 48
29 54
29 56
29 65
29 66
29 69
29 70
29 72
29 78
29 88
29 89
29 97
29 99
29 103
29 112
29 117
29 128
29 136
29 141
29 145
29 151
29 154
29 155
30 115
31 4
31 6
31 12
31 13
31 15
31 19
31 24
31 35
31 48
31 56
31 65
31 69
31 70
31 72
31 73
31 75
31 78
31 79
31 81
31 88
31 89
31 103
31 112
31 128
31 131
31 136
31 145
31 151
31 156
32 123
33 1
33 5
33 26
33 37
33 45
33 82
33 123
33 133
34 8
34 21
34 26
34 32
34 59
34 74
34 93
34 96
34 123
34 125
34 127
34 139
34 149
34 153
35 4
35 6
35 12
35 13
35 15
35 19
35 24
35 48
35 56
35 65
35 69
35 70
35 72
35 73
35 75
35 78
35 79
35 81
35 89
35 103
35 112
35 128
35 131
35 136
35 145
35 151
35 156
36 1
36 20
36 26
36 32
36 82
36 123
37 1
37 26
37 82
37 123
38 21
38 69
38 93
38 96
38 120
38 138
38 139
38 156
39 12
39 21
39 38
39 65
39 69
39 80
39 93
39 96
39 120
39 136
39 138
39 139
39 156
40 12
40 21
40 23
40 38
40 39
40 56
40 65
40 69
40 73
40 74
40 80
40 93
40 96
40 120
40 125
40 136
40 138
40 139
40 142
40 156
41 1
41 20
41 21
41 26
41 32
41 74
41 96
41 123
41 125
41 127
41 139
41 149
41 153
42 17
42 134
43 10
43 19
43 64
43 72
43 86
43 95
43 97
43 99
43 102
43 145
43 147
44 0
44 1
44 3
44 5
44 9
44 17
44 20
44 21
44 26
44 32
44 33
44 36
44 37
44 42
44 45
44 82
44 104
44 109
44 115
44 123
44 125
44 133
44 134
44 149
44 152
44 153
45 1
45 26
46 1
46 3
46 9
46 17
46 26
46 30
46 42
46 45
46 50
46 55
46 57
46 82
46 92
46 106
46 109
46 115
46 116
46 123
46 133
46 134
46 135
46 150
46 152
47 21
47 23
47 38
47 65
47 69
47 74
47 80
47 93
47 96
47 120
47 123
47 125
47 127
47 136
47 138
47 139
47 142
47 156
48 4
48 12
48 19
48 24
48 72
48 78
48 89
48 145
48 151
49 16
49 91
49 92
50 3
50 17
50 30
50 42
50 57
50 106
50 115
50 133
50 134
50 152
51 8
51 21
51 23
51 26
51 32
51 34
51 38
51 59
51 65
51 69
51 74
51 80
51 93
51 96
51 120
51 123
51 125
51 127
51 136
51 138
51 139
51 149
51 153
51 156
52 12
52 21
52 38
52 39
52 56
52 65
52 69
52 73
52 80
52 93
52 96
52 120
52 136
52 138
52 139
52 156
53 1
53 3
53 5
53 9
53 17
53 20
53 26
53 27
53 30
53 32
53 33
53 36
53 37
53 42
53 45
53 57
53 82
53 106
53 109
53 115
53 116
53 122
53 123
53 133
53 134
53 135
53 150
53 152
54 4
54 6
54 12
54 13
54 15
54 19
54 24
54 48
54 56
54 65
54 69
54 70
54 72
54 78
54 88
54 89
54 103
54 112
54 117
54 128
54 136
54 145
54 151
54 155
55 1
55 3
55 9
55 17
55 26
55 30
55 42
55 45
55 57
55 106
55 109
55 115
55 133
55 134
55 135
55 152
56 12
56 65
56 69
56 136
57 3
57 17
57 30
57 42
57 115
57 134
58 4
58 12
58 21
58 23
58 32
58 38
58 39
58 40
58 47
58 52
58 56
58 59
58 62
58 65
58 69
58 72
58 73
58 74
58 76
58 79
58 80
58 81
58 89
58 93
58 96
58 98
58 120
58 121
58 123
58 125
58 127
58 136
58 138
58 139
58 142
58 145
58 149
58 153
58 156
59 21
59 32
59 74
59 93
59 96
59 123
59 125
59 127
59 139
59 153
60 10
60 19
60 43
60 64
60 72
60 86
60 95
60 97
60 99
60 102
60 145
60 147
60 151
61 16
61 91
61 92
61 157
62 4
62 12
62 21
62 23
62 32
62 38
62 39
62 40
62 47
62 52
62 56
62 59
62 65
62 69
62 72
62 73
62 74
62 76
62 79
62 80
62 81
62 93
62 96
62 98
62 120
62 121
62 123
62 125
62 127
62 136
62 138
62 139
62 142
62 145
62 153
62 156
63 4
63 6
63 12
63 13
63 15
63 19
63 24
63 48
63 56
63 65
63 69
63 70
63 72
63 73
63 75
63 78
63 81
63 88
63 89
63 103
63 112
63 128
63 136
63 145
63 151
63 156
64 19
64 97
66 4
66 12
66 19
66 24
66 48
66 72
66 78
66 89
66 97
66 117
66 145
66 151
67 8
67 12
67 21
67 23
67 25
67 26
67 32
67 34
67 38
67 39
67 40
67 47
67 51
67 52
67 56
67 59
67 65
67 69
67 71
67 72
67 73
67 74
67 76
67 80
67 84
67 93
67 96
67 98
67 120
67 123
67 125
67 126
67 127
67 136
67 138
67 139
67 142
67 145
67 149
67 153
67 156
68 4
68 10
68 12
68 19
68 24
68 43
68 60
68 64
68 72
68 86
68 95
68 97
68 99
68 102
68 117
68 141
68 145
68 147
68 151
68 154
70 4
70 12
70 19
70 24
70 48
70 65
70 72
70 78
70 89
70 136
70 145
70 151
71 8
71 12
71 21
71 23
71 26
71 32
71 34
71 38
71 39
71 40
71 47
71 51
71 52
71 56
71 59
71 65
71 69
71 73
71 74
71 76
71 80
71 93
71 96
71 98
71 120
71 123
71 125
71 126
71 127
71 136
71 138
71 139
71 142
71 145
71 149
71 153
71 156
73 12
73 56
73 65
73 69
73 136
73 156
74 21
74 96
74 125
74 139
75 4
75 12
75 15
75 56
75 65
75 69
75 72
75 73
75 81
75 89
75 103
75 128
75 136
75 145
75 151
75 156
76 12
76 21
76 23
76 38
76 39
76 40
76 56
76 65
76 69
76 73
76 74
76 80
76 93
76 96
76 120
76 123
76 125
76 127
76 136
76 138
76 139
76 142
76 156
77 16
77 30
77 92
77 115
78 4
78 12
78 19
78 24
78 72
78 145
78 151
79 4
79 12
79 56
79 65
79 69
79 72
79 73
79 81
79 136
79 145
79 156
80 21
80 38
80 65
80 69
80 93
80 96
80 120
80 136
80 138
80 139
80 156
81 4
81 12
81 56
81 65
81 69
81 72
81 73
81 136
81 145
81 156
82 1
82 26
82 123
83 0
83 1
83 5
83 9
83 14
83 17
83 20
83 21
83 26
83 32
83 33
83 36
83 37
83 41
83 45
83 74
83 82
83 94
83 96
83 123
83 125
83 127
83 130
83 133
83 134
83 137
83 139
83 149
83 152
83 153
83 159
84 8
84 12
84 21
84 23
84 25
84 26
84 32
84 34
84 38
84 39
84 40
84 47
84 51
84 52
84 56
84 59
84 65
84 69
84 72
84 73
84 74
84 76
84 80
84 93
84 96
84 98
84 120
84 123
84 125
84 126
84 127
84 136
84 138
84 139
84 142
84 145
84 149
84 153
84 156
85 4
85 12
85 15
85 19
85 24
85 48
85 56
85 65
85 69
85 72
85 73
85 75
85 78
85 79
85 81
85 89
85 103
85 120
85 128
85 136
85 139
85 145
85 151
85 156
86 19
86 64
86 97
87 1
87 5
87 8
87 20
87 21
87 26
87 32
87 33
87 34
87 36
87 37
87 41
87 45
87 59
87 74
87 82
87 93
87 96
87 123
87 125
87 127
87 133
87 134
87 137
87 139
87 149
87 152
87 153
88 4
88 6
88 12
88 15
88 19
88 24
88 48
88 56
88 65
88 69
88 70
88 72
88 78
88 89
88 103
88 128
88 136
88 145
88 151
89 4
89 12
89 72
89 145
90 10
90 19
90 64
90 86
90 95
90 97
90 99
90 102
90 111
90 147
93 96
93 139
94 0
94 1
94 5
94 9
94 17
94 20
94 21
94 26
94 32
94 33
94 36
94 37
94 41
94 45
94 74
94 82
94 96
94 123
94 125
94 127
94 130
94 133
94 134
94 137
94 139
94 149
94 152
94 153
94 159
95 19
95 64
95 86
95 97
95 147
97 19
98 21
98 23
98 38
98 65
98 69
98 74
98 80
98 93
98 96
98 120
98 123
98 125
98 127
98 136
98 138
98 139
98 142
98 156
99 19
99 97
100 0
100 1
100 5
100 9
100 14
100 17
100 20
100 21
100 26
100 32
100 33
100 36
100 37
100 41
100 42
100 45
100 74
100 82
100 83
100 94
100 96
100 104
100 109
100 123
100 125
100 127
100 130
100 133
100 134
100 137
100 139
100 149
100 152
100 153
100 159
101 0
101 1
101 3
101 5
101 9
101 17
101 20
101 21
101 26
101 27
101 30
101 32
101 33
101 36
101 37
101 42
101 44
101 45
101 50
101 53
101 55
101 57
101 82
101 92
101 104
101 106
101 109
101 115
101 116
101 122
101 123
101 125
101 133
101 134
101 135
101 146
101 149
101 150
101 152
101 153
102 10
102 19
102 64
102 97
102 99
102 147
103 4
103 12
103 56
103 65
103 69
103 72
103 89
103 136
103 145
103 151
104 0
104 1
104 5
104 9
104 17
104 20
104 26
104 32
104 33
104 36
104 37
104 42
104 45
104 82
104 109
104 123
104 133
104 134
104 152
105 4
105 6
105 10
105 12
105 19
105 24
105 43
105 48
105 56
105 60
105 64
105 65
105 66
105 69
105 70
105 72
105 78
105 86
105 89
105 95
105 97
105 99
105 102
105 117
105 136
105 141
105 145
105 147
105 151
105 154
105 155
106 30
106 115
107 4
107 10
107 12
107 19
107 24
107 43
107 60
107 64
107 72
107 86
107 95
107 97
107 99
107 102
107 117
107 141
107 145
107 147
107 151
107 154
108 10
108 19
108 64
108 72
108 86
108 95
108 97
108 99
108 102
108 147
109 1
109 9
109 17
109 26
109 42
109 45
109 133
109 134
109 152
110 1
110 8
110 12
110 20
110 21
110 23
110 25
110 26
110 32
110 34
110 38
110 39
110 40
110 41
110 47
110 51
110 52
110 56
110 59
110 65
110 67
110 69
110 71
110 72
110 73
110 74
110 76
110 80
110 84
110 93
110 96
110 98
110 120
110 121
110 123
110 125
110 126
110 127
110 136
110 138
110 139
110 142
110 145
110 149
110 153
110 156
112 4
112 6
112 12
112 15
112 19
112 24
112 48
112 56
112 65
112 69
112 70
112 72
112 78
112 89
112 103
112 128
112 136
112 145
112 151
113 91
113 157
114 1
114 3
114 9
114 16
114 17
114 26
114 30
114 42
114 45
114 49
114 50
114 55
114 57
114 77
114 91
114 92
114 106
114 109
114 115
114 133
114 134
114 135
114 152
116 1
116 3
116 9
116 17
116 26
116 30
116 42
116 45
116 57
116 82
116 106
116 109
116 115
116 123
116 133
116 134
116 135
116 152
117 12
117 19
117 72
117 145
117 151
118 2
118 4
118 6
118 12
118 13
118 15
118 19
118 24
118 48
118 54
118 56
118 65
118 66
118 69
118 70
118 72
118 78
118 88
118 89
118 97
118 103
118 112
118 117
118 128
118 136
118 145
118 151
118 155
118 156
119 1
119 5
119 8
119 20
119 21
119 23
119 26
119 32
119 34
119 36
119 37
119 41
119 45
119 59
119 69
119 74
119 82
119 93
119 96
119 120
119 123
119 125
119 127
119 137
119 139
119 149
119 153
119 156
120 139
121 12
121 21
121 38
121 39
121 52
121 56
121 65
121 69
121 72
121 73
121 80
121 93
121 96
121 120
121 136
121 138
121 139
121 145
121 156
122 1
122 3
122 5
122 9
122 17
122 20
122 26
122 27
122 30
122 32
122 33
122 36
122 37
122 42
122 45
122 57
122 82
122 106
122 109
122 115
122 116
122 123
122 133
122 134
122 135
122 150
122 152
124 0
124 1
124 3
124 5
124 8
124 9
124 14
124 17
124 20
124 21
124 23
124 26
124 30
124 32
124 33
124 34
124 36
124 37
124 41
124 42
124 44
124 45
124 59
124 69
124 74
124 82
124 83
124 87
124 93
124 94
124 96
124 100
124 104
124 109
124 115
124 119
124 120
124 123
124 125
124 127
124 130
124 133
124 134
124 135
124 137
124 139
124 143
124 146
124 149
124 152
124 153
124 156
124 159
125 21
126 8
126 12
126 21
126 23
126 26
126 32
126 38
126 39
126 47
126 59
126 65
126 69
126 74
126 80
126 93
126 96
126 98
126 120
126 123
126 125
126 127
126 136
126 138
126 139
126 142
126 149
126 153
126 156
127 21
127 96
127 125
127 139
128 4
128 12
128 56
128 65
128 69
128 72
128 89
128 136
128 145
129 4
129 6
129 10
129 12
129 13
129 15
129 19
129 24
129 48
129 54
129 56
129 65
129 66
129 69
129 70
129 72
129 78
129 88
129 89
129 97
129 99
129 103
129 112
129 117
129 128
129 136
129 141
129 145
129 151
129 154
129 155
130 0
130 1
130 5
130 9
130 17
130 20
130 21
130 26
130 32
130 33
130 36
130 37
130 45
130 82
130 123
130 125
130 133
130 134
130 149
130 152
130 153
131 4
131 6
131 12
131 13
131 15
131 19
131 24
131 48
131 56
131 65
131 69
131 70
131 72
131 73
131 75
131 78
131 79
131 81
131 89
131 103
131 112
131 128
131 136
131 145
131 151
131 156
132 0
132 1
132 3
132 5
132 9
132 16
132 17
132 20
132 26
132 27
132 30
132 32
132 33
132 36
132 37
132 42
132 45
132 46
132 49
132 50
132 53
132 55
132 57
132 77
132 82
132 91
132 92
132 104
132 106
132 109
132 114
132 115
132 116
132 122
132 123
132 133
132 134
132 135
132 150
132 152
135 1
135 3
135 17
135 26
135 30
135 42
135 45
135 115
135 133
135 134
135 152
136 65
137 1
137 5
137 20
137 21
137 26
137 32
137 36
137 37
137 45
137 82
137 96
137 123
137 125
137 139
137 149
137 153
138 69
138 93
138 96
138 120
138 139
138 156
140 4
140 6
140 12
140 13
140 15
140 19
140 21
140 24
140 38
140 48
140 56
140 65
140 69
140 70
140 72
140 73
140 75
140 78
140 79
140 81
140 85
140 89
140 93
140 96
140 103
140 112
140 120
140 128
140 136
140 138
140 139
140 145
140 151
140 156
140 160
141 10
141 12
141 19
141 72
141 97
141 99
141 117
141 145
141 151
142 21
142 23
142 38
142 65
142 69
142 74
142 80
142 93
142 96
142 120
142 125
142 136
142 138
142 139
142 156
143 0
143 1
143 3
143 5
143 9
143 17
143 20
143 21
143 26
143 32
143 33
143 36
143 37
143 42
143 44
143 45
143 82
143 104
143 109
143 115
143 123
143 125
143 130
143 133
143 134
143 149
143 152
143 153
144 0
144 1
144 3
144 5
144 7
144 9
144 11
144 16
144 17
144 20
144 26
144 27
144 30
144 32
144 33
144 36
144 37
144 42
144 45
144 46
144 49
144 50
144 53
144 55
144 57
144 61
144 77
144 82
144 91
144 92
144 104
144 106
144 109
144 113
144 114
144 115
144 116
144 122
144 123
144 132
144 133
144 134
144 135
144 146
144 150
144 152
144 157
146 0
146 1
146 3
146 5
146 9
146 17
146 20
146 26
146 30
146 32
146 33
146 36
146 37
146 42
146 45
146 82
146 104
146 109
146 115
146 123
146 133
146 134
146 135
146 152
147 19
147 64
147 97
148 0
148 1
148 3
148 5
148 8
148 9
148 14
148 17
148 20
148 21
148 23
148 26
148 27
148 30
148 32
148 33
148 34
148 36
148 37
148 41
148 42
148 44
148 45
148 57
148 59
148 74
148 82
148 83
148 87
148 93
148 94
148 96
148 100
148 104
148 106
148 109
148 115
148 116
148 120
148 123
148 125
148 127
148 130
148 133
148 134
148 135
148 137
148 139
148 143
148 146
148 149
148 152
148 153
148 159
149 21
149 32
149 123
149 125
149 153
150 1
150 3
150 9
150 17
150 26
150 30
150 42
150 45
150 57
150 106
150 109
150 115
150 133
150 134
150 135
150 152
151 72
151 145
152 133
152 134
153 21
153 32
153 123
153 125
154 4
154 10
154 12
154 19
154 24
154 72
154 97
154 99
154 117
154 141
154 145
154 151
155 4
155 6
155 12
155 19
155 24
155 48
155 56
155 65
155 69
155 70
155 72
155 78
155 89
155 117
155 136
155 145
155 151
156 69
158 0
158 1
158 5
158 8
158 20
158 21
158 23
158 26
158 32
158 33
158 34
158 36
158 37
158 38
158 41
158 45
158 47
158 51
158 59
158 65
158 69
158 74
158 80
158 82
158 87
158 93
158 96
158 98
158 119
158 120
158 123
158 125
158 127
158 133
158 134
158 136
158 137
158 138
158 139
158 142
158 149
158 152
158 153
158 156
159 0
159 1
159 5
159 9
159 17
159 20
159 21
159 26
159 32
159 33
159 36
159 37
159 45
159 82
159 96
159 123
159 125
159 127
159 130
159 133
159 134
159 137
159 139
159 149
159 152
159 153
160 4
160 12
160 15
160 19
160 24
160 48
160 56
160 65
160 69
160 72
160 73
160 75
160 78
160 79
160 81
160 89
160 93
160 96
160 103
160 120
160 128
160 136
160 138
160 139
160 145
160 151
160 156
