93 152
0 1 80 35
0 31 12 90
1 2 71 17
1 32 30 64
2 3 69 58
2 33 3 80
3 4 14 75
3 34 64 56
4 5 53 58
4 35 11 74
5 6 76 49
5 36 94 36
6 7 86 25
6 37 84 41
7 8 98 17
7 38 95 14
8 9 9 68
8 39 30 75
9 10 7 77
9 40 60 62
10 11 70 26
10 41 49 55
11 12 14 86
11 42 25 54
12 13 88 7
12 43 6 67
13 14 45 54
13 44 72 29
14 15 39 59
14 45 52 50
15 16 46 68
15 46 2 69
16 17 31 41
16 47 6 69
17 18 57 58
17 48 54 66
18 19 98 27
18 49 6 77
19 20 42 37
19 50 59 48
20 21 69 32
20 51 49 67
21 22 94 11
21 52 90 13
22 23 23 75
22 53 89 18
23 24 85 12
23 54 21 48
24 25 27 71
24 55 10 64
25 26 31 79
25 56 60 52
26 27 47 46
26 57 7 72
27 28 66 52
27 58 13 84
28 29 52 61
28 59 31 75
29 30 21 70
29 60 62 36
30 61 6 75
31 32 98 14
31 62 41 66
32 33 67 53
32 63 82 31
33 34 44 59
33 64 8 83
34 35 72 51
34 65 42 46
35 36 62 40
35 66 89 28
36 37 95 7
36 67 29 79
37 38 84 29
37 68 53 65
38 39 58 27
38 69 89 34
39 40 31 65
39 70 7 70
40 41 44 71
40 71 52 61
41 42 63 34
41 72 38 47
42 43 23 59
42 73 27 81
43 44 16 69
43 74 4 80
44 45 43 52
44 75 65 48
45 46 90 19
45 76 83 26
46 47 48 31
46 77 85 29
47 48 34 78
47 78 64 49
48 49 57 35
48 79 57 53
49 50 74 21
49 80 80 32
50 51 17 85
50 81 49 52
51 52 65 39
51 82 60 51
52 53 64 22
52 83 61 27
53 54 5 92
53 84 54 30
54 55 97 14
54 85 66 30
55 56 68 49
55 86 48 59
56 57 58 28
56 87 62 41
57 58 0 67
57 88 93 7
58 59 71 49
58 89 50 49
59 60 35 61
59 90 69 39
60 61 18 65
60 91 73 50
61 92 16 49
62 63 97 4
63 64 0 86
64 65 61 33
65 66 44 40
66 67 7 68
67 68 7 77
68 69 19 59
69 70 24 75
70 71 39 57
71 72 13 74
72 73 13 53
73 74 99 7
74 75 34 52
75 76 81 45
76 77 46 38
77 78 83 11
78 79 90 43
79 80 34 58
80 81 83 10
81 82 86 47
82 83 1 78
83 84 90 26
84 85 55 32
85 86 89 9
86 87 64 60
87 88 31 56
88 89 24 51
89 90 14 78
90 91 19 76
91 92 13 84
0 11
0 13
0 135
0 138
0 141
2 0
2 10
2 11
2 12
2 13
2 14
2 27
2 36
2 45
2 64
2 67
2 70
2 73
2 76
2 89
2 90
2 92
2 97
2 98
2 115
2 120
2 135
2 138
2 141
2 143
3 17
3 30
3 35
3 41
3 50
3 57
3 62
3 74
3 77
3 79
3 93
5 1
5 22
5 55
5 66
5 84
5 86
5 99
5 105
5 151
6 17
6 22
6 44
6 50
6 57
6 72
6 84
6 93
6 99
6 129
6 149
6 150
7 4
7 146
8 4
8 19
8 34
8 35
8 74
8 146
9 1
9 6
9 17
9 22
9 44
9 50
9 55
9 57
9 72
9 84
9 93
9 99
9 129
9 131
9 149
9 150
9 151
12 11
12 36
12 70
12 76
12 138
12 141
12 143
13 138
13 141
14 36
15 14
15 36
15 61
15 107
16 1
16 6
16 9
16 17
16 22
16 30
16 44
16 48
16 50
16 55
16 57
16 58
16 72
16 79
16 84
16 85
16 93
16 99
16 129
16 131
16 149
16 150
16 151
17 50
17 57
17 93
18 1
18 22
18 50
18 55
18 66
18 72
18 84
18 93
18 99
18 149
18 151
20 0
20 10
20 11
20 13
20 27
20 36
20 64
20 67
20 70
20 73
20 76
20 90
20 92
20 98
20 115
20 120
20 135
20 138
20 141
20 143
21 4
21 7
21 8
21 19
21 34
21 35
21 41
21 56
21 74
21 80
21 146
23 3
23 4
23 7
23 8
23 17
23 19
23 21
23 26
23 28
23 30
23 34
23 35
23 41
23 48
23 50
23 56
23 57
23 62
23 65
23 72
23 74
23 77
23 79
23 80
23 84
23 93
23 110
23 117
23 130
23 139
23 146
23 147
24 11
24 14
24 15
24 36
24 42
24 43
24 45
24 61
24 70
24 71
24 76
24 89
24 107
24 114
24 133
24 138
24 143
24 145
25 1
25 6
25 9
25 16
25 17
25 18
25 22
25 30
25 33
25 37
25 41
25 44
25 48
25 50
25 53
25 55
25 57
25 58
25 60
25 66
25 72
25 78
25 79
25 84
25 85
25 93
25 99
25 126
25 127
25 129
25 131
25 149
25 150
25 151
26 4
26 7
26 8
26 19
26 21
26 30
26 34
26 35
26 41
26 56
26 74
26 80
26 110
26 146
27 0
27 10
27 11
27 13
27 64
27 67
27 73
27 76
27 92
27 98
27 120
27 135
27 138
27 141
28 19
28 30
28 35
28 41
28 56
28 62
28 65
28 74
28 79
28 80
28 110
28 146
29 4
29 7
29 8
29 19
29 34
29 35
29 51
29 54
29 56
29 63
29 67
29 74
29 80
29 96
29 102
29 120
29 146
31 1
31 5
31 6
31 9
31 17
31 18
31 22
31 33
31 37
31 44
31 48
31 50
31 53
31 55
31 57
31 58
31 60
31 66
31 72
31 78
31 79
31 84
31 85
31 86
31 93
31 99
31 105
31 127
31 129
31 131
31 149
31 150
31 151
32 4
32 7
32 8
32 10
32 13
32 19
32 21
32 26
32 28
32 29
32 30
32 34
32 35
32 39
32 41
32 50
32 51
32 52
32 54
32 56
32 57
32 62
32 63
32 65
32 67
32 68
32 74
32 77
32 79
32 80
32 82
32 87
32 88
32 93
32 94
32 96
32 100
32 102
32 109
32 110
32 112
32 115
32 116
32 117
32 120
32 130
32 134
32 135
32 138
32 139
32 141
32 146
32 147
33 1
33 6
33 9
33 17
33 18
33 22
33 37
33 44
33 48
33 50
33 53
33 55
33 57
33 58
33 60
33 66
33 72
33 78
33 79
33 84
33 85
33 93
33 99
33 127
33 129
33 131
33 149
33 150
33 151
34 4
34 19
34 146
37 1
37 18
37 22
37 50
37 55
37 66
37 72
37 84
37 93
37 99
37 127
37 149
37 151
38 4
38 7
38 8
38 10
38 13
38 19
38 21
38 26
38 29
38 30
38 34
38 35
38 39
38 41
38 51
38 52
38 54
38 56
38 63
38 65
38 67
38 68
38 69
38 74
38 79
38 80
38 87
38 88
38 94
38 96
38 100
38 101
38 102
38 109
38 110
38 112
38 115
38 116
38 118
38 120
38 125
38 135
38 136
38 138
38 141
38 146
39 4
39 7
39 10
39 19
39 51
39 54
39 63
39 67
39 88
39 94
39 102
39 109
39 115
39 120
39 146
40 0
40 4
40 10
40 11
40 13
40 67
40 76
40 98
40 115
40 118
40 120
40 135
40 138
40 141
42 11
42 14
42 15
42 36
42 61
42 107
43 11
43 14
43 15
43 36
43 61
43 89
43 107
43 138
43 143
44 17
44 50
44 57
44 72
44 84
44 93
44 129
45 11
45 36
45 70
45 76
45 89
45 138
45 143
46 11
46 12
46 14
46 15
46 36
46 43
46 45
46 61
46 70
46 76
46 89
46 92
46 107
46 138
46 141
46 143
47 3
47 4
47 7
47 8
47 10
47 17
47 19
47 21
47 23
47 26
47 28
47 29
47 30
47 34
47 35
47 39
47 41
47 44
47 48
47 50
47 51
47 54
47 56
47 57
47 58
47 62
47 63
47 65
47 67
47 72
47 74
47 77
47 79
47 80
47 83
47 84
47 87
47 88
47 93
47 94
47 96
47 100
47 102
47 109
47 110
47 115
47 116
47 117
47 120
47 129
47 130
47 134
47 139
47 146
47 147
47 148
48 17
48 50
48 57
48 72
48 79
48 84
48 93
49 1
49 3
49 6
49 9
49 17
49 22
49 30
49 35
49 41
49 44
49 48
49 50
49 55
49 57
49 58
49 62
49 72
49 74
49 77
49 79
49 84
49 85
49 93
49 99
49 119
49 129
49 131
49 149
49 150
49 151
51 4
51 7
51 19
51 54
51 63
51 146
52 4
52 7
52 8
52 10
52 19
52 21
52 29
52 34
52 35
52 39
52 41
52 51
52 54
52 56
52 63
52 67
52 74
52 80
52 88
52 94
52 96
52 100
52 102
52 109
52 110
52 115
52 116
52 120
52 141
52 146
53 1
53 6
53 9
53 17
53 18
53 22
53 44
53 50
53 55
53 57
53 66
53 72
53 84
53 93
53 99
53 127
53 129
53 131
53 149
53 150
53 151
54 4
54 63
55 22
55 99
56 19
56 35
56 74
57 50
57 93
58 17
58 44
58 48
58 50
58 57
58 72
58 79
58 84
58 93
58 129
59 4
59 7
59 10
59 11
59 13
59 54
59 63
59 67
59 69
59 88
59 94
59 101
59 109
59 112
59 115
59 118
59 120
59 135
59 138
59 141
59 146
60 1
60 6
60 17
60 18
60 22
60 37
60 44
60 50
60 55
60 57
60 66
60 72
60 84
60 93
60 99
60 127
60 129
60 149
60 150
60 151
61 14
61 36
62 30
62 35
62 41
62 79
63 4
64 11
64 13
64 76
64 138
64 141
65 19
65 30
65 35
65 41
65 56
65 74
65 79
65 80
65 110
65 146
66 1
66 22
66 55
66 99
66 151
68 4
68 7
68 8
68 10
68 19
68 21
68 26
68 29
68 30
68 34
68 35
68 39
68 41
68 51
68 52
68 54
68 56
68 63
68 65
68 67
68 74
68 79
68 80
68 87
68 88
68 94
68 96
68 100
68 102
68 109
68 110
68 115
68 116
68 120
68 141
68 146
69 4
69 7
69 10
69 13
69 54
69 63
69 67
69 88
69 94
69 109
69 112
69 115
69 120
69 135
69 138
69 141
69 146
70 11
70 76
70 138
71 14
71 15
71 36
71 61
71 107
71 133
72 50
73 11
73 13
73 76
73 92
73 138
73 141
74 35
75 0
75 4
75 7
75 10
75 11
75 13
75 19
75 27
75 36
75 39
75 40
75 51
75 54
75 59
75 63
75 64
75 67
75 69
75 70
75 73
75 76
75 81
75 88
75 92
75 94
75 98
75 101
75 102
75 104
75 108
75 109
75 111
75 112
75 115
75 118
75 120
75 124
75 135
75 138
75 141
75 146
76 11
76 138
77 30
77 35
77 41
77 50
77 57
77 62
77 74
77 79
77 93
78 1
78 6
78 9
78 17
78 18
78 22
78 44
78 48
78 50
78 53
78 55
78 57
78 58
78 66
78 72
78 79
78 84
78 93
78 99
78 127
78 129
78 131
78 149
78 150
78 151
80 19
80 35
80 74
81 0
81 4
81 7
81 10
81 11
81 13
81 54
81 63
81 67
81 76
81 88
81 94
81 101
81 109
81 115
81 118
81 120
81 135
81 138
81 141
81 146
82 4
82 7
82 8
82 10
82 19
82 21
82 26
82 28
82 29
82 30
82 34
82 35
82 39
82 41
82 51
82 54
82 56
82 62
82 63
82 65
82 67
82 74
82 79
82 80
82 87
82 88
82 94
82 96
82 100
82 102
82 109
82 110
82 115
82 116
82 120
82 130
82 141
82 146
83 3
83 17
83 19
83 28
83 30
83 35
83 41
83 44
83 48
83 50
83 56
83 57
83 62
83 65
83 72
83 74
83 77
83 79
83 80
83 84
83 93
83 110
83 117
83 129
83 146
85 17
85 44
85 48
85 50
85 57
85 58
85 72
85 79
85 84
85 93
85 99
85 129
85 150
86 1
86 22
86 55
86 66
86 84
86 99
86 105
86 151
87 4
87 7
87 8
87 19
87 21
87 26
87 30
87 34
87 35
87 41
87 51
87 54
87 56
87 63
87 65
87 74
87 79
87 80
87 96
87 100
87 110
87 146
88 4
88 10
88 54
88 63
88 67
88 109
88 115
88 120
89 11
89 36
89 138
89 143
90 11
90 13
90 36
90 70
90 73
90 76
90 92
90 138
90 141
90 143
91 0
91 4
91 7
91 8
91 10
91 11
91 13
91 19
91 21
91 29
91 34
91 35
91 39
91 40
91 41
91 51
91 54
91 56
91 59
91 63
91 64
91 67
91 69
91 74
91 76
91 80
91 81
91 88
91 94
91 95
91 96
91 98
91 100
91 101
91 102
91 109
91 110
91 112
91 115
91 116
91 118
91 120
91 124
91 135
91 138
91 141
91 144
91 146
92 11
92 76
92 138
92 141
94 4
94 7
94 10
94 54
94 63
94 67
94 109
94 115
94 120
94 146
95 0
95 4
95 7
95 10
95 11
95 13
95 19
95 34
95 39
95 51
95 54
95 59
95 63
95 67
95 69
95 88
95 94
95 96
95 101
95 102
95 109
95 112
95 115
95 118
95 120
95 135
95 138
95 141
95 146
96 4
96 7
96 19
96 34
96 63
96 146
97 0
97 10
97 11
97 12
97 13
97 36
97 64
97 70
97 73
97 76
97 90
97 92
97 98
97 135
97 138
97 141
97 143
98 0
98 11
98 13
98 76
98 135
98 138
98 141
100 4
100 7
100 8
100 19
100 21
100 34
100 35
100 41
100 51
100 54
100 56
100 63
100 74
100 80
100 96
100 146
101 4
101 10
101 13
101 54
101 63
101 67
101 88
101 109
101 115
101 118
101 120
101 135
101 138
101 141
102 4
102 7
102 19
102 51
102 54
102 63
102 67
102 146
103 0
103 4
103 7
103 10
103 11
103 12
103 13
103 20
103 27
103 36
103 40
103 54
103 63
103 64
103 67
103 70
103 73
103 76
103 88
103 90
103 92
103 94
103 98
103 101
103 108
103 109
103 115
103 118
103 120
103 135
103 138
103 141
103 143
103 146
104 0
104 4
104 7
104 10
104 11
104 13
104 27
104 36
104 40
104 54
104 59
104 63
104 64
104 67
104 69
104 70
104 73
104 76
104 81
104 88
104 92
104 94
104 98
104 101
104 108
104 109
104 112
104 115
104 118
104 120
104 124
104 135
104 138
104 141
104 146
106 0
106 4
106 7
106 10
106 11
106 13
106 19
106 34
106 35
106 39
106 40
106 51
106 54
106 59
106 63
106 64
106 67
106 69
106 76
106 81
106 88
106 94
106 95
106 96
106 98
106 101
106 102
106 108
106 109
106 112
106 115
106 118
106 120
106 124
106 135
106 138
106 141
106 144
106 146
107 14
107 36
107 61
108 0
108 4
108 10
108 11
108 13
108 40
108 54
108 63
108 64
108 67
108 76
108 98
108 109
108 115
108 118
108 120
108 135
108 138
108 141
109 4
109 10
109 67
109 115
109 120
110 19
110 35
110 41
110 56
110 74
110 80
110 146
111 0
111 4
111 7
111 10
111 11
111 13
111 19
111 27
111 39
111 40
111 51
111 54
111 59
111 63
111 64
111 67
111 69
111 70
111 73
111 76
111 81
111 88
111 92
111 94
111 98
111 101
111 102
111 108
111 109
111 112
111 115
111 118
111 120
111 124
111 135
111 138
111 141
111 146
112 4
112 7
112 10
112 13
112 54
112 63
112 67
112 88
112 94
112 109
112 115
112 120
112 135
112 138
112 141
112 146
113 1
113 5
113 6
113 9
113 16
113 17
113 18
113 22
113 25
113 30
113 31
113 33
113 37
113 41
113 44
113 48
113 50
113 53
113 55
113 57
113 58
113 60
113 66
113 72
113 78
113 79
113 84
113 85
113 86
113 93
113 99
113 105
113 123
113 126
113 127
113 129
113 131
113 142
113 149
113 150
113 151
114 11
114 14
114 15
114 36
114 42
114 61
114 71
114 107
114 133
115 10
115 67
115 120
116 4
116 7
116 8
116 10
116 19
116 29
116 34
116 35
116 51
116 54
116 56
116 63
116 67
116 74
116 80
116 94
116 96
116 102
116 109
116 115
116 120
116 146
117 19
117 30
117 35
117 41
117 56
117 62
117 74
117 79
117 80
118 4
118 10
118 13
118 67
118 115
118 120
118 135
118 138
118 141
119 17
119 30
119 35
119 41
119 44
119 48
119 50
119 57
119 58
119 62
119 72
119 74
119 77
119 79
119 84
119 93
119 129
119 150
121 3
121 4
121 7
121 8
121 10
121 17
121 19
121 21
121 23
121 26
121 28
121 29
121 30
121 34
121 35
121 41
121 44
121 48
121 50
121 51
121 54
121 56
121 57
121 58
121 62
121 63
121 65
121 67
121 72
121 74
121 77
121 79
121 80
121 83
121 84
121 85
121 87
121 93
121 94
121 96
121 99
121 100
121 102
121 109
121 110
121 115
121 116
121 117
121 119
121 120
121 128
121 129
121 130
121 134
121 139
121 146
121 147
121 148
121 150
122 14
122 36
122 61
122 107
122 133
123 1
123 22
123 105
124 0
124 4
124 7
124 10
124 11
124 13
124 54
124 59
124 63
124 67
124 69
124 76
124 81
124 88
124 94
124 101
124 109
124 112
124 115
124 118
124 120
124 135
124 138
124 141
124 146
125 4
125 7
125 8
125 10
125 13
125 19
125 21
125 26
125 29
125 30
125 34
125 35
125 39
125 41
125 51
125 52
125 54
125 56
125 63
125 65
125 67
125 69
125 74
125 79
125 80
125 88
125 94
125 96
125 100
125 102
125 109
125 110
125 112
125 115
125 116
125 120
125 135
125 138
125 141
125 146
126 1
126 6
126 9
126 16
126 17
126 18
126 22
126 30
126 44
126 48
126 50
126 53
126 55
126 57
126 58
126 66
126 72
126 78
126 79
126 84
126 85
126 93
126 99
126 127
126 129
126 131
126 149
126 150
126 151
127 1
127 22
127 50
127 55
127 66
127 72
127 84
127 93
127 99
127 149
127 151
128 3
128 17
128 19
128 28
128 30
128 35
128 41
128 44
128 48
128 50
128 56
128 57
128 58
128 62
128 65
128 72
128 74
128 77
128 79
128 80
128 83
128 84
128 93
128 110
128 117
128 129
128 146
128 150
129 17
129 50
129 57
129 72
129 84
129 93
130 4
130 8
130 19
130 28
130 30
130 34
130 35
130 41
130 56
130 62
130 65
130 74
130 79
130 80
130 110
130 146
131 6
131 17
131 22
131 44
131 50
131 55
131 57
131 72
131 84
131 93
131 99
131 129
131 149
131 150
131 151
132 3
132 4
132 6
132 7
132 8
132 17
132 19
132 21
132 22
132 23
132 26
132 28
132 30
132 34
132 35
132 41
132 44
132 48
132 50
132 55
132 56
132 57
132 58
132 62
132 63
132 65
132 72
132 74
132 77
132 79
132 80
132 83
132 84
132 85
132 93
132 96
132 99
132 110
132 117
132 119
132 128
132 129
132 130
132 131
132 139
132 146
132 147
132 149
132 150
132 151
134 4
134 7
134 8
134 19
134 21
134 26
134 28
134 30
134 34
134 35
134 41
134 51
134 54
134 56
134 62
134 63
134 65
134 74
134 79
134 80
134 87
134 93
134 96
134 100
134 110
134 117
134 130
134 139
134 146
135 141
136 4
136 7
136 8
136 10
136 13
136 19
136 21
136 29
136 30
136 34
136 35
136 39
136 41
136 51
136 52
136 54
136 56
136 63
136 67
136 69
136 74
136 80
136 88
136 94
136 96
136 100
136 101
136 102
136 109
136 110
136 112
136 115
136 116
136 118
136 120
136 135
136 138
136 141
136 146
137 11
137 12
137 13
137 14
137 15
137 36
137 42
137 43
137 45
137 46
137 61
137 70
137 73
137 76
137 89
137 90
137 92
137 107
137 138
137 141
137 143
139 4
139 8
139 19
139 28
139 30
139 34
139 35
139 41
139 56
139 62
139 65
139 74
139 79
139 80
139 93
139 110
139 117
139 146
140 11
140 12
140 13
140 14
140 15
140 36
140 42
140 43
140 45
140 46
140 61
140 70
140 73
140 76
140 89
140 90
140 92
140 107
140 137
140 138
140 141
140 143
142 1
142 5
142 22
142 50
142 55
142 66
142 72
142 84
142 86
142 93
142 99
142 105
142 149
142 151
143 11
143 36
143 138
144 0
144 4
144 7
144 10
144 11
144 13
144 19
144 34
144 39
144 40
144 51
144 54
144 59
144 63
144 67
144 69
144 76
144 81
144 88
144 94
144 95
144 96
144 98
144 101
144 102
144 109
144 112
144 115
144 118
144 120
144 124
144 135
144 138
144 141
144 146
145 11
145 14
145 15
145 36
145 42
145 43
145 45
145 61
145 70
145 76
145 89
145 107
145 138
145 143
147 4
147 7
147 8
147 19
147 28
147 30
147 34
147 35
147 41
147 50
147 56
147 57
147 62
147 65
147 74
147 77
147 79
147 80
147 93
147 110
147 117
147 130
147 139
147 146
148 3
148 4
148 7
148 8
148 17
148 19
148 21
148 23
148 26
148 28
148 30
148 34
148 35
148 41
148 48
148 50
148 51
148 54
148 56
148 57
148 62
148 63
148 65
148 67
148 72
148 74
148 77
148 79
148 80
148 84
148 87
148 93
148 96
148 100
148 102
148 110
148 117
148 129
148 130
148 134
148 139
148 146
148 147
149 22
149 50
149 72
149 84
149 93
149 99
150 50
150 72
150 84
150 93
151 22
151 99
