0 1 5 5
0 2 0 95
0 3 95 96
0 4 10 8
0 5 5 5
0 6 14 7
0 7 9 13
0 8 9 12
0 9 12 7
0 10 11 14
0 11 7 6
0 12 12 8
0 13 6 15
0 14 5 12
0 15 14 11
0 16 14 7
0 17 8 15
0 18 10 6
0 19 10 14
1 2 95 0
1 3 96 98
1 4 11 13
1 5 6 12
1 6 10 7
1 7 13 11
1 8 6 10
1 9 11 5
1 10 14 15
1 11 12 7
1 12 13 5
1 13 9 14
1 14 13 12
1 15 13 10
1 16 11 6
1 17 15 7
1 18 7 6
1 19 8 6
2 3 98 99
2 4 9 7
2 5 10 5
2 6 10 8
2 7 12 7
2 8 14 8
2 9 10 8
2 10 14 13
2 11 11 11
2 12 10 5
2 13 15 14
2 14 9 12
2 15 9 6
2 16 5 6
2 17 12 9
2 18 8 10
2 19 9 10
3 4 10 12
3 5 10 8
3 6 8 12
3 7 6 12
3 8 10 10
3 9 5 12
3 10 12 10
3 11 6 6
3 12 7 9
3 13 9 13
3 14 15 6
3 15 11 15
3 16 12 8
3 17 14 10
3 18 10 10
3 19 7 9
4 5 99 95
4 6 98 99
4 7 97 98
4 8 14 13
4 9 10 10
4 10 5 12
4 11 5 6
4 12 15 10
4 13 9 11
4 14 6 5
4 15 12 14
4 16 12 14
4 17 8 10
4 18 10 13
4 19 10 8
5 6 98 98
5 7 96 97
5 8 11 6
5 9 10 13
5 10 14 9
5 11 6 6
5 12 14 8
5 13 11 13
5 14 12 7
5 15 9 11
5 16 9 11
5 17 5 11
5 18 10 8
5 19 5 9
6 7 96 96
6 8 10 10
6 9 12 12
6 10 10 12
6 11 9 8
6 12 14 11
6 13 8 15
6 14 12 9
6 15 6 6
6 16 15 10
6 17 6 9
6 18 8 9
6 19 10 7
7 8 6 10
7 9 6 11
7 10 14 5
7 11 11 9
7 12 7 14
7 13 8 11
7 14 8 6
7 15 10 10
7 16 15 10
7 17 10 9
7 18 13 14
7 19 13 7
8 9 97 95
8 10 98 96
8 11 99 97
8 12 9 12
8 13 11 6
8 14 10 8
8 15 13 7
8 16 14 7
8 17 5 12
8 18 12 8
8 19 13 13
9 10 95 95
9 11 95 100
9 12 12 9
9 13 9 7
9 14 14 15
9 15 9 5
9 16 13 11
9 17 6 9
9 18 11 11
9 19 8 14
10 11 98 99
10 12 10 15
10 13 14 10
10 14 5 7
10 15 8 7
10 16 6 14
10 17 9 9
10 18 14 11
10 19 8 8
11 12 13 14
11 13 14 8
11 14 10 5
11 15 10 13
11 16 9 14
11 17 5 9
11 18 14 10
11 19 13 14
12 13 99 98
12 14 99 97
12 15 100 95
12 16 12 10
12 17 7 11
12 18 15 11
12 19 13 13
13 14 100 97
13 15 98 95
13 16 10 12
13 17 6 9
13 18 8 9
13 19 15 13
14 15 96 99
14 16 7 7
14 17 14 9
14 18 12 10
14 19 13 12
15 16 13 13
15 17 8 15
15 18 13 7
15 19 8 12
16 17 98 95
16 18 97 98
16 19 96 96
17 18 97 97
17 19 98 95
18 19 99 96
