10 45
0 1 95 28
0 2 26 62
0 3 82 54
0 4 78 68
0 5 21 36
0 6 53 64
0 7 18 73
0 8 96 56
0 9 95 67
1 2 69 60
1 3 51 72
1 4 68 65
1 5 31 18
1 6 23 87
1 7 8 81
1 8 28 35
1 9 8 37
2 3 80 7
2 4 83 35
2 5 43 64
2 6 47 67
2 7 44 86
2 8 74 8
2 9 94 71
3 4 67 51
3 5 68 57
3 6 9 71
3 7 23 41
3 8 50 90
3 9 57 70
4 5 65 52
4 6 65 31
4 7 82 83
4 8 87 72
4 9 46 53
5 6 13 37
5 7 76 56
5 8 9 21
5 9 69 85
6 7 57 44
6 8 62 11
6 9 69 15
7 8 31 40
7 9 83 81
8 9 45 86
0 7
0 8
1 3
1 5
1 8
1 10
1 11
1 19
1 20
1 21
1 23
1 28
1 29
1 32
1 33
1 38
1 43
1 44
2 7
2 8
2 23
2 32
2 33
2 43
3 23
3 32
3 33
3 43
4 1
4 2
4 3
4 5
4 7
4 8
4 9
4 10
4 11
4 13
4 19
4 20
4 21
4 23
4 24
4 25
4 27
4 28
4 29
4 30
4 32
4 33
4 34
4 36
4 38
4 39
4 42
4 43
4 44
5 3
5 8
5 11
5 23
5 29
5 32
5 33
5 38
5 43
6 13
6 21
6 28
6 32
6 38
6 43
6 44
9 3
9 8
9 23
9 32
9 33
9 38
9 43
10 32
10 33
10 38
10 43
11 3
11 8
11 23
11 32
11 33
11 38
11 43
12 0
12 2
12 3
12 5
12 7
12 8
12 9
12 10
12 11
12 18
12 19
12 20
12 21
12 23
12 24
12 25
12 28
12 29
12 30
12 31
12 32
12 33
12 34
12 36
12 38
12 39
12 42
12 43
12 44
13 28
14 13
14 21
14 28
14 32
14 38
14 43
14 44
15 2
15 3
15 5
15 7
15 8
15 9
15 10
15 11
15 18
15 19
15 20
15 21
15 23
15 24
15 25
15 28
15 29
15 30
15 32
15 33
15 34
15 36
15 38
15 39
15 42
15 43
15 44
16 1
16 2
16 3
16 5
16 6
16 7
16 8
16 9
16 10
16 11
16 13
16 14
16 19
16 20
16 21
16 23
16 24
16 25
16 26
16 27
16 28
16 29
16 30
16 32
16 33
16 34
16 35
16 36
16 38
16 39
16 42
16 43
16 44
17 0
17 2
17 7
17 8
17 18
17 23
17 32
17 33
17 43
18 7
18 8
18 23
18 33
18 43
19 3
19 5
19 8
19 10
19 11
19 20
19 21
19 23
19 28
19 29
19 32
19 33
19 38
19 43
19 44
20 3
20 8
20 10
20 23
20 28
20 29
20 32
20 33
20 38
20 43
21 28
21 44
22 0
22 2
22 3
22 7
22 8
22 18
22 23
22 32
22 33
22 36
22 43
24 2
24 3
24 7
24 8
24 9
24 11
24 23
24 25
24 32
24 33
24 36
24 38
24 43
25 3
25 8
25 9
25 11
25 23
25 32
25 33
25 38
25 43
26 6
26 10
26 13
26 21
26 23
26 28
26 32
26 33
26 38
26 43
26 44
27 1
27 2
27 3
27 5
27 7
27 8
27 9
27 10
27 11
27 13
27 19
27 20
27 21
27 23
27 24
27 25
27 28
27 29
27 30
27 32
27 33
27 34
27 36
27 38
27 39
27 43
27 44
29 23
29 32
29 33
29 38
29 43
30 2
30 3
30 7
30 8
30 9
30 11
30 23
30 25
30 32
30 33
30 36
30 38
30 43
31 2
31 3
31 7
31 8
31 9
31 11
31 18
31 23
31 24
31 25
31 30
31 32
31 33
31 36
31 38
31 43
34 2
34 3
34 5
34 7
34 8
34 9
34 10
34 11
34 20
34 23
34 25
34 28
34 29
34 32
34 33
34 36
34 38
34 43
35 1
35 2
35 3
35 5
35 6
35 7
35 8
35 9
35 10
35 11
35 13
35 19
35 20
35 21
35 23
35 24
35 25
35 27
35 28
35 29
35 30
35 32
35 33
35 34
35 36
35 38
35 39
35 42
35 43
35 44
36 3
36 7
36 8
36 23
36 32
36 33
36 43
37 0
37 1
37 2
37 3
37 4
37 5
37 6
37 7
37 8
37 9
37 10
37 11
37 13
37 15
37 18
37 19
37 20
37 21
37 23
37 24
37 25
37 26
37 27
37 28
37 29
37 30
37 31
37 32
37 33
37 34
37 35
37 36
37 38
37 39
37 42
37 43
37 44
39 2
39 3
39 7
39 8
39 9
39 11
39 23
39 24
39 25
39 29
39 30
39 32
39 33
39 36
39 38
39 43
40 0
40 2
40 3
40 7
40 8
40 9
40 11
40 18
40 23
40 24
40 25
40 30
40 31
40 32
40 33
40 36
40 38
40 41
40 43
41 0
41 2
41 3
41 7
41 8
41 9
41 18
41 23
41 32
41 33
41 36
41 38
41 43
42 2
42 3
42 5
42 7
42 8
42 9
42 10
42 11
42 19
42 20
42 21
42 23
42 24
42 25
42 28
42 29
42 30
42 32
42 33
42 34
42 36
42 38
42 39
42 43
42 44
44 28
