12 66
0 1 25 34
0 2 60 55
0 3 33 83
0 4 43 76
0 5 48 38
0 6 13 39
0 7 41 22
0 8 26 70
0 9 73 81
0 10 64 26
0 11 22 65
1 2 37 72
1 3 37 92
1 4 87 48
1 5 67 9
1 6 59 59
1 7 81 80
1 8 4 31
1 9 1 84
1 10 69 34
1 11 76 82
2 3 59 82
2 4 45 42
2 5 91 9
2 6 94 47
2 7 81 16
2 8 77 23
2 9 35 91
2 10 76 63
2 11 65 75
3 4 14 55
3 5 80 39
3 6 18 77
3 7 27 52
3 8 6 70
3 9 9 53
3 10 90 40
3 11 82 35
4 5 7 64
4 6 69 79
4 7 11 53
4 8 1 62
4 9 1 99
4 10 47 79
4 11 20 76
5 6 65 13
5 7 37 50
5 8 59 56
5 9 97 78
5 10 42 81
5 11 88 65
6 7 42 44
6 8 70 51
6 9 26 76
6 10 20 33
6 11 38 15
7 8 20 23
7 9 98 71
7 10 81 30
7 11 9 93
8 9 74 57
8 10 82 71
8 11 13 81
9 10 15 95
9 11 41 77
10 11 76 78
0 1
0 2
0 3
0 4
0 7
0 8
0 11
0 12
0 13
0 15
0 16
0 19
0 20
0 21
0 22
0 24
0 27
0 28
0 29
0 31
0 33
0 36
0 37
0 39
0 43
0 46
0 47
0 48
0 49
0 50
0 51
0 52
0 53
0 57
0 60
0 61
0 64
0 65
1 8
1 16
1 20
1 28
1 29
1 39
1 48
1 50
1 57
1 60
1 61
1 65
2 12
2 27
3 8
3 16
3 20
3 21
3 39
3 43
3 48
3 65
4 1
4 8
4 13
4 15
4 16
4 20
4 21
4 24
4 28
4 29
4 31
4 36
4 39
4 47
4 48
4 50
4 52
4 57
4 60
4 61
4 65
5 1
5 2
5 3
5 7
5 8
5 10
5 11
5 12
5 13
5 15
5 16
5 20
5 21
5 22
5 24
5 27
5 28
5 29
5 30
5 31
5 32
5 33
5 36
5 39
5 43
5 44
5 46
5 47
5 48
5 49
5 50
5 51
5 52
5 53
5 57
5 60
5 61
5 62
5 63
5 64
5 65
6 1
6 3
6 4
6 8
6 9
6 13
6 15
6 16
6 19
6 20
6 21
6 22
6 24
6 26
6 28
6 29
6 31
6 36
6 37
6 39
6 43
6 47
6 48
6 49
6 50
6 51
6 52
6 57
6 58
6 60
6 61
6 64
6 65
7 2
7 3
7 8
7 11
7 12
7 16
7 20
7 21
7 27
7 29
7 39
7 43
7 48
7 49
7 53
7 57
7 61
7 64
7 65
8 20
9 8
9 13
9 16
9 19
9 20
9 24
9 28
9 29
9 31
9 36
9 37
9 39
9 48
9 50
9 52
9 57
9 58
9 60
9 61
9 65
10 2
10 3
10 7
10 8
10 11
10 12
10 16
10 20
10 21
10 27
10 29
10 39
10 43
10 48
10 49
10 50
10 53
10 57
10 61
10 64
10 65
11 3
11 8
11 12
11 16
11 20
11 21
11 29
11 39
11 43
11 48
11 49
11 64
11 65
13 48
13 50
13 57
14 8
14 13
14 16
14 19
14 20
14 23
14 24
14 25
14 26
14 28
14 31
14 36
14 37
14 39
14 48
14 50
14 52
14 57
14 58
14 60
14 61
14 65
15 8
15 16
15 20
15 21
15 28
15 29
15 39
15 48
15 50
15 57
15 61
15 65
17 0
17 1
17 2
17 3
17 4
17 5
17 7
17 8
17 10
17 11
17 12
17 13
17 15
17 16
17 19
17 20
17 21
17 22
17 24
17 27
17 28
17 29
17 30
17 31
17 32
17 33
17 34
17 35
17 36
17 37
17 38
17 39
17 40
17 43
17 44
17 46
17 47
17 48
17 49
17 50
17 51
17 52
17 53
17 54
17 57
17 59
17 60
17 61
17 62
17 63
17 64
17 65
18 12
18 27
18 42
18 59
18 63
19 8
19 13
19 16
19 20
19 24
19 28
19 31
19 36
19 37
19 39
19 48
19 50
19 52
19 57
19 60
19 61
19 65
21 20
22 1
22 8
22 13
22 15
22 16
22 20
22 21
22 24
22 28
22 29
22 39
22 43
22 47
22 48
22 50
22 52
22 57
22 60
22 61
22 65
23 24
23 48
23 57
24 48
24 57
25 13
25 16
25 24
25 36
25 37
25 48
25 50
25 57
25 58
25 61
26 13
26 16
26 24
26 31
26 36
26 37
26 48
26 50
26 57
26 58
26 61
27 12
28 16
28 20
28 48
28 50
28 57
28 61
28 65
29 8
29 16
29 20
29 39
29 48
29 65
30 1
30 2
30 3
30 7
30 8
30 10
30 11
30 12
30 15
30 16
30 20
30 21
30 27
30 28
30 29
30 32
30 39
30 43
30 44
30 47
30 48
30 49
30 50
30 53
30 57
30 60
30 61
30 63
30 64
30 65
31 13
31 16
31 24
31 36
31 48
31 50
31 57
31 61
32 2
32 8
32 12
32 16
32 20
32 21
32 27
32 39
32 43
32 48
32 49
32 64
32 65
33 1
33 2
33 3
33 8
33 11
33 12
33 15
33 16
33 20
33 21
33 27
33 28
33 29
33 39
33 43
33 47
33 48
33 49
33 50
33 57
33 60
33 61
33 64
33 65
34 2
34 3
34 7
34 8
34 11
34 12
34 16
34 20
34 21
34 27
34 29
34 32
34 39
34 43
34 44
34 48
34 49
34 53
34 57
34 59
34 61
34 62
34 63
34 64
34 65
35 1
35 2
35 3
35 7
35 8
35 10
35 11
35 12
35 15
35 16
35 20
35 21
35 27
35 28
35 29
35 30
35 32
35 39
35 40
35 43
35 44
35 47
35 48
35 49
35 50
35 53
35 57
35 59
35 60
35 61
35 62
35 63
35 64
35 65
36 24
36 48
36 57
37 13
37 24
37 36
37 48
37 50
37 57
37 61
38 2
38 3
38 7
38 8
38 10
38 11
38 12
38 16
38 20
38 21
38 27
38 29
38 32
38 39
38 43
38 44
38 48
38 49
38 50
38 53
38 57
38 59
38 61
38 62
38 63
38 64
38 65
39 8
39 16
39 20
40 1
40 2
40 3
40 7
40 8
40 10
40 11
40 12
40 15
40 16
40 20
40 21
40 27
40 28
40 29
40 30
40 32
40 39
40 43
40 44
40 47
40 48
40 49
40 50
40 53
40 57
40 60
40 61
40 62
40 63
40 64
40 65
41 2
41 3
41 7
41 8
41 10
41 11
41 12
41 16
41 18
41 20
41 21
41 27
41 28
41 29
41 32
41 34
41 38
41 39
41 42
41 43
41 44
41 48
41 49
41 50
41 53
41 57
41 59
41 61
41 62
41 63
41 64
41 65
43 8
43 16
43 20
43 21
43 39
44 2
44 3
44 8
44 12
44 16
44 20
44 21
44 27
44 39
44 43
44 48
44 49
44 53
44 64
44 65
45 8
45 13
45 16
45 19
45 20
45 24
45 25
45 26
45 28
45 29
45 31
45 36
45 37
45 39
45 48
45 50
45 52
45 57
45 58
45 60
45 61
45 65
46 1
46 3
46 8
46 11
46 12
46 15
46 16
46 20
46 21
46 28
46 29
46 39
46 43
46 47
46 48
46 49
46 50
46 52
46 57
46 60
46 61
46 64
46 65
47 8
47 15
47 16
47 20
47 21
47 28
47 29
47 39
47 48
47 50
47 57
47 60
47 61
47 65
49 8
49 20
49 21
50 48
50 57
51 1
51 3
51 8
51 13
51 15
51 16
51 20
51 21
51 24
51 28
51 29
51 39
51 43
51 47
51 48
51 49
51 50
51 52
51 57
51 60
51 61
51 65
52 8
52 16
52 20
52 28
52 48
52 50
52 57
52 60
52 61
52 65
53 2
53 3
53 8
53 12
53 16
53 20
53 21
53 27
53 39
53 43
53 48
53 49
53 64
53 65
54 0
54 1
54 2
54 3
54 4
54 7
54 8
54 10
54 11
54 12
54 13
54 15
54 16
54 19
54 20
54 21
54 22
54 24
54 27
54 28
54 29
54 31
54 33
54 36
54 37
54 39
54 43
54 44
54 46
54 47
54 48
54 49
54 50
54 51
54 52
54 53
54 57
54 60
54 61
54 64
54 65
55 1
55 3
55 4
55 6
55 8
55 9
55 13
55 15
55 16
55 19
55 20
55 21
55 22
55 24
55 25
55 26
55 28
55 29
55 31
55 36
55 37
55 39
55 43
55 47
55 48
55 49
55 50
55 51
55 52
55 57
55 58
55 60
55 61
55 64
55 65
56 0
56 1
56 2
56 3
56 4
56 7
56 8
56 9
56 10
56 11
56 12
56 13
56 15
56 16
56 19
56 20
56 21
56 22
56 24
56 26
56 27
56 28
56 29
56 31
56 33
56 36
56 37
56 39
56 43
56 44
56 46
56 47
56 48
56 49
56 50
56 51
56 52
56 53
56 54
56 57
56 58
56 60
56 61
56 64
56 65
58 13
58 16
58 24
58 36
58 37
58 48
58 50
58 57
58 61
59 63
60 16
60 20
60 28
60 48
60 50
60 57
60 61
60 65
61 48
61 57
62 2
62 8
62 12
62 20
62 21
62 27
62 49
62 63
64 8
64 16
64 20
64 21
64 39
64 43
64 48
64 49
64 65
65 16
65 20
65 48
