12 66
0 1 4 76
0 2 47 34
0 3 83 57
0 4 75 56
0 5 4 72
0 6 66 63
0 7 72 62
0 8 25 68
0 9 44 77
0 10 39 65
0 11 56 62
1 2 33 43
1 3 85 8
1 4 18 51
1 5 6 85
1 6 59 63
1 7 65 56
1 8 90 16
1 9 82 34
1 10 82 18
1 11 87 37
2 3 57 52
2 4 67 38
2 5 47 31
2 6 33 55
2 7 10 82
2 8 92 37
2 9 75 56
2 10 81 19
2 11 75 28
3 4 34 81
3 5 15 54
3 6 39 57
3 7 80 33
3 8 62 37
3 9 95 35
3 10 62 44
3 11 47 48
4 5 73 35
4 6 27 62
4 7 40 63
4 8 4 79
4 9 21 87
4 10 4 60
4 11 87 56
5 6 89 12
5 7 47 28
5 8 99 17
5 9 60 39
5 10 45 76
5 11 53 36
6 7 84 45
6 8 98 11
6 9 74 61
6 10 40 31
6 11 17 62
7 8 72 35
7 9 85 28
7 10 75 39
7 11 91 20
8 9 84 32
8 10 89 22
8 11 47 42
9 10 40 51
9 11 84 38
10 11 95 43
0 8
0 14
0 25
0 30
0 41
0 42
0 49
1 2
1 3
1 5
1 6
1 10
1 15
1 16
1 18
1 20
1 21
1 22
1 26
1 27
1 34
1 35
1 36
1 37
1 38
1 44
1 48
1 50
1 51
1 53
1 56
1 58
1 62
1 64
1 65
3 2
3 44
4 0
4 8
4 14
4 25
4 30
4 41
4 42
4 49
7 8
7 30
7 49
9 8
9 49
10 5
10 6
10 15
11 2
11 3
11 5
11 6
11 8
11 9
11 10
11 15
11 16
11 21
11 24
11 27
11 30
11 32
11 36
11 37
11 40
11 44
11 49
11 51
11 53
11 63
11 65
12 17
12 20
12 26
12 35
12 44
12 45
12 47
12 52
12 57
12 59
12 61
12 65
13 2
13 3
13 5
13 6
13 7
13 8
13 9
13 10
13 15
13 16
13 21
13 24
13 27
13 30
13 32
13 39
13 40
13 42
13 44
13 49
13 53
13 63
14 42
15 5
16 2
16 3
16 5
16 6
16 27
16 44
16 53
17 26
17 35
17 47
17 59
17 65
18 2
18 20
18 26
18 35
18 44
18 51
18 64
18 65
19 2
19 18
19 20
19 26
19 35
19 44
19 51
19 57
19 59
19 60
19 61
19 64
19 65
20 26
20 44
20 65
21 2
21 3
21 5
21 6
21 15
21 16
21 27
21 44
21 53
22 2
22 3
22 6
22 27
22 44
22 51
22 53
22 58
22 64
22 65
23 1
23 2
23 3
23 5
23 6
23 10
23 15
23 16
23 18
23 20
23 21
23 22
23 26
23 27
23 33
23 34
23 35
23 36
23 37
23 38
23 44
23 48
23 50
23 51
23 53
23 56
23 58
23 60
23 62
23 64
23 65
24 2
24 3
24 5
24 6
24 8
24 9
24 10
24 15
24 16
24 27
24 30
24 32
24 40
24 44
24 49
24 53
25 42
26 65
27 2
27 44
28 2
28 18
28 20
28 26
28 35
28 44
28 51
28 57
28 59
28 60
28 61
28 64
28 65
29 2
29 3
29 18
29 20
29 26
29 27
29 33
29 35
29 44
29 51
29 57
29 58
29 60
29 64
29 65
31 2
31 3
31 5
31 6
31 7
31 8
31 9
31 10
31 15
31 16
31 24
31 27
31 30
31 32
31 39
31 40
31 42
31 44
31 49
31 53
31 55
32 2
32 5
32 6
32 8
32 9
32 10
32 15
32 40
32 49
32 53
33 2
33 18
33 20
33 26
33 35
33 44
33 51
33 64
33 65
34 2
34 3
34 5
34 6
34 16
34 20
34 22
34 26
34 27
34 36
34 44
34 51
34 53
34 58
34 64
34 65
35 65
36 2
36 3
36 5
36 6
36 16
36 27
36 44
36 51
36 53
37 2
37 3
37 5
37 6
37 10
37 15
37 16
37 21
37 27
37 44
37 53
38 2
38 3
38 20
38 26
38 27
38 35
38 44
38 51
38 53
38 58
38 64
38 65
39 5
39 6
39 8
39 9
39 10
39 15
39 30
39 40
39 49
40 5
40 8
40 15
40 49
41 14
41 25
41 30
41 42
43 0
43 4
43 5
43 6
43 7
43 8
43 9
43 10
43 14
43 15
43 25
43 30
43 39
43 40
43 41
43 42
43 49
43 53
43 55
45 17
45 26
45 35
45 47
45 59
45 61
45 65
46 1
46 2
46 3
46 5
46 6
46 10
46 15
46 16
46 18
46 20
46 21
46 22
46 23
46 26
46 27
46 29
46 33
46 34
46 35
46 36
46 37
46 38
46 44
46 48
46 50
46 51
46 53
46 56
46 57
46 58
46 60
46 62
46 64
46 65
48 2
48 3
48 5
48 6
48 16
48 27
48 36
48 44
48 51
48 53
48 58
48 65
50 2
50 3
50 5
50 6
50 10
50 15
50 16
50 20
50 21
50 22
50 26
50 27
50 34
50 36
50 44
50 48
50 51
50 53
50 58
50 64
50 65
51 44
52 47
54 1
54 2
54 3
54 5
54 6
54 8
54 10
54 15
54 16
54 18
54 20
54 21
54 22
54 23
54 26
54 27
54 33
54 34
54 35
54 36
54 37
54 38
54 40
54 44
54 48
54 49
54 50
54 51
54 53
54 56
54 58
54 60
54 62
54 63
54 64
54 65
55 5
55 6
55 7
55 8
55 9
55 10
55 15
55 30
55 39
55 40
55 42
55 49
56 2
56 3
56 6
56 20
56 26
56 27
56 35
56 38
56 44
56 51
56 53
56 58
56 64
56 65
57 20
57 26
57 35
57 44
57 65
58 2
58 3
58 27
58 44
58 51
58 65
59 26
59 35
59 65
60 20
60 26
60 35
60 44
60 51
60 64
60 65
61 26
61 35
61 65
62 2
62 3
62 5
62 6
62 10
62 15
62 16
62 21
62 27
62 36
62 37
62 44
62 51
62 53
62 65
63 2
63 3
63 5
63 6
63 8
63 10
63 15
63 16
63 21
63 27
63 40
63 44
63 49
63 53
64 44
64 51
64 65
