20 190
0 1 24 69
0 2 8 79
0 3 96 10
0 4 11 85
0 5 45 48
0 6 17 85
0 7 90 22
0 8 10 77
0 9 93 20
0 10 70 31
0 11 43 60
0 12 92 14
0 13 32 73
0 14 53 49
0 15 17 74
0 16 30 73
0 17 92 20
0 18 28 75
0 19 45 48
1 2 70 37
1 3 51 47
1 4 14 85
1 5 34 61
1 6 61 40
1 7 57 42
1 8 71 38
1 9 2 91
1 10 14 74
1 11 48 48
1 12 28 73
1 13 12 78
1 14 85 16
1 15 47 55
1 16 56 45
1 17 39 59
1 18 79 30
1 19 23 77
2 3 51 54
2 4 11 77
2 5 68 30
2 6 9 89
2 7 28 64
2 8 71 35
2 9 28 65
2 10 69 27
2 11 11 85
2 12 43 60
2 13 56 36
2 14 9 81
2 15 37 67
2 16 40 61
2 17 31 67
2 18 52 55
2 19 52 42
3 4 75 25
3 5 22 76
3 6 6 81
3 7 86 16
3 8 66 32
3 9 64 35
3 10 72 31
3 11 75 31
3 12 55 41
3 13 2 92
3 14 16 83
3 15 69 32
3 16 93 8
3 17 42 54
3 18 68 33
3 19 84 14
4 5 27 64
4 6 61 47
4 7 4 90
4 8 31 59
4 9 32 59
4 10 66 41
4 11 92 21
4 12 76 28
4 13 19 71
4 14 22 71
4 15 75 30
4 16 11 88
4 17 2 86
4 18 21 72
4 19 53 47
5 6 27 72
5 7 92 15
5 8 93 18
5 9 72 35
5 10 89 19
5 11 53 46
5 12 33 59
5 13 35 67
5 14 81 28
5 15 25 74
5 16 36 56
5 17 59 38
5 18 13 88
5 19 4 89
6 7 69 38
6 8 48 51
6 9 69 28
6 10 56 44
6 11 54 46
6 12 6 82
6 13 59 41
6 14 23 68
6 15 67 28
6 16 1 97
6 17 50 46
6 18 66 38
6 19 45 59
7 8 63 40
7 9 90 20
7 10 88 22
7 11 86 27
7 12 43 56
7 13 94 15
7 14 67 37
7 15 12 76
7 16 39 63
7 17 15 83
7 18 94 8
7 19 28 64
8 9 45 52
8 10 86 15
8 11 14 79
8 12 17 72
8 13 17 72
8 14 64 45
8 15 84 23
8 16 47 60
8 17 52 42
8 18 11 83
8 19 46 55
9 10 46 51
9 11 11 84
9 12 13 81
9 13 56 41
9 14 75 32
9 15 99 5
9 16 69 36
9 17 8 82
9 18 98 3
9 19 40 56
10 11 99 14
10 12 77 23
10 13 86 20
10 14 72 39
10 15 28 76
10 16 28 73
10 17 28 67
10 18 31 71
10 19 52 43
11 12 81 27
11 13 27 72
11 14 5 85
11 15 71 30
11 16 37 61
11 17 83 25
11 18 49 45
11 19 71 39
12 13 85 21
12 14 37 55
12 15 91 14
12 16 13 85
12 17 70 36
12 18 32 71
12 19 50 56
13 14 84 24
13 15 57 37
13 16 78 33
13 17 70 35
13 18 28 70
13 19 18 79
14 15 63 34
14 16 81 16
14 17 37 59
14 18 78 28
14 19 34 70
15 16 73 23
15 17 10 80
15 18 49 53
15 19 76 26
16 17 24 67
16 18 48 59
16 19 54 48
17 18 46 53
17 19 84 18
18 19 47 50
0 12
0 15
0 17
0 29
0 85
0 94
0 149
0 150
0 152
0 155
0 167
0 173
0 179
1 3
1 5
1 21
1 40
1 45
1 48
1 64
1 81
1 97
1 121
1 126
1 133
1 136
1 137
1 142
1 165
1 174
1 181
2 145
3 5
3 21
3 81
3 97
3 165
4 13
4 28
4 32
4 37
4 52
4 100
4 111
4 124
4 131
4 134
4 135
4 168
4 182
4 185
4 186
4 187
4 189
7 3
7 5
7 21
7 30
7 36
7 38
7 45
7 64
7 81
7 97
7 121
7 126
7 133
7 136
7 137
7 165
7 174
7 181
9 19
9 25
9 42
9 60
9 61
9 88
9 139
9 148
9 161
9 166
9 171
9 172
10 131
11 8
11 16
11 76
11 86
11 87
11 117
11 145
14 5
14 17
14 36
14 55
14 94
14 149
14 174
15 12
16 8
16 76
17 149
18 13
18 28
18 32
18 37
18 52
18 100
18 111
18 124
18 131
18 134
18 135
18 168
18 182
18 185
18 186
18 187
18 189
19 25
19 148
19 161
20 13
20 37
20 52
20 71
20 84
20 186
21 5
22 49
22 50
22 92
22 120
22 158
22 179
23 71
23 75
23 112
23 129
24 71
24 129
25 148
25 161
26 63
27 5
27 14
27 17
27 21
27 36
27 55
27 64
27 94
27 121
27 126
27 149
27 174
28 13
28 37
28 52
28 100
28 168
28 182
28 185
28 186
29 12
29 15
29 17
29 149
30 5
30 21
30 64
30 97
30 121
30 126
30 137
30 165
30 174
31 6
31 8
31 16
31 57
31 76
31 87
31 89
31 113
31 114
31 115
31 147
31 162
32 52
32 131
32 168
32 185
33 71
33 129
34 10
34 46
34 50
34 111
34 120
34 131
34 185
37 52
38 3
38 5
38 21
38 30
38 36
38 45
38 64
38 81
38 97
38 121
38 126
38 133
38 136
38 137
38 165
38 174
39 9
39 19
39 25
39 35
39 42
39 60
39 61
39 65
39 68
39 80
39 88
39 99
39 139
39 141
39 148
39 157
39 161
39 166
39 171
39 172
41 12
41 15
41 17
41 29
41 43
41 49
41 51
41 92
41 149
41 150
41 151
41 152
41 167
41 173
41 179
42 25
42 88
42 148
42 161
43 12
43 15
43 17
43 29
43 49
43 51
43 92
43 149
43 150
43 151
43 152
43 167
43 173
43 179
44 9
44 19
44 25
44 35
44 42
44 60
44 61
44 65
44 77
44 80
44 88
44 93
44 99
44 101
44 115
44 139
44 141
44 148
44 154
44 157
44 161
44 166
44 171
44 172
44 178
45 5
45 21
45 81
45 97
45 165
46 131
47 19
47 23
47 24
47 25
47 33
47 71
47 75
47 96
47 99
47 102
47 105
47 110
47 112
47 118
47 129
47 138
47 141
47 148
47 161
47 166
47 170
48 3
48 5
48 21
48 40
48 45
48 64
48 81
48 97
48 121
48 133
48 136
48 137
48 165
51 12
51 49
51 92
51 152
51 167
51 179
53 13
53 24
53 33
53 52
53 71
53 84
53 90
53 102
53 103
53 129
53 153
53 186
54 35
54 61
54 77
54 80
54 93
54 115
54 139
54 154
54 159
54 171
54 178
54 183
55 36
55 149
56 3
56 5
56 21
56 40
56 45
56 48
56 64
56 81
56 97
56 104
56 121
56 133
56 136
56 137
56 142
56 165
57 6
57 8
57 16
57 76
57 87
57 89
57 113
57 114
57 115
57 147
58 19
58 25
58 42
58 65
58 68
58 75
58 88
58 99
58 110
58 118
58 139
58 141
58 148
58 161
58 166
58 171
58 172
59 19
59 25
59 42
59 75
59 88
59 99
59 110
59 118
59 129
59 141
59 148
59 161
59 166
59 172
60 61
60 88
60 139
60 148
60 171
61 139
61 171
62 24
62 33
62 71
62 75
62 102
62 105
62 129
62 138
64 5
65 19
65 25
65 42
65 88
65 99
65 139
65 141
65 148
65 161
65 166
65 171
65 172
66 2
66 8
66 87
66 117
66 122
66 145
67 10
67 32
67 37
67 46
67 52
67 111
67 116
67 131
67 134
67 168
67 185
68 19
68 25
68 42
68 88
68 99
68 141
68 148
68 161
68 166
68 171
68 172
69 6
69 8
69 11
69 16
69 31
69 57
69 76
69 86
69 87
69 89
69 113
69 114
69 115
69 117
69 125
69 130
69 145
69 147
69 162
69 164
69 169
69 188
70 12
70 15
70 17
70 29
70 41
70 43
70 49
70 51
70 85
70 92
70 123
70 149
70 150
70 151
70 152
70 155
70 167
70 173
70 179
73 10
73 12
73 22
73 34
73 46
73 49
73 50
73 51
73 74
73 91
73 92
73 111
73 120
73 131
73 152
73 158
73 167
73 177
73 179
73 185
74 10
74 12
74 22
74 34
74 46
74 49
74 50
74 91
74 92
74 111
74 120
74 131
74 158
74 167
74 177
74 179
74 185
77 35
77 93
77 171
77 178
78 12
78 15
78 17
78 29
78 36
78 55
78 79
78 83
78 85
78 94
78 149
78 150
78 152
78 155
78 167
79 12
79 15
79 17
79 29
79 36
79 55
79 85
79 94
79 149
79 150
79 152
79 155
79 167
80 35
80 61
80 139
80 171
81 97
82 26
82 40
82 63
82 72
82 81
82 97
82 98
83 12
83 15
83 17
83 29
83 36
83 55
83 85
83 94
83 149
83 150
83 155
84 13
84 71
84 186
85 12
85 15
85 17
85 29
85 149
85 150
86 8
86 16
86 76
86 87
86 117
87 8
88 148
89 6
89 8
89 16
89 76
89 113
90 13
90 71
90 84
90 103
90 186
91 10
91 22
91 34
91 46
91 49
91 50
91 92
91 111
91 120
91 131
91 158
91 177
91 179
91 185
92 49
94 17
94 149
95 10
95 34
95 46
95 49
95 50
95 111
95 116
95 120
95 131
95 144
95 158
95 168
95 177
95 185
96 23
96 25
96 71
96 75
96 99
96 105
96 110
96 112
96 129
96 148
96 161
98 40
98 72
99 25
99 148
99 161
100 37
100 52
100 168
100 182
100 185
101 9
101 19
101 25
101 35
101 42
101 60
101 61
101 65
101 77
101 80
101 88
101 93
101 99
101 139
101 141
101 148
101 157
101 161
101 166
101 171
101 172
101 178
102 33
102 71
102 129
103 71
103 186
104 3
104 5
104 21
104 40
104 45
104 64
104 81
104 97
104 121
104 133
104 136
104 142
104 165
105 71
105 75
105 129
106 0
106 12
106 15
106 17
106 29
106 36
106 85
106 94
106 149
106 150
106 152
106 155
106 167
106 173
106 179
107 9
107 19
107 25
107 35
107 39
107 42
107 60
107 61
107 65
107 68
107 77
107 80
107 88
107 93
107 99
107 101
107 118
107 139
107 141
107 148
107 157
107 161
107 166
107 171
107 172
107 178
109 13
109 20
109 37
109 52
109 71
109 84
109 90
109 103
109 168
109 186
110 25
110 75
110 99
110 148
110 161
111 131
111 185
112 75
112 129
113 6
113 8
113 16
113 76
114 6
116 10
116 46
116 111
116 131
116 168
116 185
118 19
118 25
118 99
118 148
118 161
119 5
119 21
119 30
119 36
119 55
119 64
119 97
119 121
119 126
119 137
119 149
119 165
119 174
121 5
121 64
122 2
122 117
122 145
123 12
123 15
123 17
123 29
123 43
123 49
123 51
123 92
123 149
123 150
123 151
123 152
123 167
123 173
123 179
124 32
124 37
124 52
124 111
124 131
124 134
124 168
124 182
124 185
124 187
125 6
125 8
125 16
125 57
125 76
125 86
125 87
125 89
125 113
125 114
125 115
125 117
125 147
126 5
126 21
126 64
126 121
126 174
127 5
127 12
127 14
127 15
127 17
127 29
127 36
127 55
127 83
127 85
127 94
127 149
127 150
127 155
127 174
128 5
128 12
128 14
128 15
128 17
128 29
128 36
128 55
128 83
128 85
128 94
128 149
128 150
128 155
128 174
130 115
130 169
132 13
132 24
132 33
132 52
132 71
132 84
132 90
132 102
132 103
132 129
132 153
132 186
133 3
133 5
133 21
133 45
133 64
133 81
133 97
133 121
133 136
133 165
134 32
134 52
134 131
134 168
134 185
135 32
135 37
135 52
135 100
135 131
135 134
135 168
135 182
135 185
135 187
136 3
136 5
136 21
136 45
136 81
136 97
136 165
137 5
137 21
137 64
137 97
137 121
137 165
138 24
138 33
138 71
138 75
138 102
138 105
138 129
139 171
140 145
141 19
141 25
141 99
141 148
141 161
141 166
142 3
142 5
142 21
142 40
142 45
142 64
142 81
142 97
142 121
142 133
142 136
142 165
143 140
143 145
144 10
144 46
144 50
144 111
144 116
144 131
144 168
144 185
146 35
146 93
146 115
146 130
146 154
146 159
146 169
146 171
146 178
147 6
147 8
147 16
147 76
147 113
147 114
147 115
150 12
150 15
150 17
150 149
151 12
151 15
151 17
151 29
151 49
151 51
151 92
151 149
151 150
151 152
151 167
151 173
151 179
152 12
152 167
153 13
153 33
153 52
153 71
153 84
153 90
153 102
153 103
153 129
153 186
154 93
154 115
155 12
155 15
155 17
155 29
155 149
155 150
156 3
156 5
156 21
156 40
156 45
156 81
156 97
156 165
157 25
157 35
157 42
157 60
157 61
157 80
157 88
157 139
157 148
157 161
157 171
158 49
158 50
158 120
159 115
160 13
160 20
160 33
160 37
160 52
160 71
160 84
160 90
160 103
160 109
160 129
160 168
160 182
160 186
161 148
162 6
162 76
162 114
162 115
163 10
163 32
163 34
163 46
163 49
163 50
163 52
163 111
163 116
163 120
163 131
163 134
163 144
163 158
163 168
163 177
163 185
164 8
164 11
164 16
164 76
164 86
164 87
164 117
164 145
165 5
165 21
165 97
166 19
166 25
166 148
166 161
167 12
169 115
170 19
170 23
170 24
170 25
170 71
170 75
170 96
170 99
170 105
170 110
170 112
170 118
170 129
170 148
170 161
172 19
172 25
172 42
172 88
172 148
172 161
172 166
173 12
173 15
173 17
173 29
173 149
173 150
173 152
173 167
173 179
175 19
175 25
175 42
175 59
175 75
175 88
175 99
175 110
175 112
175 118
175 129
175 141
175 148
175 161
175 166
175 172
176 6
176 8
176 16
176 31
176 57
176 76
176 87
176 89
176 93
176 113
176 114
176 115
176 130
176 147
176 154
176 159
176 162
176 169
176 188
177 10
177 34
177 46
177 49
177 50
177 111
177 120
177 131
177 158
177 185
178 35
178 93
178 171
180 35
180 54
180 61
180 77
180 80
180 93
180 115
180 130
180 139
180 146
180 154
180 159
180 169
180 171
180 178
180 183
181 3
181 5
181 21
181 45
181 64
181 81
181 97
181 121
181 133
181 136
181 137
181 165
182 37
182 52
182 168
183 35
183 77
183 93
183 115
183 154
183 171
183 178
184 0
184 12
184 15
184 17
184 29
184 49
184 51
184 85
184 92
184 94
184 149
184 150
184 151
184 152
184 155
184 167
184 173
184 179
187 32
187 37
187 52
187 131
187 134
187 168
187 182
187 185
188 6
188 8
188 16
188 76
188 87
188 89
188 113
188 114
188 115
188 130
188 147
188 162
188 169
189 32
189 37
189 52
189 100
189 131
189 168
189 182
189 185
