20 190
0 1 77 9
0 2 91 9
0 3 14 50
0 4 16 95
0 5 37 22
0 6 79 16
0 7 53 81
0 8 72 18
0 9 2 78
0 10 53 55
0 11 61 47
0 12 35 84
0 13 63 26
0 14 27 24
0 15 1 46
0 16 46 67
0 17 28 15
0 18 22 67
0 19 100 72
1 2 66 27
1 3 60 57
1 4 23 89
1 5 21 82
1 6 81 75
1 7 77 21
1 8 3 22
1 9 62 75
1 10 3 45
1 11 36 65
1 12 68 62
1 13 23 51
1 14 86 42
1 15 94 77
1 16 27 40
1 17 39 57
1 18 30 93
1 19 93 55
2 3 83 83
2 4 99 43
2 5 75 41
2 6 14 65
2 7 24 57
2 8 1 80
2 9 91 26
2 10 62 76
2 11 56 32
2 12 30 49
2 13 87 76
2 14 79 39
2 15 94 11
2 16 51 47
2 17 91 75
2 18 4 44
2 19 37 35
3 4 92 47
3 5 6 72
3 6 37 17
3 7 78 41
3 8 72 42
3 9 31 45
3 10 5 67
3 11 18 65
3 12 73 84
3 13 51 69
3 14 20 55
3 15 86 56
3 16 7 82
3 17 18 24
3 18 70 72
3 19 25 34
4 5 93 12
4 6 46 42
4 7 81 39
4 8 69 81
4 9 75 9
4 10 76 44
4 11 50 56
4 12 36 49
4 13 71 21
4 14 84 19
4 15 80 16
4 16 69 11
4 17 25 32
4 18 23 25
4 19 84 25
5 6 64 25
5 7 22 82
5 8 75 43
5 9 68 76
5 10 41 48
5 11 74 73
5 12 27 42
5 13 84 7
5 14 26 51
5 15 86 22
5 16 12 52
5 17 2 94
5 18 2 83
5 19 28 30
6 7 92 21
6 8 39 17
6 9 60 42
6 10 86 17
6 11 99 43
6 12 3 33
6 13 41 60
6 14 26 74
6 15 7 96
6 16 39 22
6 17 12 48
6 18 48 90
6 19 65 53
7 8 23 31
7 9 46 73
7 10 8 71
7 11 6 37
7 12 1 49
7 13 48 88
7 14 81 48
7 15 3 55
7 16 100 57
7 17 59 40
7 18 85 12
7 19 83 18
8 9 96 57
8 10 76 69
8 11 63 19
8 12 13 36
8 13 65 69
8 14 24 16
8 15 0 72
8 16 25 42
8 17 84 81
8 18 59 28
8 19 75 7
9 10 49 22
9 11 80 82
9 12 23 56
9 13 77 31
9 14 12 43
9 15 3 28
9 16 87 38
9 17 1 84
9 18 42 60
9 19 41 28
10 11 9 77
10 12 67 76
10 13 62 19
10 14 93 57
10 15 38 36
10 16 42 81
10 17 11 46
10 18 79 49
10 19 80 16
11 12 7 88
11 13 6 87
11 14 5 97
11 15 52 38
11 16 31 91
11 17 25 35
11 18 78 73
11 19 56 70
12 13 42 83
12 14 100 12
12 15 67 16
12 16 61 82
12 17 49 85
12 18 74 28
12 19 54 44
13 14 13 56
13 15 89 25
13 16 69 14
13 17 66 26
13 18 66 16
13 19 56 27
14 15 68 50
14 16 36 14
14 17 82 17
14 18 82 12
14 19 72 63
15 16 8 36
15 17 3 93
15 18 11 26
15 19 73 34
16 17 60 31
16 18 78 6
16 19 20 94
17 18 13 63
17 19 96 22
18 19 73 65
0 1
0 5
0 18
0 23
0 24
0 31
0 32
0 36
0 37
0 38
0 43
0 47
0 48
0 49
0 51
0 54
0 57
0 65
0 70
0 72
0 79
0 80
0 84
0 94
0 99
0 102
0 103
0 118
0 120
0 122
0 123
0 124
0 132
0 136
0 138
0 141
0 148
0 152
0 153
0 160
0 163
0 170
0 177
0 178
0 188
1 18
1 32
1 36
1 38
1 43
1 49
1 51
1 54
1 70
1 99
1 103
1 120
1 124
1 148
1 163
1 188
2 3
2 6
2 9
2 11
2 15
2 17
2 18
2 20
2 21
2 22
2 23
2 26
2 28
2 29
2 30
2 32
2 34
2 35
2 36
2 37
2 40
2 41
2 44
2 47
2 51
2 61
2 62
2 63
2 64
2 65
2 68
2 73
2 76
2 86
2 88
2 90
2 93
2 105
2 106
2 110
2 111
2 113
2 117
2 120
2 124
2 125
2 128
2 132
2 136
2 137
2 143
2 146
2 148
2 150
2 158
2 160
2 161
2 162
2 165
2 166
2 175
2 179
2 186
2 189
4 6
4 9
4 10
4 12
4 15
4 18
4 19
4 20
4 23
4 26
4 29
4 31
4 32
4 34
4 36
4 37
4 38
4 39
4 43
4 44
4 45
4 47
4 48
4 50
4 51
4 53
4 54
4 57
4 58
4 62
4 63
4 65
4 68
4 71
4 72
4 73
4 75
4 76
4 84
4 85
4 87
4 88
4 89
4 90
4 94
4 101
4 103
4 105
4 108
4 110
4 111
4 113
4 117
4 118
4 120
4 121
4 124
4 125
4 128
4 132
4 133
4 135
4 136
4 138
4 141
4 143
4 144
4 146
4 148
4 149
4 150
4 152
4 157
4 160
4 161
4 162
4 165
4 166
4 167
4 168
4 170
4 172
4 174
4 175
4 179
4 183
4 184
4 188
4 189
5 18
5 23
5 31
5 32
5 36
5 37
5 38
5 43
5 47
5 48
5 51
5 54
5 65
5 72
5 79
5 80
5 84
5 94
5 99
5 102
5 103
5 118
5 120
5 123
5 124
5 132
5 136
5 141
5 148
5 152
5 153
5 170
5 177
5 188
6 37
6 62
6 73
6 132
6 136
6 165
7 18
7 23
7 24
7 31
7 32
7 36
7 37
7 38
7 39
7 43
7 47
7 48
7 51
7 54
7 57
7 58
7 62
7 65
7 72
7 75
7 79
7 84
7 87
7 90
7 94
7 99
7 103
7 118
7 120
7 123
7 124
7 125
7 132
7 136
7 138
7 141
7 148
7 152
7 160
7 167
7 170
7 179
7 183
7 188
7 189
8 3
8 6
8 11
8 21
8 22
8 35
8 37
8 62
8 66
8 73
8 86
8 96
8 97
8 107
8 110
8 117
8 132
8 136
8 150
8 154
8 155
8 156
8 158
8 162
8 165
8 166
8 181
8 186
9 6
9 18
9 20
9 23
9 26
9 29
9 32
9 36
9 37
9 44
9 47
9 51
9 62
9 65
9 68
9 73
9 88
9 90
9 120
9 124
9 125
9 128
9 132
9 136
9 146
9 148
9 160
9 161
9 165
9 179
9 189
10 18
10 23
10 26
10 29
10 32
10 36
10 37
10 44
10 47
10 51
10 54
10 62
10 65
10 68
10 73
10 88
10 90
10 111
10 118
10 120
10 124
10 125
10 128
10 132
10 136
10 146
10 148
10 152
10 160
10 165
10 175
10 179
10 189
11 62
11 110
11 117
11 166
12 18
12 19
12 23
12 29
12 31
12 32
12 36
12 37
12 38
12 39
12 43
12 47
12 48
12 51
12 54
12 57
12 58
12 62
12 65
12 68
12 72
12 73
12 75
12 87
12 88
12 90
12 103
12 111
12 118
12 120
12 124
12 125
12 128
12 132
12 136
12 138
12 141
12 146
12 148
12 152
12 160
12 167
12 172
12 175
12 179
12 183
12 189
13 6
13 9
13 10
13 11
13 12
13 15
13 18
13 19
13 20
13 23
13 26
13 28
13 29
13 31
13 32
13 33
13 34
13 35
13 36
13 37
13 38
13 39
13 43
13 44
13 45
13 46
13 47
13 48
13 50
13 51
13 53
13 54
13 57
13 58
13 59
13 62
13 63
13 65
13 68
13 71
13 72
13 73
13 75
13 76
13 77
13 84
13 85
13 87
13 88
13 89
13 90
13 91
13 98
13 101
13 103
13 105
13 110
13 111
13 113
13 117
13 118
13 120
13 121
13 124
13 125
13 128
13 132
13 133
13 136
13 138
13 141
13 143
13 144
13 146
13 148
13 149
13 150
13 152
13 157
13 158
13 160
13 161
13 162
13 165
13 166
13 167
13 168
13 170
13 172
13 174
13 175
13 179
13 183
13 184
13 189
14 2
14 3
14 6
14 8
14 9
14 10
14 11
14 15
14 17
14 18
14 20
14 21
14 22
14 23
14 26
14 28
14 29
14 30
14 32
14 34
14 35
14 36
14 37
14 40
14 41
14 42
14 44
14 46
14 47
14 50
14 51
14 54
14 55
14 60
14 61
14 62
14 63
14 64
14 65
14 66
14 68
14 73
14 76
14 77
14 86
14 88
14 89
14 90
14 93
14 95
14 96
14 97
14 105
14 106
14 107
14 109
14 110
14 111
14 113
14 114
14 116
14 117
14 118
14 119
14 120
14 124
14 125
14 128
14 132
14 136
14 137
14 142
14 143
14 145
14 146
14 148
14 150
14 151
14 152
14 154
14 155
14 156
14 158
14 160
14 161
14 162
14 165
14 166
14 169
14 175
14 179
14 181
14 186
14 187
14 189
15 6
15 18
15 23
15 26
15 32
15 37
15 44
15 47
15 51
15 62
15 63
15 68
15 73
15 88
15 90
15 110
15 113
15 117
15 125
15 128
15 132
15 136
15 146
15 160
15 161
15 165
15 166
16 4
16 5
16 6
16 7
16 9
16 10
16 11
16 12
16 15
16 18
16 19
16 20
16 23
16 24
16 26
16 28
16 29
16 31
16 32
16 34
16 35
16 36
16 37
16 38
16 39
16 43
16 44
16 45
16 46
16 47
16 48
16 50
16 51
16 53
16 54
16 56
16 57
16 58
16 59
16 62
16 63
16 65
16 68
16 71
16 72
16 73
16 75
16 76
16 77
16 78
16 79
16 80
16 84
16 85
16 87
16 88
16 89
16 90
16 94
16 98
16 99
16 100
16 101
16 102
16 103
16 105
16 108
16 110
16 111
16 113
16 117
16 118
16 120
16 121
16 123
16 124
16 125
16 126
16 128
16 132
16 133
16 135
16 136
16 138
16 141
16 143
16 144
16 146
16 147
16 148
16 149
16 150
16 152
16 153
16 157
16 158
16 160
16 161
16 162
16 164
16 165
16 166
16 167
16 168
16 170
16 172
16 173
16 174
16 175
16 177
16 179
16 183
16 184
16 188
16 189
17 6
17 11
17 15
17 18
17 21
17 23
17 26
17 32
17 35
17 37
17 44
17 47
17 51
17 62
17 63
17 68
17 73
17 86
17 88
17 90
17 106
17 110
17 113
17 117
17 125
17 128
17 132
17 136
17 146
17 150
17 158
17 160
17 161
17 162
17 165
17 166
19 18
19 23
19 29
19 31
19 32
19 36
19 37
19 38
19 39
19 47
19 48
19 51
19 54
19 57
19 58
19 62
19 65
19 68
19 72
19 73
19 75
19 87
19 88
19 90
19 103
19 118
19 120
19 124
19 125
19 132
19 136
19 138
19 141
19 146
19 148
19 152
19 160
19 167
19 175
19 179
19 183
19 189
20 18
20 23
20 26
20 29
20 32
20 37
20 44
20 47
20 51
20 62
20 68
20 73
20 88
20 90
20 120
20 124
20 125
20 128
20 132
20 136
20 146
20 148
20 160
20 165
20 179
20 189
21 35
21 110
21 158
22 11
22 21
22 35
22 37
22 62
22 86
22 110
22 117
22 136
22 158
22 162
22 165
22 166
23 32
23 37
23 47
23 51
23 132
24 18
24 23
24 31
24 32
24 36
24 37
24 38
24 43
24 47
24 48
24 51
24 54
24 57
24 65
24 72
24 84
24 94
24 99
24 103
24 118
24 120
24 124
24 132
24 136
24 138
24 141
24 148
24 152
24 160
24 170
24 188
25 2
25 3
25 4
25 6
25 9
25 10
25 11
25 12
25 13
25 15
25 17
25 18
25 19
25 20
25 21
25 22
25 23
25 26
25 27
25 28
25 29
25 30
25 31
25 32
25 33
25 34
25 35
25 36
25 37
25 38
25 39
25 40
25 41
25 43
25 44
25 45
25 46
25 47
25 48
25 50
25 51
25 52
25 53
25 54
25 55
25 57
25 58
25 59
25 60
25 61
25 62
25 63
25 64
25 65
25 66
25 67
25 68
25 69
25 71
25 72
25 73
25 75
25 76
25 77
25 82
25 83
25 84
25 85
25 86
25 87
25 88
25 89
25 90
25 91
25 93
25 94
25 95
25 98
25 101
25 103
25 104
25 105
25 106
25 107
25 108
25 109
25 110
25 111
25 112
25 113
25 114
25 115
25 117
25 118
25 119
25 120
25 121
25 124
25 125
25 127
25 128
25 131
25 132
25 133
25 135
25 136
25 137
25 138
25 139
25 140
25 141
25 143
25 144
25 145
25 146
25 148
25 149
25 150
25 151
25 152
25 154
25 155
25 156
25 157
25 158
25 159
25 160
25 161
25 162
25 165
25 166
25 167
25 168
25 169
25 170
25 172
25 174
25 175
25 179
25 180
25 181
25 182
25 183
25 184
25 186
25 187
25 188
25 189
26 23
26 32
26 37
26 44
26 47
26 51
26 62
26 73
26 88
26 132
26 136
26 146
27 2
27 3
27 6
27 9
27 10
27 11
27 15
27 17
27 18
27 20
27 21
27 22
27 23
27 26
27 28
27 29
27 30
27 32
27 34
27 35
27 36
27 37
27 40
27 41
27 44
27 46
27 47
27 50
27 51
27 54
27 55
27 59
27 60
27 61
27 62
27 63
27 64
27 65
27 66
27 68
27 73
27 76
27 77
27 86
27 88
27 89
27 90
27 93
27 95
27 105
27 106
27 107
27 109
27 110
27 111
27 113
27 114
27 117
27 118
27 119
27 120
27 124
27 125
27 128
27 132
27 136
27 137
27 143
27 145
27 146
27 148
27 150
27 151
27 152
27 154
27 155
27 156
27 158
27 160
27 161
27 162
27 165
27 166
27 169
27 175
27 179
27 181
27 186
27 187
27 189
28 6
28 15
28 18
28 23
28 26
28 32
28 37
28 44
28 47
28 51
28 62
28 63
28 68
28 73
28 88
28 90
28 110
28 113
28 117
28 125
28 128
28 132
28 136
28 146
28 150
28 160
28 161
28 162
28 165
28 166
28 189
29 18
29 23
29 32
29 37
29 47
29 51
29 62
29 68
29 73
29 88
29 90
29 125
29 132
29 136
29 160
29 179
29 189
30 6
30 9
30 11
30 15
30 18
30 20
30 21
30 23
30 26
30 28
30 29
30 32
30 34
30 35
30 36
30 37
30 41
30 44
30 47
30 51
30 62
30 63
30 65
30 68
30 73
30 76
30 88
30 90
30 93
30 105
30 106
30 110
30 111
30 113
30 117
30 120
30 124
30 125
30 128
30 132
30 136
30 137
30 143
30 146
30 148
30 150
30 158
30 160
30 161
30 162
30 165
30 166
30 179
30 189
31 18
31 32
31 36
31 38
31 47
31 51
31 54
31 65
31 103
31 120
31 124
31 148
33 6
33 9
33 10
33 11
33 15
33 18
33 20
33 23
33 26
33 28
33 29
33 31
33 32
33 34
33 35
33 36
33 37
33 38
33 39
33 44
33 46
33 47
33 50
33 51
33 54
33 57
33 58
33 59
33 62
33 63
33 65
33 68
33 71
33 73
33 75
33 76
33 77
33 87
33 88
33 89
33 90
33 91
33 101
33 103
33 105
33 110
33 111
33 113
33 117
33 118
33 120
33 121
33 124
33 125
33 128
33 132
33 136
33 143
33 146
33 148
33 150
33 152
33 158
33 160
33 161
33 162
33 165
33 166
33 168
33 175
33 179
33 189
34 6
34 15
34 18
34 20
34 23
34 26
34 29
34 32
34 37
34 44
34 47
34 51
34 62
34 63
34 68
34 73
34 88
34 90
34 105
34 110
34 113
34 117
34 120
34 124
34 125
34 128
34 132
34 136
34 143
34 146
34 148
34 150
34 160
34 161
34 162
34 165
34 166
34 179
34 189
36 18
36 32
36 120
36 124
36 148
38 18
38 120
39 18
39 23
39 31
39 32
39 36
39 37
39 38
39 47
39 51
39 54
39 57
39 65
39 75
39 87
39 103
39 118
39 120
39 124
39 125
39 132
39 136
39 148
39 152
39 160
40 3
40 6
40 11
40 15
40 17
40 18
40 21
40 22
40 23
40 26
40 28
40 32
40 35
40 37
40 44
40 47
40 51
40 61
40 62
40 63
40 68
40 73
40 86
40 88
40 90
40 106
40 110
40 113
40 117
40 125
40 128
40 132
40 136
40 146
40 150
40 158
40 160
40 161
40 162
40 165
40 166
40 186
40 189
41 6
41 11
41 15
41 18
41 20
41 23
41 26
41 28
41 29
41 32
41 34
41 35
41 37
41 44
41 47
41 51
41 62
41 63
41 68
41 73
41 88
41 90
41 105
41 106
41 110
41 113
41 117
41 120
41 124
41 125
41 128
41 132
41 136
41 143
41 146
41 148
41 150
41 158
41 160
41 161
41 162
41 165
41 166
41 179
41 189
42 3
42 6
42 11
42 21
42 22
42 35
42 37
42 62
42 66
42 73
42 86
42 96
42 97
42 107
42 110
42 117
42 132
42 136
42 142
42 150
42 154
42 155
42 156
42 158
42 162
42 165
42 166
42 181
42 186
43 18
43 32
43 36
43 38
43 51
43 54
43 103
43 120
43 124
43 148
44 32
44 37
44 47
44 62
44 73
44 88
44 132
44 136
44 146
45 10
45 18
45 20
45 23
45 26
45 29
45 31
45 32
45 36
45 37
45 38
45 39
45 44
45 47
45 48
45 51
45 54
45 57
45 58
45 62
45 65
45 68
45 72
45 73
45 75
45 87
45 88
45 90
45 101
45 103
45 111
45 118
45 120
45 121
45 124
45 125
45 128
45 132
45 136
45 141
45 146
45 148
45 152
45 160
45 161
45 165
45 175
45 179
45 183
45 189
46 6
46 9
46 11
46 15
46 18
46 20
46 23
46 26
46 28
46 29
46 32
46 34
46 35
46 36
46 37
46 44
46 47
46 51
46 62
46 63
46 65
46 68
46 73
46 76
46 77
46 88
46 90
46 105
46 110
46 111
46 113
46 117
46 120
46 124
46 125
46 128
46 132
46 136
46 143
46 146
46 148
46 150
46 152
46 158
46 160
46 161
46 162
46 165
46 166
46 175
46 179
46 189
47 32
48 18
48 23
48 31
48 32
48 36
48 37
48 38
48 47
48 51
48 54
48 65
48 72
48 103
48 118
48 120
48 124
48 132
48 136
48 148
48 152
49 18
49 32
49 38
49 103
49 120
49 124
49 163
49 188
50 6
50 9
50 10
50 18
50 20
50 23
50 26
50 29
50 32
50 36
50 37
50 44
50 47
50 51
50 54
50 62
50 63
50 65
50 68
50 73
50 88
50 90
50 111
50 118
50 120
50 124
50 125
50 128
50 132
50 136
50 146
50 148
50 152
50 160
50 161
50 165
50 175
50 179
50 189
51 32
52 2
52 3
52 6
52 9
52 10
52 11
52 15
52 17
52 18
52 20
52 21
52 22
52 23
52 26
52 28
52 29
52 30
52 32
52 34
52 35
52 36
52 37
52 40
52 41
52 44
52 46
52 47
52 50
52 51
52 54
52 55
52 59
52 60
52 61
52 62
52 63
52 64
52 65
52 66
52 68
52 73
52 75
52 76
52 77
52 86
52 88
52 89
52 90
52 93
52 95
52 105
52 106
52 107
52 109
52 110
52 111
52 113
52 114
52 117
52 118
52 120
52 124
52 125
52 128
52 132
52 136
52 137
52 143
52 145
52 146
52 148
52 150
52 151
52 152
52 154
52 155
52 156
52 158
52 160
52 161
52 162
52 165
52 166
52 168
52 169
52 175
52 179
52 186
52 187
52 189
53 6
53 9
53 10
53 15
53 18
53 20
53 23
53 26
53 29
53 31
53 32
53 34
53 36
53 37
53 38
53 39
53 44
53 47
53 48
53 50
53 51
53 54
53 57
53 58
53 62
53 63
53 65
53 68
53 71
53 72
53 73
53 75
53 76
53 87
53 88
53 89
53 90
53 101
53 103
53 105
53 110
53 111
53 113
53 117
53 118
53 120
53 121
53 124
53 125
53 128
53 132
53 136
53 141
53 143
53 146
53 148
53 149
53 150
53 152
53 157
53 160
53 161
53 162
53 165
53 166
53 168
53 175
53 179
53 189
54 18
54 32
54 36
54 120
54 124
54 148
55 3
55 6
55 11
55 18
55 21
55 22
55 23
55 26
55 32
55 35
55 37
55 44
55 47
55 51
55 62
55 66
55 68
55 73
55 86
55 88
55 90
55 106
55 107
55 110
55 113
55 117
55 132
55 136
55 145
55 146
55 150
55 154
55 155
55 158
55 160
55 162
55 165
55 166
55 186
56 4
56 6
56 7
56 9
56 10
56 12
56 15
56 18
56 19
56 20
56 23
56 24
56 26
56 29
56 31
56 32
56 34
56 36
56 37
56 38
56 39
56 43
56 44
56 45
56 47
56 48
56 50
56 51
56 53
56 54
56 57
56 58
56 62
56 63
56 65
56 68
56 71
56 72
56 73
56 75
56 76
56 78
56 79
56 84
56 85
56 87
56 88
56 89
56 90
56 94
56 99
56 100
56 101
56 102
56 103
56 105
56 108
56 110
56 111
56 113
56 117
56 118
56 120
56 121
56 123
56 124
56 125
56 126
56 128
56 132
56 133
56 135
56 136
56 138
56 141
56 143
56 144
56 146
56 147
56 148
56 149
56 150
56 152
56 157
56 160
56 161
56 162
56 165
56 166
56 167
56 168
56 170
56 172
56 174
56 175
56 177
56 179
56 183
56 184
56 188
56 189
57 18
57 23
57 31
57 32
57 36
57 37
57 38
57 47
57 51
57 54
57 65
57 103
57 118
57 120
57 124
57 132
57 136
57 148
57 152
57 160
58 18
58 23
58 31
58 32
58 36
58 37
58 38
58 47
58 51
58 54
58 62
58 65
58 75
58 87
58 90
58 103
58 118
58 120
58 124
58 125
58 132
58 136
58 148
58 152
58 160
58 179
58 189
59 6
59 9
59 10
59 11
59 15
59 18
59 20
59 23
59 26
59 28
59 29
59 32
59 34
59 36
59 37
59 44
59 47
59 50
59 51
59 54
59 62
59 63
59 65
59 68
59 73
59 76
59 77
59 88
59 89
59 90
59 105
59 110
59 111
59 113
59 117
59 118
59 120
59 124
59 125
59 128
59 132
59 136
59 143
59 146
59 148
59 150
59 152
59 158
59 160
59 161
59 162
59 165
59 166
59 175
59 179
59 189
60 3
60 6
60 11
60 15
60 17
60 18
60 21
60 22
60 23
60 26
60 32
60 35
60 37
60 44
60 47
60 51
60 55
60 62
60 63
60 66
60 68
60 73
60 86
60 88
60 90
60 106
60 107
60 110
60 113
60 114
60 117
60 125
60 128
60 132
60 136
60 145
60 146
60 150
60 154
60 155
60 156
60 158
60 160
60 161
60 162
60 165
60 166
60 186
61 6
61 11
61 15
61 17
61 18
61 21
61 22
61 23
61 26
61 28
61 32
61 35
61 37
61 44
61 47
61 51
61 62
61 63
61 68
61 73
61 86
61 88
61 90
61 106
61 110
61 113
61 117
61 125
61 128
61 132
61 136
61 146
61 150
61 158
61 160
61 161
61 162
61 165
61 166
61 186
61 189
63 6
63 18
63 23
63 26
63 32
63 37
63 44
63 47
63 51
63 62
63 68
63 73
63 88
63 90
63 125
63 128
63 132
63 136
63 146
63 160
63 161
63 165
64 6
64 9
64 11
64 15
64 17
64 18
64 20
64 21
64 22
64 23
64 26
64 28
64 29
64 32
64 34
64 35
64 36
64 37
64 41
64 44
64 47
64 51
64 62
64 63
64 65
64 68
64 73
64 76
64 86
64 88
64 90
64 105
64 106
64 110
64 113
64 117
64 120
64 124
64 125
64 128
64 132
64 136
64 137
64 143
64 146
64 148
64 150
64 158
64 160
64 161
64 162
64 165
64 166
64 179
64 186
64 189
65 18
65 32
65 47
65 51
65 120
65 124
65 148
66 3
66 11
66 21
66 22
66 35
66 37
66 62
66 86
66 107
66 110
66 117
66 136
66 154
66 158
66 162
66 165
66 166
66 186
67 6
67 9
67 10
67 11
67 12
67 13
67 15
67 17
67 18
67 19
67 20
67 21
67 22
67 23
67 26
67 28
67 29
67 30
67 31
67 32
67 33
67 34
67 35
67 36
67 37
67 38
67 39
67 41
67 43
67 44
67 45
67 46
67 47
67 48
67 50
67 51
67 53
67 54
67 57
67 58
67 59
67 61
67 62
67 63
67 64
67 65
67 68
67 69
67 71
67 72
67 73
67 75
67 76
67 77
67 82
67 83
67 84
67 85
67 86
67 87
67 88
67 89
67 90
67 91
67 93
67 98
67 101
67 103
67 105
67 106
67 110
67 111
67 112
67 113
67 117
67 118
67 120
67 121
67 124
67 125
67 128
67 131
67 132
67 133
67 136
67 137
67 138
67 141
67 143
67 144
67 146
67 148
67 149
67 150
67 152
67 157
67 158
67 159
67 160
67 161
67 162
67 165
67 166
67 167
67 168
67 170
67 172
67 174
67 175
67 179
67 183
67 184
67 186
67 189
68 18
68 23
68 32
68 37
68 47
68 51
68 62
68 90
68 132
68 136
68 160
69 6
69 9
69 10
69 11
69 15
69 18
69 20
69 23
69 26
69 28
69 29
69 31
69 32
69 33
69 34
69 35
69 36
69 37
69 38
69 39
69 44
69 46
69 47
69 48
69 50
69 51
69 53
69 54
69 57
69 58
69 59
69 62
69 63
69 65
69 68
69 71
69 72
69 73
69 75
69 76
69 77
69 87
69 88
69 89
69 90
69 91
69 93
69 101
69 103
69 105
69 106
69 110
69 111
69 113
69 117
69 118
69 120
69 121
69 124
69 125
69 128
69 131
69 132
69 136
69 141
69 143
69 146
69 148
69 149
69 150
69 152
69 157
69 158
69 159
69 160
69 161
69 162
69 165
69 166
69 168
69 175
69 179
69 183
69 189
70 18
70 32
70 36
70 38
70 103
70 120
70 124
70 148
70 163
70 188
71 6
71 9
71 10
71 15
71 18
71 20
71 23
71 26
71 29
71 31
71 32
71 36
71 37
71 38
71 44
71 47
71 50
71 51
71 54
71 58
71 62
71 63
71 65
71 68
71 73
71 75
71 76
71 87
71 88
71 90
71 101
71 103
71 110
71 111
71 113
71 117
71 118
71 120
71 124
71 125
71 128
71 132
71 136
71 146
71 148
71 152
71 160
71 161
71 165
71 166
71 168
71 175
71 179
71 189
72 18
72 23
72 31
72 32
72 36
72 37
72 38
72 47
72 51
72 54
72 65
72 103
72 118
72 120
72 124
72 132
72 148
73 37
73 62
73 132
73 136
74 0
74 1
74 5
74 18
74 23
74 24
74 31
74 32
74 36
74 37
74 38
74 39
74 43
74 47
74 48
74 49
74 51
74 54
74 57
74 65
74 70
74 72
74 75
74 79
74 80
74 84
74 87
74 94
74 99
74 102
74 103
74 118
74 120
74 122
74 123
74 124
74 125
74 132
74 136
74 138
74 141
74 148
74 152
74 153
74 160
74 163
74 170
74 177
74 178
74 188
75 18
75 23
75 32
75 36
75 37
75 47
75 51
75 54
75 65
75 118
75 120
75 124
75 125
75 132
75 136
75 148
75 152
75 160
76 6
76 18
76 20
76 23
76 26
76 29
76 32
76 37
76 44
76 47
76 51
76 62
76 63
76 65
76 68
76 73
76 88
76 90
76 120
76 124
76 125
76 128
76 132
76 136
76 146
76 148
76 160
76 161
76 165
76 179
76 189
77 6
77 9
77 15
77 18
77 20
77 23
77 26
77 28
77 29
77 32
77 34
77 36
77 37
77 44
77 47
77 51
77 62
77 63
77 65
77 68
77 73
77 76
77 88
77 90
77 105
77 110
77 111
77 113
77 117
77 120
77 124
77 125
77 128
77 132
77 136
77 143
77 146
77 148
77 150
77 152
77 160
77 161
77 162
77 165
77 166
77 175
77 179
77 189
78 18
78 23
78 24
78 31
78 32
78 36
78 37
78 38
78 39
78 43
78 47
78 48
78 51
78 54
78 57
78 58
78 62
78 65
78 72
78 75
78 84
78 87
78 90
78 94
78 99
78 103
78 118
78 120
78 124
78 125
78 132
78 136
78 138
78 141
78 148
78 152
78 160
78 167
78 170
78 179
78 183
78 188
78 189
79 18
79 31
79 32
79 36
79 38
79 43
79 47
79 51
79 54
79 65
79 84
79 94
79 99
79 103
79 120
79 124
79 132
79 141
79 148
79 170
79 188
80 18
80 23
80 31
80 32
80 36
80 37
80 38
80 43
80 47
80 51
80 54
80 65
80 72
80 79
80 84
80 94
80 99
80 102
80 103
80 118
80 120
80 123
80 124
80 132
80 136
80 141
80 148
80 170
80 177
80 188
81 5
81 7
81 18
81 23
81 24
81 31
81 32
81 36
81 37
81 38
81 39
81 43
81 47
81 48
81 49
81 51
81 54
81 57
81 58
81 62
81 65
81 68
81 70
81 72
81 73
81 75
81 78
81 79
81 80
81 84
81 87
81 90
81 94
81 99
81 102
81 103
81 118
81 120
81 122
81 123
81 124
81 125
81 132
81 136
81 138
81 141
81 148
81 152
81 153
81 160
81 163
81 167
81 170
81 171
81 177
81 178
81 179
81 183
81 188
81 189
82 6
82 9
82 10
82 11
82 15
82 18
82 20
82 23
82 26
82 28
82 29
82 31
82 32
82 33
82 34
82 35
82 36
82 37
82 38
82 39
82 44
82 45
82 46
82 47
82 48
82 50
82 51
82 53
82 54
82 57
82 58
82 59
82 62
82 63
82 65
82 68
82 69
82 71
82 72
82 73
82 75
82 76
82 77
82 87
82 88
82 89
82 90
82 91
82 93
82 101
82 103
82 105
82 106
82 110
82 111
82 113
82 117
82 118
82 120
82 121
82 124
82 125
82 128
82 131
82 132
82 136
82 141
82 143
82 146
82 148
82 149
82 150
82 152
82 157
82 158
82 159
82 160
82 161
82 162
82 165
82 166
82 168
82 175
82 179
82 183
82 189
83 6
83 9
83 10
83 11
83 12
83 15
83 18
83 19
83 20
83 21
83 23
83 26
83 28
83 29
83 30
83 31
83 32
83 33
83 34
83 35
83 36
83 37
83 38
83 39
83 41
83 43
83 44
83 45
83 46
83 47
83 48
83 50
83 51
83 53
83 54
83 57
83 58
83 59
83 62
83 63
83 65
83 68
83 69
83 71
83 72
83 73
83 75
83 76
83 77
83 82
83 84
83 85
83 87
83 88
83 89
83 90
83 91
83 93
83 98
83 101
83 103
83 105
83 106
83 110
83 111
83 112
83 113
83 117
83 118
83 120
83 121
83 124
83 125
83 128
83 131
83 132
83 133
83 136
83 137
83 138
83 141
83 143
83 144
83 146
83 148
83 149
83 150
83 152
83 157
83 158
83 159
83 160
83 161
83 162
83 165
83 166
83 167
83 168
83 170
83 172
83 174
83 175
83 179
83 183
83 184
83 189
84 18
84 31
84 32
84 36
84 38
84 43
84 47
84 51
84 54
84 65
84 103
84 120
84 124
84 132
84 141
84 148
84 170
85 18
85 19
85 23
85 29
85 31
85 32
85 36
85 37
85 38
85 39
85 43
85 47
85 48
85 51
85 54
85 57
85 58
85 62
85 65
85 68
85 72
85 73
85 75
85 84
85 87
85 88
85 90
85 103
85 111
85 118
85 120
85 124
85 125
85 128
85 132
85 136
85 138
85 141
85 146
85 148
85 152
85 160
85 167
85 170
85 172
85 175
85 179
85 183
85 189
86 11
86 21
86 35
86 37
86 62
86 110
86 117
86 136
86 158
86 162
86 165
86 166
87 18
87 23
87 32
87 36
87 37
87 38
87 47
87 51
87 54
87 65
87 75
87 103
87 118
87 120
87 124
87 125
87 132
87 136
87 148
87 152
87 160
88 32
88 37
88 47
88 62
88 73
88 132
88 136
89 6
89 9
89 15
89 18
89 20
89 23
89 26
89 29
89 32
89 36
89 37
89 44
89 47
89 51
89 62
89 63
89 65
89 68
89 73
89 76
89 88
89 90
89 105
89 110
89 111
89 113
89 117
89 118
89 120
89 124
89 125
89 128
89 132
89 136
89 143
89 146
89 148
89 150
89 152
89 160
89 161
89 162
89 165
89 166
89 175
89 179
89 189
90 23
90 32
90 37
90 47
90 51
90 132
90 136
90 160
91 6
91 9
91 10
91 11
91 15
91 18
91 20
91 23
91 26
91 28
91 29
91 31
91 32
91 34
91 35
91 36
91 37
91 38
91 44
91 46
91 47
91 50
91 51
91 54
91 58
91 59
91 62
91 63
91 65
91 68
91 71
91 73
91 75
91 76
91 77
91 87
91 88
91 89
91 90
91 101
91 103
91 105
91 110
91 111
91 113
91 117
91 118
91 120
91 124
91 125
91 128
91 132
91 136
91 143
91 146
91 148
91 150
91 152
91 158
91 160
91 161
91 162
91 165
91 166
91 168
91 175
91 179
91 189
92 1
92 18
92 31
92 32
92 36
92 38
92 43
92 47
92 49
92 51
92 54
92 65
92 70
92 79
92 84
92 94
92 99
92 102
92 103
92 120
92 122
92 124
92 132
92 141
92 148
92 163
92 170
92 188
93 6
93 9
93 11
93 15
93 18
93 20
93 23
93 26
93 28
93 29
93 32
93 34
93 35
93 36
93 37
93 44
93 47
93 51
93 62
93 63
93 65
93 68
93 73
93 76
93 88
93 90
93 105
93 106
93 110
93 111
93 113
93 117
93 120
93 124
93 125
93 128
93 132
93 136
93 143
93 146
93 148
93 150
93 158
93 160
93 161
93 162
93 165
93 166
93 179
93 189
94 18
94 31
94 32
94 36
94 38
94 43
94 47
94 51
94 54
94 65
94 103
94 120
94 124
94 141
94 148
94 170
94 188
95 3
95 6
95 9
95 11
95 15
95 17
95 18
95 20
95 21
95 22
95 23
95 26
95 28
95 29
95 32
95 34
95 35
95 36
95 37
95 40
95 41
95 44
95 47
95 51
95 61
95 62
95 63
95 64
95 65
95 68
95 73
95 76
95 86
95 88
95 90
95 105
95 106
95 110
95 111
95 113
95 117
95 120
95 124
95 125
95 128
95 132
95 136
95 137
95 143
95 146
95 148
95 150
95 158
95 160
95 161
95 162
95 165
95 166
95 169
95 179
95 186
95 187
95 189
96 3
96 107
96 156
96 186
97 3
97 11
97 21
97 35
97 37
97 62
97 96
97 107
97 110
97 117
97 154
97 155
97 156
97 158
97 162
97 166
97 181
97 186
98 6
98 9
98 10
98 11
98 15
98 18
98 20
98 23
98 26
98 28
98 29
98 31
98 32
98 34
98 35
98 36
98 37
98 38
98 39
98 44
98 45
98 46
98 47
98 48
98 50
98 51
98 53
98 54
98 57
98 58
98 59
98 62
98 63
98 65
98 68
98 71
98 72
98 73
98 75
98 76
98 77
98 87
98 88
98 89
98 90
98 101
98 103
98 105
98 110
98 111
98 113
98 117
98 118
98 120
98 121
98 124
98 125
98 128
98 132
98 136
98 138
98 141
98 143
98 146
98 148
98 149
98 150
98 152
98 157
98 158
98 160
98 161
98 162
98 165
98 166
98 168
98 175
98 179
98 183
98 184
98 189
99 18
99 32
99 36
99 38
99 54
99 103
99 120
99 124
99 148
99 188
100 6
100 7
100 9
100 10
100 12
100 15
100 18
100 19
100 20
100 23
100 24
100 26
100 29
100 31
100 32
100 34
100 36
100 37
100 38
100 39
100 43
100 44
100 45
100 47
100 48
100 50
100 51
100 54
100 57
100 58
100 62
100 63
100 65
100 68
100 71
100 72
100 73
100 75
100 76
100 78
100 79
100 84
100 85
100 87
100 88
100 89
100 90
100 94
100 99
100 101
100 102
100 103
100 105
100 108
100 110
100 111
100 113
100 117
100 118
100 120
100 121
100 123
100 124
100 125
100 126
100 128
100 132
100 133
100 135
100 136
100 138
100 141
100 143
100 144
100 146
100 147
100 148
100 150
100 152
100 157
100 160
100 161
100 162
100 165
100 166
100 167
100 168
100 170
100 172
100 174
100 175
100 177
100 179
100 183
100 184
100 188
100 189
101 10
101 18
101 20
101 23
101 26
101 29
101 31
101 32
101 36
101 37
101 38
101 44
101 47
101 51
101 54
101 58
101 62
101 65
101 68
101 73
101 75
101 87
101 88
101 90
101 103
101 111
101 118
101 120
101 124
101 125
101 128
101 132
101 136
101 146
101 148
101 152
101 160
101 165
101 175
101 179
101 189
102 18
102 31
102 32
102 36
102 38
102 43
102 47
102 51
102 54
102 65
102 94
102 99
102 103
102 120
102 124
102 141
102 148
102 170
102 188
103 18
103 120
104 2
104 3
104 6
104 9
104 10
104 11
104 15
104 17
104 18
104 20
104 21
104 22
104 23
104 26
104 27
104 28
104 29
104 30
104 31
104 32
104 33
104 34
104 35
104 36
104 37
104 38
104 39
104 40
104 41
104 44
104 46
104 47
104 48
104 50
104 51
104 52
104 53
104 54
104 55
104 57
104 58
104 59
104 60
104 61
104 62
104 63
104 64
104 65
104 66
104 68
104 69
104 71
104 72
104 73
104 75
104 76
104 77
104 86
104 87
104 88
104 89
104 90
104 91
104 93
104 95
104 101
104 103
104 105
104 106
104 107
104 109
104 110
104 111
104 113
104 114
104 115
104 117
104 118
104 119
104 120
104 121
104 124
104 125
104 127
104 128
104 131
104 132
104 136
104 137
104 139
104 141
104 143
104 145
104 146
104 148
104 149
104 150
104 151
104 152
104 154
104 155
104 156
104 157
104 158
104 159
104 160
104 161
104 162
104 165
104 166
104 168
104 169
104 175
104 179
104 180
104 181
104 183
104 186
104 187
104 189
105 6
105 15
105 18
105 23
105 26
105 29
105 32
105 37
105 44
105 47
105 51
105 62
105 63
105 68
105 73
105 88
105 90
105 110
105 113
105 117
105 125
105 128
105 132
105 136
105 143
105 146
105 150
105 160
105 161
105 162
105 165
105 166
105 179
105 189
106 6
106 11
106 23
106 26
106 32
106 35
106 37
106 44
106 47
106 51
106 62
106 73
106 88
106 110
106 117
106 132
106 136
106 146
106 150
106 158
106 162
106 165
106 166
108 6
108 9
108 10
108 12
108 15
108 18
108 19
108 20
108 23
108 26
108 29
108 31
108 32
108 34
108 36
108 37
108 38
108 39
108 43
108 44
108 45
108 47
108 48
108 50
108 51
108 54
108 57
108 58
108 62
108 63
108 65
108 68
108 71
108 72
108 73
108 75
108 76
108 84
108 85
108 87
108 88
108 89
108 90
108 94
108 101
108 103
108 105
108 110
108 111
108 113
108 117
108 118
108 120
108 121
108 124
108 125
108 128
108 132
108 133
108 135
108 136
108 138
108 141
108 143
108 144
108 146
108 148
108 150
108 152
108 157
108 160
108 161
108 162
108 165
108 166
108 167
108 168
108 170
108 172
108 174
108 175
108 179
108 183
108 184
108 188
108 189
109 2
109 3
109 6
109 9
109 11
109 15
109 17
109 18
109 20
109 21
109 22
109 23
109 26
109 28
109 29
109 30
109 32
109 34
109 35
109 36
109 37
109 40
109 41
109 44
109 46
109 47
109 51
109 61
109 62
109 63
109 64
109 65
109 68
109 73
109 76
109 77
109 86
109 88
109 89
109 90
109 93
109 95
109 105
109 106
109 110
109 111
109 113
109 117
109 118
109 120
109 124
109 125
109 128
109 132
109 136
109 137
109 143
109 146
109 148
109 150
109 152
109 158
109 160
109 161
109 162
109 165
109 166
109 169
109 175
109 179
109 186
109 187
109 189
111 18
111 23
111 29
111 32
111 36
111 37
111 47
111 51
111 62
111 65
111 68
111 73
111 88
111 90
111 120
111 124
111 125
111 128
111 132
111 136
111 146
111 148
111 160
111 179
111 189
112 6
112 9
112 10
112 11
112 15
112 18
112 20
112 21
112 23
112 26
112 28
112 29
112 30
112 31
112 32
112 33
112 34
112 35
112 36
112 37
112 38
112 39
112 41
112 44
112 45
112 46
112 47
112 48
112 50
112 51
112 53
112 54
112 57
112 58
112 59
112 62
112 63
112 65
112 68
112 69
112 71
112 72
112 73
112 75
112 76
112 77
112 82
112 87
112 88
112 89
112 90
112 91
112 93
112 101
112 103
112 105
112 106
112 110
112 111
112 113
112 117
112 118
112 120
112 121
112 124
112 125
112 128
112 131
112 132
112 136
112 137
112 138
112 141
112 143
112 146
112 148
112 149
112 150
112 152
112 157
112 158
112 159
112 160
112 161
112 162
112 165
112 166
112 168
112 175
112 179
112 183
112 184
112 189
113 6
113 23
113 26
113 32
113 37
113 44
113 47
113 51
113 62
113 73
113 88
113 90
113 110
113 117
113 132
113 136
113 146
113 160
113 165
113 166
114 3
114 6
114 11
114 18
114 21
114 22
114 23
114 26
114 32
114 35
114 37
114 44
114 47
114 51
114 62
114 68
114 73
114 86
114 88
114 90
114 106
114 110
114 113
114 117
114 132
114 136
114 145
114 146
114 150
114 158
114 160
114 162
114 165
114 166
114 186
115 2
115 3
115 6
115 9
115 10
115 11
115 15
115 17
115 18
115 20
115 21
115 22
115 23
115 26
115 28
115 29
115 30
115 31
115 32
115 33
115 34
115 35
115 36
115 37
115 38
115 39
115 40
115 41
115 44
115 46
115 47
115 48
115 50
115 51
115 54
115 55
115 57
115 58
115 59
115 61
115 62
115 63
115 64
115 65
115 66
115 68
115 71
115 72
115 73
115 75
115 76
115 77
115 86
115 87
115 88
115 89
115 90
115 91
115 93
115 95
115 101
115 103
115 105
115 106
115 107
115 109
115 110
115 111
115 113
115 114
115 117
115 118
115 120
115 121
115 124
115 125
115 128
115 131
115 132
115 136
115 137
115 139
115 141
115 143
115 145
115 146
115 148
115 150
115 151
115 152
115 154
115 155
115 157
115 158
115 160
115 161
115 162
115 165
115 166
115 168
115 169
115 175
115 179
115 186
115 187
115 189
116 2
116 3
116 6
116 8
116 9
116 11
116 15
116 17
116 18
116 20
116 21
116 22
116 23
116 26
116 28
116 29
116 30
116 32
116 34
116 35
116 36
116 37
116 40
116 41
116 42
116 44
116 46
116 47
116 51
116 55
116 60
116 61
116 62
116 63
116 64
116 65
116 66
116 68
116 73
116 76
116 77
116 86
116 88
116 90
116 93
116 95
116 96
116 97
116 105
116 106
116 107
116 110
116 111
116 113
116 114
116 117
116 119
116 120
116 124
116 125
116 128
116 132
116 136
116 137
116 142
116 143
116 145
116 146
116 148
116 150
116 152
116 154
116 155
116 156
116 158
116 160
116 161
116 162
116 165
116 166
116 169
116 175
116 179
116 181
116 186
116 187
116 189
117 110
118 18
118 23
118 32
118 36
118 37
118 47
118 51
118 65
118 120
118 124
118 132
118 148
119 3
119 6
119 9
119 11
119 15
119 17
119 18
119 20
119 21
119 22
119 23
119 26
119 28
119 29
119 32
119 34
119 35
119 36
119 37
119 40
119 41
119 44
119 47
119 51
119 55
119 60
119 61
119 62
119 63
119 64
119 65
119 66
119 68
119 73
119 76
119 86
119 88
119 90
119 105
119 106
119 107
119 110
119 113
119 114
119 117
119 120
119 124
119 125
119 128
119 132
119 136
119 137
119 143
119 145
119 146
119 148
119 150
119 154
119 155
119 156
119 158
119 160
119 161
119 162
119 165
119 166
119 169
119 179
119 181
119 186
119 187
119 189
120 18
121 10
121 18
121 20
121 23
121 26
121 29
121 31
121 32
121 36
121 37
121 38
121 39
121 44
121 47
121 51
121 54
121 57
121 58
121 62
121 65
121 68
121 73
121 75
121 87
121 88
121 90
121 101
121 103
121 111
121 118
121 120
121 124
121 125
121 128
121 132
121 136
121 146
121 148
121 152
121 160
121 165
121 175
121 179
121 189
122 18
122 31
122 32
122 36
122 38
122 43
122 47
122 51
122 54
122 65
122 70
122 94
122 99
122 102
122 103
122 120
122 124
122 141
122 148
122 163
122 170
122 188
123 18
123 31
123 32
123 36
123 37
123 38
123 43
123 47
123 51
123 54
123 65
123 79
123 84
123 94
123 99
123 103
123 120
123 124
123 132
123 141
123 148
123 170
123 188
124 18
124 120
125 18
125 23
125 32
125 37
125 47
125 51
125 132
125 136
125 160
126 12
126 18
126 19
126 23
126 24
126 29
126 31
126 32
126 36
126 37
126 38
126 39
126 43
126 47
126 48
126 51
126 54
126 57
126 58
126 62
126 65
126 68
126 72
126 73
126 75
126 78
126 79
126 84
126 85
126 87
126 88
126 90
126 94
126 99
126 103
126 111
126 118
126 120
126 124
126 125
126 128
126 132
126 136
126 138
126 141
126 146
126 148
126 152
126 160
126 167
126 170
126 172
126 175
126 179
126 183
126 188
126 189
127 2
127 3
127 6
127 9
127 10
127 11
127 15
127 17
127 18
127 20
127 21
127 22
127 23
127 26
127 28
127 29
127 30
127 31
127 32
127 33
127 34
127 35
127 36
127 37
127 38
127 39
127 40
127 41
127 44
127 46
127 47
127 48
127 50
127 51
127 54
127 57
127 58
127 59
127 61
127 62
127 63
127 64
127 65
127 68
127 71
127 72
127 73
127 75
127 76
127 77
127 86
127 87
127 88
127 89
127 90
127 91
127 93
127 101
127 103
127 105
127 106
127 110
127 111
127 113
127 117
127 118
127 120
127 121
127 124
127 125
127 128
127 131
127 132
127 136
127 137
127 141
127 143
127 146
127 148
127 149
127 150
127 152
127 157
127 158
127 160
127 161
127 162
127 165
127 166
127 168
127 169
127 175
127 179
127 186
127 187
127 189
128 18
128 23
128 32
128 37
128 47
128 51
128 62
128 68
128 73
128 88
128 90
128 125
128 132
128 136
128 146
128 160
129 4
129 5
129 6
129 7
129 9
129 10
129 11
129 12
129 13
129 15
129 18
129 19
129 20
129 23
129 24
129 26
129 28
129 29
129 31
129 32
129 33
129 34
129 35
129 36
129 37
129 38
129 39
129 41
129 43
129 44
129 45
129 46
129 47
129 48
129 50
129 51
129 53
129 54
129 56
129 57
129 58
129 59
129 62
129 63
129 65
129 68
129 69
129 71
129 72
129 73
129 75
129 76
129 77
129 78
129 79
129 80
129 82
129 84
129 85
129 87
129 88
129 89
129 90
129 91
129 93
129 94
129 98
129 99
129 100
129 101
129 102
129 103
129 105
129 106
129 108
129 110
129 111
129 113
129 117
129 118
129 120
129 121
129 123
129 124
129 125
129 126
129 128
129 131
129 132
129 133
129 135
129 136
129 138
129 141
129 143
129 144
129 146
129 147
129 148
129 149
129 150
129 152
129 153
129 157
129 158
129 159
129 160
129 161
129 162
129 164
129 165
129 166
129 167
129 168
129 170
129 172
129 173
129 174
129 175
129 177
129 179
129 183
129 184
129 188
129 189
130 3
130 6
130 8
130 11
130 18
130 21
130 22
130 23
130 26
130 32
130 35
130 37
130 42
130 44
130 47
130 51
130 55
130 62
130 66
130 68
130 73
130 86
130 88
130 90
130 96
130 97
130 106
130 107
130 110
130 113
130 117
130 132
130 136
130 142
130 145
130 146
130 150
130 154
130 155
130 156
130 158
130 160
130 162
130 165
130 166
130 181
130 186
131 6
131 9
131 10
131 11
131 15
131 18
131 20
131 23
131 26
131 28
131 29
131 31
131 32
131 34
131 35
131 36
131 37
131 38
131 44
131 46
131 47
131 50
131 51
131 54
131 58
131 59
131 62
131 63
131 65
131 68
131 71
131 73
131 75
131 76
131 77
131 87
131 88
131 89
131 90
131 91
131 93
131 101
131 103
131 105
131 106
131 110
131 111
131 113
131 117
131 118
131 120
131 124
131 125
131 128
131 132
131 136
131 143
131 146
131 148
131 150
131 152
131 158
131 160
131 161
131 162
131 165
131 166
131 168
131 175
131 179
131 189
133 10
133 18
133 20
133 23
133 26
133 29
133 31
133 32
133 36
133 37
133 38
133 39
133 44
133 47
133 48
133 51
133 54
133 57
133 58
133 62
133 65
133 68
133 72
133 73
133 75
133 87
133 88
133 90
133 101
133 103
133 111
133 118
133 120
133 121
133 124
133 125
133 128
133 132
133 136
133 138
133 141
133 146
133 148
133 152
133 160
133 165
133 167
133 175
133 179
133 183
133 184
133 189
134 0
134 1
134 5
134 18
134 23
134 24
134 31
134 32
134 36
134 37
134 38
134 39
134 43
134 47
134 48
134 49
134 51
134 54
134 57
134 65
134 70
134 72
134 74
134 75
134 79
134 80
134 84
134 87
134 92
134 94
134 99
134 102
134 103
134 118
134 120
134 122
134 123
134 124
134 125
134 132
134 136
134 138
134 141
134 148
134 152
134 153
134 160
134 163
134 170
134 177
134 178
134 188
135 6
135 9
135 10
135 12
135 18
135 19
135 20
135 23
135 26
135 29
135 31
135 32
135 36
135 37
135 38
135 39
135 43
135 44
135 45
135 47
135 48
135 50
135 51
135 54
135 57
135 58
135 62
135 63
135 65
135 68
135 72
135 73
135 75
135 76
135 84
135 85
135 87
135 88
135 90
135 94
135 101
135 103
135 111
135 118
135 120
135 121
135 124
135 125
135 128
135 132
135 133
135 136
135 138
135 141
135 146
135 148
135 152
135 157
135 160
135 161
135 165
135 166
135 167
135 168
135 170
135 172
135 174
135 175
135 179
135 183
135 184
135 188
135 189
136 37
137 6
137 11
137 15
137 18
137 20
137 21
137 23
137 26
137 28
137 29
137 32
137 34
137 35
137 37
137 41
137 44
137 47
137 51
137 62
137 63
137 65
137 68
137 73
137 76
137 88
137 90
137 105
137 106
137 110
137 113
137 117
137 120
137 124
137 125
137 128
137 132
137 136
137 143
137 146
137 148
137 150
137 158
137 160
137 161
137 162
137 165
137 166
137 179
137 189
138 18
138 23
138 31
138 32
138 36
138 37
138 38
138 47
138 48
138 51
138 54
138 57
138 65
138 72
138 103
138 118
138 120
138 124
138 132
138 136
138 141
138 148
138 152
138 160
139 2
139 3
139 6
139 9
139 10
139 11
139 15
139 17
139 18
139 20
139 21
139 22
139 23
139 26
139 28
139 29
139 30
139 32
139 34
139 35
139 36
139 37
139 38
139 40
139 41
139 44
139 46
139 47
139 50
139 51
139 54
139 59
139 61
139 62
139 63
139 64
139 65
139 68
139 73
139 75
139 76
139 77
139 86
139 87
139 88
139 89
139 90
139 93
139 95
139 103
139 105
139 106
139 109
139 110
139 111
139 113
139 117
139 118
139 120
139 124
139 125
139 128
139 132
139 136
139 137
139 143
139 146
139 148
139 150
139 152
139 158
139 160
139 161
139 162
139 165
139 166
139 168
139 169
139 175
139 179
139 186
139 187
139 189
140 2
140 3
140 6
140 9
140 10
140 11
140 15
140 17
140 18
140 20
140 21
140 22
140 23
140 26
140 27
140 28
140 29
140 30
140 31
140 32
140 33
140 34
140 35
140 36
140 37
140 38
140 39
140 40
140 41
140 44
140 45
140 46
140 47
140 48
140 50
140 51
140 52
140 53
140 54
140 55
140 57
140 58
140 59
140 60
140 61
140 62
140 63
140 64
140 65
140 66
140 68
140 69
140 71
140 72
140 73
140 75
140 76
140 77
140 82
140 86
140 87
140 88
140 89
140 90
140 91
140 93
140 95
140 98
140 101
140 103
140 104
140 105
140 106
140 107
140 109
140 110
140 111
140 112
140 113
140 114
140 115
140 117
140 118
140 119
140 120
140 121
140 124
140 125
140 127
140 128
140 131
140 132
140 133
140 136
140 137
140 138
140 139
140 141
140 143
140 144
140 145
140 146
140 148
140 149
140 150
140 151
140 152
140 154
140 155
140 156
140 157
140 158
140 159
140 160
140 161
140 162
140 165
140 166
140 167
140 168
140 169
140 175
140 179
140 180
140 181
140 183
140 184
140 186
140 187
140 189
141 18
141 32
141 36
141 38
141 47
141 51
141 54
141 103
141 120
141 124
141 148
142 3
142 11
142 21
142 35
142 62
142 96
142 107
142 110
142 117
142 154
142 155
142 156
142 158
142 166
142 181
142 186
143 6
143 15
143 18
143 23
143 26
143 29
143 32
143 37
143 44
143 47
143 51
143 62
143 63
143 68
143 73
143 88
143 90
143 110
143 113
143 117
143 125
143 128
143 132
143 136
143 146
143 150
143 160
143 161
143 162
143 165
143 166
143 179
143 189
144 6
144 9
144 10
144 15
144 18
144 20
144 23
144 26
144 29
144 31
144 32
144 36
144 37
144 38
144 39
144 44
144 45
144 47
144 48
144 50
144 51
144 54
144 57
144 58
144 62
144 63
144 65
144 68
144 71
144 72
144 73
144 75
144 76
144 87
144 88
144 89
144 90
144 101
144 103
144 105
144 110
144 111
144 113
144 117
144 118
144 120
144 121
144 124
144 125
144 128
144 132
144 133
144 136
144 138
144 141
144 143
144 146
144 148
144 150
144 152
144 157
144 160
144 161
144 162
144 165
144 166
144 167
144 168
144 175
144 179
144 183
144 184
144 189
145 3
145 6
145 11
145 21
145 22
145 32
145 35
145 37
145 62
145 73
145 86
145 110
145 117
145 132
145 136
145 150
145 158
145 162
145 165
145 166
145 186
146 32
146 37
146 47
146 62
146 73
146 88
146 132
146 136
147 12
147 18
147 19
147 23
147 24
147 26
147 29
147 31
147 32
147 36
147 37
147 38
147 39
147 43
147 44
147 47
147 48
147 51
147 54
147 57
147 58
147 62
147 65
147 68
147 72
147 73
147 75
147 78
147 79
147 84
147 85
147 87
147 88
147 90
147 94
147 99
147 103
147 111
147 118
147 120
147 124
147 125
147 126
147 128
147 132
147 136
147 138
147 141
147 146
147 148
147 152
147 160
147 167
147 170
147 172
147 175
147 179
147 183
147 188
147 189
148 18
148 32
148 120
148 124
149 6
149 9
149 10
149 15
149 18
149 20
149 23
149 26
149 29
149 31
149 32
149 34
149 36
149 37
149 38
149 39
149 44
149 47
149 48
149 50
149 51
149 54
149 57
149 58
149 62
149 63
149 65
149 68
149 71
149 72
149 73
149 75
149 76
149 87
149 88
149 89
149 90
149 101
149 103
149 105
149 110
149 111
149 113
149 117
149 118
149 120
149 121
149 124
149 125
149 128
149 132
149 136
149 141
149 143
149 146
149 148
149 150
149 152
149 157
149 160
149 161
149 162
149 165
149 166
149 168
149 175
149 179
149 189
150 6
150 37
150 62
150 73
150 110
150 117
150 132
150 136
150 162
150 165
150 166
151 2
151 3
151 6
151 9
151 10
151 11
151 15
151 17
151 18
151 20
151 21
151 22
151 23
151 26
151 28
151 29
151 30
151 32
151 34
151 35
151 36
151 37
151 40
151 41
151 44
151 46
151 47
151 50
151 51
151 54
151 61
151 62
151 63
151 64
151 65
151 68
151 73
151 76
151 77
151 86
151 88
151 89
151 90
151 93
151 95
151 105
151 106
151 109
151 110
151 111
151 113
151 117
151 118
151 120
151 124
151 125
151 128
151 132
151 136
151 137
151 143
151 146
151 148
151 150
151 152
151 158
151 160
151 161
151 162
151 165
151 166
151 169
151 175
151 179
151 186
151 187
151 189
152 18
152 23
152 32
152 36
152 37
152 47
152 51
152 65
152 120
152 124
152 132
152 136
152 148
153 18
153 23
153 31
153 32
153 36
153 37
153 38
153 43
153 47
153 51
153 54
153 65
153 72
153 79
153 84
153 94
153 99
153 102
153 103
153 118
153 120
153 123
153 124
153 132
153 136
153 141
153 148
153 170
153 177
153 188
154 3
154 21
154 35
154 107
154 110
154 117
154 158
154 186
155 3
155 21
155 35
155 107
155 110
155 117
155 154
155 158
155 186
157 6
157 9
157 10
157 18
157 20
157 23
157 26
157 29
157 31
157 32
157 36
157 37
157 38
157 39
157 44
157 47
157 48
157 51
157 54
157 57
157 58
157 62
157 65
157 68
157 72
157 73
157 75
157 87
157 88
157 90
157 101
157 103
157 111
157 118
157 120
157 121
157 124
157 125
157 128
157 132
157 136
157 141
157 146
157 148
157 152
157 160
157 161
157 165
157 168
157 175
157 179
157 189
159 6
159 9
159 10
159 11
159 15
159 18
159 20
159 23
159 26
159 28
159 29
159 31
159 32
159 33
159 34
159 35
159 36
159 37
159 38
159 39
159 44
159 46
159 47
159 48
159 50
159 51
159 53
159 54
159 57
159 58
159 59
159 62
159 63
159 65
159 68
159 71
159 72
159 73
159 75
159 76
159 77
159 87
159 88
159 89
159 90
159 91
159 93
159 101
159 103
159 105
159 106
159 110
159 111
159 113
159 117
159 118
159 120
159 121
159 124
159 125
159 128
159 131
159 132
159 136
159 141
159 143
159 146
159 148
159 149
159 150
159 152
159 157
159 158
159 160
159 161
159 162
159 165
159 166
159 168
159 175
159 179
159 189
160 23
160 32
160 37
160 47
160 51
160 132
160 136
161 18
161 23
161 26
161 32
161 37
161 44
161 47
161 51
161 62
161 68
161 73
161 88
161 90
161 132
161 136
161 146
161 160
161 165
162 37
162 62
162 110
162 117
162 166
163 18
163 120
164 5
164 7
164 18
164 23
164 24
164 29
164 31
164 32
164 36
164 37
164 38
164 39
164 43
164 47
164 48
164 51
164 54
164 57
164 58
164 62
164 65
164 68
164 72
164 73
164 75
164 78
164 79
164 80
164 84
164 87
164 88
164 90
164 94
164 99
164 102
164 103
164 118
164 120
164 123
164 124
164 125
164 132
164 136
164 138
164 141
164 146
164 148
164 152
164 153
164 160
164 167
164 170
164 175
164 177
164 179
164 183
164 188
164 189
165 37
165 62
165 136
167 18
167 23
167 31
167 32
167 36
167 37
167 38
167 39
167 47
167 48
167 51
167 54
167 57
167 65
167 72
167 75
167 87
167 90
167 103
167 118
167 120
167 124
167 125
167 132
167 136
167 138
167 141
167 148
167 152
167 160
168 10
168 18
168 20
168 23
168 26
168 29
168 32
168 36
168 37
168 44
168 47
168 51
168 54
168 62
168 65
168 68
168 73
168 75
168 88
168 90
168 111
168 118
168 120
168 124
168 125
168 128
168 132
168 136
168 146
168 148
168 152
168 160
168 161
168 165
168 175
168 179
168 189
169 3
169 6
169 11
169 15
169 17
169 18
169 20
169 21
169 22
169 23
169 26
169 28
169 29
169 32
169 34
169 35
169 37
169 40
169 41
169 44
169 47
169 51
169 61
169 62
169 63
169 65
169 68
169 73
169 76
169 86
169 88
169 90
169 105
169 106
169 110
169 113
169 117
169 120
169 124
169 125
169 128
169 132
169 136
169 137
169 143
169 146
169 148
169 150
169 158
169 160
169 161
169 162
169 165
169 166
169 179
169 186
169 187
169 189
170 18
170 32
170 36
170 38
170 43
170 51
170 54
170 103
170 120
170 124
170 148
171 5
171 7
171 18
171 23
171 24
171 31
171 32
171 36
171 37
171 38
171 39
171 43
171 47
171 48
171 51
171 54
171 57
171 58
171 62
171 65
171 68
171 72
171 73
171 75
171 78
171 79
171 80
171 84
171 87
171 90
171 94
171 99
171 102
171 103
171 118
171 120
171 123
171 124
171 125
171 132
171 136
171 138
171 141
171 148
171 152
171 153
171 160
171 167
171 170
171 177
171 179
171 183
171 188
171 189
172 18
172 19
172 23
172 29
172 31
172 32
172 36
172 37
172 38
172 39
172 43
172 47
172 48
172 51
172 54
172 57
172 58
172 62
172 65
172 68
172 72
172 73
172 75
172 87
172 88
172 90
172 103
172 118
172 120
172 124
172 125
172 132
172 136
172 138
172 141
172 146
172 148
172 152
172 160
172 167
172 175
172 179
172 183
172 189
173 5
173 7
173 18
173 19
173 23
173 24
173 29
173 31
173 32
173 36
173 37
173 38
173 39
173 43
173 47
173 48
173 51
173 54
173 57
173 58
173 62
173 65
173 68
173 72
173 73
173 75
173 78
173 79
173 80
173 84
173 87
173 88
173 90
173 94
173 99
173 102
173 103
173 118
173 120
173 123
173 124
173 125
173 132
173 136
173 138
173 141
173 146
173 148
173 152
173 153
173 160
173 164
173 167
173 170
173 172
173 175
173 177
173 179
173 183
173 188
173 189
174 10
174 18
174 19
174 20
174 23
174 26
174 29
174 31
174 32
174 36
174 37
174 38
174 39
174 44
174 45
174 47
174 48
174 51
174 54
174 57
174 58
174 62
174 65
174 68
174 72
174 73
174 75
174 87
174 88
174 90
174 101
174 103
174 111
174 118
174 120
174 121
174 124
174 125
174 128
174 132
174 133
174 136
174 138
174 141
174 146
174 148
174 152
174 160
174 161
174 165
174 167
174 175
174 179
174 183
174 184
174 189
175 18
175 23
175 29
175 32
175 36
175 37
175 47
175 51
175 62
175 65
175 68
175 73
175 88
175 90
175 120
175 124
175 125
175 132
175 136
175 148
175 160
175 179
175 189
176 4
176 5
176 6
176 7
176 9
176 10
176 12
176 15
176 18
176 19
176 20
176 23
176 24
176 26
176 28
176 29
176 31
176 32
176 34
176 36
176 37
176 38
176 39
176 43
176 44
176 45
176 47
176 48
176 50
176 51
176 53
176 54
176 56
176 57
176 58
176 62
176 63
176 65
176 68
176 71
176 72
176 73
176 75
176 76
176 77
176 78
176 79
176 80
176 84
176 85
176 87
176 88
176 89
176 90
176 94
176 99
176 100
176 101
176 102
176 103
176 105
176 108
176 110
176 111
176 113
176 117
176 118
176 120
176 121
176 123
176 124
176 125
176 126
176 128
176 132
176 133
176 135
176 136
176 138
176 141
176 143
176 144
176 146
176 147
176 148
176 149
176 150
176 152
176 153
176 157
176 160
176 161
176 162
176 164
176 165
176 166
176 167
176 168
176 170
176 171
176 172
176 173
176 174
176 175
176 177
176 179
176 183
176 184
176 188
176 189
177 18
177 31
177 32
177 36
177 37
177 38
177 43
177 47
177 51
177 54
177 65
177 79
177 84
177 94
177 99
177 102
177 103
177 120
177 123
177 124
177 132
177 141
177 148
177 170
177 188
178 18
178 31
178 32
178 36
178 37
178 38
178 43
178 47
178 51
178 54
178 65
178 70
178 79
178 84
178 94
178 99
178 102
178 103
178 120
178 122
178 123
178 124
178 132
178 141
178 148
178 163
178 170
178 177
178 188
179 18
179 23
179 32
179 37
179 47
179 51
179 62
179 90
179 125
179 132
179 136
179 160
179 189
180 2
180 3
180 6
180 9
180 10
180 11
180 15
180 17
180 18
180 20
180 21
180 22
180 23
180 26
180 28
180 29
180 30
180 31
180 32
180 33
180 34
180 35
180 36
180 37
180 38
180 39
180 40
180 41
180 44
180 46
180 47
180 48
180 50
180 51
180 54
180 57
180 58
180 59
180 61
180 62
180 63
180 64
180 65
180 68
180 71
180 72
180 73
180 75
180 76
180 77
180 86
180 87
180 88
180 89
180 90
180 91
180 93
180 95
180 101
180 103
180 105
180 106
180 109
180 110
180 111
180 113
180 114
180 117
180 118
180 120
180 121
180 124
180 125
180 127
180 128
180 131
180 132
180 136
180 137
180 139
180 141
180 143
180 145
180 146
180 148
180 149
180 150
180 151
180 152
180 157
180 158
180 160
180 161
180 162
180 165
180 166
180 168
180 169
180 175
180 179
180 186
180 187
180 189
181 3
181 35
181 107
181 156
181 186
182 2
182 3
182 6
182 9
182 10
182 11
182 12
182 15
182 17
182 18
182 19
182 20
182 21
182 22
182 23
182 26
182 28
182 29
182 30
182 31
182 32
182 33
182 34
182 35
182 36
182 37
182 38
182 39
182 40
182 41
182 43
182 44
182 45
182 46
182 47
182 48
182 50
182 51
182 53
182 54
182 57
182 58
182 59
182 61
182 62
182 63
182 64
182 65
182 68
182 69
182 71
182 72
182 73
182 75
182 76
182 77
182 82
182 86
182 87
182 88
182 89
182 90
182 91
182 93
182 95
182 98
182 101
182 103
182 105
182 106
182 109
182 110
182 111
182 112
182 113
182 117
182 118
182 120
182 121
182 124
182 125
182 127
182 128
182 131
182 132
182 133
182 136
182 137
182 138
182 139
182 141
182 143
182 144
182 146
182 148
182 149
182 150
182 151
182 152
182 157
182 158
182 159
182 160
182 161
182 162
182 165
182 166
182 167
182 168
182 169
182 172
182 174
182 175
182 179
182 183
182 184
182 186
182 187
182 189
183 18
183 23
183 31
183 32
183 36
183 37
183 38
183 39
183 47
183 48
183 51
183 54
183 57
183 62
183 65
183 72
183 75
183 87
183 90
183 103
183 118
183 120
183 124
183 125
183 132
183 136
183 141
183 148
183 152
183 160
183 189
184 10
184 18
184 20
184 23
184 26
184 29
184 31
184 32
184 36
184 37
184 38
184 39
184 44
184 47
184 48
184 51
184 54
184 57
184 58
184 62
184 65
184 68
184 72
184 73
184 75
184 87
184 88
184 90
184 101
184 103
184 111
184 118
184 120
184 124
184 125
184 128
184 132
184 136
184 138
184 141
184 146
184 148
184 152
184 160
184 165
184 175
184 179
184 183
184 189
185 1
185 5
185 18
185 23
185 31
185 32
185 36
185 37
185 38
185 43
185 47
185 48
185 49
185 51
185 54
185 57
185 65
185 70
185 72
185 79
185 80
185 84
185 92
185 94
185 99
185 102
185 103
185 118
185 120
185 122
185 123
185 124
185 132
185 136
185 141
185 148
185 152
185 153
185 160
185 163
185 170
185 177
185 178
185 188
187 3
187 6
187 11
187 15
187 17
187 18
187 21
187 22
187 23
187 26
187 28
187 32
187 35
187 37
187 40
187 44
187 47
187 51
187 61
187 62
187 63
187 68
187 73
187 86
187 88
187 90
187 106
187 110
187 113
187 117
187 125
187 128
187 132
187 136
187 146
187 150
187 158
187 160
187 161
187 162
187 165
187 166
187 179
187 186
187 189
188 18
188 38
188 103
188 120
188 124
189 18
189 23
189 32
189 37
189 47
189 51
189 62
189 90
189 125
189 132
189 136
189 160
