20 190
0 1 24 52
0 2 9 55
0 3 12 77
0 4 30 50
0 5 69 41
0 6 71 38
0 7 96 47
0 8 14 61
0 9 86 11
0 10 17 77
0 11 28 64
0 12 68 36
0 13 78 56
0 14 3 55
0 15 43 35
0 16 76 50
0 17 20 44
0 18 8 79
0 19 52 50
1 2 4 56
1 3 91 53
1 4 51 52
1 5 63 28
1 6 55 59
1 7 84 50
1 8 88 53
1 9 49 68
1 10 26 71
1 11 41 62
1 12 86 49
1 13 75 20
1 14 42 56
1 15 66 51
1 16 77 51
1 17 13 84
1 18 69 55
1 19 69 17
2 3 45 53
2 4 10 84
2 5 94 16
2 6 92 7
2 7 67 54
2 8 62 67
2 9 95 26
2 10 87 23
2 11 56 30
2 12 21 42
2 13 25 81
2 14 57 65
2 15 73 32
2 16 84 28
2 17 79 56
2 18 64 49
2 19 35 44
3 4 37 38
3 5 96 15
3 6 4 71
3 7 45 76
3 8 19 54
3 9 78 60
3 10 82 24
3 11 76 60
3 12 26 40
3 13 94 35
3 14 66 49
3 15 56 57
3 16 61 22
3 17 20 87
3 18 99 10
3 19 24 48
4 5 40 68
4 6 34 34
4 7 10 83
4 8 72 40
4 9 33 50
4 10 48 51
4 11 20 64
4 12 49 36
4 13 60 69
4 14 40 37
4 15 61 49
4 16 57 30
4 17 98 15
4 18 92 46
4 19 80 46
5 6 27 62
5 7 83 16
5 8 87 11
5 9 19 73
5 10 52 48
5 11 64 36
5 12 91 26
5 13 83 44
5 14 97 28
5 15 21 68
5 16 96 36
5 17 24 50
5 18 25 77
5 19 71 56
6 7 74 32
6 8 38 31
6 9 45 43
6 10 13 51
6 11 5 55
6 12 31 42
6 13 37 40
6 14 48 35
6 15 36 60
6 16 49 37
6 17 67 59
6 18 61 55
6 19 73 34
7 8 3 96
7 9 71 62
7 10 53 37
7 11 72 43
7 12 84 32
7 13 15 88
7 14 39 40
7 15 88 54
7 16 88 46
7 17 83 22
7 18 54 49
7 19 84 38
8 9 64 55
8 10 32 74
8 11 95 14
8 12 48 52
8 13 18 49
8 14 53 51
8 15 45 69
8 16 96 38
8 17 60 56
8 18 23 47
8 19 43 32
9 10 92 35
9 11 23 88
9 12 79 38
9 13 66 34
9 14 13 54
9 15 10 50
9 16 30 37
9 17 93 19
9 18 66 44
9 19 79 32
10 11 9 89
10 12 93 9
10 13 92 35
10 14 40 55
10 15 18 90
10 16 93 34
10 17 94 47
10 18 69 64
10 19 47 41
11 12 55 28
11 13 1 83
11 14 84 54
11 15 82 36
11 16 33 36
11 17 40 33
11 18 66 25
11 19 90 39
12 13 74 20
12 14 5 80
12 15 82 33
12 16 41 34
12 17 20 52
12 18 97 47
12 19 98 2
13 14 16 53
13 15 28 38
13 16 56 31
13 17 31 61
13 18 55 63
13 19 47 72
14 15 41 72
14 16 96 52
14 17 8 57
14 18 50 33
14 19 85 34
15 16 38 72
15 17 44 45
15 18 59 52
15 19 49 32
16 17 60 69
16 18 8 64
16 19 55 30
17 18 81 46
17 19 28 48
18 19 63 63
0 10
0 12
0 20
0 21
0 23
0 25
0 26
0 27
0 28
0 31
0 35
0 37
0 41
0 42
0 47
0 48
0 51
0 57
0 59
0 61
0 65
0 70
0 78
0 85
0 97
0 98
0 107
0 109
0 110
0 113
0 119
0 124
0 125
0 127
0 130
0 132
0 148
0 152
0 156
0 172
0 173
0 174
0 175
0 176
0 180
0 182
0 184
0 189
1 2
1 7
1 9
1 10
1 12
1 23
1 26
1 27
1 28
1 31
1 34
1 35
1 38
1 42
1 47
1 48
1 51
1 57
1 59
1 61
1 65
1 67
1 70
1 72
1 76
1 78
1 85
1 88
1 94
1 97
1 98
1 107
1 109
1 110
1 113
1 117
1 124
1 125
1 130
1 132
1 136
1 145
1 148
1 149
1 152
1 172
1 173
1 174
1 175
1 180
1 184
1 189
2 9
2 34
2 47
2 67
2 97
2 117
2 136
2 149
3 12
3 15
3 18
3 20
3 21
3 23
3 24
3 25
3 26
3 28
3 31
3 32
3 33
3 35
3 37
3 41
3 42
3 48
3 51
3 57
3 59
3 61
3 65
3 70
3 74
3 75
3 78
3 98
3 107
3 109
3 110
3 113
3 119
3 124
3 125
3 127
3 129
3 130
3 132
3 148
3 152
3 156
3 172
3 173
3 174
3 175
3 176
3 180
3 182
3 184
3 189
4 6
4 12
4 15
4 20
4 24
4 25
4 29
4 33
4 35
4 51
4 59
4 61
4 83
4 84
4 92
4 98
4 113
4 115
4 119
4 120
4 151
4 152
4 156
4 167
4 176
4 187
5 6
5 12
5 15
5 20
5 24
5 25
5 29
5 33
5 51
5 59
5 61
5 73
5 83
5 84
5 92
5 98
5 113
5 115
5 119
5 120
5 123
5 131
5 137
5 151
5 156
5 161
5 167
5 176
5 187
6 167
6 176
7 9
7 10
7 26
7 27
7 28
7 42
7 47
7 48
7 57
7 67
7 70
7 76
7 78
7 85
7 88
7 94
7 97
7 113
7 117
7 125
7 130
7 136
7 149
7 152
7 172
7 173
7 174
7 175
7 180
7 184
7 189
8 6
8 20
8 25
8 29
8 39
8 43
8 44
8 55
8 63
8 82
8 83
8 87
8 91
8 93
8 95
8 119
8 120
8 126
8 131
8 135
8 142
8 147
8 150
8 151
8 161
8 167
8 176
9 47
9 67
9 97
9 136
9 149
10 26
10 42
10 48
10 57
10 70
10 78
10 125
10 130
10 152
10 174
10 175
10 180
10 184
11 4
11 5
11 6
11 12
11 15
11 20
11 24
11 25
11 29
11 33
11 35
11 51
11 59
11 61
11 73
11 83
11 84
11 92
11 95
11 98
11 113
11 115
11 119
11 120
11 123
11 131
11 137
11 151
11 152
11 156
11 157
11 161
11 167
11 176
11 187
12 51
12 59
13 1
13 2
13 7
13 9
13 10
13 12
13 17
13 19
13 23
13 26
13 27
13 28
13 31
13 34
13 35
13 38
13 42
13 47
13 48
13 51
13 56
13 57
13 59
13 61
13 65
13 67
13 70
13 72
13 76
13 78
13 85
13 88
13 94
13 97
13 98
13 103
13 107
13 109
13 110
13 112
13 113
13 117
13 124
13 125
13 130
13 132
13 136
13 145
13 148
13 149
13 152
13 163
13 172
13 173
13 174
13 175
13 177
13 180
13 184
13 185
13 189
14 4
14 5
14 6
14 11
14 12
14 15
14 18
14 20
14 21
14 23
14 24
14 25
14 26
14 29
14 32
14 33
14 35
14 37
14 41
14 42
14 48
14 51
14 52
14 57
14 59
14 61
14 63
14 64
14 65
14 73
14 75
14 77
14 78
14 80
14 83
14 84
14 89
14 90
14 92
14 95
14 98
14 101
14 106
14 108
14 109
14 110
14 113
14 114
14 115
14 119
14 120
14 122
14 123
14 124
14 127
14 129
14 130
14 131
14 132
14 135
14 137
14 143
14 147
14 151
14 152
14 153
14 156
14 157
14 161
14 167
14 173
14 174
14 176
14 181
14 182
14 184
14 187
14 189
15 12
15 20
15 24
15 25
15 33
15 51
15 59
15 61
15 119
15 156
15 176
16 0
16 3
16 6
16 10
16 12
16 15
16 18
16 20
16 21
16 23
16 24
16 25
16 26
16 27
16 28
16 29
16 31
16 32
16 33
16 35
16 37
16 41
16 42
16 47
16 48
16 51
16 52
16 53
16 57
16 59
16 61
16 64
16 65
16 67
16 69
16 70
16 74
16 75
16 76
16 78
16 80
16 83
16 84
16 85
16 89
16 92
16 94
16 96
16 97
16 98
16 107
16 109
16 110
16 113
16 119
16 120
16 122
16 124
16 125
16 127
16 129
16 130
16 132
16 133
16 136
16 143
16 148
16 151
16 152
16 156
16 166
16 167
16 172
16 173
16 174
16 175
16 176
16 180
16 181
16 182
16 184
16 187
16 188
16 189
17 34
17 38
17 47
17 67
17 72
17 117
17 136
17 145
17 149
18 12
18 15
18 20
18 23
18 24
18 25
18 32
18 33
18 35
18 41
18 42
18 48
18 51
18 59
18 61
18 65
18 78
18 98
18 109
18 110
18 113
18 119
18 124
18 129
18 132
18 152
18 156
18 173
18 176
18 182
18 184
18 189
19 2
19 7
19 9
19 10
19 12
19 17
19 23
19 26
19 27
19 28
19 31
19 34
19 38
19 42
19 47
19 48
19 51
19 56
19 57
19 59
19 61
19 65
19 67
19 70
19 72
19 76
19 78
19 85
19 88
19 94
19 97
19 98
19 107
19 109
19 113
19 117
19 125
19 130
19 132
19 136
19 145
19 149
19 152
19 163
19 172
19 173
19 174
19 175
19 177
19 180
19 184
19 185
19 189
21 12
21 20
21 23
21 25
21 35
21 41
21 42
21 48
21 51
21 59
21 61
21 65
21 78
21 98
21 109
21 110
21 113
21 119
21 124
21 132
21 152
21 156
21 173
21 176
21 182
21 184
21 189
22 4
22 5
22 6
22 11
22 12
22 15
22 20
22 24
22 25
22 29
22 32
22 33
22 35
22 41
22 49
22 50
22 51
22 52
22 59
22 61
22 63
22 64
22 73
22 83
22 84
22 90
22 92
22 93
22 95
22 98
22 99
22 109
22 111
22 113
22 115
22 116
22 119
22 120
22 123
22 124
22 131
22 135
22 137
22 138
22 143
22 144
22 147
22 150
22 151
22 152
22 156
22 157
22 161
22 164
22 167
22 176
22 179
22 187
22 189
23 42
23 48
23 59
23 61
23 78
23 109
23 113
23 152
23 173
23 184
23 189
24 20
24 25
24 119
24 156
24 176
25 20
25 119
26 78
26 184
27 57
27 125
27 174
27 175
27 180
28 26
28 42
28 48
28 57
28 78
28 113
28 130
28 152
28 173
28 174
28 175
28 184
28 189
29 20
29 25
29 119
29 176
30 6
30 12
30 15
30 20
30 24
30 25
30 29
30 33
30 43
30 44
30 50
30 51
30 59
30 60
30 61
30 63
30 83
30 84
30 91
30 92
30 93
30 95
30 116
30 119
30 120
30 121
30 123
30 131
30 135
30 137
30 144
30 147
30 150
30 151
30 156
30 157
30 161
30 164
30 167
30 176
30 179
30 187
31 12
31 23
31 26
31 42
31 48
31 51
31 57
31 59
31 61
31 65
31 78
31 98
31 109
31 113
31 130
31 132
31 152
31 173
31 174
31 184
31 189
32 12
32 20
32 25
32 33
32 35
32 41
32 51
32 59
32 61
32 98
32 109
32 113
32 119
32 152
32 156
32 176
33 12
33 20
33 25
33 51
33 59
33 119
33 156
33 176
34 67
34 117
34 136
34 149
35 12
35 51
35 59
35 61
35 98
35 113
35 152
36 4
36 5
36 6
36 12
36 15
36 20
36 24
36 25
36 29
36 30
36 33
36 35
36 43
36 44
36 49
36 50
36 51
36 59
36 60
36 61
36 63
36 73
36 83
36 84
36 91
36 92
36 93
36 95
36 98
36 99
36 111
36 113
36 115
36 116
36 119
36 120
36 121
36 123
36 131
36 135
36 137
36 142
36 144
36 147
36 150
36 151
36 152
36 156
36 157
36 161
36 162
36 164
36 167
36 176
36 179
36 187
37 12
37 20
37 23
37 25
37 26
37 35
37 41
37 42
37 48
37 51
37 57
37 59
37 61
37 65
37 78
37 98
37 109
37 110
37 113
37 119
37 124
37 130
37 132
37 152
37 156
37 173
37 174
37 184
37 189
38 34
38 67
38 117
38 136
38 149
39 6
39 43
39 63
39 93
39 95
39 131
39 151
39 167
39 176
40 6
40 39
40 43
40 55
40 63
40 68
40 82
40 83
40 93
40 95
40 126
40 131
40 135
40 142
40 146
40 147
40 150
40 151
40 167
40 176
41 12
41 35
41 51
41 59
41 61
41 98
41 109
41 113
41 119
41 152
41 156
43 6
43 93
43 95
43 131
43 167
43 176
44 6
44 20
44 25
44 43
44 63
44 83
44 91
44 93
44 95
44 119
44 120
44 131
44 135
44 147
44 150
44 151
44 161
44 167
44 176
45 4
45 5
45 6
45 11
45 12
45 15
45 20
45 24
45 25
45 29
45 32
45 33
45 35
45 41
45 42
45 48
45 49
45 51
45 52
45 59
45 61
45 63
45 64
45 65
45 73
45 78
45 80
45 81
45 83
45 84
45 90
45 92
45 95
45 98
45 99
45 109
45 110
45 111
45 113
45 115
45 116
45 119
45 120
45 123
45 124
45 131
45 132
45 135
45 137
45 138
45 143
45 144
45 147
45 150
45 151
45 152
45 156
45 157
45 161
45 164
45 167
45 171
45 176
45 179
45 182
45 184
45 187
45 189
46 0
46 3
46 6
46 10
46 12
46 15
46 18
46 20
46 21
46 23
46 24
46 25
46 26
46 27
46 28
46 29
46 31
46 32
46 33
46 35
46 37
46 41
46 42
46 47
46 48
46 51
46 52
46 53
46 57
46 59
46 61
46 64
46 65
46 69
46 70
46 74
46 75
46 78
46 80
46 83
46 84
46 85
46 89
46 92
46 94
46 96
46 97
46 98
46 101
46 104
46 107
46 109
46 110
46 113
46 115
46 119
46 120
46 122
46 124
46 125
46 127
46 129
46 130
46 132
46 133
46 136
46 143
46 148
46 151
46 152
46 156
46 167
46 172
46 173
46 174
46 175
46 176
46 180
46 181
46 182
46 184
46 187
46 188
46 189
48 42
48 78
48 184
49 6
49 12
49 15
49 20
49 24
49 25
49 29
49 33
49 51
49 59
49 61
49 63
49 83
49 84
49 92
49 95
49 99
49 111
49 116
49 119
49 120
49 123
49 131
49 135
49 137
49 144
49 147
49 150
49 151
49 156
49 157
49 161
49 164
49 167
49 176
49 179
49 187
50 6
50 20
50 24
50 25
50 29
50 63
50 83
50 93
50 95
50 116
50 119
50 120
50 123
50 131
50 135
50 147
50 150
50 151
50 156
50 161
50 167
50 176
50 179
52 12
52 15
52 20
52 24
52 25
52 29
52 32
52 33
52 35
52 41
52 51
52 59
52 61
52 64
52 98
52 109
52 113
52 119
52 124
52 152
52 156
52 176
53 6
53 12
53 15
53 18
53 20
53 21
53 23
53 24
53 25
53 26
53 28
53 29
53 31
53 32
53 33
53 35
53 37
53 41
53 42
53 48
53 51
53 52
53 57
53 59
53 61
53 64
53 65
53 70
53 75
53 78
53 80
53 83
53 84
53 89
53 92
53 98
53 107
53 109
53 110
53 113
53 119
53 120
53 122
53 124
53 127
53 129
53 130
53 132
53 143
53 148
53 151
53 152
53 156
53 167
53 173
53 174
53 175
53 176
53 180
53 181
53 182
53 184
53 187
53 189
54 4
54 5
54 6
54 12
54 15
54 18
54 20
54 21
54 23
54 24
54 25
54 26
54 28
54 29
54 31
54 32
54 33
54 35
54 37
54 41
54 42
54 48
54 51
54 52
54 57
54 59
54 61
54 64
54 65
54 70
54 73
54 75
54 78
54 80
54 83
54 84
54 89
54 92
54 98
54 101
54 105
54 109
54 110
54 113
54 115
54 118
54 119
54 120
54 122
54 123
54 124
54 127
54 129
54 130
54 131
54 132
54 137
54 143
54 148
54 151
54 152
54 153
54 156
54 161
54 167
54 173
54 174
54 175
54 176
54 180
54 181
54 182
54 184
54 187
54 189
55 6
55 82
55 93
55 95
55 131
55 167
55 176
56 2
56 9
56 17
56 27
56 34
56 38
56 47
56 57
56 67
56 72
56 88
56 97
56 117
56 125
56 136
56 145
56 149
56 163
56 174
56 175
56 180
58 10
58 12
58 23
58 26
58 27
58 28
58 31
58 35
58 41
58 42
58 47
58 48
58 51
58 57
58 59
58 61
58 65
58 67
58 70
58 76
58 78
58 85
58 88
58 94
58 97
58 98
58 107
58 109
58 110
58 113
58 119
58 124
58 125
58 130
58 132
58 136
58 148
58 152
58 156
58 172
58 173
58 174
58 175
58 180
58 184
58 189
60 6
60 20
60 24
60 25
60 29
60 43
60 50
60 63
60 83
60 91
60 92
60 93
60 95
60 116
60 119
60 120
60 123
60 131
60 135
60 147
60 150
60 151
60 156
60 157
60 161
60 164
60 167
60 176
60 179
61 59
62 3
62 4
62 6
62 10
62 12
62 15
62 18
62 20
62 21
62 23
62 24
62 25
62 26
62 27
62 28
62 29
62 31
62 32
62 33
62 35
62 37
62 41
62 42
62 48
62 51
62 52
62 53
62 57
62 59
62 61
62 64
62 65
62 70
62 73
62 74
62 75
62 78
62 80
62 83
62 84
62 85
62 89
62 92
62 98
62 101
62 104
62 105
62 107
62 109
62 110
62 113
62 115
62 118
62 119
62 120
62 122
62 124
62 125
62 127
62 129
62 130
62 132
62 143
62 148
62 151
62 152
62 153
62 156
62 167
62 172
62 173
62 174
62 175
62 176
62 180
62 181
62 182
62 184
62 187
62 188
62 189
63 6
63 95
63 131
63 151
63 167
63 176
64 12
64 15
64 20
64 24
64 25
64 29
64 32
64 33
64 35
64 41
64 51
64 59
64 61
64 98
64 109
64 113
64 119
64 152
64 156
64 176
65 42
65 48
65 59
65 61
65 78
65 109
65 113
65 152
65 184
65 189
66 4
66 5
66 6
66 11
66 12
66 15
66 20
66 22
66 24
66 25
66 29
66 32
66 33
66 35
66 41
66 42
66 43
66 44
66 49
66 50
66 51
66 52
66 59
66 60
66 61
66 63
66 64
66 73
66 80
66 83
66 84
66 90
66 91
66 92
66 93
66 95
66 98
66 99
66 109
66 110
66 111
66 113
66 115
66 116
66 119
66 120
66 121
66 123
66 124
66 131
66 135
66 137
66 138
66 143
66 144
66 147
66 150
66 151
66 152
66 156
66 157
66 160
66 161
66 164
66 167
66 176
66 179
66 187
66 189
67 136
69 0
69 3
69 10
69 12
69 15
69 18
69 20
69 21
69 23
69 24
69 25
69 26
69 27
69 28
69 29
69 31
69 32
69 33
69 35
69 37
69 41
69 42
69 47
69 48
69 51
69 52
69 57
69 59
69 61
69 64
69 65
69 70
69 74
69 75
69 78
69 80
69 85
69 89
69 96
69 97
69 98
69 107
69 109
69 110
69 113
69 119
69 122
69 124
69 125
69 127
69 129
69 130
69 132
69 148
69 152
69 156
69 172
69 173
69 174
69 175
69 176
69 180
69 182
69 184
69 188
69 189
70 26
70 57
70 78
70 130
70 174
70 175
70 184
71 4
71 5
71 6
71 11
71 12
71 14
71 15
71 18
71 20
71 21
71 23
71 24
71 25
71 26
71 28
71 29
71 31
71 32
71 33
71 35
71 37
71 41
71 42
71 48
71 51
71 52
71 53
71 54
71 57
71 59
71 61
71 63
71 64
71 65
71 70
71 73
71 75
71 77
71 78
71 79
71 80
71 83
71 84
71 89
71 90
71 92
71 95
71 98
71 101
71 105
71 106
71 107
71 108
71 109
71 110
71 111
71 113
71 114
71 115
71 118
71 119
71 120
71 122
71 123
71 124
71 127
71 129
71 130
71 131
71 132
71 135
71 137
71 138
71 143
71 147
71 148
71 150
71 151
71 152
71 153
71 156
71 157
71 161
71 165
71 167
71 173
71 174
71 175
71 176
71 179
71 180
71 181
71 182
71 184
71 187
71 189
72 34
72 38
72 67
72 117
72 136
72 149
73 6
73 12
73 15
73 20
73 24
73 25
73 29
73 33
73 51
73 59
73 61
73 83
73 84
73 92
73 115
73 119
73 120
73 151
73 156
73 167
73 176
73 187
74 12
74 15
74 18
74 20
74 21
74 23
74 24
74 25
74 26
74 28
74 31
74 32
74 33
74 35
74 37
74 41
74 42
74 48
74 51
74 57
74 59
74 61
74 65
74 70
74 75
74 78
74 98
74 107
74 109
74 110
74 113
74 119
74 124
74 127
74 129
74 130
74 132
74 148
74 152
74 156
74 173
74 174
74 175
74 176
74 180
74 182
74 184
74 189
75 12
75 20
75 21
75 23
75 25
75 26
75 32
75 33
75 35
75 41
75 42
75 48
75 51
75 59
75 61
75 65
75 78
75 98
75 109
75 110
75 113
75 119
75 124
75 127
75 129
75 132
75 152
75 156
75 173
75 176
75 182
75 184
75 189
76 10
76 26
76 27
76 42
76 47
76 48
76 57
76 67
76 70
76 78
76 94
76 97
76 125
76 130
76 136
76 152
76 174
76 175
76 180
76 184
77 4
77 5
77 6
77 11
77 12
77 15
77 18
77 20
77 21
77 23
77 24
77 25
77 26
77 29
77 32
77 33
77 35
77 41
77 42
77 48
77 51
77 52
77 59
77 61
77 64
77 65
77 73
77 78
77 80
77 83
77 84
77 89
77 90
77 92
77 95
77 98
77 108
77 109
77 110
77 113
77 114
77 115
77 119
77 120
77 122
77 123
77 124
77 129
77 131
77 132
77 137
77 143
77 151
77 152
77 156
77 157
77 161
77 167
77 173
77 176
77 182
77 184
77 187
77 189
79 4
79 5
79 6
79 12
79 15
79 18
79 20
79 21
79 23
79 24
79 25
79 26
79 28
79 29
79 31
79 32
79 33
79 35
79 37
79 41
79 42
79 48
79 51
79 52
79 57
79 59
79 61
79 64
79 65
79 70
79 73
79 75
79 78
79 80
79 83
79 84
79 89
79 92
79 98
79 101
79 108
79 109
79 110
79 113
79 114
79 115
79 119
79 120
79 122
79 123
79 124
79 127
79 129
79 130
79 131
79 132
79 137
79 143
79 148
79 151
79 152
79 153
79 156
79 161
79 167
79 173
79 174
79 175
79 176
79 181
79 182
79 184
79 187
79 189
80 12
80 15
80 20
80 24
80 25
80 29
80 32
80 33
80 35
80 41
80 42
80 51
80 52
80 59
80 61
80 64
80 98
80 109
80 110
80 113
80 119
80 124
80 152
80 156
80 176
80 189
81 4
81 5
81 6
81 11
81 12
81 15
81 20
81 24
81 25
81 29
81 32
81 33
81 35
81 41
81 42
81 48
81 49
81 51
81 52
81 59
81 61
81 63
81 64
81 73
81 78
81 80
81 83
81 84
81 90
81 92
81 95
81 98
81 99
81 109
81 110
81 111
81 113
81 115
81 116
81 119
81 120
81 123
81 124
81 131
81 132
81 135
81 137
81 138
81 143
81 144
81 147
81 150
81 151
81 152
81 156
81 157
81 161
81 164
81 167
81 176
81 179
81 182
81 184
81 187
81 189
83 6
83 151
83 167
83 176
84 6
84 20
84 24
84 25
84 29
84 83
84 119
84 120
84 151
84 156
84 167
84 176
84 187
85 10
85 26
85 28
85 42
85 48
85 57
85 70
85 78
85 113
85 125
85 130
85 152
85 173
85 174
85 175
85 180
85 184
85 189
86 6
86 20
86 24
86 25
86 29
86 39
86 43
86 44
86 50
86 63
86 83
86 91
86 92
86 93
86 95
86 116
86 119
86 120
86 121
86 123
86 131
86 135
86 142
86 147
86 150
86 151
86 156
86 161
86 167
86 176
86 179
87 6
87 20
87 25
87 39
87 43
87 44
87 55
87 63
87 82
87 83
87 91
87 93
87 95
87 119
87 120
87 126
87 131
87 135
87 142
87 147
87 150
87 151
87 161
87 167
87 176
88 47
88 57
88 67
88 97
88 125
88 136
89 12
89 15
89 18
89 20
89 23
89 24
89 25
89 29
89 32
89 33
89 35
89 41
89 42
89 48
89 51
89 52
89 59
89 61
89 64
89 65
89 78
89 80
89 98
89 109
89 110
89 113
89 119
89 122
89 124
89 129
89 132
89 152
89 156
89 173
89 176
89 182
89 184
89 189
90 4
90 5
90 6
90 11
90 12
90 15
90 20
90 24
90 25
90 29
90 32
90 33
90 35
90 41
90 51
90 52
90 59
90 61
90 64
90 73
90 83
90 84
90 92
90 95
90 98
90 109
90 113
90 115
90 119
90 120
90 123
90 124
90 131
90 137
90 143
90 151
90 152
90 156
90 157
90 161
90 167
90 176
90 187
91 6
91 20
91 43
91 63
91 83
91 93
91 95
91 131
91 135
91 147
91 150
91 151
91 167
91 176
92 6
92 20
92 24
92 25
92 29
92 83
92 119
92 120
92 151
92 156
92 167
92 176
93 167
94 26
94 27
94 47
94 57
94 70
94 78
94 97
94 125
94 130
94 136
94 174
94 175
94 180
94 184
95 6
95 131
95 167
95 176
96 0
96 3
96 10
96 12
96 15
96 18
96 20
96 21
96 23
96 24
96 25
96 26
96 27
96 28
96 31
96 32
96 33
96 35
96 37
96 41
96 42
96 47
96 48
96 51
96 57
96 59
96 61
96 65
96 70
96 74
96 75
96 78
96 85
96 97
96 98
96 107
96 109
96 110
96 113
96 119
96 124
96 125
96 127
96 129
96 130
96 132
96 148
96 152
96 156
96 172
96 173
96 174
96 175
96 176
96 180
96 182
96 184
96 189
97 47
98 12
98 51
98 59
98 61
98 113
99 6
99 12
99 15
99 20
99 24
99 25
99 29
99 33
99 51
99 59
99 61
99 63
99 83
99 84
99 92
99 95
99 116
99 119
99 120
99 123
99 131
99 135
99 137
99 144
99 147
99 150
99 151
99 156
99 157
99 161
99 164
99 167
99 176
99 179
99 187
100 4
100 5
100 6
100 11
100 12
100 14
100 15
100 18
100 20
100 21
100 23
100 24
100 25
100 26
100 28
100 29
100 31
100 32
100 33
100 35
100 37
100 41
100 42
100 48
100 49
100 51
100 52
100 57
100 59
100 61
100 63
100 64
100 65
100 70
100 73
100 75
100 77
100 78
100 79
100 80
100 83
100 84
100 89
100 90
100 92
100 95
100 98
100 99
100 101
100 106
100 108
100 109
100 110
100 111
100 113
100 114
100 115
100 116
100 118
100 119
100 120
100 122
100 123
100 124
100 127
100 129
100 130
100 131
100 132
100 134
100 135
100 137
100 138
100 143
100 144
100 147
100 148
100 150
100 151
100 152
100 153
100 156
100 157
100 159
100 161
100 164
100 165
100 167
100 171
100 173
100 174
100 175
100 176
100 178
100 179
100 180
100 181
100 182
100 183
100 184
100 187
100 189
101 6
101 12
101 15
101 18
101 20
101 21
101 23
101 24
101 25
101 26
101 29
101 32
101 33
101 35
101 37
101 41
101 42
101 48
101 51
101 52
101 57
101 59
101 61
101 64
101 65
101 75
101 78
101 80
101 83
101 84
101 89
101 92
101 98
101 109
101 110
101 113
101 115
101 119
101 120
101 122
101 124
101 127
101 129
101 130
101 132
101 143
101 151
101 152
101 156
101 167
101 173
101 174
101 176
101 182
101 184
101 187
101 189
102 0
102 7
102 9
102 10
102 12
102 20
102 21
102 23
102 25
102 26
102 27
102 28
102 31
102 32
102 33
102 34
102 35
102 37
102 41
102 42
102 47
102 48
102 51
102 57
102 58
102 59
102 61
102 65
102 67
102 70
102 75
102 76
102 78
102 85
102 88
102 94
102 97
102 98
102 107
102 109
102 110
102 113
102 117
102 119
102 124
102 125
102 127
102 129
102 130
102 132
102 136
102 139
102 148
102 149
102 152
102 156
102 166
102 169
102 172
102 173
102 174
102 175
102 176
102 180
102 182
102 184
102 189
103 1
103 2
103 7
103 9
103 10
103 12
103 17
103 23
103 26
103 27
103 28
103 31
103 34
103 35
103 38
103 42
103 47
103 48
103 51
103 57
103 59
103 61
103 65
103 67
103 70
103 72
103 76
103 78
103 85
103 88
103 94
103 97
103 98
103 107
103 109
103 110
103 113
103 117
103 124
103 125
103 130
103 132
103 136
103 145
103 148
103 149
103 152
103 163
103 172
103 173
103 174
103 175
103 177
103 180
103 184
103 185
103 189
104 6
104 12
104 15
104 18
104 20
104 21
104 23
104 24
104 25
104 26
104 28
104 29
104 31
104 32
104 33
104 35
104 37
104 41
104 42
104 48
104 51
104 52
104 53
104 57
104 59
104 61
104 64
104 65
104 70
104 74
104 75
104 78
104 80
104 83
104 84
104 89
104 92
104 98
104 101
104 107
104 109
104 110
104 113
104 115
104 119
104 120
104 122
104 124
104 125
104 127
104 129
104 130
104 132
104 143
104 148
104 151
104 152
104 156
104 167
104 172
104 173
104 174
104 175
104 176
104 180
104 181
104 182
104 184
104 187
104 189
105 4
105 6
105 12
105 15
105 18
105 20
105 21
105 23
105 24
105 25
105 26
105 28
105 29
105 31
105 32
105 33
105 35
105 37
105 41
105 42
105 48
105 51
105 52
105 57
105 59
105 61
105 64
105 65
105 70
105 73
105 75
105 78
105 80
105 83
105 84
105 89
105 92
105 98
105 101
105 109
105 110
105 113
105 115
105 118
105 119
105 120
105 122
105 124
105 127
105 129
105 130
105 132
105 143
105 148
105 151
105 152
105 153
105 156
105 167
105 173
105 174
105 175
105 176
105 180
105 181
105 182
105 184
105 187
105 189
106 4
106 5
106 6
106 11
106 12
106 15
106 18
106 20
106 21
106 23
106 24
106 25
106 26
106 29
106 32
106 33
106 35
106 41
106 42
106 48
106 51
106 52
106 59
106 61
106 63
106 64
106 65
106 73
106 75
106 77
106 78
106 80
106 83
106 84
106 89
106 90
106 92
106 95
106 98
106 108
106 109
106 110
106 113
106 114
106 115
106 119
106 120
106 122
106 123
106 124
106 127
106 129
106 131
106 132
106 135
106 137
106 143
106 147
106 151
106 152
106 156
106 157
106 161
106 167
106 173
106 176
106 182
106 184
106 187
106 189
107 26
107 28
107 42
107 48
107 57
107 59
107 61
107 70
107 78
107 113
107 130
107 152
107 173
107 174
107 175
107 180
107 184
107 189
108 4
108 5
108 6
108 12
108 15
108 18
108 20
108 21
108 23
108 24
108 25
108 26
108 29
108 32
108 33
108 35
108 41
108 42
108 48
108 51
108 52
108 59
108 61
108 64
108 65
108 73
108 78
108 80
108 83
108 84
108 89
108 92
108 98
108 109
108 110
108 113
108 114
108 115
108 119
108 120
108 122
108 123
108 124
108 129
108 131
108 132
108 137
108 143
108 151
108 152
108 156
108 161
108 167
108 173
108 176
108 182
108 184
108 187
108 189
109 59
109 61
109 113
109 152
110 12
110 35
110 42
110 51
110 59
110 61
110 98
110 109
110 113
110 124
110 152
110 189
111 6
111 12
111 15
111 20
111 24
111 25
111 29
111 33
111 51
111 59
111 61
111 63
111 83
111 84
111 92
111 95
111 119
111 120
111 123
111 131
111 135
111 137
111 147
111 150
111 151
111 156
111 157
111 161
111 167
111 176
111 179
111 187
114 4
114 5
114 6
114 12
114 15
114 20
114 23
114 24
114 25
114 29
114 32
114 33
114 35
114 41
114 42
114 48
114 51
114 52
114 59
114 61
114 64
114 65
114 73
114 78
114 80
114 83
114 84
114 92
114 98
114 109
114 110
114 113
114 115
114 119
114 120
114 122
114 123
114 124
114 129
114 131
114 132
114 137
114 143
114 151
114 152
114 156
114 161
114 167
114 173
114 176
114 182
114 184
114 187
114 189
115 6
115 12
115 15
115 20
115 24
115 25
115 29
115 33
115 51
115 59
115 61
115 83
115 84
115 92
115 119
115 120
115 151
115 156
115 167
115 176
115 187
116 6
116 20
116 24
116 25
116 29
116 63
116 83
116 95
116 119
116 120
116 123
116 131
116 135
116 147
116 150
116 151
116 156
116 161
116 167
116 176
116 179
117 136
117 149
118 4
118 6
118 12
118 15
118 18
118 20
118 21
118 23
118 24
118 25
118 26
118 28
118 29
118 31
118 32
118 33
118 35
118 37
118 41
118 42
118 48
118 51
118 52
118 57
118 59
118 61
118 64
118 65
118 70
118 73
118 75
118 78
118 80
118 83
118 84
118 89
118 92
118 98
118 101
118 109
118 110
118 113
118 115
118 119
118 120
118 122
118 124
118 127
118 129
118 130
118 132
118 143
118 148
118 151
118 152
118 153
118 156
118 167
118 173
118 174
118 175
118 176
118 181
118 182
118 184
118 187
118 189
120 6
120 20
120 25
120 83
120 119
120 151
120 167
120 176
121 6
121 20
121 24
121 25
121 29
121 43
121 44
121 50
121 63
121 83
121 91
121 92
121 93
121 95
121 116
121 119
121 120
121 123
121 131
121 135
121 147
121 150
121 151
121 156
121 161
121 167
121 176
121 179
122 12
122 15
122 20
122 23
122 24
122 25
122 29
122 32
122 33
122 35
122 41
122 42
122 48
122 51
122 52
122 59
122 61
122 64
122 65
122 78
122 80
122 98
122 109
122 110
122 113
122 119
122 124
122 132
122 152
122 156
122 173
122 176
122 182
122 184
122 189
123 6
123 20
123 24
123 25
123 29
123 83
123 119
123 120
123 131
123 151
123 156
123 161
123 167
123 176
124 12
124 35
124 51
124 59
124 61
124 98
124 109
124 113
124 152
125 57
126 6
126 43
126 55
126 82
126 93
126 95
126 131
126 167
126 176
127 12
127 20
127 21
127 23
127 25
127 26
127 35
127 41
127 42
127 48
127 51
127 59
127 61
127 65
127 78
127 98
127 109
127 110
127 113
127 119
127 124
127 132
127 152
127 156
127 173
127 176
127 182
127 184
127 189
128 0
128 3
128 10
128 12
128 15
128 18
128 20
128 21
128 23
128 24
128 25
128 26
128 27
128 28
128 29
128 31
128 32
128 33
128 35
128 37
128 41
128 42
128 47
128 48
128 51
128 52
128 57
128 58
128 59
128 61
128 64
128 65
128 67
128 70
128 74
128 75
128 76
128 78
128 80
128 85
128 88
128 94
128 96
128 97
128 98
128 107
128 109
128 110
128 113
128 119
128 122
128 124
128 125
128 127
128 129
128 130
128 132
128 136
128 148
128 149
128 152
128 156
128 166
128 172
128 173
128 174
128 175
128 176
128 180
128 182
128 184
128 189
129 12
129 20
129 23
129 25
129 32
129 33
129 35
129 41
129 42
129 48
129 51
129 59
129 61
129 65
129 78
129 98
129 109
129 110
129 113
129 119
129 124
129 132
129 152
129 156
129 173
129 176
129 182
129 184
129 189
130 57
130 78
130 174
130 184
131 6
131 167
131 176
132 12
132 42
132 51
132 59
132 61
132 78
132 98
132 109
132 113
132 152
132 184
132 189
133 0
133 3
133 6
133 10
133 12
133 15
133 18
133 20
133 21
133 23
133 24
133 25
133 26
133 27
133 28
133 29
133 31
133 32
133 33
133 35
133 37
133 41
133 42
133 47
133 48
133 51
133 52
133 57
133 59
133 61
133 64
133 65
133 69
133 70
133 74
133 75
133 78
133 80
133 85
133 89
133 96
133 97
133 98
133 107
133 109
133 110
133 113
133 119
133 122
133 124
133 125
133 127
133 129
133 130
133 132
133 136
133 148
133 151
133 152
133 156
133 167
133 172
133 173
133 174
133 175
133 176
133 180
133 182
133 184
133 188
133 189
134 4
134 5
134 6
134 11
134 12
134 14
134 15
134 18
134 20
134 21
134 23
134 24
134 25
134 26
134 29
134 32
134 33
134 35
134 37
134 41
134 42
134 48
134 49
134 51
134 52
134 57
134 59
134 61
134 63
134 64
134 65
134 73
134 75
134 77
134 78
134 80
134 83
134 84
134 89
134 90
134 92
134 95
134 98
134 99
134 101
134 106
134 108
134 109
134 110
134 111
134 113
134 114
134 115
134 116
134 119
134 120
134 122
134 123
134 124
134 127
134 129
134 130
134 131
134 132
134 135
134 137
134 138
134 143
134 144
134 147
134 150
134 151
134 152
134 153
134 156
134 157
134 161
134 164
134 167
134 173
134 174
134 176
134 178
134 179
134 181
134 182
134 183
134 184
134 187
134 189
135 6
135 63
135 83
135 95
135 131
135 151
135 167
135 176
137 6
137 20
137 24
137 25
137 29
137 51
137 83
137 84
137 92
137 119
137 120
137 123
137 131
137 151
137 156
137 161
137 167
137 176
137 187
138 4
138 5
138 6
138 11
138 12
138 15
138 20
138 24
138 25
138 29
138 32
138 33
138 35
138 41
138 51
138 59
138 61
138 63
138 64
138 73
138 83
138 84
138 92
138 95
138 98
138 109
138 111
138 113
138 115
138 119
138 120
138 123
138 131
138 135
138 137
138 143
138 147
138 150
138 151
138 152
138 156
138 157
138 161
138 167
138 176
138 179
138 187
139 7
139 9
139 10
139 12
139 23
139 26
139 27
139 28
139 31
139 34
139 35
139 41
139 42
139 47
139 48
139 51
139 57
139 58
139 59
139 61
139 65
139 67
139 70
139 76
139 78
139 85
139 88
139 94
139 97
139 98
139 107
139 109
139 110
139 113
139 117
139 119
139 124
139 125
139 130
139 132
139 136
139 148
139 149
139 152
139 156
139 172
139 173
139 174
139 175
139 180
139 184
139 189
140 0
140 2
140 3
140 7
140 9
140 10
140 12
140 15
140 18
140 20
140 21
140 23
140 24
140 25
140 26
140 27
140 28
140 31
140 32
140 33
140 34
140 35
140 37
140 38
140 41
140 42
140 47
140 48
140 51
140 57
140 58
140 59
140 61
140 65
140 67
140 70
140 72
140 74
140 75
140 76
140 78
140 85
140 88
140 94
140 96
140 97
140 98
140 102
140 107
140 109
140 110
140 113
140 117
140 119
140 124
140 125
140 127
140 129
140 130
140 132
140 136
140 139
140 148
140 149
140 152
140 156
140 166
140 169
140 172
140 173
140 174
140 175
140 176
140 180
140 182
140 184
140 189
141 3
141 4
141 5
141 6
141 12
141 15
141 18
141 20
141 21
141 23
141 24
141 25
141 26
141 28
141 29
141 31
141 32
141 33
141 35
141 37
141 41
141 42
141 48
141 51
141 52
141 53
141 54
141 57
141 59
141 61
141 64
141 65
141 70
141 73
141 74
141 75
141 78
141 79
141 80
141 83
141 84
141 89
141 92
141 98
141 101
141 104
141 105
141 107
141 108
141 109
141 110
141 113
141 114
141 115
141 118
141 119
141 120
141 122
141 123
141 124
141 125
141 127
141 129
141 130
141 131
141 132
141 137
141 143
141 148
141 151
141 152
141 153
141 156
141 161
141 167
141 172
141 173
141 174
141 175
141 176
141 180
141 181
141 182
141 184
141 187
141 189
142 6
142 43
142 63
142 93
142 95
142 131
142 150
142 151
142 167
142 176
143 6
143 12
143 15
143 20
143 24
143 25
143 29
143 32
143 33
143 35
143 41
143 51
143 59
143 61
143 64
143 83
143 84
143 92
143 98
143 109
143 113
143 119
143 120
143 151
143 152
143 156
143 167
143 176
143 187
144 6
144 20
144 24
144 25
144 29
144 51
144 63
144 83
144 84
144 92
144 95
144 116
144 119
144 120
144 123
144 131
144 135
144 137
144 147
144 150
144 151
144 156
144 157
144 161
144 164
144 167
144 176
144 179
144 187
145 149
146 6
146 39
146 43
146 55
146 63
146 68
146 82
146 93
146 95
146 126
146 131
146 142
146 150
146 151
146 167
146 176
147 6
147 63
147 83
147 95
147 131
147 151
147 167
147 176
148 12
148 23
148 26
148 28
148 31
148 35
148 42
148 48
148 51
148 57
148 59
148 61
148 65
148 70
148 78
148 98
148 109
148 110
148 113
148 124
148 130
148 132
148 152
148 173
148 174
148 175
148 184
148 189
150 6
150 63
150 95
150 131
150 151
150 167
150 176
151 6
151 167
151 176
153 4
153 6
153 12
153 15
153 18
153 20
153 21
153 23
153 24
153 25
153 26
153 29
153 32
153 33
153 35
153 41
153 42
153 48
153 51
153 52
153 59
153 61
153 64
153 65
153 75
153 78
153 80
153 83
153 84
153 89
153 92
153 98
153 109
153 110
153 113
153 115
153 119
153 120
153 122
153 124
153 127
153 129
153 132
153 143
153 151
153 152
153 156
153 167
153 173
153 174
153 176
153 182
153 184
153 187
153 189
154 4
154 5
154 6
154 11
154 12
154 15
154 20
154 22
154 23
154 24
154 25
154 29
154 32
154 33
154 35
154 41
154 42
154 45
154 48
154 49
154 50
154 51
154 52
154 59
154 61
154 63
154 64
154 65
154 73
154 78
154 80
154 81
154 83
154 84
154 90
154 92
154 93
154 95
154 98
154 99
154 109
154 110
154 111
154 113
154 115
154 116
154 119
154 120
154 123
154 124
154 131
154 132
154 135
154 137
154 138
154 143
154 144
154 147
154 150
154 151
154 152
154 156
154 157
154 161
154 164
154 167
154 171
154 173
154 176
154 179
154 182
154 184
154 186
154 187
154 189
155 34
155 38
155 67
155 72
155 112
155 117
155 136
155 145
155 149
156 119
157 6
157 20
157 24
157 25
157 29
157 83
157 92
157 95
157 119
157 120
157 123
157 131
157 151
157 156
157 161
157 167
157 176
158 4
158 5
158 6
158 11
158 12
158 15
158 18
158 20
158 21
158 23
158 24
158 25
158 26
158 28
158 29
158 31
158 32
158 33
158 35
158 37
158 41
158 42
158 48
158 51
158 52
158 53
158 54
158 57
158 59
158 61
158 64
158 65
158 70
158 73
158 74
158 75
158 77
158 78
158 79
158 80
158 83
158 84
158 89
158 90
158 92
158 95
158 98
158 101
158 105
158 107
158 108
158 109
158 110
158 113
158 114
158 115
158 118
158 119
158 120
158 122
158 123
158 124
158 127
158 129
158 130
158 131
158 132
158 137
158 143
158 148
158 151
158 152
158 153
158 156
158 157
158 161
158 167
158 173
158 174
158 175
158 176
158 180
158 181
158 182
158 184
158 187
158 189
159 4
159 5
159 6
159 11
159 12
159 14
159 15
159 18
159 20
159 21
159 23
159 24
159 25
159 26
159 28
159 29
159 31
159 32
159 33
159 35
159 37
159 41
159 42
159 48
159 51
159 52
159 57
159 59
159 61
159 63
159 64
159 65
159 70
159 73
159 75
159 77
159 78
159 79
159 80
159 83
159 84
159 89
159 90
159 92
159 95
159 98
159 101
159 106
159 108
159 109
159 110
159 111
159 113
159 114
159 115
159 119
159 120
159 122
159 123
159 124
159 127
159 129
159 130
159 131
159 132
159 135
159 137
159 138
159 143
159 147
159 148
159 150
159 151
159 152
159 153
159 156
159 157
159 161
159 164
159 165
159 167
159 173
159 174
159 175
159 176
159 178
159 179
159 181
159 182
159 184
159 187
159 189
160 4
160 5
160 6
160 11
160 12
160 15
160 20
160 24
160 25
160 29
160 32
160 33
160 35
160 41
160 43
160 49
160 50
160 51
160 59
160 61
160 63
160 64
160 73
160 83
160 84
160 91
160 92
160 93
160 95
160 98
160 99
160 109
160 111
160 113
160 115
160 116
160 119
160 120
160 123
160 131
160 135
160 137
160 138
160 143
160 144
160 147
160 150
160 151
160 152
160 156
160 157
160 161
160 164
160 167
160 176
160 179
160 187
161 6
161 20
161 83
161 151
161 167
161 176
162 6
162 12
162 15
162 20
162 24
162 25
162 29
162 30
162 33
162 43
162 44
162 50
162 51
162 59
162 60
162 61
162 63
162 83
162 84
162 91
162 92
162 93
162 95
162 99
162 116
162 119
162 120
162 121
162 123
162 131
162 135
162 137
162 144
162 147
162 150
162 151
162 156
162 157
162 161
162 164
162 167
162 176
162 179
162 187
163 34
163 38
163 47
163 67
163 72
163 117
163 136
163 145
163 149
164 6
164 20
164 24
164 25
164 29
164 63
164 83
164 92
164 95
164 119
164 120
164 123
164 131
164 135
164 147
164 150
164 151
164 156
164 157
164 161
164 167
164 176
164 179
165 4
165 5
165 6
165 11
165 12
165 14
165 15
165 18
165 20
165 21
165 23
165 24
165 25
165 26
165 28
165 29
165 31
165 32
165 33
165 35
165 37
165 41
165 42
165 48
165 51
165 52
165 57
165 59
165 61
165 63
165 64
165 65
165 73
165 75
165 77
165 78
165 80
165 83
165 84
165 89
165 90
165 92
165 95
165 98
165 101
165 106
165 108
165 109
165 110
165 111
165 113
165 114
165 115
165 119
165 120
165 122
165 123
165 124
165 127
165 129
165 130
165 131
165 132
165 135
165 137
165 138
165 143
165 147
165 150
165 151
165 152
165 153
165 156
165 157
165 161
165 167
165 173
165 174
165 175
165 176
165 179
165 181
165 182
165 184
165 187
165 189
166 0
166 10
166 12
166 20
166 21
166 23
166 25
166 26
166 27
166 28
166 31
166 35
166 37
166 41
166 42
166 47
166 48
166 51
166 57
166 59
166 61
166 65
166 67
166 70
166 76
166 78
166 85
166 94
166 97
166 98
166 107
166 109
166 110
166 113
166 119
166 124
166 125
166 127
166 130
166 132
166 136
166 148
166 152
166 156
166 172
166 173
166 174
166 175
166 176
166 180
166 182
166 184
166 189
168 68
168 82
169 9
169 10
169 12
169 20
169 23
169 25
169 26
169 27
169 28
169 31
169 35
169 37
169 41
169 42
169 47
169 48
169 51
169 57
169 58
169 59
169 61
169 65
169 67
169 70
169 76
169 78
169 85
169 88
169 94
169 97
169 98
169 107
169 109
169 110
169 113
169 119
169 124
169 125
169 130
169 132
169 136
169 148
169 149
169 152
169 156
169 172
169 173
169 174
169 175
169 180
169 184
169 189
170 3
170 4
170 5
170 6
170 10
170 12
170 15
170 18
170 20
170 21
170 23
170 24
170 25
170 26
170 28
170 29
170 31
170 32
170 33
170 35
170 37
170 41
170 42
170 48
170 51
170 52
170 53
170 54
170 57
170 59
170 61
170 64
170 65
170 70
170 73
170 74
170 75
170 78
170 80
170 83
170 84
170 89
170 92
170 98
170 101
170 104
170 105
170 107
170 109
170 110
170 113
170 115
170 118
170 119
170 120
170 122
170 123
170 124
170 125
170 127
170 129
170 130
170 131
170 132
170 137
170 143
170 148
170 151
170 152
170 153
170 156
170 161
170 167
170 172
170 173
170 174
170 175
170 176
170 180
170 181
170 182
170 184
170 187
170 188
170 189
171 4
171 5
171 6
171 11
171 12
171 15
171 20
171 24
171 25
171 29
171 32
171 33
171 35
171 41
171 42
171 48
171 49
171 51
171 52
171 59
171 61
171 63
171 64
171 65
171 73
171 78
171 80
171 83
171 84
171 90
171 92
171 95
171 98
171 99
171 109
171 110
171 111
171 113
171 115
171 116
171 119
171 120
171 123
171 124
171 131
171 132
171 135
171 137
171 138
171 143
171 144
171 147
171 150
171 151
171 152
171 156
171 157
171 161
171 164
171 167
171 176
171 179
171 182
171 184
171 187
171 189
172 26
172 28
172 42
172 48
172 57
172 70
172 78
172 113
172 125
172 130
172 152
172 173
172 174
172 175
172 180
172 184
172 189
173 42
173 48
173 78
173 152
173 184
173 189
175 57
175 174
177 2
177 7
177 9
177 10
177 17
177 23
177 26
177 27
177 28
177 34
177 38
177 42
177 47
177 48
177 57
177 59
177 61
177 65
177 67
177 70
177 72
177 76
177 78
177 85
177 88
177 94
177 97
177 107
177 109
177 113
177 117
177 125
177 130
177 136
177 145
177 149
177 152
177 172
177 173
177 174
177 175
177 180
177 184
177 185
177 189
178 4
178 5
178 6
178 11
178 12
178 15
178 18
178 20
178 21
178 23
178 24
178 25
178 29
178 32
178 33
178 35
178 41
178 42
178 48
178 51
178 52
178 59
178 61
178 63
178 64
178 65
178 73
178 78
178 80
178 83
178 84
178 89
178 90
178 92
178 95
178 98
178 109
178 110
178 111
178 113
178 114
178 115
178 119
178 120
178 122
178 123
178 124
178 129
178 131
178 132
178 135
178 137
178 138
178 143
178 147
178 150
178 151
178 152
178 156
178 157
178 161
178 164
178 167
178 173
178 176
178 179
178 182
178 184
178 187
178 189
179 6
179 20
179 25
179 29
179 63
179 83
179 95
179 119
179 120
179 131
179 135
179 147
179 150
179 151
179 161
179 167
179 176
180 57
180 174
180 175
181 6
181 12
181 15
181 18
181 20
181 21
181 23
181 24
181 25
181 26
181 29
181 32
181 33
181 35
181 37
181 41
181 42
181 48
181 51
181 52
181 57
181 59
181 61
181 64
181 65
181 75
181 78
181 80
181 83
181 84
181 89
181 98
181 109
181 110
181 113
181 119
181 120
181 122
181 124
181 127
181 129
181 130
181 132
181 151
181 152
181 156
181 167
181 173
181 174
181 176
181 182
181 184
181 187
181 189
182 12
182 20
182 25
182 35
182 41
182 42
182 51
182 59
182 61
182 78
182 98
182 109
182 110
182 113
182 119
182 124
182 132
182 152
182 156
182 176
182 184
182 189
183 4
183 5
183 6
183 11
183 12
183 15
183 18
183 20
183 21
183 23
183 24
183 25
183 26
183 29
183 32
183 33
183 35
183 41
183 42
183 48
183 49
183 51
183 52
183 59
183 61
183 63
183 64
183 65
183 73
183 77
183 78
183 80
183 83
183 84
183 89
183 90
183 92
183 95
183 98
183 99
183 108
183 109
183 110
183 111
183 113
183 114
183 115
183 116
183 119
183 120
183 122
183 123
183 124
183 129
183 131
183 132
183 135
183 137
183 138
183 143
183 144
183 147
183 150
183 151
183 152
183 156
183 157
183 161
183 164
183 167
183 173
183 176
183 178
183 179
183 182
183 184
183 187
183 189
185 2
185 9
185 10
185 17
185 26
185 27
185 34
185 38
185 42
185 47
185 48
185 57
185 67
185 70
185 72
185 76
185 78
185 88
185 94
185 97
185 117
185 125
185 130
185 136
185 145
185 149
185 152
185 174
185 175
185 180
185 184
186 4
186 5
186 6
186 11
186 12
186 15
186 20
186 23
186 24
186 25
186 29
186 32
186 33
186 35
186 41
186 42
186 45
186 48
186 49
186 51
186 52
186 59
186 61
186 63
186 64
186 65
186 73
186 78
186 80
186 81
186 83
186 84
186 90
186 92
186 95
186 98
186 99
186 109
186 110
186 111
186 113
186 115
186 116
186 119
186 120
186 123
186 124
186 131
186 132
186 135
186 137
186 138
186 143
186 144
186 147
186 150
186 151
186 152
186 156
186 157
186 161
186 164
186 167
186 171
186 173
186 176
186 179
186 182
186 184
186 187
186 189
187 6
187 20
187 24
187 25
187 29
187 83
187 119
187 120
187 151
187 156
187 167
187 176
188 3
188 10
188 12
188 15
188 18
188 20
188 21
188 23
188 24
188 25
188 26
188 28
188 29
188 31
188 32
188 33
188 35
188 37
188 41
188 42
188 48
188 51
188 52
188 57
188 59
188 61
188 64
188 65
188 70
188 74
188 75
188 78
188 80
188 89
188 98
188 107
188 109
188 110
188 113
188 119
188 122
188 124
188 125
188 127
188 129
188 130
188 132
188 148
188 152
188 156
188 172
188 173
188 174
188 175
188 176
188 180
188 182
188 184
188 189
189 152
