22 231
0 1 16 50
0 2 6 82
0 3 16 90
0 4 82 48
0 5 34 78
0 6 83 42
0 7 14 87
0 8 85 11
0 9 10 73
0 10 87 30
0 11 35 24
0 12 56 77
0 13 100 14
0 14 48 16
0 15 14 73
0 16 1 91
0 17 91 44
0 18 97 16
0 19 16 90
0 20 65 11
0 21 30 91
1 2 79 5
1 3 3 34
1 4 16 69
1 5 8 80
1 6 86 52
1 7 91 39
1 8 46 50
1 9 31 46
1 10 21 68
1 11 11 91
1 12 44 71
1 13 47 54
1 14 1 42
1 15 7 35
1 16 28 20
1 17 43 80
1 18 99 56
1 19 35 59
1 20 57 45
1 21 69 52
2 3 100 20
2 4 4 26
2 5 53 44
2 6 12 38
2 7 91 51
2 8 57 53
2 9 64 86
2 10 91 72
2 11 75 52
2 12 4 41
2 13 40 70
2 14 20 87
2 15 16 35
2 16 6 39
2 17 38 69
2 18 88 50
2 19 96 63
2 20 87 39
2 21 61 78
3 4 9 21
3 5 62 41
3 6 9 35
3 7 52 10
3 8 51 87
3 9 38 66
3 10 47 25
3 11 99 47
3 12 93 67
3 13 67 53
3 14 43 66
3 15 92 21
3 16 16 94
3 17 24 36
3 18 32 16
3 19 28 92
3 20 98 79
3 21 18 19
4 5 4 67
4 6 42 60
4 7 31 92
4 8 71 52
4 9 99 75
4 10 80 39
4 11 84 14
4 12 25 82
4 13 51 20
4 14 70 85
4 15 40 76
4 16 6 77
4 17 79 23
4 18 82 79
4 19 35 81
4 20 19 68
4 21 50 22
5 6 19 64
5 7 87 67
5 8 76 19
5 9 90 46
5 10 46 66
5 11 86 73
5 12 100 79
5 13 25 26
5 14 59 87
5 15 35 51
5 16 40 81
5 17 86 62
5 18 96 22
5 19 71 72
5 20 48 59
5 21 19 73
6 7 35 64
6 8 88 21
6 9 6 63
6 10 76 31
6 11 6 33
6 12 77 57
6 13 48 24
6 14 62 8
6 15 19 57
6 16 24 50
6 17 55 68
6 18 65 16
6 19 77 54
6 20 97 37
6 21 28 16
7 8 46 33
7 9 85 39
7 10 83 41
7 11 49 86
7 12 8 79
7 13 95 77
7 14 82 83
7 15 76 24
7 16 99 6
7 17 1 55
7 18 91 2
7 19 17 53
7 20 96 55
7 21 81 46
8 9 66 57
8 10 45 56
8 11 93 3
8 12 38 62
8 13 31 50
8 14 16 68
8 15 2 21
8 16 81 56
8 17 84 61
8 18 47 56
8 19 46 50
8 20 1 83
8 21 11 95
9 10 5 34
9 11 31 59
9 12 49 47
9 13 10 31
9 14 19 60
9 15 99 21
9 16 9 97
9 17 97 1
9 18 25 50
9 19 6 38
9 20 49 74
9 21 66 31
10 11 30 35
10 12 66 25
10 13 72 13
10 14 84 37
10 15 59 28
10 16 8 31
10 17 18 27
10 18 52 18
10 19 41 28
10 20 78 70
10 21 9 93
11 12 59 49
11 13 33 48
11 14 79 19
11 15 32 46
11 16 12 22
11 17 67 34
11 18 60 46
11 19 86 81
11 20 62 30
11 21 37 26
12 13 66 56
12 14 44 80
12 15 68 36
12 16 11 78
12 17 52 80
12 18 22 47
12 19 68 64
12 20 45 77
12 21 59 45
13 14 11 85
13 15 5 91
13 16 33 90
13 17 16 42
13 18 73 7
13 19 72 65
13 20 50 45
13 21 5 59
14 15 55 50
14 16 15 96
14 17 25 85
14 18 55 11
14 19 2 99
14 20 54 59
14 21 57 31
15 16 39 84
15 17 42 48
15 18 36 61
15 19 94 26
15 20 8 83
15 21 49 36
16 17 70 50
16 18 2 73
16 19 87 68
16 20 9 41
16 21 82 27
17 18 39 54
17 19 57 86
17 20 48 45
17 21 95 31
18 19 96 23
18 20 52 21
18 21 73 52
19 20 8 60
19 21 31 87
20 21 50 40
0 2
0 4
0 11
0 18
0 20
0 23
0 25
0 27
0 29
0 31
0 32
0 36
0 37
0 38
0 40
0 45
0 46
0 47
0 48
0 49
0 51
0 52
0 55
0 56
0 57
0 59
0 64
0 65
0 68
0 69
0 70
0 72
0 75
0 76
0 79
0 80
0 81
0 82
0 85
0 87
0 88
0 91
0 92
0 93
0 95
0 96
0 99
0 100
0 101
0 103
0 104
0 105
0 106
0 108
0 109
0 110
0 111
0 116
0 119
0 120
0 121
0 123
0 129
0 131
0 132
0 137
0 138
0 140
0 141
0 143
0 144
0 145
0 147
0 148
0 149
0 150
0 154
0 157
0 161
0 163
0 174
0 183
0 186
0 187
0 190
0 192
0 193
0 197
0 200
0 203
0 205
0 208
0 210
0 212
0 216
0 218
0 221
0 222
0 227
0 229
1 2
1 6
1 18
1 20
1 30
1 47
1 52
1 64
1 72
1 75
1 80
1 85
1 87
1 103
1 129
1 132
1 152
1 159
1 175
1 195
1 197
1 204
1 205
1 210
1 214
1 222
1 229
2 20
2 72
2 75
2 80
2 197
3 25
3 37
3 45
3 48
3 56
3 57
3 68
3 76
3 82
3 91
3 96
3 100
3 101
3 106
3 131
3 132
3 138
3 148
3 183
3 218
4 36
4 47
4 59
4 64
4 76
4 87
4 91
4 92
4 101
4 103
4 105
4 129
4 132
4 183
4 187
4 190
4 210
4 222
5 16
5 25
5 37
5 45
5 48
5 56
5 57
5 67
5 68
5 76
5 82
5 96
5 98
5 100
5 101
5 106
5 131
5 138
5 148
5 183
5 218
6 2
6 18
6 20
6 52
6 64
6 72
6 75
6 80
6 103
6 197
6 204
6 229
7 9
7 12
7 16
7 17
7 25
7 26
7 37
7 41
7 45
7 48
7 56
7 57
7 58
7 67
7 68
7 71
7 76
7 82
7 96
7 98
7 100
7 101
7 106
7 107
7 112
7 124
7 127
7 131
7 138
7 158
7 183
7 213
7 218
7 224
7 225
8 2
8 4
8 6
8 11
8 14
8 18
8 20
8 30
8 36
8 47
8 52
8 59
8 64
8 72
8 75
8 76
8 80
8 82
8 85
8 87
8 88
8 91
8 92
8 100
8 101
8 103
8 105
8 110
8 129
8 131
8 132
8 152
8 163
8 183
8 187
8 189
8 190
8 193
8 195
8 197
8 204
8 205
8 210
8 222
8 229
9 16
9 26
9 37
9 45
9 48
9 56
9 57
9 58
9 67
9 68
9 76
9 82
9 96
9 98
9 101
9 124
9 131
9 138
9 218
9 224
10 3
10 5
10 9
10 11
10 16
10 25
10 26
10 27
10 31
10 32
10 36
10 37
10 38
10 39
10 40
10 43
10 45
10 46
10 47
10 48
10 49
10 51
10 55
10 56
10 57
10 58
10 59
10 61
10 64
10 65
10 66
10 67
10 68
10 69
10 70
10 76
10 79
10 81
10 82
10 83
10 87
10 88
10 91
10 92
10 96
10 98
10 99
10 100
10 101
10 103
10 104
10 105
10 106
10 108
10 109
10 111
10 114
10 116
10 117
10 121
10 123
10 124
10 126
10 127
10 128
10 129
10 131
10 132
10 133
10 138
10 139
10 140
10 141
10 143
10 147
10 148
10 149
10 150
10 155
10 163
10 164
10 166
10 168
10 169
10 173
10 174
10 176
10 181
10 182
10 183
10 184
10 185
10 186
10 187
10 188
10 190
10 192
10 193
10 194
10 200
10 201
10 203
10 208
10 209
10 210
10 211
10 212
10 213
10 215
10 216
10 218
10 220
10 221
10 222
10 223
10 224
10 227
10 230
11 47
11 59
11 76
11 87
11 91
11 101
11 103
11 131
11 132
11 183
11 222
12 41
12 101
13 3
13 5
13 9
13 11
13 16
13 17
13 25
13 26
13 37
13 39
13 40
13 41
13 43
13 45
13 46
13 47
13 48
13 49
13 56
13 57
13 58
13 59
13 61
13 64
13 67
13 68
13 69
13 71
13 76
13 81
13 82
13 83
13 86
13 87
13 90
13 91
13 94
13 96
13 97
13 98
13 100
13 101
13 103
13 106
13 107
13 108
13 109
13 112
13 114
13 116
13 117
13 121
13 122
13 123
13 124
13 127
13 128
13 129
13 131
13 132
13 133
13 138
13 139
13 140
13 147
13 148
13 155
13 158
13 163
13 164
13 166
13 168
13 169
13 172
13 174
13 176
13 178
13 181
13 182
13 183
13 184
13 186
13 188
13 190
13 192
13 194
13 200
13 201
13 203
13 208
13 209
13 213
13 215
13 216
13 218
13 220
13 222
13 223
13 224
13 225
13 226
13 227
13 230
14 2
14 4
14 6
14 11
14 18
14 20
14 36
14 47
14 52
14 59
14 64
14 72
14 75
14 76
14 80
14 82
14 85
14 87
14 88
14 91
14 92
14 100
14 101
14 103
14 105
14 110
14 129
14 131
14 132
14 163
14 183
14 187
14 190
14 193
14 197
14 204
14 205
14 210
14 222
14 229
15 20
15 30
15 72
15 75
15 80
15 152
15 159
15 175
15 196
15 204
15 207
16 37
16 45
16 48
16 57
16 67
16 68
16 76
16 82
16 101
16 131
16 138
17 37
17 41
17 67
17 76
17 82
17 101
17 124
17 158
18 20
18 72
18 75
18 80
18 197
19 3
19 5
19 7
19 9
19 12
19 16
19 17
19 25
19 26
19 37
19 40
19 41
19 45
19 48
19 49
19 56
19 57
19 58
19 67
19 68
19 69
19 71
19 76
19 81
19 82
19 83
19 84
19 87
19 90
19 91
19 96
19 97
19 98
19 100
19 101
19 106
19 107
19 108
19 112
19 114
19 116
19 122
19 123
19 124
19 127
19 128
19 131
19 132
19 133
19 138
19 139
19 140
19 147
19 148
19 158
19 164
19 166
19 167
19 168
19 174
19 178
19 181
19 183
19 186
19 188
19 192
19 200
19 213
19 216
19 218
19 220
19 224
19 225
19 227
20 80
21 3
21 5
21 7
21 9
21 12
21 16
21 17
21 25
21 26
21 37
21 41
21 45
21 48
21 56
21 57
21 58
21 67
21 68
21 71
21 76
21 82
21 83
21 84
21 90
21 91
21 96
21 98
21 100
21 101
21 106
21 107
21 112
21 124
21 127
21 128
21 131
21 132
21 134
21 138
21 139
21 147
21 148
21 158
21 168
21 178
21 183
21 213
21 218
21 220
21 224
21 225
22 0
22 1
22 2
22 3
22 4
22 5
22 6
22 8
22 11
22 14
22 16
22 18
22 20
22 23
22 24
22 25
22 26
22 27
22 28
22 29
22 30
22 31
22 32
22 34
22 36
22 37
22 38
22 39
22 40
22 43
22 44
22 45
22 46
22 47
22 48
22 49
22 50
22 51
22 52
22 53
22 54
22 55
22 56
22 57
22 58
22 59
22 61
22 62
22 64
22 65
22 67
22 68
22 69
22 70
22 72
22 73
22 75
22 76
22 78
22 79
22 80
22 81
22 82
22 83
22 85
22 87
22 88
22 89
22 91
22 92
22 93
22 95
22 96
22 98
22 99
22 100
22 101
22 103
22 104
22 105
22 106
22 108
22 109
22 110
22 111
22 113
22 116
22 119
22 120
22 121
22 123
22 124
22 127
22 128
22 129
22 130
22 131
22 132
22 137
22 138
22 139
22 140
22 141
22 143
22 144
22 145
22 147
22 148
22 149
22 150
22 152
22 153
22 154
22 155
22 157
22 159
22 161
22 162
22 163
22 165
22 168
22 174
22 175
22 176
22 177
22 179
22 181
22 182
22 183
22 186
22 187
22 188
22 189
22 190
22 191
22 192
22 193
22 194
22 195
22 196
22 197
22 198
22 200
22 201
22 202
22 203
22 204
22 205
22 208
22 210
22 211
22 212
22 214
22 215
22 216
22 218
22 219
22 221
22 222
22 223
22 227
22 228
22 229
22 230
23 2
23 4
23 11
23 18
23 20
23 31
23 36
23 47
23 48
23 51
23 52
23 55
23 59
23 64
23 72
23 75
23 76
23 80
23 82
23 85
23 87
23 88
23 91
23 92
23 100
23 101
23 103
23 105
23 108
23 110
23 129
23 131
23 132
23 163
23 174
23 183
23 187
23 190
23 193
23 197
23 205
23 210
23 222
23 229
24 2
24 6
24 18
24 20
24 30
24 36
24 47
24 52
24 64
24 72
24 75
24 80
24 85
24 87
24 92
24 103
24 105
24 129
24 132
24 152
24 159
24 175
24 183
24 187
24 190
24 195
24 197
24 204
24 205
24 210
24 214
24 222
24 229
25 37
25 48
25 57
25 68
25 76
25 82
25 96
25 100
25 101
25 106
25 131
25 138
25 183
25 218
26 16
26 37
26 45
26 48
26 57
26 67
26 68
26 76
26 82
26 101
26 131
26 138
27 11
27 25
27 32
27 37
27 40
27 45
27 46
27 47
27 48
27 49
27 56
27 57
27 59
27 64
27 68
27 69
27 76
27 81
27 82
27 87
27 91
27 96
27 99
27 100
27 101
27 103
27 106
27 108
27 109
27 116
27 121
27 123
27 129
27 131
27 132
27 138
27 140
27 147
27 148
27 149
27 163
27 174
27 183
27 186
27 190
27 192
27 200
27 203
27 208
27 216
27 218
27 222
27 227
28 3
28 4
28 11
28 25
28 27
28 31
28 32
28 36
28 37
28 38
28 40
28 45
28 46
28 47
28 48
28 49
28 51
28 55
28 56
28 57
28 59
28 64
28 65
28 67
28 68
28 69
28 70
28 76
28 79
28 80
28 81
28 82
28 87
28 88
28 91
28 92
28 96
28 98
28 99
28 100
28 101
28 103
28 104
28 105
28 106
28 108
28 109
28 111
28 116
28 121
28 123
28 129
28 131
28 132
28 138
28 139
28 140
28 141
28 143
28 144
28 147
28 148
28 149
28 150
28 154
28 155
28 163
28 174
28 176
28 177
28 179
28 182
28 183
28 186
28 187
28 190
28 192
28 193
28 197
28 200
28 203
28 208
28 210
28 211
28 212
28 216
28 218
28 221
28 222
28 227
28 229
29 4
29 11
29 20
29 31
29 36
29 47
29 48
29 51
29 55
29 59
29 64
29 75
29 76
29 80
29 82
29 85
29 87
29 88
29 91
29 92
29 100
29 101
29 103
29 105
29 108
29 121
29 129
29 131
29 132
29 163
29 174
29 183
29 187
29 190
29 193
29 197
29 205
29 210
29 218
29 222
29 229
30 20
30 72
30 75
30 80
30 152
30 204
31 11
31 47
31 48
31 59
31 64
31 76
31 82
31 87
31 91
31 100
31 101
31 103
31 108
31 129
31 131
31 132
31 163
31 183
31 187
31 190
31 193
31 222
32 11
32 37
32 47
32 48
32 57
32 59
32 64
32 68
32 76
32 82
32 87
32 91
32 96
32 100
32 101
32 103
32 106
32 108
32 109
32 116
32 121
32 123
32 129
32 131
32 132
32 138
32 140
32 147
32 148
32 149
32 163
32 174
32 183
32 186
32 190
32 192
32 200
32 208
32 218
32 222
33 0
33 1
33 2
33 3
33 4
33 5
33 6
33 8
33 11
33 14
33 15
33 16
33 18
33 20
33 23
33 24
33 25
33 27
33 28
33 29
33 30
33 31
33 32
33 36
33 37
33 38
33 39
33 40
33 43
33 45
33 46
33 47
33 48
33 49
33 51
33 52
33 55
33 56
33 57
33 59
33 64
33 65
33 67
33 68
33 69
33 70
33 72
33 75
33 76
33 78
33 79
33 80
33 81
33 82
33 85
33 87
33 88
33 89
33 91
33 92
33 93
33 95
33 96
33 98
33 99
33 100
33 101
33 103
33 104
33 105
33 106
33 108
33 109
33 110
33 111
33 113
33 116
33 119
33 120
33 121
33 123
33 129
33 130
33 131
33 132
33 135
33 137
33 138
33 139
33 140
33 141
33 143
33 144
33 145
33 147
33 148
33 149
33 150
33 151
33 152
33 154
33 155
33 157
33 159
33 161
33 163
33 174
33 175
33 176
33 177
33 179
33 182
33 183
33 186
33 187
33 189
33 190
33 191
33 192
33 193
33 194
33 195
33 196
33 197
33 198
33 200
33 201
33 202
33 203
33 204
33 205
33 207
33 208
33 210
33 211
33 212
33 214
33 216
33 217
33 218
33 221
33 222
33 223
33 227
33 228
33 229
34 0
34 2
34 3
34 4
34 5
34 6
34 8
34 11
34 14
34 16
34 18
34 20
34 23
34 24
34 25
34 26
34 27
34 28
34 29
34 30
34 31
34 32
34 36
34 37
34 38
34 39
34 40
34 43
34 44
34 45
34 46
34 47
34 48
34 49
34 51
34 52
34 53
34 55
34 56
34 57
34 58
34 59
34 61
34 62
34 64
34 65
34 67
34 68
34 69
34 70
34 72
34 73
34 75
34 76
34 79
34 80
34 81
34 82
34 83
34 85
34 87
34 88
34 91
34 92
34 93
34 95
34 96
34 98
34 99
34 100
34 101
34 103
34 104
34 105
34 106
34 108
34 109
34 110
34 111
34 116
34 119
34 120
34 121
34 123
34 124
34 127
34 128
34 129
34 130
34 131
34 132
34 137
34 138
34 139
34 140
34 141
34 143
34 144
34 145
34 147
34 148
34 149
34 150
34 152
34 154
34 155
34 157
34 159
34 161
34 163
34 165
34 168
34 174
34 175
34 176
34 177
34 179
34 182
34 183
34 186
34 187
34 188
34 189
34 190
34 191
34 192
34 193
34 194
34 195
34 197
34 198
34 200
34 201
34 203
34 204
34 205
34 208
34 210
34 211
34 212
34 214
34 215
34 216
34 218
34 219
34 221
34 222
34 223
34 227
34 228
34 229
34 230
35 3
35 4
35 5
35 9
35 10
35 11
35 16
35 20
35 25
35 26
35 27
35 28
35 31
35 32
35 36
35 37
35 38
35 39
35 40
35 41
35 43
35 45
35 46
35 47
35 48
35 49
35 51
35 55
35 56
35 57
35 58
35 59
35 61
35 64
35 65
35 66
35 67
35 68
35 69
35 70
35 71
35 75
35 76
35 79
35 80
35 81
35 82
35 83
35 86
35 87
35 88
35 90
35 91
35 92
35 94
35 96
35 98
35 99
35 100
35 101
35 103
35 104
35 105
35 106
35 107
35 108
35 109
35 111
35 112
35 114
35 116
35 117
35 121
35 123
35 124
35 126
35 127
35 128
35 129
35 131
35 132
35 133
35 138
35 139
35 140
35 141
35 143
35 144
35 147
35 148
35 149
35 150
35 154
35 155
35 158
35 163
35 164
35 165
35 166
35 168
35 169
35 173
35 174
35 176
35 177
35 179
35 181
35 182
35 183
35 184
35 185
35 186
35 187
35 188
35 190
35 192
35 193
35 194
35 197
35 200
35 201
35 203
35 208
35 209
35 210
35 211
35 212
35 213
35 215
35 216
35 218
35 220
35 221
35 222
35 223
35 224
35 225
35 226
35 227
35 229
35 230
36 47
36 64
36 87
36 103
36 129
36 132
36 183
36 187
36 190
36 222
37 82
37 101
38 11
38 31
38 36
38 47
38 48
38 51
38 55
38 57
38 59
38 64
38 65
38 68
38 70
38 76
38 79
38 82
38 87
38 88
38 91
38 92
38 96
38 99
38 100
38 101
38 103
38 105
38 106
38 108
38 109
38 111
38 121
38 129
38 131
38 132
38 143
38 148
38 163
38 174
38 183
38 187
38 190
38 192
38 193
38 200
38 208
38 210
38 212
38 218
38 222
39 3
39 25
39 37
39 40
39 45
39 46
39 47
39 48
39 49
39 56
39 57
39 59
39 67
39 68
39 69
39 76
39 81
39 82
39 87
39 91
39 96
39 98
39 100
39 101
39 103
39 106
39 108
39 116
39 123
39 131
39 132
39 138
39 139
39 140
39 147
39 148
39 174
39 176
39 182
39 183
39 186
39 192
39 194
39 200
39 216
39 218
39 222
39 227
40 25
40 37
40 48
40 49
40 57
40 68
40 76
40 81
40 82
40 87
40 91
40 96
40 100
40 101
40 106
40 108
40 116
40 123
40 131
40 132
40 138
40 147
40 148
40 174
40 183
40 200
40 218
40 227
41 101
42 0
42 1
42 2
42 3
42 4
42 5
42 6
42 8
42 9
42 11
42 14
42 16
42 18
42 20
42 23
42 24
42 25
42 26
42 27
42 28
42 29
42 30
42 31
42 32
42 34
42 36
42 37
42 38
42 39
42 40
42 43
42 44
42 45
42 46
42 47
42 48
42 49
42 50
42 51
42 52
42 53
42 54
42 55
42 56
42 57
42 58
42 59
42 61
42 62
42 64
42 65
42 67
42 68
42 69
42 70
42 72
42 73
42 75
42 76
42 78
42 79
42 80
42 81
42 82
42 83
42 85
42 87
42 88
42 89
42 91
42 92
42 93
42 95
42 96
42 98
42 99
42 100
42 101
42 102
42 103
42 104
42 105
42 106
42 108
42 109
42 110
42 111
42 113
42 114
42 115
42 116
42 119
42 120
42 121
42 123
42 124
42 126
42 127
42 128
42 129
42 130
42 131
42 132
42 137
42 138
42 139
42 140
42 141
42 143
42 144
42 145
42 147
42 148
42 149
42 150
42 152
42 153
42 154
42 155
42 156
42 157
42 159
42 161
42 162
42 163
42 164
42 165
42 168
42 169
42 170
42 171
42 173
42 174
42 175
42 176
42 177
42 179
42 181
42 182
42 183
42 184
42 185
42 186
42 187
42 188
42 189
42 190
42 191
42 192
42 193
42 194
42 195
42 196
42 197
42 198
42 200
42 201
42 202
42 203
42 204
42 205
42 208
42 209
42 210
42 211
42 212
42 213
42 214
42 215
42 216
42 218
42 219
42 220
42 221
42 222
42 223
42 224
42 227
42 228
42 229
42 230
43 3
43 11
43 16
43 25
43 37
43 39
43 40
43 45
43 46
43 47
43 48
43 49
43 56
43 57
43 59
43 67
43 68
43 69
43 76
43 81
43 82
43 87
43 91
43 96
43 98
43 100
43 101
43 103
43 106
43 108
43 116
43 121
43 123
43 131
43 132
43 138
43 139
43 140
43 147
43 148
43 174
43 176
43 182
43 183
43 186
43 192
43 194
43 200
43 203
43 208
43 216
43 218
43 222
43 227
44 0
44 2
44 3
44 4
44 5
44 6
44 11
44 14
44 16
44 18
44 20
44 23
44 25
44 26
44 27
44 28
44 29
44 31
44 32
44 36
44 37
44 38
44 39
44 40
44 43
44 45
44 46
44 47
44 48
44 49
44 51
44 52
44 55
44 56
44 57
44 58
44 59
44 61
44 64
44 65
44 67
44 68
44 69
44 70
44 72
44 75
44 76
44 79
44 80
44 81
44 82
44 83
44 85
44 87
44 88
44 91
44 92
44 93
44 95
44 96
44 98
44 99
44 100
44 101
44 103
44 104
44 105
44 106
44 108
44 109
44 110
44 111
44 116
44 119
44 120
44 121
44 123
44 127
44 128
44 129
44 131
44 132
44 137
44 138
44 139
44 140
44 141
44 143
44 144
44 145
44 147
44 148
44 149
44 150
44 154
44 155
44 157
44 161
44 163
44 174
44 176
44 177
44 179
44 182
44 183
44 186
44 187
44 190
44 191
44 192
44 193
44 194
44 197
44 198
44 200
44 201
44 203
44 204
44 205
44 208
44 210
44 211
44 212
44 216
44 218
44 221
44 222
44 223
44 227
44 229
44 230
45 37
45 48
45 57
45 68
45 76
45 82
45 101
45 131
45 138
46 37
46 47
46 48
46 57
46 59
46 68
46 69
46 76
46 82
46 87
46 91
46 96
46 100
46 101
46 103
46 106
46 108
46 116
46 123
46 131
46 132
46 138
46 140
46 147
46 148
46 174
46 183
46 186
46 192
46 200
46 218
46 222
48 76
48 82
48 101
48 131
49 25
49 37
49 48
49 57
49 68
49 76
49 82
49 91
49 96
49 100
49 101
49 106
49 116
49 123
49 131
49 132
49 138
49 147
49 148
49 174
49 183
49 218
50 0
50 1
50 2
50 3
50 4
50 5
50 6
50 8
50 11
50 14
50 16
50 18
50 20
50 23
50 24
50 25
50 27
50 28
50 29
50 30
50 31
50 32
50 36
50 37
50 38
50 39
50 40
50 43
50 45
50 46
50 47
50 48
50 49
50 51
50 52
50 55
50 56
50 57
50 59
50 61
50 64
50 65
50 67
50 68
50 69
50 70
50 72
50 75
50 76
50 78
50 79
50 80
50 81
50 82
50 85
50 87
50 88
50 89
50 91
50 92
50 93
50 95
50 96
50 98
50 99
50 100
50 101
50 103
50 104
50 105
50 106
50 108
50 109
50 110
50 111
50 113
50 116
50 119
50 120
50 121
50 123
50 128
50 129
50 130
50 131
50 132
50 137
50 138
50 139
50 140
50 141
50 143
50 144
50 145
50 147
50 148
50 149
50 150
50 152
50 154
50 155
50 157
50 159
50 161
50 163
50 174
50 175
50 176
50 177
50 179
50 182
50 183
50 186
50 187
50 189
50 190
50 191
50 192
50 193
50 194
50 195
50 196
50 197
50 198
50 200
50 201
50 202
50 203
50 204
50 205
50 208
50 210
50 211
50 212
50 214
50 216
50 218
50 219
50 221
50 222
50 223
50 227
50 228
50 229
51 11
51 31
51 36
51 47
51 48
51 59
51 64
51 76
51 82
51 87
51 88
51 91
51 100
51 101
51 103
51 105
51 108
51 129
51 131
51 132
51 163
51 174
51 183
51 187
51 190
51 193
51 222
52 20
52 64
52 75
52 80
52 103
52 197
52 229
53 0
53 2
53 3
53 4
53 5
53 11
53 16
53 18
53 20
53 23
53 25
53 26
53 27
53 28
53 29
53 31
53 32
53 36
53 37
53 38
53 39
53 40
53 43
53 45
53 46
53 47
53 48
53 49
53 51
53 52
53 55
53 56
53 57
53 58
53 59
53 61
53 64
53 65
53 67
53 68
53 69
53 70
53 72
53 73
53 75
53 76
53 79
53 80
53 81
53 82
53 83
53 85
53 87
53 88
53 91
53 92
53 93
53 95
53 96
53 98
53 99
53 100
53 101
53 103
53 104
53 105
53 106
53 108
53 109
53 110
53 111
53 116
53 119
53 120
53 121
53 123
53 124
53 127
53 128
53 129
53 131
53 132
53 137
53 138
53 139
53 140
53 141
53 143
53 144
53 145
53 147
53 148
53 149
53 150
53 154
53 155
53 157
53 161
53 163
53 165
53 168
53 174
53 176
53 177
53 179
53 182
53 183
53 186
53 187
53 188
53 190
53 191
53 192
53 193
53 194
53 197
53 198
53 200
53 201
53 203
53 205
53 208
53 210
53 211
53 212
53 215
53 216
53 218
53 221
53 222
53 223
53 227
53 229
53 230
54 0
54 1
54 2
54 3
54 4
54 5
54 6
54 8
54 11
54 14
54 16
54 18
54 20
54 23
54 24
54 25
54 26
54 27
54 28
54 29
54 30
54 31
54 32
54 36
54 37
54 38
54 39
54 40
54 43
54 45
54 46
54 47
54 48
54 49
54 51
54 52
54 55
54 56
54 57
54 58
54 59
54 61
54 64
54 65
54 67
54 68
54 69
54 70
54 72
54 75
54 76
54 79
54 80
54 81
54 82
54 83
54 85
54 87
54 88
54 89
54 91
54 92
54 93
54 95
54 96
54 98
54 99
54 100
54 101
54 103
54 104
54 105
54 106
54 108
54 109
54 110
54 111
54 113
54 116
54 119
54 120
54 121
54 123
54 127
54 128
54 129
54 130
54 131
54 132
54 137
54 138
54 139
54 140
54 141
54 143
54 144
54 145
54 147
54 148
54 149
54 150
54 152
54 154
54 155
54 157
54 159
54 161
54 163
54 174
54 175
54 176
54 177
54 179
54 182
54 183
54 186
54 187
54 189
54 190
54 191
54 192
54 193
54 194
54 195
54 197
54 198
54 200
54 201
54 203
54 204
54 205
54 208
54 210
54 211
54 212
54 214
54 216
54 218
54 219
54 221
54 222
54 223
54 227
54 228
54 229
54 230
55 11
55 31
55 36
55 47
55 48
55 51
55 59
55 64
55 76
55 82
55 87
55 88
55 91
55 100
55 101
55 103
55 105
55 108
55 129
55 131
55 132
55 163
55 174
55 183
55 187
55 190
55 193
55 210
55 222
56 37
56 45
56 48
56 57
56 68
56 76
56 82
56 101
56 131
56 138
57 76
57 82
57 101
58 16
58 26
58 37
58 45
58 48
58 56
58 57
58 67
58 68
58 76
58 82
58 96
58 98
58 101
58 131
58 138
58 218
59 47
59 76
59 87
59 91
59 101
59 132
59 183
60 0
60 2
60 3
60 4
60 5
60 6
60 8
60 9
60 10
60 11
60 14
60 16
60 18
60 20
60 23
60 25
60 26
60 27
60 28
60 29
60 30
60 31
60 32
60 36
60 37
60 38
60 39
60 40
60 43
60 44
60 45
60 46
60 47
60 48
60 49
60 51
60 52
60 53
60 55
60 56
60 57
60 58
60 59
60 61
60 62
60 64
60 65
60 66
60 67
60 68
60 69
60 70
60 71
60 72
60 73
60 75
60 76
60 79
60 80
60 81
60 82
60 83
60 85
60 87
60 88
60 90
60 91
60 92
60 93
60 94
60 95
60 96
60 98
60 99
60 100
60 101
60 102
60 103
60 104
60 105
60 106
60 107
60 108
60 109
60 110
60 111
60 112
60 114
60 116
60 117
60 119
60 120
60 121
60 123
60 124
60 126
60 127
60 128
60 129
60 131
60 132
60 133
60 137
60 138
60 139
60 140
60 141
60 143
60 144
60 145
60 147
60 148
60 149
60 150
60 152
60 154
60 155
60 156
60 157
60 158
60 159
60 161
60 163
60 164
60 165
60 166
60 168
60 169
60 171
60 173
60 174
60 175
60 176
60 177
60 179
60 180
60 181
60 182
60 183
60 184
60 185
60 186
60 187
60 188
60 189
60 190
60 191
60 192
60 193
60 194
60 195
60 197
60 198
60 200
60 201
60 203
60 204
60 205
60 208
60 209
60 210
60 211
60 212
60 213
60 215
60 216
60 218
60 219
60 220
60 221
60 222
60 223
60 224
60 225
60 226
60 227
60 229
60 230
61 3
61 5
61 16
61 25
61 37
61 40
61 45
61 47
61 48
61 49
61 56
61 57
61 67
61 68
61 69
61 76
61 81
61 82
61 87
61 91
61 96
61 98
61 100
61 101
61 106
61 108
61 116
61 123
61 128
61 131
61 132
61 138
61 139
61 140
61 147
61 148
61 174
61 183
61 186
61 192
61 200
61 216
61 218
61 227
62 0
62 2
62 3
62 4
62 5
62 6
62 8
62 11
62 14
62 16
62 18
62 20
62 23
62 25
62 26
62 27
62 28
62 29
62 30
62 31
62 32
62 36
62 37
62 38
62 39
62 40
62 43
62 44
62 45
62 46
62 47
62 48
62 49
62 51
62 52
62 53
62 55
62 56
62 57
62 58
62 59
62 61
62 64
62 65
62 67
62 68
62 69
62 70
62 72
62 73
62 75
62 76
62 79
62 80
62 81
62 82
62 83
62 85
62 87
62 88
62 91
62 92
62 93
62 95
62 96
62 98
62 99
62 100
62 101
62 103
62 104
62 105
62 106
62 108
62 109
62 110
62 111
62 116
62 119
62 120
62 121
62 123
62 124
62 127
62 128
62 129
62 131
62 132
62 137
62 138
62 139
62 140
62 141
62 143
62 144
62 145
62 147
62 148
62 149
62 150
62 152
62 154
62 155
62 157
62 159
62 161
62 163
62 165
62 168
62 174
62 175
62 176
62 177
62 179
62 182
62 183
62 186
62 187
62 188
62 189
62 190
62 191
62 192
62 193
62 194
62 195
62 197
62 198
62 200
62 201
62 203
62 204
62 205
62 208
62 210
62 211
62 212
62 215
62 216
62 218
62 219
62 221
62 222
62 223
62 227
62 229
62 230
63 3
63 5
63 7
63 9
63 11
63 12
63 16
63 17
63 19
63 25
63 26
63 37
63 39
63 40
63 41
63 43
63 45
63 46
63 47
63 48
63 49
63 56
63 57
63 58
63 59
63 61
63 67
63 68
63 69
63 71
63 76
63 81
63 82
63 83
63 84
63 87
63 90
63 91
63 96
63 97
63 98
63 100
63 101
63 103
63 106
63 107
63 108
63 112
63 114
63 116
63 121
63 122
63 123
63 124
63 127
63 128
63 131
63 132
63 133
63 138
63 139
63 140
63 147
63 148
63 158
63 164
63 166
63 167
63 168
63 169
63 172
63 174
63 176
63 178
63 181
63 182
63 183
63 184
63 186
63 188
63 190
63 192
63 194
63 200
63 203
63 206
63 208
63 209
63 213
63 216
63 218
63 220
63 222
63 224
63 225
63 226
63 227
64 103
65 11
65 31
65 36
65 47
65 48
65 51
65 55
65 59
65 64
65 68
65 70
65 76
65 82
65 87
65 88
65 91
65 96
65 99
65 100
65 101
65 103
65 105
65 108
65 121
65 129
65 131
65 132
65 163
65 174
65 183
65 187
65 190
65 193
65 210
65 218
65 222
66 3
66 5
66 9
66 11
66 16
66 25
66 26
66 32
66 37
66 39
66 40
66 43
66 45
66 46
66 47
66 48
66 49
66 56
66 57
66 58
66 59
66 61
66 64
66 67
66 68
66 69
66 76
66 81
66 82
66 83
66 87
66 91
66 96
66 98
66 100
66 101
66 103
66 106
66 108
66 109
66 114
66 116
66 121
66 123
66 124
66 127
66 128
66 129
66 131
66 132
66 138
66 139
66 140
66 147
66 148
66 149
66 155
66 163
66 164
66 166
66 168
66 169
66 174
66 176
66 181
66 182
66 183
66 184
66 186
66 188
66 190
66 192
66 194
66 200
66 201
66 203
66 208
66 209
66 213
66 215
66 216
66 218
66 220
66 222
66 223
66 224
66 227
66 230
67 37
67 82
67 101
68 76
68 82
68 101
68 131
69 37
69 48
69 57
69 68
69 76
69 82
69 87
69 91
69 96
69 100
69 101
69 106
69 108
69 116
69 123
69 131
69 132
69 138
69 147
69 148
69 174
69 183
69 192
69 200
69 218
70 11
70 31
70 36
70 47
70 48
70 59
70 64
70 68
70 76
70 82
70 87
70 91
70 96
70 99
70 100
70 101
70 103
70 108
70 121
70 129
70 131
70 132
70 163
70 174
70 183
70 187
70 190
70 193
70 218
70 222
71 37
71 57
71 67
71 68
71 76
71 82
71 101
71 107
71 124
71 131
71 138
71 158
71 213
71 224
71 225
73 3
73 4
73 5
73 11
73 16
73 20
73 25
73 26
73 27
73 28
73 31
73 32
73 36
73 37
73 38
73 39
73 40
73 43
73 45
73 46
73 47
73 48
73 49
73 51
73 55
73 56
73 57
73 58
73 59
73 61
73 64
73 65
73 67
73 68
73 69
73 70
73 75
73 76
73 79
73 80
73 81
73 82
73 83
73 85
73 87
73 88
73 91
73 92
73 96
73 98
73 99
73 100
73 101
73 103
73 104
73 105
73 106
73 108
73 109
73 111
73 116
73 120
73 121
73 123
73 124
73 127
73 128
73 129
73 131
73 132
73 138
73 139
73 140
73 141
73 143
73 144
73 147
73 148
73 149
73 150
73 154
73 155
73 161
73 163
73 168
73 174
73 176
73 177
73 179
73 182
73 183
73 186
73 187
73 188
73 190
73 192
73 193
73 194
73 197
73 200
73 201
73 203
73 205
73 208
73 210
73 211
73 212
73 215
73 216
73 218
73 221
73 222
73 223
73 227
73 229
73 230
74 3
74 4
74 5
74 9
74 10
74 11
74 13
74 16
74 17
74 25
74 26
74 27
74 31
74 32
74 36
74 37
74 38
74 39
74 40
74 41
74 43
74 45
74 46
74 47
74 48
74 49
74 51
74 55
74 56
74 57
74 58
74 59
74 61
74 64
74 65
74 66
74 67
74 68
74 69
74 70
74 71
74 76
74 79
74 81
74 82
74 83
74 86
74 87
74 88
74 90
74 91
74 92
74 94
74 96
74 97
74 98
74 99
74 100
74 101
74 103
74 104
74 105
74 106
74 107
74 108
74 109
74 111
74 112
74 114
74 116
74 117
74 121
74 122
74 123
74 124
74 126
74 127
74 128
74 129
74 131
74 132
74 133
74 138
74 139
74 140
74 141
74 143
74 147
74 148
74 149
74 150
74 155
74 158
74 163
74 164
74 166
74 168
74 169
74 172
74 173
74 174
74 176
74 177
74 178
74 179
74 181
74 182
74 183
74 184
74 185
74 186
74 187
74 188
74 190
74 192
74 193
74 194
74 197
74 200
74 201
74 203
74 208
74 209
74 210
74 211
74 212
74 213
74 215
74 216
74 218
74 220
74 221
74 222
74 223
74 224
74 225
74 226
74 227
74 230
75 80
76 101
77 3
77 4
77 5
77 9
77 10
77 11
77 16
77 20
77 25
77 26
77 27
77 28
77 29
77 31
77 32
77 35
77 36
77 37
77 38
77 39
77 40
77 41
77 43
77 45
77 46
77 47
77 48
77 49
77 51
77 52
77 55
77 56
77 57
77 58
77 59
77 61
77 64
77 65
77 66
77 67
77 68
77 69
77 70
77 71
77 73
77 75
77 76
77 79
77 80
77 81
77 82
77 83
77 85
77 86
77 87
77 88
77 90
77 91
77 92
77 93
77 94
77 95
77 96
77 97
77 98
77 99
77 100
77 101
77 102
77 103
77 104
77 105
77 106
77 107
77 108
77 109
77 110
77 111
77 112
77 114
77 116
77 117
77 119
77 120
77 121
77 123
77 124
77 126
77 127
77 128
77 129
77 131
77 132
77 133
77 138
77 139
77 140
77 141
77 143
77 144
77 147
77 148
77 149
77 150
77 154
77 155
77 157
77 158
77 161
77 163
77 164
77 165
77 166
77 168
77 169
77 171
77 173
77 174
77 176
77 177
77 178
77 179
77 181
77 182
77 183
77 184
77 185
77 186
77 187
77 188
77 190
77 191
77 192
77 193
77 194
77 197
77 200
77 201
77 203
77 205
77 208
77 209
77 210
77 211
77 212
77 213
77 215
77 216
77 218
77 220
77 221
77 222
77 223
77 224
77 225
77 226
77 227
77 229
77 230
78 1
78 2
78 4
78 6
78 8
78 11
78 14
78 18
78 20
78 23
78 24
78 29
78 30
78 31
78 36
78 47
78 48
78 51
78 52
78 55
78 59
78 64
78 68
78 72
78 75
78 76
78 80
78 82
78 85
78 87
78 88
78 89
78 91
78 92
78 93
78 96
78 100
78 101
78 103
78 105
78 108
78 110
78 121
78 129
78 130
78 131
78 132
78 145
78 152
78 159
78 163
78 174
78 175
78 183
78 187
78 189
78 190
78 193
78 195
78 196
78 197
78 204
78 205
78 210
78 214
78 218
78 222
78 229
79 11
79 31
79 36
79 47
79 48
79 57
79 59
79 64
79 68
79 70
79 76
79 82
79 87
79 91
79 96
79 99
79 100
79 101
79 103
79 106
79 108
79 121
79 129
79 131
79 132
79 148
79 163
79 174
79 183
79 187
79 190
79 192
79 193
79 200
79 218
79 222
81 25
81 37
81 48
81 49
81 57
81 68
81 76
81 82
81 91
81 96
81 100
81 101
81 106
81 108
81 116
81 123
81 131
81 132
81 138
81 147
81 148
81 174
81 183
81 200
81 218
81 227
82 101
83 3
83 5
83 16
83 25
83 26
83 37
83 45
83 48
83 56
83 57
83 58
83 67
83 68
83 76
83 82
83 91
83 96
83 98
83 100
83 101
83 106
83 127
83 128
83 131
83 132
83 138
83 139
83 147
83 148
83 183
83 218
84 9
84 12
84 16
84 17
84 25
84 26
84 37
84 41
84 45
84 48
84 56
84 57
84 58
84 67
84 68
84 71
84 76
84 82
84 96
84 98
84 100
84 101
84 106
84 107
84 112
84 124
84 127
84 131
84 138
84 148
84 158
84 168
84 183
84 213
84 218
84 224
84 225
85 20
85 47
85 64
85 75
85 80
85 87
85 103
85 129
85 132
85 197
85 205
85 210
85 222
85 229
86 3
86 5
86 9
86 11
86 16
86 25
86 26
86 37
86 39
86 40
86 41
86 43
86 45
86 46
86 47
86 48
86 49
86 56
86 57
86 58
86 59
86 61
86 64
86 67
86 68
86 69
86 71
86 76
86 81
86 82
86 83
86 87
86 90
86 91
86 96
86 98
86 100
86 101
86 103
86 106
86 107
86 108
86 112
86 114
86 116
86 121
86 123
86 124
86 127
86 128
86 131
86 132
86 133
86 138
86 139
86 140
86 147
86 148
86 158
86 164
86 166
86 168
86 169
86 174
86 176
86 181
86 182
86 183
86 184
86 186
86 188
86 190
86 192
86 194
86 200
86 203
86 208
86 209
86 213
86 216
86 218
86 220
86 222
86 224
86 225
86 226
86 227
88 11
88 36
88 47
88 59
88 64
88 76
88 87
88 91
88 101
88 103
88 105
88 129
88 131
88 132
88 183
88 187
88 190
88 193
88 222
89 1
89 2
89 4
89 6
89 11
89 18
89 20
89 24
89 30
89 36
89 47
89 52
89 59
89 64
89 72
89 75
89 76
89 80
89 85
89 87
89 91
89 92
89 101
89 103
89 105
89 129
89 130
89 131
89 132
89 152
89 159
89 175
89 183
89 187
89 189
89 190
89 193
89 195
89 197
89 204
89 205
89 210
89 214
89 222
89 229
90 3
90 5
90 9
90 16
90 25
90 26
90 37
90 45
90 48
90 56
90 57
90 58
90 67
90 68
90 76
90 82
90 83
90 91
90 96
90 98
90 100
90 101
90 106
90 124
90 127
90 128
90 131
90 132
90 138
90 139
90 147
90 148
90 168
90 183
90 213
90 218
90 220
90 224
90 225
91 76
91 101
91 132
91 183
92 47
92 64
92 87
92 103
92 105
92 129
92 132
92 183
92 210
92 222
93 4
93 11
93 20
93 29
93 31
93 36
93 47
93 48
93 51
93 52
93 55
93 59
93 64
93 75
93 76
93 80
93 82
93 85
93 87
93 88
93 91
93 92
93 100
93 101
93 103
93 105
93 108
93 110
93 121
93 129
93 131
93 132
93 163
93 174
93 183
93 187
93 190
93 193
93 197
93 205
93 210
93 218
93 222
93 229
94 3
94 5
94 9
94 11
94 16
94 25
94 26
94 37
94 39
94 40
94 43
94 45
94 46
94 47
94 48
94 49
94 56
94 57
94 58
94 59
94 61
94 64
94 67
94 68
94 69
94 76
94 81
94 82
94 83
94 87
94 90
94 91
94 96
94 98
94 100
94 101
94 103
94 106
94 107
94 108
94 114
94 116
94 121
94 123
94 124
94 127
94 128
94 131
94 132
94 133
94 138
94 139
94 140
94 147
94 148
94 164
94 166
94 168
94 169
94 174
94 176
94 181
94 182
94 183
94 184
94 186
94 188
94 190
94 192
94 194
94 200
94 201
94 203
94 208
94 209
94 213
94 216
94 218
94 220
94 222
94 224
94 225
94 227
94 230
95 4
95 11
95 20
95 29
95 31
95 36
95 47
95 48
95 51
95 52
95 55
95 59
95 64
95 65
95 68
95 70
95 75
95 76
95 80
95 82
95 85
95 87
95 88
95 91
95 92
95 93
95 96
95 99
95 100
95 101
95 103
95 105
95 108
95 110
95 111
95 121
95 129
95 131
95 132
95 163
95 174
95 183
95 187
95 190
95 192
95 193
95 197
95 200
95 205
95 210
95 218
95 222
95 229
96 48
96 68
96 76
96 82
96 101
96 131
96 218
97 3
97 5
97 9
97 16
97 25
97 26
97 37
97 41
97 45
97 48
97 56
97 57
97 58
97 67
97 68
97 71
97 76
97 82
97 83
97 90
97 91
97 96
97 98
97 100
97 101
97 106
97 107
97 112
97 114
97 116
97 123
97 124
97 127
97 128
97 131
97 132
97 133
97 138
97 139
97 147
97 148
97 158
97 168
97 174
97 178
97 183
97 213
97 218
97 220
97 224
97 225
98 37
98 45
98 48
98 57
98 67
98 68
98 76
98 82
98 101
98 131
98 138
99 11
99 47
99 48
99 59
99 64
99 68
99 76
99 82
99 87
99 91
99 96
99 100
99 101
99 103
99 108
99 121
99 129
99 131
99 132
99 163
99 174
99 183
99 190
99 218
99 222
100 76
100 82
100 101
100 131
100 183
102 3
102 4
102 5
102 9
102 11
102 16
102 20
102 25
102 26
102 27
102 28
102 31
102 32
102 36
102 37
102 38
102 39
102 40
102 43
102 45
102 46
102 47
102 48
102 49
102 51
102 55
102 56
102 57
102 58
102 59
102 61
102 64
102 65
102 67
102 68
102 69
102 70
102 75
102 76
102 79
102 80
102 81
102 82
102 83
102 85
102 87
102 88
102 91
102 92
102 96
102 98
102 99
102 100
102 101
102 103
102 104
102 105
102 106
102 108
102 109
102 111
102 114
102 116
102 121
102 123
102 124
102 126
102 127
102 128
102 129
102 131
102 132
102 138
102 139
102 140
102 141
102 143
102 144
102 147
102 148
102 149
102 150
102 154
102 155
102 161
102 163
102 164
102 165
102 168
102 169
102 173
102 174
102 176
102 177
102 179
102 181
102 182
102 183
102 184
102 185
102 186
102 187
102 188
102 190
102 192
102 193
102 194
102 197
102 200
102 201
102 203
102 205
102 208
102 209
102 210
102 211
102 212
102 213
102 215
102 216
102 218
102 220
102 221
102 222
102 223
102 224
102 227
102 229
102 230
104 11
104 25
104 31
104 32
104 36
104 37
104 38
104 40
104 45
104 46
104 47
104 48
104 49
104 51
104 55
104 57
104 59
104 64
104 65
104 68
104 69
104 70
104 76
104 79
104 81
104 82
104 87
104 88
104 91
104 92
104 96
104 99
104 100
104 101
104 103
104 105
104 106
104 108
104 109
104 111
104 116
104 121
104 123
104 129
104 131
104 132
104 138
104 140
104 141
104 143
104 147
104 148
104 149
104 163
104 174
104 183
104 186
104 187
104 190
104 192
104 193
104 200
104 208
104 210
104 212
104 218
104 221
104 222
104 227
105 47
105 64
105 87
105 103
105 129
105 132
105 183
105 222
106 48
106 57
106 68
106 76
106 82
106 96
106 100
106 101
106 131
106 183
106 218
107 37
107 57
107 67
107 76
107 82
107 101
107 124
107 138
107 225
108 48
108 76
108 82
108 91
108 100
108 101
108 131
108 132
108 183
109 11
109 47
109 48
109 57
109 59
109 64
109 68
109 76
109 82
109 87
109 91
109 96
109 100
109 101
109 103
109 106
109 108
109 121
109 129
109 131
109 132
109 148
109 163
109 174
109 183
109 190
109 192
109 200
109 208
109 218
109 222
110 4
110 11
110 20
110 36
110 47
110 52
110 59
110 64
110 75
110 76
110 80
110 82
110 85
110 87
110 88
110 91
110 92
110 100
110 101
110 103
110 105
110 129
110 131
110 132
110 163
110 183
110 187
110 190
110 193
110 197
110 205
110 210
110 222
110 229
111 11
111 31
111 36
111 47
111 48
111 51
111 55
111 59
111 64
111 65
111 68
111 70
111 76
111 82
111 87
111 88
111 91
111 92
111 96
111 99
111 100
111 101
111 103
111 105
111 108
111 121
111 129
111 131
111 132
111 163
111 174
111 183
111 187
111 190
111 192
111 193
111 200
111 210
111 218
111 222
112 16
112 26
112 37
112 45
112 48
112 56
112 57
112 67
112 68
112 71
112 76
112 82
112 98
112 101
112 107
112 124
112 131
112 138
112 158
112 213
112 224
112 225
113 1
113 2
113 4
113 6
113 8
113 11
113 14
113 18
113 20
113 23
113 24
113 29
113 30
113 31
113 36
113 47
113 48
113 51
113 52
113 55
113 57
113 59
113 64
113 65
113 68
113 70
113 72
113 75
113 76
113 80
113 82
113 85
113 87
113 88
113 89
113 91
113 92
113 93
113 95
113 96
113 99
113 100
113 101
113 103
113 105
113 108
113 110
113 111
113 121
113 129
113 130
113 131
113 132
113 145
113 152
113 159
113 163
113 174
113 175
113 183
113 187
113 189
113 190
113 192
113 193
113 195
113 197
113 200
113 204
113 205
113 210
113 214
113 218
113 222
113 229
114 3
114 5
114 16
114 25
114 26
114 37
114 45
114 48
114 56
114 57
114 58
114 67
114 68
114 76
114 82
114 83
114 91
114 96
114 98
114 100
114 101
114 106
114 116
114 123
114 124
114 127
114 128
114 131
114 132
114 138
114 139
114 147
114 148
114 168
114 174
114 183
114 218
114 224
115 0
115 1
115 2
115 3
115 4
115 5
115 6
115 8
115 11
115 14
115 16
115 18
115 20
115 23
115 24
115 25
115 26
115 27
115 28
115 29
115 30
115 31
115 32
115 34
115 36
115 37
115 38
115 39
115 40
115 43
115 44
115 45
115 46
115 47
115 48
115 49
115 51
115 52
115 53
115 54
115 55
115 56
115 57
115 58
115 59
115 61
115 62
115 64
115 65
115 67
115 68
115 69
115 70
115 72
115 73
115 75
115 76
115 79
115 80
115 81
115 82
115 83
115 85
115 87
115 88
115 89
115 91
115 92
115 93
115 95
115 96
115 98
115 99
115 100
115 101
115 103
115 104
115 105
115 106
115 108
115 109
115 110
115 111
115 113
115 116
115 119
115 120
115 121
115 123
115 124
115 126
115 127
115 128
115 129
115 130
115 131
115 132
115 137
115 138
115 139
115 140
115 141
115 143
115 144
115 145
115 147
115 148
115 149
115 150
115 152
115 154
115 155
115 157
115 159
115 161
115 162
115 163
115 165
115 168
115 174
115 175
115 176
115 177
115 179
115 181
115 182
115 183
115 186
115 187
115 188
115 189
115 190
115 191
115 192
115 193
115 194
115 195
115 197
115 198
115 200
115 201
115 203
115 204
115 205
115 208
115 210
115 211
115 212
115 214
115 215
115 216
115 218
115 219
115 221
115 222
115 223
115 227
115 228
115 229
115 230
116 48
116 57
116 68
116 76
116 82
116 91
116 96
116 100
116 101
116 106
116 131
116 132
116 148
116 174
116 183
116 218
117 3
117 5
117 9
117 11
117 16
117 25
117 26
117 37
117 39
117 40
117 43
117 45
117 46
117 47
117 48
117 49
117 56
117 57
117 58
117 59
117 61
117 64
117 67
117 68
117 69
117 76
117 81
117 82
117 83
117 87
117 91
117 96
117 98
117 100
117 101
117 103
117 106
117 108
117 109
117 114
117 116
117 121
117 123
117 124
117 127
117 128
117 129
117 131
117 132
117 133
117 138
117 139
117 140
117 147
117 148
117 155
117 163
117 164
117 166
117 168
117 169
117 174
117 176
117 181
117 182
117 183
117 184
117 186
117 188
117 190
117 192
117 194
117 200
117 201
117 203
117 208
117 209
117 213
117 215
117 216
117 218
117 220
117 222
117 223
117 224
117 227
117 230
118 3
118 5
118 7
118 9
118 12
118 16
118 17
118 19
118 25
118 26
118 37
118 40
118 41
118 45
118 47
118 48
118 49
118 56
118 57
118 58
118 61
118 67
118 68
118 69
118 71
118 76
118 81
118 82
118 83
118 84
118 87
118 90
118 91
118 96
118 97
118 98
118 100
118 101
118 106
118 107
118 108
118 112
118 114
118 116
118 122
118 123
118 124
118 127
118 128
118 131
118 132
118 133
118 138
118 139
118 140
118 147
118 148
118 158
118 164
118 166
118 167
118 168
118 174
118 178
118 181
118 183
118 184
118 186
118 188
118 192
118 200
118 213
118 216
118 218
118 220
118 224
118 225
118 227
119 4
119 11
119 20
119 29
119 31
119 36
119 38
119 47
119 48
119 51
119 52
119 55
119 57
119 59
119 64
119 65
119 68
119 70
119 75
119 76
119 79
119 80
119 82
119 85
119 87
119 88
119 91
119 92
119 93
119 95
119 96
119 99
119 100
119 101
119 103
119 105
119 106
119 108
119 109
119 110
119 111
119 116
119 121
119 129
119 131
119 132
119 140
119 143
119 148
119 154
119 157
119 163
119 174
119 183
119 187
119 190
119 192
119 193
119 197
119 200
119 205
119 208
119 210
119 212
119 218
119 222
119 229
120 4
120 11
120 20
120 25
120 27
120 31
120 32
120 36
120 37
120 38
120 40
120 45
120 46
120 47
120 48
120 49
120 51
120 55
120 56
120 57
120 59
120 64
120 65
120 68
120 69
120 70
120 75
120 76
120 79
120 80
120 81
120 82
120 85
120 87
120 88
120 91
120 92
120 96
120 99
120 100
120 101
120 103
120 104
120 105
120 106
120 108
120 109
120 111
120 116
120 121
120 123
120 129
120 131
120 132
120 138
120 140
120 141
120 143
120 144
120 147
120 148
120 149
120 150
120 154
120 161
120 163
120 174
120 183
120 186
120 187
120 190
120 192
120 193
120 197
120 200
120 203
120 205
120 208
120 210
120 212
120 216
120 218
120 221
120 222
120 227
120 229
121 11
121 47
121 48
121 59
121 76
121 82
121 87
121 91
121 100
121 101
121 103
121 108
121 131
121 132
121 174
121 183
121 218
121 222
122 3
122 5
122 9
122 16
122 17
122 25
122 26
122 37
122 40
122 41
122 45
122 48
122 49
122 56
122 57
122 58
122 67
122 68
122 69
122 71
122 76
122 81
122 82
122 83
122 87
122 90
122 91
122 96
122 97
122 98
122 100
122 101
122 106
122 107
122 108
122 112
122 114
122 116
122 123
122 124
122 127
122 128
122 131
122 132
122 133
122 138
122 139
122 140
122 147
122 148
122 158
122 164
122 166
122 168
122 174
122 178
122 181
122 183
122 186
122 188
122 192
122 200
122 213
122 216
122 218
122 220
122 224
122 225
122 227
123 37
123 48
123 57
123 68
123 76
123 82
123 91
123 96
123 100
123 101
123 106
123 116
123 131
123 132
123 138
123 147
123 148
123 174
123 183
123 218
124 37
124 67
124 76
124 82
124 101
125 3
125 4
125 5
125 9
125 10
125 11
125 13
125 16
125 17
125 20
125 25
125 26
125 27
125 28
125 31
125 32
125 35
125 36
125 37
125 38
125 39
125 40
125 41
125 43
125 45
125 46
125 47
125 48
125 49
125 51
125 55
125 56
125 57
125 58
125 59
125 61
125 64
125 65
125 66
125 67
125 68
125 69
125 70
125 71
125 74
125 75
125 76
125 79
125 80
125 81
125 82
125 83
125 86
125 87
125 88
125 90
125 91
125 92
125 94
125 96
125 97
125 98
125 99
125 100
125 101
125 103
125 104
125 105
125 106
125 107
125 108
125 109
125 111
125 112
125 114
125 116
125 117
125 121
125 122
125 123
125 124
125 126
125 127
125 128
125 129
125 131
125 132
125 133
125 138
125 139
125 140
125 141
125 143
125 144
125 147
125 148
125 149
125 150
125 154
125 155
125 158
125 163
125 164
125 165
125 166
125 168
125 169
125 172
125 173
125 174
125 176
125 177
125 178
125 179
125 181
125 182
125 183
125 184
125 185
125 186
125 187
125 188
125 190
125 192
125 193
125 194
125 197
125 200
125 201
125 203
125 208
125 209
125 210
125 211
125 212
125 213
125 215
125 216
125 218
125 220
125 221
125 222
125 223
125 224
125 225
125 226
125 227
125 229
125 230
126 3
126 5
126 11
126 16
126 25
126 26
126 27
126 32
126 37
126 39
126 40
126 43
126 45
126 46
126 47
126 48
126 49
126 56
126 57
126 58
126 59
126 61
126 64
126 67
126 68
126 69
126 76
126 81
126 82
126 83
126 87
126 91
126 96
126 98
126 99
126 100
126 101
126 103
126 106
126 108
126 109
126 116
126 121
126 123
126 124
126 127
126 128
126 129
126 131
126 132
126 138
126 139
126 140
126 147
126 148
126 149
126 150
126 155
126 163
126 168
126 174
126 176
126 181
126 182
126 183
126 186
126 188
126 190
126 192
126 194
126 200
126 201
126 203
126 208
126 215
126 216
126 218
126 222
126 223
126 227
126 230
127 16
127 25
127 26
127 37
127 45
127 48
127 56
127 57
127 58
127 67
127 68
127 76
127 82
127 96
127 98
127 100
127 101
127 106
127 131
127 138
127 183
127 218
128 5
128 16
128 25
128 37
128 45
128 48
128 56
128 57
128 67
128 68
128 76
128 82
128 96
128 98
128 100
128 101
128 106
128 131
128 138
128 148
128 183
128 218
129 47
129 64
129 103
129 222
130 2
130 6
130 18
130 20
130 24
130 30
130 36
130 47
130 52
130 64
130 72
130 75
130 76
130 80
130 85
130 87
130 91
130 92
130 101
130 103
130 105
130 129
130 132
130 152
130 159
130 175
130 183
130 187
130 190
130 195
130 197
130 204
130 205
130 210
130 214
130 222
130 229
131 76
131 101
133 3
133 5
133 9
133 16
133 25
133 26
133 37
133 45
133 48
133 56
133 57
133 58
133 67
133 68
133 76
133 82
133 83
133 91
133 96
133 98
133 100
133 101
133 106
133 114
133 116
133 123
133 124
133 127
133 128
133 131
133 132
133 138
133 139
133 147
133 148
133 168
133 174
133 183
133 213
133 218
133 220
133 224
134 12
134 37
134 41
134 67
134 82
134 101
134 158
135 1
135 2
135 4
135 6
135 8
135 11
135 14
135 15
135 18
135 20
135 23
135 24
135 29
135 30
135 31
135 36
135 37
135 38
135 47
135 48
135 51
135 52
135 55
135 57
135 59
135 64
135 65
135 68
135 70
135 72
135 75
135 76
135 78
135 79
135 80
135 82
135 85
135 87
135 88
135 89
135 91
135 92
135 93
135 95
135 96
135 99
135 100
135 101
135 103
135 105
135 106
135 108
135 109
135 110
135 111
135 113
135 116
135 119
135 121
135 129
135 130
135 131
135 132
135 138
135 140
135 141
135 143
135 145
135 147
135 148
135 149
135 151
135 152
135 154
135 157
135 159
135 163
135 174
135 175
135 183
135 186
135 187
135 189
135 190
135 192
135 193
135 195
135 196
135 197
135 200
135 202
135 204
135 205
135 207
135 208
135 210
135 212
135 214
135 217
135 218
135 222
135 228
135 229
136 12
136 16
136 17
136 26
136 37
136 41
136 45
136 48
136 57
136 67
136 68
136 71
136 76
136 82
136 101
136 107
136 124
136 131
136 134
136 138
136 142
136 158
136 213
136 224
136 225
137 4
137 11
137 20
137 29
137 31
137 32
137 36
137 37
137 38
137 46
137 47
137 48
137 51
137 52
137 55
137 57
137 59
137 64
137 65
137 68
137 69
137 70
137 75
137 76
137 79
137 80
137 82
137 85
137 87
137 88
137 91
137 92
137 93
137 95
137 96
137 99
137 100
137 101
137 103
137 105
137 106
137 108
137 109
137 110
137 111
137 116
137 119
137 121
137 123
137 129
137 131
137 132
137 138
137 140
137 141
137 143
137 147
137 148
137 149
137 154
137 157
137 163
137 174
137 183
137 186
137 187
137 190
137 192
137 193
137 197
137 200
137 205
137 208
137 210
137 212
137 218
137 221
137 222
137 229
138 37
138 57
138 76
138 82
138 101
139 3
139 25
139 37
139 45
139 48
139 56
139 57
139 67
139 68
139 76
139 82
139 91
139 96
139 98
139 100
139 101
139 106
139 131
139 132
139 138
139 147
139 148
139 183
139 218
140 48
140 57
140 68
140 76
140 82
140 87
140 91
140 96
140 100
140 101
140 106
140 108
140 116
140 131
140 132
140 148
140 174
140 183
140 192
140 200
140 218
141 11
141 37
141 47
141 48
141 57
141 59
141 64
141 68
141 76
141 82
141 87
141 91
141 96
141 99
141 100
141 101
141 103
141 106
141 108
141 109
141 116
141 121
141 129
141 131
141 132
141 140
141 147
141 148
141 149
141 163
141 174
141 183
141 186
141 190
141 192
141 193
141 200
141 208
141 218
141 222
142 12
142 17
142 37
142 41
142 57
142 67
142 68
142 76
142 82
142 101
142 107
142 124
142 131
142 134
142 138
142 158
142 213
142 224
142 225
143 11
143 31
143 36
143 47
143 48
143 51
143 55
143 57
143 59
143 64
143 65
143 68
143 70
143 76
143 82
143 87
143 88
143 91
143 96
143 99
143 100
143 101
143 103
143 105
143 106
143 108
143 121
143 129
143 131
143 132
143 163
143 174
143 183
143 187
143 190
143 192
143 193
143 200
143 210
143 218
143 222
144 4
144 11
144 25
144 27
144 31
144 32
144 36
144 37
144 38
144 40
144 45
144 46
144 47
144 48
144 49
144 51
144 55
144 56
144 57
144 59
144 64
144 65
144 68
144 69
144 70
144 76
144 79
144 80
144 81
144 82
144 87
144 88
144 91
144 92
144 96
144 99
144 100
144 101
144 103
144 104
144 105
144 106
144 108
144 109
144 111
144 116
144 121
144 123
144 129
144 131
144 132
144 138
144 140
144 141
144 143
144 147
144 148
144 149
144 150
144 154
144 163
144 174
144 183
144 186
144 187
144 190
144 192
144 193
144 197
144 200
144 203
144 208
144 210
144 212
144 216
144 218
144 221
144 222
144 227
144 229
145 2
145 4
145 11
145 18
145 20
145 23
145 29
145 31
145 36
145 47
145 48
145 51
145 52
145 55
145 59
145 64
145 72
145 75
145 76
145 80
145 82
145 85
145 87
145 88
145 91
145 92
145 93
145 100
145 101
145 103
145 105
145 108
145 110
145 121
145 129
145 131
145 132
145 163
145 174
145 183
145 187
145 190
145 193
145 197
145 205
145 210
145 218
145 222
145 229
146 0
146 1
146 2
146 3
146 4
146 5
146 6
146 8
146 9
146 10
146 11
146 14
146 16
146 18
146 20
146 22
146 23
146 24
146 25
146 26
146 27
146 28
146 29
146 30
146 31
146 32
146 34
146 36
146 37
146 38
146 39
146 40
146 42
146 43
146 44
146 45
146 46
146 47
146 48
146 49
146 50
146 51
146 52
146 53
146 54
146 55
146 56
146 57
146 58
146 59
146 60
146 61
146 62
146 64
146 65
146 66
146 67
146 68
146 69
146 70
146 71
146 72
146 73
146 75
146 76
146 78
146 79
146 80
146 81
146 82
146 83
146 85
146 87
146 88
146 89
146 90
146 91
146 92
146 93
146 94
146 95
146 96
146 98
146 99
146 100
146 101
146 102
146 103
146 104
146 105
146 106
146 107
146 108
146 109
146 110
146 111
146 112
146 113
146 114
146 115
146 116
146 117
146 119
146 120
146 121
146 123
146 124
146 126
146 127
146 128
146 129
146 130
146 131
146 132
146 133
146 137
146 138
146 139
146 140
146 141
146 143
146 144
146 145
146 147
146 148
146 149
146 150
146 152
146 153
146 154
146 155
146 156
146 157
146 158
146 159
146 161
146 162
146 163
146 164
146 165
146 166
146 168
146 169
146 170
146 171
146 173
146 174
146 175
146 176
146 177
146 179
146 180
146 181
146 182
146 183
146 184
146 185
146 186
146 187
146 188
146 189
146 190
146 191
146 192
146 193
146 194
146 195
146 196
146 197
146 198
146 200
146 201
146 202
146 203
146 204
146 205
146 207
146 208
146 209
146 210
146 211
146 212
146 213
146 214
146 215
146 216
146 217
146 218
146 219
146 220
146 221
146 222
146 223
146 224
146 225
146 226
146 227
146 228
146 229
146 230
147 37
147 48
147 57
147 68
147 76
147 82
147 91
147 96
147 100
147 101
147 106
147 131
147 132
147 148
147 183
147 218
148 48
148 57
148 68
148 76
148 82
148 96
148 100
148 101
148 106
148 131
148 183
148 218
149 11
149 37
149 47
149 48
149 57
149 59
149 64
149 68
149 76
149 82
149 87
149 91
149 96
149 100
149 101
149 103
149 106
149 108
149 109
149 116
149 121
149 129
149 131
149 132
149 140
149 147
149 148
149 163
149 174
149 183
149 186
149 190
149 192
149 200
149 208
149 218
149 222
150 11
150 25
150 32
150 37
150 40
150 45
150 46
150 47
150 48
150 49
150 56
150 57
150 59
150 64
150 68
150 69
150 76
150 81
150 82
150 87
150 91
150 96
150 99
150 100
150 101
150 103
150 106
150 108
150 109
150 116
150 121
150 123
150 129
150 131
150 132
150 138
150 140
150 147
150 148
150 149
150 163
150 174
150 183
150 186
150 190
150 192
150 200
150 203
150 208
150 216
150 218
150 222
150 227
151 2
151 6
151 15
151 18
151 20
151 30
151 47
151 52
151 64
151 72
151 75
151 80
151 87
151 103
151 129
151 132
151 152
151 159
151 175
151 195
151 196
151 197
151 204
151 205
151 207
151 210
151 214
151 222
151 229
152 204
153 0
153 1
153 2
153 3
153 4
153 5
153 6
153 8
153 11
153 14
153 16
153 18
153 20
153 23
153 24
153 25
153 26
153 27
153 28
153 29
153 30
153 31
153 32
153 34
153 36
153 37
153 38
153 39
153 40
153 43
153 44
153 45
153 46
153 47
153 48
153 49
153 51
153 52
153 53
153 54
153 55
153 56
153 57
153 58
153 59
153 61
153 62
153 64
153 65
153 67
153 68
153 69
153 70
153 72
153 73
153 75
153 76
153 79
153 80
153 81
153 82
153 83
153 85
153 87
153 88
153 89
153 91
153 92
153 93
153 95
153 96
153 98
153 99
153 100
153 101
153 103
153 104
153 105
153 106
153 108
153 109
153 110
153 111
153 113
153 116
153 119
153 120
153 121
153 123
153 124
153 127
153 128
153 129
153 130
153 131
153 132
153 137
153 138
153 139
153 140
153 141
153 143
153 144
153 145
153 147
153 148
153 149
153 150
153 152
153 154
153 155
153 157
153 159
153 161
153 162
153 163
153 165
153 168
153 174
153 175
153 176
153 177
153 179
153 181
153 182
153 183
153 186
153 187
153 188
153 189
153 190
153 191
153 192
153 193
153 194
153 195
153 196
153 197
153 198
153 200
153 201
153 202
153 203
153 204
153 205
153 208
153 210
153 211
153 212
153 214
153 215
153 216
153 218
153 219
153 221
153 222
153 223
153 227
153 228
153 229
153 230
154 4
154 11
154 31
154 36
154 38
154 47
154 48
154 51
154 55
154 57
154 59
154 64
154 65
154 68
154 70
154 76
154 79
154 80
154 82
154 87
154 88
154 91
154 92
154 96
154 99
154 100
154 101
154 103
154 105
154 106
154 108
154 109
154 111
154 121
154 129
154 131
154 132
154 143
154 148
154 163
154 174
154 183
154 187
154 190
154 192
154 193
154 197
154 200
154 208
154 210
154 212
154 218
154 222
154 229
155 3
155 11
155 25
155 37
155 40
155 45
155 46
155 47
155 48
155 49
155 56
155 57
155 59
155 64
155 67
155 68
155 69
155 76
155 81
155 82
155 87
155 91
155 96
155 100
155 101
155 103
155 106
155 108
155 116
155 121
155 123
155 129
155 131
155 132
155 138
155 140
155 147
155 148
155 163
155 174
155 176
155 183
155 186
155 190
155 192
155 200
155 203
155 208
155 216
155 218
155 222
155 227
156 0
156 2
156 3
156 4
156 5
156 6
156 8
156 11
156 14
156 16
156 18
156 20
156 23
156 25
156 26
156 27
156 28
156 29
156 30
156 31
156 32
156 36
156 37
156 38
156 39
156 40
156 43
156 44
156 45
156 46
156 47
156 48
156 49
156 51
156 52
156 53
156 55
156 56
156 57
156 58
156 59
156 61
156 64
156 65
156 67
156 68
156 69
156 70
156 72
156 73
156 75
156 76
156 79
156 80
156 81
156 82
156 83
156 85
156 87
156 88
156 91
156 92
156 93
156 95
156 96
156 98
156 99
156 100
156 101
156 103
156 104
156 105
156 106
156 108
156 109
156 110
156 111
156 114
156 116
156 119
156 120
156 121
156 123
156 124
156 126
156 127
156 128
156 129
156 131
156 132
156 137
156 138
156 139
156 140
156 141
156 143
156 144
156 145
156 147
156 148
156 149
156 150
156 152
156 154
156 155
156 157
156 161
156 163
156 164
156 165
156 168
156 174
156 176
156 177
156 179
156 181
156 182
156 183
156 186
156 187
156 188
156 189
156 190
156 191
156 192
156 193
156 194
156 195
156 197
156 198
156 200
156 201
156 203
156 204
156 205
156 208
156 209
156 210
156 211
156 212
156 215
156 216
156 218
156 221
156 222
156 223
156 224
156 227
156 229
156 230
157 4
157 11
157 20
157 29
157 31
157 36
157 47
157 48
157 51
157 52
157 55
157 57
157 59
157 64
157 65
157 68
157 70
157 75
157 76
157 79
157 80
157 82
157 85
157 87
157 88
157 91
157 92
157 93
157 95
157 96
157 99
157 100
157 101
157 103
157 105
157 106
157 108
157 110
157 111
157 121
157 129
157 131
157 132
157 143
157 148
157 163
157 174
157 183
157 187
157 190
157 192
157 193
157 197
157 200
157 205
157 210
157 212
157 218
157 222
157 229
158 37
158 67
158 82
158 101
160 12
160 17
160 37
160 41
160 67
160 76
160 82
160 101
160 124
160 134
160 158
161 4
161 11
161 20
161 25
161 27
161 31
161 32
161 36
161 37
161 38
161 40
161 45
161 46
161 47
161 48
161 49
161 51
161 55
161 56
161 57
161 59
161 64
161 65
161 68
161 69
161 70
161 75
161 76
161 79
161 80
161 81
161 82
161 85
161 87
161 88
161 91
161 92
161 96
161 99
161 100
161 101
161 103
161 104
161 105
161 106
161 108
161 109
161 111
161 116
161 121
161 123
161 129
161 131
161 132
161 138
161 140
161 141
161 143
161 144
161 147
161 148
161 149
161 150
161 154
161 163
161 174
161 183
161 186
161 187
161 190
161 192
161 193
161 197
161 200
161 203
161 205
161 208
161 210
161 212
161 216
161 218
161 221
161 222
161 227
161 229
162 0
162 1
162 2
162 3
162 4
162 5
162 6
162 8
162 11
162 14
162 16
162 18
162 20
162 23
162 24
162 25
162 26
162 27
162 28
162 29
162 30
162 31
162 32
162 36
162 37
162 38
162 39
162 40
162 43
162 44
162 45
162 46
162 47
162 48
162 49
162 51
162 52
162 54
162 55
162 56
162 57
162 58
162 59
162 61
162 64
162 65
162 67
162 68
162 69
162 70
162 72
162 75
162 76
162 79
162 80
162 81
162 82
162 83
162 85
162 87
162 88
162 89
162 91
162 92
162 93
162 95
162 96
162 98
162 99
162 100
162 101
162 103
162 104
162 105
162 106
162 108
162 109
162 110
162 111
162 113
162 116
162 119
162 120
162 121
162 123
162 127
162 128
162 129
162 130
162 131
162 132
162 137
162 138
162 139
162 140
162 141
162 143
162 144
162 145
162 147
162 148
162 149
162 150
162 152
162 154
162 155
162 157
162 159
162 161
162 163
162 174
162 175
162 176
162 177
162 179
162 182
162 183
162 186
162 187
162 189
162 190
162 191
162 192
162 193
162 194
162 195
162 197
162 198
162 200
162 201
162 203
162 204
162 205
162 208
162 210
162 211
162 212
162 214
162 216
162 218
162 219
162 221
162 222
162 223
162 227
162 228
162 229
162 230
163 11
163 47
163 59
163 64
163 76
163 82
163 87
163 91
163 101
163 103
163 129
163 131
163 132
163 183
163 190
163 222
164 3
164 5
164 16
164 25
164 26
164 37
164 40
164 45
164 48
164 49
164 56
164 57
164 58
164 67
164 68
164 69
164 76
164 81
164 82
164 83
164 87
164 91
164 96
164 98
164 100
164 101
164 106
164 108
164 114
164 116
164 123
164 124
164 127
164 128
164 131
164 132
164 138
164 139
164 140
164 147
164 148
164 168
164 174
164 181
164 183
164 186
164 188
164 192
164 200
164 216
164 218
164 224
164 227
165 3
165 4
165 5
165 11
165 16
165 20
165 25
165 26
165 27
165 28
165 31
165 32
165 36
165 37
165 38
165 39
165 40
165 43
165 45
165 46
165 47
165 48
165 49
165 51
165 55
165 56
165 57
165 58
165 59
165 61
165 64
165 65
165 67
165 68
165 69
165 70
165 76
165 79
165 80
165 81
165 82
165 83
165 87
165 88
165 91
165 92
165 96
165 98
165 99
165 100
165 101
165 103
165 104
165 105
165 106
165 108
165 109
165 111
165 116
165 121
165 123
165 124
165 127
165 128
165 129
165 131
165 132
165 138
165 139
165 140
165 141
165 143
165 144
165 147
165 148
165 149
165 150
165 154
165 155
165 163
165 168
165 174
165 176
165 177
165 179
165 182
165 183
165 186
165 187
165 188
165 190
165 192
165 193
165 194
165 197
165 200
165 201
165 203
165 208
165 210
165 211
165 212
165 215
165 216
165 218
165 221
165 222
165 223
165 227
165 229
165 230
166 3
166 5
166 9
166 16
166 25
166 26
166 37
166 40
166 45
166 48
166 49
166 56
166 57
166 58
166 67
166 68
166 69
166 76
166 81
166 82
166 83
166 87
166 91
166 96
166 98
166 100
166 101
166 106
166 108
166 114
166 116
166 123
166 124
166 127
166 128
166 131
166 132
166 138
166 139
166 140
166 147
166 148
166 164
166 168
166 174
166 181
166 183
166 186
166 188
166 192
166 200
166 213
166 216
166 218
166 220
166 224
166 227
167 3
167 5
167 9
167 12
167 16
167 17
167 25
167 26
167 37
167 41
167 45
167 48
167 49
167 56
167 57
167 58
167 67
167 68
167 71
167 76
167 82
167 83
167 84
167 90
167 91
167 96
167 97
167 98
167 100
167 101
167 106
167 107
167 112
167 114
167 116
167 123
167 124
167 127
167 128
167 131
167 132
167 133
167 138
167 139
167 147
167 148
167 158
167 168
167 174
167 178
167 183
167 200
167 213
167 218
167 220
167 224
167 225
167 227
168 16
168 25
168 26
168 37
168 45
168 48
168 56
168 57
168 58
168 67
168 68
168 76
168 82
168 96
168 98
168 100
168 101
168 106
168 124
168 127
168 131
168 138
168 148
168 183
168 218
169 3
169 5
169 9
169 16
169 25
169 26
169 37
169 40
169 45
169 47
169 48
169 49
169 56
169 57
169 58
169 59
169 61
169 67
169 68
169 69
169 76
169 81
169 82
169 83
169 87
169 91
169 96
169 98
169 100
169 101
169 103
169 106
169 108
169 114
169 116
169 123
169 124
169 127
169 128
169 131
169 132
169 138
169 139
169 140
169 147
169 148
169 164
169 168
169 174
169 176
169 181
169 182
169 183
169 184
169 186
169 188
169 192
169 194
169 200
169 216
169 218
169 224
169 227
170 0
170 2
170 3
170 4
170 5
170 6
170 8
170 11
170 14
170 16
170 18
170 20
170 23
170 24
170 25
170 26
170 27
170 28
170 29
170 30
170 31
170 32
170 36
170 37
170 38
170 39
170 40
170 43
170 44
170 45
170 46
170 47
170 48
170 49
170 51
170 52
170 53
170 55
170 56
170 57
170 58
170 59
170 61
170 62
170 64
170 65
170 67
170 68
170 69
170 70
170 72
170 73
170 75
170 76
170 79
170 80
170 81
170 82
170 83
170 85
170 87
170 88
170 91
170 92
170 93
170 95
170 96
170 98
170 99
170 100
170 101
170 103
170 104
170 105
170 106
170 108
170 109
170 110
170 111
170 114
170 116
170 119
170 120
170 121
170 123
170 124
170 126
170 127
170 128
170 129
170 130
170 131
170 132
170 137
170 138
170 139
170 140
170 141
170 143
170 144
170 145
170 147
170 148
170 149
170 150
170 152
170 154
170 155
170 156
170 157
170 159
170 161
170 163
170 164
170 165
170 168
170 174
170 175
170 176
170 177
170 179
170 181
170 182
170 183
170 186
170 187
170 188
170 189
170 190
170 191
170 192
170 193
170 194
170 195
170 197
170 198
170 200
170 201
170 203
170 204
170 205
170 208
170 209
170 210
170 211
170 212
170 214
170 215
170 216
170 218
170 219
170 221
170 222
170 223
170 224
170 227
170 228
170 229
170 230
171 3
171 4
171 5
171 9
171 11
171 16
171 20
171 25
171 26
171 27
171 28
171 29
171 31
171 32
171 36
171 37
171 38
171 39
171 40
171 43
171 45
171 46
171 47
171 48
171 49
171 51
171 52
171 55
171 56
171 57
171 58
171 59
171 61
171 64
171 65
171 67
171 68
171 69
171 70
171 73
171 75
171 76
171 79
171 80
171 81
171 82
171 83
171 85
171 87
171 88
171 91
171 92
171 93
171 95
171 96
171 98
171 99
171 100
171 101
171 103
171 104
171 105
171 106
171 108
171 109
171 110
171 111
171 114
171 116
171 119
171 120
171 121
171 123
171 124
171 126
171 127
171 128
171 129
171 131
171 132
171 138
171 139
171 140
171 141
171 143
171 144
171 147
171 148
171 149
171 150
171 154
171 155
171 157
171 161
171 163
171 164
171 165
171 168
171 169
171 173
171 174
171 176
171 177
171 179
171 181
171 182
171 183
171 184
171 186
171 187
171 188
171 190
171 191
171 192
171 193
171 194
171 197
171 200
171 201
171 203
171 205
171 208
171 209
171 210
171 211
171 212
171 215
171 216
171 218
171 220
171 221
171 222
171 223
171 224
171 227
171 229
171 230
172 3
172 5
172 9
172 11
172 16
172 25
172 26
172 37
172 39
172 40
172 41
172 43
172 45
172 46
172 47
172 48
172 49
172 56
172 57
172 58
172 59
172 61
172 67
172 68
172 69
172 71
172 76
172 81
172 82
172 83
172 87
172 90
172 91
172 96
172 97
172 98
172 100
172 101
172 103
172 106
172 107
172 108
172 112
172 114
172 116
172 121
172 123
172 124
172 127
172 128
172 131
172 132
172 133
172 138
172 139
172 140
172 147
172 148
172 158
172 164
172 166
172 168
172 169
172 174
172 176
172 178
172 181
172 182
172 183
172 184
172 186
172 188
172 190
172 192
172 194
172 200
172 203
172 208
172 209
172 213
172 216
172 218
172 220
172 222
172 224
172 225
172 226
172 227
173 3
173 5
173 9
173 11
173 16
173 25
173 26
173 27
173 31
173 32
173 36
173 37
173 39
173 40
173 43
173 45
173 46
173 47
173 48
173 49
173 56
173 57
173 58
173 59
173 61
173 64
173 67
173 68
173 69
173 70
173 76
173 79
173 81
173 82
173 83
173 87
173 91
173 96
173 98
173 99
173 100
173 101
173 103
173 106
173 108
173 109
173 114
173 116
173 121
173 123
173 124
173 126
173 127
173 128
173 129
173 131
173 132
173 138
173 139
173 140
173 141
173 147
173 148
173 149
173 150
173 155
173 163
173 164
173 168
173 169
173 174
173 176
173 181
173 182
173 183
173 184
173 186
173 187
173 188
173 190
173 192
173 193
173 194
173 200
173 201
173 203
173 208
173 209
173 211
173 215
173 216
173 218
173 222
173 223
173 224
173 227
173 230
174 48
174 76
174 82
174 91
174 100
174 101
174 131
174 132
174 183
175 72
175 152
175 159
175 204
176 25
176 37
176 40
176 45
176 47
176 48
176 49
176 56
176 57
176 59
176 68
176 69
176 76
176 81
176 82
176 87
176 91
176 96
176 100
176 101
176 103
176 106
176 108
176 116
176 123
176 131
176 132
176 138
176 140
176 147
176 148
176 174
176 183
176 186
176 192
176 200
176 216
176 218
176 227
177 3
177 4
177 11
177 25
177 27
177 31
177 32
177 36
177 37
177 38
177 40
177 45
177 46
177 47
177 48
177 49
177 51
177 55
177 56
177 57
177 59
177 64
177 65
177 68
177 69
177 70
177 76
177 79
177 81
177 82
177 87
177 88
177 91
177 92
177 96
177 99
177 100
177 101
177 103
177 104
177 105
177 106
177 108
177 109
177 111
177 116
177 121
177 123
177 129
177 131
177 132
177 138
177 140
177 141
177 143
177 147
177 148
177 149
177 150
177 163
177 174
177 176
177 183
177 186
177 187
177 190
177 192
177 193
177 197
177 200
177 203
177 208
177 210
177 211
177 212
177 216
177 218
177 221
177 222
177 227
178 3
178 5
178 9
178 16
178 25
178 26
178 37
178 41
178 45
178 48
178 56
178 57
178 58
178 67
178 68
178 71
178 76
178 82
178 83
178 90
178 91
178 96
178 98
178 100
178 101
178 106
178 107
178 112
178 124
178 127
178 128
178 131
178 132
178 138
178 139
178 147
178 148
178 158
178 168
178 183
178 213
178 218
178 220
178 224
178 225
179 3
179 4
179 11
179 25
179 27
179 31
179 32
179 36
179 37
179 38
179 40
179 45
179 46
179 47
179 48
179 49
179 51
179 55
179 56
179 57
179 59
179 64
179 65
179 67
179 68
179 69
179 70
179 76
179 79
179 81
179 82
179 87
179 88
179 91
179 92
179 96
179 98
179 99
179 100
179 101
179 103
179 104
179 105
179 106
179 108
179 109
179 111
179 116
179 121
179 123
179 129
179 131
179 132
179 138
179 139
179 140
179 141
179 143
179 147
179 148
179 149
179 150
179 155
179 163
179 174
179 176
179 177
179 182
179 183
179 186
179 187
179 190
179 192
179 193
179 197
179 200
179 203
179 208
179 210
179 211
179 212
179 216
179 218
179 221
179 222
179 227
180 0
180 2
180 3
180 4
180 5
180 6
180 9
180 10
180 11
180 14
180 16
180 18
180 20
180 23
180 25
180 26
180 27
180 28
180 29
180 31
180 32
180 36
180 37
180 38
180 39
180 40
180 43
180 44
180 45
180 46
180 47
180 48
180 49
180 51
180 52
180 53
180 55
180 56
180 57
180 58
180 59
180 61
180 64
180 65
180 66
180 67
180 68
180 69
180 70
180 72
180 73
180 75
180 76
180 79
180 80
180 81
180 82
180 83
180 85
180 87
180 88
180 90
180 91
180 92
180 93
180 94
180 95
180 96
180 98
180 99
180 100
180 101
180 102
180 103
180 104
180 105
180 106
180 107
180 108
180 109
180 110
180 111
180 114
180 116
180 117
180 119
180 120
180 121
180 123
180 124
180 126
180 127
180 128
180 129
180 131
180 132
180 133
180 137
180 138
180 139
180 140
180 141
180 143
180 144
180 145
180 147
180 148
180 149
180 150
180 154
180 155
180 157
180 161
180 163
180 164
180 165
180 166
180 168
180 169
180 171
180 173
180 174
180 176
180 177
180 179
180 181
180 182
180 183
180 184
180 185
180 186
180 187
180 188
180 190
180 191
180 192
180 193
180 194
180 197
180 198
180 200
180 201
180 203
180 204
180 205
180 208
180 209
180 210
180 211
180 212
180 213
180 215
180 216
180 218
180 220
180 221
180 222
180 223
180 224
180 225
180 227
180 229
180 230
181 3
181 5
181 16
181 25
181 26
181 37
181 40
181 45
181 48
181 49
181 56
181 57
181 58
181 67
181 68
181 69
181 76
181 81
181 82
181 83
181 87
181 91
181 96
181 98
181 100
181 101
181 106
181 108
181 116
181 123
181 124
181 127
181 128
181 131
181 132
181 138
181 139
181 147
181 148
181 168
181 174
181 183
181 188
181 192
181 200
181 216
181 218
181 227
182 3
182 25
182 37
182 40
182 45
182 47
182 48
182 49
182 56
182 57
182 59
182 67
182 68
182 69
182 76
182 81
182 82
182 87
182 91
182 96
182 98
182 100
182 101
182 106
182 108
182 116
182 123
182 131
182 132
182 138
182 139
182 140
182 147
182 148
182 174
182 183
182 186
182 192
182 200
182 216
182 218
182 227
184 3
184 5
184 9
184 16
184 25
184 26
184 37
184 40
184 45
184 47
184 48
184 49
184 56
184 57
184 58
184 61
184 67
184 68
184 69
184 76
184 81
184 82
184 83
184 87
184 91
184 96
184 98
184 100
184 101
184 106
184 108
184 114
184 116
184 123
184 124
184 127
184 128
184 131
184 132
184 138
184 139
184 140
184 147
184 148
184 164
184 168
184 174
184 181
184 183
184 186
184 188
184 192
184 200
184 216
184 218
184 224
184 227
185 3
185 5
185 9
185 11
185 16
185 25
185 26
185 27
185 31
185 32
185 36
185 37
185 39
185 40
185 43
185 45
185 46
185 47
185 48
185 49
185 51
185 55
185 56
185 57
185 58
185 59
185 61
185 64
185 65
185 67
185 68
185 69
185 70
185 76
185 79
185 81
185 82
185 83
185 87
185 88
185 91
185 96
185 98
185 99
185 100
185 101
185 103
185 105
185 106
185 108
185 109
185 114
185 116
185 121
185 123
185 124
185 126
185 127
185 128
185 129
185 131
185 132
185 138
185 139
185 140
185 141
185 143
185 147
185 148
185 149
185 150
185 155
185 163
185 164
185 168
185 169
185 173
185 174
185 176
185 181
185 182
185 183
185 184
185 186
185 187
185 188
185 190
185 192
185 193
185 194
185 200
185 201
185 203
185 208
185 209
185 210
185 211
185 213
185 215
185 216
185 218
185 220
185 221
185 222
185 223
185 224
185 227
185 230
186 37
186 48
186 57
186 68
186 76
186 82
186 87
186 91
186 96
186 100
186 101
186 106
186 108
186 116
186 131
186 132
186 140
186 147
186 148
186 174
186 183
186 192
186 200
186 218
187 47
187 64
187 87
187 103
187 129
187 132
187 183
187 190
187 222
188 3
188 5
188 16
188 25
188 26
188 37
188 40
188 45
188 48
188 49
188 56
188 57
188 58
188 67
188 68
188 76
188 81
188 82
188 83
188 87
188 91
188 96
188 98
188 100
188 101
188 106
188 108
188 116
188 123
188 124
188 127
188 128
188 131
188 132
188 138
188 139
188 147
188 148
188 168
188 174
188 183
188 192
188 200
188 216
188 218
188 227
189 2
189 4
189 6
189 18
189 20
189 30
189 36
189 47
189 52
189 59
189 64
189 72
189 75
189 76
189 80
189 85
189 87
189 91
189 92
189 101
189 103
189 105
189 129
189 132
189 152
189 183
189 187
189 190
189 195
189 197
189 204
189 205
189 210
189 222
189 229
190 47
190 87
190 103
190 132
190 183
190 222
191 3
191 4
191 11
191 20
191 25
191 27
191 31
191 32
191 36
191 37
191 38
191 40
191 45
191 46
191 47
191 48
191 49
191 51
191 55
191 56
191 57
191 59
191 64
191 65
191 67
191 68
191 69
191 70
191 75
191 76
191 79
191 80
191 81
191 82
191 85
191 87
191 88
191 91
191 92
191 96
191 99
191 100
191 101
191 103
191 104
191 105
191 106
191 108
191 109
191 111
191 116
191 120
191 121
191 123
191 129
191 131
191 132
191 138
191 140
191 141
191 143
191 144
191 147
191 148
191 149
191 150
191 154
191 155
191 161
191 163
191 174
191 176
191 177
191 183
191 186
191 187
191 190
191 192
191 193
191 197
191 200
191 203
191 205
191 208
191 210
191 211
191 212
191 216
191 218
191 221
191 222
191 227
191 229
192 48
192 68
192 76
192 82
192 87
192 91
192 96
192 100
192 101
192 108
192 131
192 132
192 174
192 183
192 200
192 218
193 11
193 47
193 59
193 64
193 76
193 87
193 91
193 101
193 103
193 129
193 131
193 132
193 183
193 190
193 222
194 3
194 25
194 37
194 40
194 45
194 47
194 48
194 49
194 56
194 57
194 59
194 67
194 68
194 69
194 76
194 81
194 82
194 87
194 91
194 96
194 98
194 100
194 101
194 103
194 106
194 108
194 116
194 123
194 131
194 132
194 138
194 139
194 140
194 147
194 148
194 174
194 176
194 182
194 183
194 186
194 192
194 200
194 216
194 218
194 227
195 2
195 6
195 18
195 20
195 30
195 47
195 52
195 64
195 72
195 75
195 80
195 87
195 103
195 129
195 152
195 197
195 204
195 205
195 222
195 229
196 20
196 30
196 72
196 75
196 80
196 152
196 159
196 175
196 204
198 0
198 2
198 3
198 4
198 5
198 11
198 16
198 18
198 20
198 23
198 25
198 27
198 28
198 29
198 31
198 32
198 36
198 37
198 38
198 39
198 40
198 43
198 45
198 46
198 47
198 48
198 49
198 51
198 52
198 55
198 56
198 57
198 59
198 64
198 65
198 67
198 68
198 69
198 70
198 72
198 75
198 76
198 79
198 80
198 81
198 82
198 85
198 87
198 88
198 91
198 92
198 93
198 95
198 96
198 98
198 99
198 100
198 101
198 103
198 104
198 105
198 106
198 108
198 109
198 110
198 111
198 116
198 119
198 120
198 121
198 123
198 129
198 131
198 132
198 137
198 138
198 139
198 140
198 141
198 143
198 144
198 145
198 147
198 148
198 149
198 150
198 154
198 155
198 157
198 161
198 163
198 174
198 176
198 177
198 179
198 182
198 183
198 186
198 187
198 190
198 191
198 192
198 193
198 194
198 197
198 200
198 201
198 203
198 205
198 208
198 210
198 211
198 212
198 216
198 218
198 221
198 222
198 223
198 227
198 229
199 3
199 5
199 7
199 9
199 12
199 16
199 17
199 25
199 26
199 37
199 41
199 45
199 48
199 49
199 56
199 57
199 58
199 67
199 68
199 71
199 76
199 82
199 83
199 84
199 90
199 91
199 96
199 97
199 98
199 100
199 101
199 106
199 107
199 112
199 114
199 116
199 123
199 124
199 127
199 128
199 131
199 132
199 133
199 138
199 139
199 147
199 148
199 158
199 168
199 174
199 178
199 183
199 213
199 218
199 220
199 224
199 225
199 227
200 48
200 68
200 76
200 82
200 91
200 96
200 100
200 101
200 131
200 132
200 174
200 183
200 218
201 3
201 11
201 25
201 37
201 39
201 40
201 45
201 46
201 47
201 48
201 49
201 56
201 57
201 59
201 64
201 67
201 68
201 69
201 76
201 81
201 82
201 87
201 91
201 96
201 98
201 100
201 101
201 103
201 106
201 108
201 116
201 121
201 123
201 131
201 132
201 138
201 139
201 140
201 147
201 148
201 174
201 176
201 182
201 183
201 186
201 190
201 192
201 194
201 200
201 203
201 208
201 216
201 218
201 222
201 227
202 1
202 2
202 4
202 6
202 8
202 11
202 14
202 18
202 20
202 23
202 24
202 29
202 30
202 31
202 36
202 38
202 47
202 48
202 51
202 52
202 55
202 57
202 59
202 64
202 65
202 68
202 70
202 72
202 75
202 76
202 79
202 80
202 82
202 85
202 87
202 88
202 89
202 91
202 92
202 93
202 95
202 96
202 99
202 100
202 101
202 103
202 105
202 106
202 108
202 109
202 110
202 111
202 113
202 121
202 129
202 130
202 131
202 132
202 143
202 145
202 148
202 152
202 154
202 157
202 159
202 163
202 174
202 175
202 183
202 187
202 189
202 190
202 192
202 193
202 195
202 196
202 197
202 200
202 204
202 205
202 208
202 210
202 212
202 214
202 218
202 222
202 228
202 229
203 11
203 25
203 37
203 40
203 45
203 46
203 47
203 48
203 49
203 56
203 57
203 59
203 68
203 69
203 76
203 81
203 82
203 87
203 91
203 96
203 100
203 101
203 103
203 106
203 108
203 116
203 121
203 123
203 131
203 132
203 138
203 140
203 147
203 148
203 174
203 183
203 186
203 192
203 200
203 216
203 218
203 222
203 227
205 20
205 47
205 64
205 75
205 80
205 87
205 103
205 129
205 197
205 222
205 229
206 3
206 5
206 7
206 9
206 11
206 12
206 16
206 17
206 19
206 25
206 26
206 37
206 39
206 40
206 41
206 45
206 46
206 47
206 48
206 49
206 56
206 57
206 58
206 59
206 61
206 67
206 68
206 69
206 71
206 76
206 81
206 82
206 83
206 84
206 87
206 90
206 91
206 96
206 97
206 98
206 100
206 101
206 103
206 106
206 107
206 108
206 112
206 114
206 116
206 121
206 122
206 123
206 124
206 127
206 128
206 131
206 132
206 133
206 138
206 139
206 140
206 147
206 148
206 158
206 164
206 166
206 167
206 168
206 169
206 174
206 176
206 178
206 181
206 182
206 183
206 184
206 186
206 188
206 192
206 194
206 200
206 203
206 209
206 213
206 216
206 218
206 220
206 222
206 224
206 225
206 227
208 11
208 47
208 48
208 57
208 59
208 68
208 76
208 82
208 87
208 91
208 96
208 100
208 101
208 103
208 106
208 108
208 121
208 131
208 132
208 148
208 174
208 183
208 192
208 200
208 218
208 222
209 3
209 5
209 16
209 25
209 26
209 37
209 39
209 40
209 45
209 46
209 47
209 48
209 49
209 56
209 57
209 58
209 59
209 61
209 67
209 68
209 69
209 76
209 81
209 82
209 83
209 87
209 91
209 96
209 98
209 100
209 101
209 103
209 106
209 108
209 114
209 116
209 123
209 124
209 127
209 128
209 131
209 132
209 138
209 139
209 140
209 147
209 148
209 164
209 168
209 174
209 176
209 181
209 182
209 183
209 186
209 188
209 192
209 194
209 200
209 216
209 218
209 222
209 224
209 227
210 47
210 64
210 87
210 103
210 129
210 222
211 3
211 11
211 25
211 27
211 31
211 32
211 36
211 37
211 40
211 45
211 46
211 47
211 48
211 49
211 56
211 57
211 59
211 64
211 68
211 69
211 70
211 76
211 79
211 81
211 82
211 87
211 91
211 96
211 99
211 100
211 101
211 103
211 106
211 108
211 109
211 116
211 121
211 123
211 129
211 131
211 132
211 138
211 140
211 141
211 147
211 148
211 149
211 150
211 163
211 174
211 176
211 183
211 186
211 187
211 190
211 192
211 193
211 200
211 203
211 208
211 216
211 218
211 222
211 227
212 11
212 31
212 36
212 47
212 48
212 51
212 55
212 57
212 59
212 64
212 65
212 68
212 70
212 76
212 82
212 87
212 88
212 91
212 96
212 99
212 100
212 101
212 103
212 105
212 106
212 108
212 121
212 129
212 131
212 132
212 143
212 148
212 163
212 174
212 183
212 187
212 190
212 192
212 193
212 200
212 210
212 218
212 222
213 37
213 57
213 67
213 76
213 82
213 101
213 124
213 131
213 138
213 224
214 2
214 6
214 18
214 20
214 30
214 47
214 52
214 64
214 72
214 75
214 80
214 87
214 103
214 129
214 132
214 152
214 159
214 175
214 195
214 197
214 204
214 205
214 210
214 222
214 229
215 3
215 5
215 11
215 16
215 25
215 26
215 37
215 39
215 40
215 43
215 45
215 46
215 47
215 48
215 49
215 56
215 57
215 58
215 59
215 61
215 64
215 67
215 68
215 69
215 76
215 81
215 82
215 83
215 87
215 91
215 96
215 98
215 100
215 101
215 103
215 106
215 108
215 116
215 121
215 123
215 124
215 127
215 128
215 129
215 131
215 132
215 138
215 139
215 140
215 147
215 148
215 155
215 163
215 168
215 174
215 176
215 182
215 183
215 186
215 188
215 190
215 192
215 194
215 200
215 201
215 203
215 208
215 216
215 218
215 222
215 227
215 230
216 25
216 37
216 45
216 48
216 49
216 56
216 57
216 68
216 76
216 81
216 82
216 87
216 91
216 96
216 100
216 101
216 106
216 108
216 116
216 123
216 131
216 132
216 138
216 147
216 148
216 174
216 183
216 200
216 218
216 227
217 1
217 2
217 4
217 6
217 8
217 11
217 14
217 18
217 20
217 24
217 30
217 36
217 47
217 52
217 59
217 64
217 72
217 75
217 76
217 80
217 82
217 85
217 87
217 88
217 89
217 91
217 92
217 100
217 101
217 103
217 105
217 110
217 129
217 130
217 131
217 132
217 152
217 159
217 163
217 175
217 183
217 187
217 189
217 190
217 193
217 195
217 196
217 197
217 204
217 205
217 207
217 210
217 214
217 222
217 229
218 48
218 76
218 82
218 101
218 131
219 0
219 2
219 3
219 4
219 5
219 6
219 8
219 11
219 14
219 16
219 18
219 20
219 23
219 25
219 27
219 28
219 29
219 30
219 31
219 32
219 36
219 37
219 38
219 39
219 40
219 43
219 45
219 46
219 47
219 48
219 49
219 51
219 52
219 55
219 56
219 57
219 59
219 61
219 64
219 65
219 67
219 68
219 69
219 70
219 72
219 75
219 76
219 79
219 80
219 81
219 82
219 85
219 87
219 88
219 91
219 92
219 93
219 95
219 96
219 98
219 99
219 100
219 101
219 103
219 104
219 105
219 106
219 108
219 109
219 110
219 111
219 116
219 119
219 120
219 121
219 123
219 128
219 129
219 131
219 132
219 137
219 138
219 139
219 140
219 141
219 143
219 144
219 145
219 147
219 148
219 149
219 150
219 152
219 154
219 155
219 157
219 159
219 161
219 163
219 174
219 175
219 176
219 177
219 179
219 182
219 183
219 186
219 187
219 189
219 190
219 191
219 192
219 193
219 194
219 195
219 197
219 198
219 200
219 201
219 203
219 204
219 205
219 208
219 210
219 211
219 212
219 216
219 218
219 221
219 222
219 223
219 227
219 229
220 3
220 5
220 9
220 16
220 25
220 26
220 37
220 45
220 48
220 56
220 57
220 58
220 67
220 68
220 76
220 82
220 91
220 96
220 98
220 100
220 101
220 106
220 124
220 127
220 128
220 131
220 132
220 138
220 148
220 168
220 183
220 218
220 224
221 11
221 31
221 32
221 36
221 37
221 47
221 48
221 51
221 57
221 59
221 64
221 68
221 70
221 76
221 79
221 82
221 87
221 88
221 91
221 96
221 99
221 100
221 101
221 103
221 105
221 106
221 108
221 109
221 116
221 121
221 123
221 129
221 131
221 132
221 138
221 140
221 141
221 147
221 148
221 149
221 163
221 174
221 183
221 186
221 187
221 190
221 192
221 193
221 200
221 208
221 210
221 218
221 222
222 47
222 103
223 3
223 11
223 25
223 37
223 39
223 40
223 45
223 46
223 47
223 48
223 49
223 56
223 57
223 59
223 64
223 67
223 68
223 69
223 76
223 81
223 82
223 87
223 91
223 96
223 98
223 100
223 101
223 103
223 106
223 108
223 109
223 116
223 121
223 123
223 129
223 131
223 132
223 138
223 139
223 140
223 147
223 148
223 155
223 163
223 174
223 176
223 182
223 183
223 186
223 190
223 192
223 194
223 200
223 201
223 203
223 208
223 216
223 218
223 222
223 227
224 37
224 57
224 67
224 76
224 82
224 101
224 124
224 131
224 138
225 37
225 57
225 67
225 76
225 82
225 101
225 124
225 138
226 3
226 5
226 9
226 11
226 16
226 25
226 26
226 37
226 39
226 40
226 43
226 45
226 46
226 47
226 48
226 49
226 56
226 57
226 58
226 59
226 61
226 67
226 68
226 69
226 71
226 76
226 81
226 82
226 83
226 87
226 90
226 91
226 96
226 98
226 100
226 101
226 103
226 106
226 107
226 108
226 112
226 114
226 116
226 121
226 123
226 124
226 127
226 128
226 131
226 132
226 133
226 138
226 139
226 140
226 147
226 148
226 158
226 164
226 166
226 168
226 169
226 174
226 176
226 181
226 182
226 183
226 184
226 186
226 188
226 190
226 192
226 194
226 200
226 203
226 208
226 209
226 213
226 216
226 218
226 220
226 222
226 224
226 225
226 227
227 25
227 37
227 48
227 49
227 57
227 68
227 76
227 82
227 91
227 96
227 100
227 101
227 106
227 116
227 123
227 131
227 132
227 138
227 147
227 148
227 174
227 183
227 218
228 2
228 4
228 6
228 8
228 11
228 14
228 18
228 20
228 23
228 24
228 29
228 30
228 31
228 36
228 47
228 48
228 51
228 52
228 55
228 57
228 59
228 64
228 65
228 68
228 70
228 72
228 75
228 76
228 79
228 80
228 82
228 85
228 87
228 88
228 91
228 92
228 93
228 95
228 96
228 99
228 100
228 101
228 103
228 105
228 106
228 108
228 110
228 111
228 121
228 129
228 130
228 131
228 132
228 143
228 145
228 148
228 152
228 157
228 159
228 163
228 174
228 175
228 183
228 187
228 189
228 190
228 192
228 193
228 195
228 197
228 200
228 204
228 205
228 210
228 212
228 214
228 218
228 222
228 229
229 64
229 80
229 103
229 197
230 3
230 5
230 11
230 16
230 25
230 37
230 39
230 40
230 43
230 45
230 46
230 47
230 48
230 49
230 56
230 57
230 59
230 61
230 64
230 67
230 68
230 69
230 76
230 81
230 82
230 87
230 91
230 96
230 98
230 100
230 101
230 103
230 106
230 108
230 116
230 121
230 123
230 128
230 131
230 132
230 138
230 139
230 140
230 147
230 148
230 174
230 176
230 182
230 183
230 186
230 190
230 192
230 194
230 200
230 201
230 203
230 208
230 216
230 218
230 222
230 227
