25 300
0 1 45 45
0 2 72 36
0 3 89 53
0 4 22 62
0 5 53 42
0 6 60 65
0 7 41 71
0 8 54 49
0 9 4 86
0 10 9 89
0 11 6 87
0 12 93 48
0 13 60 56
0 14 37 54
0 15 55 56
0 16 38 59
0 17 88 47
0 18 70 26
0 19 49 30
0 20 63 19
0 21 84 40
0 22 46 60
0 23 77 34
0 24 28 50
1 2 7 56
1 3 56 39
1 4 1 98
1 5 70 63
1 6 3 88
1 7 33 77
1 8 65 46
1 9 20 73
1 10 21 87
1 11 48 48
1 12 65 61
1 13 10 94
1 14 54 52
1 15 12 77
1 16 72 37
1 17 35 41
1 18 70 41
1 19 44 53
1 20 88 15
1 21 38 60
1 22 22 65
1 23 70 25
1 24 41 74
2 3 62 36
2 4 6 81
2 5 39 35
2 6 96 32
2 7 83 12
2 8 57 41
2 9 93 32
2 10 16 71
2 11 17 53
2 12 25 41
2 13 54 49
2 14 26 67
2 15 10 95
2 16 61 22
2 17 65 51
2 18 74 46
2 19 3 90
2 20 82 33
2 21 35 54
2 22 82 57
2 23 51 26
2 24 28 57
3 4 34 71
3 5 40 59
3 6 77 24
3 7 52 70
3 8 15 68
3 9 79 22
3 10 85 48
3 11 81 19
3 12 28 51
3 13 31 48
3 14 98 32
3 15 27 71
3 16 5 90
3 17 44 72
3 18 84 51
3 19 91 53
3 20 35 69
3 21 54 46
3 22 77 12
3 23 10 59
3 24 28 38
4 5 43 50
4 6 56 30
4 7 51 36
4 8 93 8
4 9 7 59
4 10 33 40
4 11 54 52
4 12 40 66
4 13 47 46
4 14 43 37
4 15 53 56
4 16 72 27
4 17 1 60
4 18 47 63
4 19 70 30
4 20 38 69
4 21 14 47
4 22 61 35
4 23 37 69
4 24 76 46
5 6 52 57
5 7 35 48
5 8 32 35
5 9 76 51
5 10 96 50
5 11 0 52
5 12 82 17
5 13 28 44
5 14 85 54
5 15 83 55
5 16 45 56
5 17 33 83
5 18 77 60
5 19 57 69
5 20 27 55
5 21 93 40
5 22 65 67
5 23 28 53
5 24 52 57
6 7 23 57
6 8 19 55
6 9 69 41
6 10 62 28
6 11 48 43
6 12 31 52
6 13 17 60
6 14 77 42
6 15 90 47
6 16 98 47
6 17 85 20
6 18 56 68
6 19 89 36
6 20 46 69
6 21 74 32
6 22 95 37
6 23 55 37
6 24 61 33
7 8 36 70
7 9 15 91
7 10 49 63
7 11 75 59
7 12 21 66
7 13 72 17
7 14 8 49
7 15 17 56
7 16 19 68
7 17 48 66
7 18 99 32
7 19 66 20
7 20 71 46
7 21 41 42
7 22 75 33
7 23 94 31
7 24 50 55
8 9 16 52
8 10 33 37
8 11 97 46
8 12 26 86
8 13 67 64
8 14 27 86
8 15 49 53
8 16 47 52
8 17 50 48
8 18 43 35
8 19 45 49
8 20 98 6
8 21 56 30
8 22 47 40
8 23 86 20
8 24 11 62
9 10 72 41
9 11 24 67
9 12 23 71
9 13 27 85
9 14 26 40
9 15 67 48
9 16 68 40
9 17 5 95
9 18 38 76
9 19 64 59
9 20 79 27
9 21 43 47
9 22 67 22
9 23 41 57
9 24 5 50
10 11 28 81
10 12 21 54
10 13 19 89
10 14 96 10
10 15 21 46
10 16 25 54
10 17 10 71
10 18 30 39
10 19 28 68
10 20 70 47
10 21 42 66
10 22 15 53
10 23 28 40
10 24 37 69
11 12 19 62
11 13 60 55
11 14 52 41
11 15 51 65
11 16 6 55
11 17 14 56
11 18 31 66
11 19 38 33
11 20 70 54
11 21 79 56
11 22 65 52
11 23 84 41
11 24 2 78
12 13 74 28
12 14 12 72
12 15 83 16
12 16 60 51
12 17 79 21
12 18 22 80
12 19 11 71
12 20 94 39
12 21 22 48
12 22 81 45
12 23 93 40
12 24 24 79
13 14 54 44
13 15 91 51
13 16 47 49
13 17 71 57
13 18 78 28
13 19 46 72
13 20 99 2
13 21 56 63
13 22 31 81
13 23 91 32
13 24 97 42
14 15 35 70
14 16 37 54
14 17 87 22
14 18 75 23
14 19 45 63
14 20 42 41
14 21 79 33
14 22 39 76
14 23 16 81
14 24 20 88
15 16 59 40
15 17 52 39
15 18 39 33
15 19 62 38
15 20 81 20
15 21 99 46
15 22 92 34
15 23 90 14
15 24 69 34
16 17 44 66
16 18 20 66
16 19 44 34
16 20 16 84
16 21 88 20
16 22 95 19
16 23 27 73
16 24 16 91
17 18 36 59
17 19 88 53
17 20 94 28
17 21 45 30
17 22 53 71
17 23 55 68
17 24 75 38
18 19 95 24
18 20 27 59
18 21 52 25
18 22 90 16
18 23 54 60
18 24 43 64
19 20 46 70
19 21 72 52
19 22 15 57
19 23 99 8
19 24 44 40
20 21 3 69
20 22 26 48
20 23 26 40
20 24 71 63
21 22 76 41
21 23 40 35
21 24 10 68
22 23 26 43
22 24 22 67
23 24 44 28
0 2
0 5
0 7
0 11
0 12
0 14
0 16
0 21
0 27
0 30
0 33
0 34
0 36
0 57
0 61
0 62
0 66
0 72
0 75
0 83
0 84
0 86
0 96
0 98
0 100
0 103
0 109
0 110
0 113
0 114
0 118
0 119
0 120
0 122
0 123
0 126
0 128
0 137
0 138
0 140
0 142
0 149
0 150
0 156
0 159
0 163
0 166
0 168
0 170
0 171
0 172
0 174
0 185
0 189
0 204
0 210
0 212
0 217
0 218
0 219
0 225
0 231
0 235
0 236
0 237
0 239
0 241
0 249
0 260
0 273
0 276
0 277
0 283
0 285
0 286
0 293
1 2
1 11
1 16
1 20
1 38
1 62
1 66
1 75
1 83
1 84
1 109
1 113
1 114
1 118
1 119
1 122
1 125
1 136
1 137
1 138
1 141
1 144
1 150
1 166
1 180
1 218
1 220
1 229
1 231
1 232
1 235
1 244
1 260
1 273
1 278
1 286
1 294
2 84
3 5
3 6
3 27
3 29
3 44
3 46
3 58
3 69
3 72
3 80
3 82
3 85
3 97
3 103
3 105
3 108
3 121
3 123
3 126
3 140
3 142
3 147
3 149
3 156
3 167
3 168
3 169
3 181
3 182
3 183
3 188
3 195
3 203
3 205
3 208
3 212
3 215
3 227
3 233
3 239
3 241
3 242
3 245
3 249
3 252
3 264
3 270
3 276
3 277
3 284
3 285
3 293
3 298
4 2
4 5
4 7
4 11
4 12
4 14
4 16
4 27
4 30
4 34
4 36
4 57
4 61
4 62
4 66
4 75
4 83
4 84
4 86
4 96
4 100
4 109
4 113
4 114
4 118
4 119
4 122
4 123
4 126
4 136
4 137
4 138
4 140
4 150
4 159
4 166
4 168
4 185
4 189
4 204
4 210
4 217
4 218
4 219
4 225
4 231
4 234
4 235
4 237
4 241
4 244
4 260
4 273
4 276
4 277
4 283
4 286
4 293
5 126
6 46
6 82
6 239
6 276
7 2
7 5
7 12
7 14
7 27
7 34
7 36
7 61
7 66
7 83
7 84
7 96
7 113
7 114
7 118
7 119
7 122
7 123
7 126
7 140
7 150
7 168
7 189
7 210
7 217
7 218
7 219
7 225
7 235
7 237
7 241
7 273
7 277
7 283
7 286
7 293
8 9
8 10
8 32
8 35
8 59
8 81
8 148
8 167
8 169
8 187
8 197
8 254
8 271
9 35
9 59
9 148
9 197
9 271
10 9
10 32
10 35
10 59
10 148
10 197
10 254
10 271
11 114
12 5
12 27
12 34
12 66
12 122
12 126
12 150
12 168
12 189
12 218
12 237
12 293
13 5
13 6
13 12
13 14
13 15
13 21
13 27
13 34
13 43
13 46
13 66
13 70
13 72
13 82
13 97
13 100
13 103
13 105
13 108
13 110
13 118
13 119
13 120
13 122
13 123
13 126
13 128
13 140
13 142
13 149
13 150
13 156
13 163
13 168
13 188
13 189
13 193
13 205
13 208
13 210
13 212
13 217
13 218
13 237
13 239
13 241
13 249
13 252
13 264
13 276
13 277
13 283
13 284
13 285
13 293
14 5
14 12
14 27
14 34
14 66
14 122
14 123
14 126
14 140
14 150
14 168
14 189
14 218
14 237
14 241
14 277
14 293
15 5
15 6
15 21
15 27
15 34
15 43
15 46
15 70
15 72
15 82
15 97
15 103
15 105
15 122
15 123
15 126
15 140
15 142
15 149
15 150
15 156
15 168
15 188
15 189
15 205
15 212
15 239
15 241
15 249
15 252
15 264
15 276
15 277
15 283
15 284
15 285
15 293
16 2
16 11
16 84
16 114
16 137
16 138
16 235
16 273
17 1
17 2
17 11
17 16
17 20
17 22
17 27
17 38
17 40
17 50
17 53
17 62
17 64
17 66
17 75
17 79
17 83
17 84
17 101
17 104
17 109
17 113
17 114
17 118
17 119
17 122
17 125
17 136
17 137
17 138
17 141
17 143
17 144
17 150
17 157
17 159
17 161
17 162
17 166
17 180
17 190
17 204
17 217
17 218
17 220
17 222
17 229
17 231
17 232
17 235
17 237
17 238
17 243
17 244
17 251
17 260
17 261
17 273
17 274
17 278
17 286
17 293
17 294
18 1
18 2
18 4
18 5
18 7
18 11
18 12
18 14
18 16
18 20
18 22
18 25
18 27
18 30
18 34
18 36
18 38
18 40
18 47
18 50
18 52
18 53
18 57
18 61
18 62
18 64
18 66
18 72
18 75
18 79
18 83
18 84
18 86
18 91
18 92
18 96
18 100
18 104
18 107
18 109
18 110
18 113
18 114
18 118
18 119
18 122
18 123
18 125
18 126
18 128
18 131
18 136
18 137
18 138
18 140
18 141
18 143
18 144
18 145
18 146
18 149
18 150
18 157
18 159
18 161
18 162
18 163
18 166
18 168
18 170
18 172
18 176
18 180
18 185
18 186
18 189
18 204
18 210
18 211
18 212
18 217
18 218
18 219
18 220
18 225
18 229
18 231
18 232
18 234
18 235
18 237
18 241
18 243
18 244
18 251
18 255
18 256
18 258
18 260
18 261
18 263
18 273
18 276
18 277
18 278
18 283
18 286
18 293
18 294
19 1
19 2
19 11
19 16
19 17
19 20
19 22
19 27
19 30
19 34
19 38
19 40
19 45
19 50
19 53
19 61
19 62
19 64
19 66
19 71
19 74
19 75
19 76
19 79
19 83
19 84
19 101
19 104
19 109
19 113
19 114
19 118
19 119
19 122
19 125
19 126
19 131
19 136
19 137
19 138
19 139
19 141
19 143
19 144
19 150
19 157
19 158
19 159
19 161
19 162
19 166
19 168
19 178
19 180
19 185
19 186
19 189
19 190
19 192
19 204
19 217
19 218
19 219
19 220
19 222
19 226
19 229
19 231
19 232
19 235
19 237
19 238
19 243
19 244
19 247
19 248
19 251
19 259
19 260
19 261
19 263
19 268
19 269
19 273
19 274
19 278
19 279
19 286
19 293
19 294
20 2
20 11
20 16
20 75
20 83
20 84
20 114
20 118
20 125
20 137
20 138
20 166
20 220
20 232
20 235
20 244
20 260
20 273
21 5
21 27
21 34
21 72
21 103
21 122
21 123
21 126
21 140
21 142
21 149
21 156
21 168
21 212
21 239
21 241
21 276
21 277
21 283
21 285
21 293
22 2
22 11
22 16
22 20
22 66
22 75
22 83
22 84
22 114
22 118
22 119
22 122
22 125
22 136
22 137
22 138
22 141
22 144
22 166
22 218
22 220
22 229
22 231
22 232
22 235
22 244
22 260
22 261
22 273
23 2
23 5
23 6
23 12
23 13
23 14
23 15
23 21
23 27
23 29
23 34
23 36
23 41
23 43
23 46
23 61
23 65
23 66
23 68
23 69
23 70
23 72
23 77
23 82
23 83
23 84
23 85
23 90
23 96
23 97
23 100
23 103
23 105
23 108
23 110
23 113
23 114
23 118
23 119
23 120
23 121
23 122
23 123
23 126
23 127
23 128
23 134
23 140
23 142
23 147
23 149
23 150
23 156
23 163
23 168
23 170
23 171
23 188
23 189
23 193
23 195
23 203
23 205
23 208
23 210
23 212
23 215
23 217
23 218
23 219
23 225
23 235
23 237
23 239
23 241
23 242
23 245
23 246
23 249
23 252
23 264
23 272
23 273
23 276
23 277
23 283
23 284
23 285
23 286
23 293
24 3
24 5
24 6
24 9
24 12
24 14
24 15
24 21
24 27
24 29
24 31
24 32
24 34
24 35
24 37
24 43
24 44
24 46
24 54
24 58
24 59
24 66
24 68
24 69
24 70
24 72
24 73
24 80
24 82
24 85
24 88
24 94
24 97
24 100
24 103
24 105
24 108
24 110
24 120
24 121
24 122
24 123
24 126
24 128
24 129
24 135
24 140
24 142
24 147
24 148
24 149
24 150
24 151
24 154
24 155
24 156
24 167
24 168
24 169
24 179
24 181
24 182
24 183
24 188
24 189
24 193
24 195
24 197
24 201
24 203
24 205
24 208
24 209
24 212
24 214
24 215
24 218
24 223
24 227
24 228
24 233
24 237
24 239
24 241
24 242
24 245
24 249
24 252
24 253
24 254
24 264
24 265
24 267
24 270
24 271
24 272
24 276
24 277
24 280
24 283
24 284
24 285
24 287
24 293
24 296
24 298
25 2
25 5
25 11
25 12
25 16
25 20
25 27
25 30
25 34
25 40
25 52
25 61
25 62
25 66
25 75
25 83
25 84
25 109
25 113
25 114
25 118
25 119
25 122
25 123
25 125
25 126
25 131
25 136
25 137
25 138
25 140
25 150
25 159
25 166
25 168
25 180
25 185
25 186
25 189
25 204
25 210
25 217
25 218
25 219
25 220
25 225
25 229
25 231
25 232
25 235
25 237
25 241
25 244
25 255
25 260
25 273
25 286
25 293
25 294
27 293
28 9
28 35
28 59
28 63
28 81
28 148
28 187
28 197
28 254
28 271
29 121
30 2
30 11
30 16
30 27
30 34
30 61
30 62
30 66
30 75
30 83
30 84
30 109
30 113
30 114
30 118
30 119
30 122
30 126
30 137
30 138
30 150
30 159
30 166
30 168
30 185
30 204
30 217
30 218
30 219
30 235
30 237
30 260
30 273
30 286
30 293
31 29
31 32
31 46
31 121
31 167
31 169
31 183
31 188
31 195
31 227
31 233
31 242
31 252
31 254
31 270
33 2
33 5
33 7
33 11
33 12
33 14
33 27
33 34
33 36
33 57
33 61
33 66
33 72
33 75
33 83
33 84
33 96
33 100
33 110
33 113
33 114
33 118
33 119
33 122
33 123
33 126
33 128
33 140
33 149
33 150
33 156
33 163
33 168
33 170
33 172
33 185
33 189
33 210
33 212
33 217
33 218
33 219
33 225
33 235
33 237
33 241
33 273
33 276
33 277
33 283
33 286
33 293
34 27
34 126
34 168
34 293
35 59
36 2
36 5
36 12
36 14
36 27
36 34
36 66
36 84
36 118
36 119
36 122
36 123
36 126
36 140
36 150
36 168
36 189
36 210
36 217
36 218
36 219
36 237
36 241
36 273
36 277
36 283
36 286
36 293
37 29
37 32
37 121
37 148
37 167
37 169
37 183
37 195
37 197
37 227
37 233
37 242
37 253
37 254
37 267
37 271
38 2
38 11
38 16
38 20
38 62
38 66
38 75
38 83
38 84
38 109
38 113
38 114
38 118
38 119
38 122
38 125
38 136
38 137
38 138
38 144
38 150
38 166
38 180
38 218
38 220
38 229
38 231
38 232
38 235
38 244
38 260
38 273
38 278
38 286
38 294
39 0
39 2
39 4
39 5
39 6
39 7
39 11
39 12
39 13
39 14
39 15
39 16
39 21
39 27
39 30
39 33
39 34
39 36
39 40
39 41
39 43
39 46
39 52
39 57
39 61
39 62
39 65
39 66
39 70
39 72
39 75
39 82
39 83
39 84
39 85
39 86
39 90
39 96
39 97
39 98
39 100
39 103
39 105
39 108
39 109
39 110
39 111
39 113
39 114
39 118
39 119
39 120
39 122
39 123
39 126
39 128
39 131
39 133
39 136
39 137
39 138
39 140
39 142
39 147
39 149
39 150
39 156
39 159
39 160
39 163
39 166
39 168
39 170
39 171
39 172
39 174
39 180
39 185
39 188
39 189
39 191
39 193
39 204
39 205
39 208
39 210
39 211
39 212
39 217
39 218
39 219
39 220
39 225
39 231
39 234
39 235
39 236
39 237
39 239
39 241
39 244
39 245
39 246
39 249
39 250
39 252
39 260
39 264
39 272
39 273
39 276
39 277
39 283
39 284
39 285
39 286
39 293
39 294
40 2
40 11
40 16
40 27
40 62
40 66
40 75
40 83
40 84
40 109
40 113
40 114
40 118
40 119
40 122
40 136
40 137
40 138
40 150
40 159
40 166
40 180
40 204
40 217
40 218
40 220
40 231
40 235
40 237
40 244
40 260
40 273
40 286
40 293
40 294
41 2
41 5
41 12
41 14
41 21
41 27
41 34
41 66
41 72
41 82
41 84
41 100
41 103
41 110
41 118
41 119
41 120
41 122
41 123
41 126
41 128
41 140
41 142
41 149
41 150
41 156
41 163
41 168
41 170
41 189
41 210
41 212
41 217
41 218
41 237
41 239
41 241
41 249
41 264
41 273
41 276
41 277
41 283
41 285
41 293
42 2
42 11
42 16
42 50
42 53
42 79
42 84
42 114
42 125
42 137
42 138
42 141
42 144
42 157
42 162
42 166
42 229
42 232
42 235
42 243
42 244
42 260
42 261
42 268
42 269
42 273
42 274
42 279
42 282
43 5
43 6
43 21
43 27
43 34
43 46
43 72
43 82
43 97
43 103
43 105
43 122
43 123
43 126
43 140
43 142
43 149
43 156
43 168
43 188
43 205
43 212
43 239
43 241
43 249
43 252
43 264
43 276
43 277
43 283
43 284
43 285
43 293
44 5
44 6
44 29
44 46
44 58
44 69
44 72
44 80
44 82
44 85
44 97
44 105
44 108
44 121
44 123
44 126
44 140
44 142
44 147
44 156
44 167
44 169
44 181
44 182
44 183
44 188
44 195
44 203
44 205
44 208
44 212
44 215
44 227
44 233
44 239
44 242
44 245
44 252
44 264
44 270
44 276
44 277
44 285
44 298
45 1
45 2
45 11
45 16
45 17
45 20
45 22
45 27
45 38
45 40
45 50
45 53
45 62
45 64
45 66
45 75
45 79
45 83
45 84
45 101
45 104
45 109
45 113
45 114
45 118
45 119
45 122
45 125
45 136
45 137
45 138
45 141
45 143
45 144
45 150
45 157
45 159
45 161
45 162
45 166
45 180
45 190
45 204
45 217
45 218
45 220
45 222
45 229
45 231
45 232
45 235
45 237
45 238
45 243
45 244
45 251
45 260
45 261
45 273
45 274
45 278
45 286
45 293
45 294
47 1
47 2
47 11
47 16
47 20
47 27
47 30
47 34
47 38
47 40
47 61
47 62
47 66
47 75
47 83
47 84
47 109
47 113
47 114
47 118
47 119
47 122
47 125
47 126
47 131
47 136
47 137
47 138
47 141
47 144
47 150
47 159
47 166
47 168
47 180
47 185
47 186
47 189
47 204
47 217
47 218
47 219
47 220
47 229
47 231
47 232
47 235
47 237
47 244
47 258
47 260
47 273
47 278
47 286
47 293
47 294
48 9
48 10
48 32
48 35
48 59
48 121
48 148
48 167
48 169
48 183
48 195
48 197
48 242
48 253
48 254
48 267
48 271
49 0
49 1
49 2
49 4
49 5
49 6
49 7
49 11
49 12
49 14
49 16
49 20
49 21
49 25
49 27
49 30
49 33
49 34
49 36
49 38
49 40
49 41
49 46
49 47
49 52
49 57
49 61
49 62
49 66
49 70
49 72
49 75
49 82
49 83
49 84
49 86
49 90
49 92
49 96
49 97
49 98
49 99
49 100
49 103
49 107
49 109
49 110
49 113
49 114
49 118
49 119
49 120
49 122
49 123
49 125
49 126
49 128
49 131
49 133
49 136
49 137
49 138
49 140
49 141
49 142
49 144
49 145
49 149
49 150
49 156
49 159
49 160
49 163
49 166
49 168
49 170
49 171
49 172
49 173
49 174
49 177
49 180
49 185
49 186
49 189
49 191
49 193
49 204
49 205
49 210
49 211
49 212
49 217
49 218
49 219
49 220
49 225
49 229
49 231
49 232
49 234
49 235
49 236
49 237
49 239
49 241
49 244
49 249
49 250
49 252
49 255
49 256
49 258
49 260
49 264
49 273
49 276
49 277
49 278
49 283
49 284
49 285
49 286
49 289
49 293
49 294
49 295
50 79
50 114
50 138
50 157
50 166
50 244
50 260
51 2
51 11
51 16
51 20
51 42
51 50
51 53
51 75
51 79
51 83
51 84
51 114
51 118
51 119
51 125
51 137
51 138
51 139
51 141
51 144
51 157
51 162
51 166
51 178
51 220
51 224
51 229
51 232
51 235
51 243
51 244
51 247
51 260
51 261
51 262
51 268
51 269
51 273
51 274
51 279
51 282
52 2
52 5
52 11
52 12
52 16
52 27
52 30
52 34
52 40
52 61
52 62
52 66
52 75
52 83
52 84
52 109
52 113
52 114
52 118
52 119
52 122
52 123
52 126
52 131
52 136
52 137
52 138
52 150
52 159
52 166
52 168
52 180
52 185
52 189
52 204
52 210
52 217
52 218
52 219
52 220
52 225
52 231
52 235
52 237
52 244
52 260
52 273
52 286
52 293
52 294
53 11
53 50
53 79
53 114
53 125
53 138
53 144
53 157
53 166
53 229
53 232
53 244
53 260
54 6
54 29
54 31
54 32
54 46
54 69
54 80
54 82
54 121
54 167
54 169
54 182
54 183
54 188
54 195
54 197
54 227
54 233
54 239
54 242
54 252
54 253
54 254
54 267
54 270
54 271
54 276
55 2
55 3
55 5
55 6
55 12
55 13
55 14
55 15
55 21
55 27
55 29
55 31
55 32
55 34
55 41
55 43
55 44
55 46
55 58
55 65
55 66
55 68
55 69
55 70
55 72
55 80
55 82
55 84
55 85
55 97
55 100
55 103
55 105
55 108
55 110
55 118
55 119
55 120
55 121
55 122
55 123
55 124
55 126
55 127
55 128
55 129
55 130
55 135
55 140
55 142
55 147
55 149
55 150
55 151
55 154
55 155
55 156
55 163
55 167
55 168
55 169
55 170
55 181
55 182
55 183
55 188
55 189
55 193
55 195
55 196
55 197
55 200
55 203
55 205
55 208
55 209
55 210
55 212
55 215
55 217
55 218
55 227
55 233
55 237
55 239
55 241
55 242
55 245
55 246
55 249
55 252
55 254
55 264
55 265
55 270
55 272
55 273
55 276
55 277
55 280
55 283
55 284
55 285
55 293
55 298
56 0
56 2
56 4
56 5
56 6
56 7
56 11
56 12
56 13
56 14
56 15
56 16
56 21
56 23
56 27
56 29
56 30
56 33
56 34
56 36
56 39
56 40
56 41
56 43
56 46
56 52
56 57
56 58
56 61
56 62
56 65
56 66
56 68
56 69
56 70
56 72
56 75
56 77
56 78
56 80
56 82
56 83
56 84
56 85
56 86
56 90
56 96
56 97
56 98
56 100
56 103
56 105
56 108
56 109
56 110
56 111
56 113
56 114
56 117
56 118
56 119
56 120
56 121
56 122
56 123
56 124
56 126
56 127
56 128
56 131
56 133
56 134
56 136
56 137
56 138
56 140
56 142
56 147
56 149
56 150
56 156
56 159
56 160
56 163
56 166
56 167
56 168
56 169
56 170
56 171
56 172
56 174
56 180
56 183
56 185
56 188
56 189
56 191
56 193
56 195
56 200
56 203
56 204
56 205
56 208
56 210
56 211
56 212
56 215
56 217
56 218
56 219
56 220
56 225
56 231
56 234
56 235
56 236
56 237
56 239
56 241
56 242
56 244
56 245
56 246
56 249
56 250
56 252
56 260
56 264
56 270
56 272
56 273
56 276
56 277
56 280
56 283
56 284
56 285
56 286
56 291
56 293
56 294
56 297
57 2
57 5
57 12
57 14
57 27
57 34
57 36
57 61
57 66
57 83
57 84
57 96
57 113
57 114
57 118
57 119
57 122
57 123
57 126
57 140
57 150
57 168
57 189
57 210
57 217
57 218
57 219
57 225
57 235
57 237
57 241
57 273
57 277
57 283
57 286
57 293
58 6
58 29
58 46
58 69
58 72
58 80
58 82
58 85
58 105
58 108
58 121
58 123
58 126
58 140
58 142
58 147
58 167
58 169
58 183
58 188
58 195
58 203
58 208
58 239
58 242
58 245
58 252
58 270
58 276
58 277
58 285
60 1
60 2
60 11
60 16
60 17
60 20
60 22
60 27
60 30
60 34
60 38
60 40
60 45
60 47
60 50
60 53
60 61
60 62
60 64
60 66
60 71
60 74
60 75
60 79
60 83
60 84
60 101
60 104
60 107
60 109
60 113
60 114
60 118
60 119
60 122
60 125
60 126
60 131
60 132
60 136
60 137
60 138
60 141
60 143
60 144
60 146
60 150
60 157
60 159
60 161
60 162
60 166
60 168
60 180
60 185
60 186
60 189
60 190
60 192
60 204
60 217
60 218
60 219
60 220
60 222
60 229
60 231
60 232
60 235
60 237
60 238
60 243
60 244
60 247
60 248
60 251
60 258
60 260
60 261
60 263
60 273
60 274
60 278
60 279
60 286
60 293
60 294
61 2
61 27
61 34
61 66
61 83
61 84
61 113
61 118
61 119
61 122
61 126
61 150
61 168
61 217
61 218
61 219
61 235
61 237
61 273
61 286
61 293
62 2
62 11
62 16
62 66
62 75
62 83
62 84
62 109
62 113
62 114
62 118
62 119
62 122
62 137
62 138
62 150
62 166
62 218
62 235
62 260
62 273
63 35
63 59
63 81
63 148
63 187
63 271
64 2
64 11
64 16
64 20
64 66
64 75
64 83
64 84
64 114
64 118
64 119
64 125
64 137
64 138
64 141
64 144
64 166
64 220
64 229
64 232
64 235
64 244
64 260
64 261
64 273
65 5
65 6
65 12
65 13
65 14
65 15
65 21
65 27
65 34
65 43
65 46
65 66
65 70
65 72
65 82
65 85
65 97
65 100
65 103
65 105
65 108
65 110
65 118
65 119
65 120
65 122
65 123
65 126
65 128
65 140
65 142
65 147
65 149
65 150
65 156
65 163
65 168
65 188
65 189
65 193
65 205
65 208
65 210
65 212
65 217
65 218
65 237
65 239
65 241
65 245
65 246
65 249
65 252
65 264
65 272
65 276
65 277
65 283
65 284
65 285
65 293
67 1
67 2
67 4
67 5
67 7
67 11
67 12
67 14
67 16
67 17
67 20
67 22
67 25
67 27
67 30
67 34
67 36
67 38
67 40
67 47
67 50
67 52
67 53
67 57
67 61
67 62
67 64
67 66
67 72
67 75
67 79
67 83
67 84
67 86
67 91
67 92
67 96
67 100
67 101
67 104
67 107
67 109
67 110
67 113
67 114
67 118
67 119
67 122
67 123
67 125
67 126
67 128
67 131
67 132
67 136
67 137
67 138
67 140
67 141
67 143
67 144
67 145
67 146
67 150
67 157
67 159
67 161
67 162
67 166
67 168
67 176
67 180
67 185
67 186
67 189
67 190
67 204
67 210
67 211
67 212
67 217
67 218
67 219
67 220
67 222
67 225
67 229
67 231
67 232
67 234
67 235
67 237
67 238
67 241
67 243
67 244
67 251
67 255
67 256
67 258
67 260
67 261
67 263
67 273
67 274
67 276
67 277
67 278
67 283
67 286
67 293
67 294
68 5
68 6
68 15
68 21
68 27
68 29
68 34
68 43
68 46
68 66
68 69
68 70
68 72
68 82
68 85
68 97
68 103
68 105
68 108
68 110
68 121
68 122
68 123
68 126
68 128
68 140
68 142
68 147
68 149
68 150
68 156
68 168
68 188
68 189
68 193
68 195
68 203
68 205
68 208
68 212
68 215
68 237
68 239
68 241
68 242
68 245
68 249
68 252
68 264
68 272
68 276
68 277
68 283
68 284
68 285
68 293
69 6
69 46
69 82
69 188
69 239
69 252
69 276
70 5
70 6
70 21
70 27
70 34
70 46
70 72
70 82
70 97
70 103
70 122
70 123
70 126
70 140
70 142
70 149
70 150
70 156
70 168
70 189
70 205
70 212
70 239
70 241
70 249
70 264
70 276
70 277
70 283
70 284
70 285
70 293
71 2
71 11
71 16
71 20
71 22
71 50
71 53
71 64
71 66
71 75
71 79
71 83
71 84
71 114
71 118
71 119
71 122
71 125
71 136
71 137
71 138
71 141
71 144
71 157
71 162
71 166
71 190
71 218
71 220
71 229
71 231
71 232
71 235
71 238
71 243
71 244
71 251
71 260
71 261
71 273
71 274
71 279
72 276
73 6
73 29
73 31
73 32
73 46
73 54
73 69
73 72
73 80
73 82
73 85
73 105
73 108
73 121
73 123
73 140
73 142
73 147
73 148
73 155
73 167
73 169
73 182
73 183
73 188
73 195
73 197
73 203
73 208
73 227
73 233
73 239
73 242
73 245
73 252
73 253
73 254
73 267
73 270
73 271
73 276
73 277
73 285
74 2
74 11
74 16
74 20
74 50
74 53
74 64
74 66
74 75
74 79
74 83
74 84
74 114
74 118
74 119
74 125
74 137
74 138
74 141
74 144
74 157
74 162
74 166
74 190
74 218
74 220
74 229
74 231
74 232
74 235
74 243
74 244
74 247
74 251
74 260
74 261
74 273
74 274
74 279
75 2
75 11
75 84
75 114
75 118
75 235
75 273
76 2
76 11
76 16
76 20
76 50
76 53
76 64
76 66
76 75
76 79
76 83
76 84
76 114
76 118
76 119
76 125
76 137
76 138
76 139
76 141
76 144
76 157
76 162
76 166
76 178
76 220
76 229
76 231
76 232
76 235
76 243
76 244
76 247
76 259
76 260
76 261
76 268
76 269
76 273
76 274
76 279
77 2
77 5
77 6
77 12
77 13
77 14
77 15
77 21
77 27
77 29
77 34
77 36
77 41
77 43
77 46
77 61
77 65
77 66
77 68
77 69
77 70
77 72
77 82
77 83
77 84
77 85
77 96
77 97
77 100
77 103
77 105
77 108
77 110
77 113
77 118
77 119
77 120
77 121
77 122
77 123
77 126
77 127
77 128
77 134
77 140
77 142
77 147
77 149
77 150
77 156
77 163
77 168
77 170
77 171
77 188
77 189
77 193
77 195
77 203
77 205
77 208
77 210
77 212
77 215
77 217
77 218
77 219
77 225
77 235
77 237
77 239
77 241
77 242
77 245
77 246
77 249
77 252
77 264
77 272
77 273
77 276
77 277
77 283
77 284
77 285
77 286
77 293
78 2
78 5
78 6
78 7
78 11
78 12
78 13
78 14
78 15
78 21
78 27
78 29
78 33
78 34
78 36
78 41
78 43
78 46
78 57
78 61
78 65
78 66
78 69
78 70
78 72
78 75
78 82
78 83
78 84
78 85
78 90
78 96
78 97
78 100
78 103
78 105
78 108
78 110
78 111
78 113
78 114
78 118
78 119
78 120
78 121
78 122
78 123
78 126
78 128
78 134
78 140
78 142
78 147
78 149
78 150
78 156
78 163
78 168
78 170
78 171
78 172
78 174
78 185
78 188
78 189
78 193
78 205
78 208
78 210
78 212
78 215
78 217
78 218
78 219
78 225
78 235
78 236
78 237
78 239
78 241
78 242
78 245
78 246
78 249
78 252
78 264
78 272
78 273
78 276
78 277
78 283
78 284
78 285
78 286
78 293
79 138
79 157
79 260
80 6
80 29
80 46
80 69
80 82
80 121
80 169
80 183
80 188
80 195
80 239
80 242
80 252
80 270
80 276
81 35
81 59
81 148
81 187
81 271
82 239
83 2
83 84
83 118
83 235
83 273
85 6
85 46
85 72
85 82
85 105
85 108
85 123
85 142
85 147
85 188
85 208
85 239
85 245
85 252
85 276
85 285
86 2
86 5
86 7
86 11
86 12
86 14
86 16
86 27
86 30
86 34
86 36
86 57
86 61
86 62
86 66
86 75
86 83
86 84
86 96
86 109
86 113
86 114
86 118
86 119
86 122
86 123
86 126
86 137
86 138
86 140
86 150
86 159
86 166
86 168
86 185
86 189
86 204
86 210
86 217
86 218
86 219
86 225
86 235
86 237
86 241
86 260
86 273
86 277
86 283
86 286
86 293
87 2
87 11
87 16
87 20
87 22
87 42
87 50
87 51
87 53
87 64
87 66
87 71
87 74
87 75
87 76
87 79
87 83
87 84
87 114
87 116
87 118
87 119
87 122
87 125
87 136
87 137
87 138
87 139
87 141
87 144
87 157
87 162
87 166
87 178
87 190
87 218
87 220
87 224
87 226
87 229
87 231
87 232
87 235
87 238
87 243
87 244
87 247
87 251
87 259
87 260
87 261
87 262
87 268
87 269
87 273
87 274
87 279
87 282
88 3
88 5
88 6
88 15
88 21
88 27
88 29
88 31
88 32
88 34
88 35
88 37
88 43
88 44
88 46
88 54
88 58
88 59
88 69
88 70
88 72
88 73
88 80
88 82
88 85
88 97
88 103
88 105
88 108
88 121
88 122
88 123
88 126
88 135
88 140
88 142
88 147
88 148
88 149
88 150
88 151
88 155
88 156
88 167
88 168
88 169
88 179
88 181
88 182
88 183
88 188
88 189
88 195
88 197
88 201
88 203
88 205
88 208
88 209
88 212
88 215
88 223
88 227
88 228
88 233
88 239
88 241
88 242
88 245
88 249
88 252
88 253
88 254
88 264
88 265
88 267
88 270
88 271
88 272
88 276
88 277
88 280
88 283
88 284
88 285
88 293
88 296
88 298
89 0
89 2
89 4
89 5
89 6
89 7
89 11
89 12
89 13
89 14
89 15
89 16
89 20
89 21
89 23
89 25
89 27
89 29
89 30
89 33
89 34
89 36
89 39
89 40
89 41
89 43
89 46
89 52
89 57
89 61
89 62
89 65
89 66
89 68
89 69
89 70
89 72
89 75
89 77
89 78
89 82
89 83
89 84
89 85
89 86
89 90
89 95
89 96
89 97
89 98
89 100
89 103
89 105
89 108
89 109
89 110
89 111
89 113
89 114
89 117
89 118
89 119
89 120
89 121
89 122
89 123
89 125
89 126
89 127
89 128
89 131
89 133
89 134
89 136
89 137
89 138
89 140
89 142
89 147
89 149
89 150
89 156
89 159
89 160
89 163
89 166
89 168
89 170
89 171
89 172
89 174
89 177
89 180
89 185
89 186
89 188
89 189
89 191
89 193
89 195
89 202
89 203
89 204
89 205
89 207
89 208
89 210
89 211
89 212
89 215
89 217
89 218
89 219
89 220
89 225
89 229
89 231
89 232
89 234
89 235
89 236
89 237
89 239
89 241
89 242
89 244
89 245
89 246
89 249
89 250
89 252
89 255
89 256
89 258
89 260
89 264
89 272
89 273
89 276
89 277
89 278
89 283
89 284
89 285
89 286
89 289
89 293
89 294
90 2
90 5
90 12
90 14
90 21
90 27
90 34
90 36
90 41
90 61
90 66
90 72
90 82
90 83
90 84
90 96
90 100
90 103
90 110
90 113
90 114
90 118
90 119
90 120
90 122
90 123
90 126
90 128
90 140
90 142
90 149
90 150
90 156
90 163
90 168
90 170
90 171
90 189
90 210
90 212
90 217
90 218
90 219
90 225
90 235
90 237
90 239
90 241
90 249
90 264
90 273
90 276
90 277
90 283
90 284
90 285
90 286
90 293
91 1
91 2
91 5
91 11
91 12
91 16
91 20
91 22
91 25
91 27
91 30
91 34
91 38
91 40
91 47
91 50
91 52
91 53
91 61
91 62
91 64
91 66
91 75
91 79
91 83
91 84
91 104
91 107
91 109
91 113
91 114
91 118
91 119
91 122
91 123
91 125
91 126
91 131
91 136
91 137
91 138
91 140
91 141
91 143
91 144
91 146
91 150
91 157
91 159
91 161
91 162
91 166
91 168
91 180
91 185
91 186
91 189
91 204
91 210
91 217
91 218
91 219
91 220
91 225
91 229
91 231
91 232
91 235
91 237
91 241
91 243
91 244
91 251
91 255
91 258
91 260
91 261
91 263
91 273
91 278
91 286
91 293
91 294
92 1
92 2
92 4
92 5
92 7
92 11
92 12
92 14
92 16
92 20
92 25
92 27
92 30
92 34
92 36
92 38
92 40
92 47
92 52
92 57
92 61
92 62
92 66
92 72
92 75
92 83
92 84
92 86
92 96
92 100
92 109
92 110
92 113
92 114
92 118
92 119
92 122
92 123
92 125
92 126
92 128
92 131
92 136
92 137
92 138
92 140
92 141
92 144
92 145
92 150
92 159
92 166
92 168
92 180
92 185
92 186
92 189
92 204
92 210
92 211
92 212
92 217
92 218
92 219
92 220
92 225
92 229
92 231
92 232
92 234
92 235
92 237
92 241
92 244
92 255
92 256
92 258
92 260
92 273
92 276
92 277
92 278
92 283
92 286
92 293
92 294
93 11
93 50
93 53
93 79
93 114
93 125
93 138
93 144
93 157
93 162
93 166
93 198
93 229
93 232
93 244
93 260
93 269
93 274
93 279
93 288
94 3
94 5
94 6
94 9
94 15
94 21
94 27
94 29
94 31
94 32
94 34
94 35
94 37
94 43
94 44
94 46
94 54
94 58
94 59
94 69
94 70
94 72
94 73
94 80
94 82
94 85
94 88
94 97
94 103
94 105
94 108
94 121
94 122
94 123
94 126
94 135
94 140
94 142
94 147
94 148
94 149
94 150
94 151
94 155
94 156
94 167
94 168
94 169
94 179
94 181
94 182
94 183
94 188
94 189
94 195
94 197
94 201
94 203
94 205
94 208
94 209
94 212
94 215
94 223
94 227
94 228
94 233
94 239
94 241
94 242
94 245
94 249
94 252
94 253
94 254
94 264
94 265
94 267
94 270
94 271
94 272
94 276
94 277
94 280
94 283
94 284
94 285
94 293
94 296
94 298
95 0
95 2
95 4
95 5
95 6
95 7
95 11
95 12
95 13
95 14
95 15
95 16
95 20
95 21
95 27
95 29
95 30
95 33
95 34
95 36
95 39
95 40
95 41
95 43
95 46
95 52
95 57
95 61
95 62
95 65
95 66
95 69
95 70
95 72
95 75
95 82
95 83
95 84
95 85
95 86
95 90
95 96
95 97
95 98
95 100
95 103
95 105
95 108
95 109
95 110
95 111
95 113
95 114
95 118
95 119
95 120
95 121
95 122
95 123
95 125
95 126
95 128
95 131
95 133
95 136
95 137
95 138
95 140
95 142
95 147
95 149
95 150
95 156
95 159
95 160
95 163
95 166
95 168
95 170
95 171
95 172
95 174
95 177
95 180
95 185
95 186
95 188
95 189
95 191
95 193
95 204
95 205
95 208
95 210
95 211
95 212
95 217
95 218
95 219
95 220
95 225
95 231
95 232
95 234
95 235
95 236
95 237
95 239
95 241
95 244
95 245
95 246
95 249
95 250
95 252
95 255
95 260
95 264
95 272
95 273
95 276
95 277
95 283
95 284
95 285
95 286
95 289
95 293
95 294
96 2
96 5
96 12
96 14
96 27
96 34
96 66
96 84
96 118
96 119
96 122
96 123
96 126
96 140
96 150
96 168
96 189
96 210
96 217
96 218
96 219
96 237
96 241
96 273
96 277
96 283
96 286
96 293
97 6
97 46
97 72
97 82
97 123
97 126
97 140
97 142
97 156
97 205
97 239
97 264
97 276
97 277
97 285
98 2
98 5
98 7
98 11
98 12
98 14
98 16
98 27
98 30
98 33
98 34
98 36
98 57
98 61
98 62
98 66
98 72
98 75
98 83
98 84
98 86
98 96
98 100
98 103
98 109
98 110
98 113
98 114
98 118
98 119
98 122
98 123
98 126
98 128
98 137
98 138
98 140
98 149
98 150
98 156
98 159
98 163
98 166
98 168
98 170
98 171
98 172
98 185
98 189
98 204
98 210
98 212
98 217
98 218
98 219
98 225
98 235
98 236
98 237
98 241
98 260
98 273
98 276
98 277
98 283
98 286
98 293
99 0
99 2
99 4
99 5
99 7
99 11
99 12
99 14
99 16
99 20
99 21
99 25
99 27
99 30
99 33
99 34
99 36
99 38
99 40
99 41
99 52
99 57
99 61
99 62
99 66
99 72
99 75
99 82
99 83
99 84
99 86
99 90
99 96
99 98
99 100
99 103
99 109
99 110
99 113
99 114
99 118
99 119
99 120
99 122
99 123
99 125
99 126
99 128
99 131
99 133
99 136
99 137
99 138
99 140
99 142
99 144
99 145
99 149
99 150
99 156
99 159
99 163
99 166
99 168
99 170
99 171
99 172
99 174
99 177
99 180
99 185
99 186
99 189
99 191
99 204
99 210
99 211
99 212
99 217
99 218
99 219
99 220
99 225
99 229
99 231
99 232
99 234
99 235
99 236
99 237
99 239
99 241
99 244
99 249
99 255
99 256
99 258
99 260
99 264
99 273
99 276
99 277
99 278
99 283
99 284
99 285
99 286
99 289
99 293
99 294
100 5
100 12
100 14
100 27
100 34
100 66
100 122
100 123
100 126
100 140
100 150
100 168
100 189
100 218
100 237
100 241
100 276
100 277
100 283
100 293
101 1
101 2
101 11
101 16
101 20
101 22
101 38
101 50
101 53
101 62
101 64
101 66
101 75
101 79
101 83
101 84
101 109
101 113
101 114
101 118
101 119
101 122
101 125
101 136
101 137
101 138
101 141
101 143
101 144
101 150
101 157
101 161
101 162
101 166
101 180
101 190
101 218
101 220
101 222
101 229
101 231
101 232
101 235
101 238
101 243
101 244
101 251
101 260
101 261
101 273
101 274
101 278
101 286
101 294
102 3
102 5
102 6
102 8
102 9
102 10
102 21
102 26
102 27
102 28
102 29
102 31
102 32
102 34
102 35
102 37
102 43
102 44
102 46
102 48
102 54
102 58
102 59
102 63
102 69
102 72
102 73
102 80
102 81
102 82
102 85
102 97
102 103
102 105
102 108
102 121
102 122
102 123
102 126
102 135
102 140
102 142
102 147
102 148
102 149
102 151
102 155
102 156
102 167
102 168
102 169
102 179
102 181
102 182
102 183
102 187
102 188
102 195
102 197
102 201
102 203
102 205
102 208
102 209
102 212
102 215
102 221
102 223
102 227
102 228
102 233
102 239
102 241
102 242
102 245
102 249
102 252
102 253
102 254
102 264
102 265
102 267
102 270
102 271
102 276
102 277
102 283
102 284
102 285
102 290
102 293
102 296
102 298
103 5
103 27
103 72
103 123
103 126
103 140
103 149
103 156
103 168
103 212
103 241
103 276
103 277
103 293
104 1
104 2
104 11
104 16
104 20
104 22
104 27
104 38
104 40
104 50
104 53
104 62
104 64
104 66
104 75
104 79
104 83
104 84
104 109
104 113
104 114
104 118
104 119
104 122
104 125
104 136
104 137
104 138
104 141
104 143
104 144
104 150
104 157
104 159
104 161
104 162
104 166
104 180
104 204
104 217
104 218
104 220
104 229
104 231
104 232
104 235
104 237
104 243
104 244
104 251
104 260
104 261
104 273
104 278
104 286
104 293
104 294
105 6
105 46
105 72
105 82
105 123
105 142
105 188
105 239
105 252
105 276
105 285
106 2
106 3
106 5
106 6
106 7
106 11
106 12
106 13
106 14
106 15
106 16
106 21
106 23
106 27
106 29
106 31
106 32
106 33
106 34
106 36
106 41
106 43
106 44
106 46
106 54
106 55
106 57
106 58
106 61
106 65
106 66
106 68
106 69
106 70
106 72
106 73
106 75
106 77
106 78
106 80
106 82
106 83
106 84
106 85
106 90
106 96
106 97
106 100
106 103
106 105
106 108
106 110
106 111
106 113
106 114
106 118
106 119
106 120
106 121
106 122
106 123
106 124
106 126
106 127
106 128
106 129
106 130
106 134
106 135
106 137
106 138
106 140
106 142
106 147
106 148
106 149
106 150
106 151
106 154
106 155
106 156
106 163
106 164
106 167
106 168
106 169
106 170
106 171
106 172
106 174
106 181
106 182
106 183
106 185
106 188
106 189
106 191
106 193
106 195
106 196
106 197
106 200
106 203
106 204
106 205
106 206
106 208
106 209
106 210
106 212
106 214
106 215
106 217
106 218
106 219
106 225
106 227
106 230
106 233
106 235
106 236
106 237
106 239
106 241
106 242
106 245
106 246
106 249
106 252
106 253
106 254
106 264
106 265
106 267
106 270
106 271
106 272
106 273
106 276
106 277
106 280
106 283
106 284
106 285
106 286
106 287
106 291
106 293
106 298
107 1
107 2
107 11
107 16
107 20
107 27
107 30
107 34
107 38
107 40
107 47
107 61
107 62
107 66
107 75
107 83
107 84
107 109
107 113
107 114
107 118
107 119
107 122
107 125
107 126
107 131
107 136
107 137
107 138
107 141
107 144
107 150
107 159
107 166
107 168
107 180
107 185
107 186
107 189
107 204
107 217
107 218
107 219
107 220
107 229
107 231
107 232
107 235
107 237
107 244
107 258
107 260
107 273
107 278
107 286
107 293
107 294
108 6
108 46
108 72
108 82
108 105
108 123
108 142
108 188
108 239
108 252
108 276
108 285
109 2
109 11
109 16
109 66
109 75
109 83
109 84
109 113
109 114
109 118
109 119
109 122
109 137
109 138
109 166
109 218
109 235
109 260
109 273
110 5
110 27
110 34
110 66
110 72
110 122
110 123
110 126
110 140
110 150
110 168
110 189
110 237
110 241
110 276
110 277
110 283
110 293
111 2
111 5
111 6
111 7
111 11
111 12
111 13
111 14
111 15
111 21
111 27
111 33
111 34
111 36
111 41
111 43
111 46
111 57
111 61
111 65
111 66
111 70
111 72
111 75
111 82
111 83
111 84
111 85
111 90
111 96
111 97
111 100
111 103
111 105
111 108
111 110
111 113
111 114
111 118
111 119
111 120
111 122
111 123
111 126
111 128
111 140
111 142
111 147
111 149
111 150
111 156
111 163
111 168
111 170
111 171
111 172
111 174
111 185
111 188
111 189
111 193
111 205
111 208
111 210
111 212
111 217
111 218
111 219
111 225
111 235
111 236
111 237
111 239
111 241
111 245
111 246
111 249
111 252
111 264
111 272
111 273
111 276
111 277
111 283
111 284
111 285
111 286
111 293
112 0
112 1
112 2
112 4
112 5
112 6
112 7
112 11
112 12
112 13
112 14
112 15
112 16
112 20
112 21
112 25
112 27
112 29
112 30
112 33
112 34
112 36
112 38
112 39
112 40
112 41
112 43
112 46
112 47
112 49
112 52
112 57
112 61
112 62
112 65
112 66
112 69
112 70
112 72
112 75
112 82
112 83
112 84
112 85
112 86
112 90
112 92
112 95
112 96
112 97
112 98
112 99
112 100
112 103
112 105
112 107
112 108
112 109
112 110
112 111
112 113
112 114
112 118
112 119
112 120
112 121
112 122
112 123
112 125
112 126
112 128
112 131
112 133
112 136
112 137
112 138
112 140
112 141
112 142
112 144
112 145
112 147
112 149
112 150
112 156
112 159
112 160
112 163
112 165
112 166
112 168
112 170
112 171
112 172
112 173
112 174
112 177
112 180
112 185
112 186
112 188
112 189
112 191
112 193
112 204
112 205
112 208
112 210
112 211
112 212
112 217
112 218
112 219
112 220
112 225
112 229
112 231
112 232
112 234
112 235
112 236
112 237
112 239
112 241
112 244
112 245
112 246
112 249
112 250
112 252
112 255
112 256
112 258
112 260
112 264
112 272
112 273
112 276
112 277
112 278
112 283
112 284
112 285
112 286
112 289
112 293
112 294
112 295
113 2
113 66
113 83
113 84
113 118
113 119
113 122
113 218
113 235
113 273
115 2
115 3
115 5
115 6
115 8
115 9
115 10
115 12
115 13
115 14
115 15
115 21
115 24
115 26
115 27
115 28
115 29
115 31
115 32
115 34
115 35
115 36
115 37
115 41
115 43
115 44
115 46
115 48
115 54
115 55
115 58
115 59
115 63
115 65
115 66
115 68
115 69
115 70
115 72
115 73
115 80
115 81
115 82
115 84
115 85
115 88
115 94
115 96
115 97
115 100
115 102
115 103
115 105
115 108
115 110
115 118
115 119
115 120
115 121
115 122
115 123
115 124
115 126
115 127
115 128
115 129
115 130
115 134
115 135
115 140
115 142
115 147
115 148
115 149
115 150
115 151
115 154
115 155
115 156
115 163
115 164
115 167
115 168
115 169
115 170
115 171
115 179
115 181
115 182
115 183
115 187
115 188
115 189
115 193
115 195
115 196
115 197
115 200
115 201
115 203
115 205
115 206
115 208
115 209
115 210
115 212
115 213
115 214
115 215
115 217
115 218
115 219
115 221
115 223
115 227
115 228
115 233
115 237
115 239
115 241
115 242
115 245
115 246
115 249
115 252
115 253
115 254
115 264
115 265
115 267
115 270
115 271
115 272
115 273
115 276
115 277
115 280
115 283
115 284
115 285
115 286
115 287
115 290
115 293
115 296
115 298
116 2
116 11
116 16
116 20
116 50
116 53
116 64
116 66
116 75
116 79
116 83
116 84
116 114
116 118
116 119
116 125
116 137
116 138
116 139
116 141
116 144
116 157
116 162
116 166
116 178
116 220
116 229
116 232
116 235
116 243
116 244
116 247
116 260
116 261
116 268
116 269
116 273
116 274
116 279
117 0
117 2
117 5
117 6
117 7
117 11
117 12
117 13
117 14
117 15
117 16
117 21
117 23
117 27
117 29
117 30
117 33
117 34
117 36
117 41
117 43
117 46
117 57
117 61
117 62
117 65
117 66
117 68
117 69
117 70
117 72
117 75
117 77
117 78
117 82
117 83
117 84
117 85
117 86
117 90
117 96
117 97
117 98
117 100
117 103
117 105
117 108
117 109
117 110
117 111
117 113
117 114
117 118
117 119
117 120
117 121
117 122
117 123
117 126
117 127
117 128
117 134
117 137
117 138
117 140
117 142
117 147
117 149
117 150
117 156
117 159
117 163
117 166
117 168
117 170
117 171
117 172
117 174
117 185
117 188
117 189
117 191
117 193
117 195
117 203
117 204
117 205
117 208
117 210
117 212
117 215
117 217
117 218
117 219
117 225
117 231
117 234
117 235
117 236
117 237
117 239
117 241
117 242
117 245
117 246
117 249
117 252
117 260
117 264
117 272
117 273
117 276
117 277
117 283
117 284
117 285
117 286
117 293
120 5
120 12
120 14
120 21
120 27
120 34
120 66
120 72
120 100
120 103
120 110
120 122
120 123
120 126
120 128
120 140
120 142
120 149
120 150
120 156
120 168
120 189
120 212
120 218
120 237
120 239
120 241
120 249
120 276
120 277
120 283
120 285
120 293
124 5
124 6
124 12
124 14
124 15
124 21
124 27
124 29
124 34
124 43
124 46
124 66
124 68
124 69
124 70
124 72
124 80
124 82
124 85
124 97
124 100
124 103
124 105
124 108
124 110
124 119
124 120
124 121
124 122
124 123
124 126
124 128
124 140
124 142
124 147
124 149
124 150
124 156
124 163
124 168
124 169
124 183
124 188
124 189
124 193
124 195
124 203
124 205
124 208
124 210
124 212
124 215
124 218
124 237
124 239
124 241
124 242
124 245
124 249
124 252
124 264
124 270
124 272
124 276
124 277
124 280
124 283
124 284
124 285
124 293
125 11
125 114
125 138
125 166
125 244
125 260
127 2
127 5
127 6
127 12
127 13
127 14
127 15
127 21
127 27
127 29
127 34
127 41
127 43
127 46
127 65
127 66
127 68
127 69
127 70
127 72
127 82
127 84
127 85
127 97
127 100
127 103
127 105
127 108
127 110
127 118
127 119
127 120
127 121
127 122
127 123
127 126
127 128
127 140
127 142
127 147
127 149
127 150
127 156
127 163
127 168
127 170
127 188
127 189
127 193
127 195
127 203
127 205
127 208
127 210
127 212
127 215
127 217
127 218
127 237
127 239
127 241
127 242
127 245
127 246
127 249
127 252
127 264
127 272
127 273
127 276
127 277
127 283
127 284
127 285
127 293
128 5
128 27
128 34
128 66
128 72
128 122
128 123
128 126
128 140
128 150
128 168
128 189
128 237
128 241
128 276
128 277
128 283
128 293
129 5
129 6
129 15
129 21
129 27
129 29
129 34
129 43
129 46
129 58
129 66
129 68
129 69
129 70
129 72
129 80
129 82
129 85
129 97
129 103
129 105
129 108
129 110
129 121
129 122
129 123
129 126
129 128
129 140
129 142
129 147
129 149
129 150
129 156
129 167
129 168
129 169
129 181
129 182
129 183
129 188
129 189
129 193
129 195
129 203
129 205
129 208
129 212
129 215
129 233
129 237
129 239
129 241
129 242
129 245
129 249
129 252
129 264
129 270
129 272
129 276
129 277
129 280
129 283
129 284
129 285
129 293
130 3
130 5
130 6
130 12
130 14
130 15
130 21
130 27
130 29
130 31
130 32
130 34
130 43
130 44
130 46
130 58
130 66
130 68
130 69
130 70
130 72
130 80
130 82
130 85
130 97
130 100
130 103
130 105
130 108
130 110
130 119
130 120
130 121
130 122
130 123
130 124
130 126
130 128
130 129
130 140
130 142
130 147
130 149
130 150
130 151
130 155
130 156
130 163
130 167
130 168
130 169
130 181
130 182
130 183
130 188
130 189
130 193
130 195
130 197
130 203
130 205
130 208
130 209
130 210
130 212
130 215
130 218
130 227
130 233
130 237
130 239
130 241
130 242
130 245
130 249
130 252
130 254
130 264
130 265
130 270
130 272
130 276
130 277
130 280
130 283
130 284
130 285
130 293
130 298
131 2
131 11
131 16
131 27
131 40
131 62
131 66
131 75
131 83
131 84
131 109
131 113
131 114
131 118
131 119
131 122
131 136
131 137
131 138
131 150
131 159
131 166
131 180
131 204
131 217
131 218
131 220
131 231
131 235
131 237
131 244
131 260
131 273
131 286
131 293
131 294
132 1
132 2
132 11
132 16
132 20
132 22
132 27
132 30
132 34
132 38
132 40
132 47
132 50
132 53
132 61
132 62
132 64
132 66
132 75
132 79
132 83
132 84
132 104
132 109
132 113
132 114
132 118
132 119
132 122
132 125
132 126
132 131
132 136
132 137
132 138
132 141
132 143
132 144
132 150
132 157
132 159
132 161
132 162
132 166
132 168
132 180
132 185
132 186
132 189
132 204
132 217
132 218
132 219
132 220
132 222
132 229
132 231
132 232
132 235
132 237
132 238
132 243
132 244
132 251
132 258
132 260
132 261
132 263
132 273
132 274
132 278
132 286
132 293
132 294
133 2
133 5
133 7
133 11
133 12
133 14
133 16
133 27
133 30
133 33
133 34
133 36
133 57
133 61
133 62
133 66
133 72
133 75
133 83
133 84
133 86
133 96
133 100
133 109
133 110
133 113
133 114
133 118
133 119
133 122
133 123
133 126
133 128
133 137
133 138
133 140
133 149
133 150
133 156
133 159
133 163
133 166
133 168
133 170
133 172
133 185
133 189
133 204
133 210
133 212
133 217
133 218
133 219
133 225
133 231
133 234
133 235
133 237
133 241
133 260
133 273
133 276
133 277
133 283
133 286
133 293
134 2
134 5
134 6
134 12
134 13
134 14
134 15
134 21
134 27
134 29
134 34
134 36
134 41
134 43
134 46
134 65
134 66
134 69
134 70
134 72
134 82
134 84
134 85
134 96
134 97
134 100
134 103
134 105
134 108
134 110
134 118
134 119
134 120
134 121
134 122
134 123
134 126
134 128
134 140
134 142
134 147
134 149
134 150
134 156
134 163
134 168
134 170
134 171
134 188
134 189
134 193
134 205
134 208
134 210
134 212
134 215
134 217
134 218
134 219
134 237
134 239
134 241
134 242
134 245
134 246
134 249
134 252
134 264
134 272
134 273
134 276
134 277
134 283
134 284
134 285
134 286
134 293
135 3
135 5
135 6
135 21
135 27
135 29
135 31
135 32
135 34
135 43
135 44
135 46
135 58
135 69
135 72
135 80
135 82
135 85
135 97
135 103
135 105
135 108
135 121
135 122
135 123
135 126
135 140
135 142
135 147
135 149
135 151
135 155
135 156
135 167
135 168
135 169
135 181
135 182
135 183
135 188
135 195
135 197
135 203
135 205
135 208
135 209
135 212
135 215
135 227
135 233
135 239
135 241
135 242
135 245
135 249
135 252
135 254
135 264
135 265
135 270
135 276
135 277
135 283
135 284
135 285
135 293
135 298
136 2
136 11
136 16
136 66
136 75
136 83
136 84
136 114
136 118
136 119
136 122
136 137
136 138
136 166
136 218
136 231
136 235
136 244
136 260
136 273
137 11
137 84
137 114
137 138
137 235
139 2
139 11
139 16
139 50
139 53
139 75
139 79
139 84
139 114
139 118
139 125
139 137
139 138
139 141
139 144
139 157
139 162
139 166
139 178
139 229
139 232
139 235
139 243
139 244
139 247
139 260
139 261
139 268
139 273
139 274
139 279
140 123
141 2
141 11
141 84
141 114
141 125
141 137
141 138
141 144
141 166
141 229
141 232
141 235
141 244
141 260
142 72
142 123
142 239
142 276
142 285
143 2
143 11
143 16
143 20
143 22
143 50
143 53
143 62
143 64
143 66
143 75
143 79
143 83
143 84
143 109
143 113
143 114
143 118
143 119
143 122
143 125
143 136
143 137
143 138
143 141
143 144
143 150
143 157
143 161
143 166
143 218
143 220
143 229
143 231
143 232
143 235
143 243
143 244
143 251
143 260
143 261
143 273
143 278
143 294
144 114
144 138
144 166
144 244
144 260
145 2
145 5
145 11
145 12
145 14
145 16
145 20
145 25
145 27
145 30
145 34
145 38
145 40
145 52
145 61
145 62
145 66
145 75
145 83
145 84
145 109
145 113
145 114
145 118
145 119
145 122
145 123
145 125
145 126
145 131
145 136
145 137
145 138
145 140
145 144
145 150
145 159
145 166
145 168
145 180
145 185
145 186
145 189
145 204
145 210
145 217
145 218
145 219
145 220
145 225
145 229
145 231
145 232
145 235
145 237
145 241
145 244
145 255
145 258
145 260
145 273
145 277
145 278
145 286
145 293
145 294
146 1
146 2
146 11
146 16
146 20
146 22
146 27
146 30
146 34
146 38
146 40
146 47
146 61
146 62
146 64
146 66
146 75
146 83
146 84
146 107
146 109
146 113
146 114
146 118
146 119
146 122
146 125
146 126
146 131
146 136
146 137
146 138
146 141
146 144
146 150
146 159
146 161
146 166
146 168
146 180
146 185
146 186
146 189
146 204
146 217
146 218
146 219
146 220
146 229
146 231
146 232
146 235
146 237
146 244
146 251
146 258
146 260
146 261
146 263
146 273
146 278
146 286
146 293
146 294
147 6
147 46
147 72
147 82
147 188
147 239
147 252
147 276
147 285
148 271
149 5
149 27
149 72
149 123
149 126
149 140
149 168
149 212
149 241
149 276
149 277
149 293
150 122
151 6
151 29
151 32
151 46
151 58
151 69
151 72
151 80
151 82
151 85
151 97
151 105
151 108
151 121
151 123
151 126
151 140
151 142
151 147
151 156
151 167
151 169
151 181
151 182
151 183
151 188
151 195
151 203
151 205
151 208
151 215
151 227
151 233
151 239
151 242
151 245
151 252
151 264
151 270
151 276
151 277
151 285
151 298
152 1
152 2
152 11
152 16
152 20
152 22
152 38
152 50
152 53
152 62
152 64
152 66
152 71
152 74
152 75
152 76
152 79
152 83
152 84
152 101
152 109
152 113
152 114
152 116
152 118
152 119
152 122
152 125
152 136
152 137
152 138
152 139
152 141
152 143
152 144
152 150
152 157
152 161
152 162
152 166
152 178
152 180
152 190
152 218
152 220
152 222
152 226
152 229
152 231
152 232
152 235
152 238
152 243
152 244
152 247
152 248
152 251
152 259
152 260
152 261
152 268
152 269
152 273
152 274
152 278
152 279
152 286
152 294
153 2
153 3
153 5
153 6
153 7
153 9
153 12
153 13
153 14
153 15
153 21
153 23
153 27
153 29
153 31
153 32
153 34
153 35
153 36
153 37
153 41
153 43
153 44
153 46
153 54
153 55
153 57
153 58
153 59
153 61
153 65
153 66
153 68
153 69
153 70
153 72
153 73
153 77
153 80
153 82
153 83
153 84
153 85
153 88
153 90
153 96
153 97
153 100
153 103
153 105
153 108
153 110
153 113
153 114
153 118
153 119
153 120
153 121
153 122
153 123
153 124
153 126
153 127
153 128
153 129
153 130
153 134
153 135
153 140
153 142
153 147
153 148
153 149
153 150
153 151
153 154
153 155
153 156
153 163
153 164
153 167
153 168
153 169
153 170
153 171
153 174
153 179
153 181
153 182
153 183
153 188
153 189
153 193
153 195
153 196
153 197
153 200
153 201
153 203
153 205
153 206
153 208
153 209
153 210
153 212
153 214
153 215
153 217
153 218
153 219
153 223
153 225
153 227
153 228
153 233
153 235
153 236
153 237
153 239
153 241
153 242
153 245
153 246
153 249
153 252
153 253
153 254
153 264
153 265
153 267
153 270
153 271
153 272
153 273
153 276
153 277
153 280
153 283
153 284
153 285
153 286
153 287
153 293
153 296
153 298
154 3
154 5
154 6
154 12
154 14
154 15
154 21
154 27
154 29
154 31
154 32
154 34
154 43
154 44
154 46
154 58
154 66
154 68
154 69
154 70
154 72
154 80
154 82
154 85
154 97
154 100
154 103
154 105
154 108
154 110
154 120
154 121
154 122
154 123
154 126
154 128
154 129
154 135
154 140
154 142
154 147
154 149
154 150
154 151
154 155
154 156
154 167
154 168
154 169
154 181
154 182
154 183
154 188
154 189
154 193
154 195
154 197
154 203
154 205
154 208
154 209
154 212
154 215
154 218
154 227
154 233
154 237
154 239
154 241
154 242
154 245
154 249
154 252
154 254
154 264
154 265
154 270
154 272
154 276
154 277
154 280
154 283
154 284
154 285
154 293
154 298
155 6
155 29
155 31
155 32
155 46
155 69
155 72
155 80
155 82
155 85
155 105
155 108
155 121
155 123
155 140
155 142
155 147
155 167
155 169
155 182
155 183
155 188
155 195
155 197
155 203
155 208
155 227
155 233
155 239
155 242
155 245
155 252
155 254
155 270
155 276
155 277
155 285
156 72
156 123
156 126
156 140
156 276
156 277
157 260
158 1
158 2
158 11
158 16
158 17
158 20
158 22
158 27
158 38
158 40
158 45
158 50
158 53
158 62
158 64
158 66
158 71
158 74
158 75
158 79
158 83
158 84
158 101
158 104
158 109
158 113
158 114
158 118
158 119
158 122
158 125
158 131
158 136
158 137
158 138
158 139
158 141
158 143
158 144
158 150
158 157
158 159
158 161
158 162
158 166
158 168
158 178
158 180
158 185
158 186
158 190
158 192
158 204
158 217
158 218
158 220
158 222
158 226
158 229
158 231
158 232
158 235
158 237
158 238
158 243
158 244
158 247
158 248
158 251
158 259
158 260
158 261
158 263
158 268
158 273
158 274
158 278
158 279
158 286
158 293
158 294
159 2
159 11
159 16
159 62
159 66
159 75
159 83
159 84
159 109
159 113
159 114
159 118
159 119
159 122
159 137
159 138
159 150
159 166
159 218
159 235
159 237
159 260
159 273
159 286
159 293
160 0
160 2
160 4
160 5
160 6
160 7
160 11
160 12
160 14
160 16
160 21
160 27
160 30
160 33
160 34
160 36
160 41
160 46
160 57
160 61
160 62
160 66
160 72
160 75
160 82
160 83
160 84
160 86
160 90
160 96
160 98
160 100
160 103
160 109
160 110
160 113
160 114
160 118
160 119
160 120
160 122
160 123
160 126
160 128
160 133
160 136
160 137
160 138
160 140
160 142
160 149
160 150
160 156
160 159
160 163
160 166
160 168
160 170
160 171
160 172
160 174
160 185
160 189
160 191
160 193
160 204
160 205
160 210
160 212
160 217
160 218
160 219
160 225
160 231
160 234
160 235
160 236
160 237
160 239
160 241
160 244
160 249
160 260
160 264
160 273
160 276
160 277
160 283
160 284
160 285
160 286
160 293
161 2
161 11
161 16
161 20
161 22
161 64
161 66
161 75
161 83
161 84
161 109
161 113
161 114
161 118
161 119
161 122
161 125
161 136
161 137
161 138
161 141
161 144
161 150
161 166
161 218
161 220
161 229
161 231
161 232
161 235
161 244
161 251
161 260
161 261
161 273
161 278
161 294
162 50
162 79
162 114
162 138
162 144
162 157
162 166
162 229
162 244
162 260
163 5
163 12
163 14
163 27
163 34
163 66
163 72
163 100
163 110
163 119
163 122
163 123
163 126
163 128
163 140
163 150
163 168
163 189
163 210
163 212
163 218
163 237
163 241
163 276
163 277
163 283
163 293
164 2
164 3
164 5
164 6
164 12
164 13
164 14
164 15
164 21
164 27
164 29
164 31
164 32
164 34
164 36
164 41
164 43
164 44
164 46
164 54
164 55
164 58
164 65
164 66
164 68
164 69
164 70
164 72
164 80
164 82
164 84
164 85
164 96
164 97
164 100
164 103
164 105
164 108
164 110
164 118
164 119
164 120
164 121
164 122
164 123
164 124
164 126
164 127
164 128
164 129
164 130
164 134
164 135
164 140
164 142
164 147
164 149
164 150
164 151
164 154
164 155
164 156
164 163
164 167
164 168
164 169
164 170
164 171
164 181
164 182
164 183
164 188
164 189
164 193
164 195
164 196
164 197
164 200
164 203
164 205
164 208
164 209
164 210
164 212
164 215
164 217
164 218
164 219
164 227
164 233
164 237
164 239
164 241
164 242
164 245
164 246
164 249
164 252
164 253
164 254
164 264
164 265
164 267
164 270
164 271
164 272
164 273
164 276
164 277
164 280
164 283
164 284
164 285
164 286
164 293
164 298
165 0
165 2
165 4
165 5
165 6
165 7
165 11
165 12
165 13
165 14
165 15
165 16
165 20
165 21
165 25
165 27
165 29
165 30
165 33
165 34
165 36
165 38
165 39
165 40
165 41
165 43
165 46
165 52
165 57
165 61
165 62
165 65
165 66
165 69
165 70
165 72
165 75
165 82
165 83
165 84
165 85
165 86
165 90
165 95
165 96
165 97
165 98
165 99
165 100
165 103
165 105
165 108
165 109
165 110
165 111
165 113
165 114
165 118
165 119
165 120
165 121
165 122
165 123
165 125
165 126
165 128
165 131
165 133
165 136
165 137
165 138
165 140
165 142
165 144
165 145
165 147
165 149
165 150
165 156
165 159
165 160
165 163
165 166
165 168
165 170
165 171
165 172
165 174
165 177
165 180
165 185
165 186
165 188
165 189
165 191
165 193
165 204
165 205
165 208
165 210
165 211
165 212
165 217
165 218
165 219
165 220
165 225
165 229
165 231
165 232
165 234
165 235
165 236
165 237
165 239
165 241
165 244
165 245
165 246
165 249
165 250
165 252
165 255
165 256
165 258
165 260
165 264
165 272
165 273
165 276
165 277
165 278
165 283
165 284
165 285
165 286
165 289
165 293
165 294
166 138
166 260
167 169
170 2
170 5
170 12
170 14
170 27
170 34
170 66
170 72
170 84
170 100
170 110
170 118
170 119
170 122
170 123
170 126
170 128
170 140
170 149
170 150
170 163
170 168
170 189
170 210
170 212
170 217
170 218
170 237
170 241
170 273
170 276
170 277
170 283
170 293
171 2
171 5
171 12
171 14
171 27
171 34
171 36
171 66
171 72
171 84
171 96
171 100
171 103
171 110
171 118
171 119
171 122
171 123
171 126
171 128
171 140
171 149
171 150
171 156
171 163
171 168
171 170
171 189
171 210
171 212
171 217
171 218
171 219
171 237
171 241
171 273
171 276
171 277
171 283
171 286
171 293
172 2
172 5
172 7
172 11
172 12
172 14
172 27
172 34
172 36
172 57
172 61
172 66
172 72
172 75
172 83
172 84
172 96
172 100
172 110
172 113
172 114
172 118
172 119
172 122
172 123
172 126
172 128
172 140
172 150
172 163
172 168
172 185
172 189
172 210
172 212
172 217
172 218
172 219
172 225
172 235
172 237
172 241
172 273
172 276
172 277
172 283
172 286
172 293
173 0
173 1
173 2
173 4
173 5
173 7
173 11
173 12
173 14
173 16
173 20
173 21
173 25
173 27
173 30
173 33
173 34
173 36
173 38
173 40
173 41
173 47
173 52
173 57
173 61
173 62
173 66
173 72
173 75
173 82
173 83
173 84
173 86
173 90
173 92
173 96
173 98
173 99
173 100
173 103
173 107
173 109
173 110
173 113
173 114
173 118
173 119
173 120
173 122
173 123
173 125
173 126
173 128
173 131
173 133
173 136
173 137
173 138
173 140
173 141
173 142
173 144
173 145
173 149
173 150
173 156
173 159
173 163
173 166
173 168
173 170
173 171
173 172
173 174
173 177
173 180
173 185
173 186
173 189
173 191
173 204
173 210
173 211
173 212
173 217
173 218
173 219
173 220
173 225
173 229
173 231
173 232
173 234
173 235
173 236
173 237
173 239
173 241
173 244
173 249
173 255
173 256
173 258
173 260
173 264
173 273
173 276
173 277
173 278
173 283
173 284
173 285
173 286
173 289
173 293
173 294
174 2
174 5
174 7
174 12
174 14
174 21
174 27
174 34
174 36
174 57
174 61
174 66
174 72
174 83
174 84
174 96
174 100
174 103
174 110
174 113
174 114
174 118
174 119
174 120
174 122
174 123
174 126
174 128
174 140
174 142
174 149
174 150
174 156
174 163
174 168
174 170
174 171
174 189
174 210
174 212
174 217
174 218
174 219
174 225
174 235
174 236
174 237
174 239
174 241
174 249
174 273
174 276
174 277
174 283
174 285
174 286
174 293
175 79
175 138
175 157
175 260
175 288
176 1
176 2
176 5
176 11
176 12
176 16
176 20
176 22
176 25
176 27
176 30
176 34
176 38
176 40
176 47
176 50
176 52
176 53
176 61
176 62
176 64
176 66
176 75
176 79
176 83
176 84
176 104
176 107
176 109
176 113
176 114
176 118
176 119
176 122
176 123
176 125
176 126
176 131
176 136
176 137
176 138
176 140
176 141
176 143
176 144
176 146
176 150
176 157
176 159
176 161
176 162
176 166
176 168
176 180
176 185
176 186
176 189
176 204
176 210
176 217
176 218
176 219
176 220
176 225
176 229
176 231
176 232
176 235
176 237
176 241
176 243
176 244
176 251
176 255
176 258
176 260
176 261
176 263
176 273
176 278
176 286
176 293
176 294
177 2
177 4
177 5
177 7
177 11
177 12
177 14
177 16
177 20
177 27
177 30
177 33
177 34
177 36
177 40
177 52
177 57
177 61
177 62
177 66
177 72
177 75
177 83
177 84
177 86
177 96
177 98
177 100
177 103
177 109
177 110
177 113
177 114
177 118
177 119
177 122
177 123
177 125
177 126
177 128
177 131
177 133
177 136
177 137
177 138
177 140
177 149
177 150
177 156
177 159
177 163
177 166
177 168
177 170
177 171
177 172
177 180
177 185
177 186
177 189
177 204
177 210
177 211
177 212
177 217
177 218
177 219
177 220
177 225
177 231
177 232
177 234
177 235
177 236
177 237
177 241
177 244
177 255
177 260
177 273
177 276
177 277
177 283
177 286
177 293
177 294
178 2
178 11
178 16
178 50
178 53
178 79
178 84
178 114
178 125
178 137
178 138
178 141
178 144
178 157
178 162
178 166
178 229
178 232
178 235
178 243
178 244
178 247
178 260
178 261
178 268
178 273
178 274
178 279
179 3
179 5
179 6
179 27
179 29
179 31
179 32
179 37
179 44
179 46
179 54
179 58
179 69
179 72
179 73
179 80
179 82
179 85
179 97
179 103
179 105
179 108
179 121
179 123
179 126
179 140
179 142
179 147
179 148
179 149
179 151
179 155
179 156
179 167
179 168
179 169
179 181
179 182
179 183
179 188
179 195
179 197
179 203
179 205
179 208
179 209
179 212
179 215
179 223
179 227
179 228
179 233
179 239
179 241
179 242
179 245
179 249
179 252
179 253
179 254
179 264
179 265
179 267
179 270
179 271
179 276
179 277
179 284
179 285
179 293
179 298
180 2
180 11
180 16
180 62
180 66
180 75
180 83
180 84
180 109
180 113
180 114
180 118
180 119
180 122
180 136
180 137
180 138
180 150
180 166
180 218
180 220
180 231
180 235
180 244
180 260
180 273
180 286
180 294
181 6
181 29
181 46
181 58
181 69
181 72
181 80
181 82
181 85
181 105
181 108
181 121
181 123
181 126
181 140
181 142
181 147
181 167
181 169
181 183
181 188
181 195
181 203
181 208
181 233
181 239
181 242
181 245
181 252
181 270
181 276
181 277
181 285
182 6
182 29
182 46
182 69
182 80
182 82
182 121
182 167
182 169
182 183
182 188
182 195
182 233
182 239
182 242
182 252
182 270
182 276
183 169
184 0
184 2
184 4
184 5
184 6
184 7
184 11
184 12
184 13
184 14
184 15
184 16
184 20
184 21
184 23
184 27
184 29
184 30
184 33
184 34
184 36
184 39
184 40
184 41
184 43
184 46
184 52
184 57
184 58
184 61
184 62
184 65
184 66
184 68
184 69
184 70
184 72
184 75
184 77
184 78
184 80
184 82
184 83
184 84
184 85
184 86
184 90
184 95
184 96
184 97
184 98
184 100
184 103
184 105
184 108
184 109
184 110
184 111
184 113
184 114
184 117
184 118
184 119
184 120
184 121
184 122
184 123
184 124
184 125
184 126
184 127
184 128
184 131
184 133
184 134
184 136
184 137
184 138
184 140
184 142
184 147
184 149
184 150
184 156
184 159
184 160
184 163
184 166
184 167
184 168
184 169
184 170
184 171
184 172
184 174
184 177
184 180
184 183
184 185
184 186
184 188
184 189
184 191
184 193
184 195
184 203
184 204
184 205
184 207
184 208
184 210
184 211
184 212
184 215
184 217
184 218
184 219
184 220
184 225
184 231
184 232
184 234
184 235
184 236
184 237
184 239
184 241
184 242
184 244
184 245
184 246
184 249
184 250
184 252
184 255
184 260
184 264
184 270
184 272
184 273
184 276
184 277
184 280
184 283
184 284
184 285
184 286
184 289
184 291
184 293
184 294
184 297
185 2
185 11
185 27
185 66
185 75
185 83
185 84
185 113
185 114
185 118
185 119
185 122
185 150
185 168
185 217
185 218
185 235
185 237
185 273
185 286
185 293
186 2
186 11
186 16
186 20
186 27
186 40
186 62
186 66
186 75
186 83
186 84
186 109
186 113
186 114
186 118
186 119
186 122
186 125
186 131
186 136
186 137
186 138
186 150
186 159
186 166
186 180
186 204
186 217
186 218
186 220
186 231
186 232
186 235
186 237
186 244
186 260
186 273
186 286
186 293
186 294
187 59
188 252
189 27
189 34
189 122
189 126
189 150
189 168
189 293
190 2
190 11
190 16
190 20
190 50
190 53
190 64
190 66
190 75
190 79
190 83
190 84
190 114
190 118
190 119
190 125
190 137
190 138
190 141
190 144
190 157
190 162
190 166
190 218
190 220
190 229
190 231
190 232
190 235
190 243
190 244
190 251
190 260
190 261
190 273
190 274
191 2
191 5
191 7
191 11
191 12
191 14
191 16
191 21
191 27
191 33
191 34
191 36
191 41
191 57
191 61
191 66
191 72
191 75
191 82
191 83
191 84
191 90
191 96
191 100
191 103
191 110
191 113
191 114
191 118
191 119
191 120
191 122
191 123
191 126
191 128
191 137
191 138
191 140
191 142
191 149
191 150
191 156
191 163
191 168
191 170
191 171
191 172
191 174
191 185
191 189
191 204
191 210
191 212
191 217
191 218
191 219
191 225
191 235
191 236
191 237
191 239
191 241
191 249
191 264
191 273
191 276
191 277
191 283
191 284
191 285
191 286
191 293
192 1
192 2
192 11
192 16
192 17
192 20
192 22
192 27
192 38
192 40
192 45
192 50
192 53
192 62
192 64
192 66
192 71
192 74
192 75
192 79
192 83
192 84
192 101
192 104
192 109
192 113
192 114
192 118
192 119
192 122
192 125
192 131
192 136
192 137
192 138
192 141
192 143
192 144
192 150
192 157
192 159
192 161
192 162
192 166
192 168
192 180
192 185
192 186
192 190
192 204
192 217
192 218
192 220
192 222
192 229
192 231
192 232
192 235
192 237
192 238
192 243
192 244
192 247
192 248
192 251
192 260
192 261
192 263
192 273
192 274
192 278
192 279
192 286
192 293
192 294
193 5
193 6
193 21
193 27
193 34
193 46
193 66
193 72
193 82
193 103
193 110
193 122
193 123
193 126
193 128
193 140
193 142
193 149
193 150
193 156
193 168
193 189
193 205
193 212
193 237
193 239
193 241
193 249
193 264
193 276
193 277
193 283
193 284
193 285
193 293
194 2
194 3
194 5
194 6
194 9
194 10
194 12
194 13
194 14
194 15
194 21
194 23
194 24
194 27
194 29
194 31
194 32
194 34
194 35
194 36
194 37
194 41
194 43
194 44
194 46
194 48
194 54
194 55
194 58
194 59
194 61
194 65
194 66
194 68
194 69
194 70
194 72
194 73
194 77
194 80
194 81
194 82
194 83
194 84
194 85
194 88
194 90
194 94
194 96
194 97
194 100
194 103
194 105
194 108
194 110
194 113
194 114
194 118
194 119
194 120
194 121
194 122
194 123
194 124
194 126
194 127
194 128
194 129
194 130
194 134
194 135
194 140
194 142
194 147
194 148
194 149
194 150
194 151
194 154
194 155
194 156
194 163
194 164
194 167
194 168
194 169
194 170
194 171
194 179
194 181
194 182
194 183
194 187
194 188
194 189
194 193
194 195
194 196
194 197
194 200
194 201
194 203
194 205
194 206
194 208
194 209
194 210
194 212
194 213
194 214
194 215
194 217
194 218
194 219
194 223
194 225
194 227
194 228
194 233
194 235
194 237
194 239
194 241
194 242
194 245
194 246
194 249
194 252
194 253
194 254
194 264
194 265
194 267
194 270
194 271
194 272
194 273
194 276
194 277
194 280
194 283
194 284
194 285
194 286
194 287
194 293
194 296
194 298
195 121
195 242
196 3
196 5
196 6
196 12
196 13
196 14
196 15
196 21
196 27
196 29
196 32
196 34
196 43
196 44
196 46
196 58
196 65
196 66
196 68
196 69
196 70
196 72
196 80
196 82
196 85
196 97
196 100
196 103
196 105
196 108
196 110
196 118
196 119
196 120
196 121
196 122
196 123
196 124
196 126
196 128
196 129
196 140
196 142
196 147
196 149
196 150
196 151
196 156
196 163
196 167
196 168
196 169
196 181
196 182
196 183
196 188
196 189
196 193
196 195
196 200
196 203
196 205
196 208
196 210
196 212
196 215
196 217
196 218
196 227
196 233
196 237
196 239
196 241
196 242
196 245
196 246
196 249
196 252
196 264
196 270
196 272
196 276
196 277
196 280
196 283
196 284
196 285
196 293
196 298
198 50
198 79
198 114
198 138
198 157
198 166
198 244
198 260
199 2
199 3
199 5
199 6
199 7
199 11
199 12
199 13
199 14
199 15
199 16
199 21
199 23
199 27
199 29
199 30
199 32
199 33
199 34
199 36
199 41
199 43
199 44
199 46
199 57
199 58
199 61
199 62
199 65
199 66
199 68
199 69
199 70
199 72
199 75
199 77
199 78
199 80
199 82
199 83
199 84
199 85
199 86
199 90
199 96
199 97
199 98
199 100
199 103
199 105
199 108
199 109
199 110
199 111
199 113
199 114
199 118
199 119
199 120
199 121
199 122
199 123
199 124
199 126
199 127
199 128
199 129
199 134
199 137
199 138
199 140
199 142
199 147
199 149
199 150
199 151
199 156
199 159
199 163
199 166
199 167
199 168
199 169
199 170
199 171
199 172
199 174
199 181
199 182
199 183
199 185
199 188
199 189
199 191
199 193
199 195
199 196
199 200
199 203
199 204
199 205
199 208
199 210
199 212
199 215
199 217
199 218
199 219
199 225
199 227
199 230
199 233
199 235
199 236
199 237
199 239
199 241
199 242
199 245
199 246
199 249
199 252
199 260
199 264
199 270
199 272
199 273
199 276
199 277
199 280
199 283
199 284
199 285
199 286
199 291
199 293
199 298
200 5
200 6
200 12
200 13
200 14
200 15
200 21
200 27
200 29
200 34
200 43
200 46
200 58
200 65
200 66
200 68
200 69
200 70
200 72
200 80
200 82
200 85
200 97
200 100
200 103
200 105
200 108
200 110
200 118
200 119
200 120
200 121
200 122
200 123
200 124
200 126
200 128
200 140
200 142
200 147
200 149
200 150
200 156
200 163
200 167
200 168
200 169
200 183
200 188
200 189
200 193
200 195
200 203
200 205
200 208
200 210
200 212
200 215
200 217
200 218
200 237
200 239
200 241
200 242
200 245
200 246
200 249
200 252
200 264
200 270
200 272
200 276
200 277
200 280
200 283
200 284
200 285
200 293
201 6
201 29
201 31
201 32
201 35
201 37
201 46
201 54
201 59
201 69
201 80
201 82
201 121
201 148
201 167
201 169
201 182
201 183
201 188
201 195
201 197
201 223
201 227
201 228
201 233
201 239
201 242
201 252
201 253
201 254
201 267
201 270
201 271
201 276
202 0
202 2
202 4
202 5
202 6
202 7
202 11
202 12
202 13
202 14
202 15
202 16
202 20
202 21
202 25
202 27
202 29
202 30
202 33
202 34
202 36
202 39
202 40
202 41
202 43
202 46
202 52
202 57
202 61
202 62
202 65
202 66
202 69
202 70
202 72
202 75
202 78
202 82
202 83
202 84
202 85
202 86
202 90
202 95
202 96
202 97
202 98
202 100
202 103
202 105
202 108
202 109
202 110
202 111
202 113
202 114
202 118
202 119
202 120
202 121
202 122
202 123
202 125
202 126
202 128
202 131
202 133
202 134
202 136
202 137
202 138
202 140
202 142
202 147
202 149
202 150
202 156
202 159
202 160
202 163
202 166
202 168
202 170
202 171
202 172
202 174
202 177
202 180
202 185
202 186
202 188
202 189
202 191
202 193
202 204
202 205
202 208
202 210
202 211
202 212
202 215
202 217
202 218
202 219
202 220
202 225
202 229
202 231
202 232
202 234
202 235
202 236
202 237
202 239
202 241
202 242
202 244
202 245
202 246
202 249
202 250
202 252
202 255
202 256
202 260
202 264
202 272
202 273
202 276
202 277
202 283
202 284
202 285
202 286
202 289
202 293
202 294
203 6
203 29
203 46
203 69
203 72
203 82
203 85
203 105
203 108
203 121
203 123
203 140
203 142
203 147
203 188
203 195
203 208
203 239
203 242
203 245
203 252
203 276
203 277
203 285
204 2
204 11
204 16
204 27
204 66
204 75
204 83
204 84
204 113
204 114
204 118
204 119
204 122
204 137
204 138
204 150
204 217
204 218
204 235
204 237
204 273
204 286
204 293
205 72
205 82
205 123
205 126
205 140
205 142
205 156
205 239
205 264
205 276
205 277
205 285
206 2
206 3
206 5
206 6
206 12
206 13
206 14
206 15
206 21
206 27
206 29
206 31
206 32
206 34
206 41
206 43
206 44
206 46
206 54
206 55
206 58
206 65
206 66
206 68
206 69
206 70
206 72
206 73
206 80
206 82
206 84
206 85
206 97
206 100
206 103
206 105
206 108
206 110
206 118
206 119
206 120
206 121
206 122
206 123
206 124
206 126
206 127
206 128
206 129
206 130
206 135
206 140
206 142
206 147
206 148
206 149
206 150
206 151
206 154
206 155
206 156
206 163
206 167
206 168
206 169
206 170
206 181
206 182
206 183
206 188
206 189
206 193
206 195
206 196
206 197
206 200
206 203
206 205
206 208
206 209
206 210
206 212
206 215
206 217
206 218
206 227
206 233
206 237
206 239
206 241
206 242
206 245
206 246
206 249
206 252
206 253
206 254
206 264
206 265
206 267
206 270
206 271
206 272
206 273
206 276
206 277
206 280
206 283
206 284
206 285
206 287
206 293
206 298
207 0
207 2
207 4
207 5
207 6
207 7
207 11
207 12
207 13
207 14
207 15
207 16
207 20
207 21
207 23
207 27
207 29
207 30
207 33
207 34
207 36
207 39
207 40
207 41
207 43
207 46
207 52
207 57
207 61
207 62
207 65
207 66
207 68
207 69
207 70
207 72
207 75
207 77
207 78
207 82
207 83
207 84
207 85
207 86
207 90
207 95
207 96
207 97
207 98
207 100
207 103
207 105
207 108
207 109
207 110
207 111
207 113
207 114
207 117
207 118
207 119
207 120
207 121
207 122
207 123
207 125
207 126
207 127
207 128
207 131
207 133
207 134
207 136
207 137
207 138
207 140
207 142
207 147
207 149
207 150
207 156
207 159
207 160
207 163
207 166
207 168
207 170
207 171
207 172
207 174
207 177
207 180
207 185
207 186
207 188
207 189
207 191
207 193
207 195
207 203
207 204
207 205
207 208
207 210
207 211
207 212
207 215
207 217
207 218
207 219
207 220
207 225
207 231
207 232
207 234
207 235
207 236
207 237
207 239
207 241
207 242
207 244
207 245
207 246
207 249
207 250
207 252
207 255
207 260
207 264
207 272
207 273
207 276
207 277
207 283
207 284
207 285
207 286
207 289
207 293
207 294
208 6
208 46
208 72
208 82
208 105
208 123
208 142
208 188
208 239
208 252
208 276
208 285
209 3
209 5
209 6
209 27
209 29
209 31
209 32
209 44
209 46
209 58
209 69
209 72
209 80
209 82
209 85
209 97
209 103
209 105
209 108
209 121
209 123
209 126
209 140
209 142
209 147
209 149
209 151
209 155
209 156
209 167
209 168
209 169
209 181
209 182
209 183
209 188
209 195
209 197
209 203
209 205
209 208
209 212
209 215
209 227
209 233
209 239
209 241
209 242
209 245
209 249
209 252
209 254
209 264
209 265
209 270
209 276
209 277
209 284
209 285
209 293
209 298
210 5
210 12
210 27
210 34
210 66
210 119
210 122
210 126
210 150
210 168
210 189
210 218
210 237
210 293
211 2
211 4
211 5
211 7
211 11
211 12
211 14
211 16
211 27
211 30
211 34
211 36
211 40
211 52
211 57
211 61
211 62
211 66
211 72
211 75
211 83
211 84
211 86
211 96
211 100
211 109
211 110
211 113
211 114
211 118
211 119
211 122
211 123
211 126
211 128
211 131
211 136
211 137
211 138
211 140
211 150
211 159
211 166
211 168
211 180
211 185
211 189
211 204
211 210
211 217
211 218
211 219
211 220
211 225
211 231
211 234
211 235
211 237
211 241
211 244
211 260
211 273
211 276
211 277
211 283
211 286
211 293
211 294
212 5
212 72
212 123
212 126
212 140
212 276
212 277
213 3
213 5
213 6
213 9
213 10
213 12
213 14
213 15
213 21
213 24
213 27
213 29
213 31
213 32
213 34
213 35
213 37
213 43
213 44
213 46
213 48
213 54
213 58
213 59
213 66
213 68
213 69
213 70
213 72
213 73
213 80
213 82
213 85
213 88
213 94
213 97
213 100
213 103
213 105
213 108
213 110
213 119
213 120
213 121
213 122
213 123
213 124
213 126
213 128
213 129
213 130
213 135
213 140
213 142
213 147
213 148
213 149
213 150
213 151
213 154
213 155
213 156
213 163
213 167
213 168
213 169
213 179
213 181
213 182
213 183
213 188
213 189
213 193
213 195
213 197
213 201
213 203
213 205
213 208
213 209
213 210
213 212
213 214
213 215
213 218
213 223
213 227
213 228
213 233
213 237
213 239
213 241
213 242
213 245
213 249
213 252
213 253
213 254
213 264
213 265
213 267
213 270
213 271
213 272
213 276
213 277
213 280
213 283
213 284
213 285
213 287
213 293
213 296
213 298
214 3
214 5
214 6
214 12
214 14
214 15
214 21
214 27
214 29
214 31
214 32
214 34
214 43
214 44
214 46
214 54
214 58
214 66
214 68
214 69
214 70
214 72
214 73
214 80
214 82
214 85
214 97
214 100
214 103
214 105
214 108
214 110
214 120
214 121
214 122
214 123
214 126
214 128
214 129
214 135
214 140
214 142
214 147
214 148
214 149
214 150
214 151
214 154
214 155
214 156
214 167
214 168
214 169
214 181
214 182
214 183
214 188
214 189
214 193
214 195
214 197
214 203
214 205
214 208
214 209
214 212
214 215
214 218
214 227
214 233
214 237
214 239
214 241
214 242
214 245
214 249
214 252
214 253
214 254
214 264
214 265
214 267
214 270
214 271
214 272
214 276
214 277
214 280
214 283
214 284
214 285
214 287
214 293
214 298
215 6
215 29
215 46
215 69
215 72
215 82
215 85
215 97
215 105
215 108
215 121
215 123
215 126
215 140
215 142
215 147
215 156
215 188
215 205
215 208
215 239
215 242
215 245
215 252
215 264
215 276
215 277
215 285
216 0
216 1
216 2
216 4
216 5
216 6
216 7
216 11
216 12
216 14
216 15
216 16
216 20
216 21
216 22
216 25
216 27
216 30
216 33
216 34
216 36
216 38
216 40
216 41
216 43
216 46
216 47
216 49
216 52
216 57
216 61
216 62
216 64
216 66
216 70
216 72
216 75
216 82
216 83
216 84
216 86
216 90
216 92
216 96
216 97
216 98
216 99
216 100
216 103
216 105
216 107
216 109
216 110
216 113
216 114
216 118
216 119
216 120
216 122
216 123
216 125
216 126
216 128
216 131
216 133
216 136
216 137
216 138
216 140
216 141
216 142
216 144
216 145
216 146
216 149
216 150
216 156
216 159
216 160
216 161
216 163
216 166
216 168
216 170
216 171
216 172
216 173
216 174
216 177
216 180
216 185
216 186
216 188
216 189
216 191
216 193
216 204
216 205
216 210
216 211
216 212
216 217
216 218
216 219
216 220
216 225
216 229
216 231
216 232
216 234
216 235
216 236
216 237
216 239
216 241
216 244
216 249
216 250
216 251
216 252
216 255
216 256
216 257
216 258
216 260
216 261
216 263
216 264
216 266
216 273
216 276
216 277
216 278
216 283
216 284
216 285
216 286
216 289
216 293
216 294
216 295
217 27
217 66
217 118
217 119
217 122
217 150
217 218
217 237
217 293
218 66
219 2
219 27
219 34
219 66
219 84
219 118
219 119
219 122
219 126
219 150
219 168
219 217
219 218
219 237
219 273
219 286
219 293
220 2
220 11
220 16
220 75
220 83
220 84
220 114
220 118
220 137
220 138
220 166
220 235
220 244
220 260
220 273
221 8
221 9
221 10
221 28
221 32
221 35
221 48
221 59
221 63
221 81
221 121
221 148
221 167
221 169
221 183
221 187
221 195
221 197
221 227
221 233
221 242
221 253
221 254
221 267
221 271
222 2
222 11
222 16
222 20
222 22
222 50
222 53
222 62
222 64
222 66
222 75
222 79
222 83
222 84
222 109
222 113
222 114
222 118
222 119
222 122
222 125
222 136
222 137
222 138
222 141
222 143
222 144
222 150
222 157
222 161
222 162
222 166
222 218
222 220
222 229
222 231
222 232
222 235
222 238
222 243
222 244
222 251
222 260
222 261
222 273
222 274
222 278
222 294
223 29
223 31
223 32
223 37
223 46
223 82
223 121
223 148
223 167
223 169
223 183
223 188
223 195
223 197
223 227
223 233
223 239
223 242
223 252
223 253
223 254
223 267
223 270
223 271
224 2
224 11
224 16
224 20
224 50
224 53
224 75
224 79
224 83
224 84
224 114
224 118
224 119
224 125
224 137
224 138
224 139
224 141
224 144
224 157
224 162
224 166
224 178
224 220
224 229
224 232
224 235
224 243
224 244
224 247
224 260
224 261
224 268
224 269
224 273
224 274
224 279
224 282
225 2
225 5
225 12
225 27
225 34
225 61
225 66
225 83
225 84
225 113
225 118
225 119
225 122
225 126
225 150
225 168
225 189
225 210
225 217
225 218
225 219
225 235
225 237
225 273
225 286
225 293
226 2
226 11
226 16
226 20
226 50
226 53
226 64
226 66
226 74
226 75
226 79
226 83
226 84
226 114
226 118
226 119
226 125
226 137
226 138
226 141
226 144
226 157
226 162
226 166
226 190
226 218
226 220
226 229
226 231
226 232
226 235
226 243
226 244
226 247
226 251
226 260
226 261
226 273
226 274
226 279
227 121
227 167
227 169
227 183
227 195
227 242
228 6
228 29
228 31
228 32
228 37
228 46
228 54
228 69
228 80
228 82
228 121
228 148
228 167
228 169
228 182
228 183
228 188
228 195
228 197
228 223
228 227
228 233
228 239
228 242
228 252
228 253
228 254
228 267
228 270
228 271
228 276
229 114
229 138
229 166
229 244
229 260
230 2
230 3
230 5
230 6
230 7
230 11
230 12
230 13
230 14
230 15
230 21
230 23
230 27
230 29
230 33
230 34
230 36
230 41
230 43
230 44
230 46
230 57
230 58
230 61
230 65
230 66
230 68
230 69
230 70
230 72
230 75
230 77
230 78
230 80
230 82
230 83
230 84
230 85
230 90
230 96
230 97
230 100
230 103
230 105
230 108
230 110
230 111
230 113
230 114
230 118
230 119
230 120
230 121
230 122
230 123
230 124
230 126
230 127
230 128
230 129
230 134
230 140
230 142
230 147
230 149
230 150
230 156
230 163
230 167
230 168
230 169
230 170
230 171
230 172
230 174
230 181
230 182
230 183
230 185
230 188
230 189
230 193
230 195
230 200
230 203
230 205
230 208
230 210
230 212
230 215
230 217
230 218
230 219
230 225
230 227
230 233
230 235
230 236
230 237
230 239
230 241
230 242
230 245
230 246
230 249
230 252
230 264
230 270
230 272
230 273
230 276
230 277
230 280
230 283
230 284
230 285
230 286
230 291
230 293
230 298
231 2
231 11
231 16
231 66
231 75
231 83
231 84
231 114
231 118
231 119
231 137
231 138
231 166
231 235
231 260
231 273
232 11
232 114
232 138
232 166
232 244
232 260
233 121
233 167
233 169
233 183
233 195
233 242
234 2
234 5
234 7
234 11
234 12
234 14
234 16
234 27
234 30
234 34
234 36
234 57
234 61
234 62
234 66
234 75
234 83
234 84
234 86
234 96
234 109
234 113
234 114
234 118
234 119
234 122
234 123
234 126
234 137
234 138
234 140
234 150
234 159
234 166
234 168
234 185
234 189
234 204
234 210
234 217
234 218
234 219
234 225
234 231
234 235
234 237
234 241
234 260
234 273
234 277
234 283
234 286
234 293
235 84
236 2
236 5
236 7
236 12
236 14
236 27
236 34
236 36
236 57
236 61
236 66
236 72
236 83
236 84
236 96
236 100
236 103
236 110
236 113
236 114
236 118
236 119
236 122
236 123
236 126
236 128
236 140
236 149
236 150
236 156
236 163
236 168
236 170
236 171
236 189
236 210
236 212
236 217
236 218
236 219
236 225
236 235
236 237
236 241
236 273
236 276
236 277
236 283
236 286
236 293
237 66
237 122
237 150
237 293
238 2
238 11
238 16
238 20
238 50
238 53
238 64
238 66
238 75
238 79
238 83
238 84
238 114
238 118
238 119
238 125
238 137
238 138
238 141
238 144
238 157
238 162
238 166
238 218
238 220
238 229
238 231
238 232
238 235
238 243
238 244
238 251
238 260
238 261
238 273
238 274
240 157
240 260
240 288
241 5
241 27
241 123
241 126
241 140
241 168
241 293
242 121
243 11
243 50
243 53
243 79
243 84
243 114
243 125
243 138
243 144
243 157
243 166
243 229
243 232
243 235
243 244
243 260
243 261
244 138
244 166
244 260
245 6
245 46
245 72
245 82
245 147
245 188
245 239
245 252
245 276
245 285
246 5
246 6
246 12
246 14
246 15
246 21
246 27
246 34
246 43
246 46
246 66
246 70
246 72
246 82
246 97
246 100
246 103
246 105
246 108
246 110
246 118
246 119
246 120
246 122
246 123
246 126
246 128
246 140
246 142
246 149
246 150
246 156
246 163
246 168
246 188
246 189
246 193
246 205
246 208
246 210
246 212
246 217
246 218
246 237
246 239
246 241
246 249
246 252
246 264
246 276
246 277
246 283
246 284
246 285
246 293
247 2
247 11
247 16
247 50
247 53
247 79
247 84
247 114
247 125
247 137
247 138
247 141
247 144
247 157
247 162
247 166
247 229
247 232
247 235
247 243
247 244
247 260
247 261
247 273
247 274
247 279
248 2
248 11
248 16
248 20
248 22
248 50
248 53
248 64
248 66
248 71
248 75
248 79
248 83
248 84
248 109
248 113
248 114
248 118
248 119
248 122
248 125
248 136
248 137
248 138
248 141
248 144
248 150
248 157
248 161
248 162
248 166
248 190
248 218
248 220
248 229
248 231
248 232
248 235
248 238
248 243
248 244
248 251
248 260
248 261
248 273
248 274
248 278
248 279
248 294
249 5
249 27
249 72
249 103
249 123
249 126
249 140
249 142
249 149
249 156
249 168
249 212
249 239
249 241
249 276
249 277
249 285
249 293
250 0
250 2
250 4
250 5
250 7
250 11
250 12
250 14
250 16
250 21
250 27
250 30
250 33
250 34
250 36
250 40
250 41
250 52
250 57
250 61
250 62
250 66
250 72
250 75
250 82
250 83
250 84
250 86
250 90
250 96
250 98
250 100
250 103
250 109
250 110
250 113
250 114
250 118
250 119
250 120
250 122
250 123
250 126
250 128
250 131
250 133
250 136
250 137
250 138
250 140
250 142
250 149
250 150
250 156
250 159
250 163
250 166
250 168
250 170
250 171
250 172
250 174
250 180
250 185
250 189
250 191
250 204
250 205
250 210
250 211
250 212
250 217
250 218
250 219
250 220
250 225
250 231
250 234
250 235
250 236
250 237
250 239
250 241
250 244
250 249
250 260
250 264
250 273
250 276
250 277
250 283
250 284
250 285
250 286
250 293
250 294
251 2
251 11
251 16
251 20
251 64
251 66
251 75
251 83
251 84
251 114
251 118
251 119
251 125
251 137
251 138
251 141
251 144
251 166
251 218
251 220
251 229
251 231
251 232
251 235
251 244
251 260
251 261
251 273
253 32
253 121
253 167
253 169
253 183
253 195
253 197
253 242
253 254
253 267
253 271
255 2
255 5
255 11
255 12
255 16
255 20
255 27
255 30
255 34
255 40
255 61
255 62
255 66
255 75
255 83
255 84
255 109
255 113
255 114
255 118
255 119
255 122
255 125
255 126
255 131
255 136
255 137
255 138
255 150
255 159
255 166
255 168
255 180
255 185
255 186
255 189
255 204
255 210
255 217
255 218
255 219
255 220
255 225
255 231
255 232
255 235
255 237
255 244
255 260
255 273
255 286
255 293
255 294
256 2
256 4
256 5
256 7
256 11
256 12
256 14
256 16
256 20
256 25
256 27
256 30
256 34
256 36
256 40
256 52
256 57
256 61
256 62
256 66
256 72
256 75
256 83
256 84
256 86
256 96
256 100
256 109
256 110
256 113
256 114
256 118
256 119
256 122
256 123
256 125
256 126
256 128
256 131
256 136
256 137
256 138
256 140
256 150
256 159
256 166
256 168
256 180
256 185
256 186
256 189
256 204
256 210
256 211
256 217
256 218
256 219
256 220
256 225
256 229
256 231
256 232
256 234
256 235
256 237
256 241
256 244
256 255
256 260
256 273
256 276
256 277
256 283
256 286
256 293
256 294
257 0
257 1
257 2
257 4
257 5
257 6
257 7
257 11
257 12
257 14
257 16
257 20
257 21
257 22
257 25
257 27
257 30
257 33
257 34
257 36
257 38
257 40
257 41
257 46
257 47
257 49
257 52
257 57
257 61
257 62
257 64
257 66
257 70
257 72
257 75
257 82
257 83
257 84
257 86
257 90
257 92
257 96
257 97
257 98
257 99
257 100
257 103
257 107
257 109
257 110
257 113
257 114
257 118
257 119
257 120
257 122
257 123
257 125
257 126
257 128
257 131
257 133
257 136
257 137
257 138
257 140
257 141
257 142
257 144
257 145
257 146
257 149
257 150
257 156
257 159
257 160
257 161
257 163
257 166
257 168
257 170
257 171
257 172
257 173
257 174
257 177
257 180
257 185
257 186
257 189
257 191
257 193
257 204
257 205
257 210
257 211
257 212
257 217
257 218
257 219
257 220
257 225
257 229
257 231
257 232
257 234
257 235
257 236
257 237
257 239
257 241
257 244
257 249
257 250
257 251
257 252
257 255
257 256
257 258
257 260
257 261
257 263
257 264
257 266
257 273
257 276
257 277
257 278
257 283
257 284
257 285
257 286
257 289
257 293
257 294
257 295
258 2
258 11
258 16
258 20
258 27
258 30
258 34
258 40
258 61
258 62
258 66
258 75
258 83
258 84
258 109
258 113
258 114
258 118
258 119
258 122
258 125
258 126
258 131
258 136
258 137
258 138
258 150
258 159
258 166
258 168
258 180
258 185
258 186
258 189
258 204
258 217
258 218
258 219
258 220
258 229
258 231
258 232
258 235
258 237
258 244
258 260
258 273
258 278
258 286
258 293
258 294
259 2
259 11
259 16
259 20
259 50
259 53
259 64
259 66
259 75
259 79
259 83
259 84
259 114
259 118
259 119
259 125
259 137
259 138
259 139
259 141
259 144
259 157
259 162
259 166
259 178
259 220
259 229
259 231
259 232
259 235
259 243
259 244
259 247
259 260
259 261
259 268
259 273
259 274
259 279
261 11
261 114
261 125
261 138
261 144
261 166
261 229
261 232
261 244
261 260
262 11
262 50
262 53
262 79
262 84
262 114
262 125
262 137
262 138
262 144
262 157
262 162
262 166
262 229
262 232
262 235
262 243
262 244
262 260
262 261
262 269
262 274
262 279
262 282
263 1
263 2
263 11
263 16
263 20
263 22
263 27
263 38
263 40
263 62
263 66
263 75
263 83
263 84
263 109
263 113
263 114
263 118
263 119
263 122
263 125
263 131
263 136
263 137
263 138
263 141
263 144
263 150
263 159
263 166
263 180
263 204
263 217
263 218
263 220
263 229
263 231
263 232
263 235
263 237
263 244
263 260
263 261
263 273
263 278
263 286
263 293
263 294
264 72
264 82
264 123
264 126
264 140
264 142
264 156
264 239
264 276
264 277
264 285
265 6
265 29
265 31
265 32
265 46
265 58
265 69
265 72
265 80
265 82
265 85
265 97
265 105
265 108
265 121
265 123
265 126
265 140
265 142
265 147
265 151
265 156
265 167
265 169
265 181
265 182
265 183
265 188
265 195
265 203
265 205
265 208
265 215
265 227
265 233
265 239
265 242
265 245
265 252
265 254
265 264
265 270
265 276
265 277
265 285
265 298
266 0
266 1
266 2
266 4
266 5
266 7
266 11
266 12
266 14
266 16
266 20
266 21
266 22
266 25
266 27
266 30
266 33
266 34
266 36
266 38
266 40
266 41
266 47
266 52
266 57
266 61
266 62
266 66
266 72
266 75
266 82
266 83
266 84
266 86
266 92
266 96
266 98
266 100
266 103
266 107
266 109
266 110
266 113
266 114
266 118
266 119
266 120
266 122
266 123
266 125
266 126
266 128
266 131
266 133
266 136
266 137
266 138
266 140
266 141
266 142
266 144
266 145
266 149
266 150
266 156
266 159
266 163
266 166
266 168
266 170
266 171
266 172
266 174
266 177
266 180
266 185
266 186
266 189
266 204
266 210
266 211
266 212
266 217
266 218
266 219
266 220
266 225
266 229
266 231
266 232
266 234
266 235
266 236
266 237
266 239
266 241
266 244
266 249
266 255
266 256
266 258
266 260
266 261
266 263
266 264
266 273
266 276
266 277
266 278
266 283
266 285
266 286
266 289
266 293
266 294
267 32
267 167
267 169
267 183
267 197
267 254
267 271
268 2
268 11
268 16
268 50
268 53
268 79
268 84
268 114
268 125
268 137
268 138
268 141
268 144
268 157
268 162
268 166
268 229
268 232
268 235
268 243
268 244
268 260
268 261
268 273
268 274
268 279
269 50
269 79
269 114
269 138
269 144
269 157
269 166
269 244
269 260
269 279
270 29
270 46
270 121
270 169
270 183
270 188
270 195
270 242
270 252
272 5
272 6
272 15
272 21
272 27
272 34
272 43
272 46
272 70
272 72
272 82
272 97
272 103
272 105
272 108
272 122
272 123
272 126
272 140
272 142
272 147
272 149
272 150
272 156
272 168
272 188
272 189
272 205
272 208
272 212
272 239
272 241
272 249
272 252
272 264
272 276
272 277
272 283
272 284
272 285
272 293
273 2
273 84
274 50
274 79
274 114
274 138
274 144
274 157
274 162
274 166
274 229
274 244
274 260
275 0
275 1
275 2
275 4
275 5
275 7
275 11
275 12
275 14
275 16
275 18
275 20
275 21
275 22
275 25
275 27
275 30
275 33
275 34
275 36
275 38
275 40
275 47
275 50
275 52
275 53
275 57
275 61
275 62
275 64
275 66
275 72
275 75
275 79
275 83
275 84
275 86
275 91
275 92
275 96
275 98
275 100
275 103
275 104
275 107
275 109
275 110
275 113
275 114
275 118
275 119
275 120
275 122
275 123
275 125
275 126
275 128
275 131
275 133
275 136
275 137
275 138
275 140
275 141
275 142
275 143
275 144
275 145
275 146
275 149
275 150
275 156
275 157
275 159
275 161
275 162
275 163
275 166
275 168
275 170
275 171
275 172
275 174
275 176
275 177
275 180
275 185
275 186
275 189
275 204
275 210
275 211
275 212
275 217
275 218
275 219
275 220
275 225
275 229
275 231
275 232
275 234
275 235
275 236
275 237
275 239
275 241
275 243
275 244
275 249
275 251
275 255
275 256
275 258
275 260
275 261
275 263
275 273
275 276
275 277
275 278
275 283
275 285
275 286
275 293
275 294
277 123
277 140
278 2
278 11
278 16
278 20
278 66
278 75
278 83
278 84
278 109
278 113
278 114
278 118
278 119
278 122
278 125
278 136
278 137
278 138
278 150
278 166
278 218
278 220
278 229
278 231
278 232
278 235
278 244
278 260
278 273
278 294
279 50
279 79
279 114
279 138
279 144
279 157
279 166
279 244
279 260
280 5
280 6
280 15
280 21
280 27
280 29
280 34
280 43
280 46
280 69
280 70
280 72
280 80
280 82
280 85
280 97
280 103
280 105
280 108
280 121
280 122
280 123
280 126
280 140
280 142
280 147
280 149
280 150
280 156
280 168
280 169
280 183
280 188
280 189
280 195
280 203
280 205
280 208
280 212
280 215
280 239
280 241
280 242
280 245
280 249
280 252
280 264
280 270
280 272
280 276
280 277
280 283
280 284
280 285
280 293
281 1
281 2
281 4
281 5
281 7
281 11
281 12
281 14
281 16
281 17
281 20
281 22
281 25
281 27
281 30
281 34
281 36
281 38
281 40
281 45
281 47
281 50
281 52
281 53
281 57
281 61
281 62
281 64
281 66
281 72
281 75
281 79
281 83
281 84
281 86
281 91
281 96
281 100
281 101
281 104
281 107
281 109
281 110
281 113
281 114
281 118
281 119
281 122
281 123
281 125
281 126
281 128
281 131
281 132
281 136
281 137
281 138
281 140
281 141
281 143
281 144
281 145
281 146
281 150
281 157
281 159
281 161
281 162
281 166
281 168
281 176
281 180
281 185
281 186
281 189
281 190
281 204
281 210
281 211
281 217
281 218
281 219
281 220
281 222
281 225
281 229
281 231
281 232
281 234
281 235
281 237
281 238
281 241
281 243
281 244
281 251
281 255
281 256
281 258
281 260
281 261
281 263
281 273
281 274
281 276
281 277
281 278
281 283
281 286
281 293
281 294
282 11
282 50
282 53
282 79
282 84
282 114
282 125
282 137
282 138
282 144
282 157
282 162
282 166
282 229
282 232
282 235
282 243
282 244
282 260
282 261
282 269
282 274
282 279
283 5
283 27
283 34
283 122
283 123
283 126
283 140
283 168
283 241
283 277
283 293
284 5
284 72
284 82
284 123
284 126
284 140
284 142
284 156
284 168
284 212
284 239
284 264
284 276
284 277
284 285
285 72
285 239
285 276
286 2
286 66
286 84
286 118
286 119
286 122
286 150
286 218
286 273
287 3
287 5
287 6
287 15
287 21
287 27
287 29
287 31
287 32
287 34
287 43
287 44
287 46
287 54
287 58
287 66
287 68
287 69
287 70
287 72
287 73
287 80
287 82
287 85
287 97
287 103
287 105
287 108
287 110
287 121
287 122
287 123
287 126
287 128
287 129
287 135
287 140
287 142
287 147
287 148
287 149
287 150
287 151
287 155
287 156
287 167
287 168
287 169
287 181
287 182
287 183
287 188
287 189
287 193
287 195
287 197
287 203
287 205
287 208
287 209
287 212
287 215
287 227
287 233
287 237
287 239
287 241
287 242
287 245
287 249
287 252
287 253
287 254
287 264
287 265
287 267
287 270
287 271
287 272
287 276
287 277
287 280
287 283
287 284
287 285
287 293
287 298
288 157
288 260
289 0
289 2
289 4
289 5
289 7
289 11
289 12
289 14
289 16
289 20
289 21
289 27
289 30
289 33
289 34
289 36
289 40
289 41
289 52
289 57
289 61
289 62
289 66
289 72
289 75
289 82
289 83
289 84
289 86
289 96
289 98
289 100
289 103
289 109
289 110
289 113
289 114
289 118
289 119
289 120
289 122
289 123
289 125
289 126
289 128
289 131
289 133
289 136
289 137
289 138
289 140
289 142
289 149
289 150
289 156
289 159
289 163
289 166
289 168
289 170
289 171
289 172
289 174
289 177
289 180
289 185
289 186
289 189
289 204
289 210
289 211
289 212
289 217
289 218
289 219
289 220
289 225
289 231
289 232
289 234
289 235
289 236
289 237
289 239
289 241
289 244
289 249
289 255
289 260
289 264
289 273
289 276
289 277
289 283
289 285
289 286
289 293
289 294
290 6
290 8
290 9
290 10
290 28
290 29
290 31
290 32
290 35
290 37
290 46
290 48
290 54
290 59
290 63
290 69
290 72
290 80
290 81
290 82
290 85
290 105
290 108
290 121
290 123
290 142
290 147
290 148
290 167
290 169
290 182
290 183
290 187
290 188
290 195
290 197
290 201
290 208
290 223
290 227
290 228
290 233
290 239
290 242
290 245
290 252
290 253
290 254
290 267
290 270
290 271
290 276
290 285
291 2
291 5
291 6
291 7
291 11
291 12
291 13
291 14
291 15
291 21
291 23
291 27
291 29
291 33
291 34
291 36
291 41
291 43
291 46
291 57
291 58
291 61
291 65
291 66
291 68
291 69
291 70
291 72
291 75
291 77
291 78
291 80
291 82
291 83
291 84
291 85
291 90
291 96
291 97
291 100
291 103
291 105
291 108
291 110
291 111
291 113
291 114
291 118
291 119
291 120
291 121
291 122
291 123
291 124
291 126
291 127
291 128
291 134
291 140
291 142
291 147
291 149
291 150
291 156
291 163
291 167
291 168
291 169
291 170
291 171
291 172
291 174
291 183
291 185
291 188
291 189
291 193
291 195
291 203
291 205
291 208
291 210
291 212
291 215
291 217
291 218
291 219
291 225
291 235
291 236
291 237
291 239
291 241
291 242
291 245
291 246
291 249
291 252
291 264
291 270
291 272
291 273
291 276
291 277
291 280
291 283
291 284
291 285
291 286
291 293
292 0
292 2
292 4
292 5
292 6
292 7
292 11
292 12
292 13
292 14
292 15
292 16
292 20
292 21
292 23
292 27
292 29
292 30
292 33
292 34
292 36
292 39
292 40
292 41
292 43
292 46
292 52
292 57
292 58
292 61
292 62
292 65
292 66
292 68
292 69
292 70
292 72
292 75
292 77
292 78
292 80
292 82
292 83
292 84
292 85
292 86
292 90
292 95
292 96
292 97
292 98
292 100
292 103
292 105
292 108
292 109
292 110
292 111
292 113
292 114
292 117
292 118
292 119
292 120
292 121
292 122
292 123
292 124
292 125
292 126
292 127
292 128
292 131
292 133
292 134
292 136
292 137
292 138
292 140
292 142
292 147
292 149
292 150
292 156
292 159
292 160
292 163
292 166
292 167
292 168
292 169
292 170
292 171
292 172
292 174
292 177
292 180
292 183
292 185
292 186
292 188
292 189
292 191
292 193
292 195
292 203
292 204
292 205
292 207
292 208
292 210
292 211
292 212
292 215
292 217
292 218
292 219
292 220
292 225
292 231
292 232
292 234
292 235
292 236
292 237
292 239
292 241
292 242
292 244
292 245
292 246
292 249
292 250
292 252
292 255
292 260
292 264
292 270
292 272
292 273
292 276
292 277
292 280
292 283
292 284
292 285
292 286
292 289
292 291
292 293
292 294
292 297
294 2
294 11
294 16
294 66
294 75
294 83
294 84
294 109
294 113
294 114
294 118
294 119
294 122
294 136
294 137
294 138
294 166
294 218
294 220
294 231
294 235
294 244
294 260
294 273
295 0
295 1
295 2
295 4
295 5
295 6
295 7
295 11
295 12
295 14
295 16
295 20
295 21
295 25
295 27
295 30
295 33
295 34
295 36
295 38
295 40
295 41
295 46
295 47
295 52
295 57
295 61
295 62
295 66
295 70
295 72
295 75
295 82
295 83
295 84
295 86
295 90
295 92
295 96
295 97
295 98
295 99
295 100
295 103
295 107
295 109
295 110
295 113
295 114
295 118
295 119
295 120
295 122
295 123
295 125
295 126
295 128
295 131
295 133
295 136
295 137
295 138
295 140
295 141
295 142
295 144
295 145
295 149
295 150
295 156
295 159
295 160
295 163
295 166
295 168
295 170
295 171
295 172
295 173
295 174
295 177
295 180
295 185
295 186
295 189
295 191
295 193
295 204
295 205
295 210
295 211
295 212
295 217
295 218
295 219
295 220
295 225
295 229
295 231
295 232
295 234
295 235
295 236
295 237
295 239
295 241
295 244
295 249
295 250
295 255
295 256
295 258
295 260
295 264
295 273
295 276
295 277
295 278
295 283
295 284
295 285
295 286
295 289
295 293
295 294
296 6
296 29
296 31
296 32
296 35
296 37
296 46
296 54
296 59
296 69
296 72
296 73
296 80
296 82
296 85
296 105
296 108
296 121
296 123
296 140
296 142
296 147
296 148
296 155
296 167
296 169
296 182
296 183
296 188
296 195
296 197
296 201
296 203
296 208
296 223
296 227
296 228
296 233
296 239
296 242
296 245
296 252
296 253
296 254
296 267
296 270
296 271
296 276
296 277
296 285
297 0
297 2
297 5
297 6
297 7
297 11
297 12
297 13
297 14
297 15
297 16
297 21
297 23
297 27
297 29
297 30
297 33
297 34
297 36
297 41
297 43
297 46
297 57
297 58
297 61
297 62
297 65
297 66
297 68
297 69
297 70
297 72
297 75
297 77
297 78
297 80
297 82
297 83
297 84
297 85
297 86
297 90
297 96
297 97
297 98
297 100
297 103
297 105
297 108
297 109
297 110
297 111
297 113
297 114
297 117
297 118
297 119
297 120
297 121
297 122
297 123
297 124
297 126
297 127
297 128
297 133
297 134
297 137
297 138
297 140
297 142
297 147
297 149
297 150
297 156
297 159
297 163
297 166
297 167
297 168
297 169
297 170
297 171
297 172
297 174
297 183
297 185
297 188
297 189
297 191
297 193
297 195
297 203
297 204
297 205
297 208
297 210
297 212
297 215
297 217
297 218
297 219
297 225
297 231
297 234
297 235
297 236
297 237
297 239
297 241
297 242
297 245
297 246
297 249
297 252
297 260
297 264
297 270
297 272
297 273
297 276
297 277
297 280
297 283
297 284
297 285
297 286
297 291
297 293
298 6
298 29
298 46
298 58
298 69
298 72
298 80
298 82
298 85
298 105
298 108
298 121
298 123
298 126
298 140
298 142
298 147
298 167
298 169
298 181
298 182
298 183
298 188
298 195
298 203
298 208
298 227
298 233
298 239
298 242
298 245
298 252
298 270
298 276
298 277
298 285
299 0
299 1
299 2
299 4
299 5
299 7
299 11
299 12
299 14
299 16
299 18
299 20
299 21
299 22
299 25
299 27
299 30
299 33
299 34
299 36
299 38
299 40
299 41
299 47
299 50
299 52
299 53
299 57
299 61
299 62
299 64
299 66
299 72
299 75
299 79
299 82
299 83
299 84
299 86
299 91
299 92
299 96
299 98
299 100
299 103
299 104
299 107
299 109
299 110
299 113
299 114
299 118
299 119
299 120
299 122
299 123
299 125
299 126
299 128
299 131
299 132
299 133
299 136
299 137
299 138
299 140
299 141
299 142
299 143
299 144
299 145
299 146
299 149
299 150
299 156
299 157
299 159
299 161
299 162
299 163
299 166
299 168
299 170
299 171
299 172
299 174
299 176
299 177
299 180
299 185
299 186
299 189
299 204
299 210
299 211
299 212
299 217
299 218
299 219
299 220
299 222
299 225
299 229
299 231
299 232
299 234
299 235
299 236
299 237
299 238
299 239
299 241
299 243
299 244
299 249
299 251
299 255
299 256
299 258
299 260
299 261
299 263
299 264
299 266
299 273
299 274
299 275
299 276
299 277
299 278
299 283
299 285
299 286
299 289
299 293
299 294
