25 300
0 1 94 7
0 2 37 59
0 3 85 13
0 4 23 74
0 5 14 77
0 6 4 92
0 7 66 35
0 8 43 63
0 9 3 90
0 10 65 42
0 11 52 41
0 12 82 24
0 13 6 93
0 14 18 84
0 15 39 53
0 16 83 19
0 17 93 7
0 18 5 85
0 19 13 82
0 20 81 22
0 21 41 52
0 22 53 44
0 23 15 84
0 24 89 23
1 2 70 31
1 3 12 82
1 4 78 30
1 5 7 90
1 6 94 10
1 7 67 28
1 8 98 13
1 9 10 84
1 10 31 70
1 11 2 95
1 12 92 7
1 13 39 56
1 14 63 45
1 15 83 26
1 16 98 6
1 17 72 26
1 18 15 85
1 19 41 62
1 20 60 42
1 21 66 38
1 22 11 90
1 23 69 28
1 24 82 25
2 3 32 60
2 4 5 95
2 5 37 54
2 6 49 56
2 7 26 67
2 8 8 93
2 9 70 30
2 10 30 68
2 11 31 68
2 12 36 55
2 13 20 75
2 14 77 30
2 15 80 17
2 16 74 22
2 17 54 40
2 18 1 90
2 19 18 77
2 20 65 43
2 21 31 66
2 22 50 51
2 23 9 88
2 24 96 10
3 4 99 7
3 5 100 10
3 6 21 80
3 7 56 44
3 8 19 78
3 9 14 86
3 10 64 38
3 11 73 34
3 12 74 26
3 13 22 68
3 14 7 89
3 15 88 20
3 16 84 20
3 17 62 34
3 18 44 61
3 19 11 90
3 20 80 27
3 21 53 51
3 22 27 66
3 23 25 75
3 24 26 67
4 5 82 16
4 6 13 86
4 7 28 63
4 8 83 15
4 9 92 9
4 10 56 51
4 11 75 26
4 12 89 13
4 13 26 72
4 14 35 61
4 15 25 70
4 16 62 33
4 17 56 42
4 18 73 24
4 19 31 60
4 20 56 49
4 21 89 23
4 22 59 46
4 23 38 63
4 24 23 67
5 6 87 24
5 7 82 19
5 8 25 64
5 9 93 9
5 10 12 77
5 11 67 39
5 12 75 27
5 13 3 93
5 14 44 60
5 15 40 59
5 16 22 73
5 17 95 5
5 18 59 48
5 19 53 46
5 20 38 63
5 21 52 55
5 22 40 53
5 23 80 21
5 24 42 60
6 7 9 82
6 8 49 44
6 9 30 63
6 10 36 68
6 11 42 53
6 12 87 23
6 13 63 46
6 14 76 24
6 15 60 46
6 16 78 26
6 17 25 64
6 18 37 62
6 19 45 62
6 20 35 62
6 21 82 28
6 22 32 67
6 23 44 57
6 24 8 79
7 8 98 4
7 9 17 82
7 10 93 18
7 11 69 30
7 12 52 47
7 13 1 90
7 14 3 92
7 15 21 79
7 16 75 30
7 17 18 80
7 18 74 35
7 19 76 24
7 20 81 27
7 21 1 92
7 22 7 87
7 23 68 38
7 24 25 66
8 9 56 43
8 10 62 37
8 11 84 21
8 12 9 80
8 13 21 72
8 14 22 74
8 15 43 50
8 16 22 77
8 17 26 72
8 18 21 73
8 19 68 31
8 20 10 90
8 21 27 71
8 22 95 17
8 23 21 79
8 24 64 32
9 10 13 85
9 11 24 70
9 12 78 24
9 13 91 10
9 14 99 12
9 15 98 12
9 16 77 25
9 17 88 22
9 18 49 44
9 19 63 39
9 20 50 56
9 21 47 53
9 22 52 42
9 23 52 52
9 24 45 54
10 11 94 17
10 12 83 16
10 13 13 80
10 14 62 39
10 15 46 50
10 16 38 61
10 17 1 92
10 18 26 73
10 19 21 82
10 20 84 27
10 21 99 9
10 22 85 16
10 23 80 26
10 24 4 95
11 12 72 32
11 13 43 51
11 14 38 53
11 15 83 25
11 16 75 30
11 17 40 52
11 18 91 9
11 19 85 26
11 20 3 97
11 21 75 33
11 22 45 61
11 23 14 76
11 24 25 67
12 13 37 62
12 14 33 59
12 15 95 15
12 16 59 50
12 17 47 50
12 18 77 30
12 19 27 67
12 20 67 28
12 21 27 70
12 22 98 3
12 23 71 30
12 24 70 34
13 14 8 92
13 15 95 5
13 16 14 83
13 17 15 79
13 18 91 18
13 19 28 75
13 20 72 30
13 21 51 49
13 22 93 16
13 23 77 22
13 24 27 75
14 15 83 24
14 16 59 48
14 17 17 82
14 18 95 15
14 19 79 21
14 20 30 66
14 21 87 25
14 22 33 56
14 23 99 13
14 24 70 33
15 16 70 28
15 17 19 81
15 18 8 81
15 19 63 38
15 20 7 91
15 21 26 73
15 22 25 65
15 23 60 43
15 24 42 53
16 17 9 81
16 18 16 83
16 19 9 92
16 20 45 54
16 21 72 25
16 22 68 40
16 23 94 11
16 24 36 69
17 18 67 40
17 19 9 89
17 20 53 52
17 21 62 35
17 22 20 78
17 23 69 31
17 24 23 67
18 19 47 45
18 20 63 41
18 21 15 85
18 22 75 35
18 23 87 23
18 24 11 90
19 20 71 35
19 21 92 19
19 22 47 50
19 23 64 31
19 24 49 54
20 21 25 78
20 22 79 19
20 23 31 68
20 24 45 52
21 22 71 34
21 23 28 70
21 24 19 71
22 23 88 22
22 24 44 57
23 24 28 73
0 28
0 30
0 68
0 69
0 70
0 177
0 184
0 185
0 195
0 205
0 224
0 248
0 253
0 270
1 7
1 41
1 83
1 108
1 118
1 119
1 124
1 128
1 140
1 141
1 200
1 219
1 222
2 23
2 30
2 80
2 97
2 106
2 110
2 134
2 149
2 177
2 187
2 195
2 206
2 216
2 224
2 238
2 242
2 248
2 251
2 253
2 283
2 286
2 297
3 88
3 239
3 244
3 290
4 13
4 22
4 40
4 63
4 71
4 73
4 74
4 148
4 154
4 156
4 171
4 178
4 203
4 236
4 237
4 247
4 256
4 265
4 276
4 281
4 290
5 12
5 48
5 52
5 208
5 234
5 266
6 43
6 115
6 157
6 162
6 269
6 272
6 282
6 285
8 5
8 12
8 27
8 44
8 48
8 52
8 84
8 117
8 153
8 175
8 208
8 217
8 234
8 259
8 266
8 284
9 64
10 9
10 21
10 36
10 42
10 64
10 72
10 86
10 95
10 102
10 105
10 107
10 122
10 123
10 125
10 135
10 137
10 151
10 164
10 192
10 193
10 225
10 246
10 262
10 274
10 280
11 37
11 46
11 110
11 143
11 204
11 212
11 216
11 245
11 251
12 52
14 7
14 35
14 41
14 50
14 83
14 118
14 119
14 125
14 126
14 128
14 133
14 141
14 145
14 190
14 191
14 194
14 219
14 263
14 267
14 289
14 298
15 23
15 37
15 80
15 81
15 106
15 110
15 134
15 166
15 187
15 204
15 212
15 216
15 245
15 251
15 283
15 286
15 297
16 0
16 28
16 30
16 68
16 69
16 70
16 113
16 149
16 177
16 184
16 185
16 195
16 205
16 224
16 242
16 248
16 253
16 270
17 12
17 27
17 40
17 44
17 48
17 52
17 67
17 74
17 79
17 84
17 91
17 161
17 175
17 180
17 234
17 259
17 266
17 273
17 281
17 284
18 13
18 22
18 40
18 74
18 91
18 148
18 180
18 203
18 236
18 247
18 265
18 281
19 11
19 23
19 37
19 46
19 106
19 110
19 134
19 143
19 159
19 187
19 204
19 212
19 216
19 245
19 251
19 283
19 297
20 7
20 41
20 50
20 83
20 118
20 125
20 128
20 133
20 141
20 145
20 190
20 191
20 193
20 194
20 219
20 263
20 267
20 274
20 289
20 293
20 298
21 36
21 72
21 86
21 95
21 105
21 107
21 122
21 123
21 135
21 137
21 225
21 246
21 274
22 13
22 40
22 281
24 76
24 157
24 209
24 218
24 233
24 254
24 282
24 285
24 294
25 13
25 18
25 22
25 40
25 74
25 91
25 148
25 180
25 203
25 236
25 247
25 265
25 281
27 44
27 52
27 84
27 175
27 234
27 259
27 266
27 284
28 30
28 68
28 70
28 177
28 184
28 185
28 195
28 224
28 248
28 253
28 270
29 24
29 26
29 45
29 53
29 58
29 76
29 115
29 143
29 150
29 155
29 157
29 162
29 174
29 209
29 213
29 218
29 227
29 232
29 233
29 240
29 254
29 255
29 269
29 272
29 277
29 282
29 285
29 294
30 253
31 13
31 22
31 40
31 44
31 74
31 84
31 91
31 175
31 180
31 281
31 284
33 48
33 208
33 217
34 0
34 16
34 28
34 30
34 68
34 69
34 70
34 94
34 113
34 149
34 177
34 184
34 185
34 195
34 205
34 224
34 242
34 248
34 253
34 270
34 286
35 7
35 41
35 50
35 83
35 118
35 119
35 128
35 141
35 145
35 190
35 219
35 298
36 135
37 204
37 216
38 30
38 69
38 70
38 184
38 185
38 205
38 253
39 26
39 37
39 58
39 76
39 77
39 85
39 96
39 116
39 138
39 143
39 155
39 157
39 159
39 204
39 207
39 209
39 213
39 216
39 218
39 227
39 240
39 282
41 7
41 141
42 9
42 36
42 64
42 135
42 137
42 262
43 115
43 162
43 269
43 272
45 24
45 26
45 53
45 58
45 76
45 143
45 150
45 155
45 157
45 209
45 213
45 218
45 227
45 232
45 233
45 240
45 254
45 255
45 277
45 282
45 285
45 294
46 37
46 143
46 204
46 212
46 216
46 251
47 7
47 41
47 83
47 99
47 108
47 118
47 124
47 128
47 132
47 140
47 141
47 142
47 144
47 200
47 219
47 222
47 271
49 1
49 7
49 35
49 41
49 50
49 83
49 108
49 118
49 119
49 124
49 125
49 128
49 140
49 141
49 145
49 190
49 194
49 200
49 219
49 222
49 267
49 289
49 298
50 190
51 32
51 54
51 55
51 98
51 132
51 144
51 172
51 176
51 202
51 228
51 230
51 239
51 244
51 260
51 271
51 292
51 295
51 299
53 24
53 26
53 58
53 76
53 155
53 157
53 209
53 213
53 218
53 227
53 232
53 233
53 240
53 254
53 282
53 285
53 294
54 32
54 55
54 132
54 271
54 292
55 32
55 132
55 271
56 1
56 7
56 35
56 41
56 50
56 83
56 108
56 118
56 119
56 124
56 125
56 128
56 132
56 140
56 141
56 145
56 190
56 200
56 219
56 222
56 271
56 298
57 71
57 88
57 154
57 171
57 178
57 203
57 239
57 244
57 276
57 290
58 26
59 11
59 15
59 19
59 23
59 37
59 46
59 80
59 81
59 85
59 106
59 110
59 111
59 127
59 134
59 143
59 149
59 159
59 166
59 177
59 187
59 195
59 204
59 207
59 212
59 216
59 238
59 245
59 251
59 283
59 286
59 297
60 11
60 19
60 23
60 26
60 37
60 46
60 58
60 77
60 85
60 96
60 106
60 110
60 116
60 134
60 136
60 138
60 143
60 155
60 157
60 158
60 159
60 182
60 186
60 187
60 204
60 207
60 212
60 213
60 216
60 218
60 227
60 243
60 245
60 251
60 282
60 283
60 297
61 9
61 36
61 42
61 64
61 72
61 95
61 102
61 105
61 107
61 122
61 135
61 137
61 164
61 225
61 246
61 262
61 269
61 272
61 280
62 5
62 8
62 12
62 27
62 33
62 44
62 48
62 52
62 84
62 117
62 153
62 160
62 175
62 201
62 208
62 217
62 234
62 259
62 266
62 284
63 13
63 71
63 73
63 154
63 156
63 171
63 178
63 203
63 256
63 276
63 290
65 32
65 55
65 132
65 144
65 271
65 292
66 86
66 95
66 125
66 190
66 193
66 274
67 44
67 84
67 175
67 266
67 273
67 284
68 30
68 70
68 184
68 185
68 253
69 70
69 184
69 205
69 253
71 203
72 36
72 95
72 105
72 107
72 122
72 135
72 137
72 225
72 246
73 71
73 154
73 178
73 203
73 256
73 276
73 290
75 9
75 43
75 64
75 115
75 162
75 269
75 272
76 157
76 282
77 26
77 37
77 58
77 85
77 96
77 116
77 138
77 143
77 155
77 157
77 159
77 204
77 207
77 213
77 216
77 218
77 227
77 282
78 3
78 32
78 54
78 55
78 88
78 98
78 100
78 120
78 132
78 169
78 171
78 172
78 176
78 181
78 202
78 230
78 239
78 244
78 260
78 271
78 290
78 292
78 295
78 299
79 27
79 44
79 52
79 84
79 175
79 234
79 259
79 266
79 273
79 284
80 23
80 106
80 187
80 297
81 23
81 80
81 106
81 110
81 134
81 166
81 187
81 204
81 216
81 251
81 283
81 297
82 6
82 9
82 36
82 43
82 64
82 75
82 76
82 115
82 135
82 157
82 162
82 165
82 189
82 198
82 233
82 258
82 269
82 272
82 275
82 280
82 282
82 285
82 294
83 141
83 219
85 143
85 159
85 204
86 95
86 274
87 32
87 54
87 55
87 65
87 132
87 144
87 176
87 228
87 230
87 239
87 244
87 250
87 271
87 292
87 295
87 299
88 239
88 244
88 290
89 32
89 54
89 55
89 98
89 132
89 144
89 172
89 176
89 202
89 228
89 230
89 239
89 244
89 260
89 271
89 292
89 295
89 299
90 11
90 15
90 23
90 37
90 46
90 80
90 81
90 106
90 110
90 111
90 134
90 143
90 149
90 166
90 177
90 187
90 195
90 196
90 204
90 206
90 212
90 216
90 238
90 242
90 245
90 251
90 283
90 286
90 297
91 74
92 7
92 32
92 54
92 55
92 65
92 108
92 124
92 131
92 132
92 144
92 239
92 250
92 271
92 292
92 295
92 299
93 15
93 23
93 37
93 80
93 81
93 106
93 110
93 134
93 149
93 166
93 177
93 187
93 195
93 196
93 204
93 206
93 212
93 216
93 224
93 238
93 242
93 245
93 248
93 251
93 283
93 286
93 297
94 28
94 30
94 68
94 70
94 113
94 149
94 177
94 184
94 185
94 195
94 205
94 224
94 242
94 248
94 253
94 270
94 286
96 26
96 37
96 58
96 85
96 116
96 138
96 143
96 155
96 159
96 204
96 207
96 213
96 216
96 218
96 227
96 282
97 23
97 30
97 106
97 149
97 177
97 195
97 224
97 238
97 242
97 248
97 253
97 286
98 202
98 239
98 244
98 260
98 299
99 7
99 41
99 83
99 108
99 124
99 132
99 140
99 141
99 142
99 200
99 219
99 222
99 271
100 32
100 88
100 98
100 172
100 176
100 202
100 230
100 239
100 244
100 260
100 290
100 295
100 299
101 6
101 9
101 36
101 43
101 64
101 75
101 76
101 82
101 115
101 135
101 157
101 162
101 165
101 189
101 198
101 218
101 233
101 254
101 258
101 269
101 272
101 275
101 280
101 282
101 285
101 294
102 9
102 36
102 42
102 64
102 72
102 95
102 105
102 107
102 122
102 135
102 137
102 164
102 225
102 246
102 262
103 11
103 26
103 37
103 46
103 58
103 76
103 77
103 85
103 96
103 110
103 116
103 136
103 138
103 143
103 155
103 157
103 158
103 159
103 182
103 186
103 204
103 207
103 212
103 213
103 216
103 218
103 227
103 245
103 251
103 282
104 7
104 32
104 41
104 47
104 55
104 65
104 83
104 99
104 108
104 118
104 124
104 128
104 132
104 140
104 141
104 142
104 144
104 200
104 219
104 222
104 271
104 292
105 95
105 225
107 122
107 135
107 137
107 225
107 246
108 7
109 3
109 32
109 51
109 54
109 55
109 88
109 89
109 98
109 100
109 132
109 144
109 172
109 176
109 181
109 202
109 221
109 228
109 230
109 239
109 244
109 260
109 271
109 290
109 292
109 295
109 299
110 251
111 11
111 15
111 23
111 37
111 46
111 80
111 81
111 106
111 110
111 134
111 143
111 166
111 187
111 204
111 212
111 216
111 245
111 251
111 283
111 286
111 297
112 32
112 51
112 54
112 55
112 65
112 87
112 88
112 89
112 98
112 100
112 132
112 144
112 163
112 172
112 176
112 202
112 221
112 228
112 230
112 239
112 244
112 250
112 260
112 261
112 271
112 290
112 292
112 295
112 299
113 28
113 30
113 68
113 70
113 149
113 177
113 184
113 185
113 195
113 205
113 224
113 242
113 248
113 253
113 270
114 4
114 13
114 18
114 22
114 25
114 40
114 63
114 71
114 73
114 74
114 91
114 148
114 154
114 156
114 171
114 178
114 180
114 197
114 203
114 236
114 237
114 247
114 256
114 265
114 276
114 281
114 290
115 269
115 272
116 26
116 58
116 85
116 143
116 155
116 159
116 204
116 213
116 218
116 227
116 282
117 12
117 48
117 52
117 208
117 217
118 83
118 141
118 219
119 7
119 41
119 83
119 118
119 128
119 141
119 219
120 3
120 88
120 169
120 171
120 202
120 239
120 244
120 260
120 290
120 299
121 30
121 38
121 68
121 69
121 70
121 177
121 184
121 185
121 205
121 224
121 248
121 253
122 225
123 86
123 95
123 105
123 107
123 122
123 135
123 137
123 225
123 246
123 274
124 7
126 7
126 41
126 50
126 83
126 118
126 119
126 125
126 128
126 133
126 141
126 145
126 190
126 191
126 194
126 219
126 263
126 267
126 289
126 298
127 11
127 19
127 23
127 37
127 46
127 85
127 106
127 110
127 134
127 143
127 159
127 166
127 187
127 204
127 207
127 212
127 216
127 245
127 251
127 283
127 297
128 7
128 83
128 118
128 141
128 219
129 13
129 18
129 22
129 25
129 31
129 40
129 44
129 67
129 74
129 84
129 91
129 148
129 175
129 180
129 203
129 236
129 247
129 265
129 266
129 273
129 281
129 284
130 21
130 36
130 50
130 66
130 72
130 86
130 95
130 105
130 107
130 122
130 123
130 125
130 135
130 137
130 151
130 190
130 193
130 225
130 241
130 246
130 274
130 289
131 7
131 32
131 54
131 55
131 65
131 108
131 124
131 132
131 144
131 250
131 271
131 292
132 271
133 7
133 50
133 83
133 118
133 125
133 128
133 141
133 145
133 190
133 191
133 194
133 219
133 267
133 289
133 298
134 23
134 106
134 110
134 251
136 11
136 26
136 37
136 46
136 58
136 85
136 110
136 138
136 143
136 159
136 182
136 186
136 204
136 207
136 212
136 216
136 227
136 245
136 251
137 135
138 26
138 37
138 85
138 143
138 159
138 204
138 207
138 216
139 32
139 51
139 54
139 55
139 65
139 87
139 88
139 89
139 98
139 100
139 132
139 144
139 163
139 172
139 176
139 202
139 221
139 228
139 230
139 239
139 244
139 250
139 260
139 261
139 271
139 290
139 292
139 295
139 299
140 7
140 41
140 108
140 124
140 141
142 7
142 41
142 108
142 124
142 132
142 140
142 141
142 222
142 271
144 132
144 271
145 83
145 118
145 141
145 219
146 13
146 18
146 22
146 25
146 31
146 40
146 44
146 52
146 67
146 71
146 74
146 84
146 91
146 129
146 148
146 154
146 156
146 167
146 175
146 178
146 180
146 197
146 203
146 234
146 236
146 237
146 247
146 256
146 257
146 264
146 265
146 266
146 273
146 281
146 284
147 30
147 38
147 69
147 70
147 184
147 185
147 205
147 253
148 13
148 203
150 24
150 26
150 53
150 58
150 76
150 155
150 157
150 209
150 213
150 218
150 227
150 232
150 233
150 240
150 254
150 277
150 282
150 285
150 294
151 86
151 95
151 105
151 122
151 125
151 193
151 225
151 246
151 274
152 5
152 8
152 12
152 27
152 33
152 44
152 48
152 52
152 84
152 117
152 153
152 160
152 175
152 201
152 208
152 217
152 234
152 259
152 266
152 284
153 5
153 12
153 48
153 52
153 117
153 208
153 217
153 234
153 266
154 71
154 203
155 26
155 58
155 218
155 227
155 282
156 13
156 71
156 203
156 256
157 282
158 11
158 26
158 37
158 46
158 58
158 85
158 110
158 138
158 143
158 159
158 182
158 186
158 204
158 207
158 212
158 216
158 227
158 245
158 251
159 143
159 204
160 5
160 12
160 33
160 48
160 52
160 117
160 153
160 208
160 217
160 234
160 266
161 27
161 44
161 52
161 67
161 79
161 84
161 175
161 234
161 259
161 266
161 273
161 284
162 269
163 32
163 51
163 54
163 55
163 65
163 87
163 88
163 89
163 98
163 100
163 132
163 144
163 172
163 176
163 202
163 221
163 228
163 230
163 239
163 244
163 250
163 260
163 271
163 290
163 292
163 295
163 299
164 36
164 64
164 72
164 95
164 105
164 107
164 122
164 135
164 137
164 225
164 246
164 262
165 9
165 36
165 43
165 64
165 75
165 115
165 135
165 162
165 189
165 198
165 258
165 269
165 272
165 280
166 23
166 106
166 110
166 134
166 187
166 204
166 216
166 251
166 283
166 297
167 13
167 18
167 22
167 25
167 31
167 40
167 44
167 67
167 71
167 74
167 84
167 91
167 129
167 148
167 156
167 175
167 180
167 197
167 203
167 236
167 247
167 256
167 264
167 265
167 266
167 273
167 281
167 284
168 3
168 71
168 88
168 98
168 120
168 154
168 169
168 171
168 172
168 173
168 178
168 202
168 203
168 239
168 244
168 260
168 290
168 299
169 3
169 88
169 171
169 239
169 244
169 290
170 7
170 50
170 66
170 83
170 86
170 95
170 118
170 125
170 141
170 145
170 190
170 191
170 193
170 194
170 199
170 210
170 219
170 225
170 226
170 267
170 274
170 287
170 289
170 293
170 298
171 290
172 202
172 239
172 244
172 260
172 299
173 3
173 71
173 88
173 120
173 154
173 169
173 171
173 178
173 202
173 203
173 239
173 244
173 260
173 290
173 299
174 24
174 76
174 157
174 162
174 209
174 218
174 233
174 254
174 269
174 277
174 282
174 285
174 294
175 44
175 84
175 284
176 239
176 244
176 299
178 71
178 203
179 6
179 9
179 43
179 64
179 75
179 76
179 115
179 157
179 162
179 209
179 218
179 233
179 254
179 269
179 272
179 282
179 285
179 294
180 40
180 74
180 91
180 281
181 32
181 88
181 98
181 100
181 172
181 176
181 202
181 230
181 239
181 244
181 260
181 290
181 295
181 299
182 11
182 26
182 37
182 46
182 85
182 110
182 138
182 143
182 159
182 204
182 207
182 212
182 216
182 245
182 251
183 28
183 30
183 68
183 70
183 149
183 177
183 184
183 185
183 195
183 224
183 238
183 242
183 248
183 253
183 270
183 286
184 253
185 30
185 184
185 253
186 26
186 37
186 46
186 58
186 85
186 138
186 143
186 159
186 204
186 207
186 212
186 216
186 227
186 251
187 23
187 106
188 21
188 36
188 50
188 66
188 72
188 86
188 95
188 105
188 107
188 122
188 123
188 125
188 135
188 137
188 151
188 190
188 193
188 225
188 241
188 246
188 274
188 289
189 9
189 36
189 64
189 115
189 135
189 269
189 272
189 280
191 50
191 125
191 190
191 289
192 9
192 21
192 36
192 42
192 64
192 72
192 86
192 95
192 102
192 105
192 107
192 122
192 123
192 125
192 135
192 137
192 151
192 164
192 193
192 225
192 246
192 262
192 274
193 125
193 274
194 50
194 125
194 141
194 190
194 219
194 289
195 177
196 15
196 23
196 37
196 80
196 81
196 106
196 110
196 134
196 149
196 166
196 177
196 187
196 195
196 204
196 206
196 212
196 216
196 238
196 242
196 245
196 251
196 283
196 286
196 297
197 13
197 18
197 22
197 40
197 71
197 74
197 91
197 148
197 156
197 180
197 203
197 236
197 247
197 256
197 265
197 281
198 9
198 36
198 64
198 115
198 135
198 189
198 269
198 272
198 280
199 50
199 66
199 86
199 95
199 125
199 190
199 191
199 193
199 225
199 226
199 274
199 287
199 289
200 7
200 41
200 83
200 108
200 124
200 141
200 219
201 5
201 12
201 33
201 48
201 52
201 117
201 153
201 208
201 217
201 234
201 266
202 239
202 244
202 299
205 70
205 184
205 253
206 23
206 80
206 106
206 110
206 134
206 149
206 177
206 187
206 195
206 216
206 238
206 242
206 251
206 283
206 286
206 297
207 37
207 85
207 143
207 159
207 204
207 216
208 48
209 76
209 157
209 218
209 282
210 7
210 50
210 66
210 83
210 86
210 95
210 118
210 125
210 141
210 145
210 190
210 191
210 193
210 194
210 219
210 267
210 274
210 289
210 293
210 298
211 7
211 14
211 35
211 41
211 50
211 83
211 108
211 118
211 119
211 124
211 125
211 126
211 128
211 133
211 141
211 145
211 190
211 191
211 194
211 200
211 219
211 263
211 267
211 289
211 298
212 37
212 204
212 216
212 251
213 26
213 58
213 218
213 227
213 282
214 7
214 20
214 41
214 50
214 83
214 118
214 119
214 125
214 126
214 128
214 133
214 141
214 145
214 190
214 191
214 193
214 194
214 219
214 263
214 267
214 274
214 289
214 293
214 298
215 28
215 30
215 68
215 70
215 94
215 113
215 149
215 177
215 183
215 184
215 185
215 195
215 205
215 224
215 238
215 242
215 248
215 253
215 270
215 286
218 282
219 141
220 4
220 13
220 22
220 40
220 63
220 71
220 73
220 74
220 148
220 154
220 156
220 171
220 178
220 203
220 236
220 237
220 247
220 256
220 265
220 276
220 281
220 290
221 32
221 51
221 54
221 55
221 88
221 89
221 98
221 100
221 132
221 144
221 172
221 176
221 202
221 228
221 230
221 239
221 244
221 260
221 271
221 290
221 292
221 295
221 299
222 7
222 41
222 108
222 124
222 141
223 1
223 7
223 41
223 83
223 99
223 108
223 118
223 119
223 124
223 128
223 132
223 140
223 141
223 142
223 200
223 219
223 222
223 271
224 177
226 50
226 66
226 86
226 95
226 125
226 190
226 191
226 193
226 225
226 274
226 289
227 26
228 32
228 54
228 55
228 132
228 144
228 176
228 230
228 239
228 244
228 271
228 292
228 295
228 299
229 24
229 26
229 45
229 53
229 58
229 76
229 115
229 143
229 150
229 155
229 157
229 162
229 174
229 209
229 213
229 218
229 227
229 232
229 233
229 240
229 254
229 255
229 269
229 272
229 277
229 282
229 285
229 294
230 32
230 176
230 239
230 244
230 295
230 299
231 30
231 38
231 69
231 70
231 147
231 184
231 185
231 205
231 253
232 26
232 58
232 76
232 155
232 157
232 209
232 213
232 218
232 227
232 240
232 282
232 285
232 294
233 76
233 157
233 282
233 285
233 294
234 52
234 266
235 30
235 38
235 68
235 69
235 70
235 177
235 184
235 185
235 205
235 224
235 248
235 253
236 13
236 22
236 40
236 74
236 265
236 281
237 13
237 22
237 40
237 71
237 148
237 154
237 156
237 178
237 203
237 247
237 256
237 265
237 281
238 149
238 286
240 26
240 58
240 76
240 155
240 157
240 209
240 213
240 218
240 227
240 282
241 86
241 95
241 105
241 125
241 193
241 225
241 274
242 149
242 177
242 195
243 11
243 19
243 23
243 26
243 37
243 46
243 58
243 85
243 106
243 110
243 134
243 138
243 143
243 159
243 182
243 186
243 187
243 204
243 207
243 212
243 216
243 227
243 245
243 251
243 283
243 297
244 239
245 37
245 110
245 204
245 212
245 216
245 251
246 225
247 13
247 203
248 177
249 11
249 19
249 23
249 37
249 46
249 85
249 106
249 110
249 127
249 134
249 143
249 159
249 166
249 187
249 204
249 207
249 212
249 216
249 245
249 251
249 283
249 297
250 32
250 54
250 55
250 65
250 132
250 144
250 271
250 292
252 1
252 7
252 35
252 41
252 50
252 83
252 99
252 108
252 118
252 119
252 124
252 128
252 132
252 140
252 141
252 142
252 145
252 190
252 200
252 219
252 222
252 223
252 271
252 298
254 76
254 157
254 218
254 233
254 282
254 285
254 294
255 24
255 26
255 53
255 58
255 76
255 143
255 155
255 157
255 209
255 213
255 218
255 227
255 232
255 233
255 240
255 254
255 282
255 285
255 294
256 203
257 13
257 18
257 22
257 25
257 31
257 40
257 44
257 52
257 67
257 74
257 84
257 91
257 129
257 148
257 175
257 180
257 203
257 234
257 236
257 247
257 256
257 264
257 265
257 266
257 273
257 281
257 284
258 9
258 36
258 43
258 64
258 75
258 115
258 135
258 162
258 189
258 269
258 272
258 280
259 52
259 234
259 266
260 239
260 244
260 299
261 32
261 51
261 54
261 55
261 65
261 87
261 88
261 89
261 98
261 100
261 132
261 144
261 163
261 172
261 176
261 202
261 221
261 228
261 230
261 239
261 244
261 250
261 260
261 271
261 290
261 292
261 295
261 299
262 36
262 64
262 135
262 137
263 7
263 50
263 83
263 118
263 125
263 128
263 141
263 145
263 190
263 191
263 194
263 219
263 267
263 289
263 298
264 13
264 18
264 22
264 25
264 31
264 40
264 44
264 67
264 74
264 84
264 91
264 129
264 148
264 175
264 180
264 203
264 236
264 247
264 256
264 265
264 266
264 273
264 281
264 284
265 13
267 50
267 125
267 141
267 190
267 219
267 289
268 26
268 37
268 39
268 46
268 58
268 76
268 77
268 85
268 96
268 116
268 138
268 143
268 155
268 157
268 159
268 186
268 204
268 207
268 209
268 212
268 213
268 216
268 218
268 227
268 240
268 251
268 282
270 30
270 177
270 184
270 185
270 195
270 224
270 248
270 253
272 269
273 44
273 84
273 175
273 266
273 284
275 6
275 9
275 36
275 43
275 64
275 75
275 115
275 135
275 157
275 162
275 165
275 189
275 198
275 258
275 269
275 272
275 280
275 282
275 285
276 71
276 154
276 178
276 203
276 290
277 24
277 76
277 157
277 209
277 218
277 233
277 254
277 282
277 285
277 294
278 3
278 32
278 51
278 54
278 55
278 88
278 89
278 98
278 100
278 132
278 144
278 172
278 176
278 181
278 202
278 221
278 228
278 230
278 239
278 244
278 260
278 271
278 290
278 292
278 295
278 299
279 36
279 50
279 66
279 86
279 95
279 105
279 107
279 122
279 123
279 125
279 135
279 137
279 151
279 190
279 191
279 193
279 225
279 226
279 241
279 246
279 274
279 287
279 289
280 9
280 36
280 64
280 135
283 23
283 106
283 110
283 251
285 157
285 282
287 50
287 66
287 86
287 95
287 125
287 190
287 191
287 193
287 225
287 274
287 289
288 6
288 9
288 24
288 43
288 64
288 75
288 76
288 115
288 157
288 162
288 174
288 179
288 209
288 218
288 233
288 254
288 269
288 272
288 277
288 282
288 285
288 294
289 50
289 125
289 190
291 11
291 15
291 19
291 23
291 37
291 46
291 80
291 81
291 85
291 106
291 110
291 111
291 127
291 134
291 143
291 159
291 166
291 187
291 204
291 207
291 212
291 216
291 245
291 249
291 251
291 283
291 286
291 297
292 32
292 132
292 271
293 50
293 125
293 141
293 190
293 191
293 193
293 194
293 219
293 267
293 274
293 289
294 76
294 157
294 282
294 285
295 32
295 239
295 299
296 3
296 57
296 71
296 73
296 88
296 98
296 120
296 154
296 168
296 169
296 171
296 172
296 173
296 176
296 178
296 202
296 203
296 239
296 244
296 256
296 260
296 276
296 290
296 299
297 23
297 106
298 83
298 118
298 141
298 219
299 239
