30 435
0 1 61 44
0 2 14 74
0 3 49 56
0 4 99 1
0 5 7 83
0 6 10 85
0 7 26 63
0 8 22 76
0 9 53 41
0 10 84 18
0 11 21 82
0 12 51 46
0 13 1 97
0 14 12 88
0 15 17 81
0 16 100 12
0 17 64 42
0 18 41 53
0 19 0 89
0 20 92 22
0 21 21 80
0 22 87 14
0 23 36 68
0 24 28 63
0 25 50 54
0 26 20 73
0 27 48 55
0 28 68 40
0 29 86 12
1 2 57 48
1 3 30 71
1 4 33 62
1 5 81 22
1 6 26 67
1 7 60 46
1 8 69 38
1 9 71 35
1 10 44 57
1 11 41 56
1 12 91 11
1 13 40 63
1 14 53 50
1 15 51 42
1 16 77 28
1 17 25 68
1 18 94 11
1 19 57 50
1 20 43 53
1 21 4 93
1 22 90 20
1 23 72 36
1 24 63 35
1 25 0 98
1 26 30 66
1 27 80 18
1 28 31 66
1 29 97 11
2 3 18 72
2 4 10 87
2 5 46 49
2 6 68 31
2 7 68 30
2 8 28 61
2 9 46 55
2 10 50 50
2 11 77 28
2 12 17 72
2 13 43 63
2 14 10 86
2 15 25 67
2 16 74 30
2 17 41 55
2 18 43 56
2 19 35 56
2 20 47 52
2 21 47 60
2 22 2 89
2 23 45 50
2 24 26 72
2 25 73 28
2 26 88 14
2 27 40 52
2 28 57 41
2 29 57 48
3 4 28 68
3 5 80 18
3 6 30 60
3 7 3 93
3 8 75 36
3 9 92 11
3 10 27 74
3 11 41 56
3 12 39 52
3 13 12 77
3 14 85 16
3 15 15 81
3 16 19 75
3 17 43 56
3 18 52 51
3 19 5 84
3 20 45 54
3 21 34 66
3 22 66 40
3 23 16 79
3 24 6 82
3 25 34 63
3 26 77 25
3 27 21 80
3 28 19 69
3 29 79 23
4 5 99 3
4 6 99 13
4 7 80 30
4 8 65 43
4 9 60 49
4 10 55 52
4 11 72 35
4 12 42 52
4 13 67 43
4 14 24 68
4 15 42 56
4 16 91 12
4 17 9 84
4 18 51 47
4 19 79 23
4 20 37 60
4 21 36 56
4 22 15 78
4 23 20 72
4 24 3 85
4 25 50 46
4 26 24 67
4 27 9 80
4 28 17 73
4 29 65 42
5 6 51 56
5 7 32 68
5 8 39 66
5 9 81 17
5 10 46 57
5 11 43 57
5 12 22 80
5 13 62 41
5 14 80 30
5 15 15 73
5 16 72 27
5 17 26 73
5 18 39 56
5 19 1 91
5 20 28 69
5 21 100 9
5 22 77 24
5 23 44 56
5 24 48 55
5 25 68 28
5 26 16 76
5 27 8 87
5 28 20 71
5 29 1 85
6 7 6 85
6 8 76 35
6 9 71 30
6 10 60 35
6 11 1 85
6 12 43 57
6 13 90 14
6 14 91 12
6 15 76 26
6 16 2 97
6 17 75 28
6 18 3 91
6 19 85 20
6 20 71 36
6 21 88 15
6 22 10 86
6 23 57 44
6 24 6 85
6 25 5 90
6 26 52 50
6 27 59 48
6 28 36 60
6 29 36 67
7 8 27 62
7 9 28 63
7 10 63 33
7 11 52 41
7 12 87 23
7 13 41 59
7 14 77 33
7 15 66 42
7 16 21 76
7 17 22 73
7 18 88 16
7 19 86 18
7 20 23 73
7 21 22 71
7 22 77 28
7 23 97 9
7 24 72 37
7 25 82 21
7 26 40 53
7 27 71 30
7 28 88 18
7 29 46 55
8 9 43 57
8 10 10 82
8 11 55 48
8 12 91 10
8 13 46 56
8 14 91 15
8 15 56 44
8 16 11 89
8 17 61 48
8 18 73 28
8 19 98 11
8 20 84 27
8 21 49 50
8 22 38 57
8 23 83 28
8 24 28 72
8 25 36 62
8 26 51 53
8 27 76 25
8 28 32 72
8 29 48 47
9 10 82 28
9 11 33 62
9 12 76 27
9 13 69 36
9 14 93 20
9 15 88 17
9 16 5 87
9 17 11 85
9 18 84 19
9 19 37 54
9 20 78 24
9 21 79 26
9 22 82 27
9 23 50 50
9 24 64 43
9 25 91 12
9 26 65 40
9 27 34 59
9 28 47 60
9 29 82 28
10 11 45 51
10 12 51 47
10 13 20 72
10 14 68 32
10 15 77 23
10 16 60 44
10 17 14 73
10 18 16 80
10 19 83 24
10 20 82 27
10 21 37 68
10 22 41 56
10 23 22 78
10 24 87 13
10 25 74 25
10 26 54 44
10 27 86 12
10 28 6 82
10 29 13 84
11 12 7 85
11 13 46 53
11 14 47 50
11 15 37 64
11 16 38 65
11 17 56 42
11 18 53 49
11 19 97 6
11 20 69 27
11 21 81 27
11 22 22 67
11 23 44 61
11 24 62 35
11 25 77 22
11 26 56 48
11 27 56 48
11 28 12 79
11 29 61 34
12 13 90 11
12 14 95 19
12 15 16 84
12 16 23 73
12 17 65 40
12 18 79 24
12 19 11 78
12 20 87 15
12 21 99 14
12 22 77 20
12 23 7 93
12 24 79 33
12 25 13 74
12 26 95 17
12 27 44 50
12 28 71 40
12 29 74 31
13 14 22 70
13 15 100 3
13 16 42 50
13 17 50 49
13 18 88 24
13 19 89 18
13 20 6 83
13 21 83 17
13 22 19 69
13 23 78 21
13 24 88 25
13 25 45 47
13 26 81 30
13 27 47 57
13 28 16 79
13 29 66 40
14 15 76 28
14 16 3 85
14 17 53 49
14 18 24 69
14 19 78 19
14 20 60 42
14 21 20 74
14 22 98 6
14 23 41 60
14 24 86 23
14 25 56 41
14 26 36 56
14 27 27 71
14 28 88 15
14 29 40 65
15 16 55 43
15 17 18 81
15 18 0 98
15 19 38 65
15 20 25 71
15 21 40 62
15 22 7 81
15 23 83 17
15 24 69 27
15 25 19 71
15 26 1 92
15 27 69 32
15 28 63 43
15 29 55 46
16 17 53 53
16 18 35 56
16 19 59 40
16 20 55 50
16 21 14 85
16 22 87 15
16 23 76 33
16 24 78 27
16 25 5 93
16 26 65 42
16 27 66 28
16 28 99 7
16 29 69 38
17 18 90 20
17 19 55 51
17 20 93 7
17 21 3 88
17 22 19 76
17 23 71 33
17 24 65 43
17 25 56 47
17 26 43 50
17 27 91 21
17 28 10 84
17 29 61 45
18 19 61 43
18 20 36 69
18 21 79 31
18 22 38 64
18 23 49 45
18 24 53 43
18 25 13 75
18 26 28 68
18 27 11 84
18 28 34 62
18 29 85 23
19 20 50 56
19 21 40 59
19 22 82 27
19 23 15 83
19 24 57 51
19 25 57 37
19 26 88 25
19 27 59 47
19 28 42 54
19 29 42 60
20 21 54 42
20 22 6 86
20 23 3 96
20 24 50 45
20 25 9 82
20 26 47 48
20 27 88 12
20 28 64 40
20 29 67 32
21 22 81 27
21 23 18 81
21 24 96 13
21 25 79 31
21 26 21 71
21 27 12 81
21 28 49 53
21 29 83 19
22 23 2 84
22 24 33 57
22 25 33 59
22 26 93 10
22 27 14 76
22 28 15 83
22 29 72 37
23 24 12 85
23 25 51 44
23 26 15 72
23 27 26 69
23 28 51 46
23 29 14 87
24 25 13 75
24 26 31 69
24 27 2 94
24 28 33 57
24 29 36 66
25 26 82 16
25 27 63 43
25 28 45 51
25 29 86 27
26 27 6 87
26 28 4 83
26 29 99 3
27 28 33 69
27 29 65 32
28 29 37 62
0 212
0 368
1 7
1 10
1 14
1 20
1 90
1 95
1 96
1 103
1 107
1 127
1 141
1 155
1 190
1 252
1 257
1 284
1 313
1 321
1 331
1 348
1 361
1 383
1 400
1 411
1 412
1 419
2 135
2 380
3 15
3 110
3 111
3 150
3 290
3 300
3 355
3 431
4 5
4 13
4 58
4 68
4 122
4 156
4 174
4 211
4 232
4 263
4 264
4 284
4 292
4 348
4 367
4 377
4 383
4 412
4 414
4 419
5 13
5 58
5 68
5 174
5 211
5 232
5 348
5 414
5 419
6 22
6 23
6 30
6 33
6 40
6 53
6 55
6 67
6 78
6 84
6 90
6 101
6 105
6 136
6 137
6 146
6 149
6 181
6 183
6 219
6 223
6 255
6 267
6 268
6 327
6 329
6 333
6 370
6 372
6 376
6 417
6 421
6 424
6 432
7 141
7 257
8 0
8 16
8 29
8 34
8 41
8 46
8 82
8 83
8 113
8 114
8 115
8 118
8 134
8 142
8 175
8 179
8 189
8 206
8 210
8 212
8 239
8 250
8 260
8 269
8 270
8 278
8 279
8 317
8 320
8 325
8 330
8 342
8 343
8 344
8 347
8 353
8 358
8 363
8 364
8 368
8 369
8 374
8 384
8 387
8 390
8 426
9 19
9 49
9 171
9 186
9 193
9 202
9 215
9 229
9 233
9 283
9 303
9 304
9 309
9 324
9 357
9 366
9 379
9 386
9 428
11 29
11 34
11 41
11 46
11 83
11 98
11 114
11 115
11 123
11 135
11 178
11 179
11 206
11 212
11 221
11 246
11 270
11 278
11 279
11 317
11 343
11 344
11 347
11 358
11 364
11 384
11 387
12 168
14 10
14 331
14 400
16 113
16 118
16 134
16 189
16 239
16 353
16 363
17 2
17 24
17 26
17 37
17 38
17 47
17 63
17 67
17 71
17 72
17 75
17 91
17 97
17 100
17 120
17 135
17 139
17 140
17 152
17 153
17 164
17 187
17 203
17 204
17 208
17 221
17 243
17 256
17 265
17 275
17 312
17 323
17 344
17 380
17 388
17 389
17 405
18 12
18 48
18 52
18 76
18 87
18 148
18 168
18 170
18 177
18 211
18 292
18 332
18 340
18 352
18 392
18 422
20 10
20 141
21 19
21 49
21 80
21 165
21 173
21 186
21 192
21 202
21 209
21 229
21 230
21 283
21 289
21 290
21 295
21 303
21 304
21 309
21 328
21 349
21 357
21 366
21 386
22 255
22 370
23 22
23 30
23 40
23 53
23 55
23 67
23 84
23 101
23 105
23 136
23 137
23 149
23 181
23 219
23 223
23 255
23 267
23 268
23 329
23 333
23 370
23 372
23 376
23 421
23 424
23 432
24 135
24 380
25 7
25 10
25 20
25 90
25 107
25 141
25 146
25 190
25 191
25 194
25 257
25 285
25 321
26 2
26 135
26 380
27 297
28 15
28 19
28 21
28 49
28 80
28 111
28 121
28 165
28 166
28 173
28 186
28 192
28 193
28 202
28 209
28 229
28 230
28 240
28 258
28 283
28 289
28 290
28 295
28 303
28 304
28 309
28 324
28 328
28 349
28 357
28 366
28 386
28 396
28 401
28 428
29 46
29 114
29 179
29 212
29 384
30 223
31 22
31 40
31 67
31 101
31 105
31 137
31 181
31 220
31 255
31 267
31 268
31 329
31 333
31 335
31 370
31 372
31 378
31 424
31 432
31 434
32 19
32 186
32 215
32 218
32 225
32 237
32 244
32 253
32 254
32 273
32 303
32 309
32 311
32 324
32 379
32 382
32 386
32 399
32 428
33 22
33 30
33 78
33 84
33 90
33 136
33 146
33 149
33 181
33 219
33 223
33 255
33 327
33 370
33 376
33 417
33 421
33 432
34 114
34 212
35 297
36 50
36 88
36 116
36 160
36 172
36 198
36 297
36 413
37 75
37 139
37 243
37 275
37 312
38 2
38 37
38 67
38 72
38 75
38 97
38 120
38 135
38 139
38 140
38 152
38 164
38 187
38 204
38 208
38 243
38 275
38 312
38 323
38 380
38 389
39 15
39 19
39 45
39 56
39 89
39 111
39 121
39 166
39 209
39 214
39 229
39 240
39 283
39 290
39 295
39 366
39 401
40 67
40 329
41 46
41 115
41 344
41 347
41 358
41 384
42 0
42 11
42 16
42 29
42 34
42 41
42 46
42 83
42 98
42 113
42 114
42 115
42 118
42 123
42 134
42 135
42 175
42 178
42 179
42 189
42 206
42 210
42 212
42 221
42 239
42 246
42 250
42 260
42 269
42 270
42 278
42 279
42 317
42 320
42 330
42 342
42 343
42 344
42 347
42 353
42 358
42 363
42 364
42 368
42 369
42 374
42 384
42 387
42 390
42 415
42 418
42 426
43 112
43 143
43 188
43 218
43 225
43 244
43 293
43 311
43 371
43 402
44 22
44 30
44 78
44 84
44 90
44 136
44 146
44 149
44 219
44 223
44 255
44 327
44 334
44 370
44 376
44 417
44 421
44 432
45 15
45 56
45 111
45 214
45 283
45 290
45 295
45 401
46 384
47 2
47 24
47 26
47 37
47 63
47 67
47 72
47 75
47 97
47 100
47 135
47 139
47 140
47 152
47 153
47 164
47 203
47 204
47 208
47 221
47 243
47 265
47 275
47 312
47 344
47 380
47 405
48 292
48 352
49 19
49 229
49 366
50 88
50 198
50 413
51 16
51 27
51 35
51 36
51 50
51 88
51 102
51 113
51 116
51 118
51 134
51 160
51 172
51 189
51 198
51 228
51 239
51 241
51 286
51 297
51 314
51 342
51 353
51 356
51 363
51 397
51 413
51 426
53 22
53 30
53 55
53 101
53 136
53 137
53 181
53 223
53 255
53 370
53 421
53 424
53 432
54 9
54 19
54 32
54 49
54 112
54 143
54 171
54 186
54 193
54 199
54 202
54 215
54 218
54 225
54 229
54 233
54 237
54 244
54 253
54 254
54 273
54 283
54 303
54 304
54 309
54 311
54 324
54 357
54 366
54 379
54 382
54 386
54 399
54 406
54 428
55 22
55 101
55 136
55 137
55 181
55 223
55 255
55 370
55 421
55 424
55 432
56 15
56 111
56 214
56 290
57 7
57 10
57 20
57 25
57 78
57 90
57 96
57 107
57 128
57 141
57 146
57 190
57 191
57 194
57 219
57 223
57 247
57 257
57 285
57 321
57 331
57 361
57 400
58 13
58 211
58 419
59 2
59 24
59 26
59 41
59 46
59 63
59 64
59 74
59 75
59 98
59 114
59 115
59 135
59 139
59 153
59 178
59 203
59 208
59 216
59 221
59 238
59 243
59 265
59 266
59 270
59 302
59 312
59 317
59 344
59 347
59 358
59 380
59 384
59 405
60 27
60 35
60 36
60 50
60 88
60 116
60 160
60 172
60 188
60 198
60 228
60 248
60 293
60 297
60 298
60 341
60 350
60 356
60 362
60 371
60 402
60 413
61 27
61 35
61 36
61 50
61 60
61 70
61 88
61 112
61 116
61 143
61 160
61 161
61 172
61 188
61 198
61 201
61 228
61 248
61 293
61 297
61 298
61 311
61 341
61 350
61 356
61 362
61 371
61 402
61 413
62 22
62 23
62 30
62 31
62 40
62 53
62 55
62 67
62 84
62 101
62 105
62 136
62 137
62 149
62 181
62 183
62 219
62 220
62 223
62 226
62 255
62 267
62 268
62 275
62 329
62 333
62 335
62 370
62 372
62 376
62 378
62 421
62 424
62 432
62 434
63 2
63 26
63 75
63 135
63 139
63 153
63 208
63 243
63 312
63 380
64 24
64 41
64 46
64 98
64 115
64 135
64 178
64 221
64 344
64 347
64 358
64 380
64 384
65 112
65 143
65 188
65 218
65 225
65 244
65 293
65 311
65 371
65 402
66 7
66 10
66 14
66 20
66 25
66 57
66 78
66 90
66 96
66 107
66 128
66 133
66 141
66 146
66 190
66 191
66 194
66 219
66 223
66 247
66 257
66 285
66 321
66 331
66 361
66 400
68 13
68 58
68 211
68 419
69 22
69 30
69 33
69 44
69 78
69 84
69 90
69 136
69 146
69 149
69 181
69 219
69 223
69 255
69 327
69 334
69 370
69 376
69 417
69 421
69 432
70 88
70 112
70 143
70 160
70 188
70 293
70 298
70 311
70 350
70 371
70 402
71 2
71 26
71 37
71 38
71 63
71 67
71 72
71 75
71 91
71 97
71 120
71 135
71 139
71 140
71 152
71 153
71 164
71 187
71 203
71 204
71 208
71 243
71 256
71 275
71 312
71 323
71 380
71 389
72 2
72 37
72 67
72 75
72 135
72 139
72 140
72 152
72 164
72 204
72 208
72 243
72 275
72 312
72 380
73 2
73 22
73 37
73 38
73 40
73 67
73 72
73 75
73 91
73 97
73 120
73 125
73 126
73 135
73 137
73 139
73 140
73 147
73 152
73 164
73 180
73 181
73 187
73 204
73 208
73 217
73 220
73 243
73 255
73 256
73 267
73 268
73 275
73 312
73 323
73 326
73 329
73 333
73 335
73 370
73 372
73 380
73 381
73 389
73 424
73 434
74 2
74 24
74 26
74 75
74 115
74 135
74 153
74 221
74 243
74 312
74 344
74 380
74 405
76 48
76 87
76 168
76 170
76 177
76 211
76 292
76 352
76 392
76 422
77 2
77 24
77 26
77 41
77 46
77 63
77 64
77 74
77 75
77 98
77 100
77 115
77 135
77 139
77 153
77 178
77 203
77 208
77 216
77 221
77 238
77 243
77 245
77 265
77 266
77 312
77 344
77 347
77 358
77 380
77 384
77 405
77 427
78 90
78 146
78 219
78 223
79 43
79 65
79 70
79 88
79 112
79 143
79 160
79 169
79 188
79 196
79 218
79 225
79 244
79 293
79 298
79 311
79 315
79 350
79 371
79 402
80 19
80 49
80 165
80 173
80 192
80 202
80 209
80 229
80 230
80 283
80 290
80 295
80 303
80 304
80 309
80 328
80 357
80 366
80 386
81 2
81 17
81 24
81 26
81 37
81 38
81 40
81 47
81 63
81 67
81 71
81 72
81 74
81 75
81 91
81 97
81 100
81 115
81 117
81 120
81 135
81 139
81 140
81 152
81 153
81 164
81 187
81 200
81 203
81 204
81 208
81 221
81 243
81 256
81 265
81 275
81 312
81 323
81 329
81 335
81 344
81 380
81 381
81 388
81 389
81 405
82 0
82 16
82 29
82 34
82 46
82 83
82 113
82 114
82 118
82 134
82 142
82 175
82 179
82 189
82 212
82 239
82 250
82 320
82 342
82 353
82 363
82 368
82 369
82 384
82 387
82 426
83 46
83 114
83 179
83 212
83 384
84 22
84 30
84 136
84 149
84 219
84 223
84 255
84 370
84 421
84 432
85 9
85 19
85 32
85 49
85 112
85 143
85 171
85 186
85 193
85 199
85 202
85 215
85 218
85 225
85 229
85 233
85 237
85 244
85 253
85 254
85 273
85 283
85 303
85 304
85 309
85 311
85 324
85 357
85 366
85 379
85 382
85 386
85 399
85 406
85 428
86 22
86 30
86 31
86 40
86 53
86 55
86 67
86 75
86 101
86 105
86 125
86 136
86 137
86 180
86 181
86 220
86 223
86 226
86 243
86 255
86 267
86 268
86 275
86 323
86 329
86 333
86 335
86 370
86 372
86 378
86 389
86 421
86 424
86 432
86 434
87 48
87 292
87 352
87 392
89 15
89 19
89 45
89 56
89 111
89 214
89 229
89 283
89 290
89 295
89 401
91 2
91 37
91 67
91 72
91 75
91 97
91 120
91 135
91 139
91 140
91 152
91 164
91 187
91 204
91 208
91 243
91 275
91 312
91 323
91 380
91 389
92 2
92 17
92 24
92 26
92 37
92 38
92 40
92 47
92 63
92 67
92 71
92 72
92 74
92 75
92 81
92 91
92 97
92 100
92 115
92 117
92 120
92 135
92 137
92 139
92 140
92 147
92 152
92 153
92 164
92 187
92 200
92 203
92 204
92 208
92 221
92 243
92 256
92 265
92 275
92 312
92 323
92 329
92 335
92 344
92 380
92 381
92 388
92 389
92 405
93 10
93 13
93 14
93 20
93 95
93 103
93 107
93 127
93 141
93 252
93 257
93 263
93 280
93 284
93 313
93 331
93 348
93 383
93 400
93 404
93 412
93 414
93 419
94 19
94 49
94 171
94 186
94 192
94 193
94 202
94 229
94 230
94 283
94 295
94 303
94 304
94 309
94 324
94 357
94 366
94 379
94 386
94 428
95 10
95 14
95 284
95 331
95 383
95 400
95 412
96 7
96 10
96 20
96 107
96 141
96 190
96 257
96 361
97 2
97 37
97 67
97 75
97 135
97 139
97 140
97 152
97 164
97 204
97 208
97 243
97 275
97 312
97 380
98 115
98 344
98 358
98 384
99 5
99 13
99 58
99 68
99 122
99 156
99 159
99 174
99 176
99 177
99 211
99 231
99 232
99 263
99 264
99 284
99 292
99 348
99 352
99 367
99 377
99 391
99 414
99 419
99 429
100 2
100 24
100 26
100 63
100 75
100 135
100 139
100 153
100 203
100 208
100 243
100 312
100 380
101 22
101 137
101 181
101 255
101 370
101 424
102 27
102 118
102 189
102 297
103 10
103 14
103 20
103 107
103 141
103 252
103 284
103 331
103 400
104 4
104 5
104 10
104 13
104 58
104 68
104 122
104 156
104 159
104 174
104 176
104 205
104 211
104 232
104 263
104 264
104 284
104 292
104 305
104 348
104 367
104 377
104 383
104 391
104 394
104 412
104 414
104 419
104 429
105 22
105 40
105 67
105 101
105 137
105 181
105 255
105 267
105 268
105 329
105 333
105 370
105 372
105 424
106 43
106 65
106 112
106 143
106 188
106 196
106 215
106 218
106 225
106 236
106 237
106 244
106 254
106 273
106 293
106 309
106 311
106 351
106 371
106 382
106 386
106 399
106 402
106 428
107 10
107 141
108 7
108 10
108 20
108 25
108 30
108 78
108 90
108 96
108 107
108 128
108 141
108 146
108 149
108 157
108 190
108 191
108 194
108 195
108 219
108 223
108 247
108 257
108 285
108 299
108 318
108 321
108 327
108 334
108 339
108 361
108 370
108 403
108 417
108 421
108 432
109 112
109 143
109 186
109 215
109 218
109 225
109 236
109 237
109 244
109 253
109 254
109 273
109 287
109 293
109 303
109 309
109 311
109 324
109 371
109 379
109 382
109 386
109 399
109 402
109 428
110 15
110 111
110 150
110 290
110 300
110 355
111 290
112 311
113 118
116 50
116 88
116 160
116 198
116 413
117 2
117 24
117 26
117 37
117 47
117 63
117 67
117 72
117 74
117 75
117 97
117 100
117 115
117 120
117 135
117 139
117 140
117 152
117 153
117 164
117 203
117 204
117 208
117 221
117 243
117 265
117 275
117 312
117 344
117 380
117 388
117 389
117 405
119 22
119 30
119 44
119 78
119 84
119 90
119 136
119 146
119 149
119 219
119 223
119 255
119 318
119 327
119 334
119 370
119 376
119 417
119 421
119 432
120 2
120 37
120 67
120 72
120 75
120 97
120 135
120 139
120 140
120 152
120 164
120 204
120 208
120 243
120 275
120 312
120 380
120 389
121 15
121 19
121 111
121 209
121 229
121 283
121 290
121 295
121 366
121 401
122 5
122 13
122 58
122 68
122 174
122 211
122 232
122 263
122 284
122 348
122 367
122 377
122 414
122 419
123 29
123 41
123 46
123 83
123 98
123 114
123 115
123 135
123 178
123 179
123 206
123 212
123 221
123 270
123 278
123 279
123 317
123 344
123 347
123 358
123 364
123 384
123 387
124 112
124 143
124 186
124 215
124 218
124 225
124 236
124 237
124 244
124 253
124 254
124 273
124 287
124 293
124 303
124 309
124 311
124 324
124 371
124 379
124 382
124 386
124 399
124 402
124 428
125 40
125 67
125 75
125 137
125 243
125 255
125 267
125 268
125 275
125 323
125 329
125 333
125 335
125 372
125 389
125 434
126 2
126 22
126 37
126 38
126 40
126 67
126 72
126 75
126 91
126 97
126 120
126 125
126 135
126 137
126 139
126 140
126 147
126 152
126 164
126 180
126 181
126 187
126 204
126 208
126 217
126 220
126 243
126 255
126 256
126 267
126 268
126 275
126 312
126 323
126 329
126 333
126 335
126 370
126 372
126 380
126 381
126 389
126 424
126 434
127 10
127 14
127 20
127 95
127 103
127 107
127 141
127 252
127 257
127 284
127 313
127 331
127 383
127 400
127 412
128 7
128 10
128 20
128 25
128 78
128 90
128 107
128 141
128 146
128 190
128 191
128 194
128 219
128 223
128 257
128 285
128 321
129 5
129 13
129 48
129 58
129 68
129 87
129 156
129 159
129 170
129 174
129 176
129 177
129 211
129 231
129 232
129 264
129 292
129 348
129 352
129 360
129 391
129 392
129 414
129 419
129 429
130 11
130 24
130 29
130 34
130 41
130 46
130 64
130 83
130 98
130 114
130 115
130 123
130 135
130 178
130 179
130 206
130 212
130 221
130 238
130 246
130 270
130 278
130 279
130 302
130 317
130 343
130 344
130 347
130 358
130 364
130 380
130 384
130 387
130 418
131 22
131 30
131 33
131 44
131 69
131 78
131 84
131 90
131 119
131 136
131 146
131 149
131 181
131 219
131 223
131 255
131 318
131 327
131 334
131 370
131 376
131 417
131 421
131 432
132 5
132 10
132 13
132 14
132 20
132 58
132 68
132 95
132 107
132 122
132 141
132 174
132 205
132 211
132 232
132 252
132 263
132 284
132 331
132 348
132 367
132 377
132 383
132 394
132 400
132 404
132 412
132 414
132 419
133 7
133 10
133 14
133 20
133 25
133 90
133 96
133 107
133 141
133 146
133 190
133 191
133 194
133 257
133 285
133 321
133 331
133 361
133 400
134 113
134 118
134 189
134 363
136 22
136 223
136 255
136 370
136 432
138 9
138 19
138 32
138 49
138 171
138 186
138 193
138 199
138 202
138 215
138 218
138 225
138 229
138 230
138 233
138 237
138 244
138 253
138 254
138 273
138 283
138 295
138 303
138 304
138 306
138 309
138 311
138 324
138 337
138 357
138 366
138 379
138 382
138 386
138 399
138 406
138 428
139 75
139 243
139 312
140 37
140 67
140 75
140 139
140 243
140 275
140 312
142 16
142 113
142 118
142 134
142 189
142 239
142 342
142 353
142 363
142 426
143 311
144 7
144 10
144 14
144 20
144 25
144 90
144 95
144 96
144 103
144 107
144 127
144 133
144 141
144 146
144 155
144 190
144 191
144 194
144 252
144 257
144 284
144 285
144 313
144 321
144 331
144 361
144 383
144 400
144 412
145 43
145 50
145 65
145 70
145 79
145 88
145 112
145 116
145 143
145 160
145 169
145 188
145 196
145 198
145 213
145 215
145 218
145 225
145 227
145 237
145 244
145 254
145 273
145 293
145 298
145 311
145 315
145 350
145 351
145 371
145 382
145 399
145 402
145 413
145 428
146 90
147 2
147 37
147 38
147 40
147 67
147 72
147 75
147 91
147 97
147 120
147 135
147 137
147 139
147 140
147 152
147 164
147 187
147 204
147 208
147 243
147 256
147 275
147 312
147 323
147 329
147 335
147 380
147 381
147 389
148 12
148 48
148 87
148 168
148 170
148 292
148 340
148 352
148 392
148 422
149 30
149 219
149 223
149 370
149 421
149 432
150 15
151 43
151 65
151 106
151 112
151 143
151 188
151 196
151 215
151 218
151 225
151 235
151 236
151 237
151 244
151 253
151 254
151 273
151 287
151 293
151 303
151 309
151 311
151 351
151 371
151 382
151 386
151 399
151 402
151 428
152 2
152 37
152 75
152 135
152 139
152 208
152 243
152 275
152 312
152 380
153 2
153 135
153 380
154 27
154 35
154 36
154 43
154 50
154 60
154 61
154 65
154 70
154 79
154 88
154 112
154 116
154 143
154 160
154 161
154 169
154 172
154 188
154 196
154 198
154 201
154 213
154 218
154 225
154 228
154 244
154 248
154 293
154 297
154 298
154 311
154 315
154 341
154 350
154 356
154 362
154 371
154 402
154 413
155 7
155 10
155 14
155 20
155 103
155 107
155 141
155 190
155 252
155 257
155 284
155 313
155 331
155 361
155 400
156 13
156 58
156 211
156 419
157 7
157 10
157 20
157 25
157 30
157 78
157 90
157 107
157 128
157 141
157 146
157 190
157 191
157 194
157 195
157 219
157 223
157 247
157 257
157 285
157 321
157 327
157 334
157 403
158 5
158 12
158 13
158 48
158 58
158 68
158 76
158 87
158 129
158 148
158 156
158 159
158 168
158 170
158 174
158 176
158 177
158 211
158 231
158 232
158 264
158 292
158 316
158 340
158 348
158 352
158 360
158 391
158 392
158 414
158 419
158 422
158 429
159 5
159 13
159 58
159 68
159 156
159 174
159 211
159 232
159 264
159 292
159 348
159 391
159 414
159 419
159 429
161 36
161 50
161 70
161 88
161 112
161 116
161 143
161 160
161 172
161 188
161 198
161 293
161 297
161 298
161 311
161 350
161 362
161 371
161 402
161 413
162 0
162 16
162 27
162 34
162 35
162 36
162 50
162 51
162 88
162 102
162 113
162 114
162 116
162 118
162 134
162 142
162 160
162 172
162 189
162 198
162 212
162 228
162 239
162 241
162 250
162 276
162 286
162 297
162 314
162 320
162 342
162 353
162 356
162 363
162 368
162 369
162 397
162 413
162 426
163 5
163 12
163 13
163 48
163 58
163 68
163 76
163 87
163 129
163 148
163 156
163 159
163 168
163 170
163 174
163 176
163 177
163 211
163 231
163 232
163 264
163 292
163 316
163 340
163 348
163 352
163 360
163 391
163 392
163 414
163 419
163 422
163 429
164 37
164 67
164 75
164 139
164 243
164 275
164 312
165 19
165 49
165 209
165 229
165 283
165 290
165 295
165 357
165 366
166 15
166 19
166 111
166 209
166 229
166 283
166 290
166 295
166 366
166 401
167 43
167 65
167 112
167 143
167 160
167 188
167 196
167 215
167 218
167 225
167 227
167 236
167 237
167 244
167 254
167 273
167 293
167 311
167 315
167 350
167 351
167 371
167 382
167 399
167 402
167 428
169 43
169 65
169 88
169 112
169 143
169 160
169 188
169 196
169 218
169 225
169 244
169 293
169 311
169 315
169 350
169 371
169 402
170 48
170 87
170 292
170 352
170 392
171 19
171 49
171 186
171 229
171 303
171 309
171 324
171 357
171 366
171 379
171 386
171 428
172 50
172 88
172 198
172 297
172 413
173 19
173 49
173 192
173 202
173 209
173 229
173 230
173 283
173 295
173 303
173 304
173 309
173 357
173 366
173 386
174 13
174 58
174 211
174 419
175 0
175 29
175 34
175 46
175 83
175 114
175 179
175 212
175 250
175 368
175 384
175 387
176 5
176 13
176 58
176 68
176 156
176 174
176 211
176 232
176 264
176 292
176 348
176 391
176 414
176 419
176 429
177 292
177 352
178 41
178 46
178 98
178 115
178 344
178 347
178 358
178 384
179 114
179 212
180 22
180 40
180 67
180 75
180 125
180 137
180 181
180 220
180 243
180 255
180 267
180 268
180 275
180 323
180 329
180 333
180 335
180 370
180 372
180 389
180 424
180 434
181 22
181 255
181 370
182 22
182 23
182 30
182 31
182 40
182 53
182 55
182 67
182 84
182 90
182 101
182 105
182 136
182 137
182 149
182 181
182 183
182 219
182 220
182 223
182 226
182 255
182 267
182 268
182 327
182 329
182 333
182 335
182 370
182 372
182 376
182 378
182 421
182 424
182 432
182 434
183 22
183 30
183 40
183 53
183 55
183 67
183 84
183 101
183 105
183 136
183 137
183 149
183 181
183 219
183 223
183 255
183 267
183 268
183 329
183 333
183 370
183 372
183 376
183 421
183 424
183 432
184 16
184 27
184 35
184 36
184 50
184 51
184 88
184 102
184 113
184 116
184 118
184 134
184 160
184 172
184 188
184 189
184 198
184 228
184 239
184 241
184 286
184 293
184 297
184 314
184 342
184 350
184 353
184 356
184 362
184 363
184 397
184 413
184 426
185 0
185 8
185 16
185 29
185 34
185 41
185 46
185 82
185 83
185 98
185 113
185 114
185 115
185 118
185 134
185 142
185 175
185 178
185 179
185 189
185 206
185 210
185 212
185 239
185 250
185 260
185 269
185 270
185 278
185 279
185 317
185 320
185 325
185 330
185 342
185 343
185 344
185 347
185 353
185 358
185 363
185 364
185 368
185 369
185 374
185 384
185 387
185 390
185 426
186 303
186 309
186 386
187 67
187 75
187 243
187 275
187 323
187 389
188 293
189 118
190 7
190 10
190 20
190 107
190 141
190 257
191 7
191 90
191 141
191 146
191 194
191 257
191 285
192 19
192 49
192 202
192 229
192 230
192 283
192 295
192 303
192 304
192 309
192 357
192 366
192 386
193 19
193 49
193 186
193 202
193 229
193 283
193 303
193 304
193 309
193 324
193 357
193 366
193 386
193 428
194 90
194 146
195 7
195 30
195 78
195 90
195 141
195 146
195 191
195 194
195 219
195 223
195 257
195 285
195 327
195 334
196 112
196 143
196 188
196 218
196 225
196 244
196 293
196 311
196 371
196 402
197 15
197 56
197 111
197 150
197 214
197 290
199 19
199 186
199 215
199 218
199 225
199 237
199 244
199 253
199 254
199 303
199 309
199 324
199 366
199 379
199 382
199 386
199 428
200 2
200 17
200 24
200 26
200 37
200 38
200 40
200 47
200 63
200 67
200 71
200 72
200 75
200 91
200 97
200 100
200 120
200 135
200 139
200 140
200 152
200 153
200 164
200 187
200 203
200 204
200 208
200 221
200 243
200 256
200 265
200 275
200 312
200 323
200 329
200 335
200 344
200 380
200 381
200 388
200 389
200 405
201 36
201 50
201 70
201 88
201 112
201 116
201 143
201 160
201 172
201 188
201 198
201 293
201 297
201 298
201 311
201 350
201 362
201 371
201 402
201 413
202 19
202 49
202 229
202 283
202 303
202 304
202 309
202 357
202 366
202 386
203 2
203 26
203 75
203 135
203 139
203 153
203 208
203 243
203 312
203 380
204 37
204 67
204 75
204 139
204 243
204 275
204 312
205 5
205 10
205 13
205 58
205 68
205 174
205 211
205 232
205 263
205 284
205 348
205 367
205 377
205 383
205 412
205 414
205 419
206 29
206 46
206 83
206 114
206 115
206 179
206 212
206 278
206 279
206 347
206 358
206 384
207 15
207 19
207 39
207 45
207 56
207 89
207 111
207 121
207 166
207 209
207 214
207 229
207 240
207 283
207 290
207 295
207 366
207 401
207 410
208 2
208 75
208 135
208 139
208 243
208 312
208 380
209 19
209 229
209 283
209 295
209 366
210 0
210 29
210 34
210 46
210 83
210 114
210 175
210 179
210 212
210 250
210 278
210 279
210 364
210 368
210 384
210 387
213 43
213 65
213 70
213 88
213 112
213 143
213 160
213 169
213 188
213 196
213 218
213 225
213 244
213 293
213 298
213 311
213 315
213 350
213 371
213 402
214 15
214 111
214 290
215 428
216 2
216 24
216 41
216 46
216 64
216 98
216 115
216 135
216 178
216 221
216 238
216 344
216 347
216 358
216 380
216 384
216 405
217 37
217 40
217 67
217 75
217 137
217 139
217 140
217 164
217 187
217 204
217 243
217 268
217 275
217 312
217 323
217 329
217 333
217 335
217 372
217 381
217 389
219 223
220 22
220 40
220 67
220 137
220 181
220 255
220 267
220 268
220 329
220 333
220 335
220 370
220 372
220 424
220 434
221 135
221 344
222 43
222 65
222 106
222 112
222 143
222 160
222 167
222 188
222 196
222 215
222 218
222 225
222 227
222 236
222 237
222 244
222 254
222 273
222 293
222 309
222 311
222 315
222 350
222 351
222 371
222 382
222 386
222 399
222 402
222 428
224 2
224 24
224 26
224 29
224 41
224 46
224 64
224 83
224 98
224 114
224 115
224 123
224 135
224 153
224 178
224 179
224 206
224 212
224 216
224 221
224 238
224 246
224 270
224 278
224 279
224 302
224 317
224 344
224 347
224 358
224 364
224 380
224 384
224 387
224 405
225 218
226 22
226 40
226 67
226 101
226 105
226 137
226 181
226 220
226 255
226 267
226 268
226 329
226 333
226 335
226 370
226 372
226 378
226 424
226 432
226 434
227 43
227 65
227 112
227 143
227 160
227 188
227 196
227 215
227 218
227 225
227 237
227 244
227 254
227 273
227 293
227 311
227 315
227 350
227 351
227 371
227 382
227 399
227 402
227 428
228 35
228 50
228 88
228 172
228 198
228 297
228 356
228 413
230 19
230 49
230 202
230 229
230 283
230 295
230 303
230 304
230 309
230 357
230 366
230 386
231 13
231 58
231 156
231 177
231 211
231 292
231 352
231 419
231 429
232 13
232 211
232 348
232 414
232 419
233 19
233 49
233 171
233 186
233 215
233 229
233 283
233 303
233 309
233 324
233 357
233 366
233 379
233 386
233 428
234 2
234 24
234 26
234 37
234 38
234 40
234 63
234 67
234 71
234 72
234 75
234 91
234 97
234 100
234 120
234 125
234 135
234 137
234 139
234 140
234 147
234 152
234 153
234 164
234 187
234 203
234 204
234 208
234 217
234 243
234 255
234 256
234 267
234 268
234 275
234 312
234 323
234 329
234 333
234 335
234 372
234 380
234 381
234 388
234 389
234 434
235 112
235 143
235 215
235 218
235 225
235 236
235 237
235 244
235 253
235 254
235 273
235 287
235 293
235 303
235 309
235 311
235 351
235 371
235 382
235 386
235 399
235 402
235 428
236 112
236 143
236 215
236 218
236 225
236 237
236 244
236 254
236 273
236 293
236 311
236 371
236 382
236 399
236 402
236 428
237 215
237 218
237 225
237 244
237 428
238 24
238 41
238 46
238 98
238 115
238 135
238 178
238 221
238 344
238 347
238 358
238 380
238 384
239 113
239 118
239 363
240 15
240 19
240 111
240 209
240 229
240 283
240 290
240 295
240 366
240 401
241 27
241 102
241 113
241 118
241 134
241 189
241 297
241 314
241 353
241 363
242 22
242 40
242 67
242 75
242 101
242 105
242 125
242 137
242 180
242 181
242 187
242 220
242 243
242 255
242 267
242 268
242 275
242 323
242 329
242 333
242 335
242 370
242 372
242 378
242 381
242 389
242 424
242 434
244 218
245 2
245 24
245 26
245 63
245 74
245 75
245 98
245 100
245 115
245 135
245 139
245 153
245 203
245 208
245 221
245 243
245 265
245 312
245 344
245 358
245 380
245 384
245 405
246 29
246 41
246 46
246 83
246 98
246 114
246 115
246 135
246 178
246 179
246 206
246 212
246 221
246 270
246 278
246 279
246 317
246 344
246 347
246 358
246 364
246 384
246 387
247 7
247 10
247 20
247 25
247 78
247 90
247 107
247 141
247 146
247 190
247 191
247 194
247 219
247 223
247 257
247 285
247 321
248 27
248 35
248 36
248 50
248 88
248 116
248 160
248 172
248 188
248 198
248 228
248 293
248 297
248 341
248 350
248 356
248 362
248 413
249 43
249 65
249 106
249 109
249 112
249 124
249 143
249 151
249 186
249 188
249 196
249 215
249 218
249 225
249 235
249 236
249 237
249 244
249 253
249 254
249 273
249 287
249 293
249 303
249 309
249 311
249 324
249 351
249 371
249 379
249 382
249 386
249 399
249 402
249 428
250 0
250 34
250 114
250 212
250 368
251 1
251 7
251 10
251 14
251 20
251 25
251 90
251 95
251 96
251 103
251 107
251 127
251 133
251 141
251 144
251 146
251 155
251 190
251 191
251 194
251 252
251 257
251 284
251 285
251 313
251 321
251 331
251 348
251 361
251 383
251 400
251 411
251 412
251 419
252 10
252 14
252 20
252 107
252 141
252 284
252 331
252 400
253 215
253 218
253 303
253 309
253 386
253 428
254 215
254 218
254 225
254 244
254 428
256 2
256 37
256 67
256 72
256 75
256 97
256 120
256 135
256 139
256 140
256 152
256 164
256 187
256 204
256 208
256 243
256 275
256 312
256 323
256 380
256 389
257 141
258 19
258 21
258 49
258 80
258 111
258 165
258 173
258 186
258 192
258 202
258 209
258 229
258 230
258 283
258 289
258 290
258 295
258 303
258 304
258 309
258 328
258 349
258 357
258 366
258 386
258 401
259 43
259 65
259 70
259 88
259 106
259 112
259 143
259 160
259 167
259 169
259 188
259 196
259 215
259 218
259 222
259 225
259 227
259 236
259 237
259 244
259 254
259 273
259 293
259 298
259 309
259 311
259 315
259 350
259 351
259 371
259 382
259 386
259 399
259 402
259 428
260 0
260 29
260 34
260 46
260 83
260 114
260 115
260 175
260 179
260 206
260 210
260 212
260 250
260 278
260 279
260 343
260 347
260 358
260 364
260 368
260 384
260 387
261 15
261 19
261 21
261 49
261 80
261 111
261 121
261 165
261 166
261 173
261 186
261 192
261 193
261 202
261 209
261 229
261 230
261 240
261 258
261 283
261 289
261 290
261 295
261 303
261 304
261 309
261 324
261 328
261 349
261 357
261 366
261 386
261 396
261 401
261 428
262 4
262 5
262 10
262 13
262 58
262 68
262 122
262 156
262 159
262 174
262 176
262 205
262 211
262 232
262 263
262 264
262 284
262 292
262 305
262 348
262 367
262 377
262 383
262 391
262 394
262 412
262 414
262 419
262 429
263 284
263 348
263 419
264 5
264 13
264 58
264 68
264 156
264 174
264 211
264 232
264 292
264 348
264 414
264 419
265 2
265 24
265 26
265 63
265 75
265 135
265 139
265 153
265 203
265 208
265 221
265 243
265 312
265 344
265 380
265 405
266 2
266 24
266 26
266 41
266 46
266 64
266 74
266 75
266 98
266 115
266 135
266 153
266 178
266 216
266 221
266 238
266 243
266 312
266 344
266 347
266 358
266 380
266 384
266 405
267 137
267 255
267 268
267 329
267 333
267 372
268 137
268 329
269 0
269 16
269 29
269 34
269 46
269 83
269 113
269 114
269 118
269 134
269 175
269 179
269 189
269 210
269 212
269 239
269 250
269 278
269 279
269 320
269 342
269 353
269 363
269 364
269 368
269 369
269 384
269 387
269 426
270 41
270 46
270 114
270 115
270 344
270 347
270 358
270 384
271 15
271 56
271 111
271 150
271 197
271 214
271 290
271 322
271 355
272 35
272 36
272 43
272 50
272 65
272 70
272 79
272 88
272 112
272 116
272 143
272 145
272 160
272 161
272 169
272 172
272 188
272 196
272 198
272 201
272 213
272 215
272 218
272 225
272 227
272 228
272 237
272 244
272 254
272 273
272 293
272 297
272 298
272 311
272 315
272 341
272 350
272 351
272 356
272 362
272 371
272 382
272 399
272 402
272 413
272 428
273 215
273 218
273 225
273 237
273 244
273 254
273 311
273 382
273 428
274 7
274 22
274 30
274 33
274 44
274 69
274 78
274 84
274 90
274 119
274 131
274 136
274 141
274 146
274 149
274 181
274 191
274 194
274 195
274 219
274 223
274 255
274 257
274 285
274 299
274 318
274 327
274 334
274 370
274 376
274 417
274 421
274 432
276 16
276 27
276 35
276 36
276 50
276 51
276 88
276 102
276 113
276 116
276 118
276 134
276 142
276 160
276 172
276 189
276 198
276 228
276 239
276 241
276 286
276 297
276 314
276 342
276 353
276 356
276 363
276 397
276 413
276 426
277 19
277 32
277 43
277 65
277 106
277 109
277 112
277 124
277 143
277 151
277 186
277 188
277 196
277 215
277 218
277 225
277 235
277 236
277 237
277 244
277 249
277 253
277 254
277 273
277 287
277 293
277 303
277 309
277 311
277 324
277 351
277 371
277 379
277 382
277 386
277 399
277 402
277 428
278 29
278 46
278 83
278 114
278 179
278 212
278 384
279 29
279 46
279 83
279 114
279 179
279 212
279 384
280 10
280 13
280 14
280 20
280 95
280 103
280 107
280 141
280 252
280 263
280 284
280 313
280 331
280 348
280 383
280 400
280 404
280 412
280 414
280 419
281 0
281 16
281 27
281 35
281 36
281 50
281 51
281 88
281 102
281 113
281 116
281 118
281 134
281 142
281 160
281 172
281 189
281 198
281 212
281 228
281 239
281 241
281 276
281 286
281 297
281 314
281 342
281 353
281 356
281 363
281 368
281 369
281 397
281 413
281 426
282 15
282 19
282 39
282 45
282 49
282 56
282 89
282 111
282 121
282 165
282 166
282 209
282 214
282 229
282 240
282 283
282 290
282 295
282 357
282 366
282 401
285 90
285 146
286 27
286 102
286 113
286 118
286 134
286 189
286 297
286 314
286 353
286 363
287 112
287 143
287 215
287 218
287 225
287 236
287 237
287 244
287 253
287 254
287 273
287 293
287 303
287 309
287 311
287 371
287 382
287 386
287 399
287 402
287 428
288 10
288 13
288 14
288 20
288 95
288 103
288 107
288 127
288 141
288 211
288 232
288 252
288 257
288 263
288 280
288 284
288 313
288 331
288 348
288 377
288 383
288 400
288 404
288 412
288 414
288 419
289 19
289 49
289 173
289 186
289 192
289 202
289 209
289 229
289 230
289 283
289 295
289 303
289 304
289 309
289 328
289 357
289 366
289 386
291 19
291 32
291 43
291 49
291 65
291 106
291 109
291 112
291 124
291 143
291 151
291 171
291 186
291 188
291 196
291 199
291 215
291 218
291 225
291 229
291 235
291 236
291 237
291 244
291 249
291 253
291 254
291 273
291 277
291 287
291 293
291 303
291 308
291 309
291 311
291 324
291 351
291 357
291 366
291 371
291 379
291 382
291 386
291 399
291 402
291 428
294 1
294 7
294 10
294 14
294 20
294 90
294 95
294 96
294 103
294 107
294 127
294 141
294 155
294 190
294 252
294 257
294 263
294 284
294 313
294 321
294 331
294 348
294 361
294 375
294 383
294 400
294 411
294 412
294 419
294 420
295 283
296 2
296 24
296 26
296 37
296 41
296 46
296 63
296 64
296 74
296 75
296 77
296 98
296 100
296 115
296 135
296 139
296 152
296 153
296 178
296 203
296 208
296 216
296 221
296 238
296 243
296 245
296 265
296 266
296 275
296 312
296 344
296 347
296 358
296 380
296 384
296 405
296 427
298 88
298 160
298 188
298 293
298 350
298 371
298 402
299 7
299 30
299 78
299 90
299 141
299 146
299 191
299 194
299 195
299 219
299 223
299 257
299 285
299 327
299 334
300 15
300 150
301 2
301 24
301 26
301 37
301 41
301 46
301 47
301 63
301 64
301 67
301 72
301 74
301 75
301 77
301 97
301 98
301 100
301 115
301 117
301 120
301 135
301 139
301 140
301 152
301 153
301 164
301 178
301 203
301 204
301 208
301 216
301 221
301 238
301 243
301 245
301 265
301 266
301 275
301 296
301 312
301 344
301 347
301 358
301 365
301 380
301 384
301 388
301 389
301 405
301 427
302 24
302 41
302 46
302 64
302 98
302 114
302 115
302 135
302 178
302 221
302 238
302 270
302 317
302 344
302 347
302 358
302 380
302 384
303 309
303 386
304 19
304 49
304 229
304 283
304 357
304 366
305 4
305 5
305 13
305 58
305 68
305 122
305 156
305 159
305 174
305 176
305 211
305 232
305 263
305 264
305 284
305 292
305 348
305 367
305 377
305 383
305 391
305 412
305 414
305 419
305 429
306 9
306 19
306 49
306 171
306 186
306 193
306 202
306 215
306 218
306 229
306 230
306 233
306 253
306 283
306 295
306 303
306 304
306 309
306 324
306 357
306 366
306 379
306 386
306 406
306 428
307 7
307 10
307 20
307 25
307 30
307 78
307 90
307 96
307 107
307 128
307 141
307 146
307 149
307 157
307 190
307 191
307 194
307 195
307 219
307 223
307 247
307 257
307 285
307 299
307 318
307 321
307 327
307 334
307 339
307 361
307 370
307 403
307 417
307 421
307 432
308 19
308 32
308 109
308 112
308 124
308 143
308 186
308 199
308 215
308 218
308 225
308 235
308 236
308 237
308 244
308 253
308 254
308 273
308 287
308 293
308 303
308 309
308 311
308 324
308 351
308 366
308 371
308 379
308 382
308 386
308 399
308 402
308 428
310 2
310 24
310 26
310 29
310 41
310 46
310 59
310 63
310 64
310 74
310 75
310 77
310 83
310 98
310 100
310 114
310 115
310 123
310 135
310 139
310 153
310 178
310 179
310 203
310 206
310 208
310 212
310 216
310 221
310 224
310 238
310 243
310 245
310 246
310 265
310 266
310 270
310 278
310 279
310 302
310 312
310 317
310 344
310 347
310 358
310 364
310 380
310 384
310 387
310 395
310 405
310 427
312 75
312 243
313 10
313 14
313 20
313 107
313 141
313 252
313 284
313 331
313 400
314 27
314 118
314 189
314 297
315 43
315 65
315 112
315 143
315 160
315 188
315 196
315 218
315 225
315 244
315 293
315 311
315 350
315 371
315 402
316 5
316 13
316 48
316 58
316 68
316 87
316 156
316 159
316 170
316 174
316 176
316 177
316 211
316 231
316 232
316 264
316 292
316 348
316 352
316 360
316 391
316 392
316 414
316 419
316 429
317 41
317 46
317 114
317 115
317 344
317 347
317 358
317 384
318 30
318 78
318 90
318 146
318 149
318 219
318 223
318 327
318 334
318 370
318 417
318 421
318 432
319 19
319 32
319 49
319 109
319 112
319 124
319 143
319 171
319 186
319 199
319 215
319 218
319 225
319 229
319 233
319 235
319 236
319 237
319 244
319 253
319 254
319 273
319 283
319 287
319 293
319 303
319 308
319 309
319 311
319 324
319 351
319 357
319 366
319 371
319 379
319 382
319 386
319 399
319 402
319 406
319 428
320 0
320 16
320 34
320 113
320 114
320 118
320 134
320 189
320 212
320 239
320 250
320 342
320 353
320 363
320 368
320 369
320 426
321 7
321 10
321 20
321 90
321 107
321 141
321 190
321 257
322 15
322 111
322 150
322 214
322 290
322 355
323 67
323 75
323 243
323 275
323 389
324 186
324 303
324 309
324 386
324 428
325 0
325 16
325 29
325 34
325 46
325 82
325 83
325 113
325 114
325 118
325 134
325 142
325 175
325 179
325 189
325 210
325 212
325 239
325 250
325 269
325 278
325 279
325 320
325 342
325 353
325 363
325 364
325 368
325 369
325 384
325 387
325 426
326 2
326 22
326 37
326 38
326 40
326 67
326 72
326 75
326 91
326 97
326 120
326 125
326 135
326 137
326 139
326 140
326 147
326 152
326 164
326 180
326 181
326 187
326 204
326 208
326 217
326 220
326 243
326 255
326 256
326 267
326 268
326 275
326 312
326 323
326 329
326 333
326 335
326 370
326 372
326 380
326 381
326 389
326 424
326 434
327 30
327 90
327 219
327 223
328 19
328 49
328 192
328 202
328 209
328 229
328 230
328 283
328 295
328 303
328 304
328 309
328 357
328 366
328 386
330 0
330 29
330 34
330 46
330 83
330 113
330 114
330 115
330 118
330 175
330 179
330 206
330 210
330 212
330 239
330 250
330 278
330 279
330 342
330 343
330 347
330 358
330 363
330 364
330 368
330 369
330 384
330 387
330 426
331 10
333 137
333 329
334 30
334 78
334 90
334 146
334 219
334 223
334 327
335 40
335 67
335 329
336 4
336 5
336 10
336 13
336 14
336 58
336 68
336 95
336 122
336 156
336 174
336 205
336 211
336 232
336 263
336 264
336 284
336 292
336 331
336 348
336 367
336 377
336 383
336 394
336 400
336 404
336 412
336 414
336 419
337 9
337 19
337 49
337 171
337 186
337 193
337 202
337 215
337 218
337 229
337 230
337 233
337 253
337 283
337 295
337 303
337 304
337 309
337 324
337 357
337 366
337 379
337 386
337 406
337 428
338 35
338 36
338 43
338 50
338 65
338 70
338 79
338 88
338 112
338 116
338 143
338 145
338 160
338 161
338 169
338 172
338 188
338 196
338 198
338 201
338 213
338 215
338 218
338 225
338 227
338 228
338 237
338 244
338 254
338 273
338 293
338 297
338 298
338 311
338 315
338 341
338 350
338 351
338 356
338 362
338 371
338 382
338 399
338 402
338 413
338 428
339 7
339 10
339 20
339 25
339 30
339 78
339 90
339 96
339 107
339 128
339 141
339 146
339 157
339 190
339 191
339 194
339 195
339 219
339 223
339 247
339 257
339 285
339 321
339 327
339 334
339 361
339 403
340 12
340 48
340 87
340 168
340 292
340 352
340 392
340 422
341 35
341 36
341 50
341 88
341 116
341 160
341 172
341 188
341 198
341 228
341 293
341 297
341 350
341 356
341 362
341 413
342 113
342 118
342 239
342 363
343 29
343 34
343 46
343 83
343 114
343 115
343 179
343 206
343 212
343 278
343 279
343 347
343 358
343 364
343 384
343 387
345 2
345 22
345 37
345 38
345 40
345 67
345 72
345 75
345 91
345 97
345 120
345 125
345 126
345 135
345 137
345 139
345 140
345 147
345 152
345 164
345 180
345 181
345 187
345 204
345 208
345 217
345 220
345 243
345 255
345 256
345 267
345 268
345 275
345 312
345 323
345 326
345 329
345 333
345 335
345 370
345 372
345 380
345 381
345 389
345 424
345 434
346 0
346 16
346 27
346 34
346 102
346 113
346 114
346 118
346 134
346 142
346 179
346 189
346 212
346 239
346 241
346 250
346 286
346 297
346 314
346 320
346 342
346 353
346 363
346 368
346 369
346 387
346 397
346 426
347 46
347 115
347 358
347 384
348 419
349 19
349 49
349 173
349 186
349 192
349 202
349 209
349 229
349 230
349 283
349 295
349 303
349 304
349 309
349 328
349 357
349 366
349 386
350 160
350 188
350 293
351 112
351 143
351 215
351 218
351 225
351 237
351 244
351 254
351 273
351 293
351 311
351 371
351 382
351 399
351 402
351 428
352 292
353 113
353 118
353 189
353 363
354 27
354 35
354 36
354 43
354 50
354 60
354 61
354 65
354 70
354 79
354 88
354 102
354 112
354 116
354 118
354 143
354 154
354 160
354 161
354 169
354 172
354 188
354 189
354 196
354 198
354 201
354 213
354 218
354 225
354 228
354 244
354 248
354 293
354 297
354 298
354 311
354 314
354 315
354 341
354 350
354 356
354 362
354 371
354 398
354 402
354 413
355 15
355 111
355 150
355 290
356 297
357 19
357 229
357 366
358 115
358 384
359 15
359 45
359 56
359 111
359 150
359 197
359 214
359 229
359 283
359 290
359 295
359 355
359 401
359 410
360 13
360 48
360 87
360 170
360 177
360 211
360 292
360 352
360 392
361 7
361 10
361 20
361 107
361 141
361 190
361 257
362 36
362 50
362 88
362 116
362 160
362 172
362 188
362 198
362 293
362 297
362 350
362 413
363 118
364 29
364 46
364 83
364 114
364 179
364 212
364 278
364 279
364 384
364 387
365 2
365 24
365 26
365 37
365 41
365 46
365 47
365 63
365 64
365 67
365 72
365 74
365 75
365 77
365 97
365 98
365 100
365 115
365 135
365 139
365 140
365 152
365 153
365 164
365 178
365 203
365 204
365 208
365 216
365 221
365 238
365 243
365 245
365 265
365 266
365 275
365 296
365 312
365 344
365 347
365 358
365 380
365 384
365 405
365 427
366 19
367 5
367 13
367 58
367 68
367 174
367 211
367 232
367 263
367 284
367 348
367 377
367 414
367 419
368 212
369 0
369 113
369 118
369 212
369 239
369 342
369 363
369 368
369 426
371 293
372 137
372 268
372 329
372 333
373 2
373 11
373 24
373 29
373 34
373 41
373 46
373 64
373 83
373 98
373 114
373 115
373 123
373 130
373 135
373 178
373 179
373 206
373 212
373 216
373 221
373 238
373 246
373 270
373 278
373 279
373 302
373 317
373 343
373 344
373 347
373 358
373 364
373 368
373 380
373 384
373 387
373 393
373 405
373 418
374 0
374 29
374 34
374 41
374 46
374 83
374 113
374 114
374 115
374 118
374 175
374 179
374 206
374 210
374 212
374 239
374 250
374 260
374 270
374 278
374 279
374 317
374 330
374 342
374 343
374 344
374 347
374 358
374 363
374 364
374 368
374 369
374 384
374 387
374 426
375 7
375 10
375 14
375 20
375 95
375 96
375 103
375 107
375 127
375 141
375 155
375 190
375 252
375 257
375 263
375 284
375 313
375 331
375 348
375 361
375 383
375 400
375 411
375 412
375 419
376 22
376 30
376 136
376 149
376 219
376 223
376 255
376 370
376 421
376 432
377 13
377 211
377 232
377 263
377 284
377 348
377 414
377 419
378 22
378 40
378 67
378 101
378 105
378 137
378 181
378 220
378 255
378 267
378 268
378 329
378 333
378 335
378 370
378 372
378 424
378 434
379 186
379 303
379 309
379 324
379 386
379 428
380 135
381 40
381 67
381 75
381 187
381 243
381 275
381 323
381 329
381 335
381 389
382 215
382 218
382 225
382 244
382 428
383 284
385 0
385 16
385 27
385 29
385 34
385 35
385 46
385 82
385 83
385 102
385 113
385 114
385 118
385 134
385 142
385 175
385 179
385 189
385 198
385 212
385 239
385 241
385 250
385 286
385 297
385 314
385 320
385 342
385 346
385 353
385 356
385 363
385 368
385 369
385 384
385 387
385 397
385 413
385 426
387 114
387 179
387 212
388 2
388 24
388 26
388 37
388 63
388 67
388 72
388 75
388 97
388 100
388 120
388 135
388 139
388 140
388 152
388 153
388 164
388 203
388 204
388 208
388 243
388 275
388 312
388 380
388 389
389 67
389 75
389 243
389 275
390 0
390 16
390 29
390 34
390 46
390 83
390 113
390 114
390 115
390 118
390 134
390 175
390 179
390 189
390 206
390 210
390 212
390 239
390 250
390 260
390 269
390 278
390 279
390 320
390 330
390 342
390 343
390 347
390 353
390 358
390 363
390 364
390 368
390 369
390 384
390 387
390 426
391 13
391 58
391 68
391 156
391 174
391 211
391 292
391 419
391 429
393 11
393 24
393 29
393 34
393 41
393 46
393 64
393 83
393 98
393 114
393 115
393 123
393 130
393 135
393 178
393 179
393 206
393 212
393 221
393 238
393 246
393 270
393 278
393 279
393 302
393 317
393 343
393 344
393 347
393 358
393 364
393 368
393 380
393 384
393 387
393 418
394 5
394 10
394 13
394 58
394 68
394 122
394 174
394 205
394 211
394 232
394 263
394 284
394 348
394 367
394 377
394 383
394 412
394 414
394 419
395 2
395 24
395 26
395 29
395 41
395 46
395 64
395 74
395 75
395 83
395 98
395 114
395 115
395 135
395 153
395 178
395 179
395 206
395 212
395 216
395 221
395 238
395 243
395 266
395 270
395 278
395 279
395 302
395 312
395 317
395 344
395 347
395 358
395 380
395 384
395 405
396 15
396 19
396 49
396 80
396 111
396 121
396 165
396 166
396 173
396 192
396 202
396 209
396 229
396 230
396 240
396 283
396 290
396 295
396 303
396 304
396 309
396 328
396 357
396 366
396 386
396 401
397 16
397 27
397 102
397 113
397 118
397 134
397 189
397 239
397 241
397 286
397 297
397 314
397 353
397 363
398 27
398 35
398 36
398 50
398 88
398 116
398 118
398 160
398 172
398 188
398 198
398 228
398 248
398 293
398 297
398 341
398 350
398 356
398 362
398 413
399 215
399 218
399 225
399 237
399 244
399 254
399 311
399 382
399 428
400 10
401 111
401 290
402 293
403 7
403 10
403 20
403 30
403 78
403 90
403 107
403 141
403 146
403 190
403 191
403 194
403 195
403 219
403 223
403 257
403 285
403 327
403 334
404 10
404 13
404 14
404 95
404 263
404 284
404 331
404 348
404 383
404 400
404 412
404 414
404 419
405 2
405 24
405 135
405 221
405 344
405 380
406 19
406 49
406 171
406 186
406 215
406 218
406 229
406 233
406 253
406 283
406 303
406 309
406 324
406 357
406 366
406 379
406 386
406 428
407 5
407 13
407 48
407 58
407 68
407 76
407 87
407 99
407 122
407 129
407 156
407 159
407 168
407 170
407 174
407 176
407 177
407 211
407 231
407 232
407 263
407 264
407 284
407 292
407 316
407 348
407 352
407 360
407 367
407 377
407 391
407 392
407 414
407 419
407 422
407 429
408 22
408 31
408 37
408 40
408 67
408 75
408 101
408 105
408 125
408 137
408 139
408 140
408 164
408 180
408 181
408 187
408 204
408 217
408 220
408 226
408 242
408 243
408 255
408 267
408 268
408 275
408 312
408 323
408 329
408 333
408 335
408 370
408 372
408 378
408 381
408 389
408 409
408 424
408 432
408 434
409 22
409 31
409 40
409 67
409 75
409 101
409 105
409 125
409 137
409 180
409 181
409 187
409 220
409 226
409 242
409 243
409 255
409 267
409 268
409 275
409 323
409 329
409 333
409 335
409 370
409 372
409 378
409 381
409 389
409 424
409 432
409 434
410 15
410 45
410 56
410 111
410 214
410 229
410 283
410 290
410 295
410 401
411 7
411 10
411 14
411 20
411 95
411 103
411 107
411 127
411 141
411 155
411 190
411 252
411 257
411 284
411 313
411 331
411 348
411 361
411 383
411 400
411 412
411 419
412 284
414 13
414 348
414 419
415 0
415 11
415 29
415 34
415 41
415 46
415 83
415 98
415 114
415 115
415 123
415 135
415 175
415 178
415 179
415 206
415 210
415 212
415 221
415 246
415 250
415 260
415 270
415 278
415 279
415 317
415 343
415 344
415 347
415 358
415 364
415 368
415 384
415 387
415 418
416 7
416 10
416 14
416 20
416 25
416 57
416 66
416 78
416 90
416 95
416 96
416 103
416 107
416 127
416 128
416 133
416 141
416 144
416 146
416 155
416 190
416 191
416 194
416 219
416 223
416 247
416 252
416 257
416 284
416 285
416 313
416 321
416 331
416 361
416 383
416 400
416 412
417 30
417 78
417 90
417 146
417 149
417 219
417 223
417 327
417 370
417 421
417 432
418 29
418 34
418 41
418 46
418 83
418 98
418 114
418 115
418 123
418 135
418 178
418 179
418 206
418 212
418 221
418 246
418 270
418 278
418 279
418 317
418 343
418 344
418 347
418 358
418 364
418 384
418 387
420 7
420 10
420 14
420 20
420 95
420 96
420 103
420 107
420 127
420 141
420 155
420 190
420 252
420 257
420 263
420 284
420 313
420 331
420 348
420 361
420 383
420 400
420 411
420 412
420 419
421 223
421 370
421 432
422 168
422 392
423 22
423 31
423 37
423 40
423 67
423 75
423 101
423 105
423 125
423 137
423 139
423 140
423 164
423 180
423 181
423 187
423 204
423 217
423 220
423 226
423 242
423 243
423 255
423 267
423 268
423 275
423 312
423 323
423 329
423 333
423 335
423 370
423 372
423 378
423 381
423 389
423 409
423 424
423 432
423 434
424 22
424 137
424 181
424 255
424 370
425 9
425 19
425 49
425 94
425 171
425 186
425 192
425 193
425 199
425 202
425 215
425 218
425 225
425 229
425 230
425 233
425 237
425 244
425 253
425 254
425 283
425 295
425 303
425 304
425 306
425 309
425 324
425 337
425 357
425 366
425 379
425 382
425 386
425 406
425 428
426 113
426 118
426 239
426 363
427 2
427 24
427 26
427 63
427 74
427 75
427 98
427 100
427 115
427 135
427 139
427 153
427 203
427 208
427 221
427 243
427 265
427 312
427 344
427 358
427 380
427 384
427 405
429 13
429 58
429 156
429 211
429 292
429 419
430 4
430 5
430 13
430 48
430 58
430 68
430 99
430 122
430 156
430 159
430 174
430 176
430 177
430 211
430 231
430 232
430 263
430 264
430 284
430 292
430 305
430 348
430 352
430 367
430 377
430 383
430 391
430 412
430 414
430 419
430 429
431 15
431 111
431 150
431 290
431 300
431 355
432 370
433 27
433 35
433 36
433 50
433 88
433 102
433 113
433 116
433 118
433 134
433 160
433 172
433 188
433 189
433 198
433 228
433 241
433 248
433 286
433 293
433 297
433 314
433 341
433 350
433 353
433 356
433 362
433 363
433 398
433 413
434 40
434 67
434 137
434 255
434 267
434 268
434 329
434 333
434 335
434 372
