35 595
0 1 80 23
0 2 67 40
0 3 21 67
0 4 45 54
0 5 5 88
0 6 39 59
0 7 35 59
0 8 75 31
0 9 7 81
0 10 36 59
0 11 84 20
0 12 22 68
0 13 6 85
0 14 70 37
0 15 42 61
0 16 23 79
0 17 51 51
0 18 50 56
0 19 85 18
0 20 84 15
0 21 11 78
0 22 61 41
0 23 68 28
0 24 30 61
0 25 27 71
0 26 96 6
0 27 92 11
0 28 56 37
0 29 6 84
0 30 3 85
0 31 79 22
0 32 16 74
0 33 44 61
0 34 80 26
1 2 98 3
1 3 22 67
1 4 1 95
1 5 63 34
1 6 42 62
1 7 44 54
1 8 80 27
1 9 55 44
1 10 100 7
1 11 71 27
1 12 42 59
1 13 86 16
1 14 57 38
1 15 25 72
1 16 79 28
1 17 56 47
1 18 91 16
1 19 18 71
1 20 12 78
1 21 13 88
1 22 26 74
1 23 1 95
1 24 56 39
1 25 30 71
1 26 69 33
1 27 82 21
1 28 91 14
1 29 96 7
1 30 56 40
1 31 54 52
1 32 16 73
1 33 92 20
1 34 37 63
2 3 55 50
2 4 60 45
2 5 33 70
2 6 10 81
2 7 13 88
2 8 82 30
2 9 22 73
2 10 11 83
2 11 25 69
2 12 50 42
2 13 13 82
2 14 99 4
2 15 50 45
2 16 10 89
2 17 87 26
2 18 45 53
2 19 32 68
2 20 43 51
2 21 22 81
2 22 79 25
2 23 63 41
2 24 10 86
2 25 56 49
2 26 55 42
2 27 80 28
2 28 97 13
2 29 30 72
2 30 84 28
2 31 77 21
2 32 3 87
2 33 15 74
2 34 42 54
3 4 56 40
3 5 77 31
3 6 88 14
3 7 34 62
3 8 88 19
3 9 4 91
3 10 47 51
3 11 78 27
3 12 62 40
3 13 69 32
3 14 16 81
3 15 65 37
3 16 95 10
3 17 24 75
3 18 73 24
3 19 13 86
3 20 22 79
3 21 56 39
3 22 6 81
3 23 60 39
3 24 26 71
3 25 75 25
3 26 44 60
3 27 100 9
3 28 7 83
3 29 86 21
3 30 96 17
3 31 13 87
3 32 91 18
3 33 54 43
3 34 80 31
4 5 60 47
4 6 56 40
4 7 82 25
4 8 56 37
4 9 87 20
4 10 82 24
4 11 89 17
4 12 47 50
4 13 56 50
4 14 73 31
4 15 8 81
4 16 13 78
4 17 7 80
4 18 93 8
4 19 53 49
4 20 88 12
4 21 63 45
4 22 42 60
4 23 43 49
4 24 53 53
4 25 6 84
4 26 33 63
4 27 49 56
4 28 13 74
4 29 12 86
4 30 22 79
4 31 33 70
4 32 79 28
4 33 16 83
4 34 67 31
5 6 69 36
5 7 74 23
5 8 91 21
5 9 60 34
5 10 44 49
5 11 24 79
5 12 22 68
5 13 28 67
5 14 90 17
5 15 62 35
5 16 56 49
5 17 33 67
5 18 22 77
5 19 32 70
5 20 44 49
5 21 86 26
5 22 59 37
5 23 85 22
5 24 4 88
5 25 88 13
5 26 10 83
5 27 41 51
5 28 25 66
5 29 93 15
5 30 37 64
5 31 1 96
5 32 97 15
5 33 46 55
5 34 81 30
6 7 59 46
6 8 23 66
6 9 62 44
6 10 99 9
6 11 92 20
6 12 99 9
6 13 48 47
6 14 68 31
6 15 31 73
6 16 73 27
6 17 40 56
6 18 94 14
6 19 81 28
6 20 31 62
6 21 46 52
6 22 87 22
6 23 82 28
6 24 12 76
6 25 10 81
6 26 88 17
6 27 36 64
6 28 75 21
6 29 89 10
6 30 62 35
6 31 95 15
6 32 11 82
6 33 19 83
6 34 55 45
7 8 9 85
7 9 53 46
7 10 95 18
7 11 99 15
7 12 79 24
7 13 89 23
7 14 91 9
7 15 48 56
7 16 23 70
7 17 76 32
7 18 24 78
7 19 71 39
7 20 32 73
7 21 11 84
7 22 53 43
7 23 70 36
7 24 27 65
7 25 37 59
7 26 12 76
7 27 79 22
7 28 3 93
7 29 81 19
7 30 1 86
7 31 68 35
7 32 27 68
7 33 65 35
7 34 54 49
8 9 31 59
8 10 50 45
8 11 68 35
8 12 16 79
8 13 1 86
8 14 77 30
8 15 27 73
8 16 92 16
8 17 44 49
8 18 86 21
8 19 10 79
8 20 89 20
8 21 45 52
8 22 26 68
8 23 79 20
8 24 39 57
8 25 83 16
8 26 91 11
8 27 91 9
8 28 23 75
8 29 27 73
8 30 23 77
8 31 34 61
8 32 76 27
8 33 5 91
8 34 24 78
9 10 52 51
9 11 2 97
9 12 69 33
9 13 56 48
9 14 32 67
9 15 77 23
9 16 8 83
9 17 33 60
9 18 73 32
9 19 81 21
9 20 45 51
9 21 38 61
9 22 14 86
9 23 65 42
9 24 62 44
9 25 25 70
9 26 31 71
9 27 75 33
9 28 45 57
9 29 75 30
9 30 38 57
9 31 17 81
9 32 3 92
9 33 10 77
9 34 51 52
10 11 90 15
10 12 68 38
10 13 82 28
10 14 25 77
10 15 9 84
10 16 88 23
10 17 68 30
10 18 12 80
10 19 20 82
10 20 97 11
10 21 38 67
10 22 65 33
10 23 28 74
10 24 41 64
10 25 99 2
10 26 13 74
10 27 71 32
10 28 62 40
10 29 28 62
10 30 5 95
10 31 59 45
10 32 9 78
10 33 64 38
10 34 84 17
11 12 84 14
11 13 67 28
11 14 87 20
11 15 85 26
11 16 35 66
11 17 99 14
11 18 85 18
11 19 7 91
11 20 28 73
11 21 71 25
11 22 92 7
11 23 47 45
11 24 20 83
11 25 22 76
11 26 17 76
11 27 59 42
11 28 49 57
11 29 17 80
11 30 24 67
11 31 76 23
11 32 28 65
11 33 11 81
11 34 43 55
12 13 98 16
12 14 46 57
12 15 61 36
12 16 38 55
12 17 30 61
12 18 51 52
12 19 74 34
12 20 60 37
12 21 72 31
12 22 64 41
12 23 32 72
12 24 21 73
12 25 19 83
12 26 59 47
12 27 86 23
12 28 62 36
12 29 61 46
12 30 64 35
12 31 66 40
12 32 7 87
12 33 18 77
12 34 63 35
13 14 9 84
13 15 54 47
13 16 28 65
13 17 54 47
13 18 86 21
13 19 83 25
13 20 47 53
13 21 77 23
13 22 88 13
13 23 28 62
13 24 47 48
13 25 70 37
13 26 47 55
13 27 87 24
13 28 4 88
13 29 14 86
13 30 34 68
13 31 28 75
13 32 72 33
13 33 56 48
13 34 52 45
14 15 17 74
14 16 12 81
14 17 28 71
14 18 13 85
14 19 77 23
14 20 14 86
14 21 28 70
14 22 66 41
14 23 51 50
14 24 94 12
14 25 78 25
14 26 12 77
14 27 28 76
14 28 97 10
14 29 17 78
14 30 32 64
14 31 16 73
14 32 18 77
14 33 54 46
14 34 15 80
15 16 6 89
15 17 56 43
15 18 32 72
15 19 55 42
15 20 40 65
15 21 7 91
15 22 4 84
15 23 41 51
15 24 59 39
15 25 16 83
15 26 28 72
15 27 16 74
15 28 71 32
15 29 10 83
15 30 64 41
15 31 28 65
15 32 85 13
15 33 33 71
15 34 81 30
16 17 57 49
16 18 56 40
16 19 26 63
16 20 88 19
16 21 8 83
16 22 79 28
16 23 10 80
16 24 99 11
16 25 76 35
16 26 51 48
16 27 42 63
16 28 32 64
16 29 81 28
16 30 28 68
16 31 70 32
16 32 60 46
16 33 11 82
16 34 48 53
17 18 10 84
17 19 67 37
17 20 12 75
17 21 3 96
17 22 14 79
17 23 19 78
17 24 76 24
17 25 88 10
17 26 81 26
17 27 36 56
17 28 8 85
17 29 25 67
17 30 2 97
17 31 61 47
17 32 63 35
17 33 57 38
17 34 57 50
18 19 50 56
18 20 60 39
18 21 69 28
18 22 31 73
18 23 71 37
18 24 5 93
18 25 1 86
18 26 37 55
18 27 83 28
18 28 44 57
18 29 23 70
18 30 37 67
18 31 24 74
18 32 48 49
18 33 42 62
18 34 74 28
19 20 69 27
19 21 1 96
19 22 34 69
19 23 48 47
19 24 14 75
19 25 80 20
19 26 81 23
19 27 14 73
19 28 71 34
19 29 83 27
19 30 36 62
19 31 11 88
19 32 60 43
19 33 50 43
19 34 28 74
20 21 80 28
20 22 26 64
20 23 9 91
20 24 16 84
20 25 42 63
20 26 97 3
20 27 34 59
20 28 42 49
20 29 13 77
20 30 20 80
20 31 35 68
20 32 25 78
20 33 85 15
20 34 73 37
21 22 99 4
21 23 77 34
21 24 92 9
21 25 63 44
21 26 57 50
21 27 20 71
21 28 80 23
21 29 76 30
21 30 44 55
21 31 48 57
21 32 54 41
21 33 25 64
21 34 72 26
22 23 64 38
22 24 13 83
22 25 27 66
22 26 28 68
22 27 80 28
22 28 87 17
22 29 37 62
22 30 5 85
22 31 15 86
22 32 56 46
22 33 34 63
22 34 50 48
23 24 75 34
23 25 73 32
23 26 40 54
23 27 17 80
23 28 52 43
23 29 68 32
23 30 30 71
23 31 77 28
23 32 26 75
23 33 78 20
23 34 1 97
24 25 82 27
24 26 98 13
24 27 0 98
24 28 15 82
24 29 27 72
24 30 22 72
24 31 65 43
24 32 62 43
24 33 63 34
24 34 76 22
25 26 50 48
25 27 94 14
25 28 81 28
25 29 32 61
25 30 6 86
25 31 3 90
25 32 83 17
25 33 83 15
25 34 55 51
26 27 64 41
26 28 88 20
26 29 15 77
26 30 63 44
26 31 15 87
26 32 40 65
26 33 56 40
26 34 57 40
27 28 73 34
27 29 4 92
27 30 21 79
27 31 24 79
27 32 41 55
27 33 80 32
27 34 56 42
28 29 75 34
28 30 87 15
28 31 10 80
28 32 86 20
28 33 3 91
28 34 25 71
29 30 45 56
29 31 73 27
29 32 48 49
29 33 99 12
29 34 95 8
30 31 85 20
30 32 70 35
30 33 81 23
30 34 32 72
31 32 11 88
31 33 41 56
31 34 13 77
32 33 78 26
32 34 64 39
33 34 38 57
0 33
0 40
0 72
0 81
0 91
0 94
0 129
0 132
0 135
0 175
0 188
0 201
0 205
0 222
0 297
0 300
0 322
0 356
0 369
0 377
0 423
0 436
0 450
0 467
0 481
0 484
0 490
0 521
0 540
0 552
0 572
0 587
2 11
2 15
2 24
2 35
2 47
2 54
2 57
2 69
2 73
2 75
2 83
2 85
2 93
2 112
2 115
2 119
2 155
2 156
2 165
2 166
2 167
2 171
2 172
2 173
2 197
2 225
2 227
2 229
2 241
2 250
2 257
2 263
2 264
2 265
2 269
2 274
2 285
2 286
2 298
2 305
2 307
2 327
2 332
2 337
2 352
2 353
2 380
2 381
2 387
2 391
2 397
2 407
2 415
2 422
2 437
2 453
2 462
2 469
2 470
2 471
2 477
2 489
2 500
2 501
2 520
2 535
2 537
2 544
2 545
2 569
2 570
2 579
2 588
3 17
3 152
3 187
3 224
3 288
3 335
3 343
3 376
3 459
3 513
3 580
4 53
4 71
4 80
4 268
4 314
4 326
4 405
4 410
4 464
4 486
4 492
4 589
5 14
5 32
5 38
5 44
5 121
5 147
5 308
5 409
5 434
5 473
5 494
5 564
6 5
6 9
6 14
6 32
6 38
6 44
6 66
6 121
6 147
6 184
6 209
6 234
6 281
6 305
6 308
6 323
6 409
6 434
6 470
6 473
6 485
6 494
6 500
6 523
6 564
7 100
7 129
7 226
7 287
7 432
7 505
7 529
7 572
7 574
8 53
8 70
8 71
8 74
8 77
8 80
8 85
8 88
8 109
8 114
8 123
8 126
8 140
8 154
8 158
8 180
8 207
8 214
8 215
8 217
8 230
8 276
8 282
8 291
8 299
8 303
8 326
8 331
8 340
8 354
8 361
8 364
8 379
8 386
8 388
8 390
8 410
8 414
8 418
8 428
8 440
8 442
8 452
8 486
8 492
8 493
8 518
8 525
8 543
8 563
8 589
9 5
9 14
9 32
9 38
9 44
9 66
9 121
9 147
9 184
9 209
9 234
9 281
9 305
9 308
9 409
9 434
9 470
9 473
9 485
9 494
9 523
9 564
10 65
10 81
10 94
10 124
10 134
10 162
10 175
10 177
10 193
10 204
10 222
10 253
10 255
10 300
10 321
10 322
10 356
10 368
10 377
10 560
10 577
10 585
11 15
11 24
11 47
11 54
11 57
11 69
11 73
11 75
11 83
11 85
11 93
11 112
11 115
11 119
11 155
11 156
11 165
11 172
11 173
11 197
11 225
11 227
11 229
11 241
11 250
11 257
11 263
11 264
11 265
11 269
11 285
11 286
11 298
11 307
11 327
11 332
11 352
11 380
11 381
11 387
11 391
11 397
11 407
11 415
11 422
11 437
11 462
11 469
11 471
11 477
11 489
11 500
11 501
11 520
11 535
11 537
11 544
11 545
11 570
11 579
11 588
12 53
12 71
12 80
12 88
12 114
12 126
12 154
12 217
12 282
12 326
12 361
12 379
12 388
12 390
12 405
12 410
12 452
12 486
12 492
12 525
12 554
12 563
12 589
13 228
13 463
13 503
14 32
14 38
14 434
14 473
14 494
15 165
15 570
16 63
16 149
16 270
16 294
16 347
16 558
18 65
18 81
18 103
18 124
18 127
18 134
18 162
18 175
18 177
18 193
18 204
18 219
18 222
18 253
18 255
18 300
18 321
18 322
18 356
18 368
18 377
18 427
18 560
18 577
18 585
19 10
19 18
19 45
19 50
19 65
19 81
19 94
19 103
19 124
19 125
19 127
19 134
19 136
19 162
19 168
19 175
19 177
19 183
19 186
19 193
19 204
19 208
19 213
19 219
19 220
19 222
19 251
19 253
19 255
19 295
19 300
19 318
19 321
19 322
19 325
19 342
19 356
19 368
19 377
19 427
19 502
19 522
19 560
19 575
19 577
19 585
20 15
20 52
20 53
20 71
20 74
20 77
20 85
20 109
20 114
20 115
20 126
20 141
20 154
20 155
20 158
20 165
20 214
20 215
20 227
20 230
20 247
20 269
20 282
20 291
20 302
20 303
20 331
20 336
20 340
20 354
20 379
20 386
20 388
20 390
20 399
20 404
20 414
20 440
20 446
20 447
20 486
20 493
20 499
20 501
20 518
20 525
20 532
20 543
20 563
20 569
20 570
20 589
21 87
21 146
21 191
21 283
21 284
21 351
21 358
21 392
21 419
21 455
21 507
21 546
21 547
21 559
21 562
22 7
22 13
22 48
22 58
22 72
22 91
22 94
22 100
22 108
22 129
22 139
22 157
22 160
22 188
22 196
22 201
22 205
22 226
22 228
22 232
22 240
22 246
22 249
22 272
22 278
22 287
22 289
22 296
22 297
22 301
22 311
22 348
22 350
22 375
22 382
22 417
22 423
22 429
22 432
22 436
22 438
22 461
22 463
22 467
22 474
22 483
22 490
22 503
22 505
22 511
22 521
22 529
22 530
22 534
22 536
22 552
22 567
22 572
22 574
22 586
23 14
23 32
23 38
23 57
23 66
23 69
23 83
23 93
23 102
23 151
23 156
23 171
23 173
23 184
23 197
23 202
23 209
23 229
23 266
23 274
23 281
23 286
23 305
23 308
23 323
23 352
23 380
23 400
23 407
23 409
23 422
23 434
23 435
23 462
23 470
23 473
23 477
23 485
23 494
23 500
23 523
23 527
23 535
23 553
23 564
23 588
24 57
24 93
24 197
24 229
24 250
24 264
24 286
24 307
24 327
24 352
24 381
24 387
24 397
24 407
24 415
24 422
24 462
24 489
24 535
24 544
24 588
25 42
25 61
25 92
25 122
25 125
25 186
25 192
25 194
25 220
25 304
25 324
25 342
25 398
25 431
25 541
25 583
26 65
26 92
26 125
26 183
26 186
26 193
26 200
26 213
26 219
26 220
26 251
26 304
26 324
26 342
26 394
26 431
26 541
26 551
26 583
27 1
27 13
27 21
27 46
27 49
27 56
27 62
27 68
27 87
27 89
27 99
27 107
27 110
27 116
27 118
27 130
27 131
27 138
27 146
27 170
27 176
27 189
27 191
27 228
27 273
27 283
27 284
27 296
27 312
27 315
27 317
27 334
27 349
27 351
27 355
27 358
27 360
27 375
27 383
27 392
27 406
27 413
27 419
27 424
27 425
27 439
27 443
27 455
27 457
27 458
27 460
27 463
27 487
27 503
27 507
27 508
27 517
27 526
27 546
27 547
27 559
27 562
27 565
27 566
27 573
27 593
28 12
28 53
28 71
28 80
28 88
28 114
28 126
28 154
28 217
28 230
28 282
28 299
28 326
28 361
28 364
28 379
28 388
28 390
28 405
28 410
28 442
28 452
28 486
28 492
28 493
28 525
28 554
28 563
28 589
29 4
29 12
29 53
29 71
29 80
29 88
29 96
29 104
29 114
29 126
29 154
29 178
29 217
29 237
29 268
29 282
29 292
29 314
29 326
29 361
29 378
29 379
29 388
29 390
29 405
29 410
29 445
29 452
29 464
29 486
29 492
29 524
29 525
29 554
29 555
29 563
29 568
29 578
29 589
30 0
30 33
30 40
30 48
30 72
30 81
30 86
30 91
30 94
30 129
30 132
30 135
30 157
30 175
30 177
30 188
30 201
30 204
30 205
30 221
30 222
30 297
30 300
30 322
30 356
30 369
30 377
30 423
30 429
30 436
30 450
30 467
30 481
30 484
30 490
30 510
30 521
30 540
30 552
30 572
30 587
31 15
31 54
31 85
31 109
31 112
31 115
31 155
31 158
31 165
31 172
31 215
31 227
31 247
31 263
31 265
31 269
31 291
31 298
31 303
31 307
31 331
31 332
31 333
31 336
31 354
31 362
31 381
31 385
31 397
31 399
31 402
31 414
31 447
31 471
31 489
31 493
31 499
31 501
31 532
31 537
31 569
31 570
33 40
33 72
33 81
33 91
33 94
33 129
33 175
33 188
33 201
33 205
33 297
33 322
33 423
33 436
33 450
33 467
33 484
33 490
33 521
33 540
33 552
33 572
34 42
34 78
34 122
34 192
34 194
34 220
34 324
34 342
34 431
34 504
34 541
34 583
35 11
35 15
35 24
35 47
35 54
35 57
35 69
35 73
35 75
35 83
35 85
35 93
35 112
35 115
35 119
35 155
35 156
35 165
35 166
35 167
35 171
35 172
35 173
35 197
35 225
35 227
35 229
35 241
35 250
35 257
35 263
35 264
35 265
35 269
35 274
35 285
35 286
35 298
35 305
35 307
35 327
35 332
35 337
35 352
35 380
35 381
35 387
35 391
35 397
35 407
35 415
35 422
35 437
35 453
35 462
35 469
35 470
35 471
35 477
35 489
35 500
35 501
35 520
35 535
35 537
35 544
35 545
35 570
35 579
35 588
36 185
36 271
36 314
36 445
36 454
36 476
36 539
37 1
37 13
37 87
37 110
37 146
37 160
37 228
37 232
37 240
37 242
37 246
37 283
37 296
37 317
37 348
37 351
37 359
37 360
37 363
37 375
37 392
37 419
37 432
37 443
37 456
37 463
37 483
37 503
37 505
37 507
37 517
37 529
37 546
37 559
37 562
37 567
37 574
37 586
37 593
38 434
38 494
39 3
39 17
39 32
39 121
39 152
39 187
39 224
39 288
39 335
39 343
39 376
39 459
39 468
39 512
39 513
39 580
40 72
40 91
40 94
40 129
40 188
40 201
40 205
40 297
40 423
40 436
40 467
40 484
40 490
40 521
40 540
40 552
40 572
41 49
41 67
41 68
41 89
41 130
41 138
41 146
41 170
41 189
41 191
41 216
41 273
41 284
41 315
41 355
41 358
41 383
41 424
41 439
41 455
41 458
41 507
41 508
41 526
41 558
41 562
42 122
43 7
43 40
43 48
43 72
43 91
43 94
43 100
43 106
43 129
43 139
43 157
43 188
43 198
43 201
43 205
43 226
43 228
43 249
43 267
43 278
43 287
43 289
43 297
43 311
43 348
43 350
43 382
43 417
43 423
43 429
43 432
43 436
43 463
43 467
43 474
43 483
43 484
43 490
43 503
43 505
43 511
43 521
43 529
43 530
43 536
43 540
43 552
43 567
43 572
43 574
43 581
44 14
44 32
44 38
44 121
44 147
44 434
44 473
44 494
45 50
45 65
45 81
45 103
45 124
45 125
45 127
45 134
45 136
45 162
45 168
45 175
45 193
45 204
45 208
45 219
45 222
45 251
45 253
45 255
45 300
45 321
45 342
45 356
45 368
45 377
45 427
45 522
45 560
45 577
46 1
46 21
46 68
46 87
46 107
46 118
46 130
46 146
46 189
46 191
46 228
46 283
46 284
46 296
46 312
46 315
46 317
46 334
46 351
46 355
46 358
46 360
46 392
46 413
46 419
46 424
46 439
46 455
46 458
46 460
46 487
46 507
46 508
46 517
46 546
46 547
46 559
46 562
46 566
46 593
47 54
47 93
47 197
47 229
47 250
47 264
47 298
47 307
47 327
47 352
47 381
47 397
47 407
47 415
47 462
47 489
47 501
47 537
47 544
47 588
48 72
48 91
48 94
48 129
48 188
48 201
48 205
48 297
48 423
48 436
48 467
48 490
48 521
48 552
48 572
49 89
49 130
49 138
49 170
49 273
49 355
49 383
49 424
49 455
49 458
49 508
50 65
50 125
50 127
50 162
50 193
50 219
50 251
50 342
51 15
51 24
51 47
51 54
51 57
51 73
51 85
51 93
51 112
51 115
51 119
51 155
51 165
51 172
51 197
51 215
51 227
51 229
51 250
51 263
51 264
51 265
51 269
51 286
51 298
51 303
51 307
51 327
51 331
51 332
51 352
51 353
51 354
51 362
51 381
51 387
51 397
51 402
51 407
51 415
51 422
51 447
51 462
51 471
51 489
51 499
51 501
51 509
51 535
51 537
51 544
51 545
51 569
51 570
51 579
51 588
52 15
52 53
52 71
52 77
52 85
52 109
52 114
52 115
52 126
52 141
52 154
52 155
52 158
52 165
52 215
52 227
52 247
52 269
52 282
52 291
52 302
52 303
52 331
52 336
52 354
52 379
52 386
52 388
52 390
52 399
52 404
52 414
52 446
52 447
52 493
52 499
52 501
52 518
52 525
52 532
52 543
52 563
52 569
52 570
54 307
54 381
54 397
54 489
54 537
55 185
55 271
55 314
55 445
55 454
55 476
55 539
56 1
56 21
56 49
56 62
56 68
56 87
56 89
56 99
56 107
56 118
56 130
56 131
56 138
56 146
56 170
56 189
56 191
56 228
56 273
56 283
56 284
56 312
56 315
56 334
56 351
56 355
56 358
56 360
56 383
56 392
56 406
56 413
56 419
56 424
56 425
56 439
56 455
56 458
56 460
56 487
56 507
56 508
56 526
56 546
56 547
56 559
56 562
56 565
56 566
56 573
56 593
57 93
57 197
57 229
57 286
57 352
57 407
57 422
57 462
57 588
58 13
58 160
58 228
58 232
58 287
58 348
58 375
58 382
58 432
58 463
58 483
58 503
58 505
58 529
58 567
58 574
58 586
59 72
59 81
59 94
59 124
59 132
59 135
59 162
59 175
59 177
59 204
59 205
59 222
59 253
59 297
59 300
59 322
59 356
59 368
59 369
59 377
59 467
59 484
59 540
60 50
60 65
60 125
60 127
60 162
60 183
60 186
60 193
60 200
60 213
60 219
60 220
60 251
60 324
60 342
60 551
61 42
61 92
61 122
61 125
61 186
61 192
61 194
61 220
61 304
61 324
61 342
61 398
61 431
61 541
61 583
62 1
62 21
62 49
62 68
62 87
62 89
62 107
62 130
62 138
62 146
62 170
62 189
62 191
62 273
62 283
62 284
62 312
62 315
62 334
62 351
62 355
62 358
62 360
62 383
62 392
62 406
62 419
62 424
62 439
62 455
62 458
62 487
62 507
62 508
62 526
62 546
62 547
62 559
62 562
62 566
62 573
64 15
64 31
64 54
64 73
64 85
64 109
64 112
64 115
64 155
64 158
64 165
64 172
64 197
64 215
64 227
64 229
64 247
64 250
64 263
64 264
64 265
64 269
64 291
64 298
64 303
64 307
64 327
64 331
64 332
64 333
64 336
64 353
64 354
64 362
64 381
64 385
64 397
64 399
64 402
64 414
64 416
64 447
64 462
64 471
64 489
64 493
64 499
64 501
64 532
64 537
64 569
64 570
66 184
66 305
66 308
66 409
66 434
66 470
66 494
66 564
67 138
67 458
67 508
67 558
68 130
68 146
68 358
68 439
68 455
69 422
70 53
70 71
70 74
70 77
70 80
70 85
70 88
70 109
70 114
70 126
70 154
70 158
70 180
70 214
70 215
70 230
70 282
70 291
70 303
70 331
70 340
70 354
70 379
70 386
70 388
70 390
70 414
70 418
70 440
70 442
70 486
70 493
70 518
70 525
70 543
70 563
70 589
73 15
73 54
73 85
73 112
73 115
73 155
73 165
73 172
73 197
73 227
73 229
73 250
73 263
73 264
73 265
73 269
73 298
73 307
73 327
73 332
73 381
73 397
73 462
73 471
73 489
73 501
73 537
73 570
74 53
74 71
74 114
74 126
74 154
74 158
74 215
74 230
74 282
74 331
74 354
74 379
74 388
74 390
74 414
74 486
74 493
74 518
74 525
74 563
74 589
75 24
75 47
75 54
75 57
75 69
75 93
75 119
75 156
75 173
75 197
75 229
75 250
75 264
75 285
75 286
75 298
75 307
75 327
75 352
75 381
75 387
75 391
75 397
75 407
75 415
75 422
75 462
75 477
75 489
75 501
75 535
75 537
75 544
75 579
75 588
76 16
76 17
76 41
76 49
76 63
76 67
76 68
76 79
76 89
76 90
76 128
76 130
76 138
76 144
76 146
76 149
76 170
76 189
76 191
76 216
76 218
76 231
76 243
76 245
76 270
76 273
76 283
76 284
76 294
76 315
76 334
76 347
76 355
76 358
76 365
76 367
76 383
76 384
76 393
76 403
76 406
76 408
76 424
76 433
76 439
76 455
76 458
76 459
76 487
76 488
76 507
76 508
76 526
76 528
76 533
76 546
76 547
76 550
76 558
76 562
76 573
77 53
77 71
77 114
77 126
77 158
77 215
77 282
77 303
77 331
77 354
77 379
77 388
77 390
77 414
77 493
77 518
77 525
77 543
77 563
78 42
78 122
78 192
78 194
78 220
78 324
78 431
78 583
79 16
79 17
79 49
79 63
79 67
79 68
79 89
79 130
79 138
79 144
79 146
79 149
79 170
79 189
79 216
79 218
79 243
79 270
79 273
79 294
79 315
79 347
79 355
79 358
79 365
79 367
79 383
79 384
79 393
79 403
79 424
79 433
79 439
79 455
79 458
79 459
79 508
79 526
79 528
79 550
79 558
82 3
82 17
82 149
82 152
82 187
82 224
82 288
82 335
82 343
82 370
82 376
82 441
82 459
82 513
82 580
83 69
83 156
83 173
83 229
83 352
83 380
83 407
83 422
83 477
83 500
83 588
84 3
84 16
84 17
84 32
84 39
84 63
84 82
84 105
84 121
84 149
84 152
84 187
84 203
84 224
84 256
84 270
84 280
84 288
84 294
84 335
84 341
84 343
84 347
84 370
84 376
84 441
84 459
84 468
84 512
84 513
84 558
84 580
86 33
86 40
86 48
86 72
86 81
86 91
86 94
86 129
86 132
86 157
86 175
86 188
86 201
86 205
86 297
86 322
86 369
86 423
86 429
86 436
86 450
86 467
86 484
86 490
86 521
86 540
86 552
86 572
87 146
87 283
87 351
87 392
87 419
87 507
87 546
87 559
87 562
88 53
88 71
88 80
88 114
88 126
88 154
88 282
88 379
88 390
88 486
88 525
88 563
88 589
89 138
89 424
89 458
89 508
90 41
90 49
90 67
90 68
90 89
90 130
90 138
90 146
90 170
90 189
90 191
90 216
90 273
90 283
90 284
90 315
90 334
90 355
90 358
90 383
90 406
90 424
90 439
90 455
90 458
90 487
90 507
90 508
90 526
90 546
90 547
90 558
90 562
90 573
91 72
91 94
91 129
91 188
91 201
91 205
91 297
91 423
91 436
91 467
91 552
91 572
92 186
92 220
92 324
92 342
92 541
93 197
93 229
93 352
93 407
93 462
93 588
95 0
95 30
95 33
95 40
95 48
95 59
95 72
95 81
95 86
95 91
95 94
95 100
95 106
95 124
95 129
95 132
95 135
95 157
95 162
95 175
95 177
95 188
95 201
95 204
95 205
95 221
95 222
95 236
95 249
95 253
95 275
95 279
95 297
95 300
95 322
95 356
95 368
95 369
95 371
95 377
95 389
95 395
95 423
95 429
95 436
95 450
95 467
95 481
95 484
95 490
95 505
95 510
95 521
95 536
95 540
95 552
95 572
95 587
95 592
96 4
96 53
96 71
96 80
96 104
96 126
96 178
96 237
96 268
96 292
96 314
96 326
96 361
96 378
96 405
96 410
96 445
96 464
96 486
96 492
96 555
96 563
96 568
96 578
96 589
97 15
97 31
97 54
97 85
97 109
97 112
97 115
97 155
97 158
97 165
97 172
97 215
97 227
97 247
97 263
97 265
97 269
97 291
97 298
97 303
97 307
97 331
97 332
97 333
97 336
97 354
97 362
97 381
97 385
97 397
97 399
97 402
97 404
97 414
97 416
97 447
97 471
97 489
97 493
97 499
97 501
97 525
97 532
97 537
97 543
97 561
97 563
97 569
97 570
98 3
98 14
98 17
98 32
98 38
98 39
98 44
98 121
98 147
98 152
98 187
98 224
98 288
98 335
98 341
98 343
98 376
98 434
98 459
98 468
98 473
98 494
98 512
98 513
98 580
99 1
99 21
99 49
99 68
99 87
99 89
99 107
99 130
99 138
99 146
99 170
99 189
99 191
99 273
99 283
99 284
99 312
99 315
99 334
99 351
99 355
99 358
99 360
99 383
99 392
99 406
99 419
99 424
99 439
99 455
99 458
99 487
99 507
99 508
99 526
99 546
99 547
99 559
99 562
99 566
99 573
100 129
100 505
100 572
101 50
101 60
101 65
101 103
101 125
101 127
101 136
101 162
101 168
101 183
101 186
101 193
101 200
101 208
101 213
101 219
101 220
101 222
101 251
101 255
101 295
101 300
101 324
101 342
101 427
101 551
101 560
102 38
102 66
102 184
102 209
102 305
102 308
102 323
102 380
102 409
102 434
102 470
102 473
102 477
102 485
102 494
102 500
102 523
102 527
102 564
103 65
103 162
103 193
103 222
103 255
103 300
103 560
104 268
104 314
104 326
104 410
104 464
104 492
104 568
105 16
105 17
105 63
105 149
105 152
105 224
105 270
105 294
105 335
105 347
105 370
105 376
105 441
105 459
105 513
105 558
106 40
106 48
106 72
106 91
106 94
106 129
106 157
106 188
106 201
106 205
106 297
106 423
106 429
106 436
106 467
106 484
106 490
106 521
106 540
106 552
106 572
107 1
107 87
107 146
107 191
107 283
107 284
107 351
107 360
107 392
107 419
107 507
107 546
107 547
107 559
107 562
108 13
108 58
108 160
108 226
108 228
108 232
108 272
108 278
108 287
108 311
108 348
108 375
108 382
108 417
108 432
108 438
108 463
108 483
108 503
108 505
108 529
108 530
108 567
108 572
108 574
108 586
109 85
109 158
109 215
109 291
109 303
109 331
109 354
109 414
109 493
110 1
110 13
110 228
110 283
110 296
110 360
110 375
110 392
110 443
110 463
110 503
110 546
111 92
111 125
111 186
111 213
111 219
111 220
111 304
111 324
111 342
111 398
111 431
111 541
111 583
112 165
112 227
112 269
112 298
112 381
112 397
112 501
112 537
112 570
113 7
113 33
113 40
113 48
113 72
113 81
113 86
113 91
113 94
113 100
113 106
113 120
113 129
113 132
113 135
113 139
113 157
113 175
113 188
113 198
113 201
113 205
113 221
113 226
113 249
113 267
113 278
113 287
113 289
113 297
113 322
113 348
113 369
113 377
113 395
113 423
113 429
113 432
113 436
113 448
113 450
113 467
113 474
113 484
113 490
113 503
113 505
113 511
113 521
113 529
113 530
113 536
113 540
113 552
113 567
113 572
113 574
113 581
113 592
114 53
114 71
114 126
114 282
114 379
114 390
114 525
114 563
115 15
115 85
115 165
115 570
116 1
116 21
116 49
116 62
116 68
116 87
116 89
116 99
116 107
116 118
116 130
116 131
116 138
116 146
116 170
116 189
116 191
116 228
116 273
116 283
116 284
116 312
116 315
116 334
116 351
116 355
116 358
116 360
116 383
116 392
116 406
116 413
116 419
116 424
116 425
116 439
116 455
116 458
116 460
116 487
116 507
116 508
116 526
116 546
116 547
116 559
116 562
116 565
116 566
116 573
116 593
117 8
117 12
117 28
117 53
117 70
117 71
117 74
117 77
117 80
117 85
117 88
117 109
117 114
117 123
117 126
117 140
117 150
117 154
117 158
117 180
117 207
117 214
117 215
117 217
117 230
117 276
117 282
117 291
117 299
117 303
117 326
117 331
117 340
117 354
117 361
117 364
117 379
117 386
117 388
117 390
117 405
117 410
117 414
117 418
117 428
117 440
117 442
117 452
117 486
117 492
117 493
117 518
117 525
117 543
117 554
117 563
117 589
118 1
118 21
118 68
118 87
118 107
118 130
118 146
118 191
118 228
118 283
118 284
118 312
118 351
118 358
118 360
118 392
118 419
118 439
118 455
118 487
118 507
118 546
118 547
118 559
118 562
118 593
119 24
119 54
119 57
119 93
119 197
119 229
119 250
119 264
119 286
119 307
119 327
119 352
119 381
119 387
119 397
119 407
119 415
119 422
119 462
119 489
119 535
119 537
119 544
119 588
120 7
120 33
120 40
120 48
120 72
120 81
120 86
120 91
120 94
120 100
120 106
120 129
120 132
120 157
120 175
120 188
120 201
120 205
120 226
120 249
120 267
120 287
120 289
120 297
120 322
120 369
120 395
120 423
120 429
120 432
120 436
120 450
120 467
120 484
120 490
120 505
120 511
120 521
120 529
120 536
120 540
120 552
120 572
120 574
120 592
121 32
123 53
123 71
123 74
123 80
123 88
123 114
123 126
123 154
123 158
123 180
123 215
123 217
123 230
123 276
123 282
123 299
123 326
123 331
123 354
123 361
123 364
123 379
123 388
123 390
123 410
123 414
123 418
123 428
123 442
123 452
123 486
123 492
123 493
123 518
123 525
123 563
123 589
124 81
124 162
124 175
124 204
124 222
124 300
124 356
124 377
126 53
126 71
126 563
127 65
127 162
127 193
127 219
128 41
128 49
128 63
128 67
128 68
128 89
128 130
128 138
128 146
128 170
128 189
128 191
128 216
128 243
128 273
128 284
128 315
128 355
128 358
128 365
128 367
128 383
128 403
128 406
128 424
128 439
128 455
128 458
128 487
128 507
128 508
128 526
128 546
128 547
128 558
128 562
129 572
130 455
131 1
131 21
131 49
131 68
131 87
131 89
131 107
131 130
131 138
131 146
131 170
131 189
131 191
131 273
131 283
131 284
131 312
131 315
131 334
131 351
131 355
131 358
131 360
131 383
131 392
131 406
131 419
131 424
131 439
131 455
131 458
131 487
131 507
131 508
131 526
131 546
131 547
131 559
131 562
131 566
131 573
132 72
132 81
132 94
132 175
132 205
132 297
132 322
132 369
132 467
132 484
132 540
133 1
133 13
133 21
133 46
133 49
133 56
133 62
133 68
133 87
133 89
133 99
133 107
133 110
133 116
133 118
133 130
133 131
133 138
133 146
133 170
133 176
133 189
133 191
133 228
133 273
133 283
133 284
133 296
133 312
133 315
133 317
133 334
133 349
133 351
133 355
133 358
133 360
133 375
133 383
133 392
133 406
133 413
133 419
133 424
133 425
133 439
133 443
133 455
133 457
133 458
133 460
133 463
133 487
133 503
133 507
133 508
133 517
133 526
133 546
133 547
133 559
133 562
133 565
133 566
133 573
133 593
134 65
134 81
134 162
134 193
134 204
134 222
134 255
134 300
134 377
134 560
135 72
135 81
135 94
135 132
135 175
135 205
135 297
135 322
135 369
135 377
135 467
135 484
135 540
136 65
136 125
136 127
136 162
136 168
136 193
136 219
136 222
136 255
137 16
137 17
137 63
137 67
137 105
137 138
137 149
137 152
137 224
137 270
137 294
137 335
137 347
137 370
137 376
137 393
137 441
137 458
137 459
137 508
137 513
137 558
138 458
138 508
139 7
139 100
139 129
139 226
139 278
139 287
139 348
139 432
139 503
139 505
139 529
139 530
139 567
139 572
139 574
140 53
140 70
140 71
140 74
140 77
140 80
140 85
140 88
140 109
140 114
140 126
140 154
140 158
140 180
140 207
140 214
140 215
140 217
140 230
140 276
140 282
140 291
140 299
140 303
140 331
140 340
140 354
140 364
140 379
140 386
140 388
140 390
140 414
140 418
140 428
140 440
140 442
140 452
140 486
140 492
140 493
140 518
140 525
140 543
140 563
140 589
141 15
141 53
141 71
141 77
141 85
141 109
141 114
141 115
141 126
141 155
141 158
141 165
141 215
141 227
141 247
141 269
141 282
141 291
141 303
141 331
141 336
141 354
141 379
141 388
141 390
141 399
141 404
141 414
141 446
141 447
141 493
141 499
141 501
141 518
141 525
141 532
141 543
141 563
141 569
141 570
142 8
142 53
142 70
142 71
142 74
142 77
142 80
142 85
142 88
142 109
142 114
142 123
142 126
142 140
142 154
142 158
142 180
142 207
142 214
142 215
142 217
142 230
142 276
142 282
142 291
142 299
142 302
142 303
142 326
142 331
142 336
142 340
142 354
142 361
142 364
142 379
142 386
142 388
142 390
142 404
142 410
142 414
142 418
142 428
142 430
142 440
142 442
142 452
142 486
142 492
142 493
142 499
142 518
142 525
142 532
142 543
142 563
142 576
142 589
143 92
143 111
143 122
143 125
143 183
143 186
143 192
143 194
143 200
143 213
143 219
143 220
143 304
143 324
143 342
143 394
143 398
143 431
143 541
143 551
143 583
143 584
144 63
144 67
144 89
144 138
144 149
144 170
144 243
144 424
144 458
144 508
144 558
145 50
145 60
145 65
145 92
145 101
145 103
145 125
145 127
145 136
145 162
145 168
145 179
145 183
145 186
145 193
145 200
145 208
145 213
145 219
145 220
145 222
145 251
145 255
145 295
145 300
145 324
145 342
145 372
145 394
145 427
145 541
145 551
145 560
145 583
147 14
147 32
147 38
147 121
147 434
147 473
147 494
148 3
148 16
148 17
148 32
148 39
148 63
148 67
148 82
148 84
148 89
148 105
148 121
148 137
148 138
148 144
148 149
148 152
148 164
148 170
148 174
148 187
148 203
148 224
148 243
148 252
148 256
148 270
148 280
148 288
148 294
148 335
148 341
148 343
148 347
148 370
148 376
148 393
148 424
148 441
148 458
148 459
148 468
148 472
148 508
148 512
148 513
148 558
148 580
148 582
150 12
150 53
150 71
150 80
150 88
150 114
150 126
150 154
150 217
150 230
150 282
150 299
150 326
150 361
150 364
150 379
150 388
150 390
150 405
150 410
150 442
150 452
150 486
150 492
150 493
150 525
150 554
150 563
150 589
151 66
151 69
151 156
151 171
151 184
151 209
151 305
151 308
151 323
151 380
151 409
151 422
151 434
151 470
151 477
151 494
151 500
151 527
151 564
152 17
152 335
152 459
153 15
153 31
153 53
153 54
153 71
153 77
153 85
153 97
153 109
153 112
153 114
153 115
153 126
153 141
153 155
153 158
153 165
153 172
153 215
153 227
153 247
153 263
153 265
153 269
153 282
153 291
153 298
153 303
153 307
153 331
153 332
153 333
153 336
153 354
153 362
153 379
153 381
153 385
153 388
153 390
153 397
153 399
153 402
153 404
153 414
153 416
153 446
153 447
153 471
153 479
153 489
153 493
153 498
153 499
153 501
153 518
153 525
153 532
153 537
153 543
153 561
153 563
153 569
153 570
153 591
154 53
154 71
154 114
154 126
154 282
154 379
154 390
154 525
154 563
155 15
155 85
155 165
155 570
156 422
157 72
157 91
157 94
157 129
157 188
157 201
157 205
157 297
157 423
157 436
157 467
157 490
157 521
157 552
157 572
158 215
158 331
158 354
158 493
159 1
159 7
159 13
159 58
159 100
159 108
159 129
159 139
159 160
159 196
159 226
159 228
159 232
159 240
159 246
159 272
159 278
159 287
159 296
159 311
159 348
159 350
159 375
159 382
159 417
159 432
159 438
159 443
159 463
159 483
159 503
159 505
159 529
159 530
159 534
159 567
159 572
159 574
159 586
160 13
160 228
160 232
160 375
160 463
160 503
161 0
161 7
161 33
161 40
161 48
161 72
161 81
161 86
161 91
161 94
161 100
161 106
161 120
161 129
161 132
161 135
161 157
161 175
161 188
161 201
161 205
161 221
161 222
161 226
161 249
161 267
161 275
161 287
161 289
161 297
161 300
161 322
161 338
161 348
161 356
161 369
161 371
161 377
161 389
161 395
161 423
161 429
161 432
161 436
161 448
161 450
161 467
161 474
161 481
161 484
161 490
161 505
161 510
161 511
161 521
161 529
161 536
161 540
161 552
161 572
161 574
161 587
161 592
163 1
163 13
163 21
163 37
163 68
163 87
163 107
163 110
163 118
163 130
163 146
163 160
163 169
163 191
163 212
163 228
163 232
163 240
163 242
163 246
163 283
163 284
163 296
163 312
163 317
163 344
163 348
163 349
163 351
163 357
163 358
163 359
163 360
163 363
163 375
163 392
163 419
163 432
163 439
163 443
163 455
163 456
163 460
163 463
163 483
163 487
163 503
163 505
163 507
163 517
163 529
163 546
163 547
163 548
163 559
163 562
163 567
163 574
163 586
163 593
164 3
164 16
164 17
164 32
164 39
164 63
164 67
164 82
164 89
164 105
164 121
164 137
164 138
164 144
164 149
164 152
164 170
164 187
164 203
164 224
164 243
164 256
164 270
164 280
164 288
164 294
164 335
164 343
164 347
164 370
164 376
164 393
164 424
164 441
164 458
164 459
164 468
164 472
164 508
164 512
164 513
164 558
164 580
164 582
166 15
166 24
166 47
166 54
166 57
166 69
166 73
166 75
166 83
166 85
166 93
166 112
166 115
166 119
166 155
166 156
166 165
166 172
166 173
166 197
166 225
166 227
166 229
166 241
166 250
166 257
166 263
166 264
166 265
166 269
166 285
166 286
166 298
166 307
166 327
166 332
166 352
166 380
166 381
166 387
166 391
166 397
166 407
166 415
166 422
166 437
166 462
166 469
166 471
166 477
166 489
166 500
166 501
166 520
166 535
166 537
166 544
166 545
166 570
166 579
166 588
167 57
167 69
167 83
167 93
167 156
167 171
167 173
167 197
167 229
167 274
167 286
167 305
167 307
167 327
167 352
167 380
167 381
167 387
167 391
167 397
167 407
167 415
167 422
167 437
167 462
167 470
167 477
167 489
167 500
167 520
167 535
167 588
168 65
168 125
168 127
168 162
168 193
168 219
169 1
169 13
169 87
169 107
169 110
169 146
169 160
169 191
169 228
169 232
169 240
169 242
169 246
169 283
169 284
169 296
169 312
169 317
169 351
169 357
169 359
169 360
169 363
169 375
169 392
169 419
169 432
169 443
169 456
169 463
169 503
169 507
169 517
169 546
169 547
169 559
169 562
169 586
169 593
170 138
170 424
170 458
170 508
171 69
171 156
171 305
171 380
171 422
171 470
171 477
171 500
172 15
172 85
172 115
172 155
172 165
172 227
172 265
172 269
172 298
172 501
172 570
173 69
173 156
173 229
173 352
173 407
173 422
173 588
174 3
174 16
174 17
174 32
174 39
174 63
174 67
174 82
174 89
174 105
174 121
174 137
174 138
174 144
174 149
174 152
174 170
174 187
174 203
174 224
174 243
174 256
174 270
174 280
174 288
174 294
174 335
174 343
174 347
174 370
174 376
174 393
174 424
174 441
174 458
174 459
174 468
174 472
174 508
174 512
174 513
174 558
174 580
174 582
175 81
176 1
176 13
176 21
176 68
176 87
176 107
176 110
176 118
176 130
176 146
176 189
176 191
176 228
176 283
176 284
176 296
176 312
176 315
176 317
176 334
176 349
176 351
176 355
176 358
176 360
176 375
176 392
176 413
176 419
176 439
176 443
176 455
176 460
176 463
176 487
176 503
176 507
176 517
176 546
176 547
176 559
176 562
176 593
177 81
177 175
177 204
177 222
177 300
177 322
177 356
177 377
178 4
178 53
178 71
178 80
178 104
178 268
178 314
178 326
178 405
178 410
178 464
178 486
178 492
178 568
178 589
179 50
179 60
179 65
179 92
179 101
179 103
179 125
179 127
179 136
179 162
179 168
179 183
179 186
179 193
179 200
179 208
179 213
179 219
179 220
179 222
179 251
179 255
179 295
179 300
179 324
179 342
179 427
179 541
179 551
179 560
180 53
180 71
180 74
180 80
180 88
180 114
180 126
180 154
180 158
180 215
180 230
180 282
180 331
180 354
180 379
180 388
180 390
180 414
180 442
180 486
180 493
180 518
180 525
180 563
180 589
181 3
181 14
181 16
181 17
181 32
181 38
181 39
181 44
181 63
181 82
181 84
181 98
181 105
181 121
181 147
181 149
181 152
181 187
181 203
181 224
181 256
181 270
181 280
181 288
181 294
181 308
181 335
181 341
181 343
181 347
181 370
181 376
181 434
181 441
181 459
181 468
181 473
181 494
181 512
181 513
181 558
181 571
181 580
181 590
182 24
182 47
182 54
182 57
182 69
182 75
182 83
182 93
182 119
182 156
182 167
182 171
182 173
182 197
182 229
182 241
182 250
182 257
182 264
182 274
182 285
182 286
182 298
182 305
182 307
182 323
182 327
182 352
182 380
182 381
182 387
182 391
182 397
182 407
182 415
182 422
182 437
182 453
182 462
182 470
182 477
182 489
182 500
182 501
182 519
182 520
182 535
182 537
182 544
182 579
182 588
183 125
183 186
183 213
183 219
183 220
183 342
184 305
184 308
184 409
184 470
184 564
185 271
185 445
185 454
185 539
186 220
186 342
187 17
187 152
187 224
187 335
187 343
187 376
187 459
187 513
188 72
189 130
189 355
189 358
189 439
189 455
190 15
190 24
190 47
190 54
190 57
190 69
190 75
190 83
190 93
190 112
190 119
190 156
190 165
190 167
190 171
190 173
190 182
190 197
190 225
190 227
190 229
190 241
190 250
190 257
190 263
190 264
190 265
190 269
190 274
190 285
190 286
190 298
190 305
190 307
190 323
190 327
190 337
190 352
190 380
190 381
190 387
190 391
190 397
190 407
190 415
190 422
190 437
190 453
190 462
190 469
190 470
190 471
190 477
190 489
190 500
190 501
190 519
190 520
190 535
190 537
190 544
190 570
190 579
190 588
191 146
191 507
191 562
192 122
192 220
192 324
192 431
192 583
194 122
194 220
194 324
194 431
194 583
195 16
195 17
195 49
195 63
195 67
195 89
195 130
195 138
195 144
195 149
195 152
195 170
195 224
195 243
195 270
195 273
195 294
195 335
195 347
195 355
195 365
195 367
195 383
195 393
195 424
195 433
195 441
195 455
195 458
195 459
195 472
195 508
195 513
195 528
195 550
195 558
195 582
196 7
196 13
196 58
196 100
196 108
196 129
196 139
196 160
196 226
196 228
196 232
196 240
196 246
196 272
196 278
196 287
196 296
196 311
196 348
196 350
196 375
196 382
196 417
196 432
196 438
196 463
196 483
196 503
196 505
196 529
196 530
196 534
196 567
196 572
196 574
196 586
197 229
198 7
198 40
198 48
198 72
198 91
198 94
198 100
198 106
198 129
198 139
198 157
198 188
198 201
198 205
198 226
198 249
198 267
198 278
198 287
198 289
198 297
198 348
198 423
198 429
198 432
198 436
198 467
198 474
198 484
198 490
198 503
198 505
198 511
198 521
198 529
198 530
198 536
198 540
198 552
198 567
198 572
198 574
199 14
199 17
199 32
199 38
199 44
199 121
199 147
199 152
199 224
199 288
199 308
199 335
199 343
199 409
199 434
199 459
199 468
199 473
199 494
199 513
199 564
199 580
199 590
200 125
200 186
200 213
200 219
200 220
200 324
200 342
201 72
201 94
201 188
201 205
201 297
201 423
201 467
202 38
202 66
202 69
202 83
202 102
202 151
202 156
202 171
202 173
202 184
202 197
202 209
202 229
202 274
202 286
202 305
202 308
202 323
202 352
202 380
202 400
202 407
202 409
202 422
202 434
202 435
202 462
202 470
202 473
202 477
202 485
202 494
202 500
202 523
202 527
202 564
202 588
203 17
203 63
203 149
203 152
203 187
203 224
203 294
203 335
203 343
203 347
203 370
203 376
203 441
203 459
203 513
204 81
204 222
204 300
204 377
205 72
205 94
205 467
206 15
206 52
206 53
206 71
206 77
206 85
206 109
206 114
206 115
206 126
206 141
206 154
206 155
206 158
206 165
206 172
206 215
206 227
206 247
206 265
206 269
206 282
206 291
206 298
206 302
206 303
206 331
206 332
206 333
206 336
206 354
206 362
206 379
206 386
206 388
206 390
206 396
206 397
206 399
206 402
206 404
206 414
206 446
206 447
206 493
206 498
206 499
206 501
206 518
206 525
206 532
206 543
206 561
206 563
206 569
206 570
206 591
207 53
207 71
207 74
207 77
207 80
207 85
207 88
207 109
207 114
207 126
207 154
207 158
207 180
207 214
207 215
207 230
207 282
207 291
207 303
207 331
207 340
207 354
207 379
207 386
207 388
207 390
207 414
207 418
207 440
207 442
207 486
207 493
207 518
207 525
207 543
207 563
207 589
208 65
208 103
208 125
208 127
208 136
208 162
208 168
208 193
208 219
208 222
208 255
208 300
208 427
208 560
209 184
209 305
209 308
209 409
209 470
209 564
210 0
210 7
210 30
210 33
210 40
210 48
210 59
210 72
210 81
210 86
210 91
210 94
210 95
210 100
210 106
210 120
210 124
210 129
210 132
210 135
210 157
210 162
210 175
210 177
210 188
210 201
210 204
210 205
210 221
210 222
210 226
210 236
210 249
210 253
210 267
210 275
210 279
210 287
210 289
210 297
210 300
210 322
210 338
210 356
210 368
210 369
210 371
210 377
210 389
210 395
210 423
210 429
210 432
210 436
210 448
210 450
210 467
210 481
210 484
210 490
210 505
210 510
210 511
210 521
210 529
210 536
210 540
210 549
210 552
210 572
210 574
210 587
210 592
211 26
211 50
211 60
211 65
211 92
211 111
211 125
211 127
211 136
211 162
211 168
211 183
211 186
211 193
211 200
211 213
211 219
211 220
211 222
211 251
211 255
211 261
211 295
211 304
211 324
211 342
211 394
211 398
211 431
211 541
211 551
211 583
212 1
212 13
212 87
212 107
212 110
212 146
212 160
212 191
212 228
212 232
212 240
212 242
212 246
212 283
212 284
212 296
212 312
212 317
212 351
212 357
212 359
212 360
212 363
212 375
212 392
212 419
212 432
212 443
212 456
212 463
212 503
212 507
212 517
212 546
212 547
212 559
212 562
212 586
212 593
213 125
213 186
213 219
213 220
213 342
214 53
214 71
214 74
214 77
214 114
214 126
214 154
214 158
214 215
214 230
214 282
214 303
214 331
214 354
214 379
214 388
214 390
214 414
214 486
214 493
214 518
214 525
214 543
214 563
214 589
215 331
216 49
216 67
216 68
216 89
216 130
216 138
216 146
216 170
216 189
216 273
216 315
216 355
216 358
216 383
216 424
216 439
216 455
216 458
216 508
216 526
216 558
217 53
217 71
217 80
217 88
217 114
217 126
217 154
217 282
217 379
217 388
217 390
217 486
217 492
217 525
217 563
217 589
218 49
218 63
218 67
218 89
218 130
218 138
218 144
218 149
218 170
218 189
218 243
218 273
218 355
218 358
218 365
218 367
218 383
218 403
218 424
218 439
218 455
218 458
218 508
218 526
218 558
221 33
221 40
221 48
221 72
221 81
221 86
221 91
221 94
221 129
221 132
221 135
221 157
221 175
221 188
221 201
221 205
221 297
221 322
221 369
221 377
221 423
221 429
221 436
221 450
221 467
221 484
221 490
221 521
221 540
221 552
221 572
223 26
223 50
223 60
223 65
223 92
223 111
223 122
223 125
223 127
223 162
223 183
223 186
223 192
223 193
223 194
223 200
223 213
223 219
223 220
223 251
223 261
223 304
223 324
223 342
223 394
223 398
223 431
223 506
223 541
223 551
223 583
224 17
224 152
224 335
224 459
224 513
225 15
225 24
225 47
225 54
225 57
225 69
225 93
225 112
225 119
225 156
225 165
225 173
225 197
225 227
225 229
225 250
225 263
225 264
225 265
225 269
225 285
225 286
225 298
225 307
225 327
225 352
225 381
225 387
225 391
225 397
225 407
225 415
225 422
225 462
225 471
225 489
225 501
225 535
225 537
225 544
225 570
225 579
225 588
226 432
226 505
226 572
227 165
227 501
227 570
230 53
230 71
230 114
230 126
230 154
230 282
230 379
230 388
230 390
230 486
230 493
230 525
230 563
230 589
231 41
231 49
231 63
231 67
231 68
231 89
231 128
231 130
231 138
231 144
231 146
231 149
231 170
231 189
231 191
231 216
231 218
231 243
231 273
231 284
231 315
231 355
231 358
231 365
231 367
231 383
231 403
231 406
231 424
231 439
231 455
231 458
231 487
231 507
231 508
231 526
231 546
231 547
231 558
231 562
232 13
232 228
232 375
232 463
232 503
233 24
233 57
233 69
233 83
233 93
233 156
233 167
233 171
233 173
233 197
233 229
233 241
233 250
233 264
233 274
233 286
233 305
233 307
233 323
233 327
233 339
233 352
233 366
233 380
233 381
233 387
233 391
233 397
233 407
233 409
233 415
233 420
233 422
233 437
233 462
233 470
233 477
233 489
233 500
233 519
233 520
233 535
233 544
233 564
233 588
234 5
234 14
234 32
234 38
234 44
234 66
234 121
234 147
234 184
234 281
234 305
234 308
234 409
234 434
234 470
234 473
234 494
234 523
234 564
235 15
235 52
235 53
235 71
235 77
235 85
235 109
235 114
235 115
235 126
235 141
235 154
235 155
235 158
235 165
235 172
235 215
235 227
235 247
235 265
235 269
235 282
235 291
235 298
235 302
235 303
235 331
235 332
235 333
235 336
235 354
235 362
235 379
235 386
235 388
235 390
235 396
235 397
235 399
235 402
235 404
235 414
235 446
235 447
235 493
235 498
235 499
235 501
235 518
235 525
235 532
235 543
235 561
235 563
235 569
235 570
235 591
236 0
236 33
236 40
236 48
236 72
236 81
236 86
236 91
236 94
236 129
236 132
236 135
236 157
236 175
236 177
236 188
236 201
236 204
236 205
236 221
236 222
236 297
236 300
236 322
236 356
236 369
236 377
236 423
236 429
236 436
236 450
236 467
236 481
236 484
236 490
236 510
236 521
236 540
236 552
236 572
236 587
237 314
237 445
237 464
238 10
238 59
238 65
238 72
238 81
238 94
238 103
238 124
238 132
238 134
238 135
238 162
238 175
238 177
238 188
238 193
238 201
238 204
238 205
238 222
238 253
238 255
238 279
238 297
238 300
238 321
238 322
238 356
238 368
238 369
238 377
238 423
238 427
238 436
238 450
238 467
238 481
238 484
238 540
238 552
238 560
238 577
238 585
238 587
239 4
239 36
239 53
239 55
239 71
239 80
239 88
239 96
239 104
239 114
239 126
239 154
239 178
239 185
239 237
239 268
239 271
239 282
239 292
239 314
239 326
239 361
239 378
239 379
239 390
239 405
239 410
239 445
239 454
239 464
239 476
239 486
239 492
239 525
239 539
239 554
239 555
239 563
239 568
239 578
239 589
240 13
240 160
240 228
240 232
240 296
240 375
240 432
240 463
240 503
240 586
241 24
241 57
241 69
241 83
241 93
241 156
241 173
241 197
241 229
241 250
241 264
241 286
241 307
241 327
241 352
241 380
241 381
241 387
241 391
241 397
241 407
241 415
241 422
241 437
241 462
241 477
241 489
241 500
241 520
241 535
241 544
241 588
242 1
242 13
242 110
242 160
242 228
242 232
242 240
242 246
242 283
242 296
242 360
242 375
242 392
242 432
242 443
242 463
242 503
242 546
242 586
243 63
243 67
243 89
243 138
243 170
243 424
243 458
243 508
243 558
244 5
244 6
244 9
244 14
244 32
244 38
244 44
244 66
244 69
244 83
244 102
244 121
244 147
244 151
244 156
244 171
244 173
244 184
244 197
244 202
244 209
244 229
244 234
244 266
244 274
244 277
244 281
244 286
244 305
244 308
244 323
244 352
244 380
244 400
244 407
244 409
244 422
244 434
244 435
244 462
244 470
244 473
244 477
244 485
244 494
244 496
244 500
244 523
244 527
244 553
244 564
244 588
245 16
245 17
245 49
245 63
245 67
245 68
245 89
245 130
245 138
245 144
245 146
245 149
245 170
245 189
245 216
245 218
245 243
245 270
245 273
245 294
245 315
245 347
245 355
245 358
245 365
245 367
245 383
245 384
245 393
245 403
245 424
245 433
245 439
245 455
245 458
245 459
245 508
245 526
245 528
245 550
245 558
246 13
246 160
246 228
246 232
246 296
246 375
246 432
246 463
246 503
246 586
247 15
247 85
247 109
247 115
247 155
247 158
247 165
247 215
247 291
247 303
247 331
247 336
247 354
247 414
247 493
247 499
247 532
247 569
247 570
248 4
248 36
248 53
248 55
248 71
248 80
248 88
248 96
248 104
248 114
248 126
248 154
248 178
248 185
248 237
248 268
248 271
248 282
248 292
248 314
248 326
248 361
248 378
248 379
248 390
248 405
248 410
248 445
248 454
248 464
248 476
248 486
248 492
248 525
248 539
248 554
248 555
248 563
248 568
248 578
248 589
249 72
249 100
249 129
249 188
249 423
249 505
249 572
250 197
250 229
250 307
250 327
250 381
250 397
250 462
250 489
251 65
251 125
251 193
251 219
251 342
252 3
252 16
252 17
252 32
252 39
252 63
252 67
252 82
252 89
252 105
252 121
252 137
252 138
252 144
252 149
252 152
252 170
252 187
252 203
252 224
252 243
252 256
252 270
252 280
252 288
252 294
252 335
252 343
252 347
252 370
252 376
252 393
252 424
252 441
252 458
252 459
252 468
252 472
252 508
252 512
252 513
252 558
252 580
252 582
253 81
253 162
253 175
253 204
253 222
253 300
253 356
253 377
254 15
254 53
254 70
254 71
254 74
254 77
254 80
254 85
254 88
254 109
254 114
254 115
254 126
254 154
254 155
254 158
254 165
254 180
254 207
254 214
254 215
254 230
254 247
254 282
254 291
254 302
254 303
254 331
254 336
254 340
254 354
254 379
254 386
254 388
254 390
254 404
254 414
254 418
254 430
254 440
254 442
254 446
254 486
254 493
254 499
254 518
254 525
254 532
254 543
254 563
254 569
254 570
254 576
254 589
255 65
255 162
255 193
255 222
256 3
256 17
256 63
256 82
256 149
256 152
256 187
256 203
256 224
256 288
256 294
256 335
256 343
256 347
256 370
256 376
256 441
256 459
256 513
256 580
257 24
257 54
257 57
257 69
257 83
257 93
257 119
257 156
257 173
257 197
257 229
257 241
257 250
257 264
257 286
257 307
257 327
257 352
257 380
257 381
257 387
257 391
257 397
257 407
257 415
257 422
257 437
257 462
257 477
257 489
257 500
257 520
257 535
257 537
257 544
257 588
258 0
258 10
258 30
258 33
258 40
258 48
258 59
258 65
258 72
258 81
258 86
258 91
258 94
258 124
258 129
258 132
258 134
258 135
258 157
258 162
258 175
258 177
258 188
258 193
258 201
258 204
258 205
258 221
258 222
258 236
258 253
258 255
258 279
258 297
258 300
258 321
258 322
258 356
258 368
258 369
258 377
258 423
258 429
258 436
258 450
258 467
258 480
258 481
258 484
258 490
258 510
258 521
258 540
258 552
258 560
258 572
258 577
258 585
258 587
259 5
259 14
259 32
259 38
259 44
259 121
259 147
259 288
259 308
259 335
259 343
259 409
259 434
259 468
259 473
259 494
259 513
259 564
260 10
260 18
260 45
260 50
260 65
260 81
260 94
260 103
260 124
260 125
260 127
260 134
260 136
260 162
260 168
260 175
260 177
260 193
260 204
260 208
260 219
260 222
260 251
260 253
260 255
260 300
260 318
260 321
260 322
260 325
260 342
260 356
260 368
260 369
260 377
260 427
260 467
260 484
260 522
260 556
260 560
260 577
260 585
261 26
261 50
261 60
261 65
261 92
261 125
261 127
261 162
261 183
261 186
261 193
261 200
261 213
261 219
261 220
261 251
261 304
261 324
261 342
261 394
261 431
261 541
261 551
261 583
262 26
262 50
262 60
262 65
262 92
262 111
262 122
262 125
262 127
262 162
262 183
262 186
262 192
262 193
262 194
262 200
262 213
262 219
262 220
262 251
262 261
262 304
262 324
262 342
262 394
262 398
262 431
262 506
262 541
262 551
262 583
263 15
263 112
263 165
263 227
263 265
263 269
263 298
263 381
263 397
263 501
263 537
263 570
264 197
264 229
264 307
264 327
264 381
264 397
264 462
264 489
265 15
265 165
265 227
265 269
265 298
265 501
265 570
266 14
266 32
266 38
266 66
266 102
266 184
266 209
266 281
266 305
266 308
266 323
266 380
266 409
266 434
266 470
266 473
266 477
266 485
266 494
266 500
266 523
266 527
266 564
267 40
267 48
267 72
267 91
267 94
267 100
267 106
267 129
267 157
267 188
267 201
267 205
267 226
267 249
267 297
267 423
267 429
267 432
267 436
267 467
267 484
267 490
267 505
267 511
267 521
267 536
267 540
267 552
267 572
268 314
268 326
268 410
268 464
268 492
269 165
269 501
269 570
270 63
270 149
270 558
272 13
272 160
272 228
272 232
272 287
272 348
272 375
272 382
272 432
272 463
272 483
272 503
272 505
272 529
272 567
272 574
272 586
273 89
273 138
273 170
273 424
273 458
273 508
274 69
274 83
274 156
274 171
274 173
274 229
274 305
274 352
274 380
274 407
274 422
274 470
274 477
274 500
274 588
275 0
275 33
275 40
275 48
275 72
275 81
275 86
275 91
275 94
275 100
275 106
275 129
275 132
275 135
275 157
275 175
275 188
275 201
275 205
275 221
275 222
275 249
275 297
275 300
275 322
275 356
275 369
275 377
275 395
275 423
275 429
275 436
275 450
275 467
275 481
275 484
275 490
275 505
275 510
275 521
275 536
275 540
275 552
275 572
275 587
275 592
276 53
276 71
276 74
276 80
276 88
276 114
276 126
276 154
276 158
276 180
276 215
276 217
276 230
276 282
276 299
276 331
276 354
276 364
276 379
276 388
276 390
276 414
276 418
276 442
276 452
276 486
276 492
276 493
276 518
276 525
276 563
276 589
277 14
277 32
277 38
277 66
277 69
277 102
277 121
277 147
277 151
277 156
277 171
277 184
277 209
277 266
277 281
277 305
277 308
277 323
277 380
277 409
277 422
277 434
277 470
277 473
277 477
277 485
277 494
277 500
277 523
277 527
277 564
278 226
278 287
278 348
278 432
278 503
278 505
278 529
278 567
278 572
278 574
279 59
279 72
279 81
279 94
279 124
279 132
279 135
279 162
279 175
279 177
279 188
279 201
279 204
279 205
279 222
279 253
279 297
279 300
279 322
279 356
279 368
279 369
279 377
279 423
279 436
279 450
279 467
279 481
279 484
279 540
279 552
279 587
280 3
280 16
280 17
280 63
280 82
280 105
280 149
280 152
280 187
280 203
280 224
280 256
280 270
280 288
280 294
280 335
280 343
280 347
280 370
280 376
280 441
280 459
280 513
280 558
280 580
281 14
281 32
281 38
281 305
281 308
281 409
281 434
281 473
281 494
281 564
282 525
282 563
283 546
284 146
284 507
284 562
285 24
285 47
285 54
285 57
285 69
285 93
285 119
285 156
285 173
285 197
285 229
285 250
285 264
285 286
285 298
285 307
285 327
285 352
285 381
285 387
285 391
285 397
285 407
285 415
285 422
285 462
285 489
285 501
285 535
285 537
285 544
285 579
285 588
286 197
286 229
286 352
286 407
286 422
286 462
286 588
287 432
287 505
287 529
287 574
288 335
288 343
288 513
289 7
289 72
289 100
289 129
289 188
289 226
289 249
289 287
289 423
289 432
289 505
289 511
289 529
289 572
289 574
290 5
290 14
290 32
290 38
290 44
290 121
290 147
290 259
290 281
290 288
290 305
290 308
290 335
290 343
290 409
290 434
290 468
290 473
290 494
290 513
290 564
291 85
291 215
291 303
291 331
291 354
292 237
292 314
292 445
292 464
292 568
293 15
293 20
293 52
293 53
293 70
293 71
293 74
293 77
293 80
293 85
293 88
293 109
293 114
293 115
293 126
293 141
293 154
293 155
293 158
293 165
293 172
293 180
293 207
293 214
293 215
293 227
293 230
293 247
293 254
293 265
293 269
293 282
293 291
293 298
293 302
293 303
293 331
293 336
293 340
293 354
293 362
293 379
293 386
293 388
293 390
293 396
293 399
293 402
293 404
293 414
293 418
293 430
293 440
293 442
293 446
293 447
293 486
293 493
293 498
293 499
293 501
293 518
293 525
293 532
293 543
293 561
293 563
293 569
293 570
293 576
293 589
293 591
294 63
294 149
295 50
295 65
295 125
295 127
295 162
295 168
295 183
295 186
295 193
295 213
295 219
295 220
295 251
295 342
296 228
297 72
297 94
297 467
298 501
299 53
299 71
299 80
299 88
299 114
299 126
299 154
299 217
299 230
299 282
299 379
299 388
299 390
299 442
299 486
299 492
299 493
299 525
299 563
299 589
300 222
301 7
301 13
301 58
301 72
301 100
301 108
301 129
301 139
301 160
301 188
301 196
301 226
301 228
301 232
301 240
301 246
301 249
301 272
301 278
301 287
301 289
301 296
301 311
301 348
301 350
301 375
301 382
301 417
301 423
301 432
301 438
301 463
301 483
301 503
301 505
301 511
301 529
301 530
301 534
301 567
301 572
301 574
301 586
302 53
302 71
302 77
302 85
302 109
302 114
302 126
302 154
302 158
302 215
302 282
302 291
302 303
302 331
302 336
302 354
302 379
302 386
302 388
302 390
302 404
302 414
302 493
302 499
302 518
302 525
302 532
302 543
302 563
303 331
304 92
304 186
304 220
304 324
304 342
304 431
304 541
304 583
306 1
306 13
306 58
306 110
306 160
306 228
306 232
306 240
306 242
306 246
306 272
306 283
306 287
306 296
306 348
306 360
306 375
306 382
306 392
306 432
306 443
306 463
306 483
306 503
306 505
306 529
306 546
306 567
306 574
306 586
307 381
307 397
309 42
309 78
309 122
309 192
309 194
309 220
309 324
309 431
309 504
309 583
310 15
310 31
310 53
310 54
310 71
310 77
310 85
310 97
310 109
310 112
310 114
310 115
310 126
310 141
310 155
310 158
310 165
310 172
310 215
310 227
310 247
310 263
310 265
310 269
310 282
310 291
310 298
310 303
310 307
310 331
310 332
310 333
310 336
310 354
310 362
310 379
310 381
310 385
310 388
310 390
310 397
310 399
310 402
310 404
310 414
310 416
310 446
310 447
310 471
310 479
310 489
310 493
310 498
310 499
310 501
310 518
310 525
310 532
310 537
310 543
310 561
310 563
310 569
310 570
310 591
311 226
311 228
311 278
311 287
311 348
311 382
311 432
311 463
311 483
311 503
311 505
311 529
311 530
311 567
311 572
311 574
312 1
312 87
312 146
312 191
312 283
312 284
312 351
312 360
312 392
312 419
312 507
312 546
312 547
312 559
312 562
313 38
313 57
313 66
313 69
313 83
313 93
313 102
313 151
313 156
313 167
313 171
313 173
313 184
313 197
313 202
313 209
313 229
313 274
313 286
313 305
313 307
313 308
313 323
313 327
313 339
313 352
313 366
313 380
313 381
313 387
313 391
313 397
313 400
313 407
313 409
313 415
313 420
313 422
313 434
313 435
313 437
313 462
313 470
313 473
313 477
313 485
313 489
313 494
313 500
313 520
313 523
313 527
313 535
313 564
313 588
315 68
315 130
315 146
315 189
315 355
315 358
315 439
315 455
316 15
316 20
316 52
316 53
316 70
316 71
316 74
316 77
316 80
316 85
316 88
316 109
316 114
316 115
316 126
316 141
316 154
316 155
316 158
316 165
316 180
316 207
316 214
316 215
316 217
316 227
316 230
316 247
316 254
316 269
316 282
316 291
316 299
316 302
316 303
316 331
316 336
316 340
316 354
316 364
316 379
316 386
316 388
316 390
316 399
316 404
316 414
316 418
316 430
316 440
316 442
316 446
316 447
316 486
316 492
316 493
316 499
316 501
316 518
316 525
316 532
316 543
316 563
316 569
316 570
316 576
316 589
317 1
317 228
317 283
317 296
317 351
317 360
317 392
317 419
317 546
317 559
317 593
318 10
318 18
318 65
318 81
318 94
318 103
318 124
318 125
318 127
318 134
318 136
318 162
318 168
318 175
318 177
318 193
318 204
318 208
318 219
318 222
318 253
318 255
318 300
318 321
318 322
318 325
318 356
318 368
318 377
318 427
318 522
318 560
318 577
318 585
319 10
319 18
319 19
319 45
319 50
319 60
319 65
319 81
319 94
319 101
319 103
319 124
319 125
319 127
319 134
319 136
319 162
319 168
319 175
319 177
319 183
319 186
319 193
319 200
319 204
319 208
319 213
319 219
319 220
319 222
319 251
319 253
319 255
319 295
319 300
319 318
319 321
319 322
319 324
319 325
319 342
319 356
319 368
319 377
319 427
319 502
319 522
319 551
319 560
319 575
319 577
319 585
320 1
320 7
320 13
320 22
320 48
320 58
320 72
320 91
320 94
320 100
320 108
320 129
320 139
320 157
320 159
320 160
320 188
320 196
320 201
320 205
320 226
320 228
320 232
320 240
320 246
320 249
320 272
320 278
320 287
320 289
320 296
320 297
320 301
320 311
320 348
320 350
320 375
320 382
320 417
320 423
320 429
320 432
320 436
320 438
320 443
320 461
320 463
320 467
320 474
320 483
320 490
320 503
320 505
320 511
320 521
320 529
320 530
320 534
320 536
320 552
320 567
320 572
320 574
320 586
321 65
321 81
321 162
321 193
321 204
321 222
321 255
321 300
321 377
321 560
322 81
322 175
323 305
323 470
323 500
324 220
325 65
325 81
325 103
325 124
325 127
325 134
325 162
325 175
325 177
325 193
325 204
325 219
325 222
325 253
325 255
325 300
325 321
325 322
325 356
325 368
325 377
325 427
325 560
325 577
325 585
326 492
327 197
327 229
327 307
327 381
327 397
327 462
327 489
328 7
328 33
328 40
328 43
328 48
328 72
328 81
328 86
328 91
328 94
328 100
328 106
328 120
328 129
328 132
328 139
328 157
328 175
328 188
328 198
328 201
328 205
328 226
328 228
328 249
328 267
328 278
328 287
328 289
328 297
328 311
328 322
328 348
328 350
328 369
328 382
328 395
328 417
328 423
328 429
328 432
328 436
328 450
328 463
328 467
328 474
328 483
328 484
328 490
328 503
328 505
328 511
328 516
328 521
328 529
328 530
328 536
328 540
328 552
328 567
328 572
328 574
328 581
328 592
329 26
329 42
329 61
329 65
329 92
329 111
329 122
329 125
329 143
329 183
329 186
329 192
329 193
329 194
329 200
329 213
329 219
329 220
329 251
329 304
329 324
329 342
329 394
329 398
329 431
329 506
329 541
329 551
329 583
329 584
330 16
330 17
330 49
330 63
330 67
330 68
330 79
330 89
330 105
330 130
330 137
330 138
330 144
330 146
330 149
330 152
330 170
330 189
330 195
330 216
330 218
330 224
330 243
330 245
330 270
330 273
330 294
330 315
330 335
330 347
330 355
330 358
330 365
330 367
330 370
330 374
330 376
330 383
330 384
330 393
330 403
330 424
330 433
330 439
330 441
330 455
330 458
330 459
330 472
330 478
330 508
330 513
330 526
330 528
330 550
330 558
330 582
332 15
332 85
332 115
332 155
332 165
332 172
332 227
332 265
332 269
332 298
332 397
332 501
332 570
333 15
333 85
333 115
333 155
333 165
333 172
333 215
333 227
333 265
333 269
333 291
333 298
333 303
333 331
333 332
333 336
333 354
333 362
333 397
333 399
333 402
333 447
333 499
333 501
333 532
333 569
333 570
334 68
334 130
334 146
334 189
334 191
334 283
334 284
334 315
334 355
334 358
334 439
334 455
334 487
334 507
334 546
334 547
334 562
336 85
336 215
336 291
336 303
336 331
336 354
336 499
337 24
337 47
337 54
337 57
337 69
337 75
337 83
337 93
337 112
337 119
337 156
337 165
337 167
337 171
337 173
337 197
337 227
337 229
337 241
337 250
337 257
337 264
337 269
337 274
337 285
337 286
337 298
337 305
337 307
337 327
337 352
337 380
337 381
337 387
337 391
337 397
337 407
337 415
337 422
337 437
337 453
337 462
337 470
337 471
337 477
337 489
337 500
337 501
337 520
337 535
337 537
337 544
337 570
337 579
337 588
338 0
338 33
338 40
338 48
338 72
338 81
338 86
338 91
338 94
338 100
338 106
338 129
338 132
338 135
338 157
338 175
338 188
338 201
338 205
338 221
338 222
338 226
338 249
338 267
338 275
338 297
338 300
338 322
338 356
338 369
338 371
338 377
338 389
338 395
338 423
338 429
338 432
338 436
338 448
338 450
338 467
338 481
338 484
338 490
338 505
338 510
338 511
338 521
338 536
338 540
338 552
338 572
338 587
338 592
339 57
339 69
339 83
339 93
339 156
339 167
339 171
339 173
339 197
339 229
339 274
339 286
339 305
339 307
339 323
339 327
339 352
339 380
339 381
339 387
339 391
339 397
339 407
339 409
339 415
339 422
339 437
339 462
339 470
339 477
339 489
339 500
339 520
339 535
339 564
339 588
340 53
340 71
340 74
340 77
340 85
340 109
340 114
340 126
340 154
340 158
340 214
340 215
340 230
340 282
340 291
340 303
340 331
340 354
340 379
340 386
340 388
340 390
340 414
340 440
340 486
340 493
340 518
340 525
340 543
340 563
340 589
341 17
341 32
341 121
341 152
341 187
341 224
341 288
341 335
341 343
341 376
341 459
341 468
341 512
341 513
341 580
343 335
343 513
344 1
344 13
344 21
344 87
344 107
344 110
344 146
344 160
344 191
344 228
344 232
344 283
344 284
344 296
344 312
344 317
344 351
344 357
344 358
344 360
344 375
344 392
344 419
344 443
344 455
344 463
344 503
344 507
344 517
344 546
344 547
344 559
344 562
344 593
345 5
345 14
345 17
345 32
345 38
345 44
345 121
345 147
345 152
345 187
345 199
345 224
345 259
345 281
345 288
345 290
345 305
345 308
345 335
345 341
345 343
345 376
345 409
345 434
345 459
345 468
345 473
345 494
345 512
345 513
345 564
345 571
345 580
345 590
345 594
346 14
346 32
346 38
346 57
346 66
346 69
346 83
346 93
346 102
346 151
346 156
346 171
346 173
346 184
346 197
346 202
346 209
346 229
346 266
346 274
346 281
346 286
346 305
346 308
346 323
346 352
346 380
346 400
346 407
346 409
346 422
346 434
346 435
346 462
346 470
346 473
346 477
346 485
346 494
346 500
346 523
346 527
346 535
346 553
346 564
346 588
347 63
347 149
348 432
348 505
348 529
348 574
349 1
349 13
349 21
349 68
349 87
349 107
349 110
349 118
349 130
349 146
349 191
349 228
349 283
349 284
349 296
349 312
349 317
349 351
349 358
349 360
349 375
349 392
349 419
349 439
349 443
349 455
349 460
349 463
349 487
349 503
349 507
349 517
349 546
349 547
349 559
349 562
349 593
350 7
350 100
350 129
350 139
350 226
350 278
350 287
350 348
350 382
350 432
350 503
350 505
350 529
350 530
350 567
350 572
350 574
351 283
351 392
351 546
352 229
353 15
353 54
353 73
353 85
353 112
353 115
353 155
353 165
353 172
353 197
353 227
353 229
353 250
353 263
353 264
353 265
353 269
353 298
353 307
353 327
353 332
353 381
353 397
353 462
353 471
353 489
353 501
353 537
353 569
353 570
354 331
355 130
355 455
356 81
356 175
356 222
356 300
356 377
357 1
357 13
357 87
357 107
357 110
357 146
357 160
357 191
357 228
357 232
357 283
357 284
357 296
357 312
357 317
357 351
357 360
357 375
357 392
357 419
357 443
357 463
357 503
357 507
357 517
357 546
357 547
357 559
357 562
357 593
358 455
359 1
359 13
359 110
359 160
359 228
359 232
359 240
359 242
359 246
359 283
359 296
359 317
359 351
359 360
359 375
359 392
359 419
359 432
359 443
359 463
359 503
359 517
359 546
359 559
359 586
359 593
360 1
360 392
361 53
361 71
361 80
361 126
361 326
361 410
361 486
361 492
361 563
361 589
362 15
362 85
362 115
362 155
362 165
362 172
362 215
362 227
362 265
362 269
362 298
362 303
362 331
362 354
362 447
362 499
362 501
362 569
362 570
363 1
363 13
363 87
363 110
363 146
363 160
363 228
363 232
363 240
363 242
363 246
363 283
363 296
363 317
363 351
363 359
363 360
363 375
363 392
363 419
363 432
363 443
363 463
363 503
363 507
363 517
363 546
363 559
363 562
363 586
363 593
364 53
364 71
364 80
364 88
364 114
364 126
364 154
364 217
364 230
364 282
364 379
364 388
364 390
364 442
364 486
364 492
364 493
364 525
364 563
364 589
365 49
365 63
365 67
365 89
365 130
365 138
365 170
365 243
365 273
365 355
365 383
365 424
365 455
365 458
365 508
365 558
366 57
366 69
366 83
366 93
366 156
366 167
366 171
366 173
366 197
366 229
366 274
366 286
366 305
366 307
366 323
366 327
366 352
366 380
366 381
366 387
366 391
366 397
366 407
366 409
366 415
366 422
366 437
366 462
366 470
366 477
366 489
366 500
366 520
366 535
366 564
366 588
367 49
367 63
367 67
367 89
367 130
367 138
367 170
367 243
367 273
367 355
367 383
367 424
367 455
367 458
367 508
367 558
368 81
368 162
368 175
368 204
368 222
368 300
368 356
368 377
369 81
369 94
369 175
369 322
369 467
369 484
370 17
370 149
370 152
370 224
370 335
370 376
370 441
370 459
370 513
371 0
371 33
371 40
371 48
371 72
371 81
371 86
371 91
371 94
371 100
371 106
371 129
371 132
371 135
371 157
371 175
371 188
371 201
371 205
371 221
371 222
371 249
371 297
371 300
371 322
371 356
371 369
371 377
371 395
371 423
371 429
371 436
371 450
371 467
371 481
371 484
371 490
371 505
371 510
371 521
371 536
371 540
371 552
371 572
371 587
371 592
372 50
372 60
372 65
372 92
372 101
372 103
372 125
372 127
372 136
372 162
372 168
372 183
372 186
372 193
372 200
372 208
372 213
372 219
372 220
372 222
372 251
372 255
372 295
372 300
372 324
372 342
372 427
372 541
372 551
372 560
373 38
373 57
373 66
373 69
373 83
373 93
373 102
373 151
373 156
373 167
373 171
373 173
373 184
373 197
373 202
373 209
373 229
373 274
373 286
373 305
373 307
373 308
373 323
373 327
373 339
373 352
373 366
373 380
373 381
373 387
373 391
373 397
373 400
373 407
373 409
373 415
373 420
373 422
373 434
373 435
373 437
373 462
373 470
373 473
373 477
373 485
373 489
373 494
373 500
373 520
373 523
373 527
373 535
373 564
373 588
374 16
374 17
374 63
374 67
374 89
374 105
374 137
374 138
374 144
374 149
374 152
374 170
374 224
374 243
374 270
374 273
374 294
374 335
374 347
374 370
374 376
374 383
374 393
374 424
374 433
374 441
374 458
374 459
374 472
374 508
374 513
374 528
374 550
374 558
374 582
375 228
375 463
375 503
376 17
376 152
376 224
376 335
376 459
376 513
377 81
378 4
378 53
378 71
378 80
378 104
378 268
378 314
378 326
378 405
378 410
378 464
378 486
378 492
378 568
378 589
379 525
379 563
380 477
380 500
381 397
382 287
382 348
382 432
382 503
382 505
382 529
382 567
382 574
383 89
383 138
383 170
383 424
383 458
383 508
384 49
384 63
384 67
384 68
384 89
384 130
384 138
384 144
384 146
384 149
384 170
384 189
384 216
384 218
384 243
384 270
384 273
384 315
384 355
384 358
384 365
384 367
384 383
384 403
384 424
384 439
384 455
384 458
384 508
384 526
384 558
385 15
385 54
385 85
385 112
385 115
385 155
385 165
385 172
385 215
385 227
385 263
385 265
385 269
385 291
385 298
385 303
385 307
385 331
385 332
385 333
385 336
385 354
385 362
385 381
385 397
385 399
385 402
385 447
385 471
385 489
385 499
385 501
385 532
385 537
385 569
385 570
386 53
386 71
386 77
386 85
386 109
386 114
386 126
386 154
386 158
386 215
386 282
386 291
386 303
386 331
386 354
386 379
386 388
386 390
386 414
386 493
386 518
386 525
386 543
386 563
387 57
387 93
387 197
387 229
387 286
387 307
387 327
387 352
387 381
387 397
387 407
387 415
387 422
387 462
387 489
387 535
387 588
388 53
388 71
388 114
388 126
388 282
388 379
388 390
388 525
388 563
389 0
389 33
389 40
389 48
389 72
389 81
389 86
389 91
389 94
389 100
389 106
389 129
389 132
389 135
389 157
389 175
389 188
389 201
389 205
389 221
389 222
389 249
389 297
389 300
389 322
389 356
389 369
389 377
389 395
389 423
389 429
389 436
389 450
389 467
389 481
389 484
389 490
389 505
389 510
389 521
389 536
389 540
389 552
389 572
389 587
389 592
390 525
390 563
391 57
391 69
391 93
391 156
391 173
391 197
391 229
391 286
391 307
391 327
391 352
391 381
391 387
391 397
391 407
391 415
391 422
391 462
391 489
391 535
391 588
393 16
393 63
393 67
393 138
393 149
393 270
393 294
393 347
393 458
393 508
393 558
394 92
394 125
394 186
394 200
394 213
394 219
394 220
394 324
394 342
394 541
394 551
394 583
395 33
395 40
395 48
395 72
395 81
395 86
395 91
395 94
395 106
395 129
395 132
395 157
395 175
395 188
395 201
395 205
395 297
395 322
395 369
395 423
395 429
395 436
395 450
395 467
395 484
395 490
395 521
395 540
395 552
395 572
395 592
396 15
396 52
396 53
396 71
396 77
396 85
396 109
396 114
396 115
396 126
396 141
396 154
396 155
396 158
396 165
396 172
396 215
396 227
396 247
396 265
396 269
396 282
396 291
396 298
396 302
396 303
396 331
396 336
396 354
396 362
396 379
396 386
396 388
396 390
396 399
396 402
396 404
396 414
396 446
396 447
396 493
396 498
396 499
396 501
396 518
396 525
396 532
396 543
396 561
396 563
396 569
396 570
396 591
398 92
398 186
398 220
398 304
398 324
398 342
398 431
398 541
398 583
399 15
399 85
399 115
399 155
399 165
399 215
399 227
399 269
399 291
399 303
399 331
399 336
399 354
399 447
399 499
399 501
399 532
399 569
399 570
400 69
400 83
400 156
400 171
400 173
400 184
400 209
400 229
400 274
400 305
400 308
400 323
400 352
400 380
400 407
400 409
400 422
400 470
400 477
400 500
400 564
400 588
401 15
401 31
401 54
401 73
401 85
401 109
401 112
401 115
401 155
401 158
401 165
401 172
401 197
401 215
401 227
401 229
401 247
401 250
401 263
401 264
401 265
401 269
401 291
401 298
401 303
401 307
401 327
401 331
401 332
401 333
401 336
401 353
401 354
401 362
401 381
401 385
401 397
401 399
401 402
401 414
401 416
401 447
401 462
401 471
401 489
401 493
401 499
401 501
401 532
401 537
401 569
401 570
402 15
402 85
402 115
402 155
402 165
402 172
402 215
402 227
402 265
402 269
402 298
402 303
402 331
402 354
402 447
402 499
402 501
402 569
402 570
403 49
403 63
403 67
403 89
403 130
403 138
403 170
403 189
403 243
403 273
403 355
403 358
403 365
403 367
403 383
403 424
403 439
403 455
403 458
403 508
403 526
403 558
404 85
404 109
404 158
404 215
404 291
404 303
404 331
404 336
404 354
404 414
404 493
404 499
404 525
404 532
404 543
404 563
405 80
405 326
405 410
405 492
406 49
406 68
406 89
406 130
406 138
406 146
406 170
406 189
406 191
406 273
406 284
406 315
406 355
406 358
406 383
406 424
406 439
406 455
406 458
406 487
406 507
406 508
406 526
406 546
406 547
406 562
407 229
408 41
408 49
408 67
408 68
408 89
408 130
408 138
408 146
408 170
408 189
408 191
408 216
408 273
408 283
408 284
408 315
408 334
408 355
408 358
408 383
408 406
408 424
408 439
408 455
408 458
408 487
408 507
408 508
408 526
408 546
408 547
408 558
408 562
408 573
410 492
411 4
411 12
411 28
411 53
411 71
411 80
411 88
411 104
411 114
411 126
411 150
411 154
411 178
411 217
411 230
411 268
411 282
411 299
411 314
411 326
411 361
411 364
411 378
411 379
411 388
411 390
411 405
411 410
411 442
411 452
411 464
411 486
411 492
411 493
411 524
411 525
411 554
411 563
411 568
411 589
412 3
412 14
412 16
412 17
412 32
412 38
412 39
412 44
412 63
412 82
412 84
412 98
412 105
412 121
412 147
412 149
412 152
412 187
412 203
412 224
412 256
412 270
412 280
412 288
412 294
412 308
412 335
412 341
412 343
412 347
412 370
412 376
412 434
412 441
412 459
412 468
412 473
412 494
412 512
412 513
412 558
412 571
412 580
412 590
413 1
413 21
413 68
413 87
413 107
413 118
413 130
413 146
413 189
413 191
413 228
413 283
413 284
413 312
413 315
413 334
413 351
413 355
413 358
413 360
413 392
413 419
413 439
413 455
413 460
413 487
413 507
413 546
413 547
413 559
413 562
413 593
414 215
414 331
414 354
414 493
415 93
415 197
415 229
415 307
415 327
415 352
415 381
415 397
415 407
415 462
415 489
415 588
416 15
416 54
416 85
416 109
416 112
416 115
416 155
416 158
416 165
416 172
416 215
416 227
416 247
416 263
416 265
416 269
416 291
416 298
416 303
416 307
416 331
416 332
416 333
416 336
416 354
416 362
416 381
416 385
416 397
416 399
416 402
416 414
416 447
416 471
416 489
416 493
416 499
416 501
416 532
416 537
416 569
416 570
417 226
417 228
417 278
417 287
417 348
417 382
417 432
417 463
417 483
417 503
417 505
417 529
417 530
417 567
417 572
417 574
418 53
418 71
418 74
418 80
418 88
418 114
418 126
418 154
418 158
418 215
418 230
418 282
418 331
418 354
418 379
418 388
418 390
418 414
418 442
418 486
418 493
418 518
418 525
418 563
418 589
419 283
419 392
419 546
420 57
420 69
420 83
420 93
420 156
420 167
420 171
420 173
420 197
420 229
420 274
420 286
420 305
420 307
420 323
420 327
420 352
420 380
420 381
420 387
420 391
420 397
420 407
420 409
420 415
420 422
420 437
420 462
420 470
420 477
420 489
420 500
420 520
420 535
420 564
420 588
421 18
421 45
421 50
421 60
421 65
421 81
421 92
421 101
421 103
421 124
421 125
421 127
421 134
421 136
421 162
421 168
421 175
421 177
421 179
421 183
421 186
421 193
421 200
421 204
421 208
421 213
421 219
421 220
421 222
421 251
421 253
421 255
421 295
421 300
421 321
421 322
421 324
421 325
421 342
421 356
421 368
421 372
421 377
421 427
421 502
421 522
421 541
421 551
421 560
421 575
421 577
421 585
423 72
424 458
424 508
425 1
425 21
425 49
425 68
425 87
425 89
425 107
425 130
425 138
425 146
425 170
425 189
425 191
425 273
425 283
425 284
425 312
425 315
425 334
425 351
425 355
425 358
425 360
425 383
425 392
425 406
425 419
425 424
425 439
425 455
425 458
425 487
425 507
425 508
425 526
425 546
425 547
425 559
425 562
425 566
425 573
426 24
426 54
426 57
426 66
426 69
426 83
426 93
426 119
426 151
426 156
426 167
426 171
426 173
426 184
426 197
426 209
426 229
426 233
426 241
426 250
426 257
426 264
426 274
426 286
426 305
426 307
426 308
426 323
426 327
426 339
426 352
426 366
426 380
426 381
426 387
426 391
426 397
426 400
426 407
426 409
426 415
426 420
426 422
426 434
426 435
426 437
426 462
426 470
426 477
426 489
426 491
426 494
426 500
426 519
426 520
426 527
426 535
426 537
426 544
426 564
426 588
427 65
427 162
427 193
427 222
427 255
427 300
427 560
428 53
428 71
428 74
428 80
428 88
428 114
428 126
428 154
428 158
428 180
428 215
428 217
428 230
428 282
428 299
428 331
428 354
428 364
428 379
428 388
428 390
428 414
428 418
428 442
428 452
428 486
428 492
428 493
428 518
428 525
428 563
428 589
429 72
429 91
429 94
429 129
429 188
429 201
429 205
429 297
429 423
429 436
429 467
429 490
429 521
429 552
429 572
430 53
430 70
430 71
430 74
430 77
430 80
430 85
430 88
430 109
430 114
430 126
430 154
430 158
430 180
430 207
430 214
430 215
430 230
430 282
430 291
430 302
430 303
430 331
430 336
430 340
430 354
430 379
430 386
430 388
430 390
430 404
430 414
430 418
430 440
430 442
430 486
430 493
430 499
430 518
430 525
430 532
430 543
430 563
430 589
431 220
431 324
431 583
433 16
433 63
433 67
433 89
433 138
433 144
433 149
433 170
433 243
433 270
433 273
433 294
433 347
433 383
433 393
433 424
433 458
433 508
433 558
435 69
435 83
435 156
435 171
435 173
435 184
435 209
435 229
435 274
435 305
435 308
435 323
435 352
435 380
435 407
435 409
435 422
435 470
435 477
435 500
435 564
435 588
436 72
436 94
436 188
436 205
436 297
436 423
436 467
437 57
437 69
437 83
437 93
437 156
437 173
437 197
437 229
437 286
437 307
437 327
437 352
437 380
437 381
437 387
437 391
437 397
437 407
437 415
437 422
437 462
437 477
437 489
437 500
437 535
437 588
438 13
438 226
438 228
438 232
438 278
438 287
438 311
438 348
438 375
438 382
438 417
438 432
438 463
438 483
438 503
438 505
438 529
438 530
438 567
438 572
438 574
438 586
439 130
439 358
439 455
440 53
440 71
440 74
440 77
440 114
440 126
440 154
440 158
440 215
440 230
440 282
440 303
440 331
440 354
440 379
440 388
440 390
440 414
440 486
440 493
440 518
440 525
440 543
440 563
440 589
441 17
441 149
441 152
441 224
441 335
441 459
441 513
442 53
442 71
442 80
442 88
442 114
442 126
442 154
442 230
442 282
442 379
442 388
442 390
442 486
442 493
442 525
442 563
442 589
443 1
443 13
443 228
443 296
443 375
443 463
443 503
444 15
444 52
444 53
444 71
444 77
444 85
444 109
444 112
444 114
444 115
444 126
444 141
444 154
444 155
444 158
444 165
444 172
444 206
444 215
444 227
444 235
444 247
444 263
444 265
444 269
444 282
444 291
444 298
444 302
444 303
444 331
444 332
444 333
444 336
444 354
444 362
444 379
444 381
444 386
444 388
444 390
444 396
444 397
444 399
444 402
444 404
444 414
444 446
444 447
444 479
444 493
444 498
444 499
444 501
444 518
444 525
444 532
444 537
444 543
444 561
444 563
444 569
444 570
444 591
446 15
446 85
446 109
446 115
446 155
446 158
446 165
446 215
446 247
446 282
446 291
446 303
446 331
446 336
446 354
446 379
446 390
446 404
446 414
446 493
446 499
446 525
446 532
446 543
446 563
446 569
446 570
447 15
447 85
447 115
447 155
447 165
447 215
447 227
447 269
447 303
447 331
447 354
447 499
447 501
447 569
447 570
448 33
448 40
448 48
448 72
448 81
448 86
448 91
448 94
448 100
448 106
448 129
448 132
448 135
448 157
448 175
448 188
448 201
448 205
448 221
448 226
448 249
448 267
448 297
448 322
448 369
448 377
448 395
448 423
448 429
448 432
448 436
448 450
448 467
448 484
448 490
448 505
448 511
448 521
448 536
448 540
448 552
448 572
448 592
449 26
449 50
449 60
449 65
449 92
449 101
449 103
449 111
449 125
449 127
449 136
449 145
449 162
449 168
449 179
449 183
449 186
449 193
449 200
449 208
449 211
449 213
449 219
449 220
449 222
449 251
449 255
449 261
449 295
449 300
449 304
449 324
449 342
449 372
449 394
449 398
449 427
449 431
449 541
449 551
449 560
449 583
450 72
450 81
450 94
450 175
450 188
450 201
450 205
450 297
450 322
450 423
450 436
450 467
450 484
450 540
450 552
451 5
451 9
451 14
451 17
451 32
451 38
451 44
451 66
451 121
451 147
451 152
451 184
451 199
451 209
451 224
451 234
451 259
451 281
451 288
451 290
451 305
451 308
451 335
451 343
451 409
451 434
451 459
451 468
451 470
451 473
451 485
451 494
451 513
451 523
451 564
451 580
451 590
451 594
452 53
452 71
452 80
452 88
452 114
452 126
452 154
452 217
452 282
452 379
452 388
452 390
452 486
452 492
452 525
452 563
452 589
453 24
453 47
453 54
453 57
453 69
453 75
453 83
453 93
453 119
453 156
453 167
453 171
453 173
453 197
453 229
453 241
453 250
453 257
453 264
453 274
453 285
453 286
453 298
453 305
453 307
453 327
453 352
453 380
453 381
453 387
453 391
453 397
453 407
453 415
453 422
453 437
453 462
453 470
453 477
453 489
453 500
453 501
453 520
453 535
453 537
453 544
453 579
453 588
456 1
456 13
456 87
456 110
456 146
456 160
456 228
456 232
456 240
456 242
456 246
456 283
456 296
456 317
456 351
456 359
456 360
456 375
456 392
456 419
456 432
456 443
456 463
456 503
456 507
456 517
456 546
456 559
456 562
456 586
456 593
457 1
457 21
457 68
457 87
457 107
457 118
457 130
457 146
457 189
457 191
457 228
457 283
457 284
457 296
457 312
457 315
457 317
457 334
457 351
457 355
457 358
457 360
457 392
457 413
457 419
457 424
457 439
457 455
457 458
457 460
457 487
457 507
457 508
457 517
457 546
457 547
457 559
457 562
457 566
457 593
460 1
460 21
460 68
460 87
460 107
460 130
460 146
460 191
460 228
460 283
460 284
460 312
460 351
460 358
460 360
460 392
460 419
460 439
460 455
460 487
460 507
460 546
460 547
460 559
460 562
460 593
461 7
461 13
461 48
461 58
461 72
461 91
461 94
461 100
461 108
461 129
461 139
461 157
461 160
461 188
461 201
461 205
461 226
461 228
461 232
461 249
461 272
461 278
461 287
461 289
461 297
461 311
461 348
461 350
461 375
461 382
461 417
461 423
461 429
461 432
461 436
461 438
461 463
461 467
461 474
461 483
461 490
461 503
461 505
461 511
461 521
461 529
461 530
461 536
461 552
461 567
461 572
461 574
461 586
462 229
463 228
463 503
464 314
465 4
465 36
465 53
465 55
465 71
465 80
465 88
465 96
465 104
465 114
465 126
465 154
465 178
465 185
465 237
465 268
465 271
465 282
465 292
465 314
465 326
465 361
465 378
465 379
465 390
465 405
465 410
465 445
465 454
465 464
465 476
465 486
465 492
465 525
465 539
465 554
465 555
465 563
465 568
465 578
465 589
466 5
466 14
466 17
466 32
466 38
466 44
466 66
466 121
466 147
466 152
466 184
466 187
466 199
466 224
466 234
466 259
466 281
466 288
466 290
466 305
466 308
466 335
466 341
466 343
466 345
466 376
466 409
466 434
466 459
466 468
466 470
466 473
466 494
466 512
466 513
466 523
466 564
466 571
466 580
466 590
466 594
467 94
468 32
468 121
468 288
468 335
468 343
468 513
469 15
469 24
469 47
469 54
469 57
469 69
469 93
469 112
469 119
469 156
469 165
469 173
469 197
469 227
469 229
469 250
469 263
469 264
469 265
469 269
469 285
469 286
469 298
469 307
469 327
469 352
469 381
469 387
469 391
469 397
469 407
469 415
469 422
469 462
469 471
469 489
469 501
469 535
469 537
469 544
469 570
469 579
469 588
470 305
471 54
471 112
471 165
471 227
471 269
471 298
471 307
471 381
471 397
471 489
471 501
471 537
471 570
472 16
472 17
472 63
472 67
472 89
472 138
472 144
472 149
472 152
472 170
472 224
472 243
472 270
472 294
472 335
472 347
472 393
472 424
472 441
472 458
472 459
472 508
472 513
472 558
473 434
473 494
474 7
474 48
474 72
474 91
474 94
474 100
474 129
474 157
474 188
474 201
474 205
474 226
474 249
474 287
474 289
474 297
474 348
474 423
474 429
474 432
474 436
474 467
474 490
474 505
474 511
474 521
474 529
474 536
474 552
474 572
474 574
475 7
475 13
475 40
475 43
475 48
475 58
475 72
475 91
475 94
475 100
475 106
475 108
475 129
475 139
475 157
475 160
475 188
475 198
475 201
475 205
475 226
475 228
475 232
475 249
475 267
475 272
475 278
475 287
475 289
475 297
475 311
475 348
475 350
475 375
475 382
475 417
475 423
475 429
475 432
475 436
475 438
475 461
475 463
475 467
475 474
475 483
475 484
475 490
475 503
475 505
475 511
475 521
475 529
475 530
475 536
475 540
475 552
475 567
475 572
475 574
475 581
475 586
476 271
476 445
476 454
476 539
478 16
478 17
478 49
478 63
478 67
478 89
478 130
478 138
478 144
478 149
478 152
478 170
478 224
478 243
478 270
478 273
478 294
478 335
478 347
478 355
478 365
478 367
478 383
478 393
478 424
478 433
478 441
478 455
478 458
478 459
478 472
478 508
478 513
478 528
478 550
478 558
478 582
479 15
479 85
479 109
479 112
479 115
479 155
479 158
479 165
479 172
479 215
479 227
479 247
479 263
479 265
479 269
479 282
479 291
479 298
479 303
479 331
479 332
479 333
479 336
479 354
479 362
479 379
479 381
479 390
479 397
479 399
479 402
479 404
479 414
479 446
479 447
479 493
479 499
479 501
479 525
479 532
479 537
479 543
479 561
479 563
479 569
479 570
480 0
480 10
480 33
480 40
480 59
480 65
480 72
480 81
480 91
480 94
480 124
480 129
480 132
480 134
480 135
480 162
480 175
480 177
480 188
480 193
480 201
480 204
480 205
480 222
480 253
480 255
480 279
480 297
480 300
480 321
480 322
480 356
480 368
480 369
480 377
480 423
480 436
480 450
480 467
480 481
480 484
480 490
480 510
480 521
480 540
480 552
480 560
480 572
480 577
480 585
480 587
481 72
481 81
481 94
481 132
481 135
481 175
481 188
481 201
481 205
481 222
481 297
481 300
481 322
481 356
481 369
481 377
481 423
481 436
481 450
481 467
481 484
481 540
481 552
482 15
482 31
482 54
482 64
482 73
482 85
482 97
482 109
482 112
482 115
482 155
482 158
482 165
482 172
482 197
482 215
482 227
482 229
482 247
482 250
482 263
482 264
482 265
482 269
482 282
482 291
482 298
482 303
482 307
482 327
482 331
482 332
482 333
482 336
482 353
482 354
482 362
482 379
482 381
482 385
482 390
482 397
482 399
482 401
482 402
482 404
482 414
482 416
482 446
482 447
482 462
482 471
482 479
482 489
482 493
482 499
482 501
482 525
482 532
482 537
482 543
482 561
482 563
482 569
482 570
483 228
483 348
483 432
483 463
483 503
483 505
483 529
483 567
483 574
484 94
484 467
485 38
485 66
485 184
485 209
485 305
485 308
485 409
485 434
485 470
485 473
485 494
485 523
485 564
486 53
486 71
487 68
487 130
487 146
487 191
487 284
487 358
487 439
487 455
487 507
487 546
487 547
487 562
488 16
488 17
488 41
488 49
488 63
488 67
488 68
488 79
488 89
488 128
488 130
488 138
488 144
488 146
488 149
488 170
488 189
488 191
488 216
488 218
488 231
488 243
488 245
488 270
488 273
488 284
488 294
488 315
488 347
488 355
488 358
488 365
488 367
488 383
488 384
488 393
488 403
488 406
488 424
488 433
488 439
488 455
488 458
488 459
488 487
488 507
488 508
488 526
488 528
488 533
488 546
488 547
488 550
488 558
488 562
489 381
489 397
490 72
490 94
490 129
490 188
490 201
490 205
490 297
490 423
490 436
490 467
490 552
490 572
491 24
491 54
491 57
491 69
491 83
491 93
491 119
491 156
491 167
491 171
491 173
491 184
491 197
491 209
491 229
491 233
491 241
491 250
491 257
491 264
491 274
491 286
491 305
491 307
491 308
491 323
491 327
491 339
491 352
491 366
491 380
491 381
491 387
491 391
491 397
491 400
491 407
491 409
491 415
491 420
491 422
491 435
491 437
491 462
491 470
491 477
491 489
491 500
491 519
491 520
491 535
491 537
491 544
491 564
491 588
495 34
495 42
495 78
495 92
495 122
495 186
495 192
495 194
495 220
495 304
495 324
495 342
495 398
495 431
495 504
495 541
495 583
496 5
496 6
496 9
496 14
496 32
496 38
496 44
496 66
496 102
496 121
496 147
496 184
496 209
496 234
496 266
496 281
496 305
496 308
496 323
496 380
496 409
496 434
496 470
496 473
496 477
496 485
496 494
496 500
496 523
496 527
496 564
497 3
497 14
497 16
497 17
497 32
497 38
497 39
497 44
497 63
497 67
497 82
497 84
497 89
497 98
497 105
497 121
497 137
497 138
497 144
497 147
497 148
497 149
497 152
497 164
497 170
497 174
497 187
497 203
497 224
497 243
497 252
497 256
497 270
497 280
497 288
497 294
497 335
497 341
497 343
497 347
497 370
497 376
497 393
497 424
497 434
497 441
497 458
497 459
497 468
497 472
497 473
497 494
497 508
497 512
497 513
497 558
497 580
497 582
498 15
498 53
498 71
498 77
498 85
498 109
498 114
498 115
498 126
498 141
498 155
498 158
498 165
498 172
498 215
498 227
498 247
498 265
498 269
498 282
498 291
498 298
498 303
498 331
498 336
498 354
498 362
498 379
498 388
498 390
498 399
498 402
498 404
498 414
498 446
498 447
498 493
498 499
498 501
498 518
498 525
498 532
498 543
498 561
498 563
498 569
498 570
499 85
499 303
499 331
502 18
502 45
502 50
502 65
502 81
502 103
502 124
502 125
502 127
502 134
502 136
502 162
502 168
502 175
502 177
502 183
502 186
502 193
502 204
502 208
502 213
502 219
502 220
502 222
502 251
502 253
502 255
502 295
502 300
502 321
502 322
502 325
502 342
502 356
502 368
502 377
502 427
502 522
502 560
502 575
502 577
502 585
504 42
504 122
504 192
504 194
504 220
504 324
504 431
504 583
506 26
506 65
506 92
506 111
506 122
506 125
506 183
506 186
506 192
506 193
506 194
506 200
506 213
506 219
506 220
506 251
506 304
506 324
506 342
506 394
506 398
506 431
506 541
506 551
506 583
507 146
509 15
509 24
509 47
509 54
509 57
509 73
509 85
509 93
509 112
509 115
509 119
509 155
509 165
509 172
509 197
509 227
509 229
509 250
509 263
509 264
509 265
509 269
509 286
509 298
509 303
509 307
509 327
509 331
509 332
509 352
509 353
509 381
509 387
509 397
509 407
509 415
509 422
509 462
509 471
509 489
509 499
509 501
509 535
509 537
509 544
509 545
509 569
509 570
509 579
509 588
510 33
510 40
510 72
510 81
510 91
510 94
510 129
510 132
510 135
510 175
510 188
510 201
510 205
510 222
510 297
510 300
510 322
510 356
510 369
510 377
510 423
510 436
510 450
510 467
510 481
510 484
510 490
510 521
510 540
510 552
510 572
510 587
511 72
511 100
511 129
511 188
511 226
511 249
511 423
511 432
511 505
511 572
512 17
512 32
512 121
512 152
512 187
512 224
512 288
512 335
512 343
512 376
512 459
512 468
512 513
512 580
513 335
514 21
514 41
514 49
514 63
514 67
514 68
514 87
514 89
514 90
514 128
514 130
514 138
514 146
514 170
514 189
514 191
514 216
514 243
514 273
514 283
514 284
514 315
514 334
514 351
514 355
514 358
514 365
514 367
514 383
514 392
514 403
514 406
514 408
514 419
514 424
514 439
514 455
514 458
514 487
514 507
514 508
514 526
514 546
514 547
514 558
514 559
514 562
514 573
515 24
515 47
515 54
515 57
515 69
515 75
515 83
515 93
515 119
515 156
515 167
515 171
515 173
515 182
515 184
515 197
515 209
515 229
515 233
515 241
515 250
515 257
515 264
515 274
515 285
515 286
515 298
515 305
515 307
515 308
515 323
515 327
515 339
515 352
515 366
515 380
515 381
515 387
515 391
515 397
515 400
515 407
515 409
515 415
515 420
515 422
515 435
515 437
515 453
515 462
515 470
515 477
515 489
515 491
515 500
515 501
515 519
515 520
515 535
515 537
515 544
515 564
515 579
515 588
516 7
516 33
516 40
516 48
516 72
516 81
516 91
516 94
516 100
516 106
516 129
516 139
516 157
516 175
516 188
516 198
516 201
516 205
516 226
516 249
516 267
516 278
516 287
516 289
516 297
516 322
516 348
516 350
516 382
516 423
516 429
516 432
516 436
516 450
516 467
516 474
516 484
516 490
516 503
516 505
516 511
516 521
516 529
516 530
516 536
516 540
516 552
516 567
516 572
516 574
516 581
516 592
517 1
517 228
517 283
517 296
517 351
517 360
517 392
517 419
517 546
517 559
517 593
518 53
518 71
518 114
518 126
518 158
518 215
518 282
518 331
518 354
518 379
518 388
518 390
518 414
518 493
518 525
518 563
519 24
519 57
519 69
519 83
519 93
519 156
519 167
519 171
519 173
519 197
519 229
519 241
519 250
519 264
519 274
519 286
519 305
519 307
519 323
519 327
519 352
519 380
519 381
519 387
519 391
519 397
519 407
519 415
519 422
519 437
519 462
519 470
519 477
519 489
519 500
519 520
519 535
519 544
519 588
520 57
520 69
520 83
520 93
520 156
520 173
520 197
520 229
520 286
520 307
520 327
520 352
520 380
520 381
520 387
520 391
520 397
520 407
520 415
520 422
520 462
520 477
520 489
520 500
520 535
520 588
521 72
521 94
521 129
521 188
521 201
521 205
521 297
521 423
521 436
521 467
521 552
521 572
522 65
522 81
522 103
522 125
522 127
522 134
522 136
522 162
522 168
522 193
522 204
522 208
522 219
522 222
522 255
522 300
522 321
522 377
522 427
522 560
523 38
523 66
523 184
523 305
523 308
523 409
523 434
523 470
523 473
523 494
523 564
524 4
524 12
524 53
524 71
524 80
524 88
524 114
524 126
524 154
524 217
524 268
524 282
524 314
524 326
524 361
524 379
524 388
524 390
524 405
524 410
524 452
524 464
524 486
524 492
524 525
524 554
524 563
524 589
525 563
526 49
526 89
526 130
526 138
526 170
526 189
526 273
526 355
526 358
526 383
526 424
526 439
526 455
526 458
526 508
527 66
527 184
527 209
527 305
527 308
527 323
527 380
527 409
527 434
527 470
527 477
527 494
527 500
527 564
528 16
528 17
528 63
528 67
528 89
528 138
528 144
528 149
528 170
528 243
528 270
528 273
528 294
528 347
528 383
528 393
528 424
528 433
528 458
528 459
528 508
528 558
529 432
529 505
530 226
530 287
530 348
530 432
530 503
530 505
530 529
530 567
530 572
530 574
531 3
531 14
531 17
531 32
531 38
531 39
531 44
531 98
531 121
531 147
531 152
531 187
531 199
531 224
531 288
531 308
531 335
531 341
531 343
531 376
531 409
531 434
531 459
531 468
531 473
531 494
531 512
531 513
531 564
531 571
531 580
531 590
532 85
532 215
532 291
532 303
532 331
532 354
532 499
533 41
533 49
533 63
533 67
533 68
533 89
533 128
533 130
533 138
533 144
533 146
533 149
533 170
533 189
533 191
533 216
533 218
533 231
533 243
533 270
533 273
533 284
533 315
533 355
533 358
533 365
533 367
533 383
533 384
533 403
533 406
533 424
533 439
533 455
533 458
533 487
533 507
533 508
533 526
533 546
533 547
533 558
533 562
534 13
534 58
534 108
534 160
534 226
534 228
534 232
534 240
534 246
534 272
534 278
534 287
534 296
534 311
534 348
534 375
534 382
534 417
534 432
534 438
534 463
534 483
534 503
534 505
534 529
534 530
534 567
534 572
534 574
534 586
535 93
535 197
535 229
535 286
535 352
535 407
535 422
535 462
535 588
536 48
536 72
536 91
536 94
536 100
536 129
536 157
536 188
536 201
536 205
536 249
536 297
536 423
536 429
536 436
536 467
536 490
536 505
536 521
536 552
536 572
537 381
537 397
538 0
538 10
538 30
538 33
538 40
538 48
538 59
538 65
538 72
538 81
538 86
538 91
538 94
538 106
538 124
538 129
538 132
538 134
538 135
538 157
538 162
538 175
538 177
538 188
538 193
538 201
538 204
538 205
538 221
538 222
538 236
538 253
538 255
538 258
538 279
538 297
538 300
538 321
538 322
538 356
538 368
538 369
538 377
538 395
538 423
538 429
538 436
538 450
538 467
538 480
538 481
538 484
538 490
538 510
538 521
538 540
538 552
538 560
538 572
538 577
538 585
538 587
538 592
539 271
539 454
540 72
540 94
540 205
540 297
540 467
540 484
541 220
541 324
541 342
543 158
543 215
543 303
543 331
543 354
543 414
543 493
543 525
543 563
544 93
544 197
544 229
544 250
544 264
544 307
544 327
544 352
544 381
544 397
544 407
544 415
544 462
544 489
544 588
545 15
545 47
545 54
545 73
545 85
545 93
545 112
545 115
545 155
545 165
545 172
545 197
545 227
545 229
545 250
545 263
545 264
545 265
545 269
545 298
545 307
545 327
545 332
545 352
545 381
545 397
545 407
545 415
545 462
545 471
545 489
545 501
545 537
545 544
545 570
545 588
547 146
547 191
547 284
547 507
547 546
547 562
548 1
548 13
548 87
548 110
548 146
548 160
548 228
548 232
548 240
548 242
548 246
548 283
548 296
548 317
548 348
548 351
548 359
548 360
548 363
548 375
548 392
548 419
548 432
548 443
548 456
548 463
548 483
548 503
548 505
548 507
548 517
548 529
548 546
548 559
548 562
548 567
548 574
548 586
548 593
549 0
549 30
549 33
549 40
549 48
549 72
549 81
549 86
549 91
549 94
549 100
549 106
549 129
549 132
549 135
549 157
549 175
549 177
549 188
549 201
549 204
549 205
549 221
549 222
549 226
549 236
549 249
549 267
549 275
549 297
549 300
549 322
549 338
549 356
549 369
549 371
549 377
549 389
549 395
549 423
549 429
549 432
549 436
549 448
549 450
549 467
549 481
549 484
549 490
549 505
549 510
549 511
549 521
549 536
549 540
549 552
549 572
549 587
549 592
550 16
550 17
550 63
550 67
550 89
550 138
550 144
550 149
550 170
550 243
550 270
550 273
550 294
550 347
550 383
550 393
550 424
550 433
550 458
550 459
550 508
550 558
551 125
551 186
551 213
551 219
551 220
551 324
551 342
552 72
552 94
552 188
552 205
552 297
552 423
552 467
553 14
553 32
553 38
553 66
553 69
553 83
553 102
553 151
553 156
553 171
553 173
553 184
553 209
553 229
553 266
553 274
553 281
553 305
553 308
553 323
553 352
553 380
553 400
553 407
553 409
553 422
553 434
553 435
553 470
553 473
553 477
553 485
553 494
553 500
553 523
553 527
553 564
553 588
554 53
554 71
554 80
554 88
554 114
554 126
554 154
554 282
554 326
554 361
554 379
554 390
554 405
554 410
554 486
554 492
554 525
554 563
554 589
555 104
555 237
555 268
555 292
555 314
555 326
555 410
555 445
555 464
555 492
555 568
555 578
556 10
556 18
556 65
556 81
556 94
556 103
556 124
556 125
556 127
556 134
556 136
556 162
556 168
556 175
556 177
556 193
556 204
556 208
556 219
556 222
556 253
556 255
556 300
556 318
556 321
556 322
556 325
556 356
556 368
556 369
556 377
556 427
556 467
556 484
556 522
556 560
556 577
556 585
557 10
557 18
557 19
557 45
557 50
557 65
557 81
557 94
557 103
557 124
557 125
557 127
557 134
557 136
557 162
557 168
557 175
557 177
557 183
557 186
557 193
557 204
557 208
557 213
557 219
557 220
557 222
557 251
557 253
557 255
557 260
557 295
557 300
557 318
557 321
557 322
557 325
557 342
557 356
557 368
557 369
557 377
557 427
557 467
557 484
557 502
557 522
557 556
557 560
557 575
557 577
557 585
559 283
559 392
559 546
560 65
560 162
560 193
560 222
560 255
560 300
561 15
561 85
561 109
561 115
561 155
561 158
561 165
561 172
561 215
561 227
561 247
561 265
561 269
561 291
561 298
561 303
561 331
561 336
561 354
561 362
561 399
561 402
561 404
561 414
561 447
561 493
561 499
561 501
561 525
561 532
561 543
561 563
561 569
561 570
562 146
565 1
565 21
565 49
565 68
565 87
565 89
565 107
565 130
565 138
565 146
565 170
565 189
565 191
565 273
565 283
565 284
565 312
565 315
565 334
565 351
565 355
565 358
565 360
565 383
565 392
565 406
565 419
565 424
565 439
565 455
565 458
565 487
565 507
565 508
565 526
565 546
565 547
565 559
565 562
565 566
565 573
566 1
566 21
566 68
566 87
566 107
566 130
566 146
566 189
566 191
566 283
566 284
566 312
566 315
566 334
566 351
566 355
566 358
566 360
566 392
566 419
566 424
566 439
566 455
566 458
566 487
566 507
566 508
566 546
566 547
566 559
566 562
567 348
567 432
567 503
567 505
567 529
567 574
568 314
568 464
569 15
569 85
569 115
569 155
569 165
569 570
571 14
571 17
571 32
571 38
571 44
571 121
571 147
571 152
571 187
571 224
571 288
571 308
571 335
571 341
571 343
571 376
571 434
571 459
571 468
571 473
571 494
571 512
571 513
571 580
571 590
573 49
573 68
573 89
573 130
573 138
573 146
573 170
573 189
573 191
573 273
573 283
573 284
573 315
573 334
573 355
573 358
573 383
573 406
573 424
573 439
573 455
573 458
573 487
573 507
573 508
573 526
573 546
573 547
573 562
574 432
574 505
575 50
575 65
575 81
575 103
575 125
575 127
575 134
575 136
575 162
575 168
575 183
575 186
575 193
575 204
575 208
575 213
575 219
575 220
575 222
575 251
575 255
575 295
575 300
575 321
575 342
575 377
575 427
575 522
575 560
576 53
576 70
576 71
576 74
576 77
576 80
576 85
576 88
576 109
576 114
576 126
576 154
576 158
576 180
576 207
576 214
576 215
576 230
576 282
576 291
576 302
576 303
576 331
576 336
576 340
576 354
576 379
576 386
576 388
576 390
576 404
576 414
576 418
576 440
576 442
576 486
576 493
576 499
576 518
576 525
576 532
576 543
576 563
576 589
577 65
577 81
577 124
577 134
577 162
577 175
577 193
577 204
577 222
577 253
577 255
577 300
577 321
577 356
577 368
577 377
577 560
578 104
578 237
578 268
578 292
578 314
578 326
578 410
578 445
578 464
578 492
578 568
579 24
579 47
579 54
579 57
579 93
579 119
579 197
579 229
579 250
579 264
579 286
579 298
579 307
579 327
579 352
579 381
579 387
579 397
579 407
579 415
579 422
579 462
579 489
579 501
579 535
579 537
579 544
579 588
580 17
580 152
580 224
580 288
580 335
580 343
580 459
580 513
581 7
581 40
581 48
581 72
581 91
581 94
581 100
581 106
581 129
581 139
581 157
581 188
581 201
581 205
581 226
581 249
581 267
581 278
581 287
581 289
581 297
581 348
581 423
581 429
581 432
581 436
581 467
581 474
581 484
581 490
581 503
581 505
581 511
581 521
581 529
581 530
581 536
581 540
581 552
581 567
581 572
581 574
582 16
582 17
582 63
582 67
582 89
582 138
582 144
582 149
582 152
582 170
582 224
582 243
582 270
582 294
582 335
582 347
582 393
582 424
582 441
582 458
582 459
582 508
582 513
582 558
583 220
583 324
584 92
584 111
584 122
584 125
584 186
584 192
584 194
584 213
584 219
584 220
584 304
584 324
584 342
584 398
584 431
584 541
584 583
585 65
585 81
585 124
585 134
585 162
585 175
585 177
585 193
585 204
585 222
585 253
585 255
585 300
585 321
585 322
585 356
585 368
585 377
585 560
585 577
586 13
586 228
586 232
586 375
586 432
586 463
586 503
587 72
587 81
587 94
587 132
587 135
587 175
587 188
587 201
587 205
587 222
587 297
587 300
587 322
587 356
587 369
587 377
587 423
587 436
587 450
587 467
587 484
587 540
587 552
588 229
589 53
589 71
590 14
590 17
590 32
590 38
590 44
590 121
590 147
590 152
590 224
590 288
590 308
590 335
590 343
590 434
590 459
590 468
590 473
590 494
590 513
590 580
591 15
591 53
591 71
591 77
591 85
591 109
591 114
591 115
591 126
591 141
591 155
591 158
591 165
591 172
591 215
591 227
591 247
591 265
591 269
591 282
591 291
591 298
591 303
591 331
591 336
591 354
591 362
591 379
591 388
591 390
591 399
591 402
591 404
591 414
591 446
591 447
591 493
591 499
591 501
591 518
591 525
591 532
591 543
591 561
591 563
591 569
591 570
592 33
592 40
592 48
592 72
592 81
592 91
592 94
592 106
592 129
592 157
592 175
592 188
592 201
592 205
592 297
592 322
592 423
592 429
592 436
592 450
592 467
592 484
592 490
592 521
592 540
592 552
592 572
593 1
593 228
593 283
593 351
593 360
593 392
593 419
593 546
593 559
594 5
594 14
594 32
594 38
594 44
594 121
594 147
594 259
594 281
594 288
594 305
594 308
594 335
594 343
594 409
594 434
594 468
594 473
594 494
594 513
594 564
