12
0 1 4 76
0 2 47 34
0 3 83 57
0 4 75 56
0 5 4 72
0 6 66 63
0 7 72 62
0 8 25 68
0 9 44 77
0 10 39 65
0 11 56 62
1 2 33 43
1 3 85 8
1 4 18 51
1 5 6 85
1 6 59 63
1 7 65 56
1 8 90 16
1 9 82 34
1 10 82 18
1 11 87 37
2 3 57 52
2 4 67 38
2 5 47 31
2 6 33 55
2 7 10 82
2 8 92 37
2 9 75 56
2 10 81 19
2 11 75 28
3 4 34 81
3 5 15 54
3 6 39 57
3 7 80 33
3 8 62 37
3 9 95 35
3 10 62 44
3 11 47 48
4 5 73 35
4 6 27 62
4 7 40 63
4 8 4 79
4 9 21 87
4 10 4 60
4 11 87 56
5 6 89 12
5 7 47 28
5 8 99 17
5 9 60 39
5 10 45 76
5 11 53 36
6 7 84 45
6 8 98 11
6 9 74 61
6 10 40 31
6 11 17 62
7 8 72 35
7 9 85 28
7 10 75 39
7 11 91 20
8 9 84 32
8 10 89 22
8 11 47 42
9 10 40 51
9 11 84 38
10 11 95 43
