0 1 10 10
0 2 0 90
0 3 97 97
0 4 21 22
0 5 23 16
0 6 14 23
0 7 20 13
0 8 10 25
0 9 23 20
0 10 16 15
0 11 15 17
0 12 19 23
0 13 23 19
0 14 16 10
0 15 12 16
0 16 25 12
0 17 16 22
0 18 17 18
0 19 11 17
1 2 90 0
1 3 98 97
1 4 26 23
1 5 16 22
1 6 16 11
1 7 12 25
1 8 17 17
1 9 14 24
1 10 26 22
1 11 20 10
1 12 20 23
1 13 12 18
1 14 19 21
1 15 12 19
1 16 18 26
1 17 19 15
1 18 17 15
1 19 15 12
2 3 94 90
2 4 26 25
2 5 17 12
2 6 16 20
2 7 26 17
2 8 24 10
2 9 21 15
2 10 19 12
2 11 12 18
2 12 12 22
2 13 17 11
2 14 22 12
2 15 14 12
2 16 24 17
2 17 24 22
2 18 24 11
2 19 14 24
3 4 18 19
3 5 17 12
3 6 13 18
3 7 23 23
3 8 15 15
3 9 27 15
3 10 20 14
3 11 10 15
3 12 27 22
3 13 22 20
3 14 11 13
3 15 22 12
3 16 22 25
3 17 18 26
3 18 21 13
3 19 11 27
4 5 91 95
4 6 99 92
4 7 91 91
4 8 10 14
4 9 26 16
4 10 23 24
4 11 15 14
4 12 12 23
4 13 24 20
4 14 11 14
4 15 14 11
4 16 22 23
4 17 20 11
4 18 25 20
4 19 18 16
5 6 98 92
5 7 97 98
5 8 22 25
5 9 13 17
5 10 19 15
5 11 22 25
5 12 18 26
5 13 23 25
5 14 26 22
5 15 16 22
5 16 13 21
5 17 13 20
5 18 21 23
5 19 18 14
6 7 99 98
6 8 17 11
6 9 11 19
6 10 24 20
6 11 25 20
6 12 23 25
6 13 10 20
6 14 19 13
6 15 20 18
6 16 18 25
6 17 19 13
6 18 20 18
6 19 18 17
7 8 19 12
7 9 26 11
7 10 12 21
7 11 19 27
7 12 15 14
7 13 11 13
7 14 14 26
7 15 12 18
7 16 18 11
7 17 19 17
7 18 16 20
7 19 21 18
8 9 98 96
8 10 98 93
8 11 98 100
8 12 27 17
8 13 11 17
8 14 19 14
8 15 20 14
8 16 25 12
8 17 23 16
8 18 11 24
8 19 18 24
9 10 98 94
9 11 93 96
9 12 18 19
9 13 14 14
9 14 11 26
9 15 11 24
9 16 24 12
9 17 20 21
9 18 13 17
9 19 26 23
10 11 98 95
10 12 17 19
10 13 12 15
10 14 13 17
10 15 11 14
10 16 15 26
10 17 22 19
10 18 26 21
10 19 27 23
11 12 27 13
11 13 11 18
11 14 22 22
11 15 24 13
11 16 22 12
11 17 11 11
11 18 20 22
11 19 14 25
12 13 99 100
12 14 91 98
12 15 94 96
12 16 15 23
12 17 16 19
12 18 14 17
12 19 11 15
13 14 90 95
13 15 97 94
13 16 17 22
13 17 25 22
13 18 21 19
13 19 22 19
14 15 99 92
14 16 18 12
14 17 15 21
14 18 27 18
14 19 10 20
15 16 22 11
15 17 18 23
15 18 26 20
15 19 26 22
16 17 98 91
16 18 94 93
16 19 92 92
17 18 94 90
17 19 93 93
18 19 95 94
