0 1 8 8
0 2 0 92
0 3 93 96
0 4 15 13
0 5 17 19
0 6 17 20
0 7 17 8
0 8 10 9
0 9 8 15
0 10 15 10
0 11 16 16
0 12 12 8
0 13 15 12
0 14 19 17
0 15 16 12
0 16 9 9
0 17 18 16
0 18 17 11
0 19 12 19
0 20 15 12
0 21 17 20
1 2 92 0
1 3 94 94
1 4 19 15
1 5 15 15
1 6 10 18
1 7 16 19
1 8 19 12
1 9 15 11
1 10 18 9
1 11 18 13
1 12 18 11
1 13 15 13
1 14 13 16
1 15 15 12
1 16 11 12
1 17 12 16
1 18 12 10
1 19 11 11
1 20 8 13
1 21 14 20
2 3 98 97
2 4 17 14
2 5 20 10
2 6 11 10
2 7 16 18
2 8 19 9
2 9 15 9
2 10 10 11
2 11 10 10
2 12 10 16
2 13 14 15
2 14 17 9
2 15 10 9
2 16 13 14
2 17 8 13
2 18 11 18
2 19 19 19
2 20 15 15
2 21 11 10
3 4 18 8
3 5 14 20
3 6 12 13
3 7 17 13
3 8 19 13
3 9 13 15
3 10 18 15
3 11 14 17
3 12 19 9
3 13 11 12
3 14 15 15
3 15 14 12
3 16 11 17
3 17 17 15
3 18 9 14
3 19 17 12
3 20 11 17
3 21 20 9
4 5 93 94
4 6 93 93
4 7 93 99
4 8 17 14
4 9 10 10
4 10 12 14
4 11 9 10
4 12 11 10
4 13 12 14
4 14 14 12
4 15 18 12
4 16 16 11
4 17 9 9
4 18 13 14
4 19 13 12
4 20 12 11
4 21 16 11
5 6 98 99
5 7 95 95
5 8 9 11
5 9 14 20
5 10 9 19
5 11 14 10
5 12 20 20
5 13 9 15
5 14 17 18
5 15 11 10
5 16 19 16
5 17 10 19
5 18 11 13
5 19 14 15
5 20 19 20
5 21 16 17
6 7 92 93
6 8 17 16
6 9 17 15
6 10 13 9
6 11 9 10
6 12 20 17
6 13 20 10
6 14 17 8
6 15 17 13
6 16 11 16
6 17 12 18
6 18 10 19
6 19 16 14
6 20 17 17
6 21 9 12
7 8 8 16
7 9 18 12
7 10 14 18
7 11 14 9
7 12 20 13
7 13 10 11
7 14 11 17
7 15 18 11
7 16 16 14
7 17 12 8
7 18 11 13
7 19 11 9
7 20 13 9
7 21 14 15
8 9 96 98
8 10 93 95
8 11 95 100
8 12 12 10
8 13 10 15
8 14 19 11
8 15 17 17
8 16 18 12
8 17 18 15
8 18 14 14
8 19 19 17
8 20 19 13
8 21 13 17
9 10 98 97
9 11 92 97
9 12 11 14
9 13 19 17
9 14 12 9
9 15 13 9
9 16 11 14
9 17 11 20
9 18 18 17
9 19 15 12
9 20 16 13
9 21 9 17
10 11 92 96
10 12 20 16
10 13 9 19
10 14 19 10
10 15 14 16
10 16 18 17
10 17 12 18
10 18 18 11
10 19 16 14
10 20 16 14
10 21 11 12
11 12 15 17
11 13 18 8
11 14 20 17
11 15 15 14
11 16 14 8
11 17 18 13
11 18 14 17
11 19 17 17
11 20 10 14
11 21 19 16
12 13 99 97
12 14 96 96
12 15 97 98
12 16 18 10
12 17 9 9
12 18 9 8
12 19 9 13
12 20 8 11
12 21 11 20
13 14 93 97
13 15 98 97
13 16 16 11
13 17 10 19
13 18 10 11
13 19 10 18
13 20 13 8
13 21 14 13
14 15 99 93
14 16 11 15
14 17 16 11
14 18 10 11
14 19 14 19
14 20 16 18
14 21 17 16
15 16 17 9
15 17 14 13
15 18 11 12
15 19 11 15
15 20 19 9
15 21 18 11
16 17 94 100
16 18 96 95
16 19 100 95
16 20 18 11
16 21 11 12
17 18 94 97
17 19 99 99
17 20 8 19
17 21 10 18
18 19 93 98
18 20 15 13
18 21 17 9
19 20 13 16
19 21 11 17
20 21 99 93
