12
0 1 31 33 32 30
0 2 45 45 47 49
0 3 48 52 41 51
0 4 74 64 76 66
0 5 60 62 62 51
0 6 83 82 79 73
0 7 29 40 36 38
0 8 44 46 42 49
0 9 21 25 32 20
0 10 39 35 41 45
0 11 23 28 31 29
1 2 95 88 90 84
1 3 62 60 56 55
1 4 48 51 53 47
1 5 72 64 71 65
1 6 82 71 74 76
1 7 68 71 67 66
1 8 89 77 78 81
1 9 29 35 38 40
1 10 13 22 23 13
1 11 13 25 20 17
2 3 57 54 52 62
2 4 13 18 13 22
2 5 55 57 52 49
2 6 92 83 82 92
2 7 67 57 61 70
2 8 95 93 83 84
2 9 48 41 53 53
2 10 85 83 85 86
2 11 4 17 18 19
3 4 40 47 44 38
3 5 10 9 15 11
3 6 68 68 59 67
3 7 41 43 39 41
3 8 39 42 45 42
3 9 91 89 85 80
3 10 16 19 28 24
3 11 73 75 75 74
4 5 12 11 15 15
4 6 85 83 72 73
4 7 8 17 16 13
4 8 18 19 19 23
4 9 10 21 10 21
4 10 8 15 12 19
4 11 29 29 30 28
5 6 54 59 49 49
5 7 6 7 10 10
5 8 18 24 25 24
5 9 63 67 63 63
5 10 68 59 60 73
5 11 37 43 37 43
6 7 57 56 60 56
6 8 91 86 85 88
6 9 49 55 55 46
6 10 49 52 51 52
6 11 33 29 36 31
7 8 60 53 55 58
7 9 59 53 62 59
7 10 36 33 41 44
7 11 52 52 49 46
8 9 37 42 39 43
8 10 51 55 52 52
8 11 79 78 72 75
9 10 76 78 70 71
9 11 60 65 64 51
10 11 77 76 68 76
