15
0 1 53 59 22 40
0 2 54 19 33 90
0 3 96 71 94 57
0 4 85 81 26 74
0 5 78 82 17 76
0 6 65 22 30 54
0 7 0 41 36 21
0 8 96 80 80 55
0 9 28 66 68 30
0 10 51 13 15 35
0 11 43 32 71 31
0 12 67 89 58 35
0 13 65 75 70 52
0 14 99 75 73 86
1 2 22 42 33 49
1 3 85 35 82 63
1 4 76 30 39 69
1 5 83 41 35 43
1 6 87 97 53 27
1 7 37 12 62 17
1 8 0 77 68 48
1 9 10 64 80 11
1 10 48 52 81 31
1 11 88 66 82 37
1 12 98 49 46 90
1 13 3 79 57 43
1 14 38 14 53 38
2 3 94 85 63 62
2 4 73 31 72 83
2 5 78 75 85 17
2 6 16 41 25 26
2 7 60 77 82 66
2 8 88 76 51 71
2 9 61 54 16 61
2 10 63 45 12 38
2 11 44 18 14 72
2 12 63 90 89 46
2 13 7 21 27 38
2 14 24 32 40 72
3 4 10 41 9 18
3 5 67 46 90 19
3 6 84 17 17 32
3 7 33 74 52 65
3 8 25 50 36 81
3 9 1 20 46 40
3 10 8 75 54 75
3 11 31 28 31 37
3 12 52 23 25 45
3 13 82 55 94 35
3 14 9 20 80 46
4 5 27 83 68 36
4 6 94 77 85 68
4 7 27 30 83 8
4 8 88 76 61 64
4 9 6 30 16 78
4 10 17 37 36 67
4 11 84 90 85 65
4 12 66 46 76 31
4 13 67 81 53 56
4 14 62 52 17 89
5 6 4 61 62 40
5 7 26 36 54 26
5 8 79 55 30 64
5 9 64 64 90 55
5 10 80 95 65 85
5 11 79 25 37 95
5 12 68 34 69 15
5 13 3 34 3 78
5 14 86 57 64 36
6 7 42 37 64 59
6 8 86 67 73 56
6 9 79 94 73 75
6 10 35 64 36 11
6 11 45 65 88 45
6 12 37 62 76 16
6 13 12 75 19 12
6 14 0 49 21 63
7 8 73 35 30 52
7 9 57 45 40 59
7 10 1 0 60 37
7 11 7 73 60 59
7 12 94 60 94 93
7 13 48 12 10 50
7 14 25 53 15 61
8 9 24 25 21 60
8 10 6 74 37 13
8 11 97 37 28 80
8 12 73 76 61 65
8 13 91 31 96 77
8 14 53 85 19 75
9 10 87 45 19 45
9 11 70 20 18 36
9 12 6 68 45 47
9 13 6 66 79 33
9 14 73 22 86 36
10 11 72 84 66 19
10 12 18 31 38 33
10 13 23 28 10 9
10 14 81 59 26 62
11 12 53 26 12 23
11 13 23 66 82 71
11 14 7 4 48 17
12 13 4 21 76 56
12 14 64 74 70 70
13 14 39 42 28 50
