15
0 1 46 40 43 41
0 2 72 64 64 63
0 3 42 43 44 49
0 4 55 50 49 60
0 5 63 60 59 57
0 6 76 74 70 79
0 7 89 79 86 77
0 8 50 55 44 48
0 9 36 45 40 37
0 10 59 52 64 51
0 11 23 33 23 24
0 12 99 89 91 88
0 13 75 66 71 73
0 14 39 38 33 38
1 2 82 76 71 79
1 3 44 39 37 37
1 4 3 13 7 17
1 5 43 44 50 38
1 6 76 71 73 77
1 7 94 94 84 93
1 8 37 33 34 40
1 9 84 78 74 78
1 10 48 55 53 42
1 11 79 71 80 74
1 12 6 5 9 19
1 13 99 91 95 90
1 14 17 24 16 29
2 3 39 35 36 48
2 4 29 31 28 26
2 5 2 5 4 16
2 6 27 23 31 31
2 7 82 77 81 74
2 8 20 22 19 18
2 9 31 38 35 36
2 10 91 86 79 89
2 11 80 81 69 81
2 12 35 35 42 38
2 13 36 45 42 38
2 14 69 69 61 72
3 4 47 50 49 40
3 5 99 86 96 99
3 6 13 11 13 19
3 7 17 21 24 26
3 8 6 15 6 19
3 9 17 16 28 18
3 10 31 37 34 27
3 11 73 69 63 63
3 12 12 16 18 12
3 13 95 84 89 91
3 14 93 80 86 92
4 5 19 19 24 30
4 6 86 76 74 82
4 7 88 76 88 90
4 8 78 76 77 67
4 9 51 56 50 56
4 10 12 21 18 10
4 11 96 88 87 84
4 12 4 6 9 7
4 13 61 63 62 66
4 14 49 53 54 45
5 6 64 57 69 58
5 7 36 37 36 37
5 8 60 64 52 55
5 9 28 30 31 34
5 10 64 61 66 68
5 11 62 63 62 63
5 12 60 63 57 55
5 13 9 21 12 17
5 14 48 52 49 45
6 7 85 78 75 76
6 8 85 73 84 84
6 9 89 84 77 80
6 10 26 25 32 23
6 11 65 65 55 70
6 12 58 54 61 50
6 13 17 18 29 21
6 14 75 68 74 66
7 8 74 75 64 77
7 9 83 85 84 72
7 10 25 35 25 33
7 11 46 43 43 45
7 12 79 74 73 67
7 13 0 1 8 10
7 14 75 70 65 74
8 9 34 43 35 36
8 10 68 67 61 65
8 11 67 57 67 68
8 12 46 53 42 45
8 13 35 32 37 41
8 14 25 24 24 26
9 10 18 19 22 27
9 11 53 53 48 51
9 12 19 27 19 25
9 13 63 67 67 55
9 14 50 52 52 46
10 11 35 37 36 44
10 12 69 66 61 63
10 13 30 28 30 39
10 14 27 25 37 27
11 12 18 23 19 20
11 13 58 54 55 55
11 14 90 88 78 85
12 13 9 22 11 16
12 14 40 37 42 43
13 14 51 46 44 54
