15
0 1 25 57 51 61
0 2 13 56 51 29
0 3 95 68 79 67
0 4 46 69 42 27
0 5 47 38 58 62
0 6 98 87 50 62
0 7 72 47 80 66
0 8 1 15 29 43
0 9 39 31 50 30
0 10 65 61 76 38
0 11 70 66 53 62
0 12 2 33 42 38
0 13 82 71 55 64
0 14 66 41 36 34
1 2 60 73 74 73
1 3 2 47 18 28
1 4 98 88 95 75
1 5 28 36 45 45
1 6 12 25 27 30
1 7 92 52 53 46
1 8 1 27 9 5
1 9 52 30 49 32
1 10 31 40 31 45
1 11 53 46 49 41
1 12 78 73 72 84
1 13 99 90 89 66
1 14 64 55 61 67
2 3 52 66 63 64
2 4 57 30 45 49
2 5 67 82 36 54
2 6 49 62 60 52
2 7 60 42 31 60
2 8 42 63 62 37
2 9 98 86 91 82
2 10 58 41 55 60
2 11 50 58 45 44
2 12 14 20 53 46
2 13 50 27 32 53
2 14 40 57 22 43
3 4 97 65 86 58
3 5 73 82 72 72
3 6 29 14 46 32
3 7 97 62 68 64
3 8 11 19 51 44
3 9 36 39 65 67
3 10 32 30 60 30
3 11 5 45 11 17
3 12 85 48 43 66
3 13 78 49 55 70
3 14 24 42 34 32
4 5 88 84 78 93
4 6 1 16 11 4
4 7 50 71 41 39
4 8 72 43 61 74
4 9 11 12 45 54
4 10 97 96 77 94
4 11 69 42 40 71
4 12 12 8 24 10
4 13 29 31 42 29
4 14 71 51 61 43
5 6 16 20 56 34
5 7 68 72 39 42
5 8 5 39 11 46
5 9 73 57 67 64
5 10 27 18 31 31
5 11 19 26 41 52
5 12 4 36 16 16
5 13 5 33 15 33
5 14 73 70 44 50
6 7 94 90 71 71
6 8 28 21 31 28
6 9 73 39 74 76
6 10 98 95 65 56
6 11 2 30 47 23
6 12 86 71 45 80
6 13 23 59 16 17
6 14 29 31 49 39
7 8 73 79 79 43
7 9 56 74 72 38
7 10 68 57 78 37
7 11 56 69 71 56
7 12 10 26 17 45
7 13 23 28 22 30
7 14 32 61 40 18
8 9 81 86 47 71
8 10 47 58 64 38
8 11 13 32 26 27
8 12 78 74 83 67
8 13 80 66 65 65
8 14 74 68 82 42
9 10 41 39 61 22
9 11 82 64 61 48
9 12 96 95 93 83
9 13 80 75 68 84
9 14 94 57 60 94
10 11 7 7 46 15
10 12 93 65 74 54
10 13 90 68 48 76
10 14 0 26 14 17
11 12 87 63 82 47
11 13 26 29 28 35
11 14 50 70 70 53
12 13 64 47 69 42
12 14 90 92 82 52
13 14 4 41 30 14
