17
0 1 68 52 65 37
0 2 81 44 19 44
0 3 91 42 59 19
0 4 67 86 78 29
0 5 83 42 68 50
0 6 60 74 23 19
0 7 61 56 50 28
0 8 7 64 26 57
0 9 0 0 78 25
0 10 24 65 11 55
0 11 54 47 32 23
0 12 49 61 22 62
0 13 4 69 67 4
0 14 61 41 82 23
0 15 57 12 19 62
0 16 24 6 9 32
1 2 57 26 35 24
1 3 7 64 39 19
1 4 79 66 36 75
1 5 27 76 24 56
1 6 41 25 42 72
1 7 54 39 29 63
1 8 58 86 64 21
1 9 78 46 28 32
1 10 18 9 73 67
1 11 89 65 52 55
1 12 68 38 53 27
1 13 31 61 76 39
1 14 43 78 33 57
1 15 13 10 16 23
1 16 80 77 87 86
2 3 80 40 34 47
2 4 30 30 47 60
2 5 42 25 79 72
2 6 43 46 83 19
2 7 66 34 80 76
2 8 22 76 47 54
2 9 11 66 38 37
2 10 86 29 18 78
2 11 84 67 21 96
2 12 57 28 41 38
2 13 32 23 83 86
2 14 0 35 77 46
2 15 91 86 97 47
2 16 86 46 69 67
3 4 55 28 19 64
3 5 71 41 82 77
3 6 66 83 19 39
3 7 80 81 51 51
3 8 41 33 86 14
3 9 75 62 72 47
3 10 15 12 35 59
3 11 2 10 23 60
3 12 53 75 51 14
3 13 97 29 60 51
3 14 45 33 35 66
3 15 53 83 78 35
3 16 10 77 51 65
4 5 26 25 28 6
4 6 43 55 25 28
4 7 92 96 76 58
4 8 14 58 55 78
4 9 57 70 40 53
4 10 69 52 39 52
4 11 92 37 38 46
4 12 95 71 83 72
4 13 94 68 88 72
4 14 3 56 5 6
4 15 22 9 28 84
4 16 91 46 64 96
5 6 76 67 44 64
5 7 2 63 76 9
5 8 77 30 53 61
5 9 45 55 15 39
5 10 99 52 45 40
5 11 63 24 42 23
5 12 16 63 69 5
5 13 71 50 29 75
5 14 44 18 18 56
5 15 14 16 24 24
5 16 70 60 89 21
6 7 53 81 31 67
6 8 9 80 75 2
6 9 60 44 57 31
6 10 58 90 17 58
6 11 72 15 79 33
6 12 12 4 71 72
6 13 55 80 37 15
6 14 46 66 88 35
6 15 82 36 42 24
6 16 97 72 27 72
7 8 53 47 82 60
7 9 13 48 62 17
7 10 48 11 29 83
7 11 84 30 62 19
7 12 94 68 74 35
7 13 18 76 78 7
7 14 37 69 26 41
7 15 1 39 4 12
7 16 1 15 5 57
8 9 25 44 57 75
8 10 18 16 57 26
8 11 86 80 29 87
8 12 59 34 16 74
8 13 76 55 51 73
8 14 41 57 73 41
8 15 99 36 25 89
8 16 57 71 51 20
9 10 90 44 94 85
9 11 2 46 47 38
9 12 82 64 73 29
9 13 30 29 74 44
9 14 72 86 88 42
9 15 78 94 88 46
9 16 1 51 72 66
10 11 23 31 36 61
10 12 92 40 80 47
10 13 41 25 13 47
10 14 70 64 60 31
10 15 97 50 48 29
10 16 49 43 49 52
11 12 55 37 41 58
11 13 12 35 38 64
11 14 26 41 6 62
11 15 24 37 52 51
11 16 19 52 11 14
12 13 5 4 6 40
12 14 96 36 39 77
12 15 47 85 83 67
12 16 4 65 55 0
13 14 17 14 10 59
13 15 69 70 64 18
13 16 75 68 79 92
14 15 47 65 19 79
14 16 12 72 52 21
15 16 7 4 7 59
