17
0 1 12 23 13 15
0 2 0 3 7 7
0 3 39 40 34 43
0 4 91 78 85 78
0 5 73 63 67 63
0 6 80 76 71 73
0 7 63 63 54 60
0 8 76 68 66 66
0 9 84 84 79 75
0 10 27 32 24 37
0 11 43 43 43 43
0 12 12 20 15 13
0 13 9 13 21 19
0 14 75 64 66 72
0 15 54 61 49 54
0 16 80 74 78 69
1 2 58 59 58 52
1 3 97 91 92 96
1 4 90 90 89 80
1 5 32 31 38 34
1 6 69 73 64 59
1 7 49 45 45 48
1 8 87 74 89 83
1 9 67 59 69 63
1 10 12 19 24 17
1 11 7 14 15 13
1 12 93 84 85 82
1 13 6 7 19 18
1 14 49 42 51 46
1 15 14 24 16 26
1 16 77 79 77 76
2 3 67 64 68 68
2 4 25 30 22 32
2 5 25 22 26 33
2 6 80 79 74 78
2 7 78 80 79 76
2 8 13 24 18 18
2 9 4 7 10 16
2 10 48 51 53 42
2 11 83 77 81 78
2 12 2 7 5 13
2 13 72 64 76 68
2 14 6 7 11 19
2 15 82 72 71 75
2 16 13 15 14 16
3 4 22 19 22 31
3 5 46 40 49 46
3 6 50 43 53 57
3 7 25 31 26 24
3 8 88 76 82 82
3 9 58 51 56 61
3 10 42 38 37 45
3 11 21 24 31 32
3 12 93 83 82 93
3 13 55 47 57 53
3 14 45 40 49 40
3 15 22 26 28 19
3 16 82 71 77 73
4 5 57 52 59 58
4 6 80 72 71 74
4 7 7 20 9 19
4 8 78 68 72 71
4 9 21 18 26 32
4 10 52 53 50 47
4 11 83 83 74 76
4 12 13 26 19 22
4 13 21 32 20 27
4 14 72 70 67 64
4 15 46 48 40 48
4 16 41 39 40 38
5 6 32 27 35 28
5 7 70 68 74 72
5 8 23 25 33 27
5 9 59 56 65 54
5 10 20 25 17 25
5 11 2 8 13 8
5 12 57 49 53 59
5 13 0 3 14 12
5 14 76 73 69 76
5 15 36 42 38 39
5 16 63 59 57 61
6 7 78 69 68 71
6 8 56 55 56 52
6 9 56 49 59 53
6 10 59 54 51 61
6 11 39 37 48 33
6 12 68 67 58 61
6 13 3 17 4 6
6 14 41 48 41 40
6 15 0 3 2 3
6 16 70 63 68 62
7 8 99 93 86 87
7 9 64 63 55 61
7 10 91 87 83 82
7 11 99 85 93 91
7 12 31 39 29 31
7 13 35 44 31 37
7 14 55 55 51 57
7 15 73 75 73 73
7 16 58 53 59 55
8 9 97 94 88 92
8 10 90 81 90 91
8 11 32 37 36 28
8 12 62 58 65 61
8 13 7 11 14 16
8 14 35 42 37 43
8 15 85 85 77 78
8 16 60 58 53 55
9 10 31 30 34 30
9 11 20 18 24 30
9 12 2 5 10 9
9 13 47 49 48 49
9 14 79 69 78 71
9 15 57 63 62 54
9 16 75 70 76 76
10 11 83 73 78 75
10 12 22 31 32 27
10 13 43 40 50 50
10 14 48 47 52 48
10 15 18 18 16 20
10 16 94 93 82 89
11 12 57 58 59 55
11 13 21 19 30 18
11 14 7 21 12 16
11 15 13 13 15 16
11 16 6 10 17 8
12 13 99 97 92 85
12 14 67 58 59 65
12 15 95 91 85 90
12 16 76 75 65 69
13 14 50 51 49 45
13 15 21 21 31 20
13 16 47 42 42 43
14 15 6 7 13 7
14 16 10 17 20 15
15 16 66 58 61 70
