17
0 1 40 29 49 60
0 2 41 69 26 22
0 3 90 63 80 73
0 4 28 24 36 14
0 5 2 11 19 8
0 6 45 39 63 28
0 7 37 60 25 33
0 8 13 18 17 32
0 9 66 57 39 55
0 10 2 46 46 17
0 11 42 49 40 44
0 12 94 83 85 84
0 13 8 42 32 18
0 14 89 83 72 79
0 15 89 51 69 72
0 16 22 31 46 42
1 2 91 51 90 52
1 3 90 75 73 88
1 4 21 38 52 25
1 5 65 44 66 56
1 6 74 54 60 79
1 7 83 77 59 53
1 8 41 39 34 64
1 9 11 26 53 14
1 10 25 56 59 54
1 11 94 63 85 85
1 12 81 64 48 87
1 13 17 18 11 35
1 14 81 46 40 63
1 15 87 87 52 83
1 16 18 37 28 39
2 3 93 69 66 61
2 4 10 42 31 5
2 5 4 28 32 8
2 6 88 60 49 70
2 7 0 32 21 26
2 8 36 55 59 33
2 9 71 70 82 43
2 10 11 40 34 29
2 11 95 70 93 95
2 12 0 1 1 46
2 13 62 50 70 58
2 14 45 28 55 33
2 15 49 65 52 60
2 16 97 81 49 82
3 4 91 75 67 92
3 5 68 35 56 77
3 6 41 38 67 54
3 7 99 94 93 98
3 8 70 67 63 56
3 9 22 37 12 34
3 10 6 8 10 38
3 11 58 73 40 40
3 12 32 28 41 57
3 13 13 52 36 24
3 14 17 42 49 15
3 15 36 39 39 29
3 16 71 62 62 62
4 5 8 47 45 44
4 6 86 46 61 74
4 7 92 71 58 77
4 8 66 38 69 47
4 9 51 38 71 71
4 10 46 58 52 39
4 11 45 31 68 64
4 12 32 64 61 50
4 13 26 18 63 28
4 14 81 60 72 80
4 15 43 71 36 53
4 16 19 58 36 47
5 6 86 46 65 91
5 7 12 23 21 25
5 8 63 35 54 80
5 9 46 54 31 43
5 10 74 45 46 81
5 11 75 79 64 42
5 12 45 48 31 43
5 13 74 59 64 40
5 14 79 66 80 68
5 15 24 14 25 59
5 16 54 35 53 54
6 7 70 66 66 43
6 8 36 29 50 25
6 9 90 48 86 74
6 10 10 29 8 13
6 11 91 90 70 72
6 12 29 58 35 59
6 13 46 35 54 35
6 14 90 53 56 86
6 15 40 53 24 21
6 16 87 68 55 89
7 8 71 76 36 74
7 9 24 35 55 41
7 10 26 17 59 63
7 11 70 36 50 78
7 12 92 85 50 50
7 13 80 55 88 70
7 14 68 67 42 43
7 15 51 35 35 30
7 16 96 59 80 86
8 9 10 21 47 54
8 10 61 59 45 49
8 11 5 49 26 47
8 12 62 41 70 68
8 13 85 68 81 89
8 14 20 56 27 38
8 15 71 51 66 69
8 16 28 36 20 26
9 10 31 16 42 37
9 11 58 53 42 69
9 12 79 46 54 71
9 13 66 42 57 36
9 14 76 72 70 56
9 15 35 33 61 24
9 16 21 44 31 22
10 11 56 33 41 48
10 12 50 51 32 41
10 13 98 59 70 81
10 14 87 69 51 71
10 15 82 50 81 50
10 16 9 50 32 8
11 12 77 58 61 60
11 13 22 45 40 31
11 14 86 75 62 65
11 15 84 84 72 80
11 16 31 30 57 19
12 13 74 86 66 63
12 14 37 37 57 66
12 15 78 64 43 78
12 16 4 29 11 38
13 14 27 31 26 14
13 15 69 58 50 52
13 16 95 66 65 81
14 15 9 52 34 42
14 16 78 88 48 62
15 16 15 31 35 55
