20
0 1 5 38 8 20
0 2 17 45 28 51
0 3 84 58 81 53
0 4 60 75 43 71
0 5 57 73 56 45
0 6 89 54 89 82
0 7 98 80 70 61
0 8 73 59 52 40
0 9 84 54 70 67
0 10 23 45 30 41
0 11 3 8 1 48
0 12 15 42 43 26
0 13 80 66 42 66
0 14 1 28 17 35
0 15 59 40 43 38
0 16 44 34 67 59
0 17 26 56 55 56
0 18 59 74 58 32
0 19 49 56 32 31
1 2 15 42 43 27
1 3 27 55 42 54
1 4 84 58 55 68
1 5 65 80 65 51
1 6 0 0 30 6
1 7 63 80 55 45
1 8 19 36 30 22
1 9 67 72 45 46
1 10 82 84 48 41
1 11 91 89 78 58
1 12 36 66 51 57
1 13 50 48 74 63
1 14 46 23 28 51
1 15 49 47 61 25
1 16 81 76 86 83
1 17 15 40 51 54
1 18 69 69 56 48
1 19 91 56 83 90
2 3 2 7 27 26
2 4 86 50 46 85
2 5 61 41 43 43
2 6 61 32 65 32
2 7 92 89 88 90
2 8 73 41 56 77
2 9 5 35 26 3
2 10 52 39 53 68
2 11 49 65 52 59
2 12 78 68 77 67
2 13 71 79 59 50
2 14 11 40 11 50
2 15 85 79 72 48
2 16 27 34 45 24
2 17 80 47 83 57
2 18 81 83 77 51
2 19 23 27 43 25
3 4 46 53 40 68
3 5 58 63 31 31
3 6 66 53 57 48
3 7 52 75 48 72
3 8 40 38 70 29
3 9 30 30 53 47
3 10 44 42 57 32
3 11 43 71 57 64
3 12 54 66 43 31
3 13 36 54 48 29
3 14 73 40 74 68
3 15 88 91 49 62
3 16 22 35 38 54
3 17 46 34 67 60
3 18 99 72 62 52
3 19 96 78 63 78
4 5 20 23 55 40
4 6 89 93 57 65
4 7 29 22 47 39
4 8 76 86 46 78
4 9 7 48 24 10
4 10 97 50 53 68
4 11 34 52 61 18
4 12 9 53 14 14
4 13 26 33 42 54
4 14 35 34 18 37
4 15 80 53 76 45
4 16 23 19 13 41
4 17 52 31 63 47
4 18 66 39 54 49
4 19 12 45 19 33
5 6 92 92 94 58
5 7 84 50 48 62
5 8 22 43 27 59
5 9 51 43 36 36
5 10 3 42 45 23
5 11 68 74 51 81
5 12 2 24 21 30
5 13 54 53 67 69
5 14 17 26 34 37
5 15 79 57 76 64
5 16 77 41 39 64
5 17 15 37 13 51
5 18 37 55 24 62
5 19 79 87 65 62
6 7 50 52 42 48
6 8 28 36 45 42
6 9 99 96 70 97
6 10 92 87 88 78
6 11 71 51 38 48
6 12 21 50 28 59
6 13 55 54 37 75
6 14 76 83 53 73
6 15 7 46 7 28
6 16 74 74 39 50
6 17 23 26 56 28
6 18 40 51 25 23
6 19 18 27 19 35
7 8 44 46 61 43
7 9 48 64 59 61
7 10 21 14 11 55
7 11 78 47 46 69
7 12 30 46 16 63
7 13 50 48 62 67
7 14 89 75 63 88
7 15 22 49 29 60
7 16 98 78 73 73
7 17 95 48 57 61
7 18 9 26 17 27
7 19 72 82 47 37
8 9 82 43 48 68
8 10 71 57 52 57
8 11 92 85 47 71
8 12 42 42 34 48
8 13 99 73 98 90
8 14 65 76 73 56
8 15 94 76 76 94
8 16 9 52 17 46
8 17 93 90 62 53
8 18 34 32 63 51
8 19 48 38 25 56
9 10 12 35 12 12
9 11 20 25 31 37
9 12 56 32 35 30
9 13 57 46 45 66
9 14 30 60 55 24
9 15 33 32 35 24
9 16 42 26 66 68
9 17 54 31 57 56
9 18 52 68 55 45
9 19 77 41 49 79
10 11 81 57 87 71
10 12 67 62 73 50
10 13 76 50 38 60
10 14 14 23 28 32
10 15 74 78 73 42
10 16 29 38 61 34
10 17 43 60 40 34
10 18 22 21 60 43
10 19 12 39 48 20
11 12 11 36 34 21
11 13 0 39 39 41
11 14 82 69 55 76
11 15 37 62 21 34
11 16 58 33 53 51
11 17 18 46 15 49
11 18 30 33 32 44
11 19 72 76 40 76
12 13 74 86 52 62
12 14 44 43 43 67
12 15 87 79 89 61
12 16 14 20 38 57
12 17 6 43 8 31
12 18 18 30 39 40
12 19 37 45 28 33
13 14 44 65 40 35
13 15 49 38 32 58
13 16 47 36 46 55
13 17 29 53 18 16
13 18 46 39 54 60
13 19 51 26 37 64
14 15 23 60 40 27
14 16 20 19 35 40
14 17 87 65 88 74
14 18 3 45 6 12
14 19 34 38 57 49
15 16 75 46 48 50
15 17 57 37 58 34
15 18 96 72 54 87
15 19 55 49 67 40
16 17 17 14 53 11
16 18 36 52 39 53
16 19 31 45 40 33
17 18 78 42 53 70
17 19 98 56 61 76
18 19 32 65 57 25
