20
0 1 26 30 25 30
0 2 76 71 72 74
0 3 83 83 81 76
0 4 71 68 75 64
0 5 75 71 72 78
0 6 71 62 63 65
0 7 70 61 69 65
0 8 76 76 76 76
0 9 43 37 50 42
0 10 87 81 80 82
0 11 76 68 77 72
0 12 94 85 94 89
0 13 43 49 42 44
0 14 11 15 22 13
0 15 77 78 71 73
0 16 87 81 84 77
0 17 27 36 32 34
0 18 51 56 55 56
0 19 26 31 26 34
1 2 74 66 66 67
1 3 93 94 93 80
1 4 5 15 11 10
1 5 62 66 62 67
1 6 77 77 66 74
1 7 54 49 49 59
1 8 43 40 42 45
1 9 35 39 39 44
1 10 53 58 52 58
1 11 97 97 91 90
1 12 73 64 67 74
1 13 67 59 70 64
1 14 93 80 85 81
1 15 25 24 26 23
1 16 58 63 59 53
1 17 59 59 56 56
1 18 90 86 76 81
1 19 23 28 20 22
2 3 32 38 32 33
2 4 63 56 58 57
2 5 73 75 74 66
2 6 65 57 61 65
2 7 10 15 10 13
2 8 21 21 30 26
2 9 2 4 2 6
2 10 59 51 50 56
2 11 12 14 17 13
2 12 87 82 82 89
2 13 53 52 52 50
2 14 97 85 85 84
2 15 56 62 50 62
2 16 75 67 73 77
2 17 27 26 31 34
2 18 9 10 11 20
2 19 14 16 20 16
3 4 80 73 83 74
3 5 20 32 30 22
3 6 75 66 66 64
3 7 23 31 22 28
3 8 73 73 67 70
3 9 21 28 27 32
3 10 99 90 93 96
3 11 96 93 96 84
3 12 54 49 57 47
3 13 78 81 68 71
3 14 2 7 7 15
3 15 54 56 58 59
3 16 56 53 55 52
3 17 54 52 53 56
3 18 82 71 70 83
3 19 21 30 25 23
4 5 70 74 61 69
4 6 83 72 76 83
4 7 37 39 43 39
4 8 43 51 40 47
4 9 58 62 54 61
4 10 17 28 22 24
4 11 41 41 36 35
4 12 40 41 35 37
4 13 35 30 37 35
4 14 37 33 38 43
4 15 30 26 34 29
4 16 93 90 88 85
4 17 95 94 81 87
4 18 97 93 86 96
4 19 65 66 65 57
5 6 44 46 40 40
5 7 76 79 67 72
5 8 65 65 66 56
5 9 82 70 69 80
5 10 34 35 35 35
5 11 81 83 75 78
5 12 87 79 78 83
5 13 90 85 87 85
5 14 41 38 42 38
5 15 25 23 21 24
5 16 17 29 28 26
5 17 33 30 38 43
5 18 76 73 74 65
5 19 33 32 40 31
6 7 51 53 52 56
6 8 1 6 4 4
6 9 81 72 70 71
6 10 16 26 13 20
6 11 51 57 49 56
6 12 42 39 36 37
6 13 37 41 32 44
6 14 78 70 74 77
6 15 9 19 9 20
6 16 0 10 2 14
6 17 59 62 54 56
6 18 40 35 38 41
6 19 65 58 64 65
7 8 91 92 79 87
7 9 51 49 57 52
7 10 34 35 30 29
7 11 37 40 41 33
7 12 38 41 38 41
7 13 4 15 16 16
7 14 50 55 54 45
7 15 38 43 34 33
7 16 0 3 6 2
7 17 35 30 34 30
7 18 2 4 2 12
7 19 49 56 53 44
8 9 22 29 23 22
8 10 59 59 61 60
8 11 88 85 75 79
8 12 87 76 76 80
8 13 21 32 22 21
8 14 95 90 81 92
8 15 54 60 50 56
8 16 37 33 36 43
8 17 12 24 23 24
8 18 13 15 21 14
8 19 34 36 37 39
9 10 53 57 53 51
9 11 56 49 52 55
9 12 0 13 4 5
9 13 80 82 78 76
9 14 46 49 46 53
9 15 16 20 17 18
9 16 82 74 84 84
9 17 33 37 31 34
9 18 97 93 83 94
9 19 98 93 93 84
10 11 74 72 65 73
10 12 59 60 53 58
10 13 18 20 18 18
10 14 61 59 57 53
10 15 51 55 50 44
10 16 72 67 73 70
10 17 21 28 20 29
10 18 35 38 30 41
10 19 17 20 19 29
11 12 38 34 36 43
11 13 9 20 20 10
11 14 35 39 39 32
11 15 11 15 19 10
11 16 60 52 60 59
11 17 72 72 67 68
11 18 79 68 82 68
11 19 15 24 21 16
12 13 37 43 45 46
12 14 2 8 14 5
12 15 88 88 83 89
12 16 98 86 90 88
12 17 26 37 27 34
12 18 5 16 12 5
12 19 82 80 76 80
13 14 9 17 14 13
13 15 31 39 33 32
13 16 44 39 46 49
13 17 20 22 28 19
13 18 46 46 43 42
13 19 65 69 66 58
14 15 56 49 58 51
14 16 42 42 45 48
14 17 63 58 60 56
14 18 59 60 56 59
14 19 57 61 62 54
15 16 16 26 24 23
15 17 56 61 59 57
15 18 67 58 60 69
15 19 82 83 76 81
16 17 5 6 9 5
16 18 64 62 59 59
16 19 92 91 78 79
17 18 64 59 65 55
17 19 58 53 62 63
18 19 8 19 10 7
