22
0 1 41 40 44 44
0 2 3 9 2 11
0 3 27 33 35 35
0 4 3 5 13 12
0 5 80 81 79 83
0 6 66 64 61 62
0 7 32 32 33 32
0 8 88 82 85 84
0 9 63 64 55 56
0 10 11 12 16 13
0 11 44 50 48 47
0 12 75 65 64 67
0 13 25 22 30 31
0 14 92 93 91 80
0 15 84 81 75 78
0 16 99 95 87 89
0 17 64 69 66 67
0 18 82 77 82 72
0 19 27 35 29 27
0 20 61 56 66 57
0 21 65 68 62 64
1 2 69 74 62 68
1 3 11 16 10 13
1 4 94 81 84 89
1 5 42 39 40 40
1 6 43 39 48 49
1 7 11 23 11 12
1 8 59 58 60 58
1 9 81 74 81 78
1 10 96 84 88 93
1 11 72 70 71 68
1 12 13 23 12 16
1 13 18 25 21 24
1 14 79 79 80 76
1 15 81 82 79 74
1 16 64 65 63 58
1 17 0 2 3 9
1 18 80 79 73 78
1 19 94 83 92 90
1 20 91 80 86 83
1 21 23 34 27 24
2 3 68 61 70 65
2 4 90 88 85 89
2 5 81 84 74 74
2 6 40 47 49 35
2 7 94 90 81 86
2 8 50 48 57 48
2 9 11 10 24 22
2 10 24 20 29 25
2 11 2 11 8 5
2 12 13 24 15 18
2 13 40 44 44 45
2 14 31 34 37 32
2 15 58 53 63 52
2 16 5 13 17 18
2 17 14 26 24 20
2 18 98 95 94 97
2 19 90 85 80 83
2 20 33 41 39 40
2 21 16 18 27 15
3 4 37 32 46 44
3 5 36 42 45 32
3 6 42 50 46 45
3 7 87 87 78 78
3 8 11 19 24 24
3 9 85 84 85 76
3 10 68 63 59 72
3 11 16 21 22 21
3 12 55 51 51 53
3 13 31 34 37 31
3 14 16 14 19 14
3 15 2 16 9 11
3 16 21 23 29 28
3 17 95 92 87 85
3 18 55 60 60 50
3 19 10 20 15 18
3 20 12 22 25 19
3 21 44 49 52 40
4 5 7 14 13 16
4 6 87 74 85 80
4 7 61 56 59 60
4 8 89 85 80 89
4 9 31 30 28 34
4 10 72 66 68 64
4 11 56 60 51 62
4 12 52 59 58 46
4 13 28 27 25 38
4 14 51 59 45 45
4 15 96 92 91 83
4 16 81 72 74 82
4 17 18 19 17 23
4 18 55 54 51 52
4 19 27 32 31 37
4 20 33 32 42 39
4 21 16 20 25 28
5 6 24 34 33 21
5 7 16 22 24 26
5 8 36 35 43 45
5 9 47 45 53 48
5 10 22 32 25 28
5 11 93 86 82 83
5 12 98 93 95 91
5 13 18 16 27 20
5 14 31 32 33 34
5 15 37 37 35 36
5 16 15 27 23 24
5 17 96 85 85 95
5 18 7 13 9 20
5 19 77 66 76 70
5 20 96 96 92 91
5 21 72 74 75 62
6 7 37 34 43 32
6 8 8 20 20 14
6 9 18 27 27 25
6 10 92 89 87 83
6 11 16 22 24 14
6 12 93 92 81 80
6 13 46 40 49 40
6 14 85 79 73 77
6 15 23 33 31 20
6 16 98 98 93 84
6 17 99 98 86 91
6 18 97 97 84 85
6 19 79 75 71 78
6 20 14 23 16 20
6 21 72 61 65 70
7 8 10 14 21 23
7 9 38 36 33 41
7 10 43 39 45 50
7 11 53 47 49 60
7 12 82 76 77 77
7 13 61 67 66 58
7 14 72 71 65 74
7 15 47 44 44 49
7 16 87 83 77 77
7 17 63 56 65 59
7 18 35 34 38 35
7 19 46 54 47 39
7 20 53 51 47 53
7 21 29 26 27 30
8 9 19 27 24 28
8 10 10 10 22 12
8 11 77 76 66 78
8 12 68 72 58 59
8 13 69 67 74 70
8 14 1 9 10 14
8 15 92 84 85 85
8 16 2 3 12 4
8 17 43 49 43 44
8 18 14 16 14 17
8 19 90 76 86 88
8 20 28 27 30 31
8 21 60 64 58 57
9 10 19 25 25 27
9 11 94 81 93 82
9 12 96 87 83 93
9 13 96 85 96 85
9 14 91 91 89 88
9 15 83 71 85 83
9 16 66 61 60 57
9 17 31 37 36 27
9 18 16 17 14 19
9 19 40 46 34 41
9 20 91 89 78 86
9 21 39 42 36 33
10 11 95 82 83 90
10 12 54 50 59 52
10 13 82 76 85 80
10 14 89 79 81 83
10 15 89 83 87 90
10 16 26 31 36 36
10 17 63 54 59 60
10 18 23 31 21 30
10 19 94 91 82 93
10 20 26 35 33 27
10 21 25 28 21 26
11 12 22 22 25 31
11 13 87 89 88 77
11 14 49 46 48 51
11 15 62 56 62 66
11 16 26 28 37 37
11 17 9 19 8 21
11 18 71 64 62 75
11 19 95 90 83 92
11 20 99 93 95 86
11 21 36 33 45 41
12 13 83 80 72 72
12 14 52 57 54 51
12 15 9 11 11 12
12 16 91 85 86 90
12 17 15 21 14 16
12 18 49 51 54 46
12 19 95 92 82 87
12 20 34 40 36 32
12 21 27 33 34 28
13 14 17 29 28 27
13 15 46 45 48 50
13 16 5 7 17 7
13 17 70 66 67 64
13 18 41 48 37 40
13 19 52 45 54 55
13 20 45 52 40 52
13 21 39 37 42 40
14 15 24 24 27 29
14 16 68 69 64 63
14 17 35 42 33 39
14 18 18 24 26 28
14 19 73 76 75 65
14 20 73 63 75 74
14 21 83 84 75 71
15 16 89 85 89 78
15 17 38 37 33 40
15 18 55 49 54 49
15 19 74 67 64 64
15 20 24 22 32 26
15 21 34 43 43 30
16 17 79 67 69 79
16 18 73 67 72 69
16 19 12 24 15 14
16 20 87 87 83 74
16 21 21 31 24 22
17 18 85 72 85 79
17 19 2 10 15 13
17 20 23 27 28 25
17 21 45 44 47 41
18 19 28 31 33 26
18 20 93 93 90 86
18 21 21 20 28 29
19 20 54 47 48 59
19 21 90 81 77 82
20 21 20 25 19 24
