25
0 1 63 71 77 68
0 2 62 39 39 43
0 3 25 38 45 76
0 4 14 82 32 18
0 5 49 12 84 50
0 6 49 32 21 43
0 7 3 56 4 65
0 8 91 42 77 24
0 9 73 72 89 68
0 10 74 40 17 40
0 11 63 73 57 13
0 12 4 17 4 39
0 13 39 82 50 33
0 14 93 86 78 95
0 15 41 58 33 77
0 16 49 21 44 29
0 17 6 62 13 17
0 18 75 17 39 69
0 19 89 46 36 72
0 20 90 54 97 95
0 21 12 60 26 68
0 22 8 51 39 20
0 23 44 85 69 22
0 24 6 42 40 26
1 2 1 53 39 27
1 3 40 8 51 35
1 4 13 77 51 79
1 5 73 31 27 24
1 6 69 59 80 88
1 7 67 45 15 30
1 8 3 76 9 70
1 9 99 87 41 39
1 10 14 54 67 65
1 11 26 28 49 45
1 12 4 17 48 50
1 13 98 59 90 88
1 14 23 54 11 36
1 15 45 80 15 75
1 16 92 85 33 60
1 17 82 68 95 88
1 18 75 34 92 69
1 19 78 79 46 17
1 20 5 16 56 2
1 21 2 40 51 67
1 22 25 26 68 85
1 23 52 35 50 72
1 24 23 64 80 56
2 3 28 35 82 52
2 4 19 10 38 25
2 5 72 72 53 32
2 6 2 44 36 62
2 7 99 26 64 36
2 8 3 70 4 68
2 9 4 46 33 41
2 10 20 66 35 63
2 11 31 44 46 69
2 12 11 49 29 27
2 13 21 46 60 43
2 14 59 53 41 53
2 15 46 27 72 45
2 16 57 24 69 84
2 17 78 47 67 45
2 18 70 64 41 58
2 19 56 45 59 83
2 20 77 19 85 54
2 21 20 9 51 4
2 22 47 58 83 68
2 23 15 20 13 73
2 24 94 36 84 61
3 4 37 51 64 25
3 5 62 73 36 41
3 6 24 74 41 49
3 7 82 21 40 36
3 8 4 63 77 40
3 9 33 69 73 49
3 10 5 54 35 69
3 11 22 11 61 77
3 12 83 69 96 44
3 13 90 70 52 66
3 14 80 45 90 62
3 15 98 25 62 49
3 16 49 46 69 41
3 17 48 70 18 24
3 18 91 91 30 34
3 19 54 20 37 21
3 20 41 48 74 57
3 21 13 24 14 42
3 22 49 24 27 55
3 23 24 16 54 31
3 24 57 54 36 15
4 5 2 35 65 9
4 6 33 15 31 37
4 7 92 43 41 20
4 8 64 64 78 44
4 9 99 55 82 66
4 10 19 5 58 58
4 11 73 78 54 21
4 12 41 80 24 59
4 13 22 24 78 53
4 14 43 65 74 55
4 15 99 38 68 43
4 16 22 35 49 16
4 17 73 15 32 47
4 18 41 32 85 67
4 19 56 25 40 39
4 20 48 77 33 35
4 21 53 52 47 59
4 22 63 37 77 89
4 23 53 66 19 77
4 24 4 2 62 50
5 6 94 35 79 29
5 7 60 13 45 40
5 8 77 46 24 72
5 9 54 54 87 46
5 10 45 63 39 14
5 11 76 80 47 30
5 12 36 84 44 65
5 13 83 91 39 17
5 14 33 50 20 54
5 15 89 54 20 59
5 16 14 16 50 16
5 17 25 49 63 26
5 18 87 75 93 57
5 19 54 43 35 54
5 20 32 52 37 7
5 21 40 72 50 18
5 22 52 59 74 26
5 23 49 74 58 68
5 24 61 29 53 35
6 7 25 60 9 57
6 8 95 61 75 94
6 9 2 20 48 62
6 10 41 49 8 87
6 11 3 25 74 2
6 12 71 64 33 60
6 13 92 59 35 40
6 14 77 55 77 64
6 15 55 42 89 86
6 16 79 22 62 48
6 17 66 40 55 31
6 18 63 52 73 77
6 19 7 7 69 32
6 20 65 49 54 14
6 21 18 49 25 25
6 22 50 10 22 72
6 23 19 50 46 79
6 24 76 50 83 90
7 8 72 20 61 84
7 9 64 60 62 64
7 10 91 91 50 43
7 11 25 34 46 27
7 12 74 42 85 40
7 13 96 63 37 89
7 14 77 53 28 23
7 15 85 63 22 61
7 16 91 36 40 53
7 17 23 25 39 76
7 18 66 75 68 48
7 19 5 4 26 40
7 20 22 39 58 76
7 21 80 92 34 46
7 22 66 51 17 22
7 23 29 10 73 35
7 24 4 51 56 24
8 9 74 63 31 31
8 10 13 75 21 37
8 11 43 12 20 45
8 12 38 60 28 19
8 13 87 62 56 64
8 14 63 21 52 29
8 15 54 22 89 22
8 16 64 21 92 71
8 17 47 42 22 88
8 18 72 60 49 49
8 19 13 70 82 16
8 20 94 44 42 84
8 21 40 44 8 56
8 22 66 45 43 82
8 23 36 12 15 40
8 24 77 21 93 68
9 10 36 85 21 72
9 11 63 18 89 25
9 12 15 25 69 43
9 13 43 41 16 11
9 14 76 45 79 19
9 15 26 24 22 37
9 16 47 84 82 55
9 17 47 55 67 53
9 18 25 43 20 50
9 19 24 43 15 61
9 20 28 21 60 61
9 21 20 22 60 20
9 22 85 29 73 52
9 23 4 51 20 72
9 24 23 52 76 56
10 11 16 70 48 44
10 12 52 25 89 70
10 13 38 23 44 76
10 14 58 72 51 65
10 15 79 81 89 42
10 16 96 73 40 94
10 17 43 63 62 38
10 18 40 9 49 80
10 19 3 46 69 9
10 20 57 55 25 52
10 21 12 6 72 27
10 22 8 16 36 60
10 23 15 54 53 42
10 24 99 92 72 55
11 12 97 54 25 33
11 13 60 53 29 44
11 14 69 27 66 52
11 15 58 54 76 57
11 16 93 48 66 58
11 17 3 14 12 26
11 18 28 67 22 12
11 19 90 93 35 55
11 20 17 34 67 42
11 21 77 54 65 73
11 22 97 27 86 68
11 23 25 42 16 19
11 24 26 16 72 67
12 13 27 22 55 11
12 14 49 37 74 79
12 15 27 6 45 72
12 16 70 67 19 37
12 17 55 12 65 86
12 18 60 22 67 29
12 19 97 71 84 90
12 20 62 33 64 65
12 21 16 14 11 65
12 22 16 25 29 8
12 23 71 71 37 91
12 24 3 69 28 40
13 14 60 64 85 71
13 15 62 54 14 74
13 16 29 29 9 17
13 17 31 20 70 47
13 18 91 59 80 70
13 19 36 78 52 78
13 20 7 28 41 26
13 21 91 54 50 81
13 22 79 79 81 65
13 23 18 65 29 22
13 24 47 37 69 12
14 15 52 37 11 77
14 16 15 53 34 16
14 17 86 20 75 33
14 18 79 61 17 89
14 19 46 19 31 32
14 20 42 44 24 26
14 21 81 64 29 85
14 22 11 29 28 49
14 23 28 46 84 74
14 24 42 42 60 65
15 16 89 19 27 73
15 17 42 52 82 30
15 18 17 18 73 51
15 19 72 91 44 54
15 20 54 68 86 56
15 21 65 31 18 78
15 22 70 51 17 40
15 23 68 75 23 76
15 24 0 62 74 0
16 17 76 49 55 34
16 18 86 51 42 75
16 19 29 77 57 61
16 20 4 2 54 64
16 21 21 21 82 27
16 22 95 96 30 75
16 23 7 75 32 55
16 24 51 79 19 25
17 18 12 34 12 29
17 19 70 83 17 34
17 20 61 16 53 54
17 21 26 61 29 59
17 22 16 4 41 17
17 23 80 95 36 63
17 24 39 21 53 76
18 19 16 74 15 51
18 20 7 19 48 63
18 21 23 37 18 67
18 22 15 72 32 65
18 23 38 58 56 8
18 24 91 66 36 68
19 20 74 86 92 53
19 21 61 75 12 39
19 22 25 10 19 52
19 23 86 50 42 26
19 24 93 57 73 85
20 21 31 73 82 18
20 22 90 58 46 89
20 23 92 97 52 35
20 24 53 64 75 44
21 22 0 7 1 30
21 23 87 95 71 20
21 24 63 81 85 38
22 23 96 96 74 98
22 24 1 35 6 53
23 24 80 32 63 37
