30
0 1 93 62 92 88
0 2 17 29 32 29
0 3 66 19 39 79
0 4 81 37 34 75
0 5 13 28 67 54
0 6 45 51 25 81
0 7 87 51 74 35
0 8 76 46 41 29
0 9 88 52 38 60
0 10 10 57 53 34
0 11 89 18 75 70
0 12 87 22 35 48
0 13 89 92 47 26
0 14 73 19 37 38
0 15 73 77 77 38
0 16 0 11 4 18
0 17 42 78 29 51
0 18 72 19 50 66
0 19 53 78 79 14
0 20 26 57 67 51
0 21 44 21 35 41
0 22 80 45 84 95
0 23 81 67 91 31
0 24 58 72 47 56
0 25 68 65 32 93
0 26 85 50 77 64
0 27 22 51 61 28
0 28 30 47 74 75
0 29 83 91 45 31
1 2 79 30 33 68
1 3 8 61 72 27
1 4 21 74 21 27
1 5 29 39 16 71
1 6 1 28 53 58
1 7 88 88 20 68
1 8 71 79 55 72
1 9 60 86 31 51
1 10 24 18 53 47
1 11 54 72 74 66
1 12 51 77 68 43
1 13 49 25 84 10
1 14 37 48 69 82
1 15 77 93 35 25
1 16 7 35 54 8
1 17 79 95 22 40
1 18 71 69 77 82
1 19 12 18 71 33
1 20 21 83 76 79
1 21 13 14 47 51
1 22 96 83 44 90
1 23 93 39 77 19
1 24 18 51 69 70
1 25 43 71 59 28
1 26 38 76 38 46
1 27 58 19 23 75
1 28 17 20 82 73
1 29 61 69 61 27
2 3 51 45 41 60
2 4 44 37 29 71
2 5 18 49 72 72
2 6 69 72 70 67
2 7 64 91 58 50
2 8 35 34 44 14
2 9 54 66 50 54
2 10 73 86 83 25
2 11 13 46 43 80
2 12 16 3 41 55
2 13 10 47 20 57
2 14 57 70 40 81
2 15 0 21 66 76
2 16 69 88 83 38
2 17 78 28 53 77
2 18 61 89 66 72
2 19 65 62 45 21
2 20 84 28 92 72
2 21 63 21 29 65
2 22 65 87 28 71
2 23 98 97 93 47
2 24 3 44 33 23
2 25 7 8 74 36
2 26 40 29 61 35
2 27 95 28 46 82
2 28 16 8 75 40
2 29 99 79 66 28
3 4 96 96 20 42
3 5 30 76 13 37
3 6 13 11 48 22
3 7 94 81 43 58
3 8 54 18 62 15
3 9 24 57 12 11
3 10 63 51 20 55
3 11 94 36 62 25
3 12 48 83 72 27
3 13 85 74 76 30
3 14 29 26 60 73
3 15 17 13 10 43
3 16 92 91 33 40
3 17 20 84 17 51
3 18 14 76 81 28
3 19 34 49 38 21
3 20 5 15 18 25
3 21 20 77 26 24
3 22 10 68 59 14
3 23 41 50 75 59
3 24 91 94 56 20
3 25 60 65 46 60
3 26 59 79 39 89
3 27 75 29 28 18
3 28 36 39 75 37
3 29 73 62 28 48
4 5 80 41 86 60
4 6 8 39 31 42
4 7 92 21 52 81
4 8 85 25 22 19
4 9 52 53 60 80
4 10 1 73 4 2
4 11 15 80 81 58
4 12 12 80 33 65
4 13 10 62 32 80
4 14 49 77 70 73
4 15 41 69 49 74
4 16 0 38 54 44
4 17 58 24 69 38
4 18 67 42 85 80
4 19 31 57 6 58
4 20 1 1 65 46
4 21 98 70 86 70
4 22 10 18 79 3
4 23 74 29 71 23
4 24 39 44 8 30
4 25 59 28 91 58
4 26 66 70 92 31
4 27 93 78 89 87
4 28 17 23 72 82
4 29 69 37 26 18
5 6 67 52 81 48
5 7 68 80 38 65
5 8 13 43 55 77
5 9 4 75 10 39
5 10 45 85 54 68
5 11 83 33 92 51
5 12 26 62 74 17
5 13 5 17 46 74
5 14 90 22 18 38
5 15 12 4 34 62
5 16 9 67 32 11
5 17 96 78 80 54
5 18 66 14 60 16
5 19 17 59 26 32
5 20 62 82 81 48
5 21 97 25 99 21
5 22 53 53 16 20
5 23 4 68 19 61
5 24 97 90 44 46
5 25 10 58 57 42
5 26 37 8 86 43
5 27 83 91 18 60
5 28 51 75 47 54
5 29 44 31 83 23
6 7 24 19 73 65
6 8 70 29 83 71
6 9 69 75 79 25
6 10 72 22 34 83
6 11 36 33 56 38
6 12 94 88 49 51
6 13 96 34 94 24
6 14 53 73 16 67
6 15 35 52 75 34
6 16 93 80 60 80
6 17 27 74 24 81
6 18 41 17 17 39
6 19 62 77 38 24
6 20 6 41 12 76
6 21 76 72 35 66
6 22 1 46 2 25
6 23 72 30 93 67
6 24 32 46 35 30
6 25 99 48 44 27
6 26 87 54 71 44
6 27 30 17 63 30
6 28 40 76 69 43
6 29 80 76 44 33
7 8 67 67 68 71
7 9 72 23 20 56
7 10 26 28 33 61
7 11 83 35 80 38
7 12 87 58 43 53
7 13 73 32 35 35
7 14 32 25 23 56
7 15 87 83 19 43
7 16 54 83 53 12
7 17 41 51 48 72
7 18 49 53 20 66
7 19 32 72 18 82
7 20 64 42 24 77
7 21 76 78 51 68
7 22 10 4 51 25
7 23 97 26 48 39
7 24 96 43 71 91
7 25 0 23 65 78
7 26 72 43 16 36
7 27 17 8 5 61
7 28 22 6 4 12
7 29 29 21 76 42
8 9 39 48 20 86
8 10 62 68 85 90
8 11 78 71 49 63
8 12 15 3 13 12
8 13 49 83 24 50
8 14 31 6 74 75
8 15 53 23 25 63
8 16 78 76 49 40
8 17 88 63 86 68
8 18 34 58 86 70
8 19 68 66 67 32
8 20 97 25 81 31
8 21 70 57 15 15
8 22 68 43 52 80
8 23 0 51 60 76
8 24 85 75 27 33
8 25 27 56 23 68
8 26 53 29 19 40
8 27 80 19 62 35
8 28 68 70 36 39
8 29 15 5 9 26
9 10 40 8 55 41
9 11 97 75 85 83
9 12 81 60 69 57
9 13 76 70 33 40
9 14 40 79 53 78
9 15 32 9 22 49
9 16 24 18 52 66
9 17 53 27 24 41
9 18 21 20 77 61
9 19 97 67 42 83
9 20 3 14 45 27
9 21 30 80 60 40
9 22 2 25 67 75
9 23 50 62 70 18
9 24 93 73 55 68
9 25 19 66 61 30
9 26 81 37 45 59
9 27 94 20 51 21
9 28 68 82 37 30
9 29 47 82 69 42
10 11 94 38 30 34
10 12 98 87 87 75
10 13 87 44 84 50
10 14 7 71 52 50
10 15 76 39 87 36
10 16 53 47 80 68
10 17 42 14 62 14
10 18 3 41 26 67
10 19 63 88 66 57
10 20 14 66 46 34
10 21 82 82 92 34
10 22 25 29 81 61
10 23 26 48 67 33
10 24 88 74 76 85
10 25 56 87 45 25
10 26 5 48 70 16
10 27 64 52 44 20
10 28 75 50 69 81
10 29 84 71 66 89
11 12 39 29 11 17
11 13 64 67 63 60
11 14 46 9 72 15
11 15 93 38 66 66
11 16 43 48 87 37
11 17 88 56 72 89
11 18 63 92 42 65
11 19 82 49 86 78
11 20 94 29 31 67
11 21 67 73 41 56
11 22 68 89 81 69
11 23 94 87 19 80
11 24 75 51 59 51
11 25 82 44 86 58
11 26 5 46 32 43
11 27 90 76 91 83
11 28 82 62 82 45
11 29 77 69 31 59
12 13 34 53 76 52
12 14 96 66 70 88
12 15 10 56 5 61
12 16 55 81 83 88
12 17 41 49 56 41
12 18 95 46 92 27
12 19 11 21 2 36
12 20 89 32 52 89
12 21 96 87 70 64
12 22 49 37 33 34
12 23 24 51 55 21
12 24 24 73 7 68
12 25 7 26 32 24
12 26 51 28 80 69
12 27 16 76 20 12
12 28 83 70 65 65
12 29 15 10 47 54
13 14 34 19 51 12
13 15 85 43 34 74
13 16 14 34 77 45
13 17 10 30 2 62
13 18 10 72 19 54
13 19 67 46 21 75
13 20 36 8 82 66
13 21 76 77 42 60
13 22 30 71 37 12
13 23 78 49 78 95
13 24 36 25 69 38
13 25 43 20 64 51
13 26 71 62 55 71
13 27 23 33 49 25
13 28 67 72 29 23
13 29 15 82 34 11
14 15 62 17 54 66
14 16 6 10 34 28
14 17 27 12 36 5
14 18 83 26 22 80
14 19 9 26 57 43
14 20 43 32 38 16
14 21 43 53 20 75
14 22 92 84 82 28
14 23 45 35 25 59
14 24 99 47 46 97
14 25 60 22 57 22
14 26 83 73 53 77
14 27 66 64 27 26
14 28 23 81 31 71
14 29 68 77 19 40
15 16 99 63 59 83
15 17 8 37 39 76
15 18 69 75 67 60
15 19 67 86 80 27
15 20 52 89 87 64
15 21 93 96 64 27
15 22 19 69 27 77
15 23 74 15 41 24
15 24 0 56 0 42
15 25 91 75 57 23
15 26 15 17 9 33
15 27 25 48 41 61
15 28 43 40 54 9
15 29 12 40 24 77
16 17 47 79 39 9
16 18 7 51 37 54
16 19 19 73 55 41
16 20 42 49 26 71
16 21 99 78 74 64
16 22 60 47 41 51
16 23 38 33 49 55
16 24 32 35 23 34
16 25 12 7 79 18
16 26 29 17 38 22
16 27 46 72 16 66
16 28 84 82 59 93
16 29 64 44 76 17
17 18 51 69 50 22
17 19 19 55 37 23
17 20 95 22 25 98
17 21 90 93 32 70
17 22 22 36 68 22
17 23 61 62 18 33
17 24 99 98 68 90
17 25 4 70 75 21
17 26 50 82 86 68
17 27 52 49 71 88
17 28 36 31 40 59
17 29 38 44 21 62
18 19 51 85 43 80
18 20 9 33 55 71
18 21 85 85 67 79
18 22 44 13 76 58
18 23 36 72 38 83
18 24 39 73 81 51
18 25 19 77 66 33
18 26 84 23 51 61
18 27 82 70 73 59
18 28 64 91 79 32
18 29 50 25 72 20
19 20 13 42 69 32
19 21 80 70 47 88
19 22 65 88 45 39
19 23 85 91 20 54
19 24 46 16 10 26
19 25 65 86 61 49
19 26 42 12 74 64
19 27 85 27 54 53
19 28 97 53 57 60
19 29 1 16 23 35
20 21 62 60 29 58
20 22 23 66 63 76
20 23 54 15 89 88
20 24 1 79 70 67
20 25 17 11 69 77
20 26 22 44 82 22
20 27 41 33 77 29
20 28 69 37 64 82
20 29 0 56 1 0
21 22 60 18 41 64
21 23 20 9 53 66
21 24 96 57 29 45
21 25 99 56 28 67
21 26 74 48 89 47
21 27 14 23 31 4
21 28 53 29 50 56
21 29 75 34 21 84
22 23 63 89 83 23
22 24 63 88 92 57
22 25 27 42 34 33
22 26 27 64 37 76
22 27 4 61 15 42
22 28 40 17 22 15
22 29 63 14 22 81
23 24 3 39 73 54
23 25 0 44 38 68
23 26 68 84 29 48
23 27 25 83 55 12
23 28 3 19 17 25
23 29 38 76 25 30
24 25 60 46 74 36
24 26 16 64 70 30
24 27 93 53 73 57
24 28 93 75 72 86
24 29 90 52 76 25
25 26 1 48 67 16
25 27 34 10 73 36
25 28 0 52 79 29
25 29 32 84 81 17
26 27 33 68 22 67
26 28 27 40 73 9
26 29 35 40 13 34
27 28 82 79 58 71
27 29 92 62 59 34
28 29 61 46 86 72
