30
0 1 72 68 65 68
0 2 64 67 66 61
0 3 62 66 54 60
0 4 82 75 74 70
0 5 7 20 8 12
0 6 24 30 34 29
0 7 38 38 38 46
0 8 5 19 17 12
0 9 3 10 6 17
0 10 32 34 34 38
0 11 81 81 83 75
0 12 9 15 18 15
0 13 4 11 15 9
0 14 17 21 21 21
0 15 9 11 11 14
0 16 40 44 36 37
0 17 12 23 20 16
0 18 97 93 90 95
0 19 11 11 17 18
0 20 63 59 59 65
0 21 1 7 10 6
0 22 64 58 57 56
0 23 67 61 63 65
0 24 21 24 32 19
0 25 15 17 27 22
0 26 23 31 28 30
0 27 88 80 78 85
0 28 76 69 74 65
0 29 18 28 16 26
1 2 82 83 80 84
1 3 61 63 64 59
1 4 29 29 35 33
1 5 71 61 66 66
1 6 3 5 5 17
1 7 1 14 4 9
1 8 23 25 31 22
1 9 88 77 87 86
1 10 82 71 84 82
1 11 56 59 62 53
1 12 49 47 43 51
1 13 36 32 35 32
1 14 14 16 18 25
1 15 3 14 6 8
1 16 47 45 43 52
1 17 36 45 36 31
1 18 78 80 71 80
1 19 39 46 46 40
1 20 27 32 31 36
1 21 64 65 59 56
1 22 70 61 71 70
1 23 77 75 80 77
1 24 73 65 75 75
1 25 81 73 72 80
1 26 94 86 84 88
1 27 95 92 86 95
1 28 21 22 26 32
1 29 74 76 72 70
2 3 70 63 64 65
2 4 80 72 74 79
2 5 38 37 45 44
2 6 69 70 60 73
2 7 94 87 83 89
2 8 80 71 82 73
2 9 2 3 15 9
2 10 45 41 38 50
2 11 74 74 75 68
2 12 14 24 22 15
2 13 21 32 27 30
2 14 10 21 16 11
2 15 99 90 87 88
2 16 26 35 33 27
2 17 89 90 90 80
2 18 15 20 16 27
2 19 58 53 59 59
2 20 80 70 75 79
2 21 62 54 64 56
2 22 36 45 37 32
2 23 72 64 73 75
2 24 81 78 72 71
2 25 61 58 61 65
2 26 83 75 80 83
2 27 47 43 47 51
2 28 61 63 61 59
2 29 67 70 65 61
3 4 39 39 46 38
3 5 98 89 87 95
3 6 43 45 44 40
3 7 15 24 14 21
3 8 84 74 80 75
3 9 79 82 80 73
3 10 4 18 7 7
3 11 50 50 56 54
3 12 59 62 57 62
3 13 16 20 15 26
3 14 40 34 48 34
3 15 33 39 32 32
3 16 31 26 28 36
3 17 86 81 88 88
3 18 73 75 72 74
3 19 20 21 21 22
3 20 96 95 85 87
3 21 28 27 33 32
3 22 22 27 33 25
3 23 36 32 39 39
3 24 58 53 62 63
3 25 9 15 10 11
3 26 90 79 78 83
3 27 83 79 80 84
3 28 45 52 43 50
3 29 95 91 96 91
4 5 63 54 60 56
4 6 93 81 88 94
4 7 56 60 62 55
4 8 25 34 34 31
4 9 70 72 63 60
4 10 59 62 64 60
4 11 3 12 11 6
4 12 2 14 5 6
4 13 31 28 27 37
4 14 46 45 49 42
4 15 17 28 24 28
4 16 40 38 47 36
4 17 34 38 30 42
4 18 84 78 82 81
4 19 86 87 81 82
4 20 43 44 43 42
4 21 91 92 84 92
4 22 95 93 92 89
4 23 4 7 18 17
4 24 6 14 11 15
4 25 42 48 46 39
4 26 38 36 47 41
4 27 50 48 44 53
4 28 66 67 67 62
4 29 64 66 58 59
5 6 83 78 74 82
5 7 52 47 48 48
5 8 20 24 19 20
5 9 9 9 10 9
5 10 26 31 26 27
5 11 96 83 93 85
5 12 97 91 91 91
5 13 82 72 73 72
5 14 23 31 31 23
5 15 90 91 79 87
5 16 23 20 21 30
5 17 95 92 93 83
5 18 14 22 23 12
5 19 6 16 9 6
5 20 25 27 25 24
5 21 42 42 41 42
5 22 91 91 87 81
5 23 85 82 84 73
5 24 14 14 22 26
5 25 96 84 91 95
5 26 48 42 41 52
5 27 26 23 31 30
5 28 72 76 67 71
5 29 59 56 52 65
6 7 97 85 96 96
6 8 74 73 67 69
6 9 53 54 50 54
6 10 60 61 61 53
6 11 16 15 14 16
6 12 64 59 58 65
6 13 92 82 83 80
6 14 79 68 79 79
6 15 97 88 89 88
6 16 9 21 19 16
6 17 0 4 8 11
6 18 49 48 53 44
6 19 12 15 18 16
6 20 36 42 36 39
6 21 70 69 73 62
6 22 94 87 92 93
6 23 24 24 31 31
6 24 60 53 59 61
6 25 26 34 32 25
6 26 17 24 27 17
6 27 38 37 34 47
6 28 23 31 34 33
6 29 93 88 93 85
7 8 31 41 38 39
7 9 24 27 29 30
7 10 93 88 81 86
7 11 49 43 47 44
7 12 20 30 20 24
7 13 20 20 28 24
7 14 58 54 60 62
7 15 9 10 16 15
7 16 30 38 37 33
7 17 12 18 25 24
7 18 33 29 30 32
7 19 15 19 20 14
7 20 9 22 8 9
7 21 41 50 35 36
7 22 89 88 82 82
7 23 86 85 77 79
7 24 49 50 56 41
7 25 85 87 82 86
7 26 32 40 30 31
7 27 70 72 72 72
7 28 6 6 15 11
7 29 35 38 40 33
8 9 72 67 75 67
8 10 35 42 36 32
8 11 77 71 70 70
8 12 82 81 77 74
8 13 41 48 47 43
8 14 42 46 39 49
8 15 67 60 57 62
8 16 35 42 30 34
8 17 92 91 90 89
8 18 19 18 30 20
8 19 40 40 36 45
8 20 73 76 71 72
8 21 11 12 13 14
8 22 5 18 17 5
8 23 68 67 59 64
8 24 69 71 62 70
8 25 80 81 80 82
8 26 8 11 8 17
8 27 53 54 55 50
8 28 28 28 30 28
8 29 72 62 64 65
9 10 21 22 32 28
9 11 72 74 63 65
9 12 1 3 5 11
9 13 63 55 62 54
9 14 77 76 69 75
9 15 46 52 43 50
9 16 8 8 15 11
9 17 57 51 52 60
9 18 66 60 60 67
9 19 94 93 87 83
9 20 44 45 41 50
9 21 59 58 52 55
9 22 22 19 28 24
9 23 65 57 57 63
9 24 75 67 77 76
9 25 35 34 39 38
9 26 98 87 87 90
9 27 62 63 59 67
9 28 80 69 71 70
9 29 41 38 47 37
10 11 95 82 92 89
10 12 91 83 79 78
10 13 74 76 66 69
10 14 7 20 15 12
10 15 87 74 77 87
10 16 7 20 6 9
10 17 61 62 64 66
10 18 18 22 18 28
10 19 87 82 85 86
10 20 6 15 19 13
10 21 85 75 82 74
10 22 90 79 80 87
10 23 31 34 26 41
10 24 46 50 40 42
10 25 77 67 69 74
10 26 81 69 79 82
10 27 99 93 90 95
10 28 12 21 14 17
10 29 35 43 37 31
11 12 57 63 59 57
11 13 71 75 68 68
11 14 19 27 17 30
11 15 27 30 36 25
11 16 75 68 74 77
11 17 64 68 68 61
11 18 80 75 78 78
11 19 4 13 8 18
11 20 19 18 26 21
11 21 66 64 71 59
11 22 68 71 62 69
11 23 79 80 67 73
11 24 36 38 40 34
11 25 62 67 55 65
11 26 61 62 57 53
11 27 86 79 83 77
11 28 19 28 26 23
11 29 61 64 65 64
12 13 35 39 45 40
12 14 28 31 29 38
12 15 59 55 54 61
12 16 93 90 89 80
12 17 96 87 95 87
12 18 74 66 67 71
12 19 79 74 71 73
12 20 7 10 14 18
12 21 35 34 32 42
12 22 45 38 44 44
12 23 64 65 60 68
12 24 72 69 69 63
12 25 4 8 15 16
12 26 32 32 30 42
12 27 87 83 81 89
12 28 25 35 34 35
12 29 73 65 63 69
13 14 57 63 58 61
13 15 85 75 83 82
13 16 43 45 40 39
13 17 18 19 21 28
13 18 6 19 18 8
13 19 95 86 92 84
13 20 96 95 91 89
13 21 66 69 70 58
13 22 98 94 93 96
13 23 10 14 15 9
13 24 67 62 66 64
13 25 37 38 41 32
13 26 3 15 13 11
13 27 70 73 71 73
13 28 68 71 58 65
13 29 9 15 11 11
14 15 73 72 68 63
14 16 53 59 57 52
14 17 23 34 28 25
14 18 11 19 17 12
14 19 57 57 51 56
14 20 73 63 63 74
14 21 50 54 50 55
14 22 22 19 32 22
14 23 86 83 82 86
14 24 69 72 71 60
14 25 53 51 47 47
14 26 84 75 81 82
14 27 6 5 14 16
14 28 31 35 29 37
14 29 37 38 40 32
15 16 87 87 83 75
15 17 52 50 50 47
15 18 40 35 42 36
15 19 74 69 75 71
15 20 68 73 60 63
15 21 97 90 86 90
15 22 67 60 71 70
15 23 91 81 89 79
15 24 13 13 23 22
15 25 32 30 38 29
15 26 94 94 84 93
15 27 30 37 29 40
15 28 5 7 7 12
15 29 32 32 41 42
16 17 32 29 29 28
16 18 22 22 26 32
16 19 62 65 66 53
16 20 57 63 55 60
16 21 95 92 90 84
16 22 93 90 94 92
16 23 2 12 11 11
16 24 17 20 23 17
16 25 30 31 27 29
16 26 93 87 80 86
16 27 74 65 76 73
16 28 8 20 20 14
16 29 91 90 82 89
17 18 23 27 32 27
17 19 37 39 41 45
17 20 8 17 12 18
17 21 4 7 10 12
17 22 49 54 54 56
17 23 17 29 26 27
17 24 85 83 86 78
17 25 20 21 18 23
17 26 93 89 86 88
17 27 72 69 73 72
17 28 17 23 15 15
17 29 80 76 79 74
18 19 35 41 42 32
18 20 82 70 72 74
18 21 35 31 37 42
18 22 0 3 5 1
18 23 73 70 75 72
18 24 51 50 54 44
18 25 12 20 10 17
18 26 3 6 10 4
18 27 27 26 24 31
18 28 69 70 72 70
18 29 19 20 20 18
19 20 48 54 51 44
19 21 32 31 33 30
19 22 6 7 14 20
19 23 1 12 6 12
19 24 83 76 84 84
19 25 11 14 17 17
19 26 18 18 29 23
19 27 96 82 87 91
19 28 58 52 59 51
19 29 6 8 7 17
20 21 72 63 74 67
20 22 45 47 45 49
20 23 46 51 48 50
20 24 45 44 49 40
20 25 22 24 22 20
20 26 30 33 40 32
20 27 11 12 17 12
20 28 23 26 21 29
20 29 37 32 46 43
21 22 53 50 49 57
21 23 37 45 47 39
21 24 3 5 9 17
21 25 97 91 88 97
21 26 17 26 25 26
21 27 89 84 90 77
21 28 92 80 86 88
21 29 12 19 21 14
22 23 69 63 71 70
22 24 10 17 17 18
22 25 4 11 5 18
22 26 70 68 61 74
22 27 18 20 23 28
22 28 77 75 76 66
22 29 48 50 48 52
23 24 79 78 78 77
23 25 21 28 31 28
23 26 77 73 81 77
23 27 35 35 42 40
23 28 71 75 74 68
23 29 25 26 35 22
24 25 55 53 58 61
24 26 47 50 45 53
24 27 95 89 82 90
24 28 60 57 60 61
24 29 5 10 10 5
25 26 78 80 74 73
25 27 37 33 46 46
25 28 83 80 71 81
25 29 16 26 14 27
26 27 26 36 35 32
26 28 77 69 67 76
26 29 67 67 70 71
27 28 73 68 76 69
27 29 91 92 92 86
28 29 72 72 70 64
