33
0 1 88 89 78 77
0 2 41 45 38 39
0 3 8 20 21 17
0 4 66 68 58 69
0 5 15 19 16 18
0 6 24 28 32 21
0 7 8 11 8 15
0 8 78 78 73 74
0 9 90 90 86 85
0 10 83 75 75 72
0 11 85 85 75 81
0 12 47 49 42 53
0 13 79 80 74 69
0 14 30 26 35 34
0 15 56 48 59 58
0 16 14 23 19 26
0 17 73 74 71 68
0 18 40 41 42 35
0 19 30 32 40 35
0 20 39 45 43 42
0 21 43 44 46 49
0 22 52 44 57 47
0 23 81 80 69 69
0 24 89 85 82 77
0 25 62 67 54 58
0 26 9 8 19 11
0 27 31 35 38 35
0 28 57 57 61 50
0 29 94 92 83 82
0 30 35 44 38 38
0 31 75 67 74 70
0 32 99 89 96 91
1 2 28 37 36 26
1 3 7 16 17 7
1 4 70 60 61 70
1 5 11 12 12 22
1 6 25 24 36 35
1 7 53 48 59 53
1 8 36 32 41 42
1 9 6 12 7 10
1 10 34 29 42 35
1 11 65 56 64 57
1 12 98 84 85 87
1 13 15 28 28 17
1 14 61 65 55 64
1 15 36 32 42 36
1 16 72 69 64 69
1 17 48 45 47 42
1 18 15 18 21 15
1 19 84 76 79 77
1 20 60 62 52 59
1 21 57 56 49 50
1 22 10 12 13 16
1 23 63 55 64 66
1 24 45 39 39 48
1 25 71 71 68 70
1 26 2 9 11 12
1 27 59 55 60 63
1 28 70 70 70 65
1 29 23 22 23 29
1 30 57 60 50 61
1 31 87 82 76 76
1 32 96 86 88 83
2 3 44 45 39 40
2 4 21 19 23 28
2 5 0 7 10 5
2 6 96 89 93 93
2 7 62 57 63 55
2 8 11 19 11 18
2 9 9 19 20 8
2 10 92 88 91 92
2 11 30 36 34 33
2 12 46 41 50 53
2 13 20 25 18 22
2 14 61 56 59 63
2 15 77 75 66 73
2 16 4 11 5 12
2 17 18 15 24 18
2 18 16 22 16 19
2 19 75 65 69 66
2 20 23 23 26 21
2 21 96 96 87 93
2 22 51 49 48 48
2 23 13 25 19 16
2 24 33 35 33 29
2 25 43 39 39 40
2 26 2 9 12 11
2 27 76 67 68 78
2 28 55 52 59 50
2 29 89 81 82 78
2 30 89 81 76 80
2 31 25 24 26 36
2 32 92 91 93 83
3 4 59 64 58 52
3 5 18 27 27 23
3 6 55 58 47 60
3 7 37 45 43 33
3 8 45 47 42 42
3 9 52 54 50 57
3 10 84 72 79 80
3 11 0 8 7 2
3 12 53 56 57 52
3 13 14 15 25 22
3 14 92 87 80 84
3 15 74 73 76 70
3 16 72 75 65 70
3 17 8 16 10 8
3 18 22 24 31 19
3 19 45 45 50 38
3 20 31 33 34 36
3 21 49 45 50 55
3 22 67 59 60 65
3 23 27 37 24 37
3 24 45 39 44 52
3 25 32 34 36 32
3 26 30 32 35 27
3 27 69 59 64 71
3 28 15 24 22 23
3 29 63 60 64 55
3 30 56 53 51 48
3 31 61 65 58 57
3 32 52 59 49 50
4 5 77 68 69 76
4 6 0 8 8 4
4 7 62 62 60 64
4 8 25 22 30 32
4 9 66 58 67 70
4 10 8 16 18 9
4 11 66 64 60 67
4 12 55 55 54 59
4 13 35 37 36 41
4 14 60 61 55 64
4 15 99 88 97 99
4 16 26 33 27 35
4 17 45 44 47 39
4 18 26 28 32 26
4 19 77 75 74 69
4 20 95 85 90 88
4 21 55 59 60 60
4 22 98 86 89 91
4 23 50 56 56 51
4 24 95 92 89 89
4 25 34 38 37 43
4 26 88 87 89 81
4 27 19 25 30 16
4 28 60 59 53 55
4 29 91 89 85 86
4 30 11 17 14 10
4 31 34 44 40 35
4 32 28 30 32 35
5 6 90 77 85 83
5 7 20 22 18 22
5 8 28 32 33 32
5 9 71 65 64 75
5 10 61 62 65 62
5 11 85 77 80 77
5 12 92 91 86 91
5 13 41 50 46 44
5 14 88 82 89 82
5 15 68 62 68 69
5 16 45 38 42 41
5 17 63 58 57 60
5 18 94 84 93 89
5 19 85 82 82 80
5 20 82 82 85 82
5 21 46 45 53 45
5 22 43 46 50 45
5 23 72 65 63 70
5 24 21 24 26 23
5 25 2 2 3 14
5 26 70 61 60 63
5 27 75 77 78 72
5 28 66 62 68 57
5 29 68 64 60 64
5 30 55 48 56 57
5 31 21 32 21 28
5 32 33 32 29 42
6 7 49 43 47 55
6 8 99 91 97 85
6 9 4 13 10 9
6 10 64 57 59 55
6 11 29 26 40 40
6 12 22 33 26 21
6 13 76 68 69 72
6 14 52 54 48 50
6 15 89 84 82 76
6 16 4 4 14 15
6 17 46 45 42 47
6 18 1 9 11 13
6 19 81 70 72 70
6 20 69 60 61 66
6 21 17 18 25 15
6 22 5 5 13 7
6 23 50 48 57 50
6 24 48 41 47 41
6 25 97 97 88 84
6 26 68 70 71 59
6 27 95 91 87 94
6 28 96 95 90 84
6 29 36 42 36 34
6 30 49 47 50 56
6 31 1 2 7 11
6 32 20 26 31 29
7 8 95 86 85 93
7 9 54 54 55 51
7 10 51 50 57 47
7 11 96 82 82 92
7 12 74 77 77 70
7 13 20 29 21 30
7 14 69 59 70 61
7 15 39 42 40 45
7 16 92 93 83 83
7 17 21 23 25 24
7 18 49 42 50 46
7 19 60 59 58 55
7 20 4 4 16 15
7 21 6 13 18 8
7 22 80 82 77 71
7 23 30 40 39 40
7 24 80 74 69 82
7 25 62 56 56 67
7 26 24 22 29 30
7 27 51 57 50 56
7 28 85 85 81 76
7 29 7 16 21 10
7 30 52 49 52 57
7 31 37 38 32 44
7 32 3 13 13 14
8 9 66 63 56 60
8 10 95 94 92 90
8 11 57 56 62 62
8 12 78 78 80 79
8 13 37 41 32 33
8 14 98 92 97 87
8 15 37 34 43 32
8 16 31 28 33 27
8 17 95 83 90 85
8 18 31 35 27 35
8 19 82 72 82 76
8 20 14 20 26 15
8 21 94 91 85 86
8 22 67 69 63 62
8 23 5 8 16 12
8 24 21 27 29 19
8 25 33 38 34 37
8 26 50 47 43 51
8 27 6 16 6 20
8 28 45 46 50 45
8 29 1 15 4 4
8 30 81 70 76 80
8 31 97 84 89 91
8 32 93 88 88 86
9 10 75 72 72 73
9 11 78 80 76 81
9 12 35 40 36 35
9 13 14 23 17 16
9 14 48 52 45 48
9 15 55 55 60 61
9 16 7 20 16 8
9 17 48 49 44 43
9 18 90 85 85 89
9 19 62 65 54 64
9 20 69 69 64 67
9 21 64 55 62 68
9 22 63 58 54 54
9 23 18 19 18 23
9 24 61 63 65 59
9 25 0 5 0 13
9 26 98 87 84 90
9 27 96 90 89 82
9 28 73 62 63 65
9 29 60 64 52 60
9 30 77 73 70 76
9 31 44 41 47 41
9 32 32 39 36 38
10 11 3 9 6 8
10 12 30 29 26 27
10 13 47 45 42 45
10 14 2 16 3 12
10 15 94 93 80 92
10 16 40 35 37 47
10 17 50 55 50 57
10 18 74 72 69 71
10 19 94 91 90 81
10 20 35 41 30 41
10 21 49 47 53 57
10 22 56 48 59 54
10 23 67 65 70 60
10 24 21 22 23 28
10 25 32 40 28 28
10 26 38 46 34 42
10 27 27 28 30 35
10 28 82 78 75 82
10 29 61 66 62 53
10 30 23 23 33 23
10 31 53 46 59 58
10 32 97 87 96 96
11 12 14 23 20 25
11 13 45 42 39 48
11 14 70 74 64 68
11 15 39 46 36 41
11 16 40 42 44 44
11 17 38 40 40 36
11 18 95 82 95 95
11 19 32 42 32 35
11 20 85 81 76 73
11 21 80 75 71 75
11 22 60 63 59 57
11 23 85 81 84 73
11 24 87 74 88 89
11 25 30 27 35 35
11 26 77 71 78 66
11 27 63 62 64 56
11 28 96 93 91 85
11 29 17 18 24 27
11 30 39 47 38 45
11 31 94 83 90 88
11 32 82 83 74 82
12 13 80 74 71 72
12 14 76 71 75 75
12 15 69 73 63 64
12 16 77 71 74 70
12 17 59 57 58 55
12 18 66 70 63 59
12 19 40 34 42 36
12 20 49 56 51 55
12 21 44 43 41 42
12 22 60 65 62 64
12 23 48 46 44 55
12 24 68 60 64 69
12 25 55 56 53 53
12 26 59 54 55 54
12 27 82 75 72 75
12 28 20 23 19 25
12 29 90 88 87 81
12 30 51 47 53 48
12 31 67 70 67 58
12 32 98 98 92 90
13 14 76 71 77 73
13 15 2 14 16 14
13 16 21 18 29 23
13 17 73 71 69 77
13 18 24 21 31 23
13 19 0 1 10 3
13 20 20 23 20 22
13 21 99 97 97 95
13 22 87 84 85 83
13 23 83 71 75 71
13 24 59 61 62 56
13 25 15 25 27 27
13 26 59 55 59 53
13 27 68 60 70 68
13 28 91 83 83 83
13 29 84 83 77 78
13 30 13 19 15 17
13 31 80 70 77 76
13 32 80 73 78 78
14 15 60 54 63 61
14 16 88 78 78 77
14 17 17 29 21 25
14 18 32 31 31 41
14 19 71 69 63 74
14 20 32 36 35 33
14 21 65 70 66 69
14 22 58 58 56 56
14 23 39 34 41 44
14 24 72 68 72 71
14 25 49 52 44 56
14 26 12 23 18 22
14 27 15 15 23 25
14 28 45 45 44 44
14 29 65 66 56 65
14 30 60 60 65 55
14 31 8 14 8 21
14 32 33 32 41 28
15 16 93 85 82 92
15 17 56 55 53 48
15 18 14 22 16 23
15 19 32 37 33 32
15 20 96 86 87 93
15 21 86 82 81 85
15 22 31 30 40 39
15 23 25 30 28 31
15 24 38 45 44 38
15 25 80 81 77 76
15 26 30 38 38 33
15 27 57 50 55 59
15 28 27 36 26 31
15 29 17 20 24 17
15 30 55 48 53 57
15 31 91 88 89 82
15 32 69 61 61 62
16 17 28 26 34 34
16 18 69 65 73 65
16 19 9 11 9 12
16 20 43 38 49 45
16 21 35 31 31 38
16 22 10 20 18 16
16 23 23 28 32 24
16 24 52 45 50 51
16 25 92 84 85 93
16 26 92 85 79 91
16 27 8 8 18 9
16 28 20 17 28 30
16 29 76 78 77 79
16 30 80 82 78 81
16 31 15 16 16 16
16 32 8 16 13 14
17 18 65 57 59 62
17 19 7 13 17 9
17 20 84 76 77 77
17 21 83 84 72 79
17 22 87 83 83 75
17 23 59 58 51 53
17 24 35 38 29 35
17 25 28 34 37 31
17 26 50 48 53 43
17 27 59 64 51 51
17 28 66 66 62 65
17 29 18 20 27 27
17 30 25 24 26 28
17 31 80 75 70 80
17 32 43 40 37 43
18 19 10 14 20 22
18 20 2 12 15 9
18 21 8 13 15 16
18 22 75 77 71 69
18 23 93 89 91 84
18 24 11 16 16 20
18 25 72 72 70 63
18 26 30 25 33 34
18 27 12 13 19 17
18 28 87 84 81 80
18 29 1 4 11 4
18 30 59 59 53 64
18 31 71 70 67 61
18 32 43 51 45 42
19 20 19 27 31 17
19 21 30 37 38 39
19 22 30 38 26 26
19 23 10 21 17 22
19 24 43 45 43 50
19 25 4 5 14 9
19 26 20 25 31 20
19 27 87 84 84 78
19 28 59 60 58 52
19 29 18 19 18 27
19 30 10 22 11 22
19 31 51 48 53 53
19 32 70 73 73 64
20 21 83 86 84 77
20 22 37 33 41 33
20 23 91 89 86 91
20 24 49 48 53 53
20 25 30 27 33 32
20 26 81 80 69 72
20 27 32 31 38 40
20 28 51 47 55 49
20 29 16 16 21 17
20 30 3 16 14 10
20 31 51 45 48 50
20 32 67 59 63 66
21 22 84 76 75 76
21 23 59 57 51 54
21 24 37 43 43 45
21 25 82 71 82 82
21 26 89 76 88 77
21 27 23 25 34 23
21 28 82 84 75 78
21 29 87 87 83 80
21 30 88 76 90 87
21 31 58 55 60 52
21 32 39 41 42 44
22 23 51 55 53 50
22 24 53 54 54 51
22 25 11 11 16 13
22 26 44 46 48 44
22 27 63 57 54 65
22 28 23 32 30 26
22 29 51 47 50 48
22 30 4 17 5 8
22 31 18 26 28 30
22 32 55 51 53 58
23 24 56 61 56 50
23 25 13 18 15 13
23 26 16 13 20 22
23 27 80 76 75 74
23 28 29 37 38 39
23 29 84 84 86 80
23 30 37 45 42 45
23 31 56 56 58 61
23 32 42 50 39 39
24 25 27 34 25 31
24 26 63 63 58 65
24 27 79 71 82 80
24 28 34 33 33 33
24 29 97 89 90 92
24 30 72 72 74 72
24 31 1 1 13 7
24 32 60 51 62 64
25 26 95 86 93 89
25 27 68 69 70 59
25 28 27 29 27 29
25 29 6 15 15 8
25 30 81 74 78 82
25 31 95 94 93 88
25 32 30 39 34 26
26 27 54 46 49 56
26 28 87 74 89 85
26 29 27 31 34 37
26 30 22 33 32 25
26 31 88 90 76 83
26 32 41 40 47 49
27 28 57 59 58 55
27 29 79 68 75 79
27 30 80 70 78 74
27 31 22 25 31 33
27 32 30 40 35 28
28 29 46 53 51 49
28 30 49 56 48 42
28 31 60 59 63 55
28 32 40 38 37 37
29 30 79 73 71 71
29 31 1 2 5 15
29 32 74 64 72 71
30 31 99 87 91 91
30 32 59 63 51 63
31 32 42 41 43 36
