33
0 1 94 30 93 28
0 2 72 91 70 82
0 3 9 17 68 15
0 4 92 56 93 25
0 5 25 70 52 38
0 6 4 78 34 20
0 7 55 42 15 31
0 8 56 57 43 26
0 9 4 58 45 21
0 10 29 72 36 41
0 11 38 72 15 71
0 12 68 49 92 83
0 13 15 28 6 23
0 14 1 80 54 66
0 15 58 81 79 15
0 16 49 29 15 67
0 17 83 63 43 64
0 18 23 16 34 67
0 19 61 43 28 45
0 20 27 42 23 83
0 21 41 63 51 38
0 22 41 30 30 84
0 23 69 34 61 33
0 24 76 82 95 87
0 25 54 81 29 59
0 26 61 34 84 25
0 27 23 21 9 54
0 28 6 10 25 76
0 29 39 75 27 12
0 30 5 36 52 69
0 31 8 26 62 52
0 32 39 68 79 59
1 2 18 50 8 22
1 3 40 64 84 42
1 4 19 10 22 68
1 5 4 75 32 77
1 6 99 67 45 90
1 7 23 56 22 40
1 8 45 58 37 11
1 9 83 35 39 43
1 10 65 43 69 20
1 11 77 32 53 29
1 12 61 82 83 23
1 13 8 67 54 9
1 14 75 60 40 53
1 15 78 90 81 32
1 16 69 63 18 69
1 17 66 57 53 25
1 18 31 66 67 27
1 19 89 37 24 67
1 20 48 82 43 29
1 21 3 75 0 22
1 22 99 65 33 44
1 23 20 10 31 12
1 24 16 44 19 76
1 25 74 68 91 74
1 26 90 20 95 49
1 27 59 28 53 88
1 28 37 19 25 55
1 29 13 44 60 16
1 30 34 40 78 40
1 31 70 39 92 49
1 32 0 39 47 3
2 3 74 50 93 85
2 4 40 31 43 47
2 5 88 51 22 22
2 6 84 96 92 65
2 7 9 36 37 13
2 8 8 60 4 32
2 9 4 31 46 61
2 10 3 24 58 69
2 11 33 84 42 35
2 12 22 4 14 12
2 13 69 52 20 27
2 14 98 67 83 24
2 15 2 16 24 72
2 16 51 47 10 48
2 17 74 88 90 47
2 18 72 20 23 25
2 19 37 22 73 16
2 20 4 18 24 28
2 21 40 61 38 24
2 22 12 11 35 64
2 23 95 70 45 88
2 24 98 39 24 35
2 25 30 82 29 80
2 26 65 71 72 28
2 27 65 60 76 15
2 28 92 31 77 96
2 29 36 25 85 32
2 30 38 57 42 15
2 31 60 34 84 17
2 32 40 80 65 57
3 4 90 65 21 20
3 5 86 70 22 68
3 6 98 63 51 26
3 7 1 68 31 10
3 8 64 13 26 85
3 9 56 21 54 78
3 10 94 97 94 38
3 11 9 55 12 20
3 12 96 70 36 52
3 13 22 5 31 35
3 14 41 11 30 36
3 15 34 78 24 24
3 16 29 49 76 11
3 17 34 47 43 61
3 18 41 24 69 56
3 19 98 39 73 90
3 20 89 44 83 75
3 21 41 35 66 35
3 22 53 78 47 82
3 23 61 92 59 15
3 24 52 22 41 74
3 25 86 59 46 58
3 26 72 40 56 63
3 27 13 43 37 56
3 28 30 34 57 56
3 29 49 84 30 24
3 30 75 28 15 84
3 31 3 2 23 3
3 32 54 39 32 78
4 5 73 17 31 78
4 6 6 50 2 29
4 7 93 60 57 52
4 8 44 51 86 82
4 9 40 27 29 62
4 10 5 79 3 78
4 11 88 48 58 89
4 12 3 2 31 21
4 13 18 30 54 14
4 14 75 51 76 92
4 15 46 83 62 56
4 16 34 7 72 81
4 17 88 43 69 83
4 18 58 36 19 45
4 19 34 43 16 40
4 20 9 55 25 74
4 21 4 68 32 1
4 22 50 24 57 67
4 23 0 15 39 46
4 24 78 69 82 68
4 25 8 46 52 44
4 26 48 47 28 53
4 27 71 75 62 51
4 28 21 34 62 9
4 29 13 35 53 56
4 30 56 67 89 49
4 31 47 44 14 86
4 32 7 2 17 30
5 6 5 47 38 57
5 7 33 76 76 84
5 8 70 15 86 69
5 9 68 65 74 55
5 10 12 29 30 57
5 11 34 77 65 70
5 12 21 65 56 48
5 13 11 61 56 20
5 14 87 33 35 49
5 15 84 34 67 91
5 16 71 72 32 88
5 17 85 95 52 87
5 18 45 36 39 63
5 19 80 34 43 89
5 20 57 80 63 42
5 21 83 53 29 83
5 22 78 72 82 79
5 23 91 95 81 43
5 24 89 50 58 88
5 25 31 6 56 12
5 26 93 78 80 97
5 27 20 66 28 77
5 28 95 66 80 46
5 29 54 46 65 10
5 30 62 85 42 63
5 31 79 65 17 60
5 32 34 84 37 53
6 7 75 35 23 49
6 8 15 48 10 29
6 9 7 16 64 7
6 10 54 12 13 43
6 11 15 57 65 50
6 12 34 33 50 35
6 13 92 83 89 92
6 14 36 18 16 14
6 15 68 53 27 24
6 16 20 6 69 46
6 17 73 40 62 81
6 18 97 80 46 49
6 19 8 43 20 65
6 20 17 29 18 6
6 21 26 5 34 18
6 22 47 36 28 80
6 23 85 56 56 28
6 24 54 63 28 46
6 25 18 45 62 61
6 26 73 50 82 28
6 27 22 26 29 43
6 28 38 76 75 73
6 29 24 14 69 10
6 30 6 28 33 42
6 31 89 30 64 49
6 32 53 59 57 84
7 8 85 76 30 77
7 9 27 29 79 51
7 10 5 47 41 44
7 11 15 31 19 67
7 12 75 73 73 27
7 13 11 33 32 71
7 14 8 76 59 45
7 15 43 55 13 60
7 16 47 85 31 83
7 17 89 36 78 74
7 18 73 60 81 15
7 19 10 39 4 47
7 20 81 73 84 35
7 21 14 28 81 40
7 22 46 30 50 48
7 23 68 53 80 40
7 24 60 32 53 80
7 25 74 45 19 17
7 26 84 96 50 77
7 27 18 65 17 17
7 28 32 46 7 32
7 29 2 43 16 66
7 30 48 26 65 75
7 31 56 58 49 26
7 32 70 42 16 15
8 9 91 71 52 29
8 10 76 40 78 78
8 11 99 68 40 72
8 12 53 88 34 39
8 13 34 56 35 38
8 14 44 85 23 66
8 15 21 45 72 74
8 16 20 46 14 4
8 17 13 53 72 13
8 18 2 78 40 67
8 19 63 57 37 54
8 20 9 74 42 42
8 21 73 54 59 68
8 22 84 53 90 70
8 23 84 55 58 70
8 24 41 63 76 80
8 25 69 87 15 66
8 26 7 67 6 73
8 27 72 48 28 52
8 28 68 38 78 77
8 29 32 29 44 28
8 30 1 9 47 39
8 31 7 73 6 26
8 32 51 67 67 62
9 10 6 77 18 57
9 11 60 17 77 23
9 12 83 85 50 28
9 13 4 43 63 10
9 14 0 37 3 58
9 15 46 84 83 21
9 16 49 66 34 40
9 17 53 88 46 56
9 18 66 17 87 83
9 19 75 63 46 43
9 20 5 1 47 5
9 21 53 55 56 24
9 22 24 13 70 21
9 23 47 35 27 67
9 24 75 24 37 69
9 25 59 42 79 44
9 26 83 90 35 56
9 27 16 19 79 8
9 28 45 36 53 48
9 29 55 66 11 62
9 30 67 34 70 77
9 31 95 83 50 89
9 32 13 17 67 74
10 11 72 87 20 37
10 12 84 28 24 55
10 13 23 19 62 32
10 14 67 50 31 69
10 15 14 35 69 49
10 16 52 26 52 14
10 17 87 20 56 69
10 18 48 24 57 87
10 19 72 68 56 84
10 20 71 90 22 79
10 21 85 36 70 90
10 22 36 53 16 87
10 23 95 97 24 36
10 24 91 70 41 93
10 25 21 64 21 76
10 26 89 83 39 62
10 27 22 48 44 9
10 28 87 40 66 40
10 29 63 40 81 89
10 30 27 74 57 28
10 31 75 33 28 61
10 32 67 54 57 66
11 12 30 16 39 78
11 13 88 28 85 71
11 14 98 28 97 30
11 15 60 87 80 85
11 16 79 62 33 57
11 17 74 21 87 22
11 18 49 44 83 41
11 19 76 93 47 81
11 20 91 39 53 25
11 21 68 19 34 50
11 22 28 80 57 56
11 23 12 23 48 53
11 24 35 9 7 85
11 25 10 10 64 51
11 26 4 28 65 36
11 27 91 73 54 95
11 28 24 36 65 79
11 29 51 83 27 66
11 30 13 67 66 63
11 31 21 69 33 50
11 32 38 43 42 38
12 13 64 49 52 22
12 14 57 58 19 15
12 15 39 31 81 77
12 16 10 5 7 47
12 17 99 73 91 28
12 18 78 77 19 52
12 19 70 93 43 83
12 20 8 60 59 69
12 21 30 13 17 83
12 22 50 21 89 23
12 23 88 86 36 85
12 24 78 72 75 53
12 25 92 28 32 79
12 26 35 65 60 52
12 27 30 14 64 14
12 28 99 40 72 85
12 29 80 27 58 94
12 30 69 73 24 17
12 31 7 39 17 63
12 32 6 55 65 74
13 14 90 77 36 40
13 15 60 67 79 37
13 16 41 58 87 13
13 17 57 68 71 79
13 18 10 63 56 71
13 19 91 51 93 25
13 20 55 58 41 69
13 21 22 57 79 62
13 22 39 42 42 68
13 23 50 59 12 87
13 24 83 25 41 71
13 25 62 86 58 78
13 26 3 37 58 78
13 27 58 70 77 31
13 28 59 33 54 18
13 29 43 40 71 85
13 30 71 76 59 61
13 31 56 55 19 41
13 32 44 79 33 29
14 15 43 61 73 86
14 16 20 78 14 17
14 17 86 90 94 34
14 18 74 88 23 64
14 19 17 72 33 23
14 20 88 74 54 57
14 21 82 83 86 61
14 22 70 26 93 28
14 23 78 20 92 78
14 24 18 46 50 37
14 25 25 51 63 75
14 26 23 80 76 29
14 27 79 57 46 34
14 28 15 38 37 26
14 29 31 68 64 20
14 30 92 41 92 62
14 31 65 34 92 51
14 32 22 67 7 73
15 16 7 46 63 3
15 17 0 64 76 43
15 18 75 62 63 89
15 19 20 8 21 12
15 20 49 29 52 88
15 21 62 89 25 29
15 22 57 77 86 21
15 23 9 17 66 13
15 24 18 64 36 33
15 25 23 35 5 25
15 26 64 55 63 75
15 27 14 30 3 64
15 28 61 42 69 32
15 29 59 82 32 24
15 30 44 56 14 35
15 31 11 7 61 62
15 32 46 50 70 85
16 17 95 43 24 74
16 18 34 44 35 11
16 19 13 51 59 63
16 20 89 58 42 39
16 21 92 44 41 75
16 22 28 77 46 63
16 23 30 32 69 73
16 24 2 49 2 51
16 25 33 76 20 52
16 26 6 63 12 81
16 27 73 71 41 35
16 28 92 51 20 23
16 29 89 51 94 38
16 30 57 76 19 91
16 31 52 90 19 38
16 32 10 72 23 2
17 18 41 82 11 70
17 19 85 55 91 54
17 20 68 50 38 72
17 21 15 12 68 31
17 22 10 52 72 75
17 23 70 69 93 14
17 24 85 59 19 87
17 25 31 55 72 17
17 26 28 46 84 9
17 27 74 84 74 14
17 28 47 88 74 84
17 29 55 26 38 65
17 30 96 55 46 84
17 31 29 24 15 26
17 32 25 64 83 42
18 19 58 14 76 52
18 20 94 73 51 52
18 21 51 19 12 16
18 22 72 40 54 82
18 23 95 28 90 32
18 24 40 20 23 38
18 25 79 40 52 50
18 26 5 80 44 11
18 27 9 23 23 18
18 28 23 54 38 5
18 29 75 45 76 20
18 30 64 92 64 71
18 31 39 39 29 69
18 32 91 53 26 26
19 20 93 27 44 49
19 21 89 62 74 48
19 22 73 82 39 29
19 23 84 50 74 20
19 24 24 17 44 10
19 25 35 51 50 15
19 26 50 50 65 35
19 27 76 95 61 40
19 28 61 41 46 54
19 29 15 6 78 73
19 30 96 37 80 30
19 31 92 55 92 46
19 32 0 13 68 20
20 21 86 36 69 78
20 22 19 55 71 68
20 23 22 57 69 77
20 24 46 54 18 53
20 25 47 26 25 34
20 26 92 22 58 47
20 27 68 17 37 55
20 28 3 5 34 79
20 29 92 55 37 88
20 30 12 37 30 49
20 31 30 28 36 10
20 32 66 90 62 45
21 22 38 54 73 75
21 23 15 61 68 56
21 24 92 78 26 49
21 25 4 45 7 24
21 26 4 64 11 11
21 27 37 64 13 14
21 28 47 43 48 23
21 29 82 91 90 33
21 30 66 92 91 47
21 31 68 88 66 76
21 32 17 27 17 45
22 23 68 26 22 38
22 24 60 90 28 91
22 25 54 45 85 39
22 26 17 8 23 3
22 27 15 41 83 29
22 28 76 26 88 80
22 29 42 73 42 56
22 30 99 41 57 39
22 31 56 71 67 73
22 32 40 84 26 26
23 24 37 54 84 77
23 25 7 3 29 50
23 26 36 17 60 73
23 27 73 63 53 66
23 28 58 85 53 81
23 29 98 80 74 64
23 30 67 67 28 14
23 31 95 34 63 92
23 32 14 37 70 70
24 25 74 72 22 86
24 26 18 7 55 7
24 27 90 93 30 36
24 28 79 71 67 83
24 29 98 74 39 41
24 30 30 35 54 60
24 31 49 39 17 39
24 32 48 17 10 40
25 26 26 8 53 6
25 27 69 71 17 73
25 28 12 77 55 43
25 29 11 30 79 6
25 30 90 62 18 75
25 31 20 28 26 80
25 32 36 63 63 42
26 27 72 48 27 71
26 28 60 39 85 79
26 29 82 60 88 93
26 30 24 77 9 48
26 31 29 37 10 80
26 32 57 63 65 23
27 28 16 28 64 44
27 29 31 84 59 52
27 30 22 55 64 66
27 31 39 63 21 41
27 32 99 93 74 66
28 29 88 64 30 27
28 30 3 3 76 9
28 31 39 34 69 17
28 32 18 80 72 29
29 30 8 21 13 48
29 31 38 9 19 74
29 32 60 33 21 20
30 31 29 67 82 19
30 32 63 53 44 24
31 32 90 23 59 86
