33
0 1 15 53 38 45
0 2 81 68 71 86
0 3 8 40 30 9
0 4 53 71 43 46
0 5 93 93 87 76
0 6 86 50 54 57
0 7 77 69 50 81
0 8 59 41 62 36
0 9 61 79 62 39
0 10 90 91 55 81
0 11 12 53 53 12
0 12 44 35 25 51
0 13 16 10 13 24
0 14 6 52 23 9
0 15 75 58 45 81
0 16 59 41 55 57
0 17 88 62 61 89
0 18 10 26 12 26
0 19 86 89 76 80
0 20 99 68 81 58
0 21 27 56 57 33
0 22 6 29 33 20
0 23 86 79 74 59
0 24 57 32 43 57
0 25 66 78 74 55
0 26 41 38 63 29
0 27 88 44 89 81
0 28 7 7 30 23
0 29 50 60 68 53
0 30 36 48 36 50
0 31 96 49 81 58
0 32 14 34 35 53
1 2 23 38 47 13
1 3 15 33 42 25
1 4 64 42 42 68
1 5 93 73 51 78
1 6 94 68 89 95
1 7 14 53 24 11
1 8 70 56 37 84
1 9 50 39 33 37
1 10 47 68 66 33
1 11 38 57 23 23
1 12 14 49 42 27
1 13 29 35 20 45
1 14 42 64 63 37
1 15 37 67 27 51
1 16 47 45 50 36
1 17 47 65 44 62
1 18 91 50 57 76
1 19 20 21 49 43
1 20 23 53 56 28
1 21 87 89 75 65
1 22 41 28 26 62
1 23 28 61 42 41
1 24 71 71 38 77
1 25 68 59 46 82
1 26 76 62 46 75
1 27 43 50 51 52
1 28 32 48 29 16
1 29 35 26 59 58
1 30 14 45 52 34
1 31 45 62 37 32
1 32 60 34 63 79
2 3 79 40 49 69
2 4 24 57 56 29
2 5 57 43 55 76
2 6 48 35 35 48
2 7 89 69 77 90
2 8 90 71 92 83
2 9 67 37 59 51
2 10 10 35 54 13
2 11 52 33 36 48
2 12 90 46 77 46
2 13 20 23 35 32
2 14 3 16 7 8
2 15 72 71 49 44
2 16 6 47 14 47
2 17 84 49 53 90
2 18 57 55 55 72
2 19 84 55 79 87
2 20 94 60 51 96
2 21 35 61 60 49
2 22 25 33 32 48
2 23 27 43 60 56
2 24 34 54 54 49
2 25 31 47 35 62
2 26 88 72 64 44
2 27 39 55 53 64
2 28 22 48 17 14
2 29 25 33 32 31
2 30 38 41 44 33
2 31 19 44 31 41
2 32 49 48 32 42
3 4 42 50 58 40
3 5 66 70 65 50
3 6 28 57 30 41
3 7 49 58 59 32
3 8 3 1 15 30
3 9 92 62 64 55
3 10 54 76 58 59
3 11 60 64 35 57
3 12 14 12 31 16
3 13 46 28 37 72
3 14 70 44 49 58
3 15 66 67 55 49
3 16 88 57 83 63
3 17 59 75 54 43
3 18 44 36 66 56
3 19 18 45 57 31
3 20 2 38 28 2
3 21 67 62 52 50
3 22 26 19 28 59
3 23 14 25 54 36
3 24 81 73 61 84
3 25 28 21 62 33
3 26 17 47 45 29
3 27 84 66 47 75
3 28 68 70 72 50
3 29 72 58 55 37
3 30 15 37 44 13
3 31 94 95 87 92
3 32 36 45 38 29
4 5 74 84 83 50
4 6 9 40 40 43
4 7 92 62 60 54
4 8 2 37 14 37
4 9 67 33 47 80
4 10 30 49 22 24
4 11 13 37 52 8
4 12 27 54 42 56
4 13 59 58 73 72
4 14 20 49 58 57
4 15 64 43 62 35
4 16 6 47 33 11
4 17 34 33 45 47
4 18 87 91 50 53
4 19 66 45 63 60
4 20 41 22 41 25
4 21 39 56 29 61
4 22 74 84 62 44
4 23 72 68 43 78
4 24 88 89 85 49
4 25 83 81 52 42
4 26 18 18 28 20
4 27 22 42 51 27
4 28 32 40 44 53
4 29 80 57 40 43
4 30 56 74 31 36
4 31 6 34 18 22
4 32 3 41 33 40
5 6 42 48 46 67
5 7 0 43 19 33
5 8 6 3 25 39
5 9 54 35 35 75
5 10 95 85 81 88
5 11 34 30 36 64
5 12 42 52 24 62
5 13 0 26 21 22
5 14 80 66 86 61
5 15 19 15 35 12
5 16 25 17 31 41
5 17 11 50 47 47
5 18 82 46 81 76
5 19 44 33 35 51
5 20 51 52 50 39
5 21 25 22 34 25
5 22 79 61 87 71
5 23 48 65 52 34
5 24 57 72 52 32
5 25 6 35 41 11
5 26 62 60 40 57
5 27 53 59 27 27
5 28 9 43 46 48
5 29 72 45 80 63
5 30 28 19 43 48
5 31 81 75 53 56
5 32 48 57 69 43
6 7 46 48 54 23
6 8 3 24 16 20
6 9 56 38 51 34
6 10 58 51 46 70
6 11 12 53 42 11
6 12 73 80 64 63
6 13 49 41 62 60
6 14 59 50 68 60
6 15 87 45 68 54
6 16 47 57 56 73
6 17 41 44 29 21
6 18 13 21 35 9
6 19 71 56 47 75
6 20 54 48 68 58
6 21 92 66 85 65
6 22 20 40 58 37
6 23 6 3 28 37
6 24 55 76 50 49
6 25 71 51 68 85
6 26 90 64 59 58
6 27 33 28 47 46
6 28 24 23 16 14
6 29 92 71 62 77
6 30 66 51 76 75
6 31 18 31 58 57
6 32 19 37 54 28
7 8 62 59 77 60
7 9 20 46 22 46
7 10 26 35 40 62
7 11 6 51 26 46
7 12 85 43 44 67
7 13 77 59 85 42
7 14 35 50 29 40
7 15 65 56 43 82
7 16 63 73 73 32
7 17 59 78 53 63
7 18 87 74 64 90
7 19 72 38 75 58
7 20 15 30 55 39
7 21 58 48 58 40
7 22 21 58 40 27
7 23 36 38 29 55
7 24 14 17 56 30
7 25 89 61 91 53
7 26 4 32 24 18
7 27 31 58 62 60
7 28 41 51 44 66
7 29 2 3 49 36
7 30 76 62 48 61
7 31 71 71 74 42
7 32 40 32 69 35
8 9 1 20 24 1
8 10 94 63 78 58
8 11 82 51 42 51
8 12 51 58 45 32
8 13 16 30 36 27
8 14 14 37 9 52
8 15 14 40 46 19
8 16 54 54 47 27
8 17 38 62 25 62
8 18 84 42 50 65
8 19 55 74 35 69
8 20 25 33 33 59
8 21 36 22 65 35
8 22 61 54 41 66
8 23 21 48 12 24
8 24 58 50 34 70
8 25 96 86 80 75
8 26 15 22 40 27
8 27 85 51 83 46
8 28 55 60 47 77
8 29 99 90 83 82
8 30 61 65 46 42
8 31 66 77 41 43
8 32 33 31 37 40
9 10 36 42 65 51
9 11 23 52 31 52
9 12 59 50 54 35
9 13 68 68 37 82
9 14 5 51 43 46
9 15 55 54 60 36
9 16 55 46 39 42
9 17 52 55 66 45
9 18 52 54 30 26
9 19 49 30 33 28
9 20 97 85 66 90
9 21 81 67 77 51
9 22 8 49 32 24
9 23 96 69 75 60
9 24 73 70 53 67
9 25 63 79 73 37
9 26 13 40 32 10
9 27 16 33 36 18
9 28 21 38 57 19
9 29 21 13 55 43
9 30 47 46 47 27
9 31 7 45 45 38
9 32 78 40 89 40
10 11 87 53 49 92
10 12 57 60 50 37
10 13 16 20 23 21
10 14 8 7 9 51
10 15 77 84 74 82
10 16 21 53 42 14
10 17 39 31 41 65
10 18 54 44 55 39
10 19 90 79 93 78
10 20 36 44 57 52
10 21 86 62 43 47
10 22 12 15 31 23
10 23 13 11 34 13
10 24 4 28 27 2
10 25 58 45 40 72
10 26 53 38 48 59
10 27 14 47 26 39
10 28 34 42 19 22
10 29 92 91 71 95
10 30 55 36 49 71
10 31 25 35 25 20
10 32 71 84 76 71
11 12 56 59 58 53
11 13 23 61 61 59
11 14 9 45 35 11
11 15 69 49 71 71
11 16 11 53 20 26
11 17 62 52 45 72
11 18 40 58 29 23
11 19 82 51 73 89
11 20 75 72 80 49
11 21 11 48 48 46
11 22 12 37 51 31
11 23 41 67 23 64
11 24 18 51 53 54
11 25 48 40 26 40
11 26 59 78 54 61
11 27 81 72 67 77
11 28 95 78 72 70
11 29 78 41 53 42
11 30 31 35 49 56
11 31 34 64 53 52
11 32 51 71 28 65
12 13 87 51 93 91
12 14 41 65 39 29
12 15 58 61 38 56
12 16 8 41 13 30
12 17 48 66 59 48
12 18 40 68 23 58
12 19 12 35 30 46
12 20 62 74 81 48
12 21 61 46 79 67
12 22 37 55 33 28
12 23 27 42 14 36
12 24 97 55 86 66
12 25 49 64 43 54
12 26 19 18 45 43
12 27 81 41 46 53
12 28 73 76 54 69
12 29 77 48 74 72
12 30 68 73 64 47
12 31 61 35 31 68
12 32 72 86 68 65
13 14 55 40 69 67
13 15 10 54 43 13
13 16 72 58 65 41
13 17 16 26 46 24
13 18 81 52 83 48
13 19 39 37 33 51
13 20 96 96 57 73
13 21 80 45 48 87
13 22 20 29 40 45
13 23 93 69 93 51
13 24 31 43 29 16
13 25 8 4 32 50
13 26 83 48 61 65
13 27 39 56 33 28
13 28 35 54 27 66
13 29 5 5 7 27
13 30 98 96 87 95
13 31 70 37 53 71
13 32 75 60 41 82
14 15 44 65 69 63
14 16 70 43 65 47
14 17 71 51 79 47
14 18 3 2 12 49
14 19 44 30 26 56
14 20 70 60 74 62
14 21 79 49 53 88
14 22 19 23 58 34
14 23 52 73 53 29
14 24 94 66 73 70
14 25 64 53 63 33
14 26 68 81 83 56
14 27 91 67 76 60
14 28 32 47 57 18
14 29 70 36 78 79
14 30 98 92 60 60
14 31 55 69 35 75
14 32 90 62 83 82
15 16 17 43 12 39
15 17 57 53 45 59
15 18 90 50 77 93
15 19 96 94 76 75
15 20 65 43 77 40
15 21 60 32 34 73
15 22 16 57 33 19
15 23 28 27 26 36
15 24 65 52 52 54
15 25 98 95 70 93
15 26 97 86 82 79
15 27 36 24 30 65
15 28 2 25 25 50
15 29 22 33 16 16
15 30 95 86 83 70
15 31 81 58 86 86
15 32 36 25 23 44
16 17 80 66 40 71
16 18 78 65 42 80
16 19 31 22 47 33
16 20 13 34 24 53
16 21 6 51 15 5
16 22 48 52 42 49
16 23 13 48 44 17
16 24 77 85 52 53
16 25 75 55 52 79
16 26 91 85 78 87
16 27 58 71 72 58
16 28 21 17 40 58
16 29 65 49 68 52
16 30 82 88 91 62
16 31 31 20 44 56
16 32 83 86 52 65
17 18 77 40 81 84
17 19 13 29 15 48
17 20 64 36 40 79
17 21 80 77 90 82
17 22 58 36 76 74
17 23 60 71 74 38
17 24 41 36 42 45
17 25 81 43 64 59
17 26 3 2 38 51
17 27 35 23 35 25
17 28 8 39 8 43
17 29 94 57 95 82
17 30 94 88 86 57
17 31 2 11 44 34
17 32 3 25 3 42
18 19 74 67 56 50
18 20 16 11 37 35
18 21 75 45 50 66
18 22 23 23 25 26
18 23 40 45 38 66
18 24 51 42 43 31
18 25 49 28 28 50
18 26 37 38 31 65
18 27 94 79 79 59
18 28 55 43 65 71
18 29 82 53 52 51
18 30 40 29 25 35
18 31 28 32 19 53
18 32 9 27 38 11
19 20 88 57 92 70
19 21 47 33 57 65
19 22 14 31 46 48
19 23 37 49 25 40
19 24 7 49 49 45
19 25 76 45 79 66
19 26 0 44 10 40
19 27 18 40 33 34
19 28 73 65 75 80
19 29 38 32 30 53
19 30 18 46 35 25
19 31 65 34 63 67
19 32 25 48 26 17
20 21 0 39 5 11
20 22 32 18 24 23
20 23 71 62 81 66
20 24 5 42 6 35
20 25 28 37 42 56
20 26 93 77 50 90
20 27 53 39 59 36
20 28 10 9 47 18
20 29 50 31 51 47
20 30 18 53 39 43
20 31 7 32 47 7
20 32 4 39 10 35
21 22 33 22 36 25
21 23 26 56 61 24
21 24 13 8 48 52
21 25 42 28 67 30
21 26 51 27 57 33
21 27 49 57 33 44
21 28 58 73 55 30
21 29 72 41 47 76
21 30 38 37 40 62
21 31 42 57 50 63
21 32 81 43 56 62
22 23 40 46 50 38
22 24 72 39 84 61
22 25 9 10 24 40
22 26 38 46 24 29
22 27 13 49 32 47
22 28 25 14 14 39
22 29 87 66 75 80
22 30 50 73 51 48
22 31 81 82 82 77
22 32 73 65 40 37
23 24 77 62 43 48
23 25 9 27 27 17
23 26 11 16 32 8
23 27 75 53 41 50
23 28 69 70 49 62
23 29 20 17 19 13
23 30 72 51 39 80
23 31 92 55 51 67
23 32 66 42 58 78
24 25 40 68 50 67
24 26 85 87 74 78
24 27 11 35 37 12
24 28 7 6 36 26
24 29 29 62 34 32
24 30 41 51 68 24
24 31 16 26 40 41
24 32 55 51 54 43
25 26 37 55 47 53
25 27 33 58 24 42
25 28 60 33 52 56
25 29 41 55 24 60
25 30 91 46 93 46
25 31 3 35 24 23
25 32 77 60 84 67
26 27 96 78 90 64
26 28 52 27 62 32
26 29 36 25 48 62
26 30 30 62 15 51
26 31 82 81 69 70
26 32 83 53 54 46
27 28 94 85 52 54
27 29 1 14 17 15
27 30 31 19 30 17
27 31 53 49 70 33
27 32 23 49 24 24
28 29 25 42 23 22
28 30 91 70 80 79
28 31 77 71 47 47
28 32 38 53 46 24
29 30 55 59 59 50
29 31 83 83 69 42
29 32 51 42 28 35
30 31 53 58 50 38
30 32 13 39 19 19
31 32 76 78 67 54
