35
0 1 53 50 58 46
0 2 68 68 65 64
0 3 2 2 8 16
0 4 48 43 50 46
0 5 20 18 17 17
0 6 69 72 61 61
0 7 70 74 65 73
0 8 37 34 42 41
0 9 60 54 63 63
0 10 60 55 56 53
0 11 97 93 83 93
0 12 19 22 29 27
0 13 19 18 23 28
0 14 61 61 56 64
0 15 75 69 73 68
0 16 15 27 22 27
0 17 97 87 90 97
0 18 0 12 10 1
0 19 82 74 75 75
0 20 43 49 45 37
0 21 36 32 41 34
0 22 36 42 32 38
0 23 16 14 20 17
0 24 35 44 45 34
0 25 14 22 14 26
0 26 8 12 19 21
0 27 47 54 42 52
0 28 82 79 83 85
0 29 71 65 62 71
0 30 53 54 51 52
0 31 93 79 84 86
0 32 1 13 11 8
0 33 8 6 18 9
0 34 37 38 32 42
1 2 14 15 21 23
1 3 58 60 51 53
1 4 5 9 19 5
1 5 52 56 45 57
1 6 73 67 75 62
1 7 95 91 93 89
1 8 40 37 43 37
1 9 16 25 23 25
1 10 11 14 22 12
1 11 30 28 34 27
1 12 77 66 71 68
1 13 44 47 38 47
1 14 26 23 25 28
1 15 28 39 36 38
1 16 64 57 55 57
1 17 11 19 13 16
1 18 53 49 54 54
1 19 85 76 84 74
1 20 13 14 25 20
1 21 74 65 77 67
1 22 38 44 34 34
1 23 95 95 88 95
1 24 62 55 54 64
1 25 72 74 67 71
1 26 9 21 16 12
1 27 85 81 73 84
1 28 1 4 7 12
1 29 3 17 2 11
1 30 26 34 23 36
1 31 91 83 83 80
1 32 19 25 30 30
1 33 98 93 95 85
1 34 53 53 51 54
2 3 1 8 3 3
2 4 92 88 86 89
2 5 83 79 75 84
2 6 82 73 82 79
2 7 80 78 74 81
2 8 81 73 75 70
2 9 24 26 24 35
2 10 74 76 66 63
2 11 18 21 23 16
2 12 28 27 35 38
2 13 64 67 55 69
2 14 36 31 39 33
2 15 77 68 79 80
2 16 4 5 11 14
2 17 42 41 51 51
2 18 89 90 81 85
2 19 49 49 52 48
2 20 21 26 21 21
2 21 58 57 60 57
2 22 46 47 49 52
2 23 56 62 53 57
2 24 50 46 49 57
2 25 63 65 55 59
2 26 31 36 32 35
2 27 53 58 53 51
2 28 32 31 32 39
2 29 44 41 41 47
2 30 23 31 32 30
2 31 87 85 86 85
2 32 72 63 74 62
2 33 8 11 22 19
2 34 38 33 45 41
3 4 36 42 35 43
3 5 4 12 13 5
3 6 90 89 85 88
3 7 15 21 19 19
3 8 86 83 76 84
3 9 16 22 22 28
3 10 28 25 32 33
3 11 25 34 34 36
3 12 82 78 75 84
3 13 96 92 88 92
3 14 16 23 28 16
3 15 0 14 10 13
3 16 97 95 91 86
3 17 47 44 44 43
3 18 45 39 45 46
3 19 10 11 16 13
3 20 28 31 28 32
3 21 60 54 55 62
3 22 85 79 78 87
3 23 37 46 34 43
3 24 63 68 59 59
3 25 68 63 65 62
3 26 52 45 47 46
3 27 83 83 77 84
3 28 82 75 81 80
3 29 81 72 83 70
3 30 0 8 11 14
3 31 11 12 10 18
3 32 18 16 23 19
3 33 66 58 59 71
3 34 65 57 69 64
4 5 34 37 30 40
4 6 90 79 78 84
4 7 83 74 78 85
4 8 70 60 67 67
4 9 91 86 89 79
4 10 45 45 52 42
4 11 53 48 58 59
4 12 78 80 75 80
4 13 30 26 34 37
4 14 61 58 62 56
4 15 14 26 18 19
4 16 1 1 15 6
4 17 20 24 24 30
4 18 13 20 22 25
4 19 75 69 65 67
4 20 6 7 5 19
4 21 92 84 92 81
4 22 86 78 83 75
4 23 79 70 69 71
4 24 57 56 52 50
4 25 46 42 43 42
4 26 29 33 34 31
4 27 62 67 59 53
4 28 88 79 80 83
4 29 78 79 75 69
4 30 75 72 72 70
4 31 33 38 28 38
4 32 9 18 17 12
4 33 44 41 43 49
4 34 60 58 53 55
5 6 83 83 81 77
5 7 34 40 35 33
5 8 24 34 34 21
5 9 15 17 23 19
5 10 17 18 24 23
5 11 62 58 64 64
5 12 56 49 57 51
5 13 16 24 27 21
5 14 20 23 24 22
5 15 30 29 33 40
5 16 52 50 49 45
5 17 72 72 61 70
5 18 75 73 71 74
5 19 5 6 13 14
5 20 19 22 17 29
5 21 29 27 36 25
5 22 48 47 53 47
5 23 69 70 66 65
5 24 21 23 20 27
5 25 65 69 56 55
5 26 33 42 30 35
5 27 47 46 49 55
5 28 31 33 38 40
5 29 41 42 43 42
5 30 95 81 84 87
5 31 28 30 32 24
5 32 36 44 35 36
5 33 96 88 92 86
5 34 49 45 42 43
6 7 38 34 40 43
6 8 19 26 18 22
6 9 98 94 93 93
6 10 74 64 70 65
6 11 90 87 77 77
6 12 96 86 84 94
6 13 38 33 39 37
6 14 50 45 44 46
6 15 72 70 71 62
6 16 21 32 25 28
6 17 81 76 76 81
6 18 17 29 20 29
6 19 2 6 14 7
6 20 88 85 75 85
6 21 4 16 16 11
6 22 66 69 64 68
6 23 35 40 30 38
6 24 57 52 60 52
6 25 43 37 40 46
6 26 14 22 13 14
6 27 90 83 79 79
6 28 64 56 68 67
6 29 29 30 34 34
6 30 72 73 75 64
6 31 65 65 68 69
6 32 29 29 28 33
6 33 35 44 32 34
6 34 84 74 72 82
7 8 63 60 62 55
7 9 83 73 78 78
7 10 60 60 52 63
7 11 58 49 60 49
7 12 24 24 34 26
7 13 7 13 20 13
7 14 0 8 6 3
7 15 12 16 22 17
7 16 98 92 87 90
7 17 40 44 43 39
7 18 7 16 7 8
7 19 2 11 7 16
7 20 85 73 83 80
7 21 92 87 79 80
7 22 94 88 92 86
7 23 51 57 51 56
7 24 29 36 33 39
7 25 50 50 53 56
7 26 19 20 27 23
7 27 7 15 9 14
7 28 56 61 59 55
7 29 63 69 56 57
7 30 1 11 1 5
7 31 30 37 34 26
7 32 62 60 67 61
7 33 33 36 33 36
7 34 93 81 89 85
8 9 31 38 39 34
8 10 73 62 66 66
8 11 29 28 35 28
8 12 68 60 72 61
8 13 18 29 20 24
8 14 5 11 19 13
8 15 45 40 44 43
8 16 63 69 66 69
8 17 47 43 43 49
8 18 96 92 94 95
8 19 64 69 56 55
8 20 2 11 16 16
8 21 66 56 64 57
8 22 61 52 58 64
8 23 83 81 76 82
8 24 7 10 14 19
8 25 12 23 24 24
8 26 87 76 88 81
8 27 0 13 13 10
8 28 2 3 14 8
8 29 75 64 65 76
8 30 68 69 61 65
8 31 39 40 41 39
8 32 75 76 68 65
8 33 7 14 8 19
8 34 56 58 54 61
9 10 66 70 66 67
9 11 37 34 33 32
9 12 16 27 24 22
9 13 12 24 13 11
9 14 73 64 73 66
9 15 81 70 79 74
9 16 7 15 18 17
9 17 96 93 83 94
9 18 44 50 50 40
9 19 19 24 28 25
9 20 96 85 86 91
9 21 98 97 85 91
9 22 54 47 55 55
9 23 98 85 83 90
9 24 60 55 56 63
9 25 77 79 76 67
9 26 22 31 20 31
9 27 98 98 91 90
9 28 1 11 10 7
9 29 52 46 54 51
9 30 82 71 74 71
9 31 5 8 13 12
9 32 10 17 20 22
9 33 77 66 66 77
9 34 22 31 21 27
10 11 5 5 19 11
10 12 0 6 7 6
10 13 65 55 62 68
10 14 3 13 3 13
10 15 71 71 66 74
10 16 16 21 15 23
10 17 79 71 78 81
10 18 60 63 58 52
10 19 99 93 94 88
10 20 50 48 45 44
10 21 45 45 44 41
10 22 67 60 68 71
10 23 52 57 51 53
10 24 27 25 26 27
10 25 39 42 40 39
10 26 27 36 29 28
10 27 69 67 61 61
10 28 69 59 71 60
10 29 38 41 38 35
10 30 21 31 33 22
10 31 16 26 24 21
10 32 12 12 24 24
10 33 55 58 55 60
10 34 26 32 32 37
11 12 20 21 28 23
11 13 92 83 81 79
11 14 49 54 47 42
11 15 40 36 39 40
11 16 49 50 44 48
11 17 14 22 23 21
11 18 16 14 17 16
11 19 83 84 85 71
11 20 14 19 15 22
11 21 21 29 28 22
11 22 85 75 87 74
11 23 49 52 50 45
11 24 97 86 83 84
11 25 50 49 46 49
11 26 86 85 84 86
11 27 33 39 29 34
11 28 97 84 87 89
11 29 39 47 37 45
11 30 5 7 8 7
11 31 89 86 76 84
11 32 84 80 74 73
11 33 99 98 85 94
11 34 52 45 45 56
12 13 41 44 44 46
12 14 13 23 26 25
12 15 55 50 61 47
12 16 95 87 93 89
12 17 50 54 45 52
12 18 77 79 78 66
12 19 62 55 60 55
12 20 98 96 86 94
12 21 29 36 26 27
12 22 43 37 45 45
12 23 73 70 72 74
12 24 34 38 32 39
12 25 34 42 29 40
12 26 73 68 68 72
12 27 22 22 26 24
12 28 34 43 35 36
12 29 88 80 75 89
12 30 80 73 80 81
12 31 64 62 66 56
12 32 51 49 47 46
12 33 66 68 62 70
12 34 10 21 15 12
13 14 65 61 62 61
13 15 60 66 58 51
13 16 44 49 42 40
13 17 50 47 57 54
13 18 1 1 4 15
13 19 63 60 63 58
13 20 29 34 29 26
13 21 74 74 63 63
13 22 83 75 77 82
13 23 64 65 68 58
13 24 18 30 30 21
13 25 39 41 40 43
13 26 95 90 84 84
13 27 66 65 68 68
13 28 43 45 37 43
13 29 86 83 79 77
13 30 22 21 23 19
13 31 4 16 6 11
13 32 18 27 18 21
13 33 46 50 53 43
13 34 4 18 11 15
14 15 53 49 56 55
14 16 9 17 13 8
14 17 77 73 75 68
14 18 13 20 17 22
14 19 30 40 38 30
14 20 8 9 13 11
14 21 44 48 40 49
14 22 93 86 87 88
14 23 39 35 39 36
14 24 87 88 84 80
14 25 68 61 71 63
14 26 38 33 37 42
14 27 50 45 52 45
14 28 56 56 55 58
14 29 43 48 40 46
14 30 36 33 41 37
14 31 83 81 80 80
14 32 66 57 67 59
14 33 41 41 49 35
14 34 53 51 46 57
15 16 27 36 35 34
15 17 85 85 84 74
15 18 2 12 13 7
15 19 50 51 56 43
15 20 67 60 69 64
15 21 14 15 23 23
15 22 19 21 24 28
15 23 74 64 68 69
15 24 19 25 16 17
15 25 58 64 60 51
15 26 1 6 10 11
15 27 47 47 45 51
15 28 72 63 63 75
15 29 82 73 84 76
15 30 24 22 24 25
15 31 83 71 84 82
15 32 18 23 22 29
15 33 93 92 83 88
15 34 34 39 42 30
16 17 24 31 22 31
16 18 65 56 62 57
16 19 15 16 24 27
16 20 4 10 8 18
16 21 2 3 3 12
16 22 69 61 70 65
16 23 54 60 56 47
16 24 88 87 85 80
16 25 62 58 65 67
16 26 43 46 39 48
16 27 15 15 17 17
16 28 75 73 79 67
16 29 31 41 29 29
16 30 20 20 29 19
16 31 32 33 39 33
16 32 96 93 83 86
16 33 75 78 70 72
16 34 73 65 72 65
17 18 2 12 15 15
17 19 41 50 43 42
17 20 86 84 74 86
17 21 6 18 15 18
17 22 60 56 55 51
17 23 26 24 24 29
17 24 90 85 79 81
17 25 63 60 62 57
17 26 47 45 42 42
17 27 7 19 10 14
17 28 26 29 25 37
17 29 38 37 33 34
17 30 10 18 19 11
17 31 4 14 10 8
17 32 66 60 70 63
17 33 54 53 48 47
17 34 57 61 55 54
18 19 53 60 55 58
18 20 49 47 42 48
18 21 80 77 75 74
18 22 82 78 81 76
18 23 65 65 63 69
18 24 34 40 43 44
18 25 87 81 77 81
18 26 74 68 69 78
18 27 75 72 73 76
18 28 23 30 25 24
18 29 19 20 16 29
18 30 54 48 51 47
18 31 55 60 55 59
18 32 32 32 28 34
18 33 22 30 25 23
18 34 8 13 13 22
19 20 57 49 49 59
19 21 1 7 15 2
19 22 81 76 82 73
19 23 1 15 9 14
19 24 30 38 30 25
19 25 29 29 27 37
19 26 50 45 52 47
19 27 13 25 25 21
19 28 90 92 86 84
19 29 58 58 59 56
19 30 94 81 89 82
19 31 47 48 50 53
19 32 15 21 25 23
19 33 78 71 80 72
19 34 12 21 17 13
20 21 24 30 34 30
20 22 11 17 17 19
20 23 62 65 66 66
20 24 65 63 66 69
20 25 51 48 46 47
20 26 36 32 41 32
20 27 39 40 40 44
20 28 93 85 85 84
20 29 63 59 56 68
20 30 15 18 23 20
20 31 67 59 64 65
20 32 19 27 26 29
20 33 49 48 55 47
20 34 39 42 41 40
21 22 36 38 33 39
21 23 84 80 77 77
21 24 54 46 57 52
21 25 31 31 35 36
21 26 19 26 17 28
21 27 63 66 54 57
21 28 14 25 21 14
21 29 72 62 74 63
21 30 89 83 82 88
21 31 89 85 90 83
21 32 87 85 86 87
21 33 86 77 79 76
21 34 3 7 6 10
22 23 53 47 56 60
22 24 41 35 35 40
22 25 57 56 53 56
22 26 62 65 63 65
22 27 83 74 78 84
22 28 52 57 53 50
22 29 7 17 19 14
22 30 18 22 29 20
22 31 7 13 15 16
22 32 21 26 27 31
22 33 30 26 27 33
22 34 54 53 46 49
23 24 71 68 73 73
23 25 85 87 75 74
23 26 81 73 80 80
23 27 20 21 19 21
23 28 81 77 70 74
23 29 52 51 58 55
23 30 60 56 58 54
23 31 50 50 50 47
23 32 86 88 81 79
23 33 81 80 74 71
23 34 20 23 19 26
24 25 73 64 72 76
24 26 44 48 41 37
24 27 53 54 48 57
24 28 81 73 69 82
24 29 61 59 57 55
24 30 63 65 68 58
24 31 46 44 41 44
24 32 33 36 31 34
24 33 55 47 62 58
24 34 17 23 19 29
25 26 39 39 48 47
25 27 79 73 79 73
25 28 23 31 23 20
25 29 55 50 51 50
25 30 77 69 66 72
25 31 83 71 73 72
25 32 21 26 18 27
25 33 56 54 52 62
25 34 73 72 73 74
26 27 36 32 44 31
26 28 53 57 52 51
26 29 4 14 11 5
26 30 47 52 42 42
26 31 18 20 25 28
26 32 24 23 31 24
26 33 49 54 42 48
26 34 98 85 93 86
27 28 86 84 82 76
27 29 55 52 58 58
27 30 97 89 83 90
27 31 76 71 78 71
27 32 0 14 14 14
27 33 11 13 23 20
27 34 39 41 35 47
28 29 62 66 67 59
28 30 67 67 61 60
28 31 35 34 33 38
28 32 37 43 43 37
28 33 33 28 40 33
28 34 52 56 58 59
29 30 26 26 34 29
29 31 15 18 15 18
29 32 24 31 29 32
29 33 81 69 76 72
29 34 81 73 79 71
30 31 0 13 12 2
30 32 33 28 37 36
30 33 39 46 40 36
30 34 3 11 8 3
31 32 58 52 56 63
31 33 78 70 72 79
31 34 40 35 37 41
32 33 61 64 60 56
32 34 28 34 27 35
33 34 69 68 72 71
