38
0 1 74 89 51 30
0 2 27 27 59 79
0 3 1 28 39 18
0 4 59 53 77 23
0 5 38 24 9 29
0 6 2 42 37 67
0 7 43 68 64 68
0 8 40 46 45 65
0 9 70 48 41 45
0 10 27 72 18 21
0 11 73 44 77 79
0 12 98 63 46 75
0 13 38 14 49 40
0 14 37 63 81 9
0 15 49 27 47 66
0 16 65 51 59 54
0 17 48 66 30 87
0 18 52 45 14 28
0 19 74 34 37 35
0 20 51 85 30 18
0 21 65 20 66 13
0 22 79 17 26 46
0 23 63 21 42 77
0 24 68 57 64 39
0 25 75 61 17 76
0 26 27 23 16 61
0 27 45 24 41 30
0 28 44 45 51 36
0 29 33 73 48 26
0 30 97 57 61 72
0 31 77 83 81 42
0 32 86 88 39 40
0 33 50 79 57 12
0 34 21 61 41 62
0 35 10 11 48 46
0 36 81 38 77 17
0 37 95 75 64 46
1 2 32 56 79 76
1 3 88 49 67 92
1 4 39 8 38 12
1 5 74 89 24 61
1 6 89 38 58 27
1 7 82 35 34 28
1 8 79 33 59 40
1 9 31 57 22 77
1 10 34 84 80 65
1 11 85 47 36 41
1 12 8 44 47 44
1 13 22 26 40 20
1 14 67 38 41 43
1 15 15 14 8 15
1 16 40 51 40 33
1 17 32 28 8 50
1 18 3 12 20 70
1 19 81 16 49 17
1 20 4 67 57 78
1 21 59 39 80 70
1 22 67 30 42 70
1 23 78 49 24 78
1 24 95 37 36 41
1 25 95 73 22 78
1 26 64 90 50 54
1 27 32 28 40 18
1 28 94 48 84 23
1 29 18 30 42 71
1 30 95 65 90 95
1 31 84 94 73 45
1 32 57 91 82 34
1 33 40 35 52 77
1 34 15 59 14 14
1 35 51 25 37 29
1 36 74 86 14 20
1 37 77 66 60 85
2 3 24 25 68 24
2 4 32 38 39 38
2 5 51 21 66 27
2 6 39 64 34 34
2 7 46 45 27 45
2 8 14 67 82 55
2 9 17 23 45 80
2 10 45 28 50 48
2 11 36 61 10 25
2 12 46 74 71 45
2 13 53 34 78 65
2 14 75 67 21 57
2 15 87 60 72 55
2 16 29 69 8 30
2 17 48 68 70 20
2 18 21 48 8 51
2 19 74 64 94 20
2 20 37 84 22 64
2 21 56 83 59 54
2 22 73 23 90 91
2 23 79 59 78 62
2 24 55 49 66 27
2 25 99 59 51 84
2 26 43 76 56 53
2 27 8 40 15 59
2 28 22 68 48 16
2 29 48 61 47 47
2 30 28 19 38 10
2 31 36 47 40 60
2 32 84 87 30 90
2 33 77 33 79 85
2 34 65 21 63 79
2 35 44 27 73 38
2 36 78 31 23 27
2 37 47 71 79 69
3 4 33 56 50 83
3 5 36 70 59 22
3 6 90 93 69 70
3 7 9 41 18 74
3 8 33 59 70 73
3 9 70 30 58 19
3 10 39 67 9 8
3 11 24 32 17 8
3 12 28 16 23 33
3 13 15 81 34 5
3 14 30 78 85 46
3 15 95 19 38 80
3 16 20 25 22 48
3 17 8 57 73 45
3 18 1 38 16 39
3 19 59 50 18 82
3 20 34 58 85 47
3 21 49 44 44 82
3 22 93 95 88 69
3 23 35 35 8 27
3 24 80 66 30 84
3 25 61 23 42 25
3 26 36 27 56 37
3 27 98 80 67 71
3 28 17 75 61 48
3 29 9 8 78 9
3 30 15 63 12 75
3 31 99 57 28 72
3 32 98 34 40 54
3 33 92 47 54 87
3 34 0 17 41 67
3 35 80 75 74 24
3 36 24 49 63 60
3 37 92 37 33 93
4 5 71 78 33 89
4 6 57 29 40 59
4 7 72 15 28 62
4 8 11 65 80 6
4 9 59 21 83 53
4 10 31 9 76 35
4 11 1 21 36 68
4 12 75 91 42 18
4 13 28 77 24 38
4 14 30 36 64 25
4 15 20 12 49 82
4 16 22 17 52 78
4 17 52 20 20 23
4 18 26 80 42 38
4 19 53 23 15 89
4 20 1 77 56 31
4 21 61 50 39 14
4 22 5 16 21 5
4 23 56 53 84 17
4 24 70 22 92 92
4 25 36 40 67 42
4 26 82 59 72 48
4 27 89 61 88 80
4 28 59 67 45 51
4 29 9 3 33 23
4 30 72 77 69 37
4 31 77 81 35 60
4 32 25 18 78 50
4 33 96 53 65 37
4 34 35 86 71 22
4 35 97 61 81 75
4 36 3 19 26 46
4 37 17 54 22 34
5 6 66 83 85 49
5 7 41 77 26 53
5 8 7 63 79 57
5 9 29 67 67 70
5 10 6 8 74 71
5 11 64 18 27 35
5 12 16 20 78 57
5 13 81 86 38 33
5 14 99 52 43 28
5 15 24 22 8 7
5 16 53 65 65 12
5 17 26 33 37 37
5 18 64 83 32 24
5 19 93 78 80 60
5 20 45 9 29 21
5 21 86 82 69 49
5 22 51 66 35 82
5 23 88 37 54 18
5 24 64 51 30 49
5 25 3 71 14 41
5 26 95 50 46 84
5 27 67 71 89 68
5 28 99 45 57 89
5 29 61 20 83 30
5 30 43 25 37 14
5 31 58 32 43 84
5 32 11 50 76 71
5 33 92 77 42 66
5 34 17 73 10 43
5 35 9 7 19 3
5 36 77 86 61 15
5 37 2 11 61 60
6 7 92 86 44 29
6 8 16 14 80 5
6 9 49 13 42 43
6 10 36 41 37 60
6 11 76 88 78 86
6 12 93 38 28 73
6 13 69 40 25 72
6 14 90 83 33 31
6 15 83 17 27 45
6 16 31 43 33 32
6 17 7 12 64 3
6 18 26 62 53 62
6 19 81 59 75 66
6 20 20 22 34 13
6 21 56 56 13 34
6 22 49 64 43 12
6 23 37 32 20 13
6 24 14 39 61 78
6 25 70 28 69 17
6 26 31 59 26 69
6 27 66 32 39 44
6 28 3 43 4 19
6 29 36 30 7 33
6 30 36 57 65 66
6 31 93 61 27 84
6 32 12 7 75 29
6 33 72 89 19 61
6 34 87 37 64 94
6 35 60 35 27 46
6 36 38 16 27 74
6 37 31 6 18 51
7 8 57 63 32 23
7 9 63 28 16 21
7 10 52 87 29 33
7 11 1 36 78 25
7 12 65 33 49 26
7 13 56 65 58 68
7 14 8 32 60 20
7 15 98 97 69 72
7 16 21 16 46 40
7 17 15 73 20 6
7 18 72 40 58 37
7 19 58 89 26 74
7 20 88 93 55 95
7 21 11 44 70 3
7 22 25 80 42 77
7 23 18 34 20 57
7 24 20 80 44 51
7 25 6 46 45 58
7 26 81 39 94 54
7 27 3 6 26 1
7 28 91 45 44 50
7 29 35 32 62 71
7 30 49 51 22 35
7 31 65 69 42 89
7 32 61 17 76 78
7 33 94 24 75 87
7 34 80 69 39 80
7 35 11 3 19 24
7 36 82 42 56 95
7 37 61 76 18 86
8 9 26 68 62 30
8 10 85 17 52 86
8 11 66 45 51 90
8 12 4 77 49 32
8 13 3 37 68 55
8 14 11 72 7 4
8 15 96 31 56 64
8 16 9 44 33 74
8 17 41 49 28 78
8 18 17 48 57 32
8 19 20 35 56 76
8 20 38 84 37 73
8 21 47 31 30 35
8 22 94 54 45 75
8 23 69 81 84 50
8 24 8 6 15 79
8 25 90 34 27 68
8 26 23 20 41 32
8 27 43 20 44 47
8 28 87 61 63 74
8 29 80 40 79 52
8 30 35 33 27 16
8 31 57 54 77 56
8 32 77 49 35 79
8 33 64 51 52 58
8 34 59 42 66 73
8 35 85 44 66 39
8 36 88 35 70 70
8 37 81 19 49 20
9 10 18 41 72 14
9 11 6 51 25 55
9 12 62 21 55 59
9 13 40 67 48 75
9 14 19 67 16 37
9 15 39 83 79 63
9 16 18 14 17 56
9 17 73 74 19 69
9 18 89 55 29 76
9 19 39 22 55 57
9 20 98 84 74 20
9 21 1 28 13 4
9 22 56 40 45 29
9 23 84 56 66 57
9 24 44 59 17 72
9 25 14 20 46 79
9 26 77 23 72 87
9 27 54 37 36 25
9 28 59 25 47 33
9 29 89 55 55 49
9 30 15 38 37 32
9 31 55 48 35 71
9 32 75 49 83 39
9 33 81 90 77 26
9 34 57 89 50 24
9 35 17 80 43 10
9 36 40 34 42 68
9 37 84 21 19 41
10 11 44 54 41 79
10 12 22 27 50 39
10 13 16 81 12 14
10 14 89 49 19 41
10 15 90 89 37 43
10 16 70 48 47 67
10 17 32 64 58 48
10 18 5 10 24 68
10 19 39 43 9 21
10 20 46 48 82 45
10 21 99 77 86 92
10 22 95 93 20 97
10 23 38 73 76 44
10 24 67 24 34 40
10 25 31 63 72 71
10 26 31 28 45 57
10 27 98 69 81 53
10 28 27 36 32 49
10 29 81 39 81 38
10 30 26 48 27 79
10 31 46 54 80 82
10 32 33 85 84 69
10 33 27 71 11 36
10 34 47 22 74 36
10 35 7 34 46 1
10 36 89 90 19 91
10 37 89 73 63 68
11 12 0 59 37 49
11 13 68 31 61 65
11 14 32 58 73 64
11 15 63 64 16 81
11 16 5 80 5 62
11 17 93 27 35 74
11 18 77 27 57 42
11 19 72 23 53 90
11 20 93 82 78 56
11 21 38 24 76 9
11 22 28 32 74 39
11 23 75 74 60 21
11 24 16 14 39 47
11 25 59 46 91 39
11 26 70 63 84 56
11 27 46 58 24 21
11 28 75 76 42 53
11 29 39 42 69 86
11 30 52 39 47 59
11 31 82 45 84 36
11 32 31 54 38 46
11 33 49 51 25 14
11 34 14 8 26 6
11 35 48 44 78 25
11 36 42 53 43 81
11 37 31 79 49 74
12 13 68 30 36 73
12 14 85 41 49 31
12 15 93 48 92 62
12 16 97 96 89 55
12 17 81 24 32 43
12 18 5 8 26 50
12 19 56 86 24 85
12 20 52 88 43 19
12 21 90 93 66 48
12 22 81 78 22 86
12 23 20 44 30 32
12 24 1 45 59 41
12 25 65 85 29 41
12 26 78 76 71 74
12 27 22 35 46 52
12 28 40 67 43 86
12 29 60 91 80 84
12 30 28 41 12 72
12 31 21 49 49 79
12 32 18 39 71 3
12 33 81 18 18 83
12 34 65 72 44 52
12 35 5 13 75 69
12 36 99 83 89 29
12 37 44 79 29 21
13 14 43 34 63 47
13 15 59 53 77 89
13 16 51 76 21 23
13 17 46 66 57 42
13 18 70 20 75 45
13 19 91 68 37 51
13 20 16 39 65 51
13 21 27 10 82 71
13 22 13 75 58 3
13 23 94 51 21 44
13 24 45 70 18 61
13 25 31 66 32 60
13 26 27 5 37 55
13 27 60 60 38 35
13 28 27 76 69 31
13 29 35 20 59 57
13 30 64 28 44 39
13 31 41 25 12 70
13 32 23 5 42 35
13 33 63 75 92 26
13 34 29 8 82 80
13 35 11 34 20 20
13 36 44 44 19 56
13 37 77 39 19 39
14 15 89 60 81 63
14 16 48 49 76 55
14 17 22 16 64 30
14 18 22 65 15 60
14 19 62 20 47 80
14 20 71 88 39 21
14 21 4 2 40 78
14 22 50 39 37 21
14 23 5 46 67 33
14 24 78 19 81 27
14 25 3 61 14 54
14 26 66 64 31 89
14 27 86 82 61 80
14 28 75 24 74 56
14 29 15 13 43 54
14 30 66 78 21 74
14 31 32 63 80 50
14 32 95 86 78 49
14 33 99 49 37 73
14 34 56 75 14 28
14 35 72 50 80 64
14 36 51 64 64 57
14 37 85 40 82 96
15 16 18 56 7 4
15 17 84 79 71 32
15 18 1 5 11 0
15 19 7 34 11 10
15 20 38 16 9 60
15 21 87 69 67 68
15 22 60 15 25 58
15 23 39 53 56 31
15 24 95 66 66 95
15 25 14 33 37 13
15 26 38 48 10 23
15 27 61 82 79 71
15 28 87 21 63 64
15 29 33 43 52 27
15 30 28 54 57 19
15 31 23 55 78 10
15 32 51 36 57 59
15 33 33 30 62 40
15 34 53 75 23 70
15 35 96 52 49 61
15 36 8 5 58 41
15 37 61 61 20 27
16 17 18 74 6 65
16 18 62 54 39 20
16 19 56 17 56 61
16 20 55 61 69 56
16 21 27 15 56 53
16 22 20 73 37 61
16 23 49 41 24 21
16 24 77 16 86 75
16 25 24 69 79 5
16 26 13 35 10 49
16 27 98 35 88 37
16 28 35 57 21 65
16 29 41 10 39 40
16 30 9 48 7 18
16 31 66 83 13 59
16 32 69 26 54 61
16 33 65 27 25 23
16 34 91 95 63 67
16 35 97 26 29 47
16 36 72 37 58 35
16 37 12 16 54 76
17 18 99 36 62 96
17 19 19 49 41 11
17 20 80 59 74 18
17 21 57 67 81 32
17 22 4 27 50 3
17 23 31 80 47 19
17 24 9 23 61 24
17 25 96 73 29 68
17 26 49 21 41 26
17 27 45 28 34 38
17 28 39 10 61 63
17 29 84 24 58 70
17 30 79 79 23 22
17 31 0 23 29 31
17 32 64 72 80 31
17 33 3 77 8 67
17 34 86 58 91 95
17 35 64 21 61 57
17 36 49 36 33 56
17 37 10 14 37 41
18 19 92 30 67 76
18 20 7 57 50 56
18 21 43 68 29 51
18 22 89 67 21 52
18 23 3 46 75 70
18 24 10 50 77 78
18 25 9 53 35 23
18 26 65 32 42 30
18 27 17 71 53 36
18 28 13 6 32 59
18 29 14 29 64 11
18 30 70 63 53 17
18 31 27 64 54 71
18 32 47 16 20 83
18 33 97 48 83 44
18 34 12 48 69 34
18 35 70 58 80 37
18 36 87 54 26 96
18 37 48 82 69 26
19 20 9 80 41 44
19 21 68 43 28 68
19 22 27 13 17 65
19 23 47 68 66 32
19 24 92 59 52 67
19 25 15 54 65 52
19 26 19 67 78 19
19 27 56 46 50 11
19 28 44 32 38 64
19 29 41 72 68 32
19 30 7 16 27 70
19 31 21 30 78 11
19 32 87 24 93 85
19 33 17 40 47 49
19 34 60 29 53 89
19 35 38 74 46 32
19 36 88 66 78 61
19 37 41 16 9 55
20 21 8 55 35 56
20 22 17 30 64 49
20 23 56 29 70 59
20 24 99 48 56 59
20 25 5 33 21 73
20 26 64 45 75 38
20 27 9 62 62 45
20 28 98 72 36 75
20 29 64 36 27 19
20 30 13 16 19 65
20 31 12 80 76 77
20 32 35 86 35 33
20 33 86 28 33 65
20 34 21 42 77 49
20 35 40 76 12 18
20 36 75 30 79 36
20 37 90 26 89 46
21 22 35 27 32 84
21 23 19 45 13 49
21 24 66 88 73 74
21 25 12 81 4 75
21 26 72 50 92 28
21 27 30 22 59 50
21 28 10 51 73 34
21 29 29 73 18 27
21 30 64 41 82 34
21 31 69 58 56 74
21 32 40 72 20 58
21 33 47 31 27 56
21 34 24 70 56 34
21 35 4 12 50 11
21 36 29 35 12 37
21 37 52 31 77 80
22 23 22 82 7 30
22 24 21 67 76 44
22 25 3 70 65 39
22 26 45 58 71 88
22 27 22 74 73 8
22 28 63 62 20 57
22 29 59 47 41 13
22 30 89 18 86 71
22 31 28 33 23 7
22 32 27 80 46 76
22 33 81 91 60 55
22 34 37 87 75 72
22 35 42 87 52 57
22 36 66 46 50 87
22 37 9 66 47 54
23 24 24 30 58 8
23 25 4 19 60 48
23 26 58 67 56 43
23 27 18 41 12 51
23 28 92 78 85 26
23 29 0 68 20 19
23 30 97 31 79 92
23 31 61 51 40 54
23 32 7 51 80 48
23 33 63 13 85 80
23 34 30 37 71 80
23 35 14 15 16 64
23 36 95 83 81 57
23 37 52 42 40 18
24 25 4 21 71 15
24 26 39 67 71 59
24 27 25 78 19 35
24 28 20 54 6 79
24 29 18 15 63 20
24 30 25 36 64 37
24 31 7 22 13 63
24 32 33 15 42 57
24 33 4 47 33 22
24 34 67 54 15 29
24 35 44 80 79 82
24 36 46 64 34 62
24 37 47 73 79 78
25 26 92 50 31 37
25 27 61 57 68 29
25 28 17 26 12 26
25 29 15 12 50 48
25 30 92 93 86 40
25 31 35 86 16 46
25 32 15 19 36 81
25 33 94 43 90 29
25 34 96 24 83 29
25 35 29 53 41 70
25 36 87 31 47 71
25 37 41 35 45 67
26 27 83 48 71 29
26 28 97 76 34 96
26 29 74 77 55 80
26 30 25 5 17 43
26 31 75 34 91 39
26 32 28 49 21 24
26 33 23 26 9 68
26 34 89 67 31 24
26 35 36 81 70 19
26 36 49 53 85 48
26 37 48 26 82 77
27 28 70 66 42 83
27 29 96 36 73 76
27 30 93 53 22 67
27 31 79 66 60 55
27 32 94 30 20 68
27 33 24 84 30 66
27 34 69 15 21 51
27 35 72 65 23 22
27 36 89 90 68 38
27 37 21 15 40 17
28 29 44 40 59 18
28 30 6 7 16 53
28 31 39 43 49 42
28 32 29 70 84 7
28 33 4 66 28 15
28 34 57 35 40 34
28 35 90 28 58 81
28 36 3 69 33 7
28 37 13 74 72 15
29 30 5 28 30 51
29 31 53 23 38 21
29 32 30 32 45 19
29 33 20 63 47 22
29 34 83 65 94 76
29 35 20 74 36 51
29 36 48 12 44 54
29 37 15 73 72 14
30 31 82 65 48 34
30 32 13 40 34 39
30 33 39 37 42 21
30 34 27 14 75 77
30 35 49 29 38 89
30 36 47 28 43 11
30 37 35 48 73 22
31 32 80 67 92 35
31 33 68 41 38 73
31 34 65 72 23 23
31 35 89 86 96 57
31 36 63 27 74 32
31 37 45 47 27 36
32 33 91 26 86 86
32 34 45 31 83 25
32 35 83 32 94 93
32 36 47 66 46 52
32 37 63 68 91 47
33 34 68 20 23 73
33 35 62 55 65 90
33 36 26 79 46 72
33 37 12 12 20 55
34 35 51 32 17 36
34 36 57 18 13 78
34 37 27 69 26 56
35 36 51 88 68 34
35 37 1 11 32 11
36 37 1 43 2 72
