38
0 1 96 61 61 65
0 2 36 27 38 66
0 3 49 53 39 54
0 4 19 54 49 49
0 5 56 60 43 65
0 6 83 86 43 52
0 7 12 18 44 35
0 8 91 61 74 58
0 9 74 60 51 41
0 10 80 73 87 44
0 11 84 77 69 81
0 12 60 36 68 70
0 13 69 56 61 78
0 14 48 35 32 25
0 15 57 73 67 44
0 16 62 32 74 37
0 17 27 48 37 49
0 18 13 35 26 54
0 19 90 48 55 47
0 20 14 39 56 7
0 21 72 79 41 85
0 22 85 77 74 83
0 23 49 62 71 71
0 24 47 68 70 39
0 25 86 77 60 82
0 26 8 42 8 52
0 27 7 15 47 53
0 28 61 34 43 37
0 29 37 46 45 23
0 30 35 32 62 33
0 31 62 63 46 49
0 32 12 37 22 10
0 33 84 53 54 78
0 34 56 46 35 44
0 35 50 32 64 71
0 36 93 74 90 51
0 37 9 45 23 25
1 2 73 46 38 66
1 3 60 69 61 49
1 4 77 61 66 44
1 5 85 81 92 45
1 6 21 34 32 42
1 7 6 39 24 8
1 8 36 43 28 64
1 9 68 43 79 71
1 10 79 74 46 88
1 11 89 74 53 85
1 12 79 54 39 57
1 13 56 49 73 72
1 14 62 63 48 67
1 15 6 38 23 5
1 16 85 81 42 47
1 17 98 76 97 54
1 18 75 48 86 83
1 19 25 43 21 44
1 20 83 71 53 58
1 21 53 55 52 53
1 22 97 52 62 70
1 23 37 20 65 20
1 24 50 55 49 51
1 25 58 44 35 38
1 26 79 47 70 52
1 27 68 74 50 76
1 28 20 51 23 33
1 29 53 49 60 57
1 30 9 7 49 46
1 31 0 21 20 6
1 32 51 39 75 39
1 33 47 61 44 45
1 34 52 41 48 64
1 35 87 73 69 54
1 36 21 43 45 24
1 37 38 66 25 66
2 3 94 72 74 69
2 4 16 17 19 56
2 5 58 66 59 40
2 6 63 80 66 34
2 7 15 13 26 18
2 8 30 57 61 53
2 9 39 55 39 64
2 10 45 40 41 44
2 11 63 81 47 79
2 12 61 44 37 45
2 13 57 30 66 77
2 14 72 79 37 54
2 15 22 45 47 19
2 16 81 52 82 74
2 17 37 63 57 67
2 18 5 49 35 3
2 19 26 43 14 29
2 20 38 69 42 59
2 21 70 35 76 59
2 22 20 11 47 34
2 23 77 63 60 76
2 24 6 6 46 44
2 25 77 56 40 77
2 26 59 69 42 53
2 27 97 76 95 54
2 28 98 66 77 61
2 29 84 63 56 65
2 30 38 28 25 63
2 31 25 16 42 62
2 32 5 8 18 25
2 33 50 65 42 74
2 34 74 60 40 64
2 35 63 78 38 59
2 36 91 72 52 70
2 37 10 27 26 54
3 4 46 71 63 56
3 5 47 37 65 23
3 6 41 43 27 38
3 7 43 39 22 43
3 8 12 28 18 50
3 9 11 34 10 13
3 10 48 66 72 54
3 11 66 71 83 74
3 12 95 52 79 56
3 13 81 54 66 78
3 14 84 72 68 61
3 15 0 36 40 44
3 16 62 66 80 72
3 17 25 30 39 37
3 18 12 18 43 23
3 19 54 64 44 46
3 20 91 95 54 68
3 21 62 37 74 80
3 22 81 89 61 43
3 23 63 61 78 75
3 24 13 8 17 46
3 25 22 53 59 54
3 26 66 75 66 47
3 27 49 57 41 41
3 28 19 33 56 44
3 29 43 71 52 34
3 30 18 28 50 25
3 31 0 43 8 9
3 32 0 1 45 38
3 33 66 80 80 76
3 34 13 25 13 27
3 35 38 56 67 21
3 36 60 68 33 34
3 37 64 49 46 67
4 5 33 37 23 22
4 6 44 70 54 52
4 7 24 34 61 48
4 8 83 60 51 86
4 9 4 32 52 48
4 10 71 45 43 36
4 11 99 69 91 76
4 12 65 71 60 33
4 13 71 41 54 64
4 14 26 63 35 34
4 15 81 68 60 64
4 16 88 72 85 69
4 17 75 38 40 68
4 18 16 42 34 43
4 19 17 19 38 53
4 20 38 22 26 64
4 21 34 62 45 27
4 22 3 47 34 42
4 23 35 43 56 29
4 24 74 54 70 71
4 25 2 31 46 38
4 26 95 73 82 77
4 27 68 80 44 45
4 28 17 35 53 34
4 29 12 42 12 18
4 30 55 27 63 65
4 31 83 84 90 52
4 32 55 55 30 68
4 33 69 76 54 84
4 34 94 59 80 97
4 35 79 77 76 60
4 36 38 62 47 27
4 37 2 18 9 12
5 6 90 83 49 61
5 7 17 25 31 18
5 8 53 70 32 73
5 9 88 55 79 53
5 10 12 26 54 9
5 11 74 67 55 40
5 12 35 55 32 62
5 13 16 49 30 56
5 14 53 66 73 34
5 15 79 78 69 75
5 16 47 40 31 66
5 17 8 42 7 21
5 18 98 80 63 78
5 19 28 17 37 54
5 20 26 40 49 52
5 21 13 24 22 20
5 22 23 17 27 18
5 23 80 42 75 69
5 24 49 30 58 37
5 25 81 67 52 61
5 26 89 53 65 61
5 27 55 54 58 63
5 28 68 74 35 35
5 29 31 29 53 38
5 30 5 21 29 25
5 31 25 47 20 33
5 32 96 57 78 93
5 33 19 15 56 18
5 34 38 26 27 34
5 35 77 74 68 42
5 36 88 68 88 56
5 37 2 18 37 7
6 7 30 49 43 43
6 8 81 78 42 50
6 9 11 19 27 51
6 10 93 63 48 75
6 11 36 20 46 34
6 12 24 24 26 54
6 13 38 51 24 56
6 14 94 63 63 51
6 15 25 37 40 30
6 16 24 53 23 23
6 17 97 68 69 95
6 18 99 65 62 95
6 19 83 83 48 48
6 20 85 68 49 82
6 21 26 34 40 53
6 22 28 27 42 44
6 23 64 58 80 71
6 24 65 50 80 42
6 25 62 51 33 52
6 26 99 55 88 88
6 27 68 78 74 79
6 28 51 60 72 67
6 29 77 56 62 71
6 30 94 61 61 77
6 31 99 55 62 74
6 32 8 8 51 48
6 33 77 74 39 39
6 34 1 19 1 48
6 35 40 48 37 47
6 36 79 62 44 76
6 37 69 66 56 59
7 8 8 53 13 27
7 9 56 29 72 44
7 10 7 17 38 9
7 11 17 28 16 25
7 12 81 74 81 40
7 13 24 36 47 17
7 14 16 28 33 35
7 15 40 23 27 56
7 16 40 25 64 42
7 17 39 47 20 56
7 18 37 37 50 63
7 19 27 60 44 32
7 20 94 54 62 58
7 21 14 49 35 27
7 22 12 14 34 30
7 23 38 64 53 52
7 24 60 40 49 32
7 25 59 66 42 61
7 26 64 45 34 63
7 27 2 18 17 27
7 28 73 72 67 84
7 29 45 27 52 67
7 30 67 60 50 56
7 31 20 26 53 19
7 32 6 10 42 24
7 33 80 64 53 72
7 34 65 60 46 41
7 35 77 45 73 69
7 36 9 8 41 53
7 37 7 26 8 31
8 9 29 50 39 32
8 10 48 72 60 55
8 11 82 77 54 64
8 12 98 73 88 50
8 13 37 45 49 59
8 14 24 14 18 37
8 15 19 28 27 58
8 16 76 63 40 83
8 17 48 67 38 35
8 18 64 52 48 72
8 19 9 13 41 37
8 20 73 67 45 55
8 21 58 55 42 30
8 22 86 80 90 58
8 23 19 34 18 20
8 24 10 8 34 21
8 25 82 80 83 77
8 26 13 21 56 44
8 27 85 44 60 76
8 28 92 48 75 49
8 29 32 46 32 54
8 30 4 27 5 22
8 31 84 50 88 86
8 32 12 33 34 33
8 33 29 16 20 58
8 34 14 39 42 23
8 35 27 51 40 18
8 36 92 57 80 73
8 37 49 54 37 39
9 10 28 43 32 23
9 11 67 83 72 60
9 12 61 33 69 41
9 13 90 53 50 75
9 14 27 23 45 63
9 15 54 36 51 48
9 16 58 48 32 35
9 17 40 53 27 27
9 18 46 25 70 56
9 19 17 41 46 10
9 20 55 55 37 44
9 21 45 49 46 51
9 22 72 39 51 37
9 23 26 32 52 42
9 24 8 26 5 10
9 25 55 55 52 31
9 26 3 26 24 3
9 27 45 69 23 51
9 28 54 60 55 59
9 29 5 26 31 12
9 30 15 44 8 56
9 31 4 5 25 22
9 32 6 19 42 34
9 33 67 71 41 66
9 34 84 43 65 72
9 35 4 30 19 42
9 36 40 24 27 42
9 37 27 30 15 21
10 11 62 31 61 68
10 12 27 55 45 28
10 13 55 52 37 63
10 14 33 28 19 55
10 15 80 59 60 42
10 16 38 34 31 19
10 17 74 72 78 55
10 18 30 22 32 34
10 19 16 13 13 43
10 20 98 66 83 75
10 21 87 69 84 45
10 22 29 43 35 45
10 23 45 36 50 32
10 24 91 71 83 64
10 25 87 76 48 77
10 26 44 40 63 38
10 27 81 52 56 43
10 28 47 60 61 55
10 29 1 11 48 9
10 30 72 36 85 83
10 31 63 62 32 38
10 32 33 57 42 36
10 33 54 40 41 63
10 34 34 40 38 47
10 35 12 28 31 36
10 36 99 98 96 71
10 37 87 76 62 44
11 12 70 70 80 57
11 13 93 63 94 51
11 14 91 70 92 77
11 15 72 51 57 60
11 16 41 20 35 41
11 17 19 41 21 39
11 18 42 45 24 39
11 19 73 48 74 60
11 20 66 56 62 53
11 21 55 61 42 75
11 22 95 75 64 91
11 23 20 59 38 45
11 24 66 69 57 47
11 25 20 50 37 22
11 26 51 61 72 72
11 27 19 49 53 26
11 28 91 52 84 47
11 29 57 45 46 66
11 30 37 42 56 34
11 31 35 37 57 66
11 32 35 35 55 63
11 33 4 7 4 36
11 34 18 57 58 22
11 35 44 68 36 38
11 36 1 18 33 9
11 37 82 53 85 54
12 13 65 79 47 67
12 14 34 20 47 27
12 15 63 80 73 57
12 16 96 89 82 89
12 17 13 35 50 47
12 18 14 33 18 25
12 19 78 85 74 62
12 20 6 29 49 7
12 21 24 48 42 41
12 22 97 93 84 88
12 23 98 52 64 69
12 24 79 71 49 87
12 25 47 66 71 46
12 26 13 24 41 26
12 27 82 87 48 81
12 28 10 10 30 49
12 29 62 72 45 76
12 30 35 20 50 27
12 31 72 82 66 52
12 32 90 46 49 93
12 33 86 85 63 53
12 34 65 47 63 70
12 35 54 49 70 72
12 36 93 66 96 93
12 37 83 86 85 71
13 14 92 51 59 86
13 15 70 62 60 47
13 16 74 53 81 49
13 17 76 53 78 55
13 18 35 30 53 21
13 19 88 57 69 48
13 20 0 34 2 14
13 21 70 84 84 58
13 22 61 46 53 49
13 23 50 53 33 25
13 24 67 37 81 69
13 25 85 45 72 68
13 26 17 36 50 14
13 27 76 64 50 79
13 28 16 17 10 46
13 29 80 89 50 70
13 30 79 58 43 83
13 31 51 37 47 37
13 32 61 50 67 71
13 33 37 47 43 65
13 34 60 53 40 64
13 35 43 50 36 40
13 36 52 31 26 74
13 37 48 62 44 47
14 15 17 11 16 29
14 16 26 24 16 21
14 17 29 17 25 63
14 18 55 74 66 30
14 19 70 83 39 76
14 20 49 29 50 38
14 21 92 73 63 70
14 22 89 44 78 81
14 23 90 60 61 82
14 24 18 30 58 45
14 25 99 52 67 71
14 26 62 52 38 32
14 27 8 17 37 44
14 28 70 62 68 45
14 29 30 39 28 46
14 30 79 73 88 41
14 31 65 34 38 39
14 32 10 22 40 12
14 33 76 70 42 72
14 34 31 25 37 27
14 35 8 41 23 41
14 36 98 69 73 51
14 37 43 61 61 39
15 16 41 29 55 24
15 17 51 59 31 42
15 18 96 52 74 74
15 19 6 51 14 45
15 20 13 7 17 38
15 21 95 70 69 71
15 22 87 58 53 48
15 23 65 79 36 52
15 24 39 22 25 42
15 25 36 34 33 23
15 26 53 30 43 58
15 27 92 72 90 78
15 28 64 44 59 71
15 29 85 51 87 81
15 30 19 43 23 31
15 31 76 53 39 70
15 32 75 48 59 51
15 33 20 34 15 41
15 34 55 32 48 40
15 35 64 72 36 59
15 36 78 55 87 40
15 37 3 36 38 34
16 17 23 50 17 50
16 18 96 72 95 74
16 19 68 62 53 59
16 20 12 6 41 40
16 21 88 86 47 92
16 22 63 68 60 62
16 23 2 32 5 30
16 24 3 31 34 34
16 25 71 78 67 42
16 26 15 48 25 22
16 27 42 31 63 42
16 28 52 42 49 69
16 29 37 42 49 26
16 30 52 41 32 39
16 31 3 48 9 49
16 32 38 42 57 32
16 33 60 60 71 53
16 34 89 88 72 67
16 35 86 82 76 59
16 36 0 17 20 17
16 37 71 80 42 53
17 18 39 54 49 26
17 19 28 60 50 37
17 20 78 74 82 59
17 21 94 84 93 96
17 22 57 46 42 46
17 23 62 56 55 54
17 24 49 46 52 51
17 25 86 73 75 56
17 26 15 21 28 14
17 27 61 80 52 59
17 28 16 37 30 9
17 29 21 10 34 57
17 30 36 52 21 49
17 31 5 3 3 5
17 32 8 30 10 6
17 33 86 89 59 64
17 34 40 46 20 37
17 35 84 53 47 81
17 36 76 51 72 65
17 37 14 32 37 29
18 19 57 47 71 72
18 20 68 58 82 70
18 21 74 87 49 71
18 22 90 58 86 68
18 23 90 66 94 81
18 24 67 63 67 81
18 25 28 47 62 25
18 26 45 70 66 58
18 27 40 56 42 25
18 28 7 23 44 25
18 29 97 73 60 66
18 30 44 68 58 40
18 31 20 51 12 57
18 32 4 9 44 49
18 33 31 15 40 54
18 34 55 31 54 30
18 35 54 55 65 43
18 36 47 42 31 32
18 37 38 31 38 19
19 20 24 50 14 17
19 21 98 91 87 67
19 22 7 44 44 30
19 23 32 23 23 51
19 24 88 79 75 46
19 25 17 51 23 16
19 26 95 96 50 87
19 27 51 67 43 64
19 28 97 97 66 98
19 29 54 29 67 74
19 30 3 41 21 26
19 31 11 15 46 18
19 32 91 70 67 51
19 33 42 64 60 63
19 34 20 20 42 29
19 35 50 56 28 56
19 36 47 30 32 55
19 37 81 64 65 60
20 21 59 32 72 55
20 22 98 67 65 76
20 23 19 44 45 33
20 24 9 21 16 26
20 25 53 60 37 28
20 26 27 15 30 20
20 27 66 36 59 71
20 28 48 34 46 61
20 29 66 42 70 49
20 30 5 34 50 12
20 31 23 45 40 17
20 32 20 27 16 28
20 33 88 50 74 50
20 34 70 62 46 57
20 35 47 31 72 64
20 36 9 20 11 54
20 37 46 41 60 70
21 22 72 45 41 65
21 23 36 50 57 57
21 24 50 45 58 72
21 25 3 48 5 47
21 26 34 60 26 29
21 27 42 29 43 30
21 28 65 52 57 76
21 29 34 58 45 20
21 30 98 55 96 83
21 31 51 28 73 69
21 32 2 16 13 5
21 33 55 67 73 45
21 34 98 78 85 66
21 35 32 24 46 60
21 36 14 45 49 10
21 37 23 19 47 54
22 23 27 63 45 44
22 24 71 47 71 82
22 25 66 74 34 33
22 26 63 77 42 40
22 27 98 65 82 87
22 28 60 73 69 46
22 29 0 30 18 13
22 30 17 44 37 50
22 31 71 52 76 36
22 32 98 62 86 96
22 33 7 35 4 46
22 34 18 29 22 30
22 35 61 34 75 56
22 36 41 20 67 70
22 37 39 67 49 57
23 24 13 24 29 14
23 25 53 72 53 64
23 26 85 80 85 50
23 27 58 37 71 43
23 28 89 93 59 61
23 29 47 48 27 44
23 30 92 55 80 72
23 31 7 10 45 44
23 32 39 43 29 37
23 33 3 10 51 13
23 34 84 84 68 81
23 35 40 60 50 41
23 36 89 50 84 83
23 37 21 13 32 54
24 25 11 24 48 12
24 26 75 69 43 78
24 27 96 54 51 77
24 28 45 65 51 24
24 29 28 22 48 30
24 30 7 31 25 4
24 31 89 54 57 87
24 32 35 20 38 30
24 33 35 52 51 43
24 34 71 50 39 45
24 35 97 88 69 55
24 36 67 70 47 79
24 37 63 48 60 72
25 26 50 66 30 49
25 27 64 41 44 44
25 28 69 54 59 70
25 29 47 54 72 50
25 30 9 12 27 9
25 31 89 90 70 73
25 32 55 36 56 36
25 33 16 32 18 14
25 34 54 31 56 46
25 35 28 40 30 21
25 36 40 23 44 40
25 37 16 54 9 9
26 27 56 70 53 34
26 28 19 59 58 18
26 29 31 31 47 57
26 30 28 16 34 58
26 31 15 51 14 12
26 32 75 76 61 73
26 33 99 72 87 73
26 34 74 80 75 50
26 35 69 53 37 73
26 36 62 46 67 64
26 37 47 67 46 68
27 28 58 33 52 45
27 29 59 75 65 58
27 30 33 59 27 50
27 31 0 41 11 48
27 32 63 75 40 70
27 33 73 38 67 46
27 34 65 38 81 34
27 35 52 43 66 51
27 36 15 9 14 33
27 37 38 58 52 32
28 29 53 53 54 47
28 30 7 32 6 32
28 31 47 45 28 59
28 32 54 63 27 50
28 33 31 53 60 41
28 34 90 64 50 55
28 35 63 39 52 75
28 36 0 29 42 37
28 37 68 73 54 80
29 30 99 96 70 96
29 31 90 59 76 86
29 32 41 56 69 21
29 33 61 67 78 63
29 34 11 27 10 5
29 35 94 50 86 81
29 36 81 66 77 49
29 37 39 29 52 52
30 31 22 52 30 25
30 32 2 37 49 46
30 33 51 55 48 64
30 34 56 58 73 28
30 35 12 23 30 13
30 36 25 41 50 31
30 37 45 46 61 54
31 32 64 36 50 61
31 33 6 24 48 14
31 34 82 72 68 57
31 35 59 69 76 55
31 36 43 39 57 39
31 37 68 47 57 35
32 33 87 80 57 49
32 34 52 54 52 47
32 35 92 66 63 82
32 36 73 43 40 66
32 37 92 68 93 58
33 34 33 34 33 66
33 35 38 40 58 27
33 36 87 65 56 67
33 37 32 36 63 40
34 35 76 76 59 39
34 36 49 26 40 45
34 37 95 94 65 83
35 36 76 51 41 54
35 37 75 72 41 78
36 37 0 10 1 15
