40
0 1 11 23 44 55
0 2 13 15 15 38
0 3 94 65 58 69
0 4 3 14 50 33
0 5 63 56 37 40
0 6 30 55 24 49
0 7 27 54 52 48
0 8 8 16 14 19
0 9 55 36 29 29
0 10 68 73 45 70
0 11 17 54 15 16
0 12 23 35 61 47
0 13 55 32 64 45
0 14 38 49 43 42
0 15 56 40 43 57
0 16 8 7 32 13
0 17 10 28 53 49
0 18 38 42 54 23
0 19 43 69 71 64
0 20 35 19 55 23
0 21 66 67 56 47
0 22 97 69 57 77
0 23 8 4 16 16
0 24 50 44 51 42
0 25 58 55 68 54
0 26 60 44 61 31
0 27 93 69 62 85
0 28 88 67 76 75
0 29 32 27 50 44
0 30 90 66 94 73
0 31 22 34 38 31
0 32 44 28 43 29
0 33 42 70 31 62
0 34 92 51 75 79
0 35 11 42 10 18
0 36 88 86 48 52
0 37 99 65 82 70
0 38 89 89 69 53
0 39 16 8 29 48
1 2 94 75 57 68
1 3 41 25 34 25
1 4 78 39 52 76
1 5 45 44 23 70
1 6 12 44 44 54
1 7 8 27 12 6
1 8 14 13 15 17
1 9 14 29 8 26
1 10 91 67 47 73
1 11 42 47 27 46
1 12 42 70 49 59
1 13 80 62 89 51
1 14 91 89 50 49
1 15 71 36 80 77
1 16 54 35 49 66
1 17 25 38 18 37
1 18 75 48 42 50
1 19 61 65 37 44
1 20 54 55 64 53
1 21 62 71 75 79
1 22 54 28 46 76
1 23 5 16 27 27
1 24 74 73 48 71
1 25 3 37 5 39
1 26 61 67 41 67
1 27 81 76 82 52
1 28 67 72 80 41
1 29 42 44 45 43
1 30 87 52 77 52
1 31 92 68 62 56
1 32 1 29 28 28
1 33 98 53 81 95
1 34 31 15 41 57
1 35 35 34 48 42
1 36 57 38 45 46
1 37 41 36 47 66
1 38 36 60 55 64
1 39 52 64 49 55
2 3 29 43 44 28
2 4 52 32 28 59
2 5 97 77 62 73
2 6 94 50 93 81
2 7 89 82 82 68
2 8 71 46 37 56
2 9 82 53 46 69
2 10 22 33 36 52
2 11 83 66 50 43
2 12 14 32 47 30
2 13 54 58 59 56
2 14 8 36 6 17
2 15 92 68 91 83
2 16 44 36 26 35
2 17 44 60 68 38
2 18 14 18 31 45
2 19 93 71 88 56
2 20 47 45 72 61
2 21 78 40 89 69
2 22 84 52 88 72
2 23 88 88 65 86
2 24 82 74 59 71
2 25 20 53 35 29
2 26 1 37 14 47
2 27 34 43 43 40
2 28 19 53 48 26
2 29 78 51 77 39
2 30 56 48 55 64
2 31 53 59 72 48
2 32 84 62 49 65
2 33 26 47 51 38
2 34 7 28 27 34
2 35 11 13 45 17
2 36 39 28 55 37
2 37 18 42 53 21
2 38 28 26 20 39
2 39 80 71 82 51
3 4 25 35 33 60
3 5 63 52 48 50
3 6 8 48 51 47
3 7 62 74 41 65
3 8 28 62 20 34
3 9 94 70 63 62
3 10 67 75 58 62
3 11 87 47 82 45
3 12 16 40 44 8
3 13 22 40 36 54
3 14 34 38 49 61
3 15 29 62 14 56
3 16 53 67 27 55
3 17 45 44 38 26
3 18 36 28 41 24
3 19 36 30 63 22
3 20 80 77 49 64
3 21 61 50 59 37
3 22 52 65 45 66
3 23 30 32 29 48
3 24 26 41 50 48
3 25 9 41 49 10
3 26 96 60 56 63
3 27 86 44 70 47
3 28 54 48 43 74
3 29 83 59 49 51
3 30 50 60 61 74
3 31 9 21 34 32
3 32 28 15 57 55
3 33 8 16 39 50
3 34 10 17 28 32
3 35 50 49 68 36
3 36 93 54 64 73
3 37 0 7 31 25
3 38 63 78 39 48
3 39 74 51 61 83
4 5 79 54 77 88
4 6 80 65 78 42
4 7 76 40 62 59
4 8 70 72 50 43
4 9 44 60 41 22
4 10 75 39 80 71
4 11 24 30 21 47
4 12 64 43 54 77
4 13 50 37 59 55
4 14 58 58 30 31
4 15 66 51 40 35
4 16 30 31 56 32
4 17 76 60 85 57
4 18 26 48 23 43
4 19 53 49 35 49
4 20 34 41 56 57
4 21 24 59 42 44
4 22 11 43 24 24
4 23 86 57 65 83
4 24 75 80 82 81
4 25 37 35 53 28
4 26 59 32 32 57
4 27 15 24 14 43
4 28 84 68 62 84
4 29 97 84 57 97
4 30 1 11 18 33
4 31 18 44 38 43
4 32 92 91 50 80
4 33 2 28 23 17
4 34 75 70 71 72
4 35 63 74 49 52
4 36 45 61 37 43
4 37 25 23 17 30
4 38 92 55 60 59
4 39 77 42 57 58
5 6 50 60 64 41
5 7 98 87 85 61
5 8 26 18 58 16
5 9 24 29 33 26
5 10 39 60 54 22
5 11 95 67 78 68
5 12 69 77 48 55
5 13 24 36 42 50
5 14 35 19 48 26
5 15 62 69 41 43
5 16 81 83 71 53
5 17 65 42 76 67
5 18 94 95 85 71
5 19 77 81 62 88
5 20 62 69 46 32
5 21 61 66 68 51
5 22 27 24 20 25
5 23 26 52 19 49
5 24 79 54 75 42
5 25 85 88 47 48
5 26 32 64 40 20
5 27 75 71 70 63
5 28 5 39 9 34
5 29 18 31 58 21
5 30 78 70 51 46
5 31 53 65 34 44
5 32 98 65 75 52
5 33 77 60 49 38
5 34 56 40 63 64
5 35 92 67 54 52
5 36 32 42 51 50
5 37 42 40 46 50
5 38 57 49 32 41
5 39 26 14 47 54
6 7 3 16 35 43
6 8 74 63 59 71
6 9 11 44 23 51
6 10 13 23 51 17
6 11 15 27 36 19
6 12 50 44 26 61
6 13 5 47 23 49
6 14 45 65 38 72
6 15 13 17 15 43
6 16 79 63 77 50
6 17 43 22 45 30
6 18 22 23 33 29
6 19 48 43 62 72
6 20 17 43 34 40
6 21 54 31 46 63
6 22 28 42 56 34
6 23 82 54 62 89
6 24 66 79 61 38
6 25 16 31 43 50
6 26 63 52 49 45
6 27 98 58 53 71
6 28 98 72 67 61
6 29 40 52 67 38
6 30 27 14 38 59
6 31 29 46 49 37
6 32 24 42 18 15
6 33 2 35 17 26
6 34 20 27 44 45
6 35 35 48 21 19
6 36 26 38 47 19
6 37 12 46 15 16
6 38 96 87 55 56
6 39 7 27 43 26
7 8 43 47 41 52
7 9 57 30 71 32
7 10 34 52 37 53
7 11 91 67 71 81
7 12 59 41 48 36
7 13 45 71 27 29
7 14 54 66 76 47
7 15 15 16 11 31
7 16 87 56 79 56
7 17 68 53 55 54
7 18 97 96 61 63
7 19 44 62 59 30
7 20 32 60 41 58
7 21 44 51 68 40
7 22 0 36 40 38
7 23 9 6 37 33
7 24 80 44 85 73
7 25 83 66 69 76
7 26 97 57 71 98
7 27 72 72 69 69
7 28 65 70 74 42
7 29 47 25 67 34
7 30 86 43 51 47
7 31 77 43 69 55
7 32 56 37 67 36
7 33 22 43 45 36
7 34 13 46 38 52
7 35 93 54 96 76
7 36 23 24 26 37
7 37 99 56 55 51
7 38 16 56 43 40
7 39 68 56 66 67
8 9 28 52 40 47
8 10 49 58 61 67
8 11 24 21 46 54
8 12 77 63 66 61
8 13 41 35 39 51
8 14 31 54 38 48
8 15 56 53 50 58
8 16 49 26 44 67
8 17 33 20 42 30
8 18 28 22 36 49
8 19 21 53 31 20
8 20 27 58 51 39
8 21 70 79 42 40
8 22 75 68 62 46
8 23 11 29 25 28
8 24 36 25 62 53
8 25 25 48 15 12
8 26 61 75 39 45
8 27 64 58 33 59
8 28 18 38 28 38
8 29 99 89 89 69
8 30 49 54 48 61
8 31 69 37 81 57
8 32 82 70 46 79
8 33 0 43 9 31
8 34 23 25 22 16
8 35 64 49 41 40
8 36 50 70 48 58
8 37 83 44 51 88
8 38 25 40 45 32
8 39 88 70 46 47
9 10 55 66 69 42
9 11 71 42 78 50
9 12 31 34 44 38
9 13 44 39 51 26
9 14 7 10 36 46
9 15 96 70 96 67
9 16 64 73 41 43
9 17 80 49 61 79
9 18 32 30 40 40
9 19 35 60 44 17
9 20 1 31 27 41
9 21 69 55 35 40
9 22 13 23 31 10
9 23 4 49 17 44
9 24 45 65 49 51
9 25 12 50 18 23
9 26 49 51 38 51
9 27 43 23 49 68
9 28 51 36 73 39
9 29 99 60 99 51
9 30 49 56 50 34
9 31 45 30 70 56
9 32 4 21 51 13
9 33 87 93 76 43
9 34 27 62 44 57
9 35 23 45 30 51
9 36 17 9 37 14
9 37 10 22 27 51
9 38 41 67 26 34
9 39 97 68 60 96
10 11 76 75 56 67
10 12 41 22 30 33
10 13 75 53 53 84
10 14 12 22 6 38
10 15 48 54 32 54
10 16 95 81 90 95
10 17 35 32 43 49
10 18 40 48 69 29
10 19 95 95 70 55
10 20 77 85 85 61
10 21 59 29 54 53
10 22 6 19 31 52
10 23 10 45 6 42
10 24 4 31 37 13
10 25 29 55 19 18
10 26 80 43 70 57
10 27 31 33 57 52
10 28 63 32 58 44
10 29 47 49 36 64
10 30 27 26 46 62
10 31 51 43 41 56
10 32 3 44 2 18
10 33 2 5 24 19
10 34 54 29 72 74
10 35 13 53 42 19
10 36 77 45 56 51
10 37 26 17 62 57
10 38 3 26 26 36
10 39 82 73 62 51
11 12 58 52 56 58
11 13 41 29 55 21
11 14 38 25 58 69
11 15 60 65 57 45
11 16 23 61 31 32
11 17 33 32 43 52
11 18 48 58 62 56
11 19 12 38 46 35
11 20 68 45 65 40
11 21 49 26 39 64
11 22 51 75 33 29
11 23 22 32 44 38
11 24 94 65 59 58
11 25 76 56 86 65
11 26 35 59 60 64
11 27 40 26 33 20
11 28 82 64 76 76
11 29 89 93 58 92
11 30 39 45 22 60
11 31 59 67 46 70
11 32 81 50 75 76
11 33 80 85 68 56
11 34 60 47 64 73
11 35 26 28 30 59
11 36 64 69 61 59
11 37 58 67 73 52
11 38 90 81 69 82
11 39 40 38 45 32
12 13 31 30 55 51
12 14 76 76 82 44
12 15 53 72 40 28
12 16 48 37 48 35
12 17 4 29 47 35
12 18 39 63 53 32
12 19 12 25 49 33
12 20 17 32 25 47
12 21 35 39 29 61
12 22 34 40 43 19
12 23 40 34 55 49
12 24 14 39 33 56
12 25 35 55 43 45
12 26 56 32 40 36
12 27 54 38 72 64
12 28 24 54 29 19
12 29 35 25 39 32
12 30 18 21 51 17
12 31 18 42 34 17
12 32 82 61 54 54
12 33 78 68 67 42
12 34 26 44 15 43
12 35 61 33 45 68
12 36 40 39 67 37
12 37 35 24 41 35
12 38 17 30 12 11
12 39 78 61 70 59
13 14 66 76 63 50
13 15 10 44 15 44
13 16 62 34 56 50
13 17 88 72 56 67
13 18 74 56 71 74
13 19 56 33 46 49
13 20 81 48 89 71
13 21 95 60 50 85
13 22 39 30 43 58
13 23 42 45 63 62
13 24 93 52 92 67
13 25 75 51 78 48
13 26 53 49 41 49
13 27 47 64 54 70
13 28 92 84 85 55
13 29 41 66 24 23
13 30 46 59 66 71
13 31 11 5 16 42
13 32 80 74 83 50
13 33 31 45 15 63
13 34 83 86 77 59
13 35 16 27 55 54
13 36 46 39 51 48
13 37 83 81 46 88
13 38 80 45 68 88
13 39 56 47 39 53
14 15 44 25 34 42
14 16 65 52 71 73
14 17 36 30 32 23
14 18 54 33 69 73
14 19 25 16 41 53
14 20 67 38 37 38
14 21 41 34 55 69
14 22 83 47 62 54
14 23 84 59 44 47
14 24 7 17 8 30
14 25 66 36 56 36
14 26 47 68 62 65
14 27 72 57 75 44
14 28 48 36 35 41
14 29 34 51 53 40
14 30 52 74 73 58
14 31 46 73 57 29
14 32 90 81 61 46
14 33 87 75 66 62
14 34 53 59 63 53
14 35 37 52 36 44
14 36 64 37 53 81
14 37 50 28 47 65
14 38 19 55 51 15
14 39 16 12 23 23
15 16 68 48 60 37
15 17 22 15 18 33
15 18 84 49 83 48
15 19 32 55 39 40
15 20 47 38 45 36
15 21 18 24 18 30
15 22 33 48 21 47
15 23 45 22 42 40
15 24 30 32 53 63
15 25 65 68 40 51
15 26 29 29 63 60
15 27 76 64 58 63
15 28 39 37 57 32
15 29 4 17 50 13
15 30 62 76 73 42
15 31 64 48 70 73
15 32 69 75 59 39
15 33 53 58 30 44
15 34 77 84 68 71
15 35 86 46 50 91
15 36 20 21 37 10
15 37 10 49 14 24
15 38 46 60 54 32
15 39 42 22 25 26
16 17 50 32 31 65
16 18 83 51 51 52
16 19 23 16 40 59
16 20 39 30 29 41
16 21 45 70 58 30
16 22 18 41 45 10
16 23 6 14 46 53
16 24 86 91 60 70
16 25 95 67 62 81
16 26 85 68 87 69
16 27 22 35 23 51
16 28 22 50 51 27
16 29 90 59 71 76
16 30 47 33 63 39
16 31 36 31 48 21
16 32 73 49 61 60
16 33 60 65 39 46
16 34 67 43 66 71
16 35 90 48 92 48
16 36 11 49 53 10
16 37 91 92 48 71
16 38 48 39 33 41
16 39 93 51 75 68
17 18 5 52 49 28
17 19 76 83 68 58
17 20 10 24 31 49
17 21 69 57 37 71
17 22 3 11 11 19
17 23 47 40 54 71
17 24 47 46 28 52
17 25 85 90 81 63
17 26 42 29 33 32
17 27 9 50 27 9
17 28 35 25 39 32
17 29 89 55 71 77
17 30 60 67 65 43
17 31 88 69 63 82
17 32 32 50 47 28
17 33 36 66 68 42
17 34 4 19 39 10
17 35 88 73 60 88
17 36 55 60 52 67
17 37 28 37 53 16
17 38 54 75 40 46
17 39 95 95 72 87
18 19 35 51 49 62
18 20 30 30 39 34
18 21 56 56 75 35
18 22 36 19 33 39
18 23 40 26 48 28
18 24 41 57 47 38
18 25 8 42 46 10
18 26 60 44 53 62
18 27 46 37 45 32
18 28 26 30 35 48
18 29 18 17 12 11
18 30 58 37 70 58
18 31 70 71 42 59
18 32 84 50 77 86
18 33 54 56 43 77
18 34 22 13 11 36
18 35 60 59 59 67
18 36 87 81 84 89
18 37 8 44 51 20
18 38 23 28 18 30
18 39 70 53 47 75
19 20 65 60 41 51
19 21 27 37 38 62
19 22 91 62 72 55
19 23 81 87 46 44
19 24 26 26 19 27
19 25 36 60 45 18
19 26 11 6 9 35
19 27 92 51 47 77
19 28 70 62 73 82
19 29 25 29 46 44
19 30 45 41 51 32
19 31 0 44 37 8
19 32 42 23 42 43
19 33 67 33 74 72
19 34 97 94 70 49
19 35 28 53 58 33
19 36 27 60 34 59
19 37 34 18 48 18
19 38 88 56 84 76
19 39 73 54 45 69
20 21 44 33 50 57
20 22 32 47 17 24
20 23 21 51 25 59
20 24 2 32 46 45
20 25 46 49 33 32
20 26 73 60 56 43
20 27 14 42 15 43
20 28 6 38 14 49
20 29 36 58 28 25
20 30 18 25 27 58
20 31 48 31 55 24
20 32 89 58 76 68
20 33 82 43 48 65
20 34 29 21 51 49
20 35 76 72 57 41
20 36 45 69 39 55
20 37 57 44 36 39
20 38 38 59 20 40
20 39 40 59 69 34
21 22 17 41 39 9
21 23 53 58 36 63
21 24 29 37 23 30
21 25 56 66 65 49
21 26 42 60 44 52
21 27 28 33 26 16
21 28 12 20 31 28
21 29 63 67 60 52
21 30 63 64 58 40
21 31 12 8 50 36
21 32 28 35 21 59
21 33 72 83 65 47
21 34 33 60 33 40
21 35 39 62 61 67
21 36 46 51 39 44
21 37 6 3 7 31
21 38 99 92 62 67
21 39 84 76 57 48
22 23 7 11 39 35
22 24 77 52 85 48
22 25 70 79 73 59
22 26 3 35 18 29
22 27 70 38 47 52
22 28 93 56 61 85
22 29 30 44 20 58
22 30 31 21 46 46
22 31 53 60 35 52
22 32 16 24 30 53
22 33 53 42 64 30
22 34 31 26 21 16
22 35 0 19 16 44
22 36 98 94 61 67
22 37 63 55 61 56
22 38 69 81 69 43
22 39 16 48 38 50
23 24 54 40 47 34
23 25 69 83 74 72
23 26 76 50 73 74
23 27 79 61 51 61
23 28 75 42 87 42
23 29 14 19 31 27
23 30 63 39 81 35
23 31 38 36 35 47
23 32 90 64 51 46
23 33 75 82 39 44
23 34 98 97 81 75
23 35 26 16 48 17
23 36 75 38 83 54
23 37 60 62 39 48
23 38 56 53 48 48
23 39 50 45 41 61
24 25 75 56 86 58
24 26 76 76 81 45
24 27 33 66 49 53
24 28 53 35 40 31
24 29 80 59 59 63
24 30 18 40 38 42
24 31 87 67 57 71
24 32 78 78 87 73
24 33 38 39 43 62
24 34 26 18 21 48
24 35 83 84 57 43
24 36 83 65 46 89
24 37 75 70 84 54
24 38 90 68 49 86
24 39 53 52 32 53
25 26 11 30 38 16
25 27 13 44 20 32
25 28 32 32 46 30
25 29 5 26 22 3
25 30 96 72 81 74
25 31 62 41 39 40
25 32 12 14 35 14
25 33 37 45 60 44
25 34 90 45 94 46
25 35 30 15 43 22
25 36 81 73 80 55
25 37 75 60 52 76
25 38 7 43 16 50
25 39 46 68 32 30
26 27 74 71 60 74
26 28 64 79 74 70
26 29 10 32 19 34
26 30 90 70 89 73
26 31 40 24 69 27
26 32 4 22 43 24
26 33 35 27 38 26
26 34 57 33 68 75
26 35 38 68 49 67
26 36 20 19 59 11
26 37 62 57 33 67
26 38 8 27 48 33
26 39 34 67 50 55
27 28 56 41 32 53
27 29 81 41 85 55
27 30 73 83 62 49
27 31 76 47 77 42
27 32 92 62 60 78
27 33 25 30 58 50
27 34 61 32 33 60
27 35 91 87 53 90
27 36 26 22 52 21
27 37 96 49 91 80
27 38 53 72 33 39
27 39 64 40 66 51
28 29 6 28 42 15
28 30 12 36 42 23
28 31 19 49 11 12
28 32 65 66 77 78
28 33 16 31 33 47
28 34 57 55 43 73
28 35 87 71 46 48
28 36 79 81 56 46
28 37 11 15 19 17
28 38 44 48 33 29
28 39 92 83 47 93
29 30 83 83 78 65
29 31 80 44 54 70
29 32 86 50 89 76
29 33 35 42 53 40
29 34 38 20 33 23
29 35 90 47 63 85
29 36 71 81 65 38
29 37 3 21 33 43
29 38 69 40 38 67
29 39 30 44 47 63
30 31 58 67 30 32
30 32 16 52 28 18
30 33 46 41 24 42
30 34 82 79 69 57
30 35 41 39 61 53
30 36 58 49 55 77
30 37 26 25 42 16
30 38 10 33 14 31
30 39 75 53 58 58
31 32 81 77 50 69
31 33 69 62 45 77
31 34 71 46 53 42
31 35 91 90 51 49
31 36 97 73 66 68
31 37 90 61 50 84
31 38 37 36 56 21
31 39 77 47 39 72
32 33 73 66 50 74
32 34 71 43 83 66
32 35 71 40 47 56
32 36 2 23 13 14
32 37 45 68 27 70
32 38 23 26 36 51
32 39 91 50 55 88
33 34 12 53 47 54
33 35 14 43 55 12
33 36 71 78 45 38
33 37 58 42 62 51
33 38 90 49 85 74
33 39 26 41 26 38
34 35 37 23 47 42
34 36 71 84 81 40
34 37 11 54 46 32
34 38 22 41 29 58
34 39 71 83 42 56
35 36 85 73 89 45
35 37 65 74 64 77
35 38 87 89 92 54
35 39 19 46 43 34
36 37 5 22 36 15
36 38 18 43 38 49
36 39 42 36 43 56
37 38 6 3 9 23
37 39 9 34 53 31
38 39 28 25 28 46
