42
0 1 48 47 52 45
0 2 49 43 46 55
0 3 87 83 81 76
0 4 46 54 41 44
0 5 37 32 39 45
0 6 60 57 60 58
0 7 64 56 56 67
0 8 77 69 72 66
0 9 93 87 87 85
0 10 17 14 18 15
0 11 69 66 63 72
0 12 7 18 20 13
0 13 94 94 92 88
0 14 77 75 76 67
0 15 97 95 95 90
0 16 8 21 16 14
0 17 1 7 7 14
0 18 86 80 78 85
0 19 86 78 79 84
0 20 87 85 74 82
0 21 11 18 13 16
0 22 65 56 60 62
0 23 81 70 83 80
0 24 19 23 27 23
0 25 42 44 37 38
0 26 24 34 34 25
0 27 21 30 19 31
0 28 87 83 79 81
0 29 86 82 86 87
0 30 48 44 48 53
0 31 85 79 76 79
0 32 39 47 38 43
0 33 76 68 72 65
0 34 77 67 69 65
0 35 54 49 51 57
0 36 91 89 88 80
0 37 76 65 67 73
0 38 72 68 62 74
0 39 42 38 47 40
0 40 95 82 85 87
0 41 80 81 77 74
1 2 84 77 78 78
1 3 6 6 14 16
1 4 74 64 70 66
1 5 44 50 38 39
1 6 10 23 18 20
1 7 41 38 38 35
1 8 82 74 84 75
1 9 96 95 90 94
1 10 4 7 8 12
1 11 60 63 58 55
1 12 66 67 69 63
1 13 63 63 59 61
1 14 32 39 28 31
1 15 16 25 21 15
1 16 9 17 14 13
1 17 87 79 88 82
1 18 8 15 18 8
1 19 37 36 36 41
1 20 44 44 40 47
1 21 88 78 88 84
1 22 66 66 65 62
1 23 74 77 70 75
1 24 49 56 51 52
1 25 1 14 4 3
1 26 29 25 36 37
1 27 82 71 84 72
1 28 6 10 13 9
1 29 42 50 48 45
1 30 20 17 23 21
1 31 79 74 82 76
1 32 89 76 88 87
1 33 85 80 73 85
1 34 53 53 46 54
1 35 97 85 91 93
1 36 7 18 9 6
1 37 37 42 41 43
1 38 4 13 12 9
1 39 92 90 87 80
1 40 40 41 48 45
1 41 58 54 63 55
2 3 6 7 7 18
2 4 82 77 81 72
2 5 73 72 77 65
2 6 87 81 83 78
2 7 4 15 7 9
2 8 17 28 25 27
2 9 87 78 79 87
2 10 20 22 23 29
2 11 36 31 39 34
2 12 60 64 59 64
2 13 50 54 50 57
2 14 31 39 39 29
2 15 91 84 88 80
2 16 52 53 56 45
2 17 68 60 64 70
2 18 15 24 14 13
2 19 53 48 60 58
2 20 34 33 40 28
2 21 11 24 15 24
2 22 30 37 40 40
2 23 74 77 76 65
2 24 67 68 65 58
2 25 62 67 59 64
2 26 32 39 37 34
2 27 17 22 26 20
2 28 29 39 37 24
2 29 78 80 67 73
2 30 5 7 5 12
2 31 16 20 25 23
2 32 0 4 3 9
2 33 26 28 31 26
2 34 7 18 10 9
2 35 39 44 34 33
2 36 27 31 23 26
2 37 49 43 56 56
2 38 3 8 9 8
2 39 53 47 47 56
2 40 51 54 45 51
2 41 69 71 64 59
3 4 8 8 20 13
3 5 87 78 80 79
3 6 87 87 78 80
3 7 21 23 18 26
3 8 16 21 14 18
3 9 70 71 73 59
3 10 2 11 15 7
3 11 24 25 29 25
3 12 8 11 22 18
3 13 90 77 86 86
3 14 9 14 22 15
3 15 67 62 64 61
3 16 17 27 21 18
3 17 6 13 12 17
3 18 28 37 24 28
3 19 84 75 78 76
3 20 15 14 21 16
3 21 13 18 22 17
3 22 52 46 49 53
3 23 42 38 50 49
3 24 6 11 17 9
3 25 65 62 60 63
3 26 86 82 77 82
3 27 88 85 75 87
3 28 92 89 89 87
3 29 99 98 94 89
3 30 64 58 58 55
3 31 2 8 8 10
3 32 5 17 19 19
3 33 38 38 37 39
3 34 65 59 62 69
3 35 65 58 62 59
3 36 24 22 35 30
3 37 97 88 93 84
3 38 89 77 80 89
3 39 39 36 34 46
3 40 98 88 94 94
3 41 50 44 53 56
4 5 95 92 81 91
4 6 25 30 22 34
4 7 64 65 58 68
4 8 96 92 93 82
4 9 2 3 3 3
4 10 69 64 63 70
4 11 12 15 13 20
4 12 4 13 13 15
4 13 88 79 82 89
4 14 78 79 75 77
4 15 48 48 43 45
4 16 28 26 35 29
4 17 78 68 77 70
4 18 44 41 52 50
4 19 15 21 23 18
4 20 7 9 10 8
4 21 91 85 92 82
4 22 40 49 37 42
4 23 53 58 56 54
4 24 97 86 94 93
4 25 91 84 78 89
4 26 94 81 86 89
4 27 76 74 66 64
4 28 35 35 37 40
4 29 50 56 54 48
4 30 55 49 56 48
4 31 36 38 43 41
4 32 51 48 48 50
4 33 41 38 38 40
4 34 21 29 29 27
4 35 63 60 65 62
4 36 29 36 25 38
4 37 33 29 34 30
4 38 76 72 70 78
4 39 72 69 68 71
4 40 55 51 48 60
4 41 84 76 83 72
5 6 71 72 73 71
5 7 94 89 86 87
5 8 16 18 15 25
5 9 64 60 56 67
5 10 37 44 34 35
5 11 36 38 45 31
5 12 12 18 11 18
5 13 62 65 62 66
5 14 98 94 88 87
5 15 6 12 19 7
5 16 92 91 91 83
5 17 68 63 62 61
5 18 58 54 54 64
5 19 66 61 56 65
5 20 91 78 79 78
5 21 63 62 65 66
5 22 94 89 90 87
5 23 59 58 59 51
5 24 8 16 12 21
5 25 15 15 21 21
5 26 55 48 54 54
5 27 34 36 43 38
5 28 2 7 6 10
5 29 73 62 70 64
5 30 5 18 13 11
5 31 15 19 21 24
5 32 95 93 88 89
5 33 41 44 46 42
5 34 60 64 62 56
5 35 56 52 51 53
5 36 64 57 64 58
5 37 27 26 28 37
5 38 99 85 85 90
5 39 29 36 33 36
5 40 79 69 72 75
5 41 56 50 55 59
6 7 48 51 50 48
6 8 4 14 11 10
6 9 21 19 27 22
6 10 58 53 49 64
6 11 99 95 96 84
6 12 79 75 74 73
6 13 2 12 10 7
6 14 36 33 44 38
6 15 73 69 64 71
6 16 34 35 41 43
6 17 67 63 71 58
6 18 95 87 85 86
6 19 19 21 21 29
6 20 13 25 23 23
6 21 21 30 19 21
6 22 69 62 59 73
6 23 29 34 37 35
6 24 3 9 9 5
6 25 67 66 66 58
6 26 0 5 14 10
6 27 69 64 68 63
6 28 83 71 76 77
6 29 34 31 30 43
6 30 5 17 10 18
6 31 11 18 13 11
6 32 77 75 75 77
6 33 42 39 44 37
6 34 96 94 82 90
6 35 21 32 28 26
6 36 3 2 6 6
6 37 64 55 66 68
6 38 68 70 60 60
6 39 60 65 58 58
6 40 60 56 59 62
6 41 51 45 44 53
7 8 50 50 44 56
7 9 46 43 52 40
7 10 85 80 76 80
7 11 61 64 60 57
7 12 98 87 88 95
7 13 5 16 14 8
7 14 93 90 85 85
7 15 79 72 78 79
7 16 58 50 53 56
7 17 74 65 72 68
7 18 45 39 50 47
7 19 80 73 69 76
7 20 39 45 47 44
7 21 37 43 45 46
7 22 94 85 93 93
7 23 33 43 40 41
7 24 48 54 55 55
7 25 80 78 71 73
7 26 25 27 22 33
7 27 54 56 51 53
7 28 85 85 86 81
7 29 80 76 80 69
7 30 11 18 12 21
7 31 43 45 47 51
7 32 67 71 59 70
7 33 57 55 56 48
7 34 65 69 70 64
7 35 64 57 69 62
7 36 32 42 36 38
7 37 87 84 76 88
7 38 71 74 67 69
7 39 11 15 21 11
7 40 47 55 46 42
7 41 49 47 50 55
8 9 76 77 77 66
8 10 82 84 80 82
8 11 3 6 11 12
8 12 41 43 35 44
8 13 7 14 11 15
8 14 92 84 87 80
8 15 71 65 62 66
8 16 94 83 82 89
8 17 67 69 66 69
8 18 46 54 42 48
8 19 84 73 84 77
8 20 46 51 42 41
8 21 27 30 37 36
8 22 14 17 24 19
8 23 21 26 21 21
8 24 18 29 25 23
8 25 87 75 84 81
8 26 30 39 38 33
8 27 27 31 35 35
8 28 2 8 12 16
8 29 67 71 65 69
8 30 50 44 50 48
8 31 69 69 59 63
8 32 53 52 46 58
8 33 12 23 24 20
8 34 91 85 91 86
8 35 92 82 84 90
8 36 17 21 16 20
8 37 54 53 49 57
8 38 30 39 36 28
8 39 38 33 38 46
8 40 37 35 41 41
8 41 6 16 5 10
9 10 44 39 48 52
9 11 89 88 85 88
9 12 37 43 32 37
9 13 16 17 19 15
9 14 23 28 33 24
9 15 21 22 32 28
9 16 5 19 10 13
9 17 1 5 10 12
9 18 44 43 40 48
9 19 53 46 57 59
9 20 53 54 48 52
9 21 62 62 62 66
9 22 35 39 43 40
9 23 54 60 53 47
9 24 71 63 74 62
9 25 31 40 27 38
9 26 2 6 13 11
9 27 24 23 21 21
9 28 6 18 6 13
9 29 64 68 59 55
9 30 23 31 30 22
9 31 87 87 76 74
9 32 69 60 66 62
9 33 85 75 79 76
9 34 52 49 58 51
9 35 33 41 38 33
9 36 96 87 96 92
9 37 97 82 92 87
9 38 41 36 43 37
9 39 2 14 4 5
9 40 93 79 92 90
9 41 77 65 68 77
10 11 91 78 89 83
10 12 60 66 53 66
10 13 43 48 37 42
10 14 79 81 69 77
10 15 32 41 33 39
10 16 69 59 64 59
10 17 3 3 14 3
10 18 53 53 49 60
10 19 19 25 21 18
10 20 62 62 57 64
10 21 58 53 61 57
10 22 10 9 22 9
10 23 33 29 31 35
10 24 94 81 87 80
10 25 35 34 35 33
10 26 85 75 77 84
10 27 26 34 27 31
10 28 91 83 90 88
10 29 76 70 76 73
10 30 81 71 78 81
10 31 72 71 66 73
10 32 68 70 59 62
10 33 57 50 57 60
10 34 52 55 45 44
10 35 8 10 13 20
10 36 51 48 58 57
10 37 83 76 85 84
10 38 99 93 93 85
10 39 4 17 13 3
10 40 56 50 55 57
10 41 1 9 6 11
11 12 25 29 23 23
11 13 2 5 17 11
11 14 31 33 36 41
11 15 29 34 29 33
11 16 60 62 59 58
11 17 90 77 90 84
11 18 72 70 75 75
11 19 9 22 13 10
11 20 54 60 54 53
11 21 30 34 37 32
11 22 23 29 30 27
11 23 18 16 30 18
11 24 16 23 17 14
11 25 64 68 64 63
11 26 72 67 72 62
11 27 74 63 74 68
11 28 41 49 47 44
11 29 16 20 28 27
11 30 17 29 29 29
11 31 29 38 28 39
11 32 98 89 88 98
11 33 1 10 3 16
11 34 62 66 63 55
11 35 24 23 23 32
11 36 8 10 20 17
11 37 9 18 15 17
11 38 71 70 71 67
11 39 78 80 69 69
11 40 22 27 19 23
11 41 73 63 69 77
12 13 15 22 20 22
12 14 47 45 45 49
12 15 87 87 85 78
12 16 43 39 45 44
12 17 15 27 14 22
12 18 84 82 80 83
12 19 40 35 46 44
12 20 7 19 16 8
12 21 31 29 27 40
12 22 79 82 71 67
12 23 57 59 56 57
12 24 72 73 63 66
12 25 1 9 8 15
12 26 99 96 91 88
12 27 50 53 49 50
12 28 23 29 24 32
12 29 8 14 13 11
12 30 20 23 25 32
12 31 18 20 20 29
12 32 54 59 53 48
12 33 37 35 36 35
12 34 52 52 49 45
12 35 46 40 42 44
12 36 0 6 1 9
12 37 84 79 80 74
12 38 44 47 50 40
12 39 3 15 6 12
12 40 20 20 24 30
12 41 84 80 84 72
13 14 76 76 66 70
13 15 37 45 34 45
13 16 23 27 34 31
13 17 97 93 96 86
13 18 44 48 43 42
13 19 91 89 85 80
13 20 60 54 58 61
13 21 4 17 7 17
13 22 27 34 28 24
13 23 52 54 46 46
13 24 79 78 77 76
13 25 45 50 46 42
13 26 48 46 45 52
13 27 75 68 68 66
13 28 22 30 27 23
13 29 43 49 39 41
13 30 64 69 60 55
13 31 74 67 66 64
13 32 0 11 9 6
13 33 25 24 24 25
13 34 37 46 40 40
13 35 40 41 42 36
13 36 73 73 64 62
13 37 97 88 84 97
13 38 42 39 49 49
13 39 86 73 76 77
13 40 73 70 64 68
13 41 44 46 47 40
14 15 99 87 96 93
14 16 35 38 38 34
14 17 56 62 52 50
14 18 16 28 27 21
14 19 18 28 30 27
14 20 55 60 47 53
14 21 97 94 96 96
14 22 37 43 32 40
14 23 85 79 83 78
14 24 35 31 34 44
14 25 43 37 46 37
14 26 23 21 22 28
14 27 62 62 54 56
14 28 19 18 26 27
14 29 87 84 87 87
14 30 99 86 92 85
14 31 66 57 70 70
14 32 67 67 65 62
14 33 42 36 37 47
14 34 42 45 45 38
14 35 33 32 33 38
14 36 23 27 29 21
14 37 39 42 33 42
14 38 75 77 66 67
14 39 2 7 13 6
14 40 89 78 89 83
14 41 20 18 28 28
15 16 45 50 43 43
15 17 4 3 8 8
15 18 97 96 90 97
15 19 86 81 82 86
15 20 67 65 58 62
15 21 27 36 28 33
15 22 70 61 61 71
15 23 89 87 84 77
15 24 33 32 38 37
15 25 17 19 21 28
15 26 47 46 41 54
15 27 72 71 72 65
15 28 65 64 70 63
15 29 19 25 28 30
15 30 83 73 72 81
15 31 70 64 65 66
15 32 73 67 72 67
15 33 21 22 19 19
15 34 40 37 41 45
15 35 92 86 81 86
15 36 84 80 72 72
15 37 16 23 16 15
15 38 34 40 40 29
15 39 62 56 62 61
15 40 92 84 86 83
15 41 99 94 92 88
16 17 59 60 52 52
16 18 29 37 29 28
16 19 67 60 70 62
16 20 80 81 75 68
16 21 6 16 14 8
16 22 98 93 86 89
16 23 8 19 8 17
16 24 58 51 60 58
16 25 42 42 41 42
16 26 50 55 49 55
16 27 85 87 80 74
16 28 97 90 89 83
16 29 50 48 55 53
16 30 6 8 16 13
16 31 61 53 57 62
16 32 36 37 41 31
16 33 47 54 49 54
16 34 99 94 89 96
16 35 78 69 70 67
16 36 76 70 77 68
16 37 5 15 16 8
16 38 74 73 75 76
16 39 95 85 94 89
16 40 27 23 24 29
16 41 58 61 58 55
17 18 71 62 63 69
17 19 20 32 28 31
17 20 21 25 25 21
17 21 97 95 83 92
17 22 11 14 22 19
17 23 27 34 23 35
17 24 40 46 39 41
17 25 47 43 41 47
17 26 76 71 73 78
17 27 77 80 67 77
17 28 74 71 76 76
17 29 15 27 26 21
17 30 64 63 66 60
17 31 63 61 64 57
17 32 27 23 33 31
17 33 12 25 17 11
17 34 86 88 82 73
17 35 75 73 73 65
17 36 76 74 67 73
17 37 99 94 91 95
17 38 23 25 30 32
17 39 53 48 46 57
17 40 7 17 12 20
17 41 85 87 82 72
18 19 45 43 44 52
18 20 62 57 57 57
18 21 25 29 34 30
18 22 89 83 82 87
18 23 47 43 44 43
18 24 75 68 76 67
18 25 15 28 17 26
18 26 16 28 14 27
18 27 13 21 19 22
18 28 52 50 56 56
18 29 33 34 37 29
18 30 69 61 73 73
18 31 82 83 80 73
18 32 47 46 48 49
18 33 71 75 65 64
18 34 56 58 51 56
18 35 37 40 39 40
18 36 49 44 50 57
18 37 15 22 21 27
18 38 39 37 37 39
18 39 1 6 4 4
18 40 72 63 68 70
18 41 20 25 28 22
19 20 54 54 60 46
19 21 37 40 35 45
19 22 21 22 25 24
19 23 20 22 25 31
19 24 49 42 45 42
19 25 37 46 42 38
19 26 92 78 88 86
19 27 46 49 48 46
19 28 16 14 20 26
19 29 63 56 55 55
19 30 12 25 19 19
19 31 46 44 41 51
19 32 88 77 80 88
19 33 42 46 40 42
19 34 18 29 21 20
19 35 27 35 37 35
19 36 61 57 63 64
19 37 81 79 84 74
19 38 33 38 38 41
19 39 54 52 48 58
19 40 55 56 61 59
19 41 45 48 46 42
20 21 94 81 81 81
20 22 20 20 28 29
20 23 8 16 16 21
20 24 11 20 19 10
20 25 36 41 35 42
20 26 20 22 18 23
20 27 20 19 27 17
20 28 55 49 55 56
20 29 43 43 42 43
20 30 53 47 53 51
20 31 79 77 82 77
20 32 28 29 30 35
20 33 18 29 21 26
20 34 42 39 36 49
20 35 95 82 91 83
20 36 24 28 27 31
20 37 19 30 19 24
20 38 80 78 69 77
20 39 72 75 72 65
20 40 80 77 76 80
20 41 17 29 16 16
21 22 43 38 37 47
21 23 71 73 70 69
21 24 74 66 72 75
21 25 29 33 27 38
21 26 45 50 49 45
21 27 36 42 43 34
21 28 98 86 91 93
21 29 29 39 25 32
21 30 56 62 57 48
21 31 61 59 56 59
21 32 12 13 23 24
21 33 75 72 69 76
21 34 36 32 40 31
21 35 47 54 55 47
21 36 42 44 46 38
21 37 0 11 10 2
21 38 71 64 62 67
21 39 98 98 84 87
21 40 89 87 84 89
21 41 53 56 55 54
22 23 66 63 62 60
22 24 98 94 87 88
22 25 45 53 52 51
22 26 8 18 8 15
22 27 7 10 8 14
22 28 7 9 20 13
22 29 50 53 55 52
22 30 55 61 51 52
22 31 10 13 11 23
22 32 49 49 53 54
22 33 55 50 54 55
22 34 74 73 65 63
22 35 0 8 10 9
22 36 9 17 9 14
22 37 46 40 50 47
22 38 63 61 60 66
22 39 77 68 77 80
22 40 90 82 89 88
22 41 61 54 55 58
23 24 9 14 19 16
23 25 64 68 65 61
23 26 92 86 89 80
23 27 24 25 26 21
23 28 87 82 86 87
23 29 12 23 16 16
23 30 59 55 57 61
23 31 56 54 58 50
23 32 73 74 72 74
23 33 2 11 12 2
23 34 51 52 47 46
23 35 65 55 68 63
23 36 12 12 14 21
23 37 91 84 91 84
23 38 14 27 20 14
23 39 62 57 56 64
23 40 28 27 29 29
23 41 85 74 83 74
24 25 33 29 39 36
24 26 55 47 50 50
24 27 4 4 14 17
24 28 71 60 65 70
24 29 82 77 73 72
24 30 9 9 19 21
24 31 94 85 94 85
24 32 19 23 27 20
24 33 81 70 74 70
24 34 87 85 80 77
24 35 67 61 57 60
24 36 82 84 72 84
24 37 28 28 25 37
24 38 13 23 14 11
24 39 81 81 77 77
24 40 14 14 13 12
24 41 60 51 52 51
25 26 59 52 61 52
25 27 5 18 16 9
25 28 62 64 62 55
25 29 7 19 9 9
25 30 30 37 29 37
25 31 87 79 75 75
25 32 30 34 40 38
25 33 18 19 17 16
25 34 31 30 27 30
25 35 22 25 20 26
25 36 72 75 67 61
25 37 10 21 12 20
25 38 30 36 31 34
25 39 94 93 90 85
25 40 28 28 30 31
25 41 27 23 37 35
26 27 40 40 42 39
26 28 14 16 25 22
26 29 11 21 13 14
26 30 69 69 65 69
26 31 5 11 6 13
26 32 75 68 67 79
26 33 35 35 33 31
26 34 8 16 19 20
26 35 83 79 77 75
26 36 86 77 82 76
26 37 88 86 85 77
26 38 86 84 82 75
26 39 84 75 84 83
26 40 75 64 71 73
26 41 29 37 35 29
27 28 85 80 75 75
27 29 82 80 78 74
27 30 72 75 70 68
27 31 18 25 28 27
27 32 18 22 19 17
27 33 4 7 7 14
27 34 51 57 52 45
27 35 29 26 39 40
27 36 60 63 54 64
27 37 1 4 14 1
27 38 14 16 15 26
27 39 63 56 55 58
27 40 69 64 72 67
27 41 37 46 42 36
28 29 17 24 24 14
28 30 75 65 69 69
28 31 11 11 20 17
28 32 22 25 21 34
28 33 11 14 18 13
28 34 32 38 28 38
28 35 10 22 22 16
28 36 24 29 23 28
28 37 29 33 32 38
28 38 6 11 20 16
28 39 73 63 71 70
28 40 2 10 3 3
28 41 40 48 41 41
29 30 2 16 15 13
29 31 66 71 61 66
29 32 55 57 60 48
29 33 52 47 50 56
29 34 24 33 33 30
29 35 40 48 47 38
29 36 5 6 14 10
29 37 98 90 91 94
29 38 33 36 38 29
29 39 98 89 92 94
29 40 80 68 80 79
29 41 79 70 74 77
30 31 26 35 27 28
30 32 66 64 71 63
30 33 4 7 9 5
30 34 80 74 81 72
30 35 98 95 84 84
30 36 26 30 24 25
30 37 71 63 73 63
30 38 93 89 81 84
30 39 52 47 45 58
30 40 83 82 71 78
30 41 69 71 67 68
31 32 78 68 74 77
31 33 71 73 60 73
31 34 86 76 75 86
31 35 61 53 55 54
31 36 60 51 57 57
31 37 13 22 21 18
31 38 27 37 25 24
31 39 41 47 41 40
31 40 75 71 76 77
31 41 75 77 74 65
32 33 71 62 63 67
32 34 33 29 39 30
32 35 69 65 73 72
32 36 54 58 60 52
32 37 16 28 25 28
32 38 10 16 19 18
32 39 80 68 80 83
32 40 48 53 44 45
32 41 27 34 27 28
33 34 95 86 84 84
33 35 87 76 86 82
33 36 24 29 27 34
33 37 60 59 52 56
33 38 24 33 29 30
33 39 69 61 65 68
33 40 90 87 91 77
33 41 7 8 9 9
34 35 38 46 37 46
34 36 56 54 52 49
34 37 61 59 63 54
34 38 39 45 37 39
34 39 4 6 9 11
34 40 68 72 69 69
34 41 84 76 78 86
35 36 55 50 47 58
35 37 46 51 43 39
35 38 72 61 75 63
35 39 33 34 30 31
35 40 79 70 68 77
35 41 88 87 82 76
36 37 41 48 45 47
36 38 24 26 32 34
36 39 21 22 32 28
36 40 76 77 66 80
36 41 85 86 81 77
37 38 55 61 53 57
37 39 63 62 65 55
37 40 35 35 31 31
37 41 71 62 75 61
38 39 14 18 25 23
38 40 80 82 68 77
38 41 43 43 43 37
39 40 93 91 90 88
39 41 48 49 46 46
40 41 3 16 17 12
