48
0 1 64 61 63 57
0 2 83 85 78 80
0 3 26 26 31 31
0 4 92 80 85 83
0 5 7 10 10 20
0 6 69 69 70 65
0 7 53 48 57 56
0 8 78 78 67 76
0 9 97 85 83 95
0 10 41 47 44 47
0 11 73 64 65 70
0 12 23 32 32 22
0 13 53 52 45 48
0 14 85 77 83 77
0 15 76 72 70 78
0 16 79 81 71 75
0 17 10 10 14 17
0 18 26 24 32 32
0 19 82 71 70 77
0 20 7 20 19 7
0 21 20 17 19 17
0 22 6 12 13 9
0 23 37 33 33 33
0 24 61 52 66 55
0 25 63 64 56 62
0 26 36 39 32 32
0 27 82 78 83 80
0 28 58 55 49 50
0 29 89 80 85 86
0 30 83 74 82 73
0 31 31 37 28 31
0 32 68 60 63 62
0 33 22 29 32 31
0 34 98 90 91 90
0 35 64 67 61 62
0 36 90 80 81 77
0 37 54 56 54 60
0 38 75 67 70 67
0 39 28 35 29 38
0 40 35 45 44 31
0 41 15 26 15 17
0 42 68 62 67 66
0 43 38 35 45 45
0 44 98 94 85 86
0 45 58 60 61 53
0 46 17 29 29 24
0 47 8 18 20 13
1 2 45 40 38 51
1 3 68 62 70 65
1 4 15 23 19 21
1 5 7 10 6 9
1 6 75 77 67 67
1 7 63 64 57 57
1 8 15 25 25 16
1 9 79 68 76 74
1 10 13 23 15 19
1 11 12 23 11 17
1 12 32 39 39 28
1 13 22 29 32 20
1 14 95 96 95 81
1 15 29 32 33 31
1 16 90 86 77 79
1 17 58 53 53 51
1 18 34 42 42 33
1 19 56 58 58 58
1 20 45 42 48 41
1 21 27 32 24 25
1 22 41 38 48 42
1 23 58 60 56 57
1 24 53 50 48 50
1 25 87 88 80 81
1 26 2 4 4 8
1 27 56 57 58 53
1 28 51 53 44 51
1 29 42 46 50 40
1 30 10 12 20 11
1 31 24 34 22 35
1 32 10 14 14 21
1 33 13 13 13 12
1 34 62 62 53 66
1 35 47 51 46 52
1 36 2 13 2 3
1 37 23 24 22 20
1 38 33 29 31 40
1 39 51 47 45 45
1 40 5 9 9 10
1 41 28 39 39 25
1 42 59 51 52 64
1 43 24 24 33 22
1 44 42 40 45 39
1 45 51 56 50 48
1 46 2 8 13 5
1 47 20 21 21 26
2 3 5 19 11 4
2 4 27 34 25 26
2 5 79 68 75 71
2 6 56 63 62 54
2 7 31 30 37 27
2 8 57 62 56 51
2 9 76 70 68 75
2 10 56 49 58 48
2 11 36 39 42 37
2 12 11 23 11 13
2 13 85 81 84 78
2 14 11 12 10 11
2 15 30 39 30 31
2 16 10 19 13 23
2 17 16 18 28 16
2 18 53 59 57 50
2 19 40 43 49 39
2 20 44 51 45 51
2 21 43 49 46 39
2 22 27 32 36 34
2 23 36 32 39 42
2 24 17 15 25 20
2 25 52 44 51 47
2 26 39 42 44 44
2 27 31 27 27 30
2 28 6 6 10 6
2 29 86 81 81 83
2 30 21 32 22 27
2 31 94 93 81 81
2 32 79 77 75 75
2 33 49 42 54 55
2 34 73 70 75 74
2 35 9 21 18 17
2 36 38 38 45 39
2 37 81 75 77 71
2 38 76 69 71 68
2 39 82 77 74 70
2 40 93 84 81 83
2 41 48 52 47 52
2 42 31 31 40 29
2 43 6 13 8 6
2 44 8 20 17 17
2 45 9 9 20 8
2 46 83 75 72 80
2 47 70 61 62 62
3 4 22 23 32 24
3 5 11 12 23 11
3 6 47 52 41 51
3 7 66 69 61 63
3 8 92 79 87 82
3 9 96 95 84 87
3 10 51 51 57 49
3 11 69 60 71 71
3 12 4 4 9 10
3 13 45 50 49 42
3 14 15 26 26 25
3 15 62 67 57 65
3 16 16 24 20 19
3 17 36 40 45 40
3 18 29 26 31 33
3 19 85 85 80 86
3 20 43 48 40 38
3 21 72 76 70 62
3 22 95 87 91 94
3 23 36 44 45 43
3 24 90 80 78 91
3 25 38 34 47 42
3 26 4 10 11 9
3 27 37 46 33 46
3 28 59 53 53 51
3 29 42 37 36 36
3 30 87 80 83 88
3 31 27 29 36 27
3 32 47 50 46 52
3 33 88 79 84 83
3 34 12 18 25 11
3 35 18 17 23 24
3 36 78 70 74 71
3 37 29 25 25 28
3 38 13 14 21 17
3 39 22 28 24 33
3 40 27 38 32 28
3 41 29 37 31 26
3 42 99 94 95 89
3 43 68 70 68 68
3 44 57 57 63 49
3 45 18 24 30 23
3 46 98 85 94 92
3 47 83 74 75 81
4 5 69 72 59 67
4 6 86 80 86 84
4 7 69 70 61 61
4 8 5 6 15 15
4 9 73 63 73 64
4 10 39 34 46 38
4 11 50 44 48 43
4 12 90 80 85 77
4 13 57 58 56 50
4 14 52 55 54 53
4 15 2 6 8 15
4 16 35 42 41 36
4 17 70 66 67 71
4 18 6 10 14 16
4 19 49 54 42 49
4 20 10 22 17 21
4 21 59 65 65 53
4 22 95 87 95 84
4 23 3 9 11 9
4 24 15 19 23 25
4 25 50 47 56 47
4 26 68 58 71 70
4 27 62 58 66 62
4 28 99 90 90 94
4 29 49 50 53 49
4 30 18 19 25 27
4 31 13 20 17 15
4 32 8 9 7 16
4 33 10 21 19 21
4 34 79 80 73 81
4 35 56 52 52 58
4 36 60 52 65 53
4 37 74 78 74 74
4 38 81 77 81 72
4 39 79 71 80 75
4 40 10 12 14 19
4 41 0 6 9 12
4 42 61 60 59 60
4 43 63 56 54 55
4 44 70 60 66 71
4 45 38 47 44 41
4 46 71 63 68 74
4 47 6 19 19 11
5 6 81 83 74 79
5 7 48 55 42 46
5 8 33 33 37 33
5 9 18 22 30 16
5 10 76 73 65 73
5 11 26 33 36 25
5 12 55 61 61 47
5 13 15 22 23 24
5 14 33 32 29 41
5 15 85 85 82 73
5 16 7 17 18 10
5 17 52 55 53 51
5 18 60 54 53 58
5 19 75 77 69 77
5 20 63 56 62 58
5 21 74 64 72 64
5 22 41 49 46 35
5 23 30 33 36 28
5 24 75 68 72 71
5 25 20 28 19 26
5 26 91 84 79 88
5 27 26 27 27 35
5 28 77 70 70 80
5 29 38 40 33 44
5 30 60 64 62 65
5 31 21 27 20 25
5 32 6 7 20 15
5 33 36 40 42 36
5 34 46 40 42 51
5 35 99 95 97 97
5 36 37 33 39 41
5 37 3 14 8 9
5 38 78 78 74 76
5 39 59 65 63 52
5 40 35 33 36 36
5 41 21 22 27 21
5 42 42 49 45 47
5 43 26 35 24 33
5 44 50 52 50 45
5 45 19 29 18 28
5 46 88 80 84 86
5 47 52 59 53 47
6 7 95 88 92 86
6 8 50 57 49 51
6 9 82 83 76 78
6 10 43 48 39 38
6 11 75 74 77 72
6 12 24 24 35 25
6 13 12 13 10 12
6 14 7 8 9 17
6 15 15 19 20 25
6 16 88 88 75 76
6 17 98 93 85 91
6 18 67 70 68 62
6 19 11 11 20 18
6 20 59 52 53 53
6 21 67 68 68 70
6 22 32 29 41 40
6 23 43 44 49 50
6 24 12 25 15 19
6 25 92 92 88 84
6 26 88 82 89 81
6 27 70 74 70 62
6 28 0 4 11 14
6 29 65 62 68 61
6 30 1 12 11 10
6 31 14 17 24 27
6 32 6 7 5 14
6 33 38 39 47 44
6 34 70 61 68 72
6 35 44 50 52 41
6 36 67 61 69 70
6 37 62 60 60 59
6 38 99 87 91 95
6 39 21 26 23 27
6 40 30 38 35 39
6 41 90 80 88 80
6 42 55 58 59 52
6 43 78 69 72 69
6 44 66 56 60 70
6 45 68 71 58 65
6 46 51 56 49 56
6 47 99 98 92 85
7 8 43 47 50 44
7 9 22 26 31 22
7 10 67 69 60 62
7 11 88 76 89 78
7 12 1 12 13 4
7 13 33 31 37 32
7 14 98 98 92 84
7 15 77 74 75 69
7 16 24 29 28 22
7 17 55 52 48 51
7 18 15 27 26 26
7 19 94 92 85 90
7 20 66 56 67 62
7 21 51 57 48 58
7 22 26 27 33 26
7 23 20 22 19 18
7 24 1 7 12 13
7 25 99 86 93 96
7 26 53 57 48 54
7 27 13 13 15 15
7 28 15 23 27 14
7 29 35 34 38 43
7 30 28 34 27 36
7 31 22 33 25 32
7 32 65 61 57 70
7 33 71 61 75 71
7 34 11 15 15 18
7 35 79 80 69 71
7 36 82 76 77 75
7 37 93 84 86 92
7 38 1 7 1 12
7 39 15 26 14 27
7 40 46 44 42 53
7 41 67 64 60 66
7 42 62 67 67 66
7 43 79 77 70 81
7 44 47 54 41 46
7 45 48 48 51 54
7 46 97 90 96 88
7 47 80 68 71 80
8 9 26 33 23 35
8 10 80 83 77 79
8 11 53 54 56 54
8 12 31 31 31 39
8 13 98 93 98 98
8 14 86 86 77 74
8 15 71 64 71 62
8 16 93 80 86 89
8 17 49 50 48 55
8 18 10 21 17 11
8 19 67 69 60 69
8 20 4 8 15 13
8 21 69 71 66 61
8 22 16 19 22 23
8 23 25 22 32 31
8 24 1 1 10 8
8 25 81 74 76 71
8 26 7 16 9 17
8 27 74 76 73 63
8 28 85 78 74 73
8 29 4 18 12 13
8 30 20 25 20 21
8 31 30 33 34 33
8 32 46 54 52 45
8 33 50 51 43 47
8 34 6 7 16 17
8 35 17 21 26 18
8 36 64 57 65 65
8 37 18 18 24 21
8 38 7 18 15 17
8 39 64 69 57 64
8 40 14 26 21 13
8 41 62 57 65 63
8 42 88 87 86 83
8 43 69 70 66 65
8 44 68 69 71 61
8 45 92 89 80 83
8 46 43 50 48 42
8 47 6 9 7 12
9 10 83 76 85 75
9 11 73 77 75 71
9 12 43 48 46 45
9 13 75 68 78 75
9 14 64 57 63 54
9 15 11 20 21 21
9 16 31 39 32 29
9 17 45 40 50 45
9 18 44 40 38 41
9 19 2 13 14 1
9 20 29 29 31 30
9 21 34 43 36 36
9 22 57 56 55 57
9 23 5 7 5 14
9 24 70 65 64 72
9 25 50 43 48 55
9 26 33 31 29 28
9 27 99 91 90 90
9 28 16 19 22 28
9 29 50 54 49 43
9 30 47 43 48 52
9 31 95 84 90 89
9 32 35 38 40 40
9 33 48 50 45 48
9 34 49 56 44 55
9 35 78 77 77 68
9 36 60 63 56 54
9 37 65 56 65 63
9 38 74 69 71 68
9 39 74 63 77 72
9 40 36 31 34 31
9 41 73 66 76 73
9 42 27 26 28 32
9 43 39 38 42 46
9 44 5 19 16 15
9 45 97 92 89 89
9 46 99 96 94 94
9 47 62 56 55 59
10 11 86 87 83 78
10 12 84 73 81 83
10 13 43 40 49 39
10 14 1 1 12 14
10 15 20 31 32 32
10 16 29 29 33 25
10 17 50 46 56 52
10 18 52 51 57 53
10 19 23 33 28 23
10 20 7 10 7 17
10 21 2 6 9 6
10 22 85 86 82 87
10 23 8 15 19 9
10 24 68 64 66 65
10 25 84 74 83 76
10 26 50 57 50 56
10 27 33 30 40 41
10 28 18 19 25 28
10 29 35 43 38 36
10 30 60 62 62 55
10 31 50 52 45 48
10 32 30 33 30 30
10 33 68 65 71 67
10 34 90 81 79 79
10 35 15 20 22 24
10 36 87 88 88 87
10 37 13 19 23 12
10 38 36 37 38 32
10 39 67 62 67 68
10 40 49 49 42 53
10 41 73 68 63 64
10 42 45 41 44 46
10 43 16 28 23 27
10 44 51 49 54 48
10 45 39 48 36 33
10 46 46 42 41 41
10 47 92 80 93 93
11 12 9 20 11 20
11 13 5 4 12 7
11 14 61 64 63 59
11 15 31 28 36 36
11 16 24 30 29 21
11 17 71 64 62 69
11 18 78 68 70 78
11 19 12 21 19 23
11 20 49 49 49 49
11 21 13 19 12 23
11 22 71 74 63 74
11 23 21 22 20 19
11 24 81 72 69 75
11 25 93 88 87 94
11 26 95 92 81 87
11 27 56 55 54 54
11 28 74 77 67 64
11 29 39 48 45 38
11 30 60 56 58 56
11 31 97 87 92 87
11 32 42 40 45 37
11 33 74 66 67 74
11 34 4 4 5 13
11 35 89 86 86 80
11 36 76 66 73 74
11 37 43 44 44 42
11 38 49 43 55 50
11 39 65 60 62 60
11 40 46 53 53 50
11 41 7 19 13 8
11 42 7 14 19 13
11 43 53 51 50 47
11 44 47 49 46 49
11 45 5 16 11 17
11 46 11 14 12 11
11 47 45 53 41 48
12 13 12 10 14 13
12 14 56 50 52 61
12 15 57 59 50 63
12 16 55 50 57 54
12 17 98 89 95 85
12 18 0 10 6 6
12 19 75 64 64 71
12 20 74 64 73 73
12 21 54 56 47 58
12 22 42 41 37 43
12 23 19 25 17 25
12 24 75 69 77 77
12 25 96 90 82 89
12 26 74 65 76 65
12 27 67 69 66 58
12 28 3 10 15 13
12 29 33 36 39 30
12 30 32 41 29 33
12 31 52 58 51 52
12 32 35 30 34 35
12 33 99 88 85 97
12 34 39 37 45 34
12 35 38 39 42 38
12 36 46 45 42 45
12 37 5 14 14 8
12 38 35 37 35 41
12 39 94 86 84 89
12 40 81 74 80 77
12 41 19 21 19 21
12 42 98 85 91 91
12 43 43 48 50 38
12 44 36 31 40 41
12 45 77 77 76 74
12 46 97 93 91 92
12 47 25 31 28 28
13 14 86 86 74 83
13 15 12 24 23 24
13 16 16 21 15 22
13 17 3 12 5 17
13 18 60 58 62 53
13 19 32 34 31 38
13 20 27 29 26 35
13 21 52 46 47 58
13 22 20 30 28 26
13 23 0 15 7 2
13 24 59 56 60 60
13 25 4 17 7 11
13 26 11 23 13 17
13 27 0 11 7 10
13 28 26 28 26 24
13 29 81 76 74 80
13 30 80 71 76 77
13 31 62 63 66 55
13 32 94 87 83 88
13 33 96 95 89 84
13 34 36 38 36 37
13 35 43 46 46 49
13 36 9 12 11 13
13 37 4 13 18 17
13 38 99 88 86 88
13 39 95 93 87 92
13 40 50 51 58 45
13 41 49 55 46 45
13 42 27 33 32 26
13 43 85 81 83 81
13 44 57 51 58 61
13 45 23 25 28 29
13 46 51 44 46 51
13 47 81 71 75 72
14 15 54 48 56 55
14 16 53 59 49 49
14 17 61 53 64 52
14 18 38 32 35 46
14 19 76 70 72 69
14 20 35 33 34 32
14 21 94 88 86 82
14 22 84 74 77 82
14 23 79 76 79 68
14 24 73 72 77 62
14 25 47 53 49 55
14 26 26 34 31 27
14 27 45 40 53 40
14 28 61 64 61 56
14 29 26 33 32 28
14 30 56 56 50 48
14 31 96 91 95 94
14 32 76 75 77 77
14 33 97 91 90 97
14 34 48 49 44 55
14 35 30 27 32 28
14 36 91 82 86 85
14 37 85 74 78 80
14 38 25 28 31 35
14 39 84 84 75 82
14 40 66 63 69 66
14 41 80 78 78 79
14 42 48 44 53 52
14 43 80 74 78 70
14 44 81 75 70 77
14 45 60 61 57 59
14 46 45 41 40 50
14 47 34 35 32 42
15 16 75 67 77 71
15 17 71 67 76 63
15 18 11 11 11 21
15 19 61 57 60 58
15 20 68 58 64 65
15 21 93 86 83 94
15 22 53 47 58 51
15 23 65 69 60 61
15 24 52 54 51 57
15 25 24 33 27 34
15 26 66 70 69 57
15 27 52 52 45 48
15 28 23 21 27 34
15 29 8 19 14 18
15 30 13 16 18 11
15 31 80 82 70 72
15 32 57 63 60 52
15 33 47 43 54 54
15 34 89 80 88 89
15 35 67 58 69 71
15 36 24 25 25 32
15 37 80 74 80 69
15 38 44 40 48 42
15 39 97 88 95 89
15 40 28 24 34 29
15 41 65 56 66 57
15 42 2 14 3 3
15 43 20 26 22 30
15 44 0 0 6 1
15 45 45 45 41 50
15 46 19 21 22 29
15 47 1 4 13 5
16 17 87 83 78 83
16 18 70 60 69 69
16 19 0 13 12 4
16 20 81 76 79 76
16 21 87 78 85 86
16 22 5 18 4 19
16 23 24 26 26 31
16 24 87 75 79 77
16 25 57 52 49 57
16 26 46 53 42 44
16 27 55 52 51 54
16 28 68 61 59 63
16 29 4 5 4 11
16 30 88 84 81 76
16 31 68 66 64 65
16 32 63 62 63 68
16 33 99 90 90 86
16 34 13 13 24 16
16 35 74 72 64 65
16 36 8 19 10 14
16 37 79 81 76 68
16 38 50 54 52 45
16 39 82 77 75 85
16 40 11 12 20 23
16 41 94 94 91 91
16 42 81 74 83 84
16 43 2 4 10 12
16 44 37 42 34 33
16 45 3 6 6 5
16 46 15 18 22 18
16 47 16 19 18 21
17 18 44 48 40 42
17 19 17 29 25 20
17 20 2 2 13 8
17 21 84 82 79 80
17 22 39 42 42 46
17 23 77 66 69 74
17 24 91 87 89 85
17 25 9 13 14 22
17 26 20 26 24 21
17 27 28 32 27 31
17 28 10 15 19 9
17 29 97 90 92 90
17 30 34 44 40 35
17 31 55 50 58 47
17 32 12 24 13 19
17 33 5 10 9 11
17 34 63 60 55 57
17 35 17 27 17 27
17 36 17 19 17 18
17 37 34 30 35 39
17 38 52 48 59 51
17 39 59 63 65 54
17 40 58 56 62 57
17 41 31 29 30 34
17 42 55 58 59 56
17 43 56 53 59 62
17 44 35 34 38 43
17 45 67 71 64 70
17 46 49 54 48 50
17 47 82 80 84 82
18 19 30 37 31 28
18 20 29 34 27 39
18 21 62 64 58 59
18 22 43 42 39 49
18 23 55 56 52 50
18 24 51 52 50 57
18 25 73 75 70 73
18 26 29 37 33 39
18 27 80 81 75 74
18 28 40 47 39 47
18 29 45 42 52 49
18 30 85 80 82 73
18 31 40 34 39 37
18 32 40 47 41 47
18 33 29 35 27 25
18 34 50 46 44 46
18 35 11 14 23 11
18 36 10 18 15 14
18 37 18 22 15 21
18 38 65 64 68 67
18 39 57 57 59 55
18 40 15 27 24 26
18 41 64 61 69 64
18 42 89 79 84 77
18 43 88 84 85 83
18 44 81 74 79 78
18 45 86 81 75 83
18 46 72 74 62 68
18 47 5 5 13 9
19 20 67 61 66 68
19 21 51 56 56 44
19 22 53 51 53 59
19 23 97 90 83 97
19 24 16 23 17 23
19 25 58 62 56 60
19 26 73 67 70 66
19 27 9 19 11 15
19 28 56 55 51 59
19 29 92 92 84 90
19 30 19 23 26 22
19 31 42 49 39 39
19 32 19 28 23 27
19 33 48 49 53 42
19 34 72 72 74 62
19 35 18 23 23 23
19 36 71 63 72 63
19 37 60 57 55 62
19 38 95 91 83 84
19 39 47 51 52 46
19 40 73 67 68 72
19 41 81 77 71 73
19 42 14 19 22 25
19 43 8 12 22 16
19 44 55 51 59 60
19 45 83 77 74 79
19 46 29 28 27 36
19 47 2 11 13 14
20 21 41 49 37 40
20 22 38 40 38 33
20 23 85 87 84 75
20 24 22 27 25 29
20 25 70 67 62 66
20 26 36 41 33 45
20 27 95 95 82 81
20 28 45 49 49 52
20 29 78 76 72 69
20 30 75 77 67 65
20 31 32 28 35 34
20 32 86 81 74 88
20 33 46 53 49 52
20 34 56 52 48 58
20 35 54 51 58 52
20 36 59 55 54 63
20 37 33 30 37 35
20 38 60 53 62 55
20 39 36 31 40 44
20 40 81 69 74 83
20 41 73 74 73 76
20 42 68 72 58 62
20 43 47 54 40 53
20 44 14 23 15 22
20 45 90 86 85 89
20 46 63 65 59 66
20 47 30 32 40 37
21 22 81 74 77 70
21 23 71 66 76 66
21 24 17 15 26 21
21 25 90 78 85 91
21 26 6 8 6 19
21 27 98 97 90 94
21 28 16 16 14 20
21 29 49 51 48 45
21 30 29 27 26 34
21 31 65 63 69 60
21 32 8 9 11 10
21 33 37 44 31 37
21 34 13 25 25 12
21 35 71 68 73 68
21 36 64 64 68 54
21 37 33 31 37 39
21 38 19 17 26 29
21 39 27 34 25 28
21 40 45 43 50 39
21 41 48 42 47 44
21 42 28 32 24 25
21 43 31 38 39 38
21 44 47 41 46 48
21 45 90 90 78 82
21 46 85 74 84 84
21 47 64 65 59 57
22 23 6 13 8 9
22 24 95 84 85 86
22 25 12 21 10 19
22 26 67 59 59 62
22 27 99 86 91 96
22 28 78 74 72 79
22 29 67 58 58 70
22 30 88 89 85 89
22 31 6 14 7 12
22 32 93 92 92 90
22 33 14 20 17 24
22 34 16 24 16 17
22 35 3 7 15 11
22 36 41 40 46 42
22 37 24 24 27 30
22 38 48 54 54 43
22 39 36 40 40 34
22 40 97 85 83 84
22 41 38 34 34 40
22 42 3 8 14 11
22 43 20 18 30 17
22 44 13 22 15 22
22 45 35 39 36 40
22 46 94 84 90 84
22 47 86 75 88 75
23 24 74 75 76 78
23 25 11 20 14 15
23 26 46 42 45 49
23 27 55 47 57 58
23 28 34 35 29 29
23 29 59 50 58 56
23 30 39 43 34 39
23 31 7 8 9 13
23 32 99 87 90 95
23 33 11 14 19 14
23 34 25 33 35 33
23 35 74 65 78 67
23 36 57 59 56 62
23 37 36 35 37 39
23 38 28 27 26 33
23 39 58 62 58 58
23 40 5 16 5 10
23 41 1 9 2 2
23 42 88 82 83 88
23 43 83 85 78 72
23 44 12 11 17 11
23 45 90 92 90 82
23 46 55 53 50 59
23 47 68 68 71 59
24 25 68 71 58 73
24 26 94 81 81 81
24 27 49 48 52 45
24 28 93 86 89 86
24 29 96 88 85 85
24 30 46 50 42 45
24 31 28 31 38 37
24 32 22 24 32 21
24 33 5 4 16 17
24 34 9 14 13 22
24 35 79 76 81 68
24 36 68 60 60 65
24 37 47 41 45 43
24 38 91 83 79 89
24 39 97 86 85 84
24 40 49 54 46 50
24 41 6 14 19 12
24 42 20 29 19 24
24 43 47 53 48 46
24 44 72 69 76 72
24 45 34 32 40 43
24 46 44 45 41 51
24 47 35 31 42 35
25 26 63 57 66 56
25 27 75 79 76 75
25 28 14 16 26 21
25 29 44 45 41 40
25 30 9 8 17 16
25 31 6 17 9 19
25 32 98 88 90 86
25 33 4 3 13 8
25 34 88 89 79 77
25 35 65 57 60 59
25 36 78 70 75 80
25 37 32 30 34 41
25 38 43 43 48 42
25 39 84 79 77 77
25 40 60 65 57 60
25 41 40 42 35 41
25 42 95 96 95 94
25 43 36 38 37 43
25 44 38 47 40 43
25 45 29 28 32 29
25 46 98 87 86 88
25 47 52 51 58 51
26 27 93 92 93 84
26 28 91 80 82 92
26 29 51 48 49 54
26 30 86 75 81 83
26 31 81 74 77 77
26 32 91 82 88 84
26 33 82 70 75 71
26 34 48 46 53 43
26 35 66 64 70 62
26 36 84 76 83 74
26 37 96 94 90 90
26 38 43 37 43 42
26 39 84 79 77 79
26 40 2 11 8 4
26 41 62 62 59 63
26 42 26 33 32 25
26 43 60 65 51 51
26 44 16 14 18 21
26 45 46 41 46 52
26 46 13 19 17 18
26 47 61 64 64 64
27 28 66 59 60 63
27 29 83 78 74 81
27 30 61 60 57 58
27 31 54 55 59 56
27 32 36 38 38 32
27 33 48 42 49 44
27 34 61 59 57 52
27 35 62 61 54 58
27 36 53 58 59 60
27 37 93 93 92 92
27 38 70 64 65 71
27 39 51 47 56 54
27 40 50 55 47 43
27 41 28 38 35 27
27 42 16 18 27 19
27 43 13 13 23 12
27 44 26 29 30 36
27 45 43 50 46 51
27 46 75 67 67 66
27 47 51 43 58 53
28 29 57 55 63 60
28 30 98 87 92 89
28 31 38 39 38 39
28 32 80 69 71 82
28 33 45 44 42 39
28 34 45 50 50 39
28 35 68 72 65 67
28 36 18 25 19 21
28 37 97 88 87 94
28 38 96 92 92 96
28 39 94 82 81 92
28 40 88 76 78 83
28 41 3 7 8 14
28 42 71 61 75 69
28 43 37 46 45 46
28 44 66 68 62 59
28 45 75 66 71 77
28 46 27 32 24 25
28 47 79 80 71 78
29 30 21 29 32 22
29 31 5 13 10 8
29 32 32 32 31 30
29 33 32 36 33 32
29 34 65 68 61 57
29 35 13 20 25 19
29 36 12 22 24 17
29 37 34 41 32 42
29 38 74 70 76 73
29 39 6 12 11 15
29 40 5 8 15 7
29 41 31 39 40 36
29 42 29 32 30 28
29 43 1 3 1 10
29 44 20 29 28 21
29 45 90 85 86 78
29 46 94 85 84 85
29 47 55 60 51 50
30 31 43 37 45 51
30 32 55 52 60 59
30 33 97 86 89 89
30 34 54 56 58 48
30 35 5 14 17 11
30 36 84 79 83 86
30 37 32 39 42 37
30 38 9 12 15 10
30 39 63 64 65 60
30 40 20 27 18 28
30 41 36 40 34 30
30 42 34 35 44 36
30 43 96 95 92 87
30 44 81 73 69 77
30 45 81 80 83 83
30 46 32 28 30 36
30 47 63 60 62 60
31 32 43 48 42 46
31 33 24 31 35 26
31 34 78 73 77 68
31 35 11 10 23 14
31 36 89 88 86 79
31 37 68 71 59 58
31 38 72 71 63 64
31 39 14 22 16 19
31 40 22 23 31 23
31 41 99 92 91 96
31 42 82 73 78 77
31 43 84 84 75 77
31 44 96 87 96 91
31 45 44 39 49 46
31 46 54 48 48 60
31 47 86 73 83 86
32 33 86 73 79 80
32 34 9 17 17 22
32 35 86 80 85 75
32 36 36 33 40 45
32 37 57 61 57 58
32 38 40 39 37 41
32 39 90 84 89 86
32 40 25 22 22 22
32 41 22 20 20 28
32 42 95 92 94 95
32 43 33 42 36 35
32 44 80 74 82 70
32 45 82 81 79 83
32 46 3 11 16 13
32 47 53 54 46 51
33 34 95 89 81 94
33 35 80 72 73 81
33 36 62 57 59 55
33 37 89 83 87 81
33 38 33 39 38 35
33 39 29 39 30 38
33 40 68 62 60 58
33 41 90 88 79 82
33 42 19 27 21 29
33 43 59 64 55 50
33 44 54 48 57 49
33 45 25 32 32 36
33 46 16 20 15 14
33 47 2 14 9 5
34 35 23 31 24 27
34 36 86 85 78 83
34 37 86 82 82 78
34 38 89 81 78 87
34 39 71 68 62 62
34 40 21 31 26 27
34 41 41 39 48 40
34 42 81 82 78 81
34 43 91 86 81 80
34 44 32 37 31 30
34 45 52 58 57 53
34 46 48 45 48 48
34 47 31 29 33 41
35 36 63 58 66 65
35 37 19 25 26 19
35 38 2 3 7 3
35 39 37 33 32 32
35 40 2 15 6 4
35 41 8 13 20 14
35 42 5 7 15 16
35 43 69 63 62 61
35 44 50 45 49 52
35 45 42 37 49 37
35 46 54 60 51 48
35 47 74 68 63 67
36 37 60 60 64 63
36 38 84 85 78 73
36 39 90 89 89 84
36 40 96 94 95 88
36 41 77 78 78 69
36 42 51 50 48 56
36 43 62 57 60 68
36 44 72 69 68 72
36 45 97 95 86 89
36 46 38 45 41 38
36 47 60 52 57 64
37 38 30 39 38 28
37 39 88 83 86 87
37 40 12 12 19 14
37 41 32 40 40 36
37 42 96 96 91 87
37 43 0 7 8 13
37 44 61 62 53 61
37 45 96 84 85 90
37 46 25 32 22 25
37 47 19 30 20 24
38 39 59 63 64 50
38 40 70 66 61 60
38 41 27 29 29 24
38 42 8 16 8 10
38 43 27 26 23 31
38 44 85 80 86 81
38 45 64 61 60 66
38 46 46 45 52 53
38 47 52 49 55 57
39 40 42 49 49 49
39 41 76 72 72 74
39 42 31 40 38 32
39 43 20 24 17 21
39 44 46 45 42 45
39 45 45 45 41 41
39 46 68 58 72 59
39 47 42 44 45 40
40 41 18 30 23 27
40 42 62 55 65 58
40 43 37 46 38 39
40 44 6 19 10 11
40 45 54 57 60 51
40 46 94 81 84 92
40 47 25 22 28 34
41 42 25 34 31 23
41 43 69 73 61 73
41 44 64 59 60 61
41 45 82 71 79 72
41 46 38 37 42 47
41 47 63 67 59 57
42 43 2 5 2 7
42 44 21 22 26 24
42 45 38 46 44 43
42 46 85 82 78 73
42 47 48 46 56 50
43 44 86 77 80 79
43 45 20 27 26 28
43 46 66 70 70 64
43 47 2 3 10 9
44 45 7 12 14 13
44 46 14 20 24 26
44 47 82 75 70 77
45 46 69 66 70 68
45 47 65 61 65 68
46 47 33 40 30 29
