50
0 1 7 20 6 41
0 2 0 6 20 24
0 3 23 56 14 59
0 4 13 50 55 15
0 5 43 56 36 36
0 6 31 18 59 28
0 7 93 84 82 82
0 8 32 49 43 17
0 9 6 43 12 27
0 10 3 36 5 9
0 11 58 58 70 37
0 12 9 32 26 7
0 13 22 57 44 55
0 14 95 92 68 64
0 15 3 27 16 23
0 16 7 49 50 43
0 17 98 62 97 61
0 18 24 30 41 42
0 19 37 30 61 42
0 20 12 36 17 22
0 21 42 22 54 62
0 22 21 32 46 52
0 23 62 34 74 66
0 24 44 36 32 28
0 25 16 36 47 8
0 26 91 86 75 85
0 27 64 63 40 64
0 28 42 63 56 57
0 29 1 19 35 44
0 30 99 55 51 75
0 31 15 48 24 34
0 32 3 35 38 34
0 33 88 88 46 67
0 34 29 19 60 34
0 35 77 58 60 82
0 36 47 27 30 24
0 37 19 27 43 58
0 38 22 35 47 56
0 39 28 38 29 14
0 40 52 70 30 38
0 41 54 63 75 72
0 42 27 58 61 38
0 43 37 64 41 25
0 44 50 32 45 49
0 45 1 39 45 18
0 46 72 58 46 48
0 47 50 37 59 63
0 48 46 54 55 48
0 49 49 48 61 47
1 2 26 47 29 13
1 3 92 83 72 79
1 4 40 66 30 66
1 5 88 90 55 91
1 6 1 2 24 19
1 7 39 50 47 25
1 8 13 29 29 21
1 9 69 53 55 35
1 10 69 38 71 84
1 11 54 58 72 58
1 12 93 71 96 56
1 13 11 31 33 40
1 14 25 29 47 21
1 15 89 53 68 79
1 16 87 52 51 46
1 17 68 71 39 44
1 18 87 93 64 66
1 19 59 73 42 78
1 20 53 59 32 56
1 21 45 45 39 71
1 22 11 44 52 27
1 23 4 32 16 23
1 24 92 68 53 49
1 25 45 45 24 48
1 26 26 13 18 28
1 27 63 68 81 64
1 28 40 33 44 25
1 29 71 76 53 58
1 30 22 32 50 57
1 31 33 36 60 58
1 32 72 85 63 49
1 33 12 25 54 56
1 34 23 34 25 13
1 35 0 5 1 17
1 36 71 36 65 46
1 37 28 38 48 45
1 38 30 46 57 15
1 39 14 9 52 44
1 40 78 43 51 40
1 41 68 46 57 68
1 42 44 62 24 54
1 43 59 47 38 77
1 44 48 39 65 68
1 45 17 51 16 54
1 46 76 68 50 87
1 47 39 50 23 62
1 48 53 67 35 58
1 49 33 40 36 51
2 3 88 64 52 91
2 4 19 55 10 20
2 5 83 59 75 76
2 6 99 58 70 95
2 7 37 49 33 66
2 8 11 11 27 53
2 9 8 17 36 36
2 10 61 72 39 32
2 11 83 46 79 78
2 12 93 81 78 62
2 13 39 50 32 34
2 14 74 45 67 86
2 15 87 45 50 45
2 16 25 27 41 43
2 17 40 60 64 52
2 18 21 52 33 27
2 19 30 33 31 18
2 20 9 50 14 43
2 21 75 42 86 86
2 22 71 66 81 38
2 23 93 76 48 81
2 24 26 30 23 56
2 25 22 42 43 32
2 26 25 35 20 15
2 27 54 71 63 34
2 28 35 39 46 67
2 29 76 80 84 87
2 30 15 30 21 42
2 31 17 26 52 38
2 32 19 57 47 30
2 33 67 62 57 68
2 34 88 78 89 80
2 35 28 60 43 44
2 36 91 80 76 87
2 37 75 41 83 41
2 38 85 60 51 48
2 39 48 43 68 55
2 40 92 81 81 47
2 41 66 43 47 79
2 42 27 21 46 17
2 43 95 88 54 78
2 44 48 60 53 55
2 45 62 61 36 38
2 46 22 21 18 20
2 47 1 13 47 15
2 48 58 38 30 42
2 49 16 51 17 35
3 4 39 24 44 41
3 5 73 43 83 79
3 6 73 58 53 52
3 7 29 61 60 33
3 8 43 38 52 57
3 9 25 24 35 19
3 10 98 62 94 75
3 11 14 21 25 9
3 12 6 24 18 20
3 13 62 37 54 77
3 14 17 18 35 55
3 15 87 91 70 79
3 16 33 50 54 64
3 17 86 62 55 59
3 18 60 49 33 78
3 19 90 90 54 89
3 20 69 54 77 70
3 21 19 43 9 20
3 22 52 74 71 73
3 23 64 78 34 49
3 24 54 49 39 45
3 25 18 16 10 23
3 26 94 96 68 86
3 27 95 60 74 68
3 28 99 86 64 55
3 29 90 71 49 58
3 30 76 40 52 58
3 31 56 72 31 50
3 32 94 78 87 83
3 33 3 20 21 27
3 34 3 39 47 39
3 35 26 21 34 46
3 36 1 14 18 47
3 37 91 79 51 48
3 38 99 52 52 54
3 39 74 54 58 41
3 40 29 44 36 46
3 41 43 42 67 54
3 42 61 51 31 39
3 43 87 57 60 53
3 44 50 62 56 53
3 45 36 34 26 47
3 46 51 39 47 32
3 47 10 39 35 45
3 48 57 47 43 31
3 49 66 33 75 37
4 5 36 68 66 18
4 6 5 45 7 24
4 7 2 7 40 9
4 8 0 39 22 42
4 9 80 51 85 64
4 10 73 63 62 38
4 11 83 69 87 78
4 12 38 41 58 45
4 13 69 78 64 76
4 14 98 56 94 61
4 15 86 79 78 54
4 16 24 36 43 36
4 17 83 64 64 67
4 18 25 55 13 61
4 19 79 53 46 73
4 20 18 11 56 35
4 21 14 30 9 19
4 22 98 61 70 86
4 23 13 43 9 16
4 24 64 81 48 63
4 25 25 45 59 28
4 26 76 85 76 63
4 27 69 71 67 40
4 28 21 26 54 53
4 29 10 53 54 49
4 30 84 63 71 76
4 31 70 69 58 66
4 32 40 70 28 33
4 33 42 50 67 68
4 34 85 51 67 59
4 35 17 16 39 26
4 36 30 52 21 48
4 37 40 24 31 36
4 38 42 52 34 70
4 39 47 41 60 35
4 40 69 80 83 77
4 41 69 60 42 82
4 42 25 31 14 62
4 43 42 22 47 32
4 44 53 53 58 45
4 45 25 14 36 36
4 46 77 39 47 45
4 47 58 71 50 31
4 48 20 46 37 11
4 49 39 49 61 29
5 6 74 78 40 75
5 7 52 44 35 54
5 8 76 62 74 80
5 9 56 69 40 37
5 10 16 38 33 22
5 11 88 45 78 56
5 12 1 9 6 7
5 13 20 45 29 17
5 14 70 68 81 41
5 15 86 73 44 72
5 16 35 25 28 46
5 17 32 63 36 34
5 18 40 45 53 20
5 19 18 52 24 54
5 20 33 17 29 43
5 21 5 32 52 5
5 22 16 38 53 16
5 23 10 47 42 38
5 24 86 71 57 46
5 25 92 47 53 62
5 26 70 67 45 71
5 27 38 41 51 64
5 28 76 66 77 84
5 29 0 6 28 2
5 30 85 74 66 56
5 31 64 34 75 70
5 32 99 66 75 64
5 33 59 48 52 67
5 34 21 24 47 20
5 35 51 52 42 55
5 36 4 9 6 7
5 37 84 72 72 68
5 38 29 25 38 25
5 39 52 45 50 55
5 40 33 50 47 52
5 41 2 20 11 18
5 42 81 57 72 81
5 43 29 45 23 61
5 44 67 59 82 68
5 45 14 52 16 33
5 46 23 27 43 32
5 47 54 71 65 35
5 48 20 22 32 12
5 49 3 19 38 35
6 7 7 39 15 20
6 8 84 54 64 72
6 9 63 34 74 38
6 10 81 80 88 64
6 11 37 34 46 62
6 12 64 54 56 35
6 13 11 27 36 15
6 14 93 63 80 57
6 15 28 54 59 36
6 16 90 48 62 71
6 17 33 64 27 46
6 18 80 85 76 77
6 19 81 63 43 46
6 20 68 37 70 63
6 21 75 67 52 76
6 22 98 55 79 61
6 23 63 56 73 70
6 24 56 45 64 31
6 25 88 69 87 87
6 26 15 25 45 9
6 27 66 70 52 77
6 28 91 78 79 52
6 29 79 79 45 56
6 30 52 49 54 72
6 31 61 36 31 70
6 32 18 42 42 19
6 33 66 66 57 62
6 34 81 53 58 64
6 35 43 25 54 55
6 36 26 60 22 51
6 37 93 68 73 73
6 38 11 25 51 37
6 39 15 25 28 16
6 40 46 23 64 52
6 41 27 56 14 18
6 42 6 6 12 30
6 43 49 58 51 55
6 44 22 14 21 26
6 45 24 22 15 55
6 46 86 54 79 70
6 47 8 34 37 34
6 48 39 56 45 37
6 49 62 74 80 46
7 8 82 69 47 50
7 9 17 15 50 55
7 10 98 76 55 74
7 11 78 56 66 71
7 12 5 10 50 13
7 13 66 53 42 55
7 14 30 63 31 23
7 15 9 12 41 22
7 16 55 38 62 65
7 17 30 38 24 60
7 18 28 62 14 61
7 19 32 27 53 33
7 20 93 86 64 69
7 21 68 44 45 83
7 22 19 15 35 33
7 23 1 1 13 6
7 24 96 75 72 63
7 25 32 53 48 65
7 26 84 90 82 53
7 27 64 72 56 57
7 28 51 31 30 60
7 29 84 48 75 63
7 30 60 51 53 43
7 31 66 58 65 34
7 32 28 15 45 32
7 33 5 11 29 26
7 34 39 50 44 33
7 35 8 52 20 30
7 36 60 54 73 37
7 37 96 97 65 50
7 38 39 69 64 24
7 39 79 71 61 80
7 40 47 66 67 24
7 41 46 64 59 59
7 42 79 74 73 40
7 43 12 50 37 50
7 44 39 55 34 68
7 45 12 8 44 30
7 46 2 37 14 25
7 47 83 91 86 88
7 48 6 44 29 36
7 49 46 55 47 43
8 9 56 57 28 43
8 10 47 59 32 42
8 11 46 51 47 23
8 12 10 22 28 26
8 13 7 36 13 22
8 14 60 71 69 65
8 15 20 51 53 30
8 16 76 58 74 74
8 17 50 65 74 44
8 18 56 64 40 59
8 19 6 44 10 51
8 20 44 43 30 49
8 21 12 17 7 36
8 22 90 81 58 86
8 23 96 95 67 65
8 24 94 66 96 57
8 25 63 39 69 66
8 26 46 32 37 27
8 27 87 80 43 46
8 28 22 40 16 50
8 29 74 58 74 66
8 30 99 88 85 95
8 31 85 51 72 53
8 32 16 44 21 19
8 33 25 35 16 28
8 34 33 28 36 22
8 35 63 41 67 51
8 36 59 74 78 58
8 37 41 28 22 63
8 38 78 62 59 53
8 39 38 38 66 57
8 40 31 22 54 24
8 41 49 70 66 35
8 42 58 47 63 66
8 43 57 77 69 78
8 44 51 63 47 69
8 45 68 48 45 61
8 46 20 18 34 31
8 47 43 62 52 22
8 48 87 44 88 62
8 49 93 47 83 91
9 10 3 48 17 27
9 11 42 41 25 67
9 12 7 7 34 20
9 13 2 40 50 11
9 14 45 38 62 66
9 15 96 92 64 79
9 16 15 30 26 37
9 17 47 35 48 37
9 18 98 74 60 50
9 19 15 16 44 19
9 20 80 84 61 60
9 21 41 36 31 55
9 22 59 33 68 55
9 23 13 8 54 42
9 24 35 19 32 39
9 25 56 61 63 31
9 26 97 67 86 70
9 27 9 25 25 42
9 28 6 51 9 13
9 29 15 50 30 14
9 30 49 64 57 49
9 31 83 71 45 62
9 32 0 8 29 38
9 33 91 68 46 90
9 34 9 17 44 28
9 35 91 73 50 87
9 36 64 36 58 39
9 37 22 30 50 30
9 38 55 52 52 46
9 39 61 63 42 48
9 40 32 64 33 25
9 41 37 52 34 62
9 42 93 47 73 68
9 43 8 39 26 23
9 44 61 67 76 78
9 45 15 46 44 29
9 46 84 45 77 74
9 47 48 38 57 55
9 48 43 34 29 22
9 49 50 28 65 45
10 11 9 38 49 47
10 12 21 35 12 29
10 13 24 23 56 19
10 14 45 65 37 63
10 15 2 5 17 24
10 16 15 12 21 31
10 17 37 51 55 36
10 18 25 38 16 21
10 19 26 30 46 27
10 20 66 70 41 53
10 21 15 26 40 29
10 22 77 74 70 82
10 23 12 20 20 48
10 24 74 60 58 68
10 25 83 56 89 79
10 26 20 18 19 35
10 27 91 51 54 60
10 28 7 26 9 34
10 29 92 83 86 90
10 30 49 56 68 66
10 31 41 28 32 36
10 32 17 53 47 31
10 33 34 34 62 43
10 34 40 25 40 59
10 35 96 80 72 91
10 36 54 54 54 76
10 37 65 58 77 50
10 38 61 63 75 32
10 39 97 61 68 81
10 40 21 36 40 23
10 41 24 48 20 59
10 42 48 45 73 46
10 43 74 62 42 45
10 44 98 49 73 49
10 45 19 23 32 26
10 46 75 56 68 54
10 47 20 46 47 18
10 48 25 45 30 26
10 49 31 30 51 17
11 12 48 56 53 61
11 13 40 24 65 31
11 14 27 43 56 57
11 15 1 20 29 4
11 16 56 33 47 45
11 17 37 25 31 34
11 18 31 64 54 37
11 19 26 16 25 53
11 20 64 68 61 63
11 21 37 30 20 30
11 22 44 70 30 38
11 23 18 46 51 52
11 24 19 43 38 33
11 25 29 32 49 29
11 26 33 65 17 28
11 27 60 77 36 48
11 28 43 22 50 34
11 29 28 51 44 32
11 30 62 72 37 37
11 31 70 53 66 62
11 32 99 66 69 76
11 33 34 29 22 37
11 34 0 36 12 10
11 35 24 45 44 43
11 36 51 59 44 74
11 37 45 72 31 58
11 38 41 29 35 46
11 39 91 55 46 67
11 40 24 28 43 44
11 41 50 55 40 31
11 42 2 21 19 47
11 43 70 82 63 79
11 44 11 8 6 34
11 45 21 46 26 19
11 46 75 73 48 68
11 47 83 68 58 62
11 48 47 25 72 72
11 49 91 72 70 92
12 13 38 31 67 67
12 14 48 52 24 27
12 15 31 41 23 31
12 16 64 48 36 39
12 17 82 52 65 57
12 18 97 67 59 93
12 19 54 36 72 68
12 20 48 48 41 32
12 21 13 40 12 35
12 22 80 77 89 59
12 23 56 53 72 28
12 24 55 68 31 48
12 25 19 56 12 42
12 26 64 46 54 51
12 27 11 19 53 10
12 28 65 38 67 64
12 29 27 27 35 18
12 30 3 24 42 23
12 31 76 72 69 49
12 32 12 22 21 31
12 33 80 72 50 79
12 34 75 54 50 74
12 35 13 16 43 51
12 36 70 51 58 44
12 37 49 33 40 40
12 38 98 50 88 87
12 39 6 27 45 30
12 40 16 55 43 15
12 41 47 57 67 55
12 42 12 14 42 52
12 43 3 17 41 19
12 44 27 29 23 46
12 45 0 24 34 36
12 46 11 48 36 39
12 47 68 63 79 38
12 48 39 47 68 47
12 49 57 64 58 55
13 14 53 39 46 29
13 15 42 40 60 25
13 16 36 59 66 32
13 17 89 82 45 68
13 18 12 33 38 39
13 19 49 44 60 48
13 20 96 95 53 71
13 21 73 48 49 59
13 22 45 44 59 53
13 23 75 48 78 66
13 24 6 23 27 37
13 25 82 77 45 61
13 26 33 35 40 32
13 27 51 35 39 63
13 28 8 46 32 24
13 29 14 18 44 45
13 30 32 59 41 29
13 31 7 49 53 7
13 32 43 55 32 63
13 33 68 37 79 39
13 34 30 31 28 47
13 35 49 31 39 45
13 36 40 45 29 36
13 37 17 32 26 16
13 38 11 43 51 29
13 39 28 47 15 47
13 40 34 29 57 27
13 41 24 60 30 44
13 42 58 29 59 56
13 43 2 22 21 24
13 44 13 42 36 37
13 45 80 45 72 77
13 46 58 72 40 32
13 47 74 37 74 60
13 48 67 54 54 51
13 49 33 29 64 46
14 15 20 51 17 58
14 16 22 16 29 54
14 17 75 42 75 56
14 18 65 70 57 54
14 19 90 62 61 47
14 20 1 5 38 31
14 21 76 87 71 39
14 22 81 70 72 77
14 23 24 22 37 43
14 24 33 38 34 26
14 25 76 83 64 64
14 26 36 18 36 26
14 27 51 47 63 27
14 28 53 47 38 57
14 29 79 85 42 62
14 30 96 69 48 85
14 31 22 32 34 49
14 32 62 45 72 55
14 33 16 39 37 46
14 34 8 44 32 38
14 35 8 51 26 30
14 36 20 49 25 59
14 37 1 25 37 22
14 38 63 39 55 75
14 39 17 30 11 19
14 40 99 58 86 73
14 41 83 66 47 65
14 42 21 40 19 49
14 43 68 51 64 62
14 44 7 11 44 22
14 45 7 35 47 9
14 46 51 70 34 36
14 47 27 41 39 18
14 48 22 12 47 45
14 49 4 11 12 26
15 16 33 61 27 27
15 17 19 31 46 45
15 18 50 43 33 49
15 19 9 19 8 36
15 20 43 39 41 31
15 21 79 69 57 53
15 22 76 41 71 38
15 23 1 26 29 19
15 24 2 39 39 32
15 25 74 40 47 49
15 26 89 94 70 46
15 27 36 66 35 31
15 28 48 67 72 73
15 29 44 42 22 29
15 30 57 60 66 50
15 31 54 53 49 59
15 32 43 27 37 57
15 33 27 29 60 15
15 34 84 83 47 89
15 35 30 39 32 21
15 36 41 46 45 26
15 37 35 46 46 51
15 38 0 32 4 18
15 39 60 51 56 74
15 40 34 55 50 27
15 41 34 51 23 50
15 42 89 86 76 51
15 43 8 4 48 44
15 44 83 75 51 43
15 45 94 85 93 47
15 46 60 47 42 45
15 47 78 61 42 78
15 48 67 62 43 41
15 49 22 51 14 47
16 17 72 49 49 81
16 18 99 80 56 58
16 19 63 51 38 77
16 20 34 29 34 23
16 21 17 28 41 39
16 22 78 62 59 78
16 23 94 77 70 94
16 24 80 83 47 47
16 25 0 36 10 27
16 26 91 62 51 83
16 27 97 75 67 86
16 28 33 51 29 49
16 29 21 34 19 45
16 30 24 25 50 15
16 31 29 30 18 44
16 32 10 47 41 45
16 33 95 95 60 63
16 34 12 50 46 17
16 35 11 41 24 47
16 36 9 51 53 46
16 37 36 49 62 55
16 38 26 16 25 57
16 39 8 21 4 14
16 40 25 30 55 51
16 41 64 62 50 65
16 42 5 48 44 45
16 43 15 44 25 21
16 44 28 40 64 61
16 45 71 72 57 70
16 46 39 62 63 63
16 47 42 57 61 66
16 48 90 63 64 88
16 49 20 50 33 28
17 18 19 18 57 33
17 19 64 36 53 41
17 20 77 51 86 84
17 21 11 16 14 25
17 22 74 75 63 75
17 23 94 57 61 56
17 24 59 61 33 53
17 25 77 41 50 68
17 26 18 23 58 56
17 27 3 36 10 40
17 28 5 22 28 28
17 29 87 67 50 55
17 30 24 55 34 46
17 31 9 35 24 32
17 32 85 84 67 81
17 33 2 40 41 12
17 34 33 44 66 41
17 35 10 21 26 22
17 36 37 32 66 40
17 37 90 53 78 49
17 38 95 82 84 94
17 39 46 26 39 28
17 40 50 53 53 47
17 41 2 20 41 47
17 42 96 55 75 78
17 43 56 55 77 38
17 44 31 50 42 23
17 45 20 15 51 39
17 46 28 39 43 42
17 47 26 47 26 59
17 48 42 34 30 32
17 49 71 53 68 64
18 19 99 82 76 61
18 20 24 20 13 28
18 21 42 51 68 61
18 22 51 55 30 47
18 23 15 40 17 43
18 24 69 36 61 71
18 25 0 45 22 32
18 26 99 97 79 93
18 27 3 4 26 18
18 28 62 37 36 49
18 29 83 84 43 73
18 30 1 40 20 12
18 31 42 39 46 62
18 32 0 0 30 48
18 33 97 68 56 90
18 34 60 78 31 39
18 35 18 38 23 36
18 36 44 29 47 45
18 37 20 34 13 10
18 38 56 37 38 73
18 39 54 41 28 43
18 40 41 34 28 38
18 41 69 69 67 61
18 42 19 36 15 57
18 43 34 60 49 58
18 44 27 14 17 25
18 45 53 73 63 55
18 46 78 69 71 45
18 47 4 44 21 20
18 48 56 30 61 39
18 49 19 37 12 10
19 20 36 40 21 46
19 21 15 54 47 17
19 22 83 88 54 60
19 23 83 47 65 85
19 24 93 89 72 82
19 25 90 56 88 76
19 26 29 18 17 52
19 27 37 62 37 37
19 28 28 64 44 52
19 29 22 60 19 31
19 30 38 32 20 64
19 31 83 74 51 56
19 32 87 52 92 78
19 33 14 54 55 44
19 34 59 36 64 70
19 35 33 52 27 51
19 36 17 53 44 28
19 37 36 28 30 65
19 38 43 36 27 46
19 39 17 17 14 16
19 40 32 39 23 54
19 41 13 12 43 31
19 42 97 50 79 84
19 43 2 15 43 44
19 44 45 38 49 54
19 45 80 86 81 54
19 46 9 41 50 17
19 47 5 5 25 34
19 48 78 89 80 63
19 49 72 54 64 49
20 21 75 86 46 85
20 22 48 39 61 64
20 23 57 76 55 68
20 24 71 45 63 84
20 25 23 25 17 57
20 26 41 64 60 34
20 27 7 26 27 28
20 28 12 46 26 24
20 29 27 32 34 26
20 30 93 63 49 65
20 31 50 67 34 44
20 32 68 53 43 75
20 33 80 42 70 50
20 34 41 48 21 63
20 35 88 45 87 93
20 36 34 37 37 63
20 37 83 78 75 48
20 38 58 46 43 45
20 39 41 47 38 28
20 40 2 9 21 16
20 41 38 37 30 65
20 42 91 84 87 83
20 43 13 9 33 53
20 44 36 57 61 24
20 45 90 66 79 83
20 46 90 61 77 62
20 47 97 53 74 90
20 48 7 41 12 7
20 49 35 57 52 28
21 22 72 59 69 50
21 23 62 37 54 38
21 24 9 20 51 44
21 25 51 39 57 53
21 26 67 41 33 58
21 27 33 52 53 27
21 28 54 59 52 72
21 29 88 58 83 62
21 30 87 58 85 92
21 31 66 81 82 82
21 32 44 34 38 62
21 33 33 30 40 26
21 34 63 35 42 55
21 35 26 13 41 61
21 36 13 53 8 17
21 37 24 32 54 17
21 38 72 51 56 83
21 39 78 41 43 40
21 40 1 3 30 43
21 41 10 23 21 53
21 42 2 44 11 23
21 43 81 40 42 49
21 44 78 48 46 87
21 45 90 86 81 60
21 46 81 57 78 80
21 47 12 13 16 17
21 48 51 55 38 52
21 49 20 36 51 32
22 23 8 41 28 47
22 24 56 61 52 69
22 25 61 51 45 65
22 26 90 83 57 64
22 27 16 41 10 29
22 28 92 93 83 66
22 29 52 30 52 44
22 30 44 30 60 35
22 31 6 45 52 16
22 32 87 53 55 75
22 33 2 14 1 9
22 34 1 49 41 5
22 35 16 40 19 22
22 36 54 75 74 46
22 37 40 32 64 20
22 38 75 79 76 68
22 39 18 32 36 49
22 40 63 55 48 71
22 41 20 14 49 36
22 42 35 41 28 64
22 43 13 34 46 14
22 44 67 65 37 46
22 45 16 31 12 57
22 46 39 44 57 65
22 47 9 11 32 16
22 48 70 65 46 43
22 49 40 49 43 21
23 24 88 46 59 69
23 25 89 48 88 75
23 26 84 47 78 90
23 27 2 10 32 51
23 28 33 18 36 54
23 29 60 68 72 67
23 30 43 28 36 67
23 31 88 88 45 77
23 32 20 26 41 54
23 33 48 55 69 34
23 34 50 52 46 55
23 35 54 53 71 43
23 36 70 77 50 71
23 37 64 62 65 62
23 38 11 10 41 44
23 39 54 71 52 64
23 40 76 84 42 53
23 41 21 14 54 60
23 42 8 34 48 8
23 43 18 24 49 14
23 44 62 48 72 34
23 45 46 54 52 61
23 46 94 84 55 78
23 47 43 45 62 55
23 48 28 35 54 46
23 49 26 33 31 48
24 25 43 70 30 36
24 26 31 24 63 31
24 27 55 35 72 71
24 28 41 47 68 35
24 29 16 12 37 8
24 30 84 76 57 44
24 31 26 45 15 54
24 32 69 69 62 39
24 33 1 30 34 44
24 34 56 34 28 67
24 35 36 31 66 54
24 36 81 68 52 81
24 37 63 46 39 77
24 38 7 43 39 29
24 39 41 61 62 56
24 40 55 31 39 30
24 41 5 40 15 19
24 42 20 31 31 12
24 43 58 30 40 74
24 44 21 30 47 39
24 45 99 73 59 56
24 46 9 31 54 15
24 47 14 44 34 13
24 48 65 70 74 41
24 49 12 11 53 27
25 26 46 25 27 26
25 27 82 55 71 83
25 28 31 51 30 61
25 29 7 40 41 20
25 30 39 56 32 34
25 31 32 47 56 38
25 32 82 45 66 68
25 33 42 22 69 28
25 34 43 47 26 29
25 35 29 42 33 58
25 36 84 45 50 47
25 37 68 82 63 44
25 38 9 37 54 38
25 39 77 62 45 80
25 40 96 84 59 85
25 41 21 28 11 35
25 42 14 47 39 12
25 43 28 35 41 42
25 44 80 85 45 80
25 45 34 44 26 30
25 46 58 66 69 78
25 47 92 52 63 77
25 48 39 54 35 69
25 49 17 19 31 35
26 27 69 46 45 60
26 28 17 58 30 26
26 29 43 32 31 47
26 30 99 74 57 91
26 31 74 81 56 80
26 32 79 83 54 66
26 33 56 43 28 73
26 34 62 78 59 75
26 35 80 76 48 40
26 36 90 87 49 53
26 37 26 19 52 17
26 38 55 36 50 32
26 39 22 21 14 50
26 40 54 38 72 56
26 41 64 36 36 76
26 42 39 58 22 41
26 43 97 96 69 68
26 44 2 6 5 27
26 45 62 61 64 51
26 46 17 57 24 20
26 47 27 54 26 27
26 48 65 75 42 64
26 49 44 54 59 38
27 28 84 54 71 52
27 29 53 54 69 50
27 30 21 22 26 21
27 31 99 54 59 87
27 32 10 51 33 54
27 33 25 23 17 53
27 34 54 35 70 67
27 35 9 34 26 16
27 36 74 61 79 82
27 37 80 84 68 86
27 38 94 84 61 78
27 39 15 54 52 24
27 40 92 92 67 83
27 41 85 75 66 85
27 42 18 19 22 49
27 43 89 91 83 77
27 44 32 25 19 18
27 45 3 37 32 40
27 46 27 31 45 23
27 47 72 55 58 44
27 48 63 32 73 51
27 49 56 50 40 65
28 29 71 59 58 72
28 30 33 41 40 58
28 31 15 24 38 14
28 32 90 94 94 68
28 33 49 35 71 54
28 34 93 55 74 63
28 35 19 34 41 38
28 36 49 27 62 28
28 37 49 73 36 54
28 38 38 34 41 29
28 39 23 60 53 56
28 40 94 95 94 93
28 41 39 26 29 22
28 42 14 30 41 10
28 43 48 60 42 53
28 44 93 95 57 79
28 45 45 52 57 66
28 46 98 58 94 57
28 47 15 45 50 23
28 48 98 61 57 54
28 49 22 39 36 49
29 30 38 37 63 56
29 31 57 49 34 44
29 32 48 67 24 59
29 33 64 52 58 43
29 34 6 29 48 7
29 35 61 47 35 78
29 36 57 46 74 40
29 37 80 41 65 72
29 38 7 50 30 43
29 39 88 79 81 52
29 40 31 25 31 64
29 41 16 20 27 22
29 42 27 20 14 26
29 43 2 24 46 16
29 44 29 42 29 52
29 45 75 74 49 84
29 46 77 56 41 53
29 47 88 91 72 48
29 48 92 77 87 91
29 49 5 35 43 45
30 31 16 48 30 57
30 32 99 64 61 94
30 33 66 43 40 37
30 34 38 28 39 50
30 35 82 90 77 42
30 36 54 29 42 41
30 37 94 67 94 77
30 38 61 56 75 44
30 39 0 8 16 45
30 40 81 47 84 43
30 41 14 40 18 14
30 42 45 70 23 46
30 43 78 51 69 80
30 44 55 63 54 70
30 45 82 50 85 64
30 46 35 23 22 64
30 47 77 87 68 54
30 48 38 19 32 36
30 49 55 51 41 61
31 32 21 46 38 45
31 33 89 76 57 75
31 34 66 43 51 33
31 35 71 68 44 76
31 36 6 52 43 6
31 37 71 54 49 68
31 38 92 84 79 86
31 39 57 38 72 39
31 40 38 39 50 25
31 41 86 53 71 63
31 42 59 42 53 56
31 43 34 60 20 37
31 44 60 36 67 44
31 45 73 66 44 57
31 46 83 57 90 90
31 47 96 74 74 79
31 48 89 80 60 82
31 49 85 44 74 72
32 33 95 82 60 78
32 34 44 43 33 65
32 35 56 77 51 29
32 36 41 56 26 24
32 37 2 25 16 45
32 38 89 94 90 88
32 39 36 55 35 33
32 40 33 33 53 41
32 41 23 58 53 42
32 42 8 29 16 36
32 43 35 44 30 58
32 44 77 64 41 42
32 45 34 63 50 63
32 46 2 28 1 24
32 47 49 39 56 35
32 48 77 58 63 47
32 49 89 82 87 90
33 34 5 43 8 23
33 35 72 67 85 59
33 36 26 53 34 23
33 37 16 39 18 40
33 38 30 37 34 51
33 39 99 59 83 97
33 40 34 17 58 26
33 41 77 57 74 63
33 42 3 34 36 44
33 43 61 52 38 63
33 44 7 22 31 27
33 45 75 79 55 74
33 46 73 73 46 64
33 47 0 45 15 19
33 48 8 15 36 43
33 49 41 30 23 63
34 35 18 37 48 16
34 36 21 15 21 14
34 37 94 73 65 67
34 38 57 35 43 49
34 39 29 18 19 29
34 40 39 42 44 65
34 41 58 37 57 40
34 42 41 64 62 20
34 43 6 32 40 7
34 44 28 45 55 31
34 45 66 55 78 38
34 46 92 79 90 63
34 47 43 54 35 25
34 48 90 87 82 91
34 49 17 29 47 36
35 36 35 64 29 27
35 37 27 62 61 33
35 38 33 39 36 31
35 39 72 54 60 42
35 40 60 76 37 61
35 41 22 15 42 41
35 42 17 22 14 52
35 43 98 78 75 89
35 44 11 21 45 13
35 45 28 16 60 38
35 46 13 25 16 11
35 47 36 29 31 41
35 48 55 35 51 62
35 49 61 53 51 66
36 37 2 15 18 37
36 38 91 63 83 54
36 39 99 92 56 68
36 40 77 48 80 71
36 41 83 49 78 67
36 42 79 76 67 40
36 43 59 70 58 51
36 44 85 58 71 68
36 45 80 57 54 52
36 46 90 56 46 80
36 47 3 16 18 32
36 48 45 56 46 24
36 49 20 59 24 51
37 38 85 63 55 78
37 39 44 68 57 49
37 40 76 71 47 49
37 41 69 47 56 82
37 42 57 67 50 58
37 43 61 39 57 68
37 44 49 65 50 61
37 45 64 57 59 63
37 46 22 39 54 41
37 47 83 76 86 54
37 48 84 66 73 82
37 49 28 41 46 32
38 39 37 30 30 53
38 40 25 52 56 50
38 41 52 50 37 69
38 42 84 74 76 68
38 43 65 66 59 73
38 44 57 54 75 76
38 45 60 66 37 42
38 46 26 32 44 43
38 47 61 63 46 48
38 48 43 69 46 25
38 49 86 49 73 83
39 40 88 71 63 75
39 41 47 60 29 39
39 42 14 49 9 17
39 43 91 81 73 76
39 44 29 60 41 47
39 45 30 54 37 18
39 46 88 75 63 53
39 47 12 36 32 51
39 48 16 34 27 17
39 49 31 16 38 50
40 41 22 43 45 40
40 42 58 35 30 73
40 43 1 39 36 41
40 44 66 65 67 43
40 45 47 73 57 28
40 46 69 35 64 84
40 47 16 51 26 42
40 48 70 59 71 51
40 49 81 42 58 90
41 42 61 35 30 70
41 43 21 49 31 21
41 44 44 24 34 60
41 45 97 52 92 75
41 46 4 29 50 51
41 47 93 85 67 84
41 48 35 40 43 18
41 49 56 41 57 61
42 43 94 82 92 56
42 44 76 47 61 83
42 45 23 45 19 27
42 46 70 68 49 80
42 47 63 59 61 70
42 48 0 20 15 13
42 49 46 40 53 55
43 44 88 52 54 90
43 45 3 43 4 32
43 46 7 49 19 7
43 47 76 71 43 86
43 48 2 31 16 38
43 49 98 65 92 57
44 45 60 32 59 36
44 46 52 67 35 38
44 47 42 57 24 54
44 48 23 15 49 30
44 49 22 59 34 23
45 46 23 44 27 35
45 47 99 89 63 96
45 48 28 34 31 20
45 49 83 91 53 44
46 47 59 65 44 69
46 48 80 48 78 70
46 49 97 71 73 53
47 48 35 55 58 48
47 49 16 36 40 18
48 49 68 64 36 52
