50
0 1 35 76 45 15
0 2 42 25 33 86
0 3 75 17 74 66
0 4 52 29 10 40
0 5 75 48 94 69
0 6 1 34 25 16
0 7 73 33 66 63
0 8 78 75 34 89
0 9 51 45 29 65
0 10 49 78 29 12
0 11 88 78 54 53
0 12 35 34 83 28
0 13 42 36 22 40
0 14 17 20 79 36
0 15 42 52 17 11
0 16 84 58 63 42
0 17 6 8 80 23
0 18 64 27 42 33
0 19 17 16 14 6
0 20 50 16 47 72
0 21 21 81 58 13
0 22 35 55 30 13
0 23 68 40 78 72
0 24 34 31 52 38
0 25 21 75 31 72
0 26 67 34 65 54
0 27 70 88 30 64
0 28 20 72 80 28
0 29 7 17 58 13
0 30 72 38 73 37
0 31 77 73 57 90
0 32 64 58 78 68
0 33 54 19 40 14
0 34 68 77 85 85
0 35 28 36 28 23
0 36 49 32 67 10
0 37 6 26 27 50
0 38 61 47 41 80
0 39 7 62 16 24
0 40 6 80 26 69
0 41 81 83 42 36
0 42 70 25 83 79
0 43 2 27 27 58
0 44 95 24 19 35
0 45 37 59 39 44
0 46 54 73 61 73
0 47 0 48 69 35
0 48 5 64 79 39
0 49 95 34 37 38
1 2 73 78 92 33
1 3 19 39 68 34
1 4 33 32 55 30
1 5 17 60 15 25
1 6 23 83 9 55
1 7 81 24 64 47
1 8 81 74 58 34
1 9 27 83 40 22
1 10 81 57 39 54
1 11 29 33 57 41
1 12 50 63 40 68
1 13 30 45 59 45
1 14 44 72 16 36
1 15 22 58 51 19
1 16 46 79 18 37
1 17 1 10 21 4
1 18 78 18 60 35
1 19 91 91 87 31
1 20 89 69 81 44
1 21 36 71 47 18
1 22 47 25 85 69
1 23 1 0 46 37
1 24 89 87 24 52
1 25 41 66 39 41
1 26 23 79 68 83
1 27 49 68 47 32
1 28 22 24 34 80
1 29 8 43 55 52
1 30 56 33 52 30
1 31 61 71 84 77
1 32 86 59 30 65
1 33 92 62 57 78
1 34 37 78 55 17
1 35 22 34 56 82
1 36 9 64 38 43
1 37 74 64 93 82
1 38 98 66 63 71
1 39 29 44 19 31
1 40 94 46 30 59
1 41 78 57 83 63
1 42 64 88 49 13
1 43 18 32 49 43
1 44 80 70 31 24
1 45 31 14 49 21
1 46 77 22 85 53
1 47 85 55 25 36
1 48 92 79 49 77
1 49 84 45 62 67
2 3 21 79 47 60
2 4 83 38 48 85
2 5 98 50 77 33
2 6 66 48 61 26
2 7 34 84 30 25
2 8 49 12 89 49
2 9 19 15 71 47
2 10 12 12 57 54
2 11 58 13 82 32
2 12 18 42 33 3
2 13 24 44 34 19
2 14 94 29 42 24
2 15 76 48 79 44
2 16 38 78 18 57
2 17 98 50 53 32
2 18 39 59 73 64
2 19 4 30 7 47
2 20 45 31 26 65
2 21 29 20 14 25
2 22 94 66 55 31
2 23 72 51 94 31
2 24 83 27 70 51
2 25 90 37 41 38
2 26 20 83 50 24
2 27 23 51 38 73
2 28 15 30 57 54
2 29 69 37 29 85
2 30 2 29 45 25
2 31 28 80 41 26
2 32 25 36 78 28
2 33 20 16 12 64
2 34 39 59 52 21
2 35 24 46 32 47
2 36 40 26 40 51
2 37 2 60 73 35
2 38 59 26 39 35
2 39 42 51 33 40
2 40 67 64 90 23
2 41 11 74 9 27
2 42 62 73 21 43
2 43 7 66 65 48
2 44 97 74 27 88
2 45 73 36 15 94
2 46 80 70 52 30
2 47 84 91 51 73
2 48 73 31 54 69
2 49 81 60 57 40
3 4 3 56 23 51
3 5 51 14 77 39
3 6 81 84 74 67
3 7 47 74 16 83
3 8 85 67 62 86
3 9 58 90 54 70
3 10 76 25 17 49
3 11 39 31 85 54
3 12 75 54 57 74
3 13 20 52 30 8
3 14 39 33 78 18
3 15 69 88 43 15
3 16 18 48 40 65
3 17 13 44 31 37
3 18 61 51 29 59
3 19 32 10 86 41
3 20 25 41 31 29
3 21 42 11 76 12
3 22 99 60 31 84
3 23 26 77 11 69
3 24 84 86 77 35
3 25 86 94 71 91
3 26 5 11 38 67
3 27 78 67 47 29
3 28 3 51 30 79
3 29 77 34 22 93
3 30 16 74 48 54
3 31 19 81 48 42
3 32 31 73 49 36
3 33 34 55 17 16
3 34 54 79 32 88
3 35 58 60 37 21
3 36 47 81 76 43
3 37 76 40 68 46
3 38 5 1 60 28
3 39 95 69 48 46
3 40 61 48 91 17
3 41 67 52 83 31
3 42 7 72 28 12
3 43 80 54 83 68
3 44 93 33 73 33
3 45 37 26 84 66
3 46 66 52 16 87
3 47 22 20 43 12
3 48 70 50 25 46
3 49 9 75 1 21
4 5 91 18 26 70
4 6 71 61 68 15
4 7 36 78 62 76
4 8 8 5 41 67
4 9 0 33 1 20
4 10 77 23 93 73
4 11 29 29 53 75
4 12 56 70 25 85
4 13 65 72 43 75
4 14 19 41 5 62
4 15 91 94 33 93
4 16 81 81 79 54
4 17 23 9 69 23
4 18 84 52 90 56
4 19 79 36 19 93
4 20 52 83 60 21
4 21 84 25 55 18
4 22 64 73 55 74
4 23 90 35 24 41
4 24 74 41 48 30
4 25 42 34 42 62
4 26 17 30 10 30
4 27 88 23 47 38
4 28 8 77 77 46
4 29 7 12 41 10
4 30 14 38 4 37
4 31 78 74 84 74
4 32 95 20 51 23
4 33 8 2 61 68
4 34 50 32 89 88
4 35 95 54 48 75
4 36 97 94 35 98
4 37 79 89 87 57
4 38 29 74 59 28
4 39 33 30 75 48
4 40 97 77 20 24
4 41 57 85 16 41
4 42 65 65 57 23
4 43 45 56 13 45
4 44 59 46 60 31
4 45 18 59 38 38
4 46 98 75 79 35
4 47 60 38 16 86
4 48 78 17 66 93
4 49 48 31 74 66
5 6 74 32 53 70
5 7 53 89 36 42
5 8 25 43 45 28
5 9 27 31 14 62
5 10 39 14 18 13
5 11 78 65 17 74
5 12 31 19 30 70
5 13 41 47 79 30
5 14 55 16 84 54
5 15 57 13 34 78
5 16 38 53 86 58
5 17 38 83 38 28
5 18 2 78 22 19
5 19 27 20 21 53
5 20 2 76 32 45
5 21 18 59 28 28
5 22 59 17 34 44
5 23 89 87 62 57
5 24 73 45 26 61
5 25 90 69 98 31
5 26 36 48 42 70
5 27 56 19 64 26
5 28 45 74 80 87
5 29 47 54 54 30
5 30 12 48 41 60
5 31 14 44 10 49
5 32 13 74 51 73
5 33 99 30 71 94
5 34 42 35 62 46
5 35 37 27 17 38
5 36 54 34 21 40
5 37 93 60 98 42
5 38 27 35 9 35
5 39 24 33 16 50
5 40 46 34 77 21
5 41 43 86 75 36
5 42 65 81 69 27
5 43 29 10 70 52
5 44 34 59 35 79
5 45 99 39 40 27
5 46 16 48 52 73
5 47 64 37 67 33
5 48 98 34 43 65
5 49 69 15 58 48
6 7 60 89 35 75
6 8 66 66 25 62
6 9 5 12 23 55
6 10 83 76 19 47
6 11 4 54 76 24
6 12 31 46 55 35
6 13 92 37 56 58
6 14 48 35 84 84
6 15 79 52 44 35
6 16 17 80 41 24
6 17 26 15 31 51
6 18 39 41 45 56
6 19 92 61 87 81
6 20 1 37 50 67
6 21 29 40 36 76
6 22 56 87 76 17
6 23 69 55 54 39
6 24 74 17 87 16
6 25 7 16 80 3
6 26 19 16 76 72
6 27 44 71 37 18
6 28 29 50 6 14
6 29 79 26 58 45
6 30 3 48 8 0
6 31 63 23 60 43
6 32 48 88 74 82
6 33 60 77 45 40
6 34 24 66 8 65
6 35 71 33 59 71
6 36 31 20 29 22
6 37 2 24 74 39
6 38 1 52 46 62
6 39 5 43 33 45
6 40 32 68 33 64
6 41 74 53 33 38
6 42 37 65 12 73
6 43 2 48 47 6
6 44 36 8 74 34
6 45 0 70 60 19
6 46 5 77 12 74
6 47 57 71 79 24
6 48 87 78 24 20
6 49 50 60 21 39
7 8 22 75 46 72
7 9 75 33 61 92
7 10 85 32 84 95
7 11 51 14 75 71
7 12 34 15 86 80
7 13 3 62 52 36
7 14 45 50 16 50
7 15 49 50 67 48
7 16 7 18 49 80
7 17 18 76 50 43
7 18 46 54 27 40
7 19 34 36 22 12
7 20 5 77 49 62
7 21 41 69 78 81
7 22 92 25 64 70
7 23 68 32 90 18
7 24 54 79 41 79
7 25 44 59 11 67
7 26 68 64 88 93
7 27 2 52 46 70
7 28 6 16 68 33
7 29 91 21 61 49
7 30 99 32 53 48
7 31 1 29 35 10
7 32 26 25 5 7
7 33 66 59 69 91
7 34 47 42 38 55
7 35 43 31 12 68
7 36 2 30 15 65
7 37 61 29 41 17
7 38 68 20 57 79
7 39 37 79 19 58
7 40 61 83 59 14
7 41 80 33 32 84
7 42 85 33 84 28
7 43 77 41 43 17
7 44 99 50 48 49
7 45 46 57 79 21
7 46 34 30 79 76
7 47 50 31 82 66
7 48 10 26 30 13
7 49 58 90 26 39
8 9 40 48 84 9
8 10 72 26 86 74
8 11 60 88 16 84
8 12 18 23 22 76
8 13 18 48 17 29
8 14 55 63 13 71
8 15 73 55 59 56
8 16 1 5 46 79
8 17 69 21 31 72
8 18 20 11 19 46
8 19 56 73 39 77
8 20 42 76 19 74
8 21 88 83 90 75
8 22 36 10 65 61
8 23 7 57 2 3
8 24 27 21 44 51
8 25 75 87 23 63
8 26 60 25 41 74
8 27 71 90 60 37
8 28 11 57 73 46
8 29 80 66 51 63
8 30 90 42 74 38
8 31 67 55 90 46
8 32 5 65 61 64
8 33 27 72 36 70
8 34 33 79 67 16
8 35 93 48 23 98
8 36 79 49 75 54
8 37 98 83 88 46
8 38 93 19 49 79
8 39 75 66 65 66
8 40 13 53 39 11
8 41 56 83 12 19
8 42 68 59 90 89
8 43 13 26 78 19
8 44 15 8 44 51
8 45 10 2 10 50
8 46 75 54 19 52
8 47 79 93 62 23
8 48 7 25 50 20
8 49 25 73 83 43
9 10 75 45 82 93
9 11 56 52 79 39
9 12 87 52 44 64
9 13 55 23 44 57
9 14 11 34 66 57
9 15 28 59 41 36
9 16 81 35 31 30
9 17 95 26 95 71
9 18 6 22 40 43
9 19 62 69 84 83
9 20 90 18 74 41
9 21 3 42 52 21
9 22 19 75 33 26
9 23 28 65 46 78
9 24 81 79 24 38
9 25 20 78 53 53
9 26 52 79 54 89
9 27 36 64 76 69
9 28 75 70 76 43
9 29 32 75 72 77
9 30 88 57 49 52
9 31 30 50 49 58
9 32 80 21 68 51
9 33 84 72 88 29
9 34 44 67 53 78
9 35 33 12 26 34
9 36 58 76 12 14
9 37 29 47 84 58
9 38 76 55 46 34
9 39 33 36 54 58
9 40 70 29 29 80
9 41 60 28 33 50
9 42 43 34 23 65
9 43 83 19 24 22
9 44 0 34 22 0
9 45 5 14 13 63
9 46 16 67 3 11
9 47 61 60 45 27
9 48 96 77 31 85
9 49 11 68 28 75
10 11 4 57 21 73
10 12 47 24 61 71
10 13 45 42 36 34
10 14 0 38 15 52
10 15 95 64 35 50
10 16 8 40 20 15
10 17 82 64 39 28
10 18 75 57 45 90
10 19 83 49 89 88
10 20 42 48 65 51
10 21 97 88 64 56
10 22 54 82 41 48
10 23 47 11 80 53
10 24 60 88 65 30
10 25 77 31 79 33
10 26 72 79 35 31
10 27 72 79 63 34
10 28 0 15 46 65
10 29 50 43 34 48
10 30 99 36 71 99
10 31 77 33 91 27
10 32 13 34 60 72
10 33 61 67 20 36
10 34 18 26 27 7
10 35 70 18 19 14
10 36 77 28 40 53
10 37 82 23 58 78
10 38 85 95 53 66
10 39 49 55 75 76
10 40 52 76 46 58
10 41 47 60 12 78
10 42 0 28 38 3
10 43 13 48 40 9
10 44 70 34 86 32
10 45 90 87 29 85
10 46 64 69 37 72
10 47 42 64 72 56
10 48 64 52 46 75
10 49 95 63 64 49
11 12 84 19 19 61
11 13 31 71 45 58
11 14 60 71 69 75
11 15 59 45 25 68
11 16 80 29 18 50
11 17 88 47 57 94
11 18 2 49 61 75
11 19 96 77 68 63
11 20 90 37 18 72
11 21 93 39 28 59
11 22 75 92 33 39
11 23 7 30 36 65
11 24 37 75 38 7
11 25 22 30 35 83
11 26 96 98 66 79
11 27 73 18 55 88
11 28 14 60 33 75
11 29 48 82 81 14
11 30 1 6 62 12
11 31 75 62 19 42
11 32 91 64 64 81
11 33 40 64 52 24
11 34 90 76 72 22
11 35 92 34 96 51
11 36 84 75 61 23
11 37 27 28 82 22
11 38 3 47 56 6
11 39 75 85 50 68
11 40 7 21 1 68
11 41 12 62 11 39
11 42 70 79 84 27
11 43 15 64 59 66
11 44 52 87 80 70
11 45 76 63 93 43
11 46 73 69 39 47
11 47 14 76 53 34
11 48 65 21 65 22
11 49 6 30 61 12
12 13 47 49 82 23
12 14 19 77 36 18
12 15 44 82 19 59
12 16 5 39 58 2
12 17 94 86 97 84
12 18 78 43 73 68
12 19 62 14 16 59
12 20 64 34 80 85
12 21 13 11 18 63
12 22 56 57 58 64
12 23 62 26 69 39
12 24 31 26 76 20
12 25 45 30 58 76
12 26 84 48 90 26
12 27 2 36 24 4
12 28 82 65 29 52
12 29 43 78 44 68
12 30 35 53 54 71
12 31 1 25 61 67
12 32 94 35 80 22
12 33 21 44 52 22
12 34 30 45 64 80
12 35 62 70 63 79
12 36 81 70 36 77
12 37 1 58 29 75
12 38 47 32 56 31
12 39 63 64 44 17
12 40 46 71 84 51
12 41 36 70 72 71
12 42 90 77 85 64
12 43 88 33 57 27
12 44 19 17 55 81
12 45 15 82 42 7
12 46 62 32 55 88
12 47 78 58 66 62
12 48 28 7 34 51
12 49 56 55 13 60
13 14 94 53 69 62
13 15 34 86 24 78
13 16 83 95 70 80
13 17 62 82 65 16
13 18 26 39 69 76
13 19 86 92 34 71
13 20 12 36 68 45
13 21 99 86 82 92
13 22 88 28 48 71
13 23 84 62 53 19
13 24 65 42 84 82
13 25 44 16 25 46
13 26 14 7 50 49
13 27 43 27 73 88
13 28 70 17 33 59
13 29 31 11 40 54
13 30 74 43 57 91
13 31 25 48 53 83
13 32 83 19 18 92
13 33 47 51 23 71
13 34 80 86 26 73
13 35 78 69 18 84
13 36 14 69 28 64
13 37 31 63 25 22
13 38 16 37 82 63
13 39 70 92 50 33
13 40 3 31 7 47
13 41 20 71 43 56
13 42 52 14 50 76
13 43 97 52 25 52
13 44 93 31 51 52
13 45 2 27 55 70
13 46 38 49 77 71
13 47 75 65 19 38
13 48 73 78 16 80
13 49 13 10 44 57
14 15 43 53 59 77
14 16 2 53 44 19
14 17 0 77 19 57
14 18 46 46 49 79
14 19 5 46 36 28
14 20 38 49 70 55
14 21 67 82 89 36
14 22 41 82 86 67
14 23 96 49 90 39
14 24 91 90 60 29
14 25 63 89 57 52
14 26 3 23 58 53
14 27 39 80 49 62
14 28 82 21 54 55
14 29 11 72 12 44
14 30 86 60 35 71
14 31 97 86 61 30
14 32 7 37 3 66
14 33 99 32 66 25
14 34 90 94 43 84
14 35 91 58 70 68
14 36 34 7 18 59
14 37 66 15 26 22
14 38 84 32 51 36
14 39 50 43 50 37
14 40 32 24 44 50
14 41 76 71 29 58
14 42 32 80 48 82
14 43 18 27 23 39
14 44 52 67 25 29
14 45 67 28 47 88
14 46 79 94 40 44
14 47 42 41 38 36
14 48 74 71 18 60
14 49 54 24 64 24
15 16 47 28 77 34
15 17 8 67 20 36
15 18 77 72 32 87
15 19 48 87 68 59
15 20 80 20 64 34
15 21 92 22 51 79
15 22 71 79 85 54
15 23 36 80 24 82
15 24 4 45 51 45
15 25 48 23 63 32
15 26 51 12 29 21
15 27 30 16 24 25
15 28 11 26 15 42
15 29 94 63 19 92
15 30 32 36 65 49
15 31 97 28 76 21
15 32 96 77 74 49
15 33 5 31 78 24
15 34 91 48 39 61
15 35 93 64 77 66
15 36 87 51 77 93
15 37 87 63 91 94
15 38 77 41 90 18
15 39 34 7 15 55
15 40 23 60 64 82
15 41 99 93 84 28
15 42 45 20 43 12
15 43 2 7 69 66
15 44 50 84 51 83
15 45 51 81 12 65
15 46 57 44 50 61
15 47 17 50 20 20
15 48 30 37 78 68
15 49 83 40 50 22
16 17 11 32 60 71
16 18 47 88 57 15
16 19 77 39 55 91
16 20 80 38 54 16
16 21 20 78 76 43
16 22 25 15 13 29
16 23 99 51 60 94
16 24 2 70 2 21
16 25 0 58 39 18
16 26 83 78 19 89
16 27 72 62 88 74
16 28 87 71 45 28
16 29 24 36 55 63
16 30 28 45 28 37
16 31 37 46 80 15
16 32 66 41 25 70
16 33 98 66 20 79
16 34 25 6 43 71
16 35 49 15 63 11
16 36 16 74 12 58
16 37 46 81 31 21
16 38 42 41 64 57
16 39 44 13 23 17
16 40 97 89 90 20
16 41 54 36 39 32
16 42 73 61 73 88
16 43 86 54 33 67
16 44 22 43 59 30
16 45 15 55 78 71
16 46 18 36 82 40
16 47 45 86 42 23
16 48 77 90 26 47
16 49 10 63 42 80
17 18 89 30 72 58
17 19 35 51 11 52
17 20 5 10 43 73
17 21 79 55 66 62
17 22 27 40 83 34
17 23 31 35 81 27
17 24 76 31 75 29
17 25 57 70 28 40
17 26 84 39 39 68
17 27 37 24 44 61
17 28 96 91 85 81
17 29 16 50 10 38
17 30 38 63 54 33
17 31 59 78 84 26
17 32 90 97 46 82
17 33 93 64 58 92
17 34 80 18 61 73
17 35 29 13 21 11
17 36 43 68 18 56
17 37 3 72 60 37
17 38 49 13 37 69
17 39 42 85 32 72
17 40 0 21 75 9
17 41 62 13 80 77
17 42 19 16 45 4
17 43 33 66 73 27
17 44 5 37 54 60
17 45 22 34 80 24
17 46 60 46 82 32
17 47 79 37 90 91
17 48 52 65 71 25
17 49 86 52 76 19
18 19 38 65 22 16
18 20 37 37 15 59
18 21 66 60 54 22
18 22 55 67 51 30
18 23 50 67 28 84
18 24 15 68 76 15
18 25 63 13 63 72
18 26 31 35 76 34
18 27 76 87 61 61
18 28 67 52 30 67
18 29 41 50 41 61
18 30 45 82 86 74
18 31 67 90 92 24
18 32 12 77 39 67
18 33 64 92 58 48
18 34 31 28 34 24
18 35 21 51 49 30
18 36 10 44 12 43
18 37 80 82 39 76
18 38 54 75 19 76
18 39 6 48 13 48
18 40 80 35 65 61
18 41 97 65 72 50
18 42 73 25 47 49
18 43 95 90 88 71
18 44 42 29 79 43
18 45 0 29 37 9
18 46 41 87 77 30
18 47 89 34 76 23
18 48 21 37 18 79
18 49 40 47 38 63
19 20 30 40 83 81
19 21 64 40 16 68
19 22 37 37 69 57
19 23 18 48 73 43
19 24 98 75 62 59
19 25 99 24 39 52
19 26 40 24 35 62
19 27 85 81 42 31
19 28 11 16 33 26
19 29 28 61 54 82
19 30 73 49 76 90
19 31 85 68 24 87
19 32 17 27 26 28
19 33 65 83 28 62
19 34 84 63 19 28
19 35 48 25 29 52
19 36 31 78 31 77
19 37 80 49 45 72
19 38 88 83 79 45
19 39 48 50 48 36
19 40 54 66 39 64
19 41 66 48 27 15
19 42 90 44 70 37
19 43 85 89 90 69
19 44 88 83 19 46
19 45 24 69 19 29
19 46 26 32 37 6
19 47 49 68 67 77
19 48 27 45 23 22
19 49 50 15 14 23
20 21 51 52 42 88
20 22 39 84 75 57
20 23 13 5 12 65
20 24 31 52 55 69
20 25 10 32 70 26
20 26 89 44 29 50
20 27 42 31 36 9
20 28 5 63 7 33
20 29 6 10 31 9
20 30 93 66 97 54
20 31 69 65 37 26
20 32 70 28 66 59
20 33 15 30 69 58
20 34 88 50 42 84
20 35 35 15 73 53
20 36 8 7 8 20
20 37 14 16 66 22
20 38 24 8 50 6
20 39 51 75 37 13
20 40 99 56 69 25
20 41 8 25 37 63
20 42 69 51 50 51
20 43 22 43 63 68
20 44 78 34 35 21
20 45 76 27 16 51
20 46 6 16 33 69
20 47 29 15 72 35
20 48 13 8 60 70
20 49 96 80 36 36
21 22 52 76 30 36
21 23 70 52 77 33
21 24 24 75 5 33
21 25 44 88 48 43
21 26 57 23 55 23
21 27 61 54 74 65
21 28 14 9 61 73
21 29 46 51 58 36
21 30 25 62 32 8
21 31 42 73 52 33
21 32 66 25 26 45
21 33 14 81 28 63
21 34 59 18 75 24
21 35 92 82 93 74
21 36 96 28 33 41
21 37 31 20 50 48
21 38 46 72 22 85
21 39 28 68 47 67
21 40 92 96 69 79
21 41 93 98 52 30
21 42 25 76 9 13
21 43 55 78 33 49
21 44 49 26 16 37
21 45 13 8 59 29
21 46 56 49 80 72
21 47 60 39 14 52
21 48 37 45 75 58
21 49 55 26 33 81
22 23 87 54 27 68
22 24 48 81 45 60
22 25 3 30 25 51
22 26 8 19 35 28
22 27 59 48 88 88
22 28 67 60 44 43
22 29 31 66 54 15
22 30 59 53 53 38
22 31 19 70 28 54
22 32 30 53 54 51
22 33 42 64 30 52
22 34 66 19 84 15
22 35 81 67 66 88
22 36 66 50 78 91
22 37 84 60 94 56
22 38 39 43 45 60
22 39 83 45 43 30
22 40 60 70 59 61
22 41 82 63 41 94
22 42 33 85 41 78
22 43 20 48 10 72
22 44 18 29 60 41
22 45 62 41 47 47
22 46 51 47 70 73
22 47 63 67 49 88
22 48 94 82 26 22
22 49 22 82 39 32
23 24 25 61 62 70
23 25 92 67 82 42
23 26 69 42 15 84
23 27 76 81 78 21
23 28 70 59 75 83
23 29 97 73 36 41
23 30 17 8 33 63
23 31 21 34 10 5
23 32 43 81 33 52
23 33 92 26 34 26
23 34 16 32 79 51
23 35 14 70 55 29
23 36 17 56 58 13
23 37 75 22 29 78
23 38 23 29 65 74
23 39 42 85 45 85
23 40 39 36 31 41
23 41 77 91 21 63
23 42 50 81 56 44
23 43 69 88 78 26
23 44 69 28 92 80
23 45 37 14 57 74
23 46 10 77 75 55
23 47 1 20 66 73
23 48 27 24 22 43
23 49 54 22 28 53
24 25 79 26 86 76
24 26 59 86 57 64
24 27 79 62 22 57
24 28 40 44 13 13
24 29 42 11 23 53
24 30 37 22 71 24
24 31 72 18 34 78
24 32 34 21 24 75
24 33 44 25 84 44
24 34 50 59 30 84
24 35 8 24 48 28
24 36 67 16 48 22
24 37 70 34 86 55
24 38 69 59 23 50
24 39 24 7 22 50
24 40 73 35 50 72
24 41 23 36 54 40
24 42 6 46 54 79
24 43 9 40 8 68
24 44 41 81 47 70
24 45 11 42 69 30
24 46 94 43 31 89
24 47 1 68 24 58
24 48 23 49 4 76
24 49 0 25 79 58
25 26 67 83 73 28
25 27 18 28 26 56
25 28 82 87 36 84
25 29 50 30 45 75
25 30 10 38 73 26
25 31 29 46 72 18
25 32 10 41 54 2
25 33 82 29 77 89
25 34 64 34 61 74
25 35 1 3 23 71
25 36 9 23 74 37
25 37 13 46 80 31
25 38 46 53 87 14
25 39 18 27 66 63
25 40 99 48 37 71
25 41 39 31 28 67
25 42 42 79 57 8
25 43 18 78 68 66
25 44 17 40 75 33
25 45 37 25 33 35
25 46 83 25 27 62
25 47 97 53 96 80
25 48 52 47 17 15
25 49 62 57 76 82
26 27 95 57 61 61
26 28 79 47 88 18
26 29 73 36 79 16
26 30 45 15 56 52
26 31 79 89 63 34
26 32 24 68 41 12
26 33 91 87 37 21
26 34 14 77 59 15
26 35 60 21 61 45
26 36 43 76 40 77
26 37 29 24 35 79
26 38 76 25 47 76
26 39 61 60 91 77
26 40 22 12 42 58
26 41 25 48 80 15
26 42 12 18 56 74
26 43 55 63 63 35
26 44 29 47 43 38
26 45 10 21 45 78
26 46 94 32 54 97
26 47 45 79 73 56
26 48 92 35 55 28
26 49 13 79 71 18
27 28 78 76 65 23
27 29 34 77 48 79
27 30 64 53 45 84
27 31 28 23 69 19
27 32 32 36 84 12
27 33 18 17 58 30
27 34 42 41 27 74
27 35 73 72 92 71
27 36 55 47 36 11
27 37 29 12 48 45
27 38 43 34 82 11
27 39 36 24 29 51
27 40 38 69 65 15
27 41 79 24 52 79
27 42 13 66 41 25
27 43 85 71 50 70
27 44 60 69 89 88
27 45 37 76 70 36
27 46 64 19 41 38
27 47 29 76 80 61
27 48 2 12 2 16
27 49 88 78 86 74
28 29 28 17 82 73
28 30 19 41 29 69
28 31 21 43 83 78
28 32 93 77 58 55
28 33 72 34 53 17
28 34 93 33 87 33
28 35 7 30 60 20
28 36 44 33 85 41
28 37 92 69 53 84
28 38 13 18 71 34
28 39 42 81 30 16
28 40 93 71 41 88
28 41 33 9 64 10
28 42 56 73 13 81
28 43 66 14 66 29
28 44 78 70 66 51
28 45 70 20 54 42
28 46 46 57 87 20
28 47 91 38 70 31
28 48 62 62 47 47
28 49 41 57 17 42
29 30 77 73 89 66
29 31 81 16 42 44
29 32 64 91 45 25
29 33 32 79 54 80
29 34 95 59 19 20
29 35 83 47 34 71
29 36 89 84 32 25
29 37 83 36 28 92
29 38 89 88 37 81
29 39 50 28 65 89
29 40 93 73 86 73
29 41 33 53 68 59
29 42 23 54 29 5
29 43 89 35 58 87
29 44 40 77 13 54
29 45 56 30 83 54
29 46 34 30 62 18
29 47 76 83 71 52
29 48 41 16 37 54
29 49 13 55 12 18
30 31 55 78 88 70
30 32 31 38 33 76
30 33 71 86 76 15
30 34 81 51 26 82
30 35 49 60 16 88
30 36 76 72 27 48
30 37 2 76 69 5
30 38 27 78 63 43
30 39 19 71 17 74
30 40 49 78 14 63
30 41 58 31 38 65
30 42 3 32 22 24
30 43 91 40 42 90
30 44 5 18 2 73
30 45 85 63 48 55
30 46 52 65 41 15
30 47 68 64 27 82
30 48 4 20 2 66
30 49 93 40 90 49
31 32 98 70 45 56
31 33 58 89 16 16
31 34 54 74 18 77
31 35 78 68 77 35
31 36 33 76 73 79
31 37 2 4 4 5
31 38 78 25 55 91
31 39 81 79 30 69
31 40 18 10 41 77
31 41 72 80 63 69
31 42 12 52 60 33
31 43 44 43 81 14
31 44 44 41 61 55
31 45 36 86 53 13
31 46 39 56 24 31
31 47 3 66 7 70
31 48 65 77 47 82
31 49 43 13 32 12
32 33 56 81 80 70
32 34 31 10 9 12
32 35 76 78 21 34
32 36 98 69 92 50
32 37 22 49 66 14
32 38 27 36 34 7
32 39 20 12 43 28
32 40 85 92 80 66
32 41 39 29 59 31
32 42 84 63 69 28
32 43 60 78 44 82
32 44 18 37 28 78
32 45 94 63 77 97
32 46 74 39 80 26
32 47 96 75 41 44
32 48 63 58 40 86
32 49 66 25 73 15
33 34 96 22 36 71
33 35 22 44 12 74
33 36 25 49 84 17
33 37 28 67 10 68
33 38 39 26 29 45
33 39 3 26 65 58
33 40 41 40 37 70
33 41 26 55 49 64
33 42 99 62 55 30
33 43 57 83 20 86
33 44 39 35 34 28
33 45 62 50 67 35
33 46 49 12 55 84
33 47 24 69 21 27
33 48 36 34 52 70
33 49 48 47 11 49
34 35 33 64 27 59
34 36 61 59 88 24
34 37 49 54 17 25
34 38 94 51 66 36
34 39 15 65 14 30
34 40 19 19 15 71
34 41 61 37 19 13
34 42 61 75 13 12
34 43 17 21 30 11
34 44 5 45 23 38
34 45 14 72 48 8
34 46 95 91 79 54
34 47 49 45 43 89
34 48 50 17 16 82
34 49 26 80 37 52
35 36 34 48 60 12
35 37 85 96 73 58
35 38 58 52 32 77
35 39 30 27 62 6
35 40 61 58 80 41
35 41 4 45 53 30
35 42 72 43 91 38
35 43 41 49 83 36
35 44 29 57 14 10
35 45 48 43 21 67
35 46 1 12 17 42
35 47 49 32 33 24
35 48 29 83 76 66
35 49 55 35 64 28
36 37 5 40 48 8
36 38 75 20 16 61
36 39 37 79 18 58
36 40 48 81 23 53
36 41 0 13 62 44
36 42 74 17 57 85
36 43 2 3 74 43
36 44 57 65 33 55
36 45 10 49 39 35
36 46 62 41 89 87
36 47 99 85 55 43
36 48 95 39 89 82
36 49 20 71 31 60
37 38 37 24 59 62
37 39 22 54 47 53
37 40 17 17 72 17
37 41 48 40 87 49
37 42 25 61 68 19
37 43 86 57 93 69
37 44 96 81 82 48
37 45 31 82 33 66
37 46 27 25 81 38
37 47 47 17 78 31
37 48 61 22 60 80
37 49 78 16 21 19
38 39 15 58 47 4
38 40 2 45 12 73
38 41 41 37 78 24
38 42 96 47 26 93
38 43 67 83 45 42
38 44 31 55 13 79
38 45 51 76 89 12
38 46 74 76 66 73
38 47 13 30 53 68
38 48 45 84 56 45
38 49 1 3 69 22
39 40 69 37 33 48
39 41 80 79 91 85
39 42 14 27 38 57
39 43 30 27 12 11
39 44 57 64 30 79
39 45 2 74 57 70
39 46 30 66 35 47
39 47 38 31 69 46
39 48 38 83 57 38
39 49 76 92 32 79
40 41 99 74 38 30
40 42 81 88 92 20
40 43 42 85 62 17
40 44 59 12 89 45
40 45 51 19 14 18
40 46 42 26 79 66
40 47 66 39 28 88
40 48 96 85 64 96
40 49 7 37 32 45
41 42 11 77 43 73
41 43 80 65 68 77
41 44 93 76 19 77
41 45 10 58 30 11
41 46 51 84 35 56
41 47 40 85 9 21
41 48 26 37 71 49
41 49 62 75 71 16
42 43 74 81 89 90
42 44 22 42 27 77
42 45 38 28 9 82
42 46 60 90 49 13
42 47 53 85 52 29
42 48 89 41 46 28
42 49 72 31 80 23
43 44 59 26 48 34
43 45 15 58 14 4
43 46 75 75 87 85
43 47 10 21 76 79
43 48 50 21 85 61
43 49 96 88 62 26
44 45 80 87 60 47
44 46 93 19 84 92
44 47 52 82 22 45
44 48 56 68 81 77
44 49 85 38 33 48
45 46 72 70 86 27
45 47 47 27 32 50
45 48 12 48 16 50
45 49 42 82 87 11
46 47 57 56 56 13
46 48 93 84 27 75
46 49 21 61 57 45
47 48 99 50 96 32
47 49 87 33 18 87
48 49 10 14 34 60
