100
0 1 23 54
0 10 5 31
1 2 6 21
1 11 0 16
2 3 59 38
2 12 49 58
3 4 23 21
3 13 57 72
4 5 2 2
4 14 67 78
5 6 45 55
5 15 44 65
6 7 84 78
6 16 0 4
7 8 19 14
7 17 3 26
8 9 49 36
8 18 13 17
9 19 1 9
10 11 95 71
10 20 87 66
11 12 28 43
11 21 19 40
12 13 57 43
12 22 36 47
13 14 20 41
13 23 45 65
14 15 12 8
14 24 65 78
15 16 22 19
15 25 53 34
16 17 82 78
16 26 15 10
17 18 60 48
17 27 16 31
18 19 43 30
18 28 90 55
19 29 81 63
20 21 73 76
20 30 70 44
21 22 38 41
21 31 23 44
22 23 69 58
22 32 63 66
23 24 3 22
23 33 10 42
24 25 86 73
24 34 82 60
25 26 10 16
25 35 71 48
26 27 62 47
26 36 70 64
27 28 24 17
27 37 44 51
28 29 86 87
28 38 88 87
29 39 69 49
30 31 76 59
30 40 19 46
31 32 66 76
31 41 37 34
32 33 86 74
32 42 96 66
33 34 83 83
33 43 7 39
34 35 85 51
34 44 59 56
35 36 21 52
35 45 52 32
36 37 25 48
36 46 11 27
37 38 48 50
37 47 60 48
38 39 16 32
38 48 79 82
39 49 55 48
40 41 52 60
40 50 57 62
41 42 53 63
41 51 49 42
42 43 18 42
42 52 21 45
43 44 30 24
43 53 69 72
44 45 83 79
44 54 57 49
45 46 82 83
45 55 26 42
46 47 67 51
46 56 23 17
47 48 62 64
47 57 19 38
48 49 83 88
48 58 50 36
49 59 4 17
50 51 52 58
50 60 81 88
51 52 49 46
51 61 79 49
52 53 23 31
52 62 6 12
53 54 40 40
53 63 74 66
54 55 67 74
54 64 36 38
55 56 60 60
55 65 95 78
56 57 93 80
56 66 12 27
57 58 3 21
57 67 18 45
58 59 74 53
58 68 92 80
59 69 3 30
60 61 76 52
60 70 94 85
61 62 16 29
61 71 23 35
62 63 43 65
62 72 43 47
63 64 47 52
63 73 16 14
64 65 71 60
64 74 95 75
65 66 39 52
65 75 7 32
66 67 51 57
66 76 52 55
67 68 61 53
67 77 56 50
68 69 61 64
68 78 83 63
69 79 62 54
70 71 73 65
70 80 83 84
71 72 27 44
71 81 68 57
72 73 0 23
72 82 17 17
73 74 32 29
73 83 48 31
74 75 84 79
74 84 15 15
75 76 32 21
75 85 40 34
76 77 15 32
76 86 52 58
77 78 67 61
77 87 85 79
78 79 48 54
78 88 1 5
79 89 91 72
80 81 34 42
80 90 2 5
81 82 91 81
81 91 40 47
82 83 57 41
82 92 91 77
83 84 97 62
83 93 36 25
84 85 64 53
84 94 43 33
85 86 56 51
85 95 66 41
86 87 46 50
86 96 79 77
87 88 93 83
87 97 56 34
88 89 69 69
88 98 49 43
89 99 29 33
90 91 58 56
91 92 21 37
92 93 32 48
93 94 24 22
94 95 37 44
95 96 87 67
96 97 26 40
97 98 22 28
98 99 60 43
