30
0 1 1 29
0 10 77 57
1 2 0 25
1 11 8 41
2 3 33 21
2 12 70 44
3 4 31 55
3 13 83 80
4 5 90 82
4 14 95 96
5 6 48 52
5 15 94 90
6 7 36 30
6 16 61 41
7 8 42 58
7 17 35 44
8 9 23 20
8 18 4 4
9 19 55 55
10 11 95 58
10 20 90 59
11 12 5 30
11 21 72 82
12 13 30 25
12 22 9 12
13 14 75 57
13 23 90 83
14 15 59 62
14 24 50 53
15 16 62 39
15 25 55 50
16 17 30 43
16 26 65 75
17 18 61 37
17 27 25 46
18 19 92 85
18 28 33 27
19 29 78 84
20 21 12 39
21 22 25 28
22 23 13 8
23 24 23 47
24 25 51 52
25 26 33 24
26 27 29 49
27 28 84 73
28 29 31 26
