33
0 1 38 63
0 11 99 75
1 2 34 50
1 12 99 61
2 3 63 43
2 13 44 35
3 4 22 50
3 14 93 69
4 5 80 68
4 15 20 26
5 6 48 36
5 16 48 45
6 7 70 60
6 17 17 37
7 8 5 24
7 18 79 71
8 9 38 34
8 19 22 44
9 10 55 73
9 20 56 62
10 21 84 75
11 12 46 46
11 22 65 55
12 13 74 71
12 23 6 26
13 14 10 33
13 24 29 53
14 15 69 65
14 25 26 28
15 16 25 19
15 26 67 47
16 17 91 74
16 27 96 76
17 18 16 23
17 28 50 62
18 19 63 44
18 29 98 75
19 20 78 49
19 30 96 75
20 21 34 58
20 31 11 15
21 32 76 52
22 23 78 57
23 24 85 90
24 25 16 41
25 26 77 61
26 27 47 52
27 28 63 75
28 29 48 65
29 30 58 55
30 31 49 32
31 32 6 10
