36
0 1 38 63
0 12 99 75
1 2 34 50
1 13 99 61
2 3 63 43
2 14 44 35
3 4 22 50
3 15 93 69
4 5 80 68
4 16 20 26
5 6 48 36
5 17 48 45
6 7 70 60
6 18 17 37
7 8 5 24
7 19 79 71
8 9 38 34
8 20 22 44
9 10 55 73
9 21 56 62
10 11 84 75
10 22 46 46
11 23 65 55
12 13 74 71
12 24 6 26
13 14 10 33
13 25 29 53
14 15 69 65
14 26 26 28
15 16 25 19
15 27 67 47
16 17 91 74
16 28 96 76
17 18 16 23
17 29 50 62
18 19 63 44
18 30 98 75
19 20 78 49
19 31 96 75
20 21 34 58
20 32 11 15
21 22 76 52
21 33 78 57
22 23 85 90
22 34 16 41
23 35 77 61
24 25 47 52
25 26 63 75
26 27 48 65
27 28 58 55
28 29 49 32
29 30 6 10
30 31 75 57
31 32 21 26
32 33 19 45
33 34 74 80
34 35 98 62
