44
0 1 68 63
0 11 41 52
1 2 74 45
1 12 37 28
2 3 66 56
2 13 11 26
3 4 52 36
3 14 54 51
4 5 10 15
4 15 72 45
5 6 11 11
5 16 23 44
6 7 61 74
6 17 60 63
7 8 28 35
7 18 48 39
8 9 49 57
8 19 24 36
9 10 27 40
9 20 82 69
10 21 73 53
11 12 50 58
11 22 99 78
12 13 86 70
12 23 19 16
13 14 29 49
13 24 77 84
14 15 17 45
14 25 24 49
15 16 46 39
15 26 48 44
16 17 99 85
16 27 40 25
17 18 46 43
17 28 54 37
18 19 31 54
18 29 88 79
19 20 78 68
19 30 55 50
20 21 29 38
20 31 72 51
21 32 96 92
22 23 24 17
22 33 17 47
23 24 37 42
23 34 11 36
24 25 89 88
24 35 20 35
25 26 29 53
25 36 43 64
26 27 45 57
26 37 7 26
27 28 81 70
27 38 66 48
28 29 49 60
28 39 49 67
29 30 97 76
29 40 68 59
30 31 82 82
30 41 61 66
31 32 52 53
31 42 3 34
32 43 14 37
33 34 24 26
34 35 80 83
35 36 37 46
36 37 26 47
37 38 37 45
38 39 48 48
39 40 14 22
40 41 66 61
41 42 75 46
42 43 39 55
