50
0 1 38 63
0 10 99 75
1 2 34 50
1 11 99 61
2 3 63 43
2 12 44 35
3 4 22 50
3 13 93 69
4 5 80 68
4 14 20 26
5 6 48 36
5 15 48 45
6 7 70 60
6 16 17 37
7 8 5 24
7 17 79 71
8 9 38 34
8 18 22 44
9 19 55 73
10 11 56 62
10 20 84 75
11 12 46 46
11 21 65 55
12 13 74 71
12 22 6 26
13 14 10 33
13 23 29 53
14 15 69 65
14 24 26 28
15 16 25 19
15 25 67 47
16 17 91 74
16 26 96 76
17 18 16 23
17 27 50 62
18 19 63 44
18 28 98 75
19 29 78 49
20 21 96 75
20 30 34 58
21 22 11 15
21 31 76 52
22 23 78 57
22 32 85 90
23 24 16 41
23 33 77 61
24 25 47 52
24 34 63 75
25 26 48 65
25 35 58 55
26 27 49 32
26 36 6 10
27 28 75 57
27 37 21 26
28 29 19 45
28 38 74 80
29 39 98 62
30 31 20 19
30 40 8 33
31 32 90 63
31 41 91 59
32 33 78 82
32 42 44 58
33 34 85 75
33 43 16 29
34 35 89 85
34 44 67 47
35 36 48 42
35 45 11 37
36 37 52 46
36 46 6 13
37 38 83 53
37 47 60 38
38 39 16 32
38 48 35 29
39 49 35 58
40 41 94 77
41 42 59 64
42 43 92 93
43 44 42 39
44 45 67 48
45 46 17 44
46 47 98 84
47 48 85 84
48 49 99 75
