55
0 1 38 63
0 11 99 75
1 2 34 50
1 12 99 61
2 3 63 43
2 13 44 35
3 4 22 50
3 14 93 69
4 5 80 68
4 15 20 26
5 6 48 36
5 16 48 45
6 7 70 60
6 17 17 37
7 8 5 24
7 18 79 71
8 9 38 34
8 19 22 44
9 10 55 73
9 20 56 62
10 21 84 75
11 12 46 46
11 22 65 55
12 13 74 71
12 23 6 26
13 14 10 33
13 24 29 53
14 15 69 65
14 25 26 28
15 16 25 19
15 26 67 47
16 17 91 74
16 27 96 76
17 18 16 23
17 28 50 62
18 19 63 44
18 29 98 75
19 20 78 49
19 30 96 75
20 21 34 58
20 31 11 15
21 32 76 52
22 23 78 57
22 33 85 90
23 24 16 41
23 34 77 61
24 25 47 52
24 35 63 75
25 26 48 65
25 36 58 55
26 27 49 32
26 37 6 10
27 28 75 57
27 38 21 26
28 29 19 45
28 39 74 80
29 30 98 62
29 40 20 19
30 31 8 33
30 41 90 63
31 32 91 59
31 42 78 82
32 43 44 58
33 34 85 75
33 44 16 29
34 35 89 85
34 45 67 47
35 36 48 42
35 46 11 37
36 37 52 46
36 47 6 13
37 38 83 53
37 48 60 38
38 39 16 32
38 49 35 29
39 40 35 58
39 50 94 77
40 41 59 64
40 51 92 93
41 42 42 39
41 52 67 48
42 43 17 44
42 53 98 84
43 54 85 84
44 45 99 75
45 46 61 70
46 47 44 30
47 48 47 56
48 49 90 77
49 50 81 60
50 51 12 12
51 52 73 46
52 53 44 59
53 54 69 73
