75
0 1 38 63
0 15 99 75
1 2 34 50
1 16 99 61
2 3 63 43
2 17 44 35
3 4 22 50
3 18 93 69
4 5 80 68
4 19 20 26
5 6 48 36
5 20 48 45
6 7 70 60
6 21 17 37
7 8 5 24
7 22 79 71
8 9 38 34
8 23 22 44
9 10 55 73
9 24 56 62
10 11 84 75
10 25 46 46
11 12 65 55
11 26 74 71
12 13 6 26
12 27 10 33
13 14 29 53
13 28 69 65
14 29 26 28
15 16 25 19
15 30 67 47
16 17 91 74
16 31 96 76
17 18 16 23
17 32 50 62
18 19 63 44
18 33 98 75
19 20 78 49
19 34 96 75
20 21 34 58
20 35 11 15
21 22 76 52
21 36 78 57
22 23 85 90
22 37 16 41
23 24 77 61
23 38 47 52
24 25 63 75
24 39 48 65
25 26 58 55
25 40 49 32
26 27 6 10
26 41 75 57
27 28 21 26
27 42 19 45
28 29 74 80
28 43 98 62
29 44 20 19
30 31 8 33
30 45 90 63
31 32 91 59
31 46 78 82
32 33 44 58
32 47 85 75
33 34 16 29
33 48 89 85
34 35 67 47
34 49 48 42
35 36 11 37
35 50 52 46
36 37 6 13
36 51 83 53
37 38 60 38
37 52 16 32
38 39 35 29
38 53 35 58
39 40 94 77
39 54 59 64
40 41 92 93
40 55 42 39
41 42 67 48
41 56 17 44
42 43 98 84
42 57 85 84
43 44 99 75
43 58 61 70
44 59 44 30
45 46 47 56
45 60 90 77
46 47 81 60
46 61 12 12
47 48 73 46
47 62 44 59
48 49 69 73
48 63 35 58
49 50 56 43
49 64 23 32
50 51 4 17
50 65 46 40
51 52 61 74
51 66 2 19
52 53 76 56
52 67 65 43
53 54 31 39
53 68 89 78
54 55 75 66
54 69 25 28
55 56 33 38
55 70 58 40
56 57 93 72
56 71 81 53
57 58 89 71
57 72 34 23
58 59 16 36
58 73 19 28
59 74 44 35
60 61 52 54
61 62 86 88
62 63 95 57
63 64 68 74
64 65 87 81
65 66 64 78
66 67 74 61
67 68 61 43
68 69 94 78
69 70 10 22
70 71 65 71
71 72 82 62
72 73 66 46
73 74 62 39
