96
0 1 38 63
0 48 99 75
1 2 34 50
1 49 99 61
2 3 63 43
2 50 44 35
3 4 22 50
3 51 93 69
4 5 80 68
4 52 20 26
5 6 48 36
5 53 48 45
6 7 70 60
6 54 17 37
7 8 5 24
7 55 79 71
8 9 38 34
8 56 22 44
9 10 55 73
9 57 56 62
10 11 84 75
10 58 46 46
11 12 65 55
11 59 74 71
12 13 6 26
12 60 10 33
13 14 29 53
13 61 69 65
14 15 26 28
14 62 25 19
15 16 67 47
15 63 91 74
16 17 96 76
16 64 16 23
17 18 50 62
17 65 63 44
18 19 98 75
18 66 78 49
19 20 96 75
19 67 34 58
20 21 11 15
20 68 76 52
21 22 78 57
21 69 85 90
22 23 16 41
22 70 77 61
23 24 47 52
23 71 63 75
24 25 48 65
24 72 58 55
25 26 49 32
25 73 6 10
26 27 75 57
26 74 21 26
27 28 19 45
27 75 74 80
28 29 98 62
28 76 20 19
29 30 8 33
29 77 90 63
30 31 91 59
30 78 78 82
31 32 44 58
31 79 85 75
32 33 16 29
32 80 89 85
33 34 67 47
33 81 48 42
34 35 11 37
34 82 52 46
35 36 6 13
35 83 83 53
36 37 60 38
36 84 16 32
37 38 35 29
37 85 35 58
38 39 94 77
38 86 59 64
39 40 92 93
39 87 42 39
40 41 67 48
40 88 17 44
41 42 98 84
41 89 85 84
42 43 99 75
42 90 61 70
43 44 44 30
43 91 47 56
44 45 90 77
44 92 81 60
45 46 12 12
45 93 73 46
46 47 44 59
46 94 69 73
47 95 35 58
48 49 56 43
49 50 23 32
50 51 4 17
51 52 46 40
52 53 61 74
53 54 2 19
54 55 76 56
55 56 65 43
56 57 31 39
57 58 89 78
58 59 75 66
59 60 25 28
60 61 33 38
61 62 58 40
62 63 93 72
63 64 81 53
64 65 89 71
65 66 34 23
66 67 16 36
67 68 19 28
68 69 44 35
69 70 52 54
70 71 86 88
71 72 95 57
72 73 68 74
73 74 87 81
74 75 64 78
75 76 74 61
76 77 61 43
77 78 94 78
78 79 10 22
79 80 65 71
80 81 82 62
81 82 66 46
82 83 62 39
83 84 32 20
84 85 79 86
85 86 78 62
86 87 96 63
87 88 63 50
88 89 69 51
89 90 90 71
90 91 51 63
91 92 84 72
92 93 48 44
93 94 38 48
94 95 35 60
