10
0 1 34 65 65
0 2 70 31 31
0 3 73 26 35
0 4 97 9 10
0 5 87 12 19
0 6 49 53 50
0 7 14 85 77
0 8 99 7 15
0 9 15 76 73
1 2 16 80 72
1 3 34 58 60
1 4 76 20 28
1 5 98 15 3
1 6 30 73 72
1 7 78 29 26
1 8 40 52 62
1 9 56 39 43
2 3 5 81 86
2 4 95 15 16
2 5 19 73 80
2 6 16 78 78
2 7 18 80 82
2 8 8 91 80
2 9 98 13 15
3 4 76 20 31
3 5 58 49 46
3 6 39 60 52
3 7 28 60 72
3 8 79 25 20
3 9 79 20 27
4 5 36 62 57
4 6 79 18 18
4 7 30 73 62
4 8 82 22 17
4 9 67 32 36
5 6 1 85 91
5 7 18 75 77
5 8 66 28 30
5 9 75 34 25
6 7 29 69 64
6 8 79 17 18
6 9 21 77 69
7 8 41 53 53
7 9 69 28 26
8 9 42 51 55
