12
0 1 77 12 35
0 2 8 89 81
0 3 26 46 57
0 4 31 62 65
0 5 65 45 28
0 6 40 72 35
0 7 10 72 80
0 8 12 54 74
0 9 0 96 84
0 10 2 74 65
0 11 27 38 73
1 2 44 77 56
1 3 74 44 45
1 4 69 29 61
1 5 64 42 20
1 6 41 74 37
1 7 15 55 70
1 8 96 3 42
1 9 7 49 57
1 10 15 54 75
1 11 37 41 74
2 3 45 58 58
2 4 93 3 39
2 5 11 92 76
2 6 54 23 36
2 7 50 62 46
2 8 80 43 15
2 9 10 84 72
2 10 83 45 50
2 11 94 29 3
3 4 36 54 36
3 5 54 37 26
3 6 52 54 54
3 7 3 71 64
3 8 17 49 73
3 9 34 62 44
3 10 16 43 63
3 11 75 61 58
4 5 79 53 49
4 6 95 13 44
4 7 90 33 7
4 8 41 41 46
4 9 1 76 73
4 10 20 43 44
4 11 70 27 64
5 6 4 71 62
5 7 76 21 38
5 8 49 26 27
5 9 27 79 85
5 10 75 21 55
5 11 45 68 34
6 7 66 44 56
6 8 49 51 40
6 9 11 51 84
6 10 65 57 24
6 11 56 54 64
7 8 1 73 89
7 9 74 23 35
7 10 16 81 55
7 11 97 25 15
8 9 63 24 61
8 10 48 29 50
8 11 54 64 59
9 10 26 82 65
9 11 90 41 23
10 11 91 13 33
