15
0 1 6 77 31
0 2 69 75 31
0 3 82 19 38
0 4 11 39 59
0 5 53 74 20
0 6 81 71 9
0 7 70 15 33
0 8 45 80 90
0 9 11 75 56
0 10 57 51 58
0 11 12 24 82
0 12 52 23 33
0 13 52 38 53
0 14 58 86 86
1 2 94 79 47
1 3 97 0 79
1 4 24 33 93
1 5 16 77 88
1 6 92 70 67
1 7 83 26 47
1 8 35 31 47
1 9 69 42 32
1 10 7 79 98
1 11 47 27 75
1 12 38 13 46
1 13 62 84 17
1 14 2 39 87
2 3 62 87 9
2 4 33 88 69
2 5 87 34 28
2 6 81 32 81
2 7 40 88 69
2 8 65 80 10
2 9 54 55 68
2 10 11 68 28
2 11 69 43 59
2 12 40 58 71
2 13 10 21 41
2 14 34 23 85
3 4 65 23 58
3 5 7 64 96
3 6 88 9 79
3 7 14 31 56
3 8 12 61 40
3 9 49 53 72
3 10 91 29 70
3 11 58 21 11
3 12 62 8 70
3 13 90 5 77
3 14 91 53 14
4 5 71 43 75
4 6 61 73 38
4 7 36 20 62
4 8 72 10 41
4 9 42 23 56
4 10 58 80 38
4 11 47 20 66
4 12 49 55 52
4 13 35 30 31
4 14 81 51 20
5 6 31 46 70
5 7 30 80 35
5 8 92 39 37
5 9 45 61 38
5 10 32 21 50
5 11 34 91 38
5 12 54 68 83
5 13 90 23 37
5 14 92 13 33
6 7 80 29 44
6 8 67 8 35
6 9 3 20 74
6 10 35 43 42
6 11 10 68 70
6 12 39 19 33
6 13 99 76 77
6 14 91 28 20
7 8 59 61 84
7 9 71 28 15
7 10 69 64 70
7 11 77 48 62
7 12 56 62 10
7 13 29 14 44
7 14 51 43 81
8 9 5 87 79
8 10 45 72 57
8 11 15 35 68
8 12 98 4 51
8 13 83 16 32
8 14 91 60 49
9 10 27 24 30
9 11 26 86 40
9 12 96 37 31
9 13 36 50 19
9 14 32 72 16
10 11 72 35 84
10 12 44 47 69
10 13 70 9 56
10 14 27 64 15
11 12 46 69 11
11 13 29 51 21
11 14 96 69 68
12 13 69 38 11
12 14 64 34 87
13 14 59 67 54
