15
0 1 78 37 49
0 2 64 34 56
0 3 83 10 30
0 4 53 36 26
0 5 17 52 49
0 6 27 59 86
0 7 44 47 44
0 8 78 36 26
0 9 55 51 33
0 10 28 48 53
0 11 35 32 50
0 12 66 24 46
0 13 70 15 57
0 14 31 37 38
1 2 24 43 54
1 3 32 67 47
1 4 65 52 40
1 5 65 36 43
1 6 41 60 53
1 7 95 45 26
1 8 55 70 59
1 9 25 58 73
1 10 61 28 21
1 11 67 36 40
1 12 25 59 44
1 13 11 79 75
1 14 43 44 70
2 3 80 26 29
2 4 80 23 49
2 5 36 63 56
2 6 30 51 51
2 7 4 92 81
2 8 6 52 65
2 9 48 29 54
2 10 4 91 71
2 11 34 61 68
2 12 14 74 59
2 13 61 65 68
2 14 21 86 42
3 4 13 69 76
3 5 23 39 76
3 6 1 84 50
3 7 86 53 12
3 8 17 73 70
3 9 29 44 65
3 10 51 66 41
3 11 1 82 53
3 12 85 35 28
3 13 8 59 77
3 14 21 63 68
4 5 19 55 65
4 6 62 52 67
4 7 62 62 35
4 8 57 53 47
4 9 44 57 33
4 10 45 30 67
4 11 3 83 60
4 12 43 75 44
4 13 81 52 26
4 14 3 76 95
5 6 19 82 81
5 7 44 33 44
5 8 38 31 35
5 9 48 29 25
5 10 22 54 82
5 11 71 16 31
5 12 78 38 25
5 13 78 41 29
5 14 55 31 65
6 7 42 29 63
6 8 98 39 36
6 9 28 70 37
6 10 74 13 26
6 11 38 65 50
6 12 63 39 25
6 13 89 49 54
6 14 12 57 74
7 8 87 39 35
7 9 23 66 40
7 10 58 58 50
7 11 74 47 16
7 12 12 55 85
7 13 49 63 33
7 14 76 20 34
8 9 78 32 22
8 10 2 71 85
8 11 31 57 54
8 12 94 3 45
8 13 62 61 20
8 14 38 74 55
9 10 84 40 50
9 11 85 37 18
9 12 69 18 15
9 13 5 51 66
9 14 54 53 67
10 11 15 84 50
10 12 70 28 21
10 13 16 85 45
10 14 29 63 38
11 12 11 83 63
11 13 80 12 53
11 14 67 51 43
12 13 5 51 75
12 14 56 47 45
13 14 86 34 50
