17
0 1 22 86 87
0 2 52 69 84
0 3 38 31 55
0 4 38 73 53
0 5 47 85 46
0 6 70 10 56
0 7 91 47 79
0 8 94 44 33
0 9 95 65 47
0 10 70 13 83
0 11 84 8 22
0 12 96 73 73
0 13 8 75 77
0 14 39 80 27
0 15 88 60 5
0 16 61 16 65
1 2 72 51 45
1 3 67 63 62
1 4 24 48 87
1 5 62 7 69
1 6 60 9 19
1 7 87 78 38
1 8 35 37 14
1 9 38 31 25
1 10 89 31 71
1 11 7 90 59
1 12 35 43 23
1 13 93 57 75
1 14 51 59 21
1 15 20 20 52
1 16 56 54 21
2 3 88 56 3
2 4 37 26 67
2 5 40 29 36
2 6 42 74 60
2 7 28 34 77
2 8 58 40 25
2 9 85 62 55
2 10 47 35 43
2 11 74 16 31
2 12 10 31 42
2 13 88 52 48
2 14 82 7 14
2 15 47 63 47
2 16 65 72 23
3 4 81 38 46
3 5 46 83 38
3 6 21 44 39
3 7 44 35 63
3 8 9 51 89
3 9 23 64 59
3 10 82 78 34
3 11 95 75 19
3 12 17 34 38
3 13 96 70 50
3 14 5 61 24
3 15 86 4 29
3 16 5 60 24
4 5 26 44 28
4 6 80 68 73
4 7 7 32 85
4 8 90 47 45
4 9 0 37 97
4 10 89 7 79
4 11 72 12 57
4 12 46 74 57
4 13 33 73 14
4 14 17 22 91
4 15 93 69 51
4 16 65 57 34
5 6 21 36 65
5 7 79 42 20
5 8 19 86 84
5 9 73 69 38
5 10 48 69 10
5 11 74 30 29
5 12 67 71 57
5 13 86 73 56
5 14 35 55 83
5 15 78 18 27
5 16 82 6 46
6 7 92 79 38
6 8 31 65 48
6 9 57 44 76
6 10 44 82 83
6 11 56 74 21
6 12 7 36 45
6 13 64 31 38
6 14 46 42 17
6 15 33 78 80
6 16 33 68 68
7 8 18 83 91
7 9 36 89 16
7 10 24 21 61
7 11 7 60 93
7 12 89 33 40
7 13 89 79 81
7 14 32 80 41
7 15 56 57 36
7 16 12 92 72
8 9 3 78 46
8 10 34 16 32
8 11 97 56 10
8 12 39 60 42
8 13 49 74 55
8 14 93 6 9
8 15 23 89 93
8 16 16 94 32
9 10 46 47 89
9 11 80 51 30
9 12 44 11 42
9 13 12 59 24
9 14 85 69 6
9 15 62 85 8
9 16 56 47 84
10 11 99 33 58
10 12 50 88 78
10 13 17 27 32
10 14 54 16 80
10 15 73 18 61
10 16 63 30 83
11 12 32 39 19
11 13 79 23 63
11 14 23 58 61
11 15 68 37 74
11 16 1 81 22
12 13 95 48 1
12 14 8 83 50
12 15 50 57 88
12 16 65 11 54
13 14 2 31 96
13 15 40 58 89
13 16 9 47 70
14 15 24 56 23
14 16 22 95 71
15 16 95 15 8
