17
0 1 15 86 83
0 2 91 16 16
0 3 42 61 60
0 4 22 74 71
0 5 76 32 27
0 6 12 80 85
0 7 38 59 63
0 8 58 46 49
0 9 83 21 27
0 10 60 36 40
0 11 80 25 26
0 12 20 78 82
0 13 92 15 14
0 14 85 23 22
0 15 40 53 52
0 16 29 70 73
1 2 48 52 52
1 3 50 43 47
1 4 70 40 39
1 5 13 78 83
1 6 76 32 30
1 7 36 57 57
1 8 27 70 61
1 9 44 60 47
1 10 4 82 81
1 11 60 46 46
1 12 15 74 78
1 13 15 84 86
1 14 22 71 76
1 15 18 72 77
1 16 42 55 55
2 3 13 78 74
2 4 99 3 14
2 5 70 32 28
2 6 93 16 12
2 7 93 12 15
2 8 21 76 74
2 9 49 56 46
2 10 69 28 37
2 11 49 53 47
2 12 86 19 14
2 13 18 84 82
2 14 29 71 73
2 15 58 40 35
2 16 81 28 26
3 4 16 75 81
3 5 89 22 10
3 6 42 48 53
3 7 67 41 37
3 8 60 45 42
3 9 51 46 50
3 10 84 21 27
3 11 51 50 47
3 12 92 11 14
3 13 70 39 38
3 14 17 73 77
3 15 84 26 23
3 16 97 15 12
4 5 69 38 40
4 6 78 19 31
4 7 89 14 19
4 8 12 78 77
4 9 46 59 59
4 10 31 72 68
4 11 29 74 61
4 12 86 14 25
4 13 34 58 61
4 14 96 11 14
4 15 68 33 34
4 16 90 18 15
5 6 65 30 36
5 7 58 48 43
5 8 51 52 50
5 9 71 24 28
5 10 51 51 48
5 11 47 45 54
5 12 88 14 17
5 13 41 53 60
5 14 48 58 56
5 15 18 70 73
5 16 40 65 60
6 7 0 98 92
6 8 12 78 78
6 9 57 49 44
6 10 25 66 75
6 11 45 51 58
6 12 76 25 23
6 13 58 36 37
6 14 81 20 23
6 15 87 25 25
6 16 5 84 88
7 8 1 86 86
7 9 17 80 83
7 10 82 18 26
7 11 15 72 73
7 12 1 85 91
7 13 61 47 33
7 14 12 81 78
7 15 55 48 47
7 16 19 72 73
8 9 83 16 18
8 10 38 65 65
8 11 92 7 19
8 12 73 36 35
8 13 28 72 69
8 14 92 19 9
8 15 8 81 77
8 16 92 20 15
9 10 61 46 44
9 11 62 34 39
9 12 35 65 58
9 13 46 56 51
9 14 4 86 90
9 15 28 69 66
9 16 42 49 54
10 11 51 52 45
10 12 51 50 45
10 13 74 31 24
10 14 49 57 55
10 15 9 83 85
10 16 42 62 56
11 12 8 92 85
11 13 38 63 52
11 14 94 10 8
11 15 78 20 21
11 16 47 46 53
12 13 87 10 21
12 14 1 93 87
12 15 32 61 57
12 16 41 60 57
13 14 87 23 16
13 15 34 55 68
13 16 18 69 71
14 15 32 68 66
14 16 89 12 10
15 16 49 54 53
