17
0 1 43 62 69
0 2 96 24 40
0 3 89 22 28
0 4 79 34 14
0 5 60 51 43
0 6 64 36 33
0 7 12 70 44
0 8 73 45 25
0 9 83 40 49
0 10 33 54 68
0 11 98 16 26
0 12 42 47 76
0 13 59 55 52
0 14 38 36 61
0 15 29 36 43
0 16 58 31 38
1 2 97 18 2
1 3 31 80 70
1 4 77 42 56
1 5 57 51 52
1 6 45 33 57
1 7 40 51 72
1 8 40 64 62
1 9 36 53 42
1 10 60 27 49
1 11 52 29 28
1 12 1 85 88
1 13 66 27 46
1 14 24 58 84
1 15 48 73 45
1 16 45 57 54
2 3 40 68 44
2 4 33 42 34
2 5 21 67 58
2 6 29 49 43
2 7 30 77 72
2 8 92 9 49
2 9 83 46 51
2 10 94 5 15
2 11 85 56 46
2 12 17 51 83
2 13 26 77 58
2 14 16 46 65
2 15 61 29 41
2 16 28 39 44
3 4 32 69 59
3 5 1 81 75
3 6 0 98 95
3 7 8 88 88
3 8 75 48 52
3 9 58 63 65
3 10 36 77 57
3 11 85 20 43
3 12 52 56 29
3 13 12 83 57
3 14 30 36 82
3 15 55 60 66
3 16 34 44 68
4 5 53 41 52
4 6 69 48 40
4 7 9 55 94
4 8 3 59 92
4 9 47 54 31
4 10 90 19 16
4 11 84 18 56
4 12 73 50 18
4 13 49 72 29
4 14 85 11 34
4 15 58 60 23
4 16 39 61 54
5 6 77 11 55
5 7 93 42 30
5 8 35 51 82
5 9 7 68 83
5 10 18 56 60
5 11 25 82 37
5 12 85 48 17
5 13 40 37 49
5 14 78 33 50
5 15 9 87 70
5 16 18 53 60
6 7 68 31 48
6 8 37 70 51
6 9 17 91 76
6 10 18 47 82
6 11 31 40 44
6 12 76 61 18
6 13 17 80 77
6 14 86 52 55
6 15 1 84 85
6 16 79 37 47
7 8 73 60 17
7 9 46 52 38
7 10 76 25 41
7 11 89 27 14
7 12 6 66 53
7 13 67 18 21
7 14 37 71 31
7 15 46 45 47
7 16 76 56 22
8 9 97 44 46
8 10 35 69 41
8 11 22 85 63
8 12 65 30 24
8 13 47 40 45
8 14 61 32 61
8 15 4 52 61
8 16 61 59 26
9 10 23 87 74
9 11 98 49 26
9 12 67 21 24
9 13 99 28 28
9 14 85 45 24
9 15 98 14 15
9 16 17 47 42
10 11 19 82 49
10 12 71 24 63
10 13 24 79 86
10 14 83 21 10
10 15 77 40 59
10 16 56 66 32
11 12 72 56 22
11 13 34 69 42
11 14 40 52 40
11 15 4 93 65
11 16 72 23 51
12 13 56 23 65
12 14 49 43 61
12 15 90 14 17
12 16 20 48 86
13 14 21 84 43
13 15 7 74 54
13 16 66 44 56
14 15 89 13 22
14 16 16 88 55
15 16 35 62 50
