20
0 1 59 27 52
0 2 29 81 61
0 3 45 46 52
0 4 55 30 55
0 5 4 84 96
0 6 53 24 28
0 7 34 82 54
0 8 22 79 57
0 9 68 29 33
0 10 47 28 48
0 11 23 52 51
0 12 38 79 78
0 13 70 42 57
0 14 25 63 37
0 15 28 46 73
0 16 85 56 40
0 17 7 84 52
0 18 99 24 30
0 19 92 50 36
1 2 59 50 49
1 3 21 83 47
1 4 25 84 72
1 5 25 51 41
1 6 15 84 49
1 7 92 37 24
1 8 67 52 42
1 9 65 42 19
1 10 68 28 63
1 11 91 34 13
1 12 1 63 90
1 13 15 86 55
1 14 91 7 27
1 15 94 32 39
1 16 9 73 65
1 17 3 74 51
1 18 69 31 64
1 19 0 58 54
2 3 11 44 70
2 4 9 72 92
2 5 55 59 72
2 6 72 51 63
2 7 38 49 71
2 8 23 40 75
2 9 70 44 15
2 10 24 86 65
2 11 82 45 18
2 12 47 59 29
2 13 30 68 56
2 14 95 5 43
2 15 35 73 51
2 16 65 43 44
2 17 13 68 49
2 18 60 66 42
2 19 70 51 20
3 4 58 60 24
3 5 22 73 71
3 6 66 39 38
3 7 20 50 53
3 8 33 71 39
3 9 62 68 67
3 10 75 13 39
3 11 79 13 24
3 12 19 89 79
3 13 12 79 51
3 14 88 43 35
3 15 25 59 65
3 16 4 52 64
3 17 90 51 5
3 18 30 81 52
3 19 45 71 54
4 5 47 54 56
4 6 33 51 70
4 7 37 68 67
4 8 79 41 13
4 9 23 42 56
4 10 11 85 79
4 11 76 41 28
4 12 39 40 38
4 13 7 75 66
4 14 61 37 43
4 15 13 92 63
4 16 25 80 86
4 17 16 75 52
4 18 68 20 30
4 19 48 61 73
5 6 62 50 47
5 7 28 55 60
5 8 40 57 43
5 9 10 73 53
5 10 73 48 48
5 11 82 52 50
5 12 68 64 60
5 13 5 52 59
5 14 82 32 53
5 15 52 51 61
5 16 76 52 60
5 17 5 47 65
5 18 65 45 53
5 19 91 46 51
6 7 22 49 76
6 8 39 69 42
6 9 6 49 83
6 10 85 20 17
6 11 76 39 38
6 12 57 28 60
6 13 63 45 24
6 14 60 59 41
6 15 7 61 47
6 16 86 49 47
6 17 30 55 60
6 18 22 85 70
6 19 40 35 35
7 8 53 58 54
7 9 53 36 52
7 10 42 78 49
7 11 63 36 21
7 12 30 38 36
7 13 12 56 67
7 14 29 64 73
7 15 43 35 49
7 16 88 6 42
7 17 13 91 61
7 18 79 41 57
7 19 19 76 81
8 9 50 47 67
8 10 61 68 44
8 11 12 78 66
8 12 86 17 47
8 13 84 23 39
8 14 24 63 62
8 15 70 39 17
8 16 72 63 57
8 17 0 98 97
8 18 5 75 71
8 19 77 52 21
9 10 90 7 27
9 11 88 37 19
9 12 14 89 75
9 13 59 47 58
9 14 98 44 19
9 15 81 16 33
9 16 30 70 51
9 17 49 74 74
9 18 42 38 52
9 19 89 26 41
10 11 67 42 39
10 12 30 84 42
10 13 98 27 38
10 14 40 69 71
10 15 55 32 45
10 16 61 20 44
10 17 38 55 77
10 18 8 67 89
10 19 85 30 21
11 12 59 36 27
11 13 0 61 96
11 14 60 21 69
11 15 96 37 36
11 16 32 61 56
11 17 87 27 37
11 18 58 60 64
11 19 30 47 72
12 13 35 75 82
12 14 72 61 33
12 15 30 53 35
12 16 36 63 50
12 17 52 28 48
12 18 54 71 41
12 19 48 68 67
13 14 68 18 37
13 15 11 54 60
13 16 56 62 52
13 17 88 22 42
13 18 34 34 51
13 19 18 50 65
14 15 28 36 65
14 16 6 74 88
14 17 44 63 50
14 18 65 53 25
14 19 94 50 11
15 16 16 56 89
15 17 41 41 47
15 18 68 26 37
15 19 26 53 69
16 17 43 45 60
16 18 94 11 9
16 19 25 81 41
17 18 70 62 50
17 19 19 87 82
18 19 97 49 43
