20
0 1 86 66 58
0 2 34 83 17
0 3 43 88 52
0 4 62 51 27
0 5 38 55 90
0 6 5 59 54
0 7 8 77 36
0 8 86 9 31
0 9 70 18 37
0 10 70 28 26
0 11 91 14 13
0 12 65 17 65
0 13 85 12 60
0 14 31 35 20
0 15 74 80 63
0 16 8 29 96
0 17 20 62 39
0 18 87 61 33
0 19 93 41 8
1 2 44 51 57
1 3 83 3 46
1 4 46 42 37
1 5 16 26 68
1 6 17 22 24
1 7 9 69 69
1 8 8 46 40
1 9 44 47 76
1 10 15 39 60
1 11 76 25 79
1 12 79 42 57
1 13 85 78 75
1 14 17 71 69
1 15 79 53 29
1 16 87 32 26
1 17 34 90 29
1 18 80 32 54
1 19 60 48 81
2 3 83 46 37
2 4 38 54 17
2 5 41 87 83
2 6 31 18 87
2 7 48 69 14
2 8 74 69 79
2 9 46 28 82
2 10 69 14 24
2 11 66 45 80
2 12 83 8 48
2 13 71 53 84
2 14 9 71 85
2 15 20 44 84
2 16 6 32 50
2 17 19 71 59
2 18 22 16 23
2 19 9 98 18
3 4 96 3 37
3 5 61 58 37
3 6 98 68 7
3 7 90 28 39
3 8 41 56 27
3 9 91 25 71
3 10 38 57 59
3 11 20 28 23
3 12 93 72 45
3 13 58 85 81
3 14 97 27 68
3 15 92 48 78
3 16 92 73 41
3 17 98 77 69
3 18 72 37 36
3 19 29 23 93
4 5 57 35 60
4 6 1 72 53
4 7 24 89 61
4 8 85 59 70
4 9 16 68 56
4 10 52 53 84
4 11 7 60 88
4 12 35 29 28
4 13 73 74 83
4 14 89 2 51
4 15 69 16 79
4 16 74 25 76
4 17 36 27 40
4 18 39 80 34
4 19 31 67 41
5 6 30 83 63
5 7 96 70 1
5 8 58 67 59
5 9 27 46 20
5 10 49 24 38
5 11 7 58 35
5 12 30 73 52
5 13 74 46 73
5 14 0 66 53
5 15 43 27 24
5 16 44 11 37
5 17 28 88 30
5 18 41 38 77
5 19 36 26 46
6 7 36 43 88
6 8 36 26 75
6 9 33 24 33
6 10 3 85 95
6 11 23 34 46
6 12 16 91 69
6 13 2 30 31
6 14 62 21 24
6 15 23 94 93
6 16 46 28 16
6 17 47 43 86
6 18 38 85 91
6 19 13 62 36
7 8 83 37 12
7 9 71 61 19
7 10 33 28 63
7 11 48 73 35
7 12 47 29 38
7 13 48 72 61
7 14 9 89 20
7 15 54 75 23
7 16 30 22 47
7 17 2 80 56
7 18 89 45 57
7 19 38 85 73
8 9 11 97 68
8 10 94 32 26
8 11 84 67 76
8 12 76 54 33
8 13 30 39 78
8 14 75 24 74
8 15 5 89 81
8 16 5 58 82
8 17 35 33 23
8 18 32 69 51
8 19 66 37 57
9 10 85 45 29
9 11 80 42 63
9 12 59 67 84
9 13 8 57 21
9 14 76 71 63
9 15 71 31 79
9 16 63 71 40
9 17 95 16 37
9 18 11 86 64
9 19 62 42 36
10 11 4 51 36
10 12 66 61 61
10 13 21 62 41
10 14 36 87 22
10 15 94 54 12
10 16 48 66 12
10 17 68 31 61
10 18 92 9 19
10 19 18 64 42
11 12 56 43 20
11 13 89 9 43
11 14 51 62 37
11 15 27 15 35
11 16 35 53 88
11 17 55 32 20
11 18 76 61 15
11 19 14 52 56
12 13 13 28 41
12 14 3 19 74
12 15 45 13 30
12 16 81 9 74
12 17 55 52 13
12 18 83 15 46
12 19 70 23 67
13 14 95 30 22
13 15 64 80 13
13 16 33 87 78
13 17 63 22 17
13 18 51 14 29
13 19 95 18 54
14 15 9 26 74
14 16 25 87 78
14 17 66 86 22
14 18 61 33 12
14 19 9 40 96
15 16 92 6 23
15 17 21 18 17
15 18 33 14 67
15 19 56 79 62
16 17 39 71 35
16 18 36 59 19
16 19 13 27 66
17 18 19 23 65
17 19 78 24 68
18 19 83 60 7
