22
0 1 45 52 52
0 2 5 86 85
0 3 52 50 44
0 4 73 28 25
0 5 62 40 33
0 6 35 65 59
0 7 75 29 25
0 8 49 45 48
0 9 88 22 10
0 10 23 75 70
0 11 6 79 80
0 12 75 35 25
0 13 26 64 63
0 14 96 16 15
0 15 11 75 76
0 16 88 10 22
0 17 13 75 77
0 18 61 39 39
0 19 47 50 48
0 20 4 92 94
0 21 16 76 71
1 2 13 81 83
1 3 67 29 33
1 4 31 64 70
1 5 28 71 67
1 6 93 11 15
1 7 97 11 14
1 8 23 67 75
1 9 5 92 90
1 10 90 18 19
1 11 6 83 81
1 12 46 54 59
1 13 61 36 46
1 14 9 81 87
1 15 76 30 32
1 16 77 32 23
1 17 29 62 61
1 18 50 46 56
1 19 28 72 71
1 20 42 60 60
1 21 1 94 97
2 3 10 81 80
2 4 55 50 38
2 5 50 49 45
2 6 89 23 9
2 7 27 74 64
2 8 28 67 65
2 9 0 95 86
2 10 86 25 18
2 11 77 20 19
2 12 32 63 65
2 13 96 2 7
2 14 53 48 51
2 15 45 50 47
2 16 26 65 72
2 17 60 43 46
2 18 26 66 62
2 19 62 43 32
2 20 85 13 25
2 21 60 38 44
3 4 24 73 67
3 5 51 52 54
3 6 29 63 71
3 7 54 52 53
3 8 77 27 19
3 9 87 21 21
3 10 84 14 23
3 11 41 51 54
3 12 63 43 38
3 13 2 93 96
3 14 41 51 54
3 15 64 42 43
3 16 0 90 84
3 17 54 42 47
3 18 95 8 12
3 19 41 64 60
3 20 69 40 27
3 21 21 75 75
4 5 86 19 14
4 6 98 2 2
4 7 7 79 93
4 8 5 84 93
4 9 82 29 22
4 10 75 27 22
4 11 18 73 83
4 12 19 79 81
4 13 40 57 53
4 14 10 79 85
4 15 25 64 72
4 16 99 9 15
4 17 90 21 12
4 18 60 36 46
4 19 31 72 59
4 20 53 47 48
4 21 41 61 61
5 6 73 33 32
5 7 44 49 56
5 8 11 76 89
5 9 62 37 35
5 10 9 84 85
5 11 25 67 78
5 12 97 6 12
5 13 75 26 27
5 14 45 47 51
5 15 75 26 24
5 16 84 24 17
5 17 66 35 35
5 18 99 12 3
5 19 0 95 95
5 20 63 38 38
5 21 29 59 69
6 7 47 48 49
6 8 93 17 18
6 9 61 33 37
6 10 45 51 50
6 11 86 18 17
6 12 11 79 76
6 13 79 22 29
6 14 70 34 30
6 15 5 88 88
6 16 46 55 50
6 17 72 38 35
6 18 11 88 83
6 19 61 35 45
6 20 17 85 85
6 21 20 81 78
7 8 98 2 3
7 9 17 80 83
7 10 96 16 4
7 11 78 25 28
7 12 81 29 15
7 13 84 23 23
7 14 89 14 8
7 15 89 16 16
7 16 85 22 27
7 17 8 87 79
7 18 66 33 42
7 19 27 75 68
7 20 18 82 79
7 21 83 23 16
8 9 26 63 67
8 10 81 18 30
8 11 46 59 49
8 12 73 36 23
8 13 98 12 8
8 14 76 30 23
8 15 3 88 83
8 16 53 43 53
8 17 34 57 66
8 18 10 79 79
8 19 28 66 62
8 20 43 52 51
8 21 92 8 20
9 10 58 39 49
9 11 26 65 64
9 12 6 81 86
9 13 22 80 77
9 14 68 34 40
9 15 50 55 50
9 16 54 52 52
9 17 71 29 29
9 18 98 11 1
9 19 25 64 73
9 20 37 58 53
9 21 19 68 74
10 11 12 81 78
10 12 89 21 23
10 13 91 12 21
10 14 34 68 58
10 15 11 79 90
10 16 44 60 58
10 17 1 92 87
10 18 61 41 40
10 19 14 78 83
10 20 14 73 79
10 21 44 59 58
11 12 50 49 55
11 13 70 34 35
11 14 84 18 14
11 15 40 57 63
11 16 46 49 58
11 17 55 40 50
11 18 12 81 88
11 19 84 18 15
11 20 70 34 32
11 21 2 92 91
12 13 85 12 13
12 14 67 39 34
12 15 23 67 67
12 16 65 41 34
12 17 40 60 62
12 18 40 58 52
12 19 18 74 70
12 20 8 91 86
12 21 85 25 18
13 14 42 58 58
13 15 58 49 43
13 16 55 51 38
13 17 47 49 44
13 18 24 77 67
13 19 98 6 11
13 20 50 54 50
13 21 78 21 28
14 15 74 24 23
14 16 58 47 47
14 17 61 44 38
14 18 98 7 8
14 19 59 43 37
14 20 34 55 67
14 21 26 63 71
15 16 66 34 39
15 17 90 9 13
15 18 1 85 96
15 19 78 29 18
15 20 17 85 80
15 21 59 41 39
16 17 26 63 66
16 18 30 68 72
16 19 65 35 38
16 20 93 13 14
16 21 0 94 97
17 18 74 30 36
17 19 51 47 44
17 20 48 57 45
17 21 69 27 39
18 19 99 7 5
18 20 13 74 81
18 21 78 30 26
19 20 57 44 49
19 21 66 39 29
20 21 16 81 77
