22
0 1 23 63 84
0 2 10 66 68
0 3 50 53 26
0 4 30 77 79
0 5 96 31 7
0 6 38 58 40
0 7 50 56 32
0 8 13 46 76
0 9 91 28 21
0 10 98 37 28
0 11 25 43 58
0 12 54 39 23
0 13 96 35 10
0 14 5 65 56
0 15 62 53 65
0 16 70 45 31
0 17 32 58 36
0 18 14 49 73
0 19 68 30 23
0 20 4 71 72
0 21 70 60 54
1 2 70 45 14
1 3 57 35 54
1 4 33 34 52
1 5 18 82 46
1 6 35 35 33
1 7 90 7 35
1 8 49 49 59
1 9 3 57 95
1 10 93 12 49
1 11 82 18 49
1 12 38 61 61
1 13 18 56 42
1 14 60 35 37
1 15 74 52 41
1 16 47 75 55
1 17 84 38 42
1 18 87 37 28
1 19 48 58 60
1 20 21 87 66
1 21 24 82 44
2 3 95 27 17
2 4 19 73 70
2 5 71 41 28
2 6 18 47 58
2 7 13 87 60
2 8 88 14 26
2 9 34 45 71
2 10 91 37 29
2 11 56 54 24
2 12 75 45 44
2 13 61 44 26
2 14 29 61 36
2 15 22 48 47
2 16 15 62 45
2 17 20 85 47
2 18 71 51 20
2 19 79 25 34
2 20 12 76 68
2 21 27 68 57
3 4 94 8 40
3 5 65 56 63
3 6 25 58 67
3 7 89 8 21
3 8 90 18 44
3 9 47 26 42
3 10 12 58 47
3 11 90 34 30
3 12 6 77 59
3 13 43 54 43
3 14 40 34 65
3 15 40 77 57
3 16 27 40 72
3 17 69 64 39
3 18 2 93 78
3 19 28 54 36
3 20 66 46 56
3 21 59 68 52
4 5 2 93 62
4 6 23 88 51
4 7 4 62 85
4 8 60 40 33
4 9 14 63 68
4 10 78 57 25
4 11 17 61 81
4 12 60 40 33
4 13 61 61 56
4 14 17 80 52
4 15 3 74 92
4 16 7 88 89
4 17 11 81 66
4 18 7 79 83
4 19 78 31 58
4 20 62 57 68
4 21 8 58 58
5 6 27 73 55
5 7 24 53 52
5 8 48 58 49
5 9 79 12 37
5 10 79 53 55
5 11 73 39 53
5 12 54 27 35
5 13 4 58 73
5 14 97 5 44
5 15 87 39 31
5 16 40 69 77
5 17 38 64 58
5 18 94 12 26
5 19 7 79 65
5 20 35 54 34
5 21 80 11 14
6 7 95 36 43
6 8 28 74 51
6 9 65 34 51
6 10 35 61 81
6 11 41 38 60
6 12 49 57 39
6 13 11 93 45
6 14 61 22 33
6 15 22 63 65
6 16 37 66 71
6 17 39 39 42
6 18 88 51 7
6 19 24 53 82
6 20 30 74 35
6 21 98 46 49
7 8 89 52 53
7 9 48 73 33
7 10 41 59 58
7 11 14 79 50
7 12 27 74 85
7 13 50 40 29
7 14 34 62 71
7 15 11 63 48
7 16 91 7 11
7 17 6 75 90
7 18 86 46 15
7 19 54 60 52
7 20 31 48 71
7 21 93 33 44
8 9 4 70 68
8 10 77 47 49
8 11 22 72 68
8 12 3 71 66
8 13 24 49 71
8 14 0 51 56
8 15 58 25 49
8 16 1 77 64
8 17 65 36 54
8 18 38 34 70
8 19 7 81 62
8 20 77 12 16
8 21 69 39 64
9 10 18 54 40
9 11 84 15 57
9 12 17 67 88
9 13 62 57 26
9 14 92 21 14
9 15 8 48 72
9 16 86 16 16
9 17 60 59 49
9 18 56 30 58
9 19 52 35 41
9 20 21 60 42
9 21 69 51 22
10 11 51 49 68
10 12 61 66 44
10 13 9 58 61
10 14 94 13 36
10 15 86 22 26
10 16 24 81 55
10 17 46 69 43
10 18 46 50 44
10 19 5 73 77
10 20 38 44 79
10 21 81 17 55
11 12 86 45 28
11 13 80 42 20
11 14 64 26 34
11 15 94 48 34
11 16 2 92 82
11 17 72 34 26
11 18 99 2 2
11 19 2 98 52
11 20 57 67 62
11 21 20 74 60
12 13 67 27 54
12 14 85 11 18
12 15 29 80 46
12 16 70 61 53
12 17 74 51 50
12 18 20 82 85
12 19 86 10 13
12 20 37 33 48
12 21 44 60 69
13 14 86 54 15
13 15 45 76 54
13 16 47 72 30
13 17 68 38 52
13 18 81 16 31
13 19 99 40 35
13 20 28 51 38
13 21 5 82 56
14 15 48 71 33
14 16 64 24 28
14 17 18 53 59
14 18 60 54 49
14 19 82 25 17
14 20 25 54 55
14 21 94 8 40
15 16 44 39 56
15 17 11 51 75
15 18 97 23 16
15 19 32 81 69
15 20 56 30 61
15 21 93 46 42
16 17 22 63 55
16 18 17 83 78
16 19 93 10 33
16 20 10 58 71
16 21 84 57 21
17 18 56 40 43
17 19 83 40 26
17 20 62 40 66
17 21 61 25 36
18 19 0 92 64
18 20 78 11 55
18 21 41 48 69
19 20 39 52 46
19 21 38 45 39
20 21 29 38 71
