25
0 1 16 65 60
0 2 99 52 56
0 3 54 19 11
0 4 64 58 64
0 5 76 44 73
0 6 31 89 69
0 7 98 31 28
0 8 31 17 27
0 9 30 53 36
0 10 93 54 71
0 11 76 20 26
0 12 34 54 77
0 13 41 64 69
0 14 62 73 69
0 15 31 82 17
0 16 14 33 38
0 17 33 71 52
0 18 92 37 62
0 19 70 16 6
0 20 17 93 49
0 21 48 51 31
0 22 91 13 8
0 23 18 53 24
0 24 7 61 78
1 2 60 13 11
1 3 85 20 57
1 4 74 65 26
1 5 96 7 48
1 6 64 49 67
1 7 84 45 81
1 8 57 81 83
1 9 73 61 42
1 10 76 57 12
1 11 79 24 7
1 12 70 77 84
1 13 29 24 32
1 14 70 48 60
1 15 95 14 17
1 16 73 69 29
1 17 42 76 70
1 18 54 77 33
1 19 68 7 85
1 20 51 86 77
1 21 29 15 90
1 22 53 50 79
1 23 43 75 70
1 24 5 63 96
2 3 50 27 14
2 4 54 47 25
2 5 73 50 73
2 6 3 43 74
2 7 14 19 80
2 8 44 58 28
2 9 13 58 35
2 10 93 63 13
2 11 12 39 73
2 12 17 31 42
2 13 1 25 77
2 14 43 41 12
2 15 81 44 62
2 16 57 20 18
2 17 41 33 32
2 18 86 73 67
2 19 12 44 38
2 20 76 9 46
2 21 84 75 69
2 22 28 71 31
2 23 19 87 44
2 24 28 67 52
3 4 95 18 33
3 5 3 83 61
3 6 66 11 20
3 7 54 52 18
3 8 65 39 13
3 9 46 35 18
3 10 41 90 50
3 11 15 53 94
3 12 14 85 20
3 13 34 26 74
3 14 44 22 72
3 15 56 59 84
3 16 5 85 45
3 17 69 33 8
3 18 25 69 17
3 19 26 74 25
3 20 5 91 58
3 21 35 57 64
3 22 1 33 88
3 23 96 76 34
3 24 85 46 62
4 5 3 27 42
4 6 51 17 64
4 7 83 14 30
4 8 0 59 34
4 9 72 45 81
4 10 16 38 84
4 11 94 48 8
4 12 60 31 24
4 13 78 55 52
4 14 59 54 54
4 15 78 13 82
4 16 67 28 54
4 17 14 37 89
4 18 31 51 39
4 19 62 71 46
4 20 79 22 48
4 21 67 63 67
4 22 38 33 42
4 23 68 33 58
4 24 11 48 67
5 6 57 78 20
5 7 78 52 81
5 8 29 80 71
5 9 18 78 93
5 10 80 7 64
5 11 20 56 40
5 12 24 62 48
5 13 86 36 38
5 14 6 55 55
5 15 52 42 26
5 16 11 21 57
5 17 42 42 25
5 18 61 21 20
5 19 84 24 14
5 20 55 46 80
5 21 13 84 67
5 22 24 49 36
5 23 13 29 57
5 24 35 80 22
6 7 36 69 18
6 8 11 21 56
6 9 69 53 20
6 10 43 54 82
6 11 55 34 46
6 12 37 50 27
6 13 79 63 33
6 14 34 78 32
6 15 65 14 60
6 16 46 12 84
6 17 73 23 59
6 18 61 86 26
6 19 59 9 21
6 20 21 16 28
6 21 48 75 63
6 22 96 65 53
6 23 45 68 81
6 24 78 35 54
7 8 76 73 61
7 9 37 86 21
7 10 54 60 43
7 11 62 84 44
7 12 25 84 27
7 13 49 62 58
7 14 56 26 39
7 15 96 47 40
7 16 94 7 62
7 17 99 12 36
7 18 76 13 78
7 19 45 63 22
7 20 51 41 74
7 21 42 62 85
7 22 28 46 23
7 23 73 20 47
7 24 69 54 73
8 9 6 85 31
8 10 38 53 90
8 11 63 86 70
8 12 81 48 30
8 13 87 24 35
8 14 49 64 24
8 15 4 36 64
8 16 25 53 82
8 17 98 12 7
8 18 29 53 22
8 19 34 31 21
8 20 71 84 45
8 21 61 78 81
8 22 91 3 70
8 23 64 72 10
8 24 47 77 52
9 10 47 36 76
9 11 12 19 24
9 12 94 78 5
9 13 79 30 20
9 14 6 37 28
9 15 43 35 78
9 16 44 72 75
9 17 16 70 57
9 18 15 85 26
9 19 61 63 22
9 20 98 38 10
9 21 77 81 47
9 22 59 20 63
9 23 28 41 69
9 24 32 70 88
10 11 19 25 81
10 12 39 78 56
10 13 39 55 66
10 14 15 95 56
10 15 35 64 82
10 16 67 67 44
10 17 39 23 88
10 18 33 72 92
10 19 59 55 75
10 20 55 25 22
10 21 59 16 70
10 22 54 70 22
10 23 58 87 73
10 24 87 49 66
11 12 15 96 31
11 13 65 65 63
11 14 13 45 85
11 15 83 32 64
11 16 93 41 31
11 17 61 13 41
11 18 45 55 39
11 19 76 51 58
11 20 57 42 60
11 21 87 73 39
11 22 31 54 93
11 23 26 85 25
11 24 93 67 42
12 13 93 46 39
12 14 45 68 30
12 15 73 36 70
12 16 28 82 48
12 17 70 48 74
12 18 79 32 62
12 19 31 42 72
12 20 34 58 73
12 21 65 7 46
12 22 62 81 66
12 23 98 38 19
12 24 75 82 56
13 14 39 79 20
13 15 15 84 24
13 16 18 69 23
13 17 33 92 47
13 18 45 58 59
13 19 70 48 33
13 20 35 79 81
13 21 47 20 70
13 22 56 30 28
13 23 27 42 38
13 24 44 73 42
14 15 76 25 6
14 16 77 4 53
14 17 70 62 48
14 18 91 25 5
14 19 91 36 6
14 20 53 25 37
14 21 81 19 70
14 22 57 83 69
14 23 8 75 87
14 24 51 80 81
15 16 68 62 47
15 17 30 25 71
15 18 98 27 39
15 19 98 43 10
15 20 58 48 30
15 21 75 79 62
15 22 65 36 48
15 23 31 37 42
15 24 84 43 18
16 17 0 28 99
16 18 52 12 76
16 19 37 44 85
16 20 65 46 8
16 21 5 45 48
16 22 60 37 65
16 23 87 65 14
16 24 57 62 77
17 18 2 60 64
17 19 84 43 10
17 20 96 42 25
17 21 30 27 33
17 22 11 52 53
17 23 81 31 74
17 24 4 85 76
18 19 76 32 12
18 20 11 86 56
18 21 9 20 60
18 22 45 31 27
18 23 61 13 25
18 24 62 17 46
19 20 18 18 89
19 21 75 67 75
19 22 60 38 61
19 23 29 45 30
19 24 78 83 57
20 21 54 60 71
20 22 32 29 92
20 23 41 28 31
20 24 34 56 58
21 22 41 56 24
21 23 70 42 48
21 24 41 64 72
22 23 87 2 29
22 24 96 54 74
23 24 86 25 23
