27
0 1 32 55 61
0 2 32 49 70
0 3 60 54 63
0 4 91 6 78
0 5 71 36 50
0 6 70 42 57
0 7 71 21 84
0 8 80 14 28
0 9 16 85 33
0 10 9 54 96
0 11 1 86 42
0 12 80 74 66
0 13 6 79 43
0 14 47 31 65
0 15 86 7 71
0 16 45 12 77
0 17 91 55 74
0 18 77 13 32
0 19 33 16 63
0 20 29 83 76
0 21 10 95 49
0 22 65 82 7
0 23 54 70 53
0 24 34 73 61
0 25 80 11 31
0 26 6 33 27
1 2 19 73 91
1 3 65 34 31
1 4 28 90 14
1 5 1 86 71
1 6 88 12 40
1 7 5 56 81
1 8 85 24 41
1 9 32 20 72
1 10 20 32 85
1 11 56 85 22
1 12 20 95 88
1 13 4 81 86
1 14 12 81 47
1 15 61 55 69
1 16 67 64 16
1 17 19 20 58
1 18 53 41 38
1 19 99 50 67
1 20 96 14 29
1 21 91 49 17
1 22 73 54 46
1 23 98 74 60
1 24 90 74 79
1 25 8 37 32
1 26 20 70 90
2 3 63 48 82
2 4 63 21 16
2 5 68 40 17
2 6 66 50 25
2 7 3 83 95
2 8 27 63 29
2 9 9 42 54
2 10 27 80 29
2 11 41 32 45
2 12 18 79 27
2 13 10 69 92
2 14 19 81 31
2 15 24 20 29
2 16 96 56 74
2 17 2 41 34
2 18 60 13 86
2 19 57 60 48
2 20 17 95 37
2 21 60 87 20
2 22 63 23 44
2 23 45 55 72
2 24 73 54 73
2 25 20 16 55
2 26 98 37 20
3 4 54 70 47
3 5 22 35 47
3 6 56 58 40
3 7 79 15 83
3 8 41 57 21
3 9 16 73 42
3 10 91 78 53
3 11 96 59 61
3 12 67 79 19
3 13 1 55 30
3 14 8 19 35
3 15 71 83 20
3 16 28 38 33
3 17 70 54 70
3 18 72 70 76
3 19 32 72 65
3 20 22 73 25
3 21 0 65 62
3 22 76 49 27
3 23 63 23 48
3 24 22 91 59
3 25 66 20 70
3 26 94 36 63
4 5 85 62 29
4 6 54 72 12
4 7 1 28 54
4 8 82 71 71
4 9 79 79 22
4 10 49 86 81
4 11 48 42 32
4 12 54 40 42
4 13 13 75 27
4 14 60 71 29
4 15 30 87 75
4 16 38 14 64
4 17 73 75 75
4 18 21 66 79
4 19 42 22 70
4 20 48 41 18
4 21 69 81 22
4 22 43 62 42
4 23 58 47 50
4 24 75 66 5
4 25 13 79 70
4 26 3 92 41
5 6 63 80 27
5 7 42 68 37
5 8 65 65 20
5 9 53 57 31
5 10 20 90 59
5 11 21 73 53
5 12 88 42 50
5 13 51 56 84
5 14 51 56 60
5 15 81 16 20
5 16 11 25 97
5 17 88 74 52
5 18 84 5 80
5 19 13 53 44
5 20 94 77 72
5 21 17 68 17
5 22 89 33 3
5 23 20 48 91
5 24 43 46 22
5 25 4 62 91
5 26 39 27 44
6 7 40 46 65
6 8 9 70 69
6 9 28 19 74
6 10 76 30 33
6 11 6 90 60
6 12 59 53 14
6 13 33 40 65
6 14 66 83 11
6 15 20 40 85
6 16 89 16 13
6 17 91 67 22
6 18 69 45 26
6 19 86 46 17
6 20 41 59 18
6 21 6 54 33
6 22 83 61 19
6 23 16 92 53
6 24 37 67 65
6 25 86 62 61
6 26 12 70 28
7 8 16 67 90
7 9 88 35 65
7 10 76 6 32
7 11 3 91 77
7 12 12 29 48
7 13 16 80 54
7 14 32 71 16
7 15 27 53 87
7 16 58 35 83
7 17 64 84 8
7 18 38 61 45
7 19 46 14 21
7 20 96 56 80
7 21 30 35 48
7 22 28 68 72
7 23 24 53 83
7 24 99 50 13
7 25 44 87 81
7 26 65 40 17
8 9 14 73 84
8 10 54 25 69
8 11 4 90 72
8 12 48 13 38
8 13 57 48 70
8 14 77 9 52
8 15 59 26 20
8 16 22 79 73
8 17 12 81 20
8 18 92 41 36
8 19 31 40 89
8 20 88 44 43
8 21 23 50 69
8 22 81 7 76
8 23 35 25 70
8 24 61 14 19
8 25 96 46 29
8 26 3 44 96
9 10 40 63 47
9 11 66 42 16
9 12 93 53 6
9 13 74 74 79
9 14 45 83 83
9 15 7 58 29
9 16 94 39 26
9 17 16 84 37
9 18 45 67 17
9 19 27 51 51
9 20 92 65 43
9 21 43 23 41
9 22 41 55 77
9 23 45 72 14
9 24 1 64 74
9 25 95 75 12
9 26 94 33 13
10 11 24 74 37
10 12 74 11 12
10 13 46 68 69
10 14 33 50 35
10 15 44 45 68
10 16 84 28 10
10 17 5 26 50
10 18 25 76 60
10 19 35 35 30
10 20 90 19 18
10 21 1 20 30
10 22 41 91 51
10 23 80 33 59
10 24 46 78 12
10 25 82 23 49
10 26 4 47 53
11 12 87 19 11
11 13 30 83 51
11 14 75 80 15
11 15 27 30 74
11 16 54 84 47
11 17 3 68 31
11 18 37 39 50
11 19 8 71 80
11 20 37 25 27
11 21 39 47 31
11 22 63 35 70
11 23 34 26 18
11 24 35 55 88
11 25 12 63 33
11 26 69 54 49
12 13 82 17 13
12 14 14 68 60
12 15 85 17 29
12 16 51 38 71
12 17 16 68 63
12 18 90 41 27
12 19 9 63 22
12 20 87 23 55
12 21 55 45 27
12 22 43 35 63
12 23 92 40 49
12 24 18 48 46
12 25 57 41 49
12 26 5 22 88
13 14 21 85 45
13 15 28 15 35
13 16 25 69 21
13 17 56 87 74
13 18 19 19 58
13 19 94 15 78
13 20 37 52 67
13 21 26 50 51
13 22 58 75 78
13 23 51 41 60
13 24 85 67 41
13 25 67 64 23
13 26 39 76 19
14 15 98 30 75
14 16 32 67 79
14 17 12 51 57
14 18 43 23 12
14 19 72 73 43
14 20 25 84 15
14 21 56 23 87
14 22 50 23 55
14 23 30 26 40
14 24 69 66 84
14 25 48 22 62
14 26 74 9 57
15 16 85 49 77
15 17 13 57 22
15 18 16 91 34
15 19 18 38 93
15 20 41 53 66
15 21 33 21 67
15 22 8 41 80
15 23 27 33 61
15 24 39 63 40
15 25 83 9 37
15 26 76 58 12
16 17 69 19 59
16 18 0 43 92
16 19 95 32 1
16 20 38 35 58
16 21 71 69 14
16 22 74 26 39
16 23 28 64 44
16 24 61 80 32
16 25 64 44 65
16 26 3 73 94
17 18 50 34 20
17 19 16 58 20
17 20 18 28 91
17 21 94 74 37
17 22 19 58 45
17 23 53 29 79
17 24 38 15 33
17 25 65 59 69
17 26 23 75 68
18 19 36 36 78
18 20 49 52 24
18 21 30 91 14
18 22 67 32 84
18 23 84 8 4
18 24 45 84 63
18 25 18 63 35
18 26 82 7 68
19 20 53 20 88
19 21 68 52 16
19 22 11 18 59
19 23 94 23 56
19 24 75 16 22
19 25 21 81 30
19 26 26 87 49
20 21 79 54 15
20 22 0 35 57
20 23 65 26 76
20 24 88 71 10
20 25 28 32 91
20 26 19 79 62
21 22 69 12 76
21 23 55 16 9
21 24 87 79 78
21 25 67 16 12
21 26 55 22 72
22 23 59 17 35
22 24 93 37 8
22 25 85 10 23
22 26 77 56 7
23 24 22 48 24
23 25 4 41 32
23 26 2 20 78
24 25 28 41 74
24 26 16 23 19
25 26 32 34 35
