27
0 1 53 51 62
0 2 76 32 34
0 3 62 19 65
0 4 83 43 27
0 5 84 48 46
0 6 65 53 52
0 7 43 66 65
0 8 11 81 75
0 9 57 36 31
0 10 24 74 86
0 11 69 47 64
0 12 84 27 13
0 13 62 40 51
0 14 60 27 58
0 15 92 16 24
0 16 6 85 76
0 17 51 67 35
0 18 68 27 17
0 19 32 41 41
0 20 1 98 70
0 21 52 28 71
0 22 98 37 40
0 23 69 60 61
0 24 36 44 31
0 25 41 66 37
0 26 18 83 45
1 2 83 22 16
1 3 36 38 53
1 4 34 63 81
1 5 4 74 61
1 6 4 56 73
1 7 34 54 35
1 8 96 40 13
1 9 22 66 78
1 10 27 57 73
1 11 9 95 69
1 12 43 77 71
1 13 99 13 12
1 14 35 66 44
1 15 88 37 33
1 16 88 41 49
1 17 89 23 23
1 18 31 70 69
1 19 20 86 75
1 20 36 43 33
1 21 5 74 88
1 22 20 42 70
1 23 66 32 51
1 24 63 61 29
1 25 15 46 43
1 26 24 63 59
2 3 95 45 31
2 4 37 46 34
2 5 62 33 21
2 6 80 38 52
2 7 69 40 22
2 8 98 27 39
2 9 20 73 64
2 10 53 54 63
2 11 13 82 55
2 12 45 56 30
2 13 86 18 11
2 14 24 48 40
2 15 11 48 56
2 16 83 53 56
2 17 43 65 72
2 18 99 22 26
2 19 96 35 4
2 20 16 85 68
2 21 62 59 52
2 22 13 77 77
2 23 29 75 50
2 24 37 35 79
2 25 86 54 55
2 26 79 17 38
3 4 80 9 50
3 5 34 80 44
3 6 29 37 40
3 7 28 74 42
3 8 44 57 47
3 9 12 83 86
3 10 72 16 41
3 11 51 32 68
3 12 19 46 49
3 13 54 24 35
3 14 65 53 20
3 15 65 43 22
3 16 75 26 54
3 17 54 29 33
3 18 50 57 62
3 19 93 50 51
3 20 37 45 48
3 21 32 65 40
3 22 10 86 50
3 23 35 34 64
3 24 49 32 72
3 25 20 82 50
3 26 61 45 36
4 5 40 35 36
4 6 49 28 59
4 7 64 31 27
4 8 76 31 57
4 9 10 55 50
4 10 14 73 79
4 11 52 26 41
4 12 63 40 19
4 13 46 63 33
4 14 10 88 73
4 15 59 65 39
4 16 59 61 58
4 17 14 64 83
4 18 45 63 47
4 19 39 47 31
4 20 3 57 65
4 21 78 17 49
4 22 96 48 27
4 23 38 65 75
4 24 3 84 87
4 25 61 29 62
4 26 54 65 66
5 6 1 77 59
5 7 67 21 32
5 8 83 36 22
5 9 91 40 11
5 10 98 40 48
5 11 31 37 51
5 12 63 50 23
5 13 88 43 6
5 14 86 9 50
5 15 32 33 65
5 16 71 45 30
5 17 14 79 83
5 18 78 53 25
5 19 50 71 33
5 20 82 38 11
5 21 91 48 9
5 22 4 59 95
5 23 88 17 42
5 24 19 68 60
5 25 54 52 37
5 26 83 41 10
6 7 20 40 43
6 8 76 25 28
6 9 38 37 42
6 10 19 82 64
6 11 89 40 36
6 12 83 45 55
6 13 42 74 44
6 14 65 51 30
6 15 70 56 28
6 16 22 77 39
6 17 55 68 25
6 18 9 90 94
6 19 69 31 49
6 20 68 27 48
6 21 2 93 67
6 22 22 85 84
6 23 85 48 24
6 24 54 50 56
6 25 4 81 86
6 26 74 18 34
7 8 4 95 72
7 9 15 91 88
7 10 81 38 19
7 11 45 43 61
7 12 73 47 14
7 13 93 28 24
7 14 13 56 82
7 15 50 34 56
7 16 47 55 70
7 17 75 17 52
7 18 11 64 45
7 19 15 87 69
7 20 95 47 36
7 21 36 70 46
7 22 81 51 31
7 23 43 57 74
7 24 82 15 54
7 25 70 45 48
7 26 33 42 36
8 9 97 5 13
8 10 21 89 72
8 11 9 71 56
8 12 92 7 32
8 13 68 48 18
8 14 65 33 52
8 15 24 85 82
8 16 41 51 58
8 17 44 40 33
8 18 2 51 75
8 19 2 85 86
8 20 34 39 50
8 21 13 54 92
8 22 31 52 80
8 23 41 45 64
8 24 11 48 89
8 25 90 39 38
8 26 89 39 40
9 10 63 51 22
9 11 32 51 35
9 12 12 89 46
9 13 21 43 78
9 14 65 27 34
9 15 96 51 41
9 16 39 46 51
9 17 18 50 49
9 18 55 31 48
9 19 53 32 32
9 20 20 78 67
9 21 85 31 29
9 22 62 45 67
9 23 19 65 49
9 24 66 36 60
9 25 25 70 57
9 26 96 32 49
10 11 31 75 53
10 12 75 48 61
10 13 43 56 32
10 14 78 40 46
10 15 95 20 24
10 16 46 57 32
10 17 10 66 78
10 18 36 48 48
10 19 30 51 41
10 20 17 44 72
10 21 29 72 44
10 22 62 22 25
10 23 64 60 25
10 24 7 76 95
10 25 53 54 44
10 26 98 15 15
11 12 63 24 60
11 13 37 38 41
11 14 44 65 69
11 15 22 43 80
11 16 81 43 13
11 17 53 26 71
11 18 29 61 77
11 19 75 47 53
11 20 2 59 76
11 21 24 54 67
11 22 1 70 98
11 23 98 25 4
11 24 90 19 34
11 25 10 54 75
11 26 28 57 57
12 13 25 40 66
12 14 7 72 70
12 15 99 48 23
12 16 76 41 58
12 17 41 69 75
12 18 80 44 38
12 19 50 56 29
12 20 40 43 37
12 21 46 74 40
12 22 98 34 34
12 23 22 48 47
12 24 45 28 37
12 25 11 88 51
12 26 61 39 49
13 14 88 46 53
13 15 9 68 94
13 16 41 39 66
13 17 23 66 71
13 18 68 58 57
13 19 41 64 57
13 20 62 60 36
13 21 59 43 25
13 22 4 84 69
13 23 96 11 28
13 24 96 35 32
13 25 1 81 90
13 26 44 56 61
14 15 44 70 43
14 16 52 37 44
14 17 58 47 46
14 18 11 89 48
14 19 2 51 96
14 20 54 72 69
14 21 32 44 42
14 22 96 21 41
14 23 40 41 49
14 24 57 56 47
14 25 21 51 82
14 26 43 41 44
15 16 35 69 76
15 17 14 76 75
15 18 90 21 35
15 19 54 27 57
15 20 84 52 38
15 21 49 72 55
15 22 22 39 57
15 23 74 33 32
15 24 47 75 40
15 25 20 53 72
15 26 82 22 28
16 17 67 40 42
16 18 23 72 50
16 19 65 33 43
16 20 55 46 49
16 21 44 63 71
16 22 73 23 46
16 23 80 24 24
16 24 48 55 57
16 25 67 35 49
16 26 24 78 65
17 18 72 17 53
17 19 58 38 44
17 20 62 66 63
17 21 32 80 69
17 22 14 91 73
17 23 29 80 38
17 24 89 15 50
17 25 17 48 54
17 26 80 46 30
18 19 28 78 46
18 20 10 88 53
18 21 95 33 33
18 22 12 91 77
18 23 74 20 28
18 24 17 54 41
18 25 63 42 45
18 26 59 54 33
19 20 5 51 73
19 21 9 87 66
19 22 4 72 78
19 23 38 42 42
19 24 50 37 69
19 25 55 41 59
19 26 71 58 30
20 21 82 53 49
20 22 91 39 35
20 23 63 47 48
20 24 71 22 34
20 25 48 42 33
20 26 83 15 57
21 22 2 58 49
21 23 25 49 78
21 24 76 61 47
21 25 18 63 87
21 26 28 75 62
22 23 28 47 63
22 24 48 64 70
22 25 49 36 49
22 26 19 57 47
23 24 74 46 43
23 25 19 51 83
23 26 63 38 44
24 25 30 61 41
24 26 89 27 38
25 26 11 66 89
