27
0 1 75 30 31
0 2 70 30 30
0 3 14 85 86
0 4 24 68 71
0 5 49 46 50
0 6 11 79 86
0 7 66 39 40
0 8 93 19 14
0 9 0 91 93
0 10 93 15 5
0 11 40 64 62
0 12 95 6 7
0 13 25 64 63
0 14 30 70 59
0 15 63 37 44
0 16 32 71 64
0 17 83 14 21
0 18 44 53 54
0 19 63 31 37
0 20 85 13 25
0 21 71 25 25
0 22 65 39 29
0 23 41 64 56
0 24 2 84 97
0 25 80 26 25
0 26 51 42 41
1 2 65 29 37
1 3 71 29 26
1 4 17 84 83
1 5 7 81 83
1 6 49 51 47
1 7 25 70 76
1 8 7 92 83
1 9 81 20 30
1 10 6 90 84
1 11 21 78 66
1 12 95 15 11
1 13 10 80 80
1 14 19 77 73
1 15 47 52 45
1 16 0 90 99
1 17 56 43 47
1 18 9 78 82
1 19 82 18 22
1 20 91 12 18
1 21 62 41 43
1 22 19 72 77
1 23 44 60 55
1 24 21 72 71
1 25 43 57 56
1 26 30 70 59
2 3 2 94 97
2 4 4 82 94
2 5 88 11 21
2 6 82 21 28
2 7 57 39 46
2 8 57 45 49
2 9 20 67 78
2 10 95 19 9
2 11 83 23 23
2 12 75 27 31
2 13 91 7 17
2 14 36 65 62
2 15 25 72 66
2 16 72 28 24
2 17 68 31 33
2 18 64 33 32
2 19 97 8 10
2 20 44 53 48
2 21 29 62 64
2 22 27 64 76
2 23 47 47 53
2 24 64 44 35
2 25 54 38 45
2 26 13 84 81
3 4 25 72 70
3 5 64 40 31
3 6 40 59 63
3 7 45 55 48
3 8 48 44 55
3 9 94 6 5
3 10 67 38 30
3 11 63 33 32
3 12 60 37 38
3 13 16 71 73
3 14 68 29 36
3 15 16 71 84
3 16 81 25 19
3 17 88 23 9
3 18 73 33 30
3 19 82 24 28
3 20 93 17 13
3 21 91 10 10
3 22 37 60 67
3 23 42 63 54
3 24 89 19 18
3 25 52 53 40
3 26 57 40 41
4 5 42 63 49
4 6 47 56 50
4 7 54 51 44
4 8 3 86 94
4 9 72 37 24
4 10 78 30 23
4 11 87 20 13
4 12 30 59 60
4 13 6 80 79
4 14 3 91 86
4 15 92 17 19
4 16 32 70 70
4 17 1 88 86
4 18 95 3 6
4 19 80 24 30
4 20 91 19 22
4 21 8 84 78
4 22 76 30 21
4 23 15 74 72
4 24 29 63 64
4 25 21 71 79
4 26 18 75 74
5 6 19 72 71
5 7 21 71 70
5 8 19 74 73
5 9 4 94 86
5 10 14 76 80
5 11 9 86 89
5 12 57 39 49
5 13 3 83 95
5 14 49 46 47
5 15 83 25 23
5 16 94 13 13
5 17 31 73 72
5 18 53 49 47
5 19 11 84 86
5 20 3 88 90
5 21 54 40 45
5 22 8 79 88
5 23 3 82 90
5 24 77 23 21
5 25 43 50 56
5 26 18 71 79
6 7 83 15 28
6 8 76 27 34
6 9 46 56 56
6 10 72 29 33
6 11 70 28 34
6 12 71 38 25
6 13 26 75 76
6 14 64 41 35
6 15 53 40 51
6 16 47 46 45
6 17 8 82 90
6 18 56 45 49
6 19 10 83 89
6 20 88 21 18
6 21 88 19 16
6 22 77 32 32
6 23 75 29 29
6 24 78 29 24
6 25 25 63 63
6 26 75 25 23
7 8 49 54 57
7 9 63 36 38
7 10 5 92 90
7 11 91 15 7
7 12 30 65 59
7 13 5 86 84
7 14 67 39 30
7 15 53 45 49
7 16 19 70 68
7 17 8 78 87
7 18 94 5 6
7 19 86 12 14
7 20 14 84 86
7 21 17 83 70
7 22 15 85 82
7 23 81 21 22
7 24 42 61 50
7 25 32 57 65
7 26 47 58 44
8 9 65 35 33
8 10 19 83 73
8 11 38 57 64
8 12 38 57 62
8 13 9 88 87
8 14 69 38 29
8 15 63 34 42
8 16 10 83 84
8 17 48 45 51
8 18 46 52 53
8 19 36 58 68
8 20 82 25 23
8 21 79 22 31
8 22 76 34 22
8 23 0 92 92
8 24 12 83 80
8 25 41 64 53
8 26 85 19 20
9 10 11 84 79
9 11 22 66 81
9 12 55 47 44
9 13 45 50 60
9 14 51 51 48
9 15 88 12 21
9 16 80 28 26
9 17 96 6 6
9 18 47 57 51
9 19 75 34 28
9 20 82 21 24
9 21 17 73 78
9 22 10 82 88
9 23 49 50 46
9 24 50 49 51
9 25 12 85 82
9 26 54 52 46
10 11 97 7 15
10 12 35 59 60
10 13 8 78 78
10 14 46 55 46
10 15 69 27 28
10 16 86 15 15
10 17 56 41 45
10 18 12 87 86
10 19 8 80 80
10 20 59 40 49
10 21 9 80 77
10 22 19 70 78
10 23 20 82 75
10 24 14 78 81
10 25 93 19 13
10 26 49 46 49
11 12 48 57 56
11 13 81 19 16
11 14 79 23 22
11 15 17 78 71
11 16 30 73 73
11 17 92 12 16
11 18 27 66 76
11 19 98 10 12
11 20 13 82 81
11 21 58 50 49
11 22 81 25 22
11 23 17 72 77
11 24 5 87 93
11 25 99 2 12
11 26 19 83 71
12 13 93 12 17
12 14 90 11 12
12 15 69 33 28
12 16 11 83 77
12 17 88 17 20
12 18 74 23 27
12 19 34 61 67
12 20 86 17 22
12 21 58 47 46
12 22 33 71 57
12 23 70 39 25
12 24 34 68 64
12 25 89 10 10
12 26 26 70 66
13 14 49 54 45
13 15 19 79 76
13 16 27 66 64
13 17 37 59 65
13 18 26 69 70
13 19 90 15 9
13 20 47 45 57
13 21 46 55 56
13 22 33 61 67
13 23 96 10 12
13 24 71 33 34
13 25 26 65 75
13 26 41 55 50
14 15 92 12 10
14 16 66 41 33
14 17 10 80 83
14 18 66 33 31
14 19 72 27 27
14 20 10 82 83
14 21 5 92 90
14 22 23 65 79
14 23 27 76 70
14 24 94 19 10
14 25 65 39 39
14 26 76 29 30
15 16 23 67 74
15 17 11 81 82
15 18 9 85 85
15 19 26 66 68
15 20 68 36 41
15 21 73 29 35
15 22 55 50 43
15 23 0 90 89
15 24 35 56 64
15 25 85 18 12
15 26 45 46 53
16 17 85 25 16
16 18 58 38 37
16 19 77 27 30
16 20 56 38 51
16 21 1 95 87
16 22 56 40 41
16 23 53 54 44
16 24 37 66 62
16 25 58 38 49
16 26 11 80 87
17 18 12 87 82
17 19 36 55 67
17 20 21 73 79
17 21 36 67 57
17 22 99 5 11
17 23 20 69 70
17 24 36 57 63
17 25 62 44 36
17 26 33 57 58
18 19 60 38 48
18 20 81 17 16
18 21 17 82 71
18 22 27 72 72
18 23 75 28 34
18 24 50 52 50
18 25 20 69 73
18 26 79 20 21
19 20 52 54 52
19 21 66 29 37
19 22 35 57 63
19 23 45 47 51
19 24 98 7 12
19 25 49 57 51
19 26 31 72 71
20 21 38 61 52
20 22 47 57 52
20 23 99 14 4
20 24 23 76 78
20 25 12 79 82
20 26 48 55 47
21 22 40 59 64
21 23 14 76 78
21 24 56 50 50
21 25 28 73 67
21 26 42 57 49
22 23 17 78 73
22 24 64 39 30
22 25 16 71 71
22 26 22 80 79
23 24 69 29 32
23 25 76 26 22
23 26 4 95 95
24 25 43 56 49
24 26 96 16 6
25 26 76 33 25
