30
0 1 40 58 58
0 2 53 47 49
0 3 19 74 73
0 4 50 49 45
0 5 42 54 53
0 6 48 54 44
0 7 34 65 67
0 8 38 63 53
0 9 78 20 26
0 10 0 92 92
0 11 54 52 52
0 12 23 74 66
0 13 18 71 80
0 14 38 62 57
0 15 25 64 66
0 16 14 81 73
0 17 21 71 78
0 18 28 62 68
0 19 60 41 38
0 20 67 36 30
0 21 49 52 47
0 22 2 87 95
0 23 31 69 62
0 24 95 16 6
0 25 73 27 24
0 26 56 40 38
0 27 10 82 88
0 28 46 55 57
0 29 99 8 14
1 2 40 64 59
1 3 44 51 49
1 4 23 70 72
1 5 98 10 10
1 6 96 16 8
1 7 39 55 54
1 8 29 68 61
1 9 21 68 71
1 10 46 48 48
1 11 71 28 25
1 12 69 36 31
1 13 71 28 30
1 14 4 89 93
1 15 92 11 13
1 16 55 45 51
1 17 68 29 41
1 18 42 63 58
1 19 8 84 90
1 20 32 65 59
1 21 73 23 22
1 22 97 9 4
1 23 96 5 4
1 24 58 38 49
1 25 89 18 16
1 26 97 5 14
1 27 15 72 85
1 28 92 11 13
1 29 98 13 4
2 3 53 42 52
2 4 33 62 63
2 5 29 64 72
2 6 6 91 86
2 7 32 63 57
2 8 16 71 76
2 9 51 45 53
2 10 13 76 81
2 11 71 36 35
2 12 34 67 61
2 13 59 42 47
2 14 15 82 85
2 15 63 40 33
2 16 82 22 27
2 17 8 83 87
2 18 82 19 29
2 19 67 36 40
2 20 98 4 7
2 21 34 68 62
2 22 42 58 49
2 23 89 16 18
2 24 37 57 57
2 25 30 64 69
2 26 98 6 2
2 27 47 58 48
2 28 97 16 8
2 29 71 37 29
3 4 3 92 89
3 5 73 34 28
3 6 89 12 21
3 7 47 48 59
3 8 91 10 19
3 9 75 22 30
3 10 12 85 75
3 11 42 60 58
3 12 77 29 26
3 13 88 10 15
3 14 77 22 26
3 15 14 83 84
3 16 74 30 25
3 17 5 93 83
3 18 3 92 95
3 19 48 56 55
3 20 93 6 9
3 21 88 12 21
3 22 23 77 74
3 23 11 76 83
3 24 40 62 56
3 25 34 66 59
3 26 7 91 82
3 27 12 82 80
3 28 64 40 40
3 29 59 36 43
4 5 86 19 13
4 6 36 68 55
4 7 49 44 44
4 8 21 79 74
4 9 87 25 19
4 10 33 59 62
4 11 72 31 33
4 12 72 31 31
4 13 87 25 20
4 14 83 26 20
4 15 60 42 37
4 16 26 72 70
4 17 56 44 47
4 18 40 53 58
4 19 61 41 40
4 20 43 49 48
4 21 98 6 7
4 22 87 19 17
4 23 18 81 73
4 24 97 15 10
4 25 79 28 30
4 26 51 50 52
4 27 8 84 81
4 28 21 80 70
4 29 85 21 25
5 6 66 38 43
5 7 48 50 52
5 8 86 23 12
5 9 94 13 8
5 10 58 37 46
5 11 25 70 65
5 12 77 27 31
5 13 8 78 89
5 14 4 87 89
5 15 97 11 6
5 16 72 25 30
5 17 14 82 82
5 18 87 14 18
5 19 7 91 84
5 20 31 68 69
5 21 46 52 48
5 22 60 43 33
5 23 35 57 58
5 24 96 13 6
5 25 58 46 46
5 26 77 29 26
5 27 0 95 93
5 28 0 86 99
5 29 62 42 41
6 7 93 7 18
6 8 14 82 82
6 9 63 31 42
6 10 96 9 9
6 11 45 61 48
6 12 93 10 13
6 13 62 41 33
6 14 7 91 87
6 15 3 85 82
6 16 9 84 82
6 17 23 78 66
6 18 46 48 56
6 19 72 25 24
6 20 36 59 65
6 21 39 56 58
6 22 31 72 67
6 23 29 74 61
6 24 85 12 22
6 25 30 72 68
6 26 63 35 42
6 27 93 16 14
6 28 58 40 35
6 29 53 42 40
7 8 32 67 58
7 9 73 29 33
7 10 42 62 55
7 11 25 73 72
7 12 63 44 45
7 13 72 36 37
7 14 66 38 29
7 15 22 75 76
7 16 81 27 28
7 17 64 41 42
7 18 69 33 38
7 19 97 9 13
7 20 96 10 7
7 21 86 20 25
7 22 62 34 34
7 23 29 71 61
7 24 23 76 65
7 25 14 79 80
7 26 60 37 43
7 27 90 22 21
7 28 79 30 32
7 29 37 54 56
8 9 65 36 40
8 10 2 95 86
8 11 71 36 35
8 12 4 80 89
8 13 72 31 32
8 14 98 1 14
8 15 42 62 60
8 16 36 61 55
8 17 52 51 55
8 18 93 20 11
8 19 20 82 75
8 20 17 84 84
8 21 69 36 40
8 22 4 92 87
8 23 19 82 81
8 24 78 18 21
8 25 13 79 82
8 26 31 62 63
8 27 38 66 55
8 28 86 14 25
8 29 62 42 40
9 10 19 69 75
9 11 39 58 61
9 12 20 80 76
9 13 4 87 94
9 14 69 28 32
9 15 50 54 52
9 16 96 5 8
9 17 67 39 41
9 18 95 6 8
9 19 89 12 11
9 20 26 67 62
9 21 52 53 44
9 22 23 68 72
9 23 83 23 19
9 24 6 86 94
9 25 61 35 35
9 26 23 75 74
9 27 39 54 61
9 28 97 5 7
9 29 63 45 44
10 11 14 79 74
10 12 9 87 91
10 13 13 78 85
10 14 55 40 43
10 15 11 77 78
10 16 7 78 84
10 17 72 29 33
10 18 90 17 10
10 19 24 67 72
10 20 24 78 69
10 21 18 73 70
10 22 5 86 80
10 23 36 60 65
10 24 48 46 56
10 25 22 74 69
10 26 23 77 73
10 27 96 9 12
10 28 96 12 13
10 29 21 72 74
11 12 85 23 24
11 13 21 70 70
11 14 11 77 76
11 15 74 31 28
11 16 57 48 43
11 17 5 84 85
11 18 49 51 54
11 19 67 33 30
11 20 69 35 32
11 21 16 72 78
11 22 3 96 83
11 23 89 9 23
11 24 21 73 80
11 25 67 42 36
11 26 60 45 48
11 27 72 23 34
11 28 97 13 11
11 29 33 57 62
12 13 89 16 22
12 14 86 13 15
12 15 4 87 91
12 16 99 5 0
12 17 86 24 25
12 18 87 22 24
12 19 73 32 35
12 20 11 85 86
12 21 96 2 14
12 22 28 75 68
12 23 92 21 7
12 24 78 21 27
12 25 48 44 45
12 26 64 41 44
12 27 99 13 7
12 28 40 59 51
12 29 20 71 81
13 14 31 63 63
13 15 47 55 53
13 16 31 66 66
13 17 97 10 4
13 18 21 74 70
13 19 90 21 9
13 20 62 33 43
13 21 7 79 91
13 22 11 77 87
13 23 88 14 10
13 24 22 72 77
13 25 69 32 37
13 26 96 11 3
13 27 67 32 33
13 28 9 85 77
13 29 76 28 22
14 15 12 89 76
14 16 57 49 39
14 17 28 73 65
14 18 59 40 36
14 19 49 47 57
14 20 31 71 61
14 21 43 55 62
14 22 73 36 36
14 23 32 68 66
14 24 92 16 17
14 25 97 5 11
14 26 41 52 56
14 27 22 78 66
14 28 56 37 48
14 29 67 32 40
15 16 59 40 40
15 17 66 42 34
15 18 10 77 78
15 19 0 93 93
15 20 12 84 87
15 21 77 22 32
15 22 11 75 77
15 23 17 81 76
15 24 75 23 22
15 25 40 64 55
15 26 3 84 83
15 27 31 69 67
15 28 32 71 66
15 29 59 40 45
16 17 32 69 61
16 18 50 50 50
16 19 50 44 54
16 20 50 44 48
16 21 86 19 14
16 22 24 71 68
16 23 54 43 40
16 24 90 17 8
16 25 30 69 61
16 26 96 11 6
16 27 29 60 69
16 28 39 53 58
16 29 21 79 72
17 18 54 52 41
17 19 84 22 19
17 20 82 16 28
17 21 26 71 65
17 22 57 45 36
17 23 20 82 76
17 24 6 82 88
17 25 18 73 69
17 26 56 45 45
17 27 87 20 22
17 28 92 12 6
17 29 6 90 84
18 19 57 49 51
18 20 6 92 82
18 21 65 30 39
18 22 93 6 18
18 23 54 42 48
18 24 50 54 54
18 25 90 9 21
18 26 74 28 30
18 27 79 23 31
18 28 54 42 39
18 29 27 68 64
19 20 35 65 64
19 21 17 83 81
19 22 57 45 44
19 23 46 54 51
19 24 12 86 86
19 25 52 53 53
19 26 33 56 57
19 27 24 65 78
19 28 34 58 65
19 29 76 21 33
20 21 90 15 9
20 22 67 29 39
20 23 33 59 67
20 24 48 48 55
20 25 28 70 66
20 26 62 42 34
20 27 13 74 73
20 28 59 42 43
20 29 70 26 26
21 22 26 73 70
21 23 6 91 80
21 24 94 15 9
21 25 14 85 84
21 26 65 33 30
21 27 57 46 48
21 28 30 63 69
21 29 50 51 48
22 23 6 85 90
22 24 53 53 51
22 25 46 51 48
22 26 6 87 93
22 27 67 30 31
22 28 84 18 26
22 29 47 44 57
23 24 40 61 54
23 25 5 85 83
23 26 96 11 4
23 27 94 7 18
23 28 11 85 85
23 29 23 76 76
24 25 28 73 61
24 26 9 89 84
24 27 25 73 73
24 28 18 76 71
24 29 77 25 29
25 26 50 51 54
25 27 76 25 27
25 28 11 88 75
25 29 75 31 30
26 27 75 23 27
26 28 36 68 55
26 29 31 66 65
27 28 75 31 33
27 29 42 53 49
28 29 29 73 66
