30
0 1 47 85 82
0 2 64 61 10
0 3 66 69 13
0 4 66 65 11
0 5 13 75 37
0 6 6 68 85
0 7 38 69 54
0 8 24 15 54
0 9 91 10 67
0 10 61 56 27
0 11 10 56 52
0 12 50 58 18
0 13 88 58 57
0 14 45 40 57
0 15 26 71 88
0 16 7 98 88
0 17 48 88 88
0 18 9 81 27
0 19 36 17 31
0 20 26 58 81
0 21 27 52 87
0 22 88 62 45
0 23 24 35 90
0 24 45 15 75
0 25 65 79 53
0 26 33 67 66
0 27 3 63 42
0 28 95 33 74
0 29 26 46 90
1 2 7 51 48
1 3 78 70 37
1 4 79 83 29
1 5 32 57 42
1 6 50 59 83
1 7 8 79 86
1 8 42 88 37
1 9 15 18 17
1 10 14 93 26
1 11 27 15 90
1 12 25 66 77
1 13 12 78 92
1 14 22 46 27
1 15 57 51 44
1 16 4 31 26
1 17 46 61 74
1 18 17 38 63
1 19 1 90 49
1 20 62 33 11
1 21 3 66 98
1 22 27 80 50
1 23 48 37 16
1 24 92 19 26
1 25 72 6 8
1 26 21 28 94
1 27 55 65 76
1 28 37 18 91
1 29 94 25 29
2 3 25 46 31
2 4 59 9 87
2 5 89 46 28
2 6 7 95 24
2 7 62 13 11
2 8 82 27 71
2 9 68 10 57
2 10 47 19 52
2 11 77 10 8
2 12 19 57 38
2 13 87 53 33
2 14 17 81 88
2 15 33 42 59
2 16 53 23 55
2 17 71 66 85
2 18 41 14 16
2 19 36 27 54
2 20 83 68 59
2 21 41 24 53
2 22 83 73 21
2 23 91 67 72
2 24 61 27 36
2 25 37 76 29
2 26 65 63 34
2 27 81 48 28
2 28 14 80 89
2 29 12 58 48
3 4 77 41 7
3 5 34 87 79
3 6 42 70 86
3 7 78 67 38
3 8 95 22 78
3 9 28 24 71
3 10 98 7 26
3 11 74 45 58
3 12 64 83 81
3 13 79 24 11
3 14 63 13 82
3 15 79 22 71
3 16 98 70 63
3 17 10 96 51
3 18 28 47 89
3 19 2 91 44
3 20 59 20 37
3 21 55 22 80
3 22 32 66 89
3 23 88 24 30
3 24 60 49 61
3 25 91 54 54
3 26 69 26 15
3 27 74 5 47
3 28 78 50 12
3 29 4 98 92
4 5 27 15 19
4 6 30 27 91
4 7 99 49 69
4 8 98 13 15
4 9 72 59 79
4 10 14 23 73
4 11 68 26 74
4 12 37 89 75
4 13 86 6 62
4 14 63 76 44
4 15 34 20 17
4 16 68 78 84
4 17 21 41 21
4 18 5 26 53
4 19 38 59 90
4 20 67 45 56
4 21 9 68 40
4 22 16 66 61
4 23 20 42 92
4 24 18 56 79
4 25 14 74 83
4 26 37 28 67
4 27 83 48 60
4 28 56 49 39
4 29 14 40 34
5 6 32 46 79
5 7 74 44 13
5 8 67 15 85
5 9 15 37 48
5 10 89 23 68
5 11 70 18 67
5 12 24 62 86
5 13 83 53 56
5 14 5 23 26
5 15 85 6 31
5 16 13 62 51
5 17 78 52 61
5 18 72 81 40
5 19 67 35 22
5 20 60 42 15
5 21 94 73 68
5 22 7 22 82
5 23 3 22 40
5 24 35 45 17
5 25 29 28 88
5 26 23 89 29
5 27 67 46 39
5 28 67 39 16
5 29 77 15 77
6 7 19 24 43
6 8 66 55 55
6 9 9 74 94
6 10 5 50 55
6 11 39 26 64
6 12 38 88 54
6 13 73 41 18
6 14 40 38 71
6 15 57 49 75
6 16 93 29 44
6 17 37 84 56
6 18 10 39 37
6 19 48 17 39
6 20 50 68 75
6 21 96 26 25
6 22 3 75 55
6 23 49 75 21
6 24 73 49 28
6 25 62 53 57
6 26 43 41 19
6 27 88 33 76
6 28 59 79 72
6 29 87 55 10
7 8 4 67 42
7 9 62 44 37
7 10 33 61 48
7 11 99 0 11
7 12 85 43 10
7 13 63 59 46
7 14 11 47 64
7 15 66 85 76
7 16 20 17 82
7 17 9 52 81
7 18 86 26 19
7 19 20 59 36
7 20 11 38 19
7 21 66 10 78
7 22 66 12 55
7 23 53 24 82
7 24 21 86 38
7 25 34 90 66
7 26 41 90 88
7 27 93 2 48
7 28 74 44 38
7 29 24 19 22
8 9 72 31 72
8 10 78 24 54
8 11 82 10 44
8 12 73 21 21
8 13 78 40 46
8 14 26 62 90
8 15 1 98 74
8 16 64 54 82
8 17 44 51 81
8 18 5 38 86
8 19 8 63 67
8 20 16 67 81
8 21 15 76 27
8 22 85 6 78
8 23 79 9 73
8 24 62 17 68
8 25 42 90 35
8 26 19 89 53
8 27 45 33 21
8 28 17 36 22
8 29 40 38 79
9 10 6 80 59
9 11 8 49 88
9 12 62 66 19
9 13 54 61 83
9 14 5 85 49
9 15 49 46 59
9 16 78 49 72
9 17 16 93 38
9 18 68 18 26
9 19 40 35 78
9 20 27 21 40
9 21 4 46 49
9 22 55 54 38
9 23 83 16 33
9 24 13 68 80
9 25 76 33 6
9 26 94 70 56
9 27 9 90 19
9 28 5 23 84
9 29 13 37 26
10 11 74 36 77
10 12 79 45 6
10 13 1 44 91
10 14 76 20 34
10 15 55 40 82
10 16 85 8 27
10 17 64 60 51
10 18 13 22 28
10 19 81 13 81
10 20 53 81 27
10 21 6 51 53
10 22 1 87 78
10 23 9 80 42
10 24 65 45 76
10 25 75 82 67
10 26 90 62 35
10 27 7 92 60
10 28 97 47 46
10 29 63 19 39
11 12 7 89 43
11 13 51 78 63
11 14 26 39 51
11 15 53 83 53
11 16 89 26 43
11 17 54 16 13
11 18 1 30 42
11 19 10 46 88
11 20 64 52 12
11 21 20 85 93
11 22 84 54 44
11 23 33 82 54
11 24 62 33 10
11 25 77 35 33
11 26 99 25 68
11 27 23 44 71
11 28 20 41 53
11 29 38 18 12
12 13 86 37 47
12 14 6 35 57
12 15 87 12 59
12 16 45 20 68
12 17 17 67 74
12 18 31 64 52
12 19 25 86 64
12 20 90 50 11
12 21 25 52 30
12 22 50 46 42
12 23 54 53 87
12 24 55 84 60
12 25 92 53 60
12 26 53 87 44
12 27 71 65 45
12 28 11 75 35
12 29 62 7 69
13 14 97 13 45
13 15 96 49 61
13 16 70 51 68
13 17 26 77 48
13 18 57 30 45
13 19 99 73 56
13 20 38 24 85
13 21 82 19 31
13 22 12 52 41
13 23 68 16 34
13 24 90 35 76
13 25 23 76 42
13 26 93 52 61
13 27 11 35 77
13 28 85 33 47
13 29 63 21 10
14 15 91 72 66
14 16 64 85 32
14 17 29 21 83
14 18 31 61 36
14 19 70 56 73
14 20 38 37 13
14 21 29 64 54
14 22 89 54 6
14 23 67 86 16
14 24 74 26 71
14 25 88 27 66
14 26 8 66 80
14 27 16 37 88
14 28 49 70 58
14 29 38 37 90
15 16 12 87 54
15 17 41 22 27
15 18 34 46 40
15 19 70 43 40
15 20 87 23 62
15 21 66 86 40
15 22 95 29 70
15 23 35 60 16
15 24 81 75 4
15 25 11 84 22
15 26 80 66 26
15 27 7 66 19
15 28 35 47 23
15 29 87 76 45
16 17 76 64 10
16 18 46 72 16
16 19 41 15 42
16 20 34 46 47
16 21 14 63 35
16 22 89 21 51
16 23 58 43 50
16 24 96 11 68
16 25 57 23 84
16 26 85 4 57
16 27 9 47 76
16 28 80 68 8
16 29 83 59 3
17 18 44 72 34
17 19 21 68 46
17 20 23 53 25
17 21 42 87 29
17 22 36 24 85
17 23 58 77 18
17 24 71 19 69
17 25 8 44 45
17 26 57 49 15
17 27 76 49 74
17 28 67 36 46
17 29 8 26 20
18 19 55 34 17
18 20 96 30 69
18 21 56 33 28
18 22 21 77 54
18 23 29 51 69
18 24 5 45 77
18 25 27 14 29
18 26 76 82 7
18 27 66 14 53
18 28 31 32 30
18 29 53 73 78
19 20 98 25 20
19 21 81 7 34
19 22 55 83 72
19 23 78 37 36
19 24 32 71 22
19 25 3 97 20
19 26 67 21 84
19 27 12 35 31
19 28 78 35 40
19 29 79 34 43
20 21 45 88 45
20 22 71 24 68
20 23 50 57 35
20 24 13 65 69
20 25 85 7 39
20 26 97 61 7
20 27 54 53 72
20 28 23 75 89
20 29 9 50 73
21 22 55 74 45
21 23 92 63 68
21 24 64 68 48
21 25 36 80 45
21 26 28 69 73
21 27 22 84 62
21 28 11 81 27
21 29 69 31 65
22 23 5 70 61
22 24 31 22 36
22 25 96 46 45
22 26 60 47 8
22 27 19 17 64
22 28 71 81 16
22 29 38 77 81
23 24 69 18 46
23 25 12 45 88
23 26 42 38 59
23 27 32 80 70
23 28 87 78 45
23 29 64 38 79
24 25 93 72 23
24 26 79 9 44
24 27 64 82 85
24 28 10 34 34
24 29 1 83 75
25 26 66 25 13
25 27 34 21 35
25 28 23 47 53
25 29 21 32 26
26 27 55 47 88
26 28 63 22 44
26 29 2 85 28
27 28 46 73 48
27 29 2 19 34
28 29 4 73 36
