33
0 1 91 9 15
0 2 57 42 45
0 3 26 66 64
0 4 22 75 78
0 5 93 18 17
0 6 84 23 25
0 7 17 84 77
0 8 2 87 93
0 9 82 29 19
0 10 73 33 30
0 11 8 78 89
0 12 43 51 52
0 13 6 80 80
0 14 95 9 12
0 15 77 22 22
0 16 86 18 23
0 17 12 86 80
0 18 20 81 73
0 19 6 89 81
0 20 24 66 74
0 21 89 20 15
0 22 13 85 85
0 23 22 65 76
0 24 12 75 87
0 25 18 73 83
0 26 15 73 82
0 27 15 84 81
0 28 84 24 20
0 29 10 87 88
0 30 82 17 23
0 31 34 62 65
0 32 96 11 4
1 2 53 42 52
1 3 85 23 23
1 4 62 41 43
1 5 80 29 28
1 6 82 18 17
1 7 84 16 15
1 8 33 68 69
1 9 23 79 74
1 10 44 59 58
1 11 22 70 66
1 12 90 20 20
1 13 27 65 70
1 14 13 87 81
1 15 56 37 38
1 16 11 81 78
1 17 54 46 53
1 18 0 97 90
1 19 44 56 48
1 20 53 53 40
1 21 95 16 8
1 22 41 59 63
1 23 83 15 14
1 24 79 30 30
1 25 84 16 13
1 26 40 58 58
1 27 82 28 22
1 28 22 72 70
1 29 85 16 21
1 30 43 54 55
1 31 78 26 27
1 32 0 86 91
2 3 87 20 21
2 4 40 60 54
2 5 82 16 15
2 6 95 7 4
2 7 44 47 52
2 8 4 88 93
2 9 21 70 70
2 10 83 17 18
2 11 96 4 12
2 12 74 29 23
2 13 1 86 92
2 14 95 6 4
2 15 12 77 88
2 16 14 74 84
2 17 20 79 72
2 18 95 11 18
2 19 79 28 17
2 20 63 45 35
2 21 74 23 35
2 22 63 36 37
2 23 81 29 18
2 24 16 80 75
2 25 19 72 79
2 26 47 45 56
2 27 35 68 58
2 28 79 17 26
2 29 16 71 80
2 30 42 61 53
2 31 5 90 83
2 32 77 34 23
3 4 55 41 46
3 5 2 83 92
3 6 15 78 80
3 7 40 60 58
3 8 65 37 31
3 9 69 28 30
3 10 8 82 90
3 11 53 39 51
3 12 26 76 74
3 13 3 89 83
3 14 17 70 84
3 15 58 36 37
3 16 14 86 72
3 17 56 40 40
3 18 27 67 70
3 19 80 23 19
3 20 89 20 18
3 21 52 49 53
3 22 80 23 17
3 23 98 8 2
3 24 57 47 43
3 25 76 28 24
3 26 68 37 38
3 27 68 41 33
3 28 65 33 34
3 29 38 55 61
3 30 30 67 71
3 31 14 77 76
3 32 71 30 30
4 5 67 28 40
4 6 96 13 18
4 7 73 35 31
4 8 92 12 10
4 9 91 14 10
4 10 52 44 47
4 11 74 22 21
4 12 61 38 39
4 13 24 65 71
4 14 3 85 96
4 15 9 83 82
4 16 64 35 34
4 17 34 58 58
4 18 64 35 44
4 19 34 58 62
4 20 65 43 40
4 21 79 20 20
4 22 88 15 22
4 23 61 35 34
4 24 28 72 61
4 25 49 43 51
4 26 5 89 87
4 27 74 25 33
4 28 97 11 12
4 29 96 3 11
4 30 59 42 38
4 31 92 17 8
4 32 52 43 55
5 6 62 44 46
5 7 35 62 60
5 8 42 56 58
5 9 22 72 73
5 10 59 35 40
5 11 57 44 46
5 12 5 80 81
5 13 87 11 12
5 14 8 86 89
5 15 42 60 51
5 16 55 52 46
5 17 8 80 85
5 18 6 93 86
5 19 64 37 44
5 20 80 26 30
5 21 89 17 9
5 22 86 19 17
5 23 26 69 70
5 24 17 74 77
5 25 38 67 60
5 26 85 25 17
5 27 43 61 52
5 28 79 27 23
5 29 55 43 44
5 30 24 72 65
5 31 18 80 80
5 32 63 44 37
6 7 12 82 84
6 8 49 56 54
6 9 4 82 88
6 10 91 7 14
6 11 81 23 26
6 12 53 49 44
6 13 52 47 45
6 14 37 59 53
6 15 72 33 33
6 16 39 52 55
6 17 90 20 18
6 18 10 80 89
6 19 71 29 36
6 20 64 31 35
6 21 77 22 34
6 22 94 15 18
6 23 93 5 7
6 24 44 53 52
6 25 95 8 13
6 26 99 11 12
6 27 78 26 20
6 28 7 87 85
6 29 0 86 90
6 30 41 50 55
6 31 15 85 73
6 32 23 76 70
7 8 20 81 80
7 9 54 46 52
7 10 13 78 86
7 11 44 56 48
7 12 43 52 48
7 13 10 86 85
7 14 67 40 36
7 15 60 45 46
7 16 43 59 61
7 17 26 69 65
7 18 87 10 17
7 19 94 6 11
7 20 0 84 87
7 21 16 73 78
7 22 44 47 47
7 23 61 39 35
7 24 63 34 32
7 25 67 35 27
7 26 14 73 81
7 27 50 45 42
7 28 67 33 39
7 29 6 93 92
7 30 51 46 45
7 31 5 87 86
7 32 95 15 8
8 9 71 26 35
8 10 67 34 31
8 11 70 38 33
8 12 58 49 43
8 13 34 69 64
8 14 89 19 18
8 15 79 20 28
8 16 15 82 86
8 17 0 98 88
8 18 91 9 12
8 19 67 37 31
8 20 34 69 57
8 21 6 93 94
8 22 32 63 65
8 23 9 84 80
8 24 62 45 34
8 25 16 84 81
8 26 34 68 67
8 27 45 53 46
8 28 1 97 88
8 29 89 17 17
8 30 70 32 38
8 31 70 27 31
8 32 6 93 86
9 10 38 62 55
9 11 23 70 68
9 12 66 29 28
9 13 97 13 8
9 14 36 54 59
9 15 8 86 92
9 16 12 80 76
9 17 73 31 35
9 18 72 34 26
9 19 47 51 48
9 20 21 75 77
9 21 42 61 58
9 22 56 40 44
9 23 31 71 69
9 24 37 60 55
9 25 57 45 40
9 26 72 37 38
9 27 27 67 75
9 28 38 56 58
9 29 53 51 52
9 30 8 92 89
9 31 67 42 37
9 32 40 56 54
10 11 18 70 73
10 12 73 36 35
10 13 4 81 95
10 14 68 29 27
10 15 16 83 77
10 16 4 82 83
10 17 36 59 55
10 18 62 35 41
10 19 26 77 71
10 20 95 11 15
10 21 94 18 18
10 22 3 92 96
10 23 16 81 82
10 24 15 75 83
10 25 68 34 33
10 26 24 70 70
10 27 63 31 44
10 28 75 31 30
10 29 39 63 53
10 30 4 82 83
10 31 24 67 78
10 32 80 27 29
11 12 60 48 40
11 13 78 22 22
11 14 85 25 23
11 15 48 53 43
11 16 89 18 22
11 17 2 92 92
11 18 1 85 86
11 19 76 34 27
11 20 25 65 74
11 21 6 87 92
11 22 98 6 13
11 23 94 12 16
11 24 22 78 72
11 25 29 60 67
11 26 97 10 6
11 27 65 30 36
11 28 64 39 31
11 29 0 91 91
11 30 65 35 35
11 31 40 65 52
11 32 96 9 17
12 13 58 37 39
12 14 72 30 30
12 15 85 13 20
12 16 80 21 17
12 17 51 44 54
12 18 35 61 66
12 19 6 89 82
12 20 65 31 40
12 21 75 24 31
12 22 55 52 48
12 23 81 29 16
12 24 58 44 44
12 25 81 26 27
12 26 0 98 94
12 27 43 47 55
12 28 37 56 57
12 29 84 15 16
12 30 54 48 39
12 31 50 44 44
12 32 14 83 84
13 14 84 18 24
13 15 28 75 64
13 16 32 69 66
13 17 11 79 79
13 18 42 56 62
13 19 72 35 33
13 20 33 70 70
13 21 37 60 64
13 22 51 47 43
13 23 41 55 62
13 24 65 33 33
13 25 19 70 71
13 26 99 3 2
13 27 39 63 63
13 28 10 81 83
13 29 99 10 12
13 30 91 21 10
13 31 33 71 60
13 32 55 40 38
14 15 32 63 57
14 16 75 34 26
14 17 91 21 12
14 18 50 51 45
14 19 81 23 17
14 20 47 57 55
14 21 62 32 37
14 22 91 16 10
14 23 48 46 57
14 24 92 13 16
14 25 55 45 39
14 26 83 22 19
14 27 60 45 48
14 28 84 24 18
14 29 4 81 81
14 30 84 27 14
14 31 23 67 72
14 32 44 53 49
15 16 34 55 57
15 17 92 16 20
15 18 52 44 48
15 19 42 61 55
15 20 39 53 52
15 21 76 28 28
15 22 77 24 28
15 23 0 99 91
15 24 82 25 23
15 25 59 45 41
15 26 78 30 20
15 27 42 58 54
15 28 32 61 71
15 29 66 31 29
15 30 66 40 30
15 31 88 20 17
15 32 41 62 62
16 17 44 61 61
16 18 7 85 90
16 19 5 86 81
16 20 0 94 95
16 21 2 92 83
16 22 30 64 60
16 23 88 15 18
16 24 6 85 83
16 25 75 32 21
16 26 42 54 61
16 27 74 29 27
16 28 4 88 91
16 29 82 28 29
16 30 93 19 15
16 31 19 72 81
16 32 38 54 52
17 18 26 64 72
17 19 82 17 27
17 20 5 82 93
17 21 65 42 29
17 22 6 92 90
17 23 48 55 46
17 24 56 37 38
17 25 32 63 57
17 26 81 19 16
17 27 22 78 68
17 28 56 46 39
17 29 75 33 21
17 30 15 82 78
17 31 23 74 76
17 32 10 79 77
18 19 49 50 57
18 20 66 42 35
18 21 60 47 40
18 22 78 26 22
18 23 28 75 75
18 24 32 63 66
18 25 89 15 12
18 26 99 10 12
18 27 39 60 64
18 28 41 56 55
18 29 53 51 49
18 30 52 54 43
18 31 18 84 80
18 32 57 50 41
19 20 53 40 42
19 21 57 48 38
19 22 77 30 22
19 23 83 19 26
19 24 94 13 13
19 25 53 42 50
19 26 78 31 19
19 27 31 66 72
19 28 85 20 20
19 29 66 36 29
19 30 63 31 31
19 31 14 82 86
19 32 83 28 20
20 21 76 25 33
20 22 8 82 84
20 23 50 51 55
20 24 30 71 73
20 25 60 43 41
20 26 6 83 83
20 27 56 47 48
20 28 13 83 80
20 29 45 48 58
20 30 59 48 39
20 31 77 21 33
20 32 70 38 32
21 22 18 71 72
21 23 34 66 61
21 24 47 49 45
21 25 96 10 12
21 26 31 66 61
21 27 3 84 95
21 28 69 28 29
21 29 24 72 67
21 30 44 50 51
21 31 50 51 53
21 32 55 44 39
22 23 66 32 32
22 24 38 56 56
22 25 99 5 7
22 26 71 30 28
22 27 66 34 38
22 28 66 36 37
22 29 95 18 5
22 30 46 47 46
22 31 22 71 74
22 32 19 81 79
23 24 17 79 78
23 25 65 32 42
23 26 88 15 18
23 27 89 16 17
23 28 93 14 15
23 29 31 61 71
23 30 6 81 83
23 31 85 23 26
23 32 30 71 68
24 25 82 26 22
24 26 78 18 18
24 27 27 70 71
24 28 98 13 10
24 29 17 79 76
24 30 15 75 75
24 31 74 22 25
24 32 89 14 16
25 26 20 77 68
25 27 66 42 34
25 28 9 90 83
25 29 96 12 8
25 30 73 23 34
25 31 34 58 60
25 32 60 43 38
26 27 30 60 72
26 28 97 7 5
26 29 47 53 53
26 30 49 47 50
26 31 95 14 8
26 32 83 22 21
27 28 47 57 57
27 29 49 57 50
27 30 50 43 56
27 31 1 88 87
27 32 44 56 47
28 29 64 36 37
28 30 14 84 76
28 31 24 76 71
28 32 70 30 30
29 30 30 62 73
29 31 6 84 85
29 32 34 56 69
30 31 99 8 10
30 32 62 34 31
31 32 71 36 28
