33
0 1 62 54 63
0 2 97 35 23
0 3 71 6 56
0 4 92 19 7
0 5 56 22 34
0 6 44 34 72
0 7 8 26 30
0 8 19 44 82
0 9 72 62 16
0 10 70 81 71
0 11 74 84 83
0 12 35 41 50
0 13 83 78 47
0 14 57 34 42
0 15 2 66 48
0 16 89 6 25
0 17 53 40 87
0 18 17 88 82
0 19 85 63 80
0 20 62 77 40
0 21 89 11 60
0 22 5 83 28
0 23 0 47 60
0 24 26 90 19
0 25 54 56 75
0 26 10 18 31
0 27 16 30 23
0 28 11 89 95
0 29 54 65 11
0 30 42 64 58
0 31 20 60 18
0 32 77 69 30
1 2 28 58 88
1 3 92 7 10
1 4 76 24 39
1 5 42 41 14
1 6 42 20 65
1 7 70 12 48
1 8 19 17 77
1 9 82 67 5
1 10 37 60 28
1 11 32 45 51
1 12 12 56 77
1 13 38 19 89
1 14 86 21 71
1 15 7 20 45
1 16 89 12 79
1 17 34 61 13
1 18 28 15 77
1 19 48 42 87
1 20 12 44 57
1 21 5 32 75
1 22 97 59 40
1 23 39 69 27
1 24 43 63 42
1 25 89 78 34
1 26 82 57 78
1 27 36 76 43
1 28 0 54 30
1 29 14 25 75
1 30 41 36 34
1 31 58 35 76
1 32 51 12 31
2 3 78 16 33
2 4 91 52 7
2 5 98 11 8
2 6 20 23 92
2 7 24 34 80
2 8 22 17 93
2 9 40 59 64
2 10 44 22 52
2 11 56 58 30
2 12 3 33 56
2 13 54 57 75
2 14 85 72 60
2 15 69 31 34
2 16 66 35 48
2 17 33 82 62
2 18 19 27 37
2 19 78 66 62
2 20 21 85 81
2 21 16 23 78
2 22 12 92 35
2 23 92 60 54
2 24 71 7 17
2 25 41 55 43
2 26 54 46 43
2 27 69 78 7
2 28 35 59 55
2 29 71 78 12
2 30 15 84 70
2 31 37 30 72
2 32 76 17 56
3 4 83 72 45
3 5 71 17 55
3 6 79 60 13
3 7 22 82 20
3 8 2 43 29
3 9 88 71 48
3 10 2 86 57
3 11 72 43 31
3 12 28 91 88
3 13 71 70 78
3 14 48 46 89
3 15 83 56 56
3 16 47 20 35
3 17 78 78 56
3 18 19 34 87
3 19 37 24 61
3 20 51 75 35
3 21 64 41 47
3 22 47 75 73
3 23 98 57 6
3 24 74 83 51
3 25 75 5 19
3 26 22 50 78
3 27 49 50 69
3 28 3 22 72
3 29 50 36 30
3 30 18 76 95
3 31 66 21 60
3 32 26 42 85
4 5 88 30 21
4 6 78 68 20
4 7 94 50 34
4 8 72 79 21
4 9 81 63 66
4 10 83 61 47
4 11 23 94 18
4 12 49 15 49
4 13 45 60 37
4 14 40 19 25
4 15 40 74 31
4 16 12 66 92
4 17 31 17 67
4 18 82 69 79
4 19 68 7 79
4 20 29 64 30
4 21 91 67 58
4 22 16 50 49
4 23 2 59 99
4 24 34 84 69
4 25 69 23 21
4 26 39 90 54
4 27 53 72 51
4 28 98 66 69
4 29 84 26 46
4 30 42 84 59
4 31 24 19 32
4 32 52 70 83
5 6 57 31 56
5 7 47 28 60
5 8 26 38 88
5 9 49 51 36
5 10 23 45 69
5 11 80 66 49
5 12 41 57 49
5 13 33 45 35
5 14 44 68 83
5 15 27 17 27
5 16 26 63 81
5 17 59 61 22
5 18 48 28 66
5 19 61 18 81
5 20 17 17 51
5 21 79 24 51
5 22 15 86 36
5 23 41 85 46
5 24 48 78 15
5 25 9 91 76
5 26 67 18 22
5 27 81 24 50
5 28 67 39 12
5 29 68 13 69
5 30 95 8 39
5 31 68 18 23
5 32 15 34 23
6 7 16 45 18
6 8 44 67 80
6 9 25 77 87
6 10 13 90 29
6 11 87 60 36
6 12 1 45 83
6 13 18 66 72
6 14 21 26 35
6 15 46 83 11
6 16 63 47 43
6 17 70 16 83
6 18 88 68 71
6 19 24 73 20
6 20 85 73 28
6 21 26 64 52
6 22 22 63 63
6 23 30 31 57
6 24 47 60 56
6 25 98 62 75
6 26 42 74 15
6 27 93 78 62
6 28 99 29 65
6 29 45 74 28
6 30 69 26 21
6 31 63 7 62
6 32 86 70 10
7 8 58 37 71
7 9 80 4 14
7 10 63 37 25
7 11 80 43 78
7 12 63 15 42
7 13 17 86 94
7 14 57 34 87
7 15 91 61 70
7 16 21 45 85
7 17 79 17 21
7 18 54 69 46
7 19 63 24 31
7 20 50 83 82
7 21 80 62 17
7 22 19 63 17
7 23 92 51 43
7 24 82 63 62
7 25 55 9 35
7 26 38 39 70
7 27 13 66 70
7 28 87 9 52
7 29 80 24 67
7 30 52 78 41
7 31 20 61 82
7 32 50 38 17
8 9 76 11 22
8 10 15 43 93
8 11 57 84 82
8 12 47 21 26
8 13 92 48 16
8 14 84 51 27
8 15 2 73 94
8 16 89 71 42
8 17 65 79 12
8 18 65 64 55
8 19 4 84 74
8 20 24 93 46
8 21 36 48 38
8 22 99 25 73
8 23 37 77 15
8 24 49 12 58
8 25 16 36 64
8 26 89 52 62
8 27 45 11 13
8 28 33 32 65
8 29 35 25 42
8 30 61 44 31
8 31 29 70 33
8 32 59 70 70
9 10 5 90 93
9 11 71 62 42
9 12 71 51 68
9 13 40 54 29
9 14 47 62 26
9 15 80 31 56
9 16 86 67 24
9 17 49 17 26
9 18 88 34 40
9 19 77 46 7
9 20 62 18 55
9 21 32 26 56
9 22 99 59 34
9 23 93 21 43
9 24 9 30 30
9 25 74 50 81
9 26 6 67 45
9 27 41 54 22
9 28 13 48 28
9 29 36 18 65
9 30 89 3 31
9 31 65 59 52
9 32 22 33 80
10 11 89 71 3
10 12 47 52 79
10 13 76 33 7
10 14 60 83 43
10 15 15 74 57
10 16 56 14 42
10 17 49 50 11
10 18 96 43 57
10 19 78 25 59
10 20 41 87 62
10 21 98 60 78
10 22 52 23 54
10 23 79 49 39
10 24 11 25 89
10 25 21 78 57
10 26 94 70 58
10 27 99 3 49
10 28 86 52 58
10 29 35 41 48
10 30 37 88 84
10 31 68 14 42
10 32 83 35 43
11 12 63 14 44
11 13 6 62 21
11 14 48 40 56
11 15 35 83 65
11 16 57 19 55
11 17 81 57 74
11 18 36 39 60
11 19 40 27 29
11 20 52 58 79
11 21 36 17 66
11 22 21 44 52
11 23 46 39 20
11 24 5 41 44
11 25 62 72 35
11 26 17 67 77
11 27 3 34 23
11 28 98 64 42
11 29 70 13 67
11 30 57 19 30
11 31 8 48 24
11 32 54 24 59
12 13 13 56 88
12 14 91 5 42
12 15 97 71 31
12 16 32 42 39
12 17 71 6 79
12 18 82 15 30
12 19 97 47 53
12 20 96 37 58
12 21 11 29 83
12 22 92 1 51
12 23 33 68 88
12 24 22 40 78
12 25 70 40 9
12 26 46 17 80
12 27 27 77 76
12 28 21 25 51
12 29 0 58 93
12 30 90 80 19
12 31 52 31 14
12 32 36 81 79
13 14 45 64 33
13 15 88 56 60
13 16 45 10 52
13 17 84 69 16
13 18 20 30 95
13 19 50 45 58
13 20 79 16 72
13 21 12 18 83
13 22 42 62 34
13 23 32 85 56
13 24 47 34 84
13 25 40 16 85
13 26 8 79 40
13 27 23 37 40
13 28 8 70 60
13 29 71 33 19
13 30 38 18 56
13 31 68 16 17
13 32 58 50 65
14 15 48 62 28
14 16 67 53 31
14 17 22 57 47
14 18 71 54 17
14 19 32 17 85
14 20 63 65 16
14 21 87 46 38
14 22 66 50 80
14 23 46 71 74
14 24 73 65 13
14 25 21 56 68
14 26 83 4 60
14 27 73 21 31
14 28 67 38 32
14 29 4 42 28
14 30 0 20 69
14 31 77 24 10
14 32 81 19 80
15 16 2 56 74
15 17 41 16 49
15 18 22 43 46
15 19 5 80 52
15 20 76 80 69
15 21 73 55 79
15 22 17 41 96
15 23 74 56 33
15 24 34 14 34
15 25 19 51 85
15 26 25 32 25
15 27 18 88 65
15 28 66 22 12
15 29 58 27 64
15 30 82 33 9
15 31 70 23 17
15 32 28 61 62
16 17 93 45 22
16 18 31 57 35
16 19 94 50 55
16 20 64 23 50
16 21 43 53 67
16 22 76 25 49
16 23 68 52 21
16 24 62 49 46
16 25 50 29 55
16 26 89 25 30
16 27 50 14 14
16 28 29 47 43
16 29 27 48 64
16 30 78 30 13
16 31 34 36 49
16 32 54 29 58
17 18 76 50 43
17 19 3 44 87
17 20 63 40 83
17 21 41 89 68
17 22 70 75 7
17 23 83 72 17
17 24 97 35 11
17 25 16 29 70
17 26 38 19 13
17 27 72 23 74
17 28 96 7 20
17 29 79 36 10
17 30 82 6 68
17 31 65 78 20
17 32 13 24 68
18 19 78 54 29
18 20 98 70 40
18 21 25 76 49
18 22 39 26 60
18 23 25 68 66
18 24 98 40 34
18 25 28 87 91
18 26 20 47 69
18 27 21 18 29
18 28 7 95 76
18 29 13 74 17
18 30 72 52 35
18 31 30 20 32
18 32 75 47 56
19 20 40 31 14
19 21 17 59 51
19 22 53 52 76
19 23 7 52 74
19 24 39 68 79
19 25 96 39 2
19 26 32 58 84
19 27 6 66 53
19 28 32 67 79
19 29 4 45 29
19 30 74 56 77
19 31 95 72 47
19 32 74 21 39
20 21 38 45 49
20 22 29 83 67
20 23 39 84 87
20 24 55 67 74
20 25 27 85 23
20 26 93 38 68
20 27 22 30 75
20 28 69 62 60
20 29 74 43 67
20 30 93 39 3
20 31 68 16 16
20 32 50 27 12
21 22 25 20 46
21 23 36 16 52
21 24 26 88 51
21 25 42 59 25
21 26 14 70 81
21 27 8 59 97
21 28 95 9 71
21 29 0 73 21
21 30 36 71 72
21 31 56 18 53
21 32 41 62 19
22 23 89 34 61
22 24 17 41 29
22 25 14 91 92
22 26 81 40 47
22 27 57 77 23
22 28 84 21 62
22 29 33 40 90
22 30 79 12 70
22 31 45 25 83
22 32 52 22 32
23 24 75 55 24
23 25 89 52 23
23 26 74 26 33
23 27 38 92 50
23 28 66 60 9
23 29 16 54 73
23 30 48 74 53
23 31 10 41 54
23 32 85 77 49
24 25 15 55 22
24 26 8 38 63
24 27 43 13 34
24 28 36 53 22
24 29 8 74 75
24 30 50 71 23
24 31 70 60 19
24 32 24 74 65
25 26 59 13 75
25 27 29 80 19
25 28 42 89 87
25 29 36 62 81
25 30 90 50 27
25 31 88 34 52
25 32 45 68 70
26 27 11 73 21
26 28 26 67 56
26 29 20 39 74
26 30 10 60 33
26 31 42 56 74
26 32 39 73 67
27 28 2 20 30
27 29 90 4 6
27 30 99 21 5
27 31 92 33 8
27 32 82 45 45
28 29 63 51 54
28 30 49 44 74
28 31 86 30 66
28 32 18 56 48
29 30 87 15 20
29 31 52 10 84
29 32 2 50 44
30 31 40 28 47
30 32 19 75 64
31 32 6 18 71
