40
0 1 64 55 43
0 2 61 24 62
0 3 91 39 26
0 4 7 73 52
0 5 9 59 87
0 6 1 73 90
0 7 3 87 95
0 8 59 43 58
0 9 78 52 50
0 10 79 37 43
0 11 85 29 20
0 12 79 18 11
0 13 32 51 48
0 14 16 51 89
0 15 13 74 73
0 16 84 20 45
0 17 84 45 30
0 18 95 17 41
0 19 36 67 78
0 20 84 23 33
0 21 26 63 72
0 22 29 59 52
0 23 56 44 61
0 24 21 56 81
0 25 88 15 46
0 26 49 39 35
0 27 44 48 37
0 28 57 22 30
0 29 24 68 56
0 30 81 40 29
0 31 93 24 36
0 32 76 25 59
0 33 5 71 76
0 34 64 18 32
0 35 58 30 40
0 36 83 14 13
0 37 94 47 12
0 38 11 52 70
0 39 59 28 23
1 2 81 50 55
1 3 7 88 65
1 4 89 52 15
1 5 66 58 59
1 6 25 76 66
1 7 62 63 47
1 8 65 31 19
1 9 28 68 59
1 10 50 35 36
1 11 14 64 80
1 12 83 35 57
1 13 24 75 70
1 14 67 52 41
1 15 33 48 67
1 16 43 47 66
1 17 76 22 13
1 18 6 95 68
1 19 94 32 16
1 20 49 53 44
1 21 15 52 45
1 22 97 26 50
1 23 53 45 26
1 24 0 59 82
1 25 74 19 47
1 26 17 54 57
1 27 72 23 38
1 28 48 75 63
1 29 95 39 30
1 30 35 49 56
1 31 63 66 27
1 32 28 61 39
1 33 36 64 77
1 34 31 62 35
1 35 66 17 49
1 36 13 77 79
1 37 35 53 46
1 38 77 12 28
1 39 81 13 37
2 3 67 55 22
2 4 50 49 34
2 5 32 55 60
2 6 60 41 52
2 7 58 66 37
2 8 16 54 54
2 9 59 68 57
2 10 68 65 37
2 11 61 63 27
2 12 83 50 30
2 13 99 9 22
2 14 97 14 26
2 15 97 43 21
2 16 18 44 72
2 17 99 33 38
2 18 0 96 60
2 19 99 21 11
2 20 27 47 59
2 21 55 44 31
2 22 30 54 45
2 23 50 40 72
2 24 89 43 43
2 25 10 63 79
2 26 79 35 42
2 27 6 71 75
2 28 65 28 26
2 29 14 48 73
2 30 67 42 45
2 31 57 69 59
2 32 33 60 33
2 33 37 77 70
2 34 99 24 2
2 35 66 49 37
2 36 51 34 56
2 37 77 22 12
2 38 10 84 59
2 39 54 67 71
3 4 37 56 80
3 5 92 13 41
3 6 82 18 41
3 7 86 21 8
3 8 37 79 74
3 9 34 65 80
3 10 24 54 85
3 11 25 37 52
3 12 49 46 53
3 13 43 45 62
3 14 23 40 68
3 15 65 24 58
3 16 61 40 55
3 17 8 55 72
3 18 1 93 57
3 19 91 13 18
3 20 99 8 41
3 21 86 36 45
3 22 84 14 35
3 23 17 58 70
3 24 34 38 33
3 25 42 67 46
3 26 0 93 98
3 27 41 40 56
3 28 8 77 81
3 29 38 42 35
3 30 72 53 34
3 31 56 41 70
3 32 47 26 31
3 33 95 18 33
3 34 46 68 62
3 35 12 58 49
3 36 20 84 86
3 37 95 47 39
3 38 75 21 16
3 39 43 65 58
4 5 72 18 63
4 6 20 67 59
4 7 91 43 13
4 8 46 51 30
4 9 51 60 68
4 10 28 48 69
4 11 68 25 17
4 12 61 33 52
4 13 62 46 53
4 14 76 35 60
4 15 88 54 19
4 16 74 38 47
4 17 39 32 64
4 18 82 35 25
4 19 37 56 53
4 20 38 74 54
4 21 70 48 56
4 22 79 28 19
4 23 69 26 34
4 24 92 7 11
4 25 20 50 42
4 26 65 46 43
4 27 21 54 84
4 28 6 77 67
4 29 86 22 47
4 30 60 46 53
4 31 74 19 16
4 32 60 56 34
4 33 50 62 36
4 34 32 81 66
4 35 7 62 92
4 36 0 69 87
4 37 52 52 52
4 38 1 76 58
4 39 49 35 28
5 6 14 88 45
5 7 14 59 53
5 8 16 51 52
5 9 12 57 65
5 10 56 70 66
5 11 59 26 50
5 12 62 56 34
5 13 42 41 56
5 14 6 56 78
5 15 21 61 61
5 16 23 53 85
5 17 17 65 91
5 18 23 71 63
5 19 70 24 15
5 20 71 60 15
5 21 10 50 74
5 22 87 21 47
5 23 27 49 52
5 24 44 29 44
5 25 91 42 12
5 26 47 75 37
5 27 91 32 12
5 28 29 56 39
5 29 78 28 28
5 30 63 64 31
5 31 18 41 90
5 32 64 37 29
5 33 76 60 31
5 34 62 25 65
5 35 58 66 65
5 36 13 80 67
5 37 95 40 5
5 38 49 48 46
5 39 58 29 54
6 7 86 18 9
6 8 40 65 56
6 9 22 49 54
6 10 62 30 29
6 11 41 51 45
6 12 26 81 46
6 13 15 47 56
6 14 67 25 49
6 15 68 22 41
6 16 6 53 72
6 17 28 77 73
6 18 99 39 40
6 19 17 56 50
6 20 81 16 53
6 21 5 69 62
6 22 15 60 77
6 23 29 70 74
6 24 91 34 10
6 25 83 50 48
6 26 33 53 46
6 27 95 41 48
6 28 97 43 24
6 29 11 75 82
6 30 79 46 12
6 31 19 50 62
6 32 16 63 59
6 33 60 54 34
6 34 26 76 51
6 35 67 16 25
6 36 48 52 68
6 37 98 40 25
6 38 67 34 39
6 39 53 58 32
7 8 80 14 38
7 9 23 57 38
7 10 83 51 49
7 11 43 33 63
7 12 81 30 46
7 13 22 40 49
7 14 54 29 26
7 15 89 6 10
7 16 94 14 48
7 17 15 84 64
7 18 12 48 89
7 19 29 49 63
7 20 98 10 28
7 21 46 33 33
7 22 50 66 49
7 23 50 47 46
7 24 19 86 80
7 25 70 42 52
7 26 24 69 84
7 27 38 43 37
7 28 21 61 79
7 29 11 49 54
7 30 90 53 19
7 31 55 30 31
7 32 19 45 46
7 33 65 44 19
7 34 80 48 28
7 35 14 84 73
7 36 26 45 77
7 37 2 70 84
7 38 75 29 27
7 39 7 76 79
8 9 15 50 88
8 10 94 6 9
8 11 7 56 69
8 12 21 42 75
8 13 28 51 76
8 14 73 17 59
8 15 14 48 87
8 16 61 29 53
8 17 35 51 51
8 18 33 34 70
8 19 41 68 51
8 20 21 44 52
8 21 61 30 43
8 22 33 78 46
8 23 18 40 71
8 24 23 73 86
8 25 90 19 19
8 26 52 26 67
8 27 35 33 49
8 28 95 19 22
8 29 77 48 26
8 30 71 42 33
8 31 8 49 83
8 32 23 68 71
8 33 96 33 16
8 34 59 28 29
8 35 85 46 43
8 36 93 40 32
8 37 69 44 24
8 38 68 23 17
8 39 4 62 91
9 10 81 49 55
9 11 22 76 47
9 12 98 43 6
9 13 85 55 15
9 14 57 34 30
9 15 35 69 73
9 16 26 75 60
9 17 39 46 32
9 18 2 89 82
9 19 39 67 39
9 20 17 74 62
9 21 96 14 44
9 22 13 75 83
9 23 33 40 58
9 24 61 21 55
9 25 24 63 39
9 26 63 22 56
9 27 1 86 64
9 28 21 67 72
9 29 73 48 24
9 30 43 59 46
9 31 70 62 32
9 32 85 26 40
9 33 72 31 44
9 34 68 62 16
9 35 20 45 64
9 36 32 57 68
9 37 36 80 56
9 38 26 71 40
9 39 73 24 48
10 11 77 57 23
10 12 79 37 23
10 13 8 57 58
10 14 92 48 8
10 15 80 58 50
10 16 78 55 59
10 17 23 79 82
10 18 18 50 77
10 19 6 62 58
10 20 85 33 42
10 21 84 18 16
10 22 18 52 89
10 23 50 48 58
10 24 81 39 19
10 25 67 17 43
10 26 46 66 64
10 27 2 97 77
10 28 60 63 64
10 29 68 41 61
10 30 33 62 34
10 31 75 26 44
10 32 52 44 66
10 33 71 40 58
10 34 20 51 75
10 35 29 62 69
10 36 92 51 33
10 37 87 41 44
10 38 67 23 65
10 39 40 51 48
11 12 89 43 45
11 13 98 19 25
11 14 61 27 46
11 15 83 56 51
11 16 48 36 69
11 17 52 40 50
11 18 56 28 22
11 19 32 75 53
11 20 70 45 21
11 21 33 54 68
11 22 86 40 7
11 23 10 55 54
11 24 63 39 40
11 25 10 64 63
11 26 38 67 34
11 27 18 66 59
11 28 48 50 65
11 29 97 12 35
11 30 13 77 54
11 31 44 58 48
11 32 49 33 65
11 33 53 62 60
11 34 79 18 13
11 35 26 40 53
11 36 18 78 70
11 37 7 56 86
11 38 76 52 17
11 39 24 85 48
12 13 36 40 46
12 14 52 52 51
12 15 47 52 53
12 16 24 60 53
12 17 68 36 39
12 18 92 28 20
12 19 58 69 40
12 20 32 71 61
12 21 61 60 20
12 22 72 38 57
12 23 37 47 36
12 24 41 62 46
12 25 67 53 35
12 26 70 15 29
12 27 8 61 58
12 28 31 69 65
12 29 15 85 72
12 30 50 67 59
12 31 98 15 22
12 32 66 42 31
12 33 46 57 63
12 34 73 15 49
12 35 16 62 87
12 36 37 37 61
12 37 14 50 81
12 38 82 16 56
12 39 10 54 65
13 14 9 62 64
13 15 76 23 34
13 16 34 69 66
13 17 68 51 20
13 18 96 25 24
13 19 92 39 25
13 20 57 51 29
13 21 43 32 67
13 22 91 50 18
13 23 21 81 75
13 24 48 33 43
13 25 75 35 36
13 26 20 80 48
13 27 30 67 80
13 28 84 35 21
13 29 53 35 62
13 30 95 31 32
13 31 47 34 65
13 32 67 49 45
13 33 96 26 7
13 34 81 54 54
13 35 25 79 79
13 36 27 70 69
13 37 60 26 32
13 38 30 54 66
13 39 38 78 34
14 15 68 17 44
14 16 75 52 24
14 17 30 65 64
14 18 57 43 31
14 19 59 58 51
14 20 80 13 49
14 21 68 61 17
14 22 96 9 48
14 23 19 80 79
14 24 80 56 42
14 25 42 29 61
14 26 19 51 53
14 27 15 89 76
14 28 79 16 48
14 29 62 33 46
14 30 99 27 49
14 31 44 65 59
14 32 82 34 18
14 33 49 58 62
14 34 68 51 57
14 35 97 17 33
14 36 43 61 46
14 37 29 73 69
14 38 79 11 10
14 39 55 59 64
15 16 0 52 74
15 17 54 46 68
15 18 36 51 78
15 19 47 29 31
15 20 23 53 79
15 21 37 32 40
15 22 63 38 35
15 23 19 46 41
15 24 58 52 54
15 25 10 77 61
15 26 11 72 78
15 27 76 33 17
15 28 76 20 15
15 29 96 49 37
15 30 84 34 35
15 31 39 64 51
15 32 69 49 31
15 33 74 43 29
15 34 99 9 40
15 35 50 30 41
15 36 18 50 74
15 37 72 52 47
15 38 70 45 55
15 39 57 52 28
16 17 55 38 36
16 18 94 28 31
16 19 34 47 60
16 20 75 18 57
16 21 14 83 69
16 22 26 83 80
16 23 58 59 53
16 24 99 0 11
16 25 13 79 59
16 26 58 45 31
16 27 83 18 11
16 28 65 22 36
16 29 54 39 48
16 30 60 67 42
16 31 47 39 44
16 32 81 20 12
16 33 12 77 72
16 34 19 43 42
16 35 11 69 85
16 36 5 54 56
16 37 84 41 41
16 38 62 65 19
16 39 72 22 38
17 18 79 25 41
17 19 27 80 66
17 20 42 47 61
17 21 86 13 23
17 22 9 81 69
17 23 43 61 71
17 24 35 57 43
17 25 27 53 53
17 26 52 32 64
17 27 96 10 5
17 28 96 9 45
17 29 72 49 14
17 30 16 45 62
17 31 38 60 42
17 32 48 25 75
17 33 64 57 62
17 34 44 67 69
17 35 33 71 34
17 36 50 40 52
17 37 51 62 38
17 38 5 55 64
17 39 65 31 17
18 19 23 69 84
18 20 93 46 4
18 21 66 63 50
18 22 94 25 21
18 23 51 59 33
18 24 73 30 35
18 25 30 39 65
18 26 66 31 17
18 27 32 34 60
18 28 31 74 74
18 29 83 37 30
18 30 78 59 31
18 31 5 58 48
18 32 77 47 13
18 33 42 77 36
18 34 4 52 75
18 35 41 53 72
18 36 12 86 80
18 37 86 9 7
18 38 84 19 23
18 39 43 74 56
19 20 52 27 51
19 21 96 41 35
19 22 32 76 54
19 23 20 57 72
19 24 29 72 66
19 25 83 57 16
19 26 9 67 56
19 27 20 57 86
19 28 61 44 40
19 29 19 64 49
19 30 34 43 73
19 31 80 56 43
19 32 52 34 68
19 33 9 88 54
19 34 60 63 36
19 35 89 51 22
19 36 48 47 47
19 37 72 57 54
19 38 11 56 88
19 39 31 74 55
20 21 22 66 69
20 22 44 54 73
20 23 35 59 36
20 24 18 83 46
20 25 36 34 38
20 26 64 55 48
20 27 63 64 31
20 28 9 62 82
20 29 11 61 45
20 30 14 71 76
20 31 90 19 32
20 32 14 59 50
20 33 52 52 47
20 34 60 38 59
20 35 75 34 31
20 36 5 87 70
20 37 98 32 3
20 38 38 64 60
20 39 4 60 87
21 22 52 50 66
21 23 68 21 26
21 24 2 92 75
21 25 80 38 34
21 26 5 86 68
21 27 77 45 19
21 28 97 38 40
21 29 22 66 50
21 30 66 51 24
21 31 42 45 46
21 32 36 76 58
21 33 92 41 52
21 34 17 46 57
21 35 32 59 81
21 36 57 69 58
21 37 61 26 20
21 38 3 87 67
21 39 63 67 42
22 23 93 20 52
22 24 63 20 31
22 25 78 49 41
22 26 5 57 78
22 27 54 61 32
22 28 80 25 12
22 29 39 61 65
22 30 20 75 65
22 31 90 37 44
22 32 52 26 41
22 33 16 69 86
22 34 73 52 30
22 35 45 52 47
22 36 43 66 28
22 37 56 67 52
22 38 43 35 40
22 39 2 69 68
23 24 99 44 49
23 25 7 60 88
23 26 61 58 33
23 27 54 42 62
23 28 43 78 57
23 29 51 66 41
23 30 90 34 23
23 31 12 74 47
23 32 92 18 36
23 33 81 34 23
23 34 60 38 60
23 35 43 33 33
23 36 11 82 86
23 37 75 26 61
23 38 27 64 71
23 39 45 40 39
24 25 88 54 13
24 26 57 26 63
24 27 59 62 25
24 28 35 52 78
24 29 16 46 48
24 30 20 59 58
24 31 72 30 55
24 32 1 67 89
24 33 93 30 15
24 34 87 40 50
24 35 21 43 77
24 36 56 38 25
24 37 57 56 50
24 38 7 60 89
24 39 4 69 50
25 26 60 66 46
25 27 62 51 48
25 28 87 41 11
25 29 24 55 79
25 30 47 35 52
25 31 32 50 61
25 32 19 68 40
25 33 22 59 67
25 34 36 60 41
25 35 93 18 44
25 36 8 79 55
25 37 40 69 66
25 38 69 52 15
25 39 48 67 36
26 27 79 35 54
26 28 63 63 40
26 29 43 73 73
26 30 43 73 76
26 31 26 82 48
26 32 81 48 12
26 33 16 89 61
26 34 71 41 60
26 35 18 41 83
26 36 74 60 26
26 37 83 37 47
26 38 68 60 17
26 39 69 34 55
27 28 43 63 32
27 29 26 42 79
27 30 49 46 37
27 31 59 36 22
27 32 91 39 12
27 33 33 55 57
27 34 73 29 25
27 35 20 59 80
27 36 92 43 50
27 37 10 73 80
27 38 5 93 70
27 39 52 60 40
28 29 50 57 36
28 30 84 8 31
28 31 57 59 44
28 32 40 36 37
28 33 13 69 69
28 34 13 47 71
28 35 16 53 41
28 36 5 73 82
28 37 11 59 87
28 38 46 51 37
28 39 70 43 32
29 30 19 84 52
29 31 93 44 45
29 32 62 44 30
29 33 44 50 63
29 34 83 22 20
29 35 1 95 82
29 36 13 73 58
29 37 74 52 29
29 38 25 83 79
29 39 35 69 42
30 31 92 51 25
30 32 41 37 68
30 33 97 2 34
30 34 33 63 66
30 35 52 40 60
30 36 1 78 78
30 37 76 26 16
30 38 55 42 39
30 39 78 17 26
31 32 5 64 96
31 33 64 45 39
31 34 57 25 34
31 35 0 98 70
31 36 75 43 32
31 37 58 55 33
31 38 77 49 51
31 39 49 60 32
32 33 52 31 25
32 34 18 77 86
32 35 63 63 64
32 36 0 89 94
32 37 6 68 78
32 38 76 36 18
32 39 72 15 37
33 34 84 22 50
33 35 24 77 42
33 36 43 60 41
33 37 7 87 54
33 38 89 10 26
33 39 47 30 49
34 35 88 14 17
34 36 39 66 40
34 37 28 77 71
34 38 12 55 90
34 39 19 86 79
35 36 99 20 5
35 37 28 59 60
35 38 56 60 55
35 39 17 47 88
36 37 20 51 82
36 38 38 65 77
36 39 94 19 26
37 38 14 86 77
37 39 75 56 17
38 39 9 72 79
