40
0 1 36 66 68
0 2 55 52 42
0 3 93 7 17
0 4 49 54 54
0 5 23 78 73
0 6 47 48 54
0 7 25 70 73
0 8 91 8 7
0 9 21 67 78
0 10 48 55 48
0 11 7 91 85
0 12 88 15 22
0 13 46 55 49
0 14 87 25 16
0 15 82 29 28
0 16 63 40 36
0 17 65 41 36
0 18 70 36 28
0 19 24 72 65
0 20 61 42 42
0 21 49 52 50
0 22 5 89 85
0 23 60 37 38
0 24 59 37 35
0 25 23 70 72
0 26 9 88 87
0 27 85 26 17
0 28 94 9 15
0 29 69 30 32
0 30 78 25 19
0 31 93 14 12
0 32 24 72 67
0 33 56 40 50
0 34 82 28 17
0 35 30 63 67
0 36 52 41 55
0 37 75 23 23
0 38 65 29 36
0 39 59 36 36
1 2 47 51 53
1 3 66 34 38
1 4 29 73 65
1 5 80 19 31
1 6 40 57 63
1 7 15 79 79
1 8 72 23 35
1 9 14 82 84
1 10 68 33 28
1 11 36 67 56
1 12 63 44 32
1 13 57 37 37
1 14 84 21 21
1 15 80 19 25
1 16 13 74 84
1 17 64 42 42
1 18 46 54 47
1 19 4 93 84
1 20 43 49 59
1 21 89 19 12
1 22 70 34 39
1 23 67 31 30
1 24 28 63 68
1 25 36 54 64
1 26 41 58 57
1 27 58 45 38
1 28 88 16 15
1 29 6 91 85
1 30 12 82 78
1 31 21 81 73
1 32 35 58 68
1 33 57 49 44
1 34 40 63 58
1 35 12 89 80
1 36 15 80 75
1 37 56 40 49
1 38 69 31 35
1 39 99 5 14
2 3 40 53 64
2 4 67 38 42
2 5 69 39 26
2 6 25 74 77
2 7 6 81 81
2 8 9 88 83
2 9 43 58 55
2 10 18 79 79
2 11 36 61 62
2 12 1 86 89
2 13 49 44 44
2 14 56 45 38
2 15 17 82 82
2 16 70 28 29
2 17 74 34 33
2 18 84 13 18
2 19 18 70 75
2 20 54 41 40
2 21 39 56 61
2 22 3 88 95
2 23 42 59 56
2 24 90 9 12
2 25 5 89 87
2 26 47 55 59
2 27 22 67 76
2 28 9 86 85
2 29 11 84 77
2 30 29 72 69
2 31 98 10 1
2 32 26 67 75
2 33 32 66 69
2 34 74 27 31
2 35 26 63 65
2 36 57 50 51
2 37 11 83 78
2 38 8 84 88
2 39 98 5 2
3 4 3 89 96
3 5 34 62 62
3 6 67 28 34
3 7 82 20 21
3 8 63 32 41
3 9 18 75 76
3 10 4 88 95
3 11 99 10 2
3 12 42 53 53
3 13 48 51 50
3 14 16 79 79
3 15 52 55 42
3 16 98 11 2
3 17 28 66 69
3 18 90 22 12
3 19 25 74 74
3 20 58 36 45
3 21 97 13 2
3 22 20 70 82
3 23 49 57 54
3 24 1 86 91
3 25 1 97 95
3 26 40 50 63
3 27 38 52 59
3 28 86 18 23
3 29 95 7 16
3 30 5 90 81
3 31 42 63 54
3 32 44 51 61
3 33 13 79 75
3 34 32 59 61
3 35 39 63 60
3 36 31 66 60
3 37 87 20 14
3 38 57 42 38
3 39 13 77 80
4 5 19 77 75
4 6 65 34 35
4 7 54 44 47
4 8 85 22 17
4 9 84 16 15
4 10 29 72 70
4 11 93 12 6
4 12 11 85 76
4 13 50 52 44
4 14 66 35 30
4 15 45 58 47
4 16 25 71 72
4 17 51 50 49
4 18 12 76 83
4 19 67 36 30
4 20 81 25 29
4 21 96 16 7
4 22 61 46 34
4 23 94 17 17
4 24 77 23 22
4 25 68 30 32
4 26 14 80 75
4 27 87 18 24
4 28 43 59 61
4 29 35 62 64
4 30 80 27 20
4 31 16 82 84
4 32 90 11 17
4 33 13 84 77
4 34 27 64 75
4 35 46 45 50
4 36 25 72 75
4 37 57 47 38
4 38 46 56 53
4 39 67 28 37
5 6 31 71 67
5 7 64 41 31
5 8 76 29 32
5 9 80 19 28
5 10 26 64 76
5 11 83 21 25
5 12 27 76 76
5 13 24 74 74
5 14 27 67 72
5 15 89 23 11
5 16 63 34 34
5 17 45 46 61
5 18 54 45 52
5 19 1 86 87
5 20 0 85 93
5 21 35 65 67
5 22 9 80 86
5 23 94 7 7
5 24 57 41 43
5 25 18 82 76
5 26 26 75 70
5 27 83 23 15
5 28 84 26 20
5 29 9 83 85
5 30 72 26 37
5 31 59 45 41
5 32 53 53 53
5 33 91 11 17
5 34 25 66 69
5 35 64 40 43
5 36 56 44 39
5 37 91 8 15
5 38 82 28 20
5 39 60 43 36
6 7 55 39 47
6 8 90 12 10
6 9 16 77 77
6 10 70 39 28
6 11 95 7 18
6 12 70 28 30
6 13 29 71 72
6 14 84 24 22
6 15 19 75 80
6 16 19 81 71
6 17 28 74 63
6 18 83 21 25
6 19 32 72 69
6 20 69 37 26
6 21 75 30 22
6 22 95 17 11
6 23 33 62 57
6 24 77 28 23
6 25 72 31 30
6 26 82 28 17
6 27 73 29 30
6 28 86 19 24
6 29 20 69 73
6 30 47 53 58
6 31 64 30 39
6 32 98 13 16
6 33 22 74 69
6 34 12 86 75
6 35 33 57 58
6 36 5 93 89
6 37 65 42 31
6 38 94 10 15
6 39 28 61 68
7 8 37 59 66
7 9 8 83 82
7 10 88 10 15
7 11 16 80 71
7 12 89 12 19
7 13 89 17 23
7 14 19 79 75
7 15 14 82 76
7 16 72 27 24
7 17 76 28 32
7 18 14 84 79
7 19 92 17 16
7 20 43 52 60
7 21 42 55 58
7 22 68 30 35
7 23 35 55 55
7 24 56 49 41
7 25 80 16 23
7 26 27 71 64
7 27 3 85 83
7 28 92 16 13
7 29 47 51 49
7 30 92 14 14
7 31 39 58 65
7 32 17 82 79
7 33 26 67 75
7 34 22 78 75
7 35 79 32 28
7 36 29 69 70
7 37 40 51 58
7 38 72 25 32
7 39 0 86 95
8 9 53 44 45
8 10 55 46 38
8 11 68 38 33
8 12 1 85 84
8 13 90 20 23
8 14 78 30 33
8 15 11 77 80
8 16 78 23 30
8 17 20 78 80
8 18 55 46 39
8 19 14 83 73
8 20 33 67 64
8 21 53 46 50
8 22 41 53 50
8 23 8 80 79
8 24 43 51 59
8 25 30 61 62
8 26 66 35 42
8 27 8 85 91
8 28 51 54 45
8 29 73 32 25
8 30 8 79 88
8 31 11 80 87
8 32 78 30 31
8 33 56 48 43
8 34 35 67 61
8 35 6 88 84
8 36 87 19 17
8 37 61 40 36
8 38 75 28 31
8 39 80 20 20
9 10 49 55 56
9 11 72 26 35
9 12 96 10 7
9 13 26 69 65
9 14 57 45 47
9 15 75 24 33
9 16 99 10 14
9 17 17 76 79
9 18 73 31 23
9 19 51 43 44
9 20 25 75 76
9 21 19 77 72
9 22 94 12 9
9 23 88 12 19
9 24 86 17 14
9 25 12 77 81
9 26 19 77 79
9 27 98 15 3
9 28 24 68 67
9 29 68 41 32
9 30 36 68 62
9 31 43 60 51
9 32 74 25 30
9 33 2 92 89
9 34 99 5 5
9 35 76 31 24
9 36 77 23 31
9 37 65 39 35
9 38 79 29 25
9 39 70 25 33
10 11 8 83 87
10 12 63 42 45
10 13 83 21 16
10 14 69 28 36
10 15 94 15 11
10 16 40 55 59
10 17 49 50 43
10 18 44 47 49
10 19 86 23 20
10 20 24 72 67
10 21 44 57 51
10 22 53 51 51
10 23 71 32 33
10 24 86 22 20
10 25 7 93 82
10 26 2 91 97
10 27 75 34 31
10 28 21 69 78
10 29 25 71 73
10 30 15 83 87
10 31 70 27 35
10 32 22 75 67
10 33 17 75 75
10 34 77 26 26
10 35 64 33 30
10 36 80 25 20
10 37 10 82 88
10 38 53 44 44
10 39 7 89 93
11 12 77 28 31
11 13 19 73 76
11 14 29 74 61
11 15 39 65 60
11 16 56 46 37
11 17 62 32 36
11 18 87 22 23
11 19 23 71 79
11 20 22 69 75
11 21 31 59 64
11 22 7 88 91
11 23 12 86 81
11 24 99 0 0
11 25 59 43 45
11 26 18 78 75
11 27 50 44 48
11 28 79 17 19
11 29 61 35 38
11 30 72 29 24
11 31 3 85 97
11 32 2 84 89
11 33 98 9 8
11 34 23 75 69
11 35 10 79 83
11 36 77 24 25
11 37 6 84 88
11 38 35 57 69
11 39 66 41 42
12 13 77 24 25
12 14 79 31 25
12 15 98 13 9
12 16 71 38 39
12 17 1 86 85
12 18 68 26 26
12 19 83 14 24
12 20 5 93 90
12 21 70 36 34
12 22 57 40 44
12 23 49 54 50
12 24 29 69 64
12 25 25 74 68
12 26 88 15 15
12 27 58 43 38
12 28 41 53 58
12 29 56 39 39
12 30 70 36 38
12 31 85 25 16
12 32 2 85 84
12 33 86 19 12
12 34 53 42 44
12 35 85 13 14
12 36 44 53 53
12 37 84 17 19
12 38 88 20 23
12 39 22 78 69
13 14 67 28 29
13 15 31 68 71
13 16 8 78 89
13 17 13 84 86
13 18 54 48 46
13 19 20 77 71
13 20 83 23 14
13 21 4 87 87
13 22 88 22 11
13 23 28 62 72
13 24 50 49 51
13 25 1 94 98
13 26 84 17 21
13 27 48 52 47
13 28 26 69 73
13 29 78 28 32
13 30 83 22 28
13 31 27 61 70
13 32 90 19 10
13 33 49 55 54
13 34 28 67 74
13 35 45 52 58
13 36 6 81 90
13 37 74 31 28
13 38 53 51 46
13 39 18 69 77
14 15 54 52 41
14 16 77 21 20
14 17 38 56 58
14 18 88 13 22
14 19 69 35 27
14 20 30 64 63
14 21 36 66 65
14 22 14 75 87
14 23 46 59 55
14 24 6 84 93
14 25 98 13 13
14 26 38 59 53
14 27 52 52 45
14 28 13 83 80
14 29 32 67 64
14 30 69 40 41
14 31 87 20 20
14 32 98 14 4
14 33 62 35 33
14 34 84 20 21
14 35 13 83 86
14 36 47 53 51
14 37 6 85 92
14 38 43 61 59
14 39 25 71 71
15 16 91 10 21
15 17 70 29 28
15 18 15 74 86
15 19 80 22 29
15 20 98 8 3
15 21 59 45 36
15 22 63 35 42
15 23 27 74 61
15 24 25 74 70
15 25 42 59 61
15 26 8 84 82
15 27 75 26 24
15 28 99 6 8
15 29 78 18 23
15 30 95 10 6
15 31 21 77 77
15 32 10 83 77
15 33 37 65 58
15 34 15 80 79
15 35 20 69 70
15 36 2 92 94
15 37 4 85 81
15 38 96 5 5
15 39 52 42 47
16 17 94 17 7
16 18 64 42 40
16 19 32 69 69
16 20 20 68 76
16 21 93 7 8
16 22 45 52 55
16 23 14 85 79
16 24 24 74 77
16 25 91 15 7
16 26 67 40 37
16 27 87 17 16
16 28 71 29 33
16 29 58 40 37
16 30 53 48 44
16 31 93 18 10
16 32 69 32 30
16 33 52 40 54
16 34 7 92 85
16 35 13 81 79
16 36 78 21 26
16 37 0 98 98
16 38 31 70 59
16 39 4 88 84
17 18 98 14 11
17 19 87 15 14
17 20 49 46 55
17 21 54 50 52
17 22 46 54 51
17 23 6 88 88
17 24 70 33 33
17 25 59 41 39
17 26 63 31 34
17 27 63 43 40
17 28 43 48 49
17 29 12 88 74
17 30 9 83 80
17 31 14 86 85
17 32 17 80 77
17 33 79 30 31
17 34 94 8 8
17 35 31 63 67
17 36 17 79 72
17 37 82 26 17
17 38 34 58 63
17 39 61 46 46
18 19 75 22 29
18 20 21 75 67
18 21 49 48 57
18 22 90 17 12
18 23 98 6 11
18 24 24 65 67
18 25 64 31 38
18 26 8 79 84
18 27 67 40 30
18 28 58 44 44
18 29 54 45 49
18 30 46 57 52
18 31 14 73 77
18 32 2 84 93
18 33 80 25 21
18 34 76 29 19
18 35 54 39 43
18 36 31 67 63
18 37 36 59 62
18 38 50 48 50
18 39 63 34 42
19 20 97 5 5
19 21 60 40 43
19 22 39 62 53
19 23 81 17 25
19 24 87 13 11
19 25 65 43 41
19 26 51 50 45
19 27 71 30 33
19 28 59 41 35
19 29 73 37 36
19 30 25 66 74
19 31 36 59 56
19 32 79 31 32
19 33 29 72 63
19 34 93 7 14
19 35 59 42 40
19 36 95 15 6
19 37 9 83 83
19 38 83 28 22
19 39 93 18 9
20 21 19 80 79
20 22 74 27 29
20 23 44 48 53
20 24 46 52 49
20 25 17 73 76
20 26 66 36 40
20 27 65 38 40
20 28 82 15 28
20 29 97 13 13
20 30 66 30 29
20 31 16 76 78
20 32 45 54 60
20 33 79 28 21
20 34 89 20 8
20 35 27 72 74
20 36 99 0 6
20 37 77 33 30
20 38 98 8 9
20 39 87 21 11
21 22 94 18 12
21 23 80 30 27
21 24 50 56 56
21 25 99 1 5
21 26 40 64 57
21 27 96 3 14
21 28 84 14 14
21 29 83 25 27
21 30 99 8 12
21 31 98 2 15
21 32 8 78 80
21 33 86 12 21
21 34 55 41 48
21 35 37 66 54
21 36 59 41 47
21 37 71 36 28
21 38 50 45 53
21 39 20 78 68
22 23 64 33 38
22 24 86 16 14
22 25 10 86 76
22 26 13 84 84
22 27 91 15 19
22 28 58 48 48
22 29 73 25 36
22 30 58 45 48
22 31 93 11 13
22 32 3 89 90
22 33 49 46 42
22 34 10 88 84
22 35 51 43 42
22 36 59 42 45
22 37 94 14 9
22 38 49 44 45
22 39 96 11 5
23 24 12 76 78
23 25 89 15 18
23 26 4 96 86
23 27 45 51 55
23 28 55 47 51
23 29 95 17 5
23 30 51 46 49
23 31 78 23 31
23 32 68 34 33
23 33 35 61 69
23 34 32 63 61
23 35 15 74 74
23 36 45 60 60
23 37 94 12 15
23 38 85 23 24
23 39 46 47 59
24 25 74 29 25
24 26 52 48 46
24 27 77 20 29
24 28 65 36 30
24 29 46 59 49
24 30 49 45 57
24 31 60 47 40
24 32 42 54 52
24 33 45 53 46
24 34 60 46 45
24 35 52 46 40
24 36 56 42 45
24 37 19 77 80
24 38 19 81 76
24 39 17 80 77
25 26 34 62 58
25 27 61 45 33
25 28 54 40 50
25 29 90 11 14
25 30 2 94 95
25 31 61 43 38
25 32 64 36 35
25 33 67 41 35
25 34 68 31 38
25 35 88 12 20
25 36 68 28 35
25 37 34 62 69
25 38 31 64 66
25 39 46 56 49
26 27 48 52 53
26 28 87 24 18
26 29 19 73 79
26 30 55 47 44
26 31 17 72 80
26 32 81 18 23
26 33 97 10 14
26 34 44 53 59
26 35 28 62 66
26 36 19 72 82
26 37 58 36 42
26 38 25 64 68
26 39 93 11 20
27 28 69 33 37
27 29 66 36 29
27 30 29 68 66
27 31 5 81 92
27 32 88 12 24
27 33 95 17 16
27 34 72 31 36
27 35 70 25 39
27 36 88 21 23
27 37 63 37 38
27 38 77 25 27
27 39 9 78 80
28 29 44 52 57
28 30 89 10 9
28 31 72 23 36
28 32 78 19 28
28 33 92 19 15
28 34 78 22 33
28 35 87 21 13
28 36 91 20 20
28 37 73 26 35
28 38 30 62 69
28 39 88 16 15
29 30 31 62 58
29 31 38 53 65
29 32 50 45 54
29 33 44 55 49
29 34 78 24 29
29 35 66 31 42
29 36 84 19 13
29 37 5 83 91
29 38 32 67 58
29 39 99 14 5
30 31 51 53 46
30 32 16 75 76
30 33 19 78 82
30 34 35 58 58
30 35 99 14 5
30 36 68 39 30
30 37 11 80 88
30 38 50 48 43
30 39 36 58 57
31 32 23 78 71
31 33 21 70 74
31 34 69 29 35
31 35 91 16 12
31 36 2 88 85
31 37 0 98 94
31 38 20 78 77
31 39 53 46 44
32 33 9 85 84
32 34 45 49 48
32 35 89 13 9
32 36 8 81 80
32 37 71 32 30
32 38 45 50 58
32 39 72 32 29
33 34 32 60 64
33 35 30 73 59
33 36 78 26 30
33 37 64 43 38
33 38 84 14 25
33 39 37 62 66
34 35 40 59 64
34 36 30 61 67
34 37 62 46 41
34 38 54 46 44
34 39 17 74 79
35 36 13 78 87
35 37 10 90 77
35 38 76 26 32
35 39 16 72 72
36 37 92 14 7
36 38 33 64 62
36 39 36 64 63
37 38 38 58 60
37 39 95 15 7
38 39 42 52 58
