42
0 1 58 58 17
0 2 0 60 57
0 3 96 20 37
0 4 92 14 5
0 5 39 62 77
0 6 44 64 13
0 7 2 59 79
0 8 77 69 9
0 9 69 73 36
0 10 76 25 24
0 11 38 71 64
0 12 10 73 52
0 13 32 22 23
0 14 26 54 90
0 15 87 68 10
0 16 88 5 11
0 17 42 75 36
0 18 88 23 60
0 19 59 84 9
0 20 65 44 25
0 21 97 35 44
0 22 92 24 6
0 23 18 80 63
0 24 99 32 78
0 25 65 24 63
0 26 52 47 85
0 27 57 66 55
0 28 54 21 68
0 29 54 18 11
0 30 95 16 16
0 31 56 22 33
0 32 7 34 68
0 33 49 17 66
0 34 98 38 58
0 35 52 24 63
0 36 55 28 64
0 37 10 65 23
0 38 57 68 10
0 39 75 70 68
0 40 3 56 67
0 41 51 65 85
1 2 76 39 78
1 3 53 26 54
1 4 43 89 70
1 5 89 36 32
1 6 72 14 71
1 7 98 49 57
1 8 11 52 74
1 9 97 8 19
1 10 91 74 78
1 11 29 78 41
1 12 84 8 80
1 13 51 59 49
1 14 67 39 41
1 15 58 84 35
1 16 41 63 44
1 17 20 93 17
1 18 25 59 44
1 19 5 23 74
1 20 88 52 11
1 21 36 31 51
1 22 84 56 80
1 23 49 31 44
1 24 44 20 18
1 25 4 40 22
1 26 85 78 77
1 27 65 26 17
1 28 53 31 42
1 29 36 72 20
1 30 62 67 81
1 31 32 35 38
1 32 37 45 22
1 33 5 49 54
1 34 98 45 1
1 35 30 40 79
1 36 13 93 24
1 37 75 34 74
1 38 63 63 12
1 39 16 87 38
1 40 88 64 9
1 41 52 25 54
2 3 23 33 29
2 4 37 76 57
2 5 35 23 48
2 6 58 87 35
2 7 42 22 62
2 8 52 73 64
2 9 72 30 65
2 10 1 43 71
2 11 53 26 78
2 12 66 72 55
2 13 97 58 38
2 14 73 67 59
2 15 93 69 28
2 16 21 94 93
2 17 26 18 71
2 18 63 36 53
2 19 48 58 88
2 20 26 47 54
2 21 52 47 53
2 22 38 35 49
2 23 35 61 70
2 24 64 84 39
2 25 9 75 44
2 26 39 53 35
2 27 2 52 71
2 28 26 84 87
2 29 80 25 32
2 30 90 49 17
2 31 35 53 62
2 32 36 19 22
2 33 22 89 35
2 34 15 17 70
2 35 80 29 13
2 36 65 64 46
2 37 3 97 99
2 38 19 48 23
2 39 94 32 15
2 40 73 57 79
2 41 64 24 16
3 4 32 16 73
3 5 94 68 74
3 6 68 55 50
3 7 3 45 83
3 8 99 18 68
3 9 39 42 90
3 10 0 84 61
3 11 10 90 26
3 12 64 11 32
3 13 99 33 33
3 14 76 37 18
3 15 88 18 15
3 16 54 87 46
3 17 0 98 62
3 18 75 67 58
3 19 91 31 80
3 20 43 64 58
3 21 96 5 16
3 22 55 78 59
3 23 79 64 57
3 24 58 80 54
3 25 14 26 51
3 26 74 45 62
3 27 16 93 79
3 28 52 76 53
3 29 93 66 8
3 30 97 27 33
3 31 47 41 37
3 32 37 46 50
3 33 58 45 25
3 34 65 54 35
3 35 28 41 25
3 36 13 87 30
3 37 91 64 48
3 38 90 35 77
3 39 21 38 61
3 40 1 65 70
3 41 43 72 67
4 5 24 66 40
4 6 94 52 38
4 7 47 73 69
4 8 46 46 45
4 9 24 52 59
4 10 33 77 30
4 11 98 21 36
4 12 83 82 73
4 13 4 66 48
4 14 66 51 6
4 15 24 18 71
4 16 2 68 39
4 17 82 67 8
4 18 68 42 35
4 19 85 7 28
4 20 14 74 38
4 21 44 31 83
4 22 89 23 2
4 23 95 16 51
4 24 48 34 13
4 25 66 73 66
4 26 1 67 98
4 27 66 65 36
4 28 27 28 46
4 29 64 52 57
4 30 39 71 39
4 31 42 20 52
4 32 25 84 31
4 33 69 65 35
4 34 75 57 51
4 35 50 84 61
4 36 10 57 24
4 37 32 65 48
4 38 32 44 22
4 39 80 79 7
4 40 15 70 74
4 41 51 68 24
5 6 75 71 41
5 7 51 54 56
5 8 22 34 63
5 9 30 15 31
5 10 85 66 10
5 11 4 90 55
5 12 40 74 50
5 13 63 52 63
5 14 30 31 71
5 15 76 16 57
5 16 25 81 85
5 17 46 69 34
5 18 55 76 19
5 19 72 32 25
5 20 73 26 5
5 21 91 37 10
5 22 42 65 80
5 23 10 83 26
5 24 4 41 69
5 25 15 57 69
5 26 50 30 29
5 27 45 73 30
5 28 32 38 56
5 29 11 33 43
5 30 39 32 73
5 31 74 5 63
5 32 30 80 44
5 33 15 51 88
5 34 66 15 18
5 35 86 61 6
5 36 81 15 15
5 37 23 82 87
5 38 12 60 69
5 39 31 32 27
5 40 32 80 46
5 41 37 38 70
6 7 25 41 16
6 8 2 58 76
6 9 82 5 67
6 10 24 33 81
6 11 17 88 48
6 12 96 48 37
6 13 64 18 25
6 14 68 75 18
6 15 16 36 39
6 16 9 32 63
6 17 31 62 27
6 18 43 15 67
6 19 95 2 50
6 20 50 40 46
6 21 90 66 20
6 22 5 94 64
6 23 2 96 54
6 24 59 56 60
6 25 59 25 42
6 26 79 24 56
6 27 57 19 35
6 28 26 88 16
6 29 97 78 23
6 30 8 53 18
6 31 41 34 69
6 32 56 28 80
6 33 82 14 76
6 34 5 62 19
6 35 2 65 90
6 36 58 37 62
6 37 27 64 50
6 38 69 80 59
6 39 66 8 70
6 40 79 60 57
6 41 39 44 88
7 8 97 79 7
7 9 33 15 44
7 10 4 39 39
7 11 82 64 81
7 12 12 73 76
7 13 72 60 65
7 14 28 29 60
7 15 46 24 57
7 16 89 24 27
7 17 92 3 41
7 18 90 18 46
7 19 6 56 20
7 20 53 82 88
7 21 98 63 42
7 22 73 24 82
7 23 88 48 20
7 24 15 52 58
7 25 23 57 65
7 26 0 99 20
7 27 97 65 21
7 28 65 45 28
7 29 95 18 5
7 30 11 82 57
7 31 66 79 77
7 32 7 35 35
7 33 57 65 71
7 34 89 7 41
7 35 31 55 92
7 36 93 31 50
7 37 23 83 16
7 38 46 78 57
7 39 28 62 21
7 40 79 17 64
7 41 65 31 80
8 9 36 19 44
8 10 6 41 23
8 11 40 52 40
8 12 19 19 59
8 13 73 17 79
8 14 19 23 86
8 15 66 63 24
8 16 62 32 34
8 17 26 31 77
8 18 87 80 7
8 19 3 62 95
8 20 93 79 20
8 21 72 27 8
8 22 0 40 26
8 23 80 32 81
8 24 84 59 40
8 25 29 30 76
8 26 50 69 52
8 27 99 59 26
8 28 39 55 86
8 29 91 20 44
8 30 46 63 84
8 31 37 79 30
8 32 23 89 17
8 33 91 47 48
8 34 47 76 23
8 35 49 64 77
8 36 41 80 37
8 37 57 27 51
8 38 6 80 50
8 39 47 87 40
8 40 9 56 31
8 41 71 39 55
9 10 83 72 34
9 11 10 44 42
9 12 41 16 27
9 13 6 40 56
9 14 68 51 78
9 15 79 45 64
9 16 29 14 40
9 17 21 74 86
9 18 86 61 79
9 19 7 43 90
9 20 41 86 14
9 21 67 31 57
9 22 88 44 40
9 23 38 45 78
9 24 93 16 22
9 25 55 37 88
9 26 6 66 23
9 27 11 66 70
9 28 50 62 39
9 29 34 38 85
9 30 1 81 26
9 31 2 47 54
9 32 27 35 43
9 33 35 88 56
9 34 19 37 82
9 35 71 21 30
9 36 42 19 22
9 37 64 10 58
9 38 5 33 86
9 39 91 52 23
9 40 34 31 73
9 41 20 41 79
10 11 72 72 53
10 12 40 44 47
10 13 47 36 86
10 14 2 28 93
10 15 22 22 72
10 16 33 91 84
10 17 54 48 87
10 18 21 61 93
10 19 26 41 14
10 20 22 56 18
10 21 87 20 2
10 22 99 1 69
10 23 75 51 72
10 24 12 44 42
10 25 26 43 60
10 26 26 24 21
10 27 68 47 81
10 28 3 22 66
10 29 66 73 25
10 30 35 32 44
10 31 90 71 20
10 32 86 56 72
10 33 16 20 78
10 34 78 75 54
10 35 96 40 48
10 36 55 43 23
10 37 34 29 58
10 38 11 80 35
10 39 31 18 20
10 40 43 47 22
10 41 33 56 21
11 12 27 23 15
11 13 40 89 18
11 14 8 88 80
11 15 31 61 61
11 16 3 51 92
11 17 90 41 74
11 18 81 14 16
11 19 70 62 84
11 20 24 51 39
11 21 64 61 26
11 22 54 43 48
11 23 98 21 14
11 24 29 18 38
11 25 57 33 63
11 26 35 57 63
11 27 50 73 13
11 28 10 90 63
11 29 81 12 34
11 30 40 49 76
11 31 44 37 86
11 32 71 40 70
11 33 38 24 59
11 34 61 24 34
11 35 71 23 24
11 36 79 48 51
11 37 70 48 41
11 38 94 29 64
11 39 90 78 24
11 40 9 37 32
11 41 83 8 78
12 13 40 82 51
12 14 94 28 50
12 15 41 11 49
12 16 57 27 57
12 17 95 23 30
12 18 7 84 85
12 19 50 15 15
12 20 88 45 51
12 21 31 61 66
12 22 23 92 40
12 23 15 95 63
12 24 21 74 30
12 25 14 96 32
12 26 85 76 45
12 27 5 31 36
12 28 99 57 30
12 29 81 6 16
12 30 9 72 91
12 31 98 48 68
12 32 81 20 73
12 33 66 86 8
12 34 53 66 60
12 35 66 61 24
12 36 5 80 48
12 37 37 14 67
12 38 65 38 48
12 39 95 11 31
12 40 68 69 64
12 41 86 52 57
13 14 80 46 71
13 15 31 57 65
13 16 46 23 44
13 17 72 42 22
13 18 31 51 43
13 19 50 48 10
13 20 40 40 87
13 21 98 64 38
13 22 90 2 33
13 23 14 23 26
13 24 39 88 35
13 25 17 49 84
13 26 18 46 52
13 27 13 22 78
13 28 93 38 51
13 29 27 31 43
13 30 33 21 91
13 31 21 91 80
13 32 59 57 50
13 33 32 73 24
13 34 3 74 61
13 35 63 51 66
13 36 37 52 83
13 37 96 32 9
13 38 83 58 30
13 39 43 62 27
13 40 1 89 62
13 41 79 62 34
14 15 95 72 23
14 16 57 16 16
14 17 59 58 20
14 18 57 51 34
14 19 68 58 57
14 20 39 65 57
14 21 57 32 17
14 22 83 15 15
14 23 48 37 41
14 24 99 64 47
14 25 95 43 48
14 26 35 69 73
14 27 55 61 24
14 28 8 36 41
14 29 26 81 55
14 30 87 55 68
14 31 52 65 78
14 32 60 63 73
14 33 89 77 63
14 34 51 62 52
14 35 74 31 81
14 36 35 71 21
14 37 11 48 90
14 38 94 72 47
14 39 41 81 69
14 40 26 84 90
14 41 83 34 73
15 16 14 55 47
15 17 83 61 53
15 18 28 69 40
15 19 54 71 18
15 20 1 35 65
15 21 50 68 19
15 22 22 67 75
15 23 53 39 56
15 24 49 58 36
15 25 54 17 77
15 26 58 38 13
15 27 37 71 69
15 28 24 43 68
15 29 79 25 47
15 30 63 33 31
15 31 68 13 65
15 32 52 73 39
15 33 49 87 89
15 34 36 50 83
15 35 38 18 72
15 36 91 40 29
15 37 42 24 33
15 38 17 77 35
15 39 76 71 54
15 40 65 28 17
15 41 21 63 18
16 17 69 30 36
16 18 70 53 61
16 19 64 41 60
16 20 69 21 71
16 21 85 70 71
16 22 43 19 74
16 23 72 67 47
16 24 78 51 36
16 25 55 79 79
16 26 9 85 88
16 27 31 22 18
16 28 50 65 53
16 29 96 24 46
16 30 45 89 39
16 31 17 92 20
16 32 68 34 16
16 33 6 46 30
16 34 16 50 83
16 35 22 26 56
16 36 87 29 13
16 37 60 11 86
16 38 81 83 66
16 39 73 55 43
16 40 96 24 71
16 41 8 69 97
17 18 31 50 33
17 19 81 65 13
17 20 49 88 76
17 21 51 84 39
17 22 90 23 75
17 23 21 63 47
17 24 17 91 38
17 25 37 24 84
17 26 45 64 14
17 27 2 54 31
17 28 38 69 56
17 29 28 73 31
17 30 68 61 82
17 31 82 82 76
17 32 76 54 29
17 33 14 69 57
17 34 0 92 40
17 35 90 20 50
17 36 10 91 82
17 37 74 66 77
17 38 37 20 76
17 39 18 85 58
17 40 74 16 82
17 41 19 29 22
18 19 86 79 55
18 20 53 74 42
18 21 44 25 47
18 22 23 20 92
18 23 90 58 31
18 24 36 81 30
18 25 56 32 24
18 26 71 42 49
18 27 23 32 53
18 28 64 27 50
18 29 41 19 50
18 30 7 91 68
18 31 36 47 86
18 32 74 10 78
18 33 96 15 3
18 34 66 49 73
18 35 15 53 40
18 36 11 82 24
18 37 84 35 45
18 38 2 37 80
18 39 36 29 37
18 40 51 72 81
18 41 24 41 82
19 20 74 73 60
19 21 54 76 56
19 22 74 8 18
19 23 43 71 76
19 24 90 52 45
19 25 5 26 56
19 26 50 70 69
19 27 89 69 62
19 28 87 31 17
19 29 91 31 51
19 30 88 72 75
19 31 86 64 18
19 32 61 18 64
19 33 23 62 31
19 34 69 83 69
19 35 55 81 61
19 36 5 85 93
19 37 47 47 35
19 38 66 69 16
19 39 98 8 62
19 40 39 67 85
19 41 97 68 12
20 21 1 75 86
20 22 25 69 61
20 23 72 13 60
20 24 56 49 30
20 25 58 61 51
20 26 15 94 27
20 27 63 70 25
20 28 25 82 78
20 29 86 19 17
20 30 96 4 64
20 31 36 39 31
20 32 40 32 80
20 33 21 79 56
20 34 13 69 83
20 35 91 1 56
20 36 62 71 65
20 37 19 56 79
20 38 55 30 37
20 39 16 45 54
20 40 30 57 83
20 41 75 61 43
21 22 78 63 80
21 23 93 73 37
21 24 40 53 30
21 25 31 22 21
21 26 81 71 22
21 27 42 54 34
21 28 9 90 58
21 29 72 22 64
21 30 67 8 14
21 31 48 17 75
21 32 61 26 87
21 33 6 32 81
21 34 7 66 91
21 35 21 69 50
21 36 79 47 50
21 37 88 34 22
21 38 82 20 17
21 39 56 33 71
21 40 96 8 47
21 41 61 78 54
22 23 91 15 62
22 24 82 13 66
22 25 24 18 63
22 26 55 74 24
22 27 20 91 58
22 28 6 40 35
22 29 63 60 17
22 30 83 68 37
22 31 20 16 29
22 32 18 57 32
22 33 64 67 45
22 34 56 75 30
22 35 23 47 92
22 36 95 38 1
22 37 18 23 20
22 38 48 73 43
22 39 18 64 84
22 40 24 42 65
22 41 75 81 73
23 24 84 47 62
23 25 11 46 67
23 26 19 79 17
23 27 76 39 70
23 28 84 7 38
23 29 14 46 91
23 30 98 8 8
23 31 27 19 47
23 32 10 33 79
23 33 57 29 65
23 34 12 31 29
23 35 77 19 36
23 36 48 46 44
23 37 88 57 46
23 38 54 14 27
23 39 39 91 69
23 40 42 11 51
23 41 70 40 82
24 25 33 15 50
24 26 9 82 55
24 27 71 81 38
24 28 44 14 85
24 29 34 19 90
24 30 84 11 28
24 31 69 38 15
24 32 24 57 46
24 33 11 48 51
24 34 40 47 87
24 35 96 70 40
24 36 68 48 20
24 37 42 12 18
24 38 72 67 17
24 39 75 33 81
24 40 43 66 23
24 41 26 40 40
25 26 34 92 46
25 27 64 60 29
25 28 15 68 51
25 29 0 58 42
25 30 94 8 52
25 31 51 17 73
25 32 15 69 81
25 33 47 68 33
25 34 88 12 69
25 35 88 47 61
25 36 58 40 40
25 37 47 19 81
25 38 37 92 28
25 39 60 63 8
25 40 80 82 38
25 41 64 34 61
26 27 78 35 75
26 28 40 24 81
26 29 47 43 59
26 30 77 28 50
26 31 38 55 73
26 32 20 16 25
26 33 34 58 42
26 34 91 70 47
26 35 46 22 73
26 36 93 15 64
26 37 78 66 41
26 38 8 56 82
26 39 82 79 4
26 40 16 93 37
26 41 7 35 18
27 28 13 41 55
27 29 98 70 57
27 30 83 63 70
27 31 8 55 84
27 32 4 80 60
27 33 1 43 92
27 34 39 73 32
27 35 57 50 61
27 36 46 88 53
27 37 62 78 48
27 38 43 44 22
27 39 21 86 79
27 40 60 59 15
27 41 79 68 46
28 29 94 31 30
28 30 30 41 62
28 31 31 92 73
28 32 70 26 58
28 33 7 45 67
28 34 15 94 57
28 35 98 52 15
28 36 56 53 23
28 37 34 58 79
28 38 63 32 67
28 39 67 23 22
28 40 79 13 81
28 41 76 19 6
29 30 24 74 74
29 31 10 31 56
29 32 32 51 52
29 33 54 39 63
29 34 82 22 69
29 35 44 36 34
29 36 29 51 81
29 37 54 65 53
29 38 43 51 60
29 39 2 35 53
29 40 95 37 14
29 41 72 46 45
30 31 43 64 57
30 32 2 58 49
30 33 15 89 42
30 34 3 43 76
30 35 55 28 46
30 36 17 17 73
30 37 98 72 35
30 38 95 47 71
30 39 42 25 39
30 40 0 40 24
30 41 90 23 18
31 32 52 87 80
31 33 37 36 19
31 34 52 43 54
31 35 92 51 55
31 36 54 24 10
31 37 50 87 36
31 38 51 12 50
31 39 71 25 45
31 40 32 59 66
31 41 26 72 15
32 33 80 21 41
32 34 52 89 13
32 35 33 68 35
32 36 40 40 55
32 37 29 83 25
32 38 5 63 50
32 39 8 68 29
32 40 33 79 78
32 41 53 25 11
33 34 3 96 68
33 35 0 41 61
33 36 18 25 43
33 37 97 15 39
33 38 34 45 16
33 39 79 66 62
33 40 50 18 20
33 41 1 73 66
34 35 39 13 90
34 36 28 67 69
34 37 35 91 43
34 38 85 73 71
34 39 22 50 41
34 40 86 74 22
34 41 95 47 71
35 36 10 93 62
35 37 25 40 41
35 38 61 21 27
35 39 36 70 77
35 40 78 18 66
35 41 12 51 75
36 37 91 15 75
36 38 75 19 55
36 39 95 54 36
36 40 83 72 25
36 41 35 20 27
37 38 37 46 68
37 39 59 79 57
37 40 63 35 42
37 41 55 82 81
38 39 97 71 40
38 40 22 52 53
38 41 69 39 83
39 40 57 63 75
39 41 62 74 36
40 41 79 25 58
