42
0 1 80 13 38
0 2 43 55 35
0 3 97 18 12
0 4 83 50 27
0 5 53 64 62
0 6 90 47 30
0 7 73 27 37
0 8 57 55 51
0 9 10 48 88
0 10 40 46 79
0 11 56 32 26
0 12 15 46 59
0 13 86 22 27
0 14 38 50 41
0 15 42 48 46
0 16 94 14 47
0 17 53 38 47
0 18 22 67 66
0 19 48 68 56
0 20 88 33 30
0 21 66 19 22
0 22 15 78 65
0 23 23 85 71
0 24 95 12 50
0 25 70 60 50
0 26 5 89 62
0 27 67 18 58
0 28 68 53 30
0 29 56 62 47
0 30 95 5 41
0 31 80 31 51
0 32 58 69 24
0 33 34 74 45
0 34 36 60 54
0 35 57 57 23
0 36 47 59 68
0 37 88 7 10
0 38 58 33 24
0 39 35 76 60
0 40 26 63 68
0 41 12 85 63
1 2 59 53 55
1 3 4 87 93
1 4 41 65 51
1 5 32 34 66
1 6 11 87 49
1 7 98 5 3
1 8 3 49 67
1 9 37 55 46
1 10 88 6 22
1 11 7 56 90
1 12 89 34 38
1 13 97 10 33
1 14 50 36 44
1 15 75 20 17
1 16 8 75 71
1 17 50 67 44
1 18 49 59 65
1 19 68 45 51
1 20 47 44 58
1 21 49 52 36
1 22 87 37 23
1 23 29 49 77
1 24 63 26 47
1 25 26 42 86
1 26 20 44 88
1 27 7 52 74
1 28 30 68 56
1 29 67 58 19
1 30 35 66 38
1 31 51 59 68
1 32 40 72 30
1 33 65 65 53
1 34 3 60 66
1 35 60 48 49
1 36 0 51 58
1 37 67 17 45
1 38 69 56 22
1 39 62 43 32
1 40 47 55 26
1 41 42 55 32
2 3 25 50 85
2 4 14 47 44
2 5 97 37 22
2 6 16 71 86
2 7 65 51 57
2 8 38 60 76
2 9 4 63 50
2 10 29 41 41
2 11 70 26 22
2 12 68 64 53
2 13 77 40 26
2 14 78 51 60
2 15 41 71 40
2 16 56 40 51
2 17 99 19 29
2 18 96 14 24
2 19 99 42 47
2 20 4 83 49
2 21 42 77 75
2 22 49 26 25
2 23 13 92 74
2 24 15 78 74
2 25 55 47 66
2 26 88 13 54
2 27 63 43 64
2 28 88 43 50
2 29 49 37 59
2 30 74 55 30
2 31 1 96 49
2 32 67 47 35
2 33 18 41 80
2 34 79 51 58
2 35 44 30 60
2 36 27 37 83
2 37 21 79 63
2 38 60 21 39
2 39 14 73 61
2 40 81 25 39
2 41 27 61 39
3 4 32 44 69
3 5 46 63 36
3 6 50 39 63
3 7 59 60 27
3 8 86 17 34
3 9 79 34 18
3 10 90 32 40
3 11 56 24 47
3 12 50 68 25
3 13 30 74 67
3 14 26 37 86
3 15 5 60 60
3 16 14 83 56
3 17 1 84 95
3 18 44 63 44
3 19 39 75 44
3 20 15 62 69
3 21 17 84 59
3 22 19 71 63
3 23 70 61 21
3 24 75 33 18
3 25 49 44 36
3 26 65 61 57
3 27 87 11 48
3 28 3 85 57
3 29 53 37 45
3 30 18 49 74
3 31 41 76 58
3 32 44 36 57
3 33 27 66 79
3 34 88 44 21
3 35 16 57 74
3 36 47 38 54
3 37 83 57 38
3 38 14 54 77
3 39 71 52 35
3 40 24 56 67
3 41 61 46 58
4 5 38 47 70
4 6 47 55 40
4 7 37 71 46
4 8 2 85 87
4 9 62 34 29
4 10 51 36 37
4 11 7 48 92
4 12 50 63 41
4 13 0 52 98
4 14 31 73 64
4 15 12 93 61
4 16 55 27 32
4 17 23 76 48
4 18 38 67 48
4 19 79 26 49
4 20 28 66 81
4 21 41 48 66
4 22 54 36 48
4 23 2 78 91
4 24 76 45 59
4 25 67 20 23
4 26 39 36 59
4 27 56 50 36
4 28 62 52 61
4 29 39 61 72
4 30 95 11 12
4 31 51 63 49
4 32 31 51 50
4 33 46 42 62
4 34 77 15 28
4 35 51 60 46
4 36 10 81 68
4 37 3 74 88
4 38 2 65 48
4 39 68 25 30
4 40 7 87 95
4 41 99 37 21
5 6 60 66 51
5 7 92 15 46
5 8 11 52 61
5 9 64 45 47
5 10 53 48 42
5 11 96 10 11
5 12 80 38 37
5 13 41 48 68
5 14 94 14 40
5 15 84 49 45
5 16 83 54 50
5 17 8 92 77
5 18 47 42 56
5 19 45 72 76
5 20 37 55 61
5 21 51 60 66
5 22 95 22 6
5 23 86 15 46
5 24 92 31 7
5 25 33 36 48
5 26 81 33 22
5 27 24 68 75
5 28 91 16 40
5 29 34 65 74
5 30 93 50 23
5 31 72 15 52
5 32 31 61 64
5 33 55 61 54
5 34 6 48 91
5 35 37 74 79
5 36 43 75 70
5 37 6 69 55
5 38 65 43 57
5 39 27 66 59
5 40 48 69 38
5 41 53 58 60
6 7 31 62 58
6 8 83 31 27
6 9 74 24 28
6 10 15 50 89
6 11 74 58 44
6 12 28 59 68
6 13 54 48 51
6 14 4 83 61
6 15 64 43 59
6 16 36 75 38
6 17 67 55 48
6 18 82 25 45
6 19 63 31 45
6 20 61 29 23
6 21 4 54 94
6 22 40 58 66
6 23 87 24 39
6 24 54 44 51
6 25 58 31 49
6 26 67 20 24
6 27 68 49 50
6 28 18 45 90
6 29 28 39 43
6 30 17 42 42
6 31 10 81 92
6 32 63 56 27
6 33 20 88 50
6 34 33 48 55
6 35 37 47 31
6 36 3 71 56
6 37 2 60 54
6 38 45 49 67
6 39 74 57 56
6 40 34 45 62
6 41 59 61 53
7 8 60 62 20
7 9 37 56 60
7 10 80 42 44
7 11 92 43 37
7 12 33 68 78
7 13 57 68 37
7 14 22 71 75
7 15 26 57 67
7 16 37 40 56
7 17 0 57 66
7 18 3 63 54
7 19 17 62 61
7 20 50 50 55
7 21 49 36 40
7 22 78 47 54
7 23 52 39 49
7 24 68 17 57
7 25 67 57 49
7 26 84 48 28
7 27 85 26 32
7 28 62 45 28
7 29 82 32 54
7 30 5 74 49
7 31 73 34 26
7 32 48 71 52
7 33 97 15 17
7 34 48 65 26
7 35 18 50 51
7 36 45 63 45
7 37 38 32 72
7 38 40 76 58
7 39 96 29 36
7 40 49 56 61
7 41 19 86 53
8 9 43 71 73
8 10 99 26 4
8 11 70 61 53
8 12 1 55 49
8 13 15 45 49
8 14 34 81 67
8 15 41 37 67
8 16 44 33 53
8 17 59 54 65
8 18 92 19 44
8 19 32 51 64
8 20 96 46 7
8 21 19 74 77
8 22 89 45 9
8 23 68 41 59
8 24 83 27 16
8 25 84 20 14
8 26 70 33 39
8 27 0 66 60
8 28 81 55 58
8 29 68 46 35
8 30 97 21 8
8 31 85 26 36
8 32 96 32 41
8 33 23 70 78
8 34 84 10 11
8 35 84 8 30
8 36 16 50 60
8 37 38 48 42
8 38 42 68 33
8 39 17 65 54
8 40 64 21 42
8 41 68 30 29
9 10 52 60 53
9 11 71 29 34
9 12 92 9 26
9 13 59 70 41
9 14 45 63 32
9 15 46 47 68
9 16 60 56 58
9 17 64 45 62
9 18 31 64 46
9 19 30 55 51
9 20 34 42 59
9 21 39 53 51
9 22 71 25 45
9 23 11 67 91
9 24 86 11 48
9 25 31 68 76
9 26 67 51 57
9 27 47 28 56
9 28 5 62 83
9 29 65 35 66
9 30 15 54 83
9 31 18 64 45
9 32 71 55 50
9 33 30 62 63
9 34 34 48 79
9 35 82 48 36
9 36 54 30 41
9 37 36 43 76
9 38 33 33 51
9 39 46 73 64
9 40 0 94 58
9 41 66 40 49
10 11 16 52 87
10 12 82 31 17
10 13 87 11 48
10 14 4 48 95
10 15 49 29 43
10 16 52 36 44
10 17 81 58 18
10 18 83 54 47
10 19 47 44 34
10 20 94 52 22
10 21 91 32 46
10 22 41 38 76
10 23 83 18 36
10 24 22 72 77
10 25 91 19 9
10 26 4 70 71
10 27 28 71 42
10 28 14 67 85
10 29 87 42 20
10 30 58 43 65
10 31 64 51 43
10 32 12 65 71
10 33 18 67 43
10 34 78 53 21
10 35 43 48 56
10 36 62 21 33
10 37 65 35 51
10 38 27 71 53
10 39 53 28 54
10 40 70 40 35
10 41 62 23 62
11 12 98 31 22
11 13 64 30 55
11 14 84 47 18
11 15 92 24 18
11 16 44 72 73
11 17 94 45 50
11 18 44 61 37
11 19 50 52 44
11 20 63 33 45
11 21 98 3 48
11 22 31 67 56
11 23 16 61 46
11 24 13 82 92
11 25 20 72 65
11 26 53 69 53
11 27 95 36 29
11 28 27 43 54
11 29 80 42 50
11 30 14 91 84
11 31 93 45 34
11 32 68 35 58
11 33 45 67 43
11 34 69 53 22
11 35 80 46 40
11 36 11 79 69
11 37 5 48 66
11 38 20 65 41
11 39 73 48 19
11 40 75 58 48
11 41 56 63 41
12 13 89 17 25
12 14 51 44 47
12 15 42 41 50
12 16 40 55 67
12 17 75 23 16
12 18 2 97 78
12 19 17 57 44
12 20 55 42 30
12 21 26 69 77
12 22 42 73 77
12 23 33 44 77
12 24 38 31 71
12 25 15 62 62
12 26 6 62 51
12 27 4 97 66
12 28 60 54 50
12 29 35 67 74
12 30 21 48 49
12 31 24 60 83
12 32 30 37 40
12 33 69 47 42
12 34 55 69 30
12 35 12 57 73
12 36 11 57 92
12 37 5 78 61
12 38 8 47 74
12 39 69 17 31
12 40 99 10 13
12 41 30 79 73
13 14 98 17 40
13 15 25 76 45
13 16 98 28 39
13 17 27 55 45
13 18 56 42 45
13 19 64 43 36
13 20 59 42 23
13 21 70 49 22
13 22 2 80 78
13 23 84 52 47
13 24 39 74 34
13 25 80 42 50
13 26 54 49 38
13 27 94 41 12
13 28 21 86 76
13 29 6 94 61
13 30 50 51 30
13 31 88 55 53
13 32 62 34 53
13 33 73 19 62
13 34 36 63 81
13 35 76 29 32
13 36 71 49 28
13 37 21 52 85
13 38 41 39 41
13 39 98 21 6
13 40 12 62 60
13 41 22 79 85
14 15 81 34 34
14 16 45 35 68
14 17 50 61 53
14 18 99 41 5
14 19 42 31 36
14 20 21 86 74
14 21 74 54 60
14 22 66 33 46
14 23 97 39 49
14 24 68 65 56
14 25 79 12 46
14 26 62 51 62
14 27 76 26 37
14 28 32 65 48
14 29 45 58 49
14 30 16 53 66
14 31 15 48 51
14 32 19 78 59
14 33 28 48 42
14 34 53 68 30
14 35 23 72 69
14 36 44 29 73
14 37 95 46 22
14 38 41 31 64
14 39 10 87 93
14 40 44 28 76
14 41 67 46 17
15 16 46 67 62
15 17 44 67 51
15 18 76 61 22
15 19 40 34 45
15 20 75 25 16
15 21 41 62 43
15 22 31 81 71
15 23 31 38 44
15 24 89 36 37
15 25 83 34 43
15 26 41 29 57
15 27 84 46 9
15 28 94 27 38
15 29 49 71 50
15 30 43 69 50
15 31 96 17 30
15 32 79 20 27
15 33 71 55 18
15 34 57 38 45
15 35 76 33 46
15 36 16 82 48
15 37 73 44 17
15 38 40 47 72
15 39 60 36 20
15 40 13 64 78
15 41 15 79 46
16 17 89 51 37
16 18 55 49 56
16 19 94 34 23
16 20 96 48 24
16 21 83 55 11
16 22 30 57 70
16 23 92 51 23
16 24 20 52 67
16 25 86 24 43
16 26 47 43 41
16 27 37 35 60
16 28 69 47 30
16 29 70 41 27
16 30 30 39 62
16 31 90 20 9
16 32 85 9 31
16 33 29 54 80
16 34 36 66 71
16 35 77 43 12
16 36 78 16 59
16 37 89 15 47
16 38 40 64 47
16 39 40 75 72
16 40 61 31 28
16 41 9 45 54
17 18 96 7 46
17 19 73 31 15
17 20 96 26 28
17 21 28 77 51
17 22 37 64 38
17 23 96 13 36
17 24 15 81 50
17 25 33 65 58
17 26 18 84 88
17 27 82 17 19
17 28 97 18 7
17 29 2 91 79
17 30 10 65 54
17 31 82 41 48
17 32 32 54 46
17 33 5 47 62
17 34 56 53 22
17 35 1 67 63
17 36 48 47 38
17 37 75 49 22
17 38 10 92 81
17 39 39 65 30
17 40 81 51 13
17 41 63 25 64
18 19 15 50 67
18 20 18 77 68
18 21 8 83 72
18 22 98 16 6
18 23 38 73 62
18 24 53 57 62
18 25 21 87 47
18 26 95 8 46
18 27 83 18 20
18 28 65 65 60
18 29 66 64 30
18 30 18 62 69
18 31 70 53 56
18 32 25 43 63
18 33 54 62 51
18 34 11 57 48
18 35 18 60 67
18 36 68 16 20
18 37 13 83 64
18 38 28 80 37
18 39 82 14 15
18 40 92 16 42
18 41 30 65 76
19 20 29 36 59
19 21 77 22 33
19 22 73 36 20
19 23 0 67 93
19 24 0 81 77
19 25 83 50 25
19 26 35 43 41
19 27 56 47 58
19 28 13 64 59
19 29 83 50 57
19 30 43 36 37
19 31 78 46 51
19 32 73 62 41
19 33 61 39 68
19 34 66 62 66
19 35 17 61 84
19 36 17 44 66
19 37 50 35 52
19 38 18 88 88
19 39 4 53 61
19 40 71 34 21
19 41 19 74 50
20 21 11 91 59
20 22 89 31 19
20 23 13 66 48
20 24 98 11 16
20 25 1 81 49
20 26 99 7 5
20 27 27 52 49
20 28 75 13 49
20 29 37 60 31
20 30 95 24 31
20 31 44 68 32
20 32 60 50 43
20 33 0 61 56
20 34 99 6 48
20 35 28 82 80
20 36 83 38 56
20 37 36 44 54
20 38 28 39 38
20 39 89 41 51
20 40 17 41 56
20 41 90 12 13
21 22 47 52 64
21 23 99 47 25
21 24 99 40 32
21 25 50 69 53
21 26 65 28 40
21 27 94 20 20
21 28 96 48 7
21 29 38 76 42
21 30 85 24 30
21 31 59 65 68
21 32 94 26 44
21 33 13 73 71
21 34 48 56 40
21 35 3 62 73
21 36 95 33 22
21 37 34 61 51
21 38 10 76 85
21 39 94 25 9
21 40 19 68 89
21 41 53 65 39
22 23 72 37 33
22 24 24 61 74
22 25 30 74 76
22 26 18 41 82
22 27 69 47 17
22 28 27 70 69
22 29 70 32 57
22 30 46 52 62
22 31 53 24 38
22 32 61 67 30
22 33 60 43 46
22 34 94 16 23
22 35 78 13 16
22 36 61 24 45
22 37 21 86 56
22 38 29 45 51
22 39 15 51 48
22 40 72 15 27
22 41 10 81 94
23 24 27 48 54
23 25 55 58 36
23 26 76 42 13
23 27 55 66 29
23 28 53 69 46
23 29 30 60 74
23 30 3 68 70
23 31 47 61 64
23 32 84 38 34
23 33 20 50 44
23 34 28 42 35
23 35 79 49 29
23 36 13 75 57
23 37 42 66 35
23 38 5 83 90
23 39 50 40 36
23 40 15 68 54
23 41 3 96 60
24 25 16 75 65
24 26 77 14 54
24 27 60 34 61
24 28 13 72 52
24 29 67 40 28
24 30 50 53 58
24 31 66 39 39
24 32 13 92 70
24 33 68 51 24
24 34 8 65 88
24 35 85 40 15
24 36 85 42 12
24 37 75 26 54
24 38 50 37 73
24 39 58 31 39
24 40 22 52 54
24 41 15 74 71
25 26 94 14 18
25 27 34 58 33
25 28 75 14 56
25 29 88 7 52
25 30 15 91 70
25 31 33 69 51
25 32 59 60 68
25 33 98 24 19
25 34 99 39 26
25 35 31 80 65
25 36 73 62 13
25 37 7 89 54
25 38 1 80 68
25 39 18 47 49
25 40 99 14 22
25 41 47 74 53
26 27 17 78 85
26 28 47 30 33
26 29 48 30 29
26 30 6 59 67
26 31 12 77 59
26 32 48 45 41
26 33 31 70 41
26 34 23 85 50
26 35 61 62 37
26 36 60 40 37
26 37 33 60 77
26 38 44 73 38
26 39 20 60 84
26 40 87 29 54
26 41 55 58 67
27 28 74 29 12
27 29 64 47 18
27 30 97 22 5
27 31 72 59 22
27 32 59 31 31
27 33 48 74 37
27 34 76 47 53
27 35 39 32 67
27 36 87 47 22
27 37 50 58 34
27 38 0 84 60
27 39 93 47 3
27 40 28 78 78
27 41 35 45 39
28 29 94 21 31
28 30 60 22 33
28 31 52 40 35
28 32 92 42 11
28 33 55 39 30
28 34 5 91 49
28 35 46 50 49
28 36 21 68 71
28 37 62 37 57
28 38 77 45 51
28 39 9 85 73
28 40 27 42 61
28 41 65 30 35
29 30 54 62 46
29 31 86 48 40
29 32 22 69 69
29 33 83 35 30
29 34 24 77 43
29 35 61 37 34
29 36 51 56 40
29 37 34 39 59
29 38 5 96 94
29 39 18 51 52
29 40 71 45 25
29 41 98 20 26
30 31 59 28 66
30 32 1 94 67
30 33 87 18 33
30 34 40 59 62
30 35 74 16 38
30 36 41 78 59
30 37 98 1 28
30 38 84 41 22
30 39 64 47 33
30 40 26 71 48
30 41 71 45 43
31 32 26 58 77
31 33 35 78 78
31 34 96 39 5
31 35 88 40 34
31 36 75 55 57
31 37 28 35 71
31 38 17 55 66
31 39 4 66 71
31 40 7 76 76
31 41 8 66 84
32 33 33 36 67
32 34 66 35 64
32 35 68 58 44
32 36 72 17 39
32 37 85 54 47
32 38 10 67 85
32 39 61 22 61
32 40 23 61 43
32 41 95 11 34
33 34 79 46 26
33 35 49 40 35
33 36 99 6 45
33 37 37 45 60
33 38 12 76 92
33 39 9 73 90
33 40 39 59 51
33 41 54 63 66
34 35 19 71 65
34 36 6 88 58
34 37 84 32 12
34 38 95 3 51
34 39 76 24 44
34 40 64 26 53
34 41 40 63 64
35 36 36 38 62
35 37 25 40 61
35 38 66 48 48
35 39 25 43 70
35 40 7 50 54
35 41 28 64 81
36 37 56 32 44
36 38 79 59 15
36 39 0 74 98
36 40 28 52 53
36 41 68 23 62
37 38 37 81 68
37 39 80 46 24
37 40 56 23 26
37 41 71 35 18
38 39 9 79 68
38 40 64 46 26
38 41 2 62 67
39 40 93 36 32
39 41 72 29 25
40 41 17 67 68
