45
0 1 73 22 60
0 2 32 64 51
0 3 1 96 60
0 4 67 36 81
0 5 31 15 93
0 6 31 93 85
0 7 19 42 51
0 8 72 61 5
0 9 46 19 83
0 10 79 49 66
0 11 0 74 81
0 12 35 17 87
0 13 67 54 35
0 14 30 39 83
0 15 35 82 30
0 16 55 24 10
0 17 17 43 82
0 18 85 5 34
0 19 80 13 26
0 20 3 66 60
0 21 92 33 76
0 22 76 13 81
0 23 74 69 47
0 24 27 16 80
0 25 17 54 55
0 26 49 36 64
0 27 37 48 63
0 28 96 20 69
0 29 42 41 28
0 30 32 34 32
0 31 13 79 42
0 32 56 61 34
0 33 67 85 12
0 34 23 46 75
0 35 91 41 50
0 36 57 27 17
0 37 6 49 74
0 38 60 45 44
0 39 43 65 66
0 40 22 50 70
0 41 62 69 26
0 42 77 43 54
0 43 80 61 4
0 44 83 49 19
1 2 23 47 84
1 3 59 62 38
1 4 74 21 6
1 5 11 64 41
1 6 42 20 91
1 7 75 18 21
1 8 24 92 84
1 9 65 69 77
1 10 80 40 47
1 11 6 52 84
1 12 56 72 27
1 13 59 57 8
1 14 82 48 5
1 15 86 81 25
1 16 73 53 69
1 17 28 49 59
1 18 77 12 30
1 19 32 36 62
1 20 41 80 57
1 21 65 68 14
1 22 98 39 48
1 23 64 51 10
1 24 25 18 18
1 25 26 90 91
1 26 12 45 32
1 27 42 53 46
1 28 85 63 37
1 29 71 21 57
1 30 52 83 54
1 31 75 24 28
1 32 41 71 27
1 33 13 61 53
1 34 24 53 18
1 35 17 38 68
1 36 73 29 14
1 37 51 30 89
1 38 86 73 47
1 39 38 62 79
1 40 33 81 34
1 41 60 85 61
1 42 24 29 69
1 43 41 79 46
1 44 69 68 50
2 3 67 71 33
2 4 28 51 29
2 5 54 42 74
2 6 51 66 63
2 7 78 63 25
2 8 62 38 22
2 9 33 34 22
2 10 79 44 35
2 11 64 15 11
2 12 42 26 72
2 13 96 44 36
2 14 56 59 38
2 15 90 37 44
2 16 88 30 40
2 17 50 32 34
2 18 32 82 76
2 19 23 47 41
2 20 29 37 26
2 21 68 78 80
2 22 86 41 18
2 23 6 52 97
2 24 54 76 18
2 25 25 82 88
2 26 3 29 71
2 27 42 83 88
2 28 65 71 36
2 29 21 18 66
2 30 90 38 34
2 31 87 15 30
2 32 52 50 51
2 33 34 60 89
2 34 10 58 38
2 35 26 45 67
2 36 49 41 77
2 37 40 30 51
2 38 83 19 78
2 39 63 69 61
2 40 46 44 24
2 41 63 70 9
2 42 89 43 3
2 43 74 62 69
2 44 44 59 90
3 4 8 66 77
3 5 55 32 25
3 6 5 46 50
3 7 26 31 28
3 8 53 41 35
3 9 79 62 25
3 10 43 46 22
3 11 61 81 11
3 12 41 61 22
3 13 44 62 63
3 14 94 26 20
3 15 69 8 8
3 16 38 51 61
3 17 76 60 51
3 18 29 44 83
3 19 97 10 79
3 20 4 37 72
3 21 6 48 48
3 22 18 89 91
3 23 5 59 81
3 24 17 79 45
3 25 31 63 79
3 26 24 21 34
3 27 17 31 90
3 28 86 34 75
3 29 9 89 49
3 30 35 14 81
3 31 25 50 66
3 32 75 60 66
3 33 91 57 34
3 34 22 87 51
3 35 60 81 73
3 36 6 96 31
3 37 64 10 15
3 38 20 77 60
3 39 8 22 60
3 40 8 40 52
3 41 53 21 84
3 42 33 28 72
3 43 29 85 27
3 44 56 41 49
4 5 29 75 80
4 6 58 33 42
4 7 51 75 87
4 8 51 65 81
4 9 88 71 67
4 10 40 53 65
4 11 6 79 55
4 12 18 69 64
4 13 48 80 60
4 14 71 77 14
4 15 60 38 74
4 16 86 7 29
4 17 20 63 32
4 18 27 23 35
4 19 99 61 49
4 20 80 79 20
4 21 67 70 68
4 22 24 66 82
4 23 60 74 50
4 24 25 15 82
4 25 45 82 19
4 26 2 48 42
4 27 85 67 23
4 28 16 47 23
4 29 91 48 7
4 30 22 92 89
4 31 62 82 74
4 32 67 27 32
4 33 88 4 51
4 34 41 89 56
4 35 75 37 39
4 36 2 21 74
4 37 80 42 4
4 38 70 63 33
4 39 79 39 66
4 40 35 43 21
4 41 36 38 14
4 42 47 45 71
4 43 47 46 13
4 44 8 70 42
5 6 61 65 50
5 7 0 67 45
5 8 99 56 33
5 9 37 23 62
5 10 24 35 73
5 11 42 24 13
5 12 6 70 55
5 13 34 47 83
5 14 51 65 14
5 15 54 21 80
5 16 94 11 75
5 17 21 44 31
5 18 24 93 36
5 19 2 20 75
5 20 73 7 69
5 21 81 7 81
5 22 67 28 81
5 23 32 83 74
5 24 34 71 68
5 25 92 51 22
5 26 66 53 76
5 27 77 28 7
5 28 33 68 83
5 29 25 39 25
5 30 88 19 16
5 31 96 2 47
5 32 45 19 70
5 33 52 13 52
5 34 82 59 41
5 35 16 63 74
5 36 89 74 73
5 37 44 53 25
5 38 22 76 35
5 39 0 95 78
5 40 95 69 77
5 41 75 30 41
5 42 80 23 32
5 43 28 25 72
5 44 36 65 29
6 7 80 48 75
6 8 57 69 48
6 9 43 29 90
6 10 61 79 56
6 11 6 48 88
6 12 71 58 46
6 13 91 78 21
6 14 70 52 9
6 15 16 94 74
6 16 92 39 59
6 17 27 20 76
6 18 59 20 58
6 19 72 42 81
6 20 60 27 25
6 21 41 60 26
6 22 66 84 86
6 23 39 21 31
6 24 32 84 23
6 25 2 83 74
6 26 48 78 31
6 27 26 70 85
6 28 3 56 94
6 29 7 93 33
6 30 39 34 59
6 31 20 92 43
6 32 28 53 43
6 33 49 22 20
6 34 46 15 13
6 35 73 57 27
6 36 91 65 35
6 37 78 57 29
6 38 64 73 7
6 39 94 31 43
6 40 97 80 15
6 41 91 32 34
6 42 68 53 66
6 43 33 56 84
6 44 45 81 90
7 8 76 50 72
7 9 21 87 22
7 10 41 67 65
7 11 59 66 73
7 12 97 12 8
7 13 49 45 75
7 14 9 85 59
7 15 38 51 25
7 16 84 74 33
7 17 13 80 32
7 18 19 85 80
7 19 52 54 22
7 20 75 16 5
7 21 75 26 4
7 22 12 80 92
7 23 81 71 69
7 24 32 44 73
7 25 84 78 51
7 26 57 10 41
7 27 92 41 8
7 28 0 41 76
7 29 31 35 22
7 30 10 43 73
7 31 86 81 37
7 32 17 21 81
7 33 3 32 75
7 34 50 13 75
7 35 30 52 42
7 36 82 17 35
7 37 4 73 91
7 38 49 44 62
7 39 76 30 27
7 40 76 64 80
7 41 12 51 28
7 42 45 74 43
7 43 78 34 38
7 44 7 72 98
8 9 66 62 30
8 10 82 29 61
8 11 24 71 30
8 12 14 81 94
8 13 80 40 70
8 14 23 42 69
8 15 29 67 43
8 16 74 47 12
8 17 49 60 79
8 18 88 65 74
8 19 53 36 63
8 20 0 39 77
8 21 85 15 54
8 22 97 8 41
8 23 62 62 30
8 24 11 38 68
8 25 29 31 20
8 26 93 69 3
8 27 14 78 75
8 28 83 59 77
8 29 42 36 44
8 30 80 5 19
8 31 21 89 47
8 32 70 79 39
8 33 76 26 28
8 34 92 32 73
8 35 6 61 80
8 36 23 36 76
8 37 7 53 66
8 38 32 90 54
8 39 8 34 67
8 40 99 55 71
8 41 17 35 28
8 42 8 96 84
8 43 48 52 28
8 44 24 62 51
9 10 22 55 24
9 11 23 45 54
9 12 2 71 60
9 13 1 79 51
9 14 13 90 55
9 15 38 13 76
9 16 5 25 34
9 17 62 30 11
9 18 44 78 69
9 19 69 50 16
9 20 29 46 33
9 21 23 92 58
9 22 53 84 61
9 23 48 74 14
9 24 49 18 46
9 25 24 89 57
9 26 59 33 17
9 27 88 53 33
9 28 34 34 23
9 29 78 74 20
9 30 64 85 48
9 31 4 95 58
9 32 96 14 51
9 33 43 39 53
9 34 51 65 38
9 35 15 96 51
9 36 58 48 8
9 37 4 32 39
9 38 68 46 36
9 39 28 73 34
9 40 50 71 46
9 41 81 9 82
9 42 98 61 3
9 43 51 28 10
9 44 2 94 51
10 11 13 96 93
10 12 47 89 49
10 13 5 62 83
10 14 6 59 93
10 15 94 77 53
10 16 88 35 63
10 17 36 18 73
10 18 74 19 11
10 19 65 73 19
10 20 30 76 70
10 21 45 29 80
10 22 83 33 42
10 23 77 81 73
10 24 44 28 54
10 25 40 87 32
10 26 56 60 20
10 27 72 6 83
10 28 71 53 49
10 29 22 36 69
10 30 20 84 28
10 31 81 27 53
10 32 89 16 25
10 33 35 53 45
10 34 96 29 40
10 35 38 81 74
10 36 9 52 25
10 37 82 83 30
10 38 24 78 68
10 39 0 50 82
10 40 41 27 57
10 41 60 70 9
10 42 10 58 67
10 43 83 78 30
10 44 19 37 93
11 12 77 37 12
11 13 74 13 39
11 14 95 31 52
11 15 18 85 91
11 16 97 79 6
11 17 30 17 20
11 18 86 17 64
11 19 44 11 56
11 20 13 53 29
11 21 38 65 81
11 22 20 25 18
11 23 60 86 38
11 24 81 12 60
11 25 33 45 47
11 26 33 40 20
11 27 3 73 22
11 28 8 57 28
11 29 94 31 2
11 30 47 64 42
11 31 78 40 80
11 32 22 69 25
11 33 17 79 18
11 34 48 71 31
11 35 27 91 39
11 36 90 46 51
11 37 29 20 52
11 38 74 30 38
11 39 10 88 25
11 40 70 62 72
11 41 88 37 41
11 42 47 90 89
11 43 24 54 44
11 44 4 23 22
12 13 4 66 51
12 14 99 53 69
12 15 0 49 55
12 16 25 22 47
12 17 79 46 66
12 18 33 38 63
12 19 28 24 51
12 20 92 18 6
12 21 33 46 37
12 22 28 15 57
12 23 15 33 84
12 24 15 35 26
12 25 78 45 56
12 26 9 27 28
12 27 64 47 70
12 28 39 35 43
12 29 51 54 79
12 30 81 32 12
12 31 4 35 31
12 32 89 48 75
12 33 88 76 47
12 34 44 60 77
12 35 46 58 31
12 36 92 11 71
12 37 52 12 36
12 38 61 27 20
12 39 33 92 75
12 40 12 90 37
12 41 48 86 34
12 42 38 20 20
12 43 55 51 17
12 44 40 19 17
13 14 49 29 32
13 15 5 61 20
13 16 57 79 49
13 17 18 31 16
13 18 42 77 50
13 19 42 55 83
13 20 96 42 48
13 21 47 18 67
13 22 76 12 68
13 23 82 25 14
13 24 43 61 66
13 25 28 43 24
13 26 8 76 24
13 27 66 31 41
13 28 80 54 12
13 29 84 21 7
13 30 25 85 22
13 31 14 69 48
13 32 5 36 33
13 33 41 43 25
13 34 35 16 61
13 35 69 20 15
13 36 51 69 50
13 37 29 86 19
13 38 2 73 67
13 39 98 55 72
13 40 4 43 52
13 41 60 73 82
13 42 38 38 50
13 43 36 33 83
13 44 32 35 86
14 15 64 14 12
14 16 62 29 47
14 17 61 73 12
14 18 51 24 29
14 19 68 72 29
14 20 44 25 57
14 21 46 16 28
14 22 72 20 83
14 23 63 70 47
14 24 44 76 77
14 25 13 93 20
14 26 32 69 47
14 27 58 75 19
14 28 25 80 67
14 29 57 45 16
14 30 9 34 85
14 31 23 73 28
14 32 37 89 69
14 33 6 93 26
14 34 58 10 12
14 35 25 38 17
14 36 19 77 62
14 37 20 54 50
14 38 71 69 77
14 39 0 53 41
14 40 95 59 68
14 41 36 33 33
14 42 41 88 81
14 43 7 28 26
14 44 87 10 24
15 16 60 41 34
15 17 61 16 72
15 18 46 19 41
15 19 24 62 43
15 20 92 59 27
15 21 22 48 16
15 22 63 65 31
15 23 78 39 64
15 24 75 83 5
15 25 18 43 93
15 26 62 40 85
15 27 52 30 36
15 28 47 12 45
15 29 35 31 63
15 30 3 47 89
15 31 27 75 32
15 32 45 84 39
15 33 78 21 78
15 34 89 49 15
15 35 30 68 81
15 36 64 9 12
15 37 69 44 79
15 38 58 45 35
15 39 36 71 72
15 40 30 44 80
15 41 90 77 67
15 42 57 68 83
15 43 36 56 69
15 44 92 45 25
16 17 40 76 40
16 18 10 62 84
16 19 80 25 23
16 20 8 41 27
16 21 29 15 68
16 22 37 66 40
16 23 75 18 14
16 24 94 3 73
16 25 59 46 25
16 26 54 16 19
16 27 56 76 22
16 28 4 98 43
16 29 28 43 74
16 30 2 20 97
16 31 78 11 68
16 32 38 22 38
16 33 49 75 61
16 34 29 46 78
16 35 57 18 68
16 36 27 39 21
16 37 34 68 88
16 38 0 49 89
16 39 60 67 65
16 40 78 18 11
16 41 27 39 70
16 42 86 32 20
16 43 9 33 27
16 44 48 63 61
17 18 6 37 81
17 19 96 36 28
17 20 92 75 78
17 21 24 63 38
17 22 78 44 40
17 23 77 20 20
17 24 85 80 71
17 25 51 52 88
17 26 37 18 85
17 27 77 84 84
17 28 41 75 44
17 29 69 44 58
17 30 65 28 25
17 31 18 91 85
17 32 84 53 8
17 33 10 43 39
17 34 35 62 90
17 35 42 45 13
17 36 44 54 22
17 37 62 14 33
17 38 53 89 51
17 39 86 63 42
17 40 98 60 18
17 41 45 58 56
17 42 13 67 18
17 43 96 43 26
17 44 42 79 46
18 19 75 45 24
18 20 2 55 79
18 21 63 53 70
18 22 29 79 61
18 23 58 46 37
18 24 39 28 72
18 25 71 14 40
18 26 29 38 65
18 27 89 53 75
18 28 86 74 78
18 29 97 56 69
18 30 67 79 26
18 31 31 39 25
18 32 47 69 19
18 33 75 13 77
18 34 62 54 32
18 35 6 77 74
18 36 20 88 71
18 37 30 38 70
18 38 8 90 98
18 39 58 17 62
18 40 59 57 31
18 41 62 80 59
18 42 22 72 67
18 43 82 18 4
18 44 4 63 25
19 20 10 51 25
19 21 49 17 40
19 22 23 52 73
19 23 36 82 65
19 24 4 85 26
19 25 63 51 70
19 26 93 40 12
19 27 82 50 30
19 28 41 24 14
19 29 12 66 83
19 30 54 59 25
19 31 5 46 36
19 32 88 25 35
19 33 13 87 42
19 34 8 68 49
19 35 17 59 86
19 36 72 18 40
19 37 24 16 47
19 38 53 38 36
19 39 44 49 67
19 40 41 45 49
19 41 39 89 61
19 42 69 38 53
19 43 31 62 47
19 44 39 28 83
20 21 90 7 29
20 22 28 78 53
20 23 65 81 34
20 24 9 37 83
20 25 68 36 81
20 26 39 24 13
20 27 46 53 84
20 28 38 43 55
20 29 24 18 45
20 30 21 76 74
20 31 17 53 44
20 32 93 17 9
20 33 54 21 31
20 34 53 51 88
20 35 11 82 53
20 36 87 30 3
20 37 77 59 44
20 38 69 79 29
20 39 62 27 65
20 40 93 24 65
20 41 41 27 46
20 42 70 31 32
20 43 33 16 28
20 44 91 25 14
21 22 82 64 16
21 23 95 61 50
21 24 13 71 23
21 25 46 19 32
21 26 9 48 22
21 27 86 54 69
21 28 98 40 23
21 29 68 19 80
21 30 91 68 44
21 31 51 70 72
21 32 96 69 25
21 33 61 35 60
21 34 96 57 57
21 35 83 78 7
21 36 74 35 17
21 37 31 70 61
21 38 97 63 40
21 39 96 43 50
21 40 39 57 42
21 41 55 12 55
21 42 79 68 67
21 43 28 74 47
21 44 70 7 30
22 23 96 12 19
22 24 94 72 31
22 25 2 23 56
22 26 7 48 88
22 27 83 47 69
22 28 26 41 67
22 29 72 68 36
22 30 10 84 39
22 31 90 44 75
22 32 14 80 34
22 33 34 32 75
22 34 18 32 93
22 35 92 35 68
22 36 37 54 72
22 37 49 66 80
22 38 26 80 50
22 39 21 42 30
22 40 89 28 59
22 41 27 27 91
22 42 35 73 19
22 43 1 28 40
22 44 54 41 71
23 24 30 83 59
23 25 38 50 53
23 26 47 32 67
23 27 36 61 89
23 28 3 91 72
23 29 28 52 76
23 30 58 86 31
23 31 8 20 75
23 32 98 57 70
23 33 84 32 16
23 34 18 33 93
23 35 89 53 12
23 36 82 64 77
23 37 95 18 1
23 38 0 36 72
23 39 33 57 39
23 40 78 62 13
23 41 36 50 59
23 42 80 16 53
23 43 55 52 40
23 44 8 62 81
24 25 42 86 76
24 26 21 71 28
24 27 17 93 29
24 28 9 53 43
24 29 36 26 34
24 30 85 19 34
24 31 17 48 20
24 32 82 34 6
24 33 89 79 16
24 34 60 74 76
24 35 2 61 82
24 36 51 45 69
24 37 31 87 66
24 38 76 67 68
24 39 48 10 78
24 40 61 22 17
24 41 33 87 14
24 42 42 31 51
24 43 99 28 24
24 44 60 18 72
25 26 32 73 57
25 27 22 60 47
25 28 88 23 19
25 29 45 32 23
25 30 48 72 18
25 31 92 24 19
25 32 2 68 47
25 33 32 62 78
25 34 41 83 48
25 35 37 43 40
25 36 92 51 45
25 37 5 78 56
25 38 3 57 57
25 39 35 84 51
25 40 40 66 87
25 41 43 41 68
25 42 54 78 51
25 43 84 61 55
25 44 52 82 24
26 27 85 34 63
26 28 24 74 65
26 29 38 85 24
26 30 25 42 16
26 31 37 84 45
26 32 12 36 20
26 33 15 91 39
26 34 35 32 44
26 35 76 35 10
26 36 94 40 6
26 37 97 12 58
26 38 87 74 76
26 39 73 71 81
26 40 9 37 26
26 41 72 47 84
26 42 89 8 48
26 43 69 77 18
26 44 23 31 28
27 28 44 42 65
27 29 14 44 26
27 30 11 52 71
27 31 9 68 19
27 32 42 16 50
27 33 54 60 30
27 34 97 50 67
27 35 60 81 47
27 36 61 63 40
27 37 75 54 75
27 38 20 40 81
27 39 40 55 82
27 40 55 62 84
27 41 99 49 53
27 42 24 40 63
27 43 53 51 33
27 44 82 9 45
28 29 49 23 37
28 30 42 51 89
28 31 89 56 65
28 32 68 48 45
28 33 25 70 68
28 34 80 56 57
28 35 36 14 23
28 36 28 18 46
28 37 83 81 55
28 38 54 75 85
28 39 67 27 52
28 40 82 54 21
28 41 60 75 69
28 42 43 11 56
28 43 20 68 69
28 44 61 56 36
29 30 12 52 55
29 31 26 17 77
29 32 46 54 22
29 33 63 25 10
29 34 69 48 85
29 35 41 24 15
29 36 96 6 26
29 37 90 73 6
29 38 37 53 70
29 39 73 43 15
29 40 97 63 1
29 41 56 24 45
29 42 49 16 62
29 43 19 30 52
29 44 53 33 15
30 31 86 5 65
30 32 68 24 83
30 33 53 33 51
30 34 47 61 10
30 35 58 38 28
30 36 35 87 39
30 37 69 21 67
30 38 19 73 78
30 39 36 68 35
30 40 45 52 72
30 41 3 57 81
30 42 53 61 33
30 43 64 47 18
30 44 54 50 57
31 32 60 28 51
31 33 91 54 48
31 34 86 23 54
31 35 2 22 93
31 36 33 90 62
31 37 64 19 81
31 38 89 49 31
31 39 27 26 64
31 40 86 52 27
31 41 54 81 20
31 42 64 19 40
31 43 92 43 5
31 44 89 35 77
32 33 42 43 12
32 34 45 67 37
32 35 79 15 73
32 36 41 29 18
32 37 70 44 20
32 38 93 35 70
32 39 4 55 84
32 40 6 84 42
32 41 97 13 76
32 42 41 45 43
32 43 98 30 23
32 44 87 40 40
33 34 79 21 31
33 35 22 54 37
33 36 43 80 30
33 37 62 22 66
33 38 84 49 11
33 39 55 78 9
33 40 79 46 55
33 41 36 42 34
33 42 70 57 83
33 43 82 61 9
33 44 93 16 56
34 35 39 65 62
34 36 31 80 41
34 37 96 77 35
34 38 36 90 38
34 39 86 25 80
34 40 26 64 67
34 41 61 9 31
34 42 21 69 80
34 43 66 61 48
34 44 48 89 74
35 36 32 50 77
35 37 2 25 94
35 38 19 62 23
35 39 56 45 38
35 40 71 41 39
35 41 15 53 96
35 42 69 56 53
35 43 88 50 44
35 44 8 20 61
36 37 76 63 15
36 38 71 57 19
36 39 46 42 54
36 40 17 78 57
36 41 73 78 48
36 42 89 41 51
36 43 8 56 39
36 44 77 43 48
37 38 67 48 50
37 39 15 42 76
37 40 38 85 66
37 41 89 56 3
37 42 60 25 26
37 43 2 92 39
37 44 90 43 65
38 39 14 31 89
38 40 14 65 61
38 41 57 39 17
38 42 17 86 49
38 43 29 29 86
38 44 11 36 96
39 40 11 54 25
39 41 87 14 7
39 42 79 73 20
39 43 50 55 13
39 44 32 80 26
40 41 46 77 41
40 42 64 25 12
40 43 34 84 80
40 44 64 61 80
41 42 95 41 47
41 43 93 12 27
41 44 37 68 54
42 43 61 41 31
42 44 2 19 38
43 44 68 31 12
