45
0 1 45 48 70
0 2 76 45 54
0 3 3 54 60
0 4 60 37 27
0 5 97 35 38
0 6 78 45 58
0 7 94 48 31
0 8 56 64 36
0 9 43 40 75
0 10 4 58 68
0 11 27 58 55
0 12 55 34 65
0 13 44 64 53
0 14 66 64 60
0 15 32 40 82
0 16 61 62 38
0 17 89 43 27
0 18 74 23 25
0 19 29 50 36
0 20 40 34 34
0 21 55 31 59
0 22 56 37 49
0 23 61 30 48
0 24 66 24 44
0 25 16 46 74
0 26 78 54 28
0 27 55 23 36
0 28 42 62 53
0 29 41 58 68
0 30 31 48 37
0 31 54 38 65
0 32 68 57 58
0 33 97 47 30
0 34 28 38 57
0 35 88 16 55
0 36 11 53 78
0 37 48 64 62
0 38 24 77 87
0 39 33 33 37
0 40 13 71 70
0 41 26 58 85
0 42 13 76 80
0 43 70 54 42
0 44 3 89 83
1 2 64 34 38
1 3 12 85 88
1 4 77 18 44
1 5 65 34 62
1 6 78 37 12
1 7 16 57 67
1 8 81 34 32
1 9 18 44 52
1 10 62 42 29
1 11 40 39 79
1 12 42 37 32
1 13 59 39 56
1 14 26 84 85
1 15 99 30 33
1 16 71 62 58
1 17 51 68 27
1 18 74 46 37
1 19 20 48 64
1 20 11 89 44
1 21 74 26 15
1 22 76 28 26
1 23 12 83 59
1 24 46 74 52
1 25 92 27 16
1 26 6 66 89
1 27 18 46 79
1 28 62 38 46
1 29 65 51 66
1 30 70 24 53
1 31 67 55 38
1 32 6 91 88
1 33 52 56 46
1 34 87 43 9
1 35 60 68 69
1 36 94 45 21
1 37 25 42 86
1 38 89 10 34
1 39 47 36 64
1 40 68 30 59
1 41 29 72 42
1 42 49 40 31
1 43 63 43 50
1 44 99 20 25
2 3 34 63 56
2 4 75 54 17
2 5 42 67 71
2 6 27 84 45
2 7 68 38 58
2 8 38 56 67
2 9 5 90 50
2 10 75 24 42
2 11 28 43 40
2 12 38 60 36
2 13 84 31 49
2 14 76 27 58
2 15 82 53 29
2 16 66 37 60
2 17 40 69 47
2 18 40 44 74
2 19 16 47 57
2 20 43 35 33
2 21 58 61 41
2 22 78 47 40
2 23 22 79 75
2 24 92 52 50
2 25 72 30 21
2 26 73 21 56
2 27 45 61 42
2 28 54 36 69
2 29 64 49 45
2 30 73 29 51
2 31 22 64 86
2 32 72 59 56
2 33 56 65 70
2 34 14 88 55
2 35 70 21 27
2 36 85 50 23
2 37 26 41 37
2 38 69 46 51
2 39 99 32 26
2 40 25 49 73
2 41 99 8 6
2 42 19 76 85
2 43 82 28 46
2 44 19 52 44
3 4 94 51 23
3 5 96 28 41
3 6 52 39 43
3 7 11 49 60
3 8 59 58 70
3 9 99 32 36
3 10 14 45 50
3 11 9 74 57
3 12 75 61 59
3 13 16 58 46
3 14 63 47 52
3 15 17 75 49
3 16 81 36 51
3 17 79 16 59
3 18 25 45 40
3 19 56 44 37
3 20 89 7 13
3 21 28 40 79
3 22 46 42 56
3 23 7 70 79
3 24 0 72 66
3 25 93 10 25
3 26 6 87 71
3 27 28 53 83
3 28 2 64 77
3 29 56 34 54
3 30 86 22 25
3 31 69 52 17
3 32 63 64 32
3 33 85 14 48
3 34 61 49 30
3 35 33 57 54
3 36 33 76 41
3 37 97 39 46
3 38 42 46 44
3 39 73 14 31
3 40 56 56 47
3 41 96 12 3
3 42 71 22 40
3 43 31 47 36
3 44 30 59 73
4 5 38 71 75
4 6 89 51 13
4 7 88 49 24
4 8 70 24 55
4 9 64 43 56
4 10 91 49 29
4 11 35 48 73
4 12 15 80 72
4 13 15 79 58
4 14 72 24 14
4 15 17 49 63
4 16 21 77 65
4 17 55 56 37
4 18 99 17 26
4 19 49 74 36
4 20 32 63 58
4 21 15 42 60
4 22 6 81 70
4 23 42 64 52
4 24 83 30 40
4 25 19 41 79
4 26 52 55 57
4 27 28 50 43
4 28 65 60 64
4 29 79 35 28
4 30 8 71 65
4 31 35 78 71
4 32 40 53 40
4 33 37 66 61
4 34 8 57 82
4 35 43 76 31
4 36 17 89 85
4 37 14 63 89
4 38 72 20 40
4 39 29 61 38
4 40 24 54 47
4 41 78 40 18
4 42 6 77 74
4 43 0 92 71
4 44 59 32 28
5 6 58 65 37
5 7 65 44 26
5 8 70 61 51
5 9 54 38 72
5 10 49 53 74
5 11 26 39 64
5 12 51 29 24
5 13 9 90 47
5 14 46 68 72
5 15 16 86 83
5 16 77 47 41
5 17 42 53 77
5 18 13 75 65
5 19 28 59 55
5 20 96 23 49
5 21 93 8 37
5 22 42 43 63
5 23 61 29 29
5 24 54 58 64
5 25 52 32 55
5 26 86 10 36
5 27 74 37 21
5 28 38 59 34
5 29 57 42 46
5 30 74 18 23
5 31 42 71 59
5 32 98 5 49
5 33 98 47 23
5 34 51 50 45
5 35 89 44 20
5 36 55 44 70
5 37 69 56 61
5 38 88 10 24
5 39 74 58 21
5 40 92 27 48
5 41 19 66 87
5 42 44 35 67
5 43 63 52 26
5 44 20 66 85
6 7 31 46 50
6 8 15 55 68
6 9 27 38 58
6 10 83 43 41
6 11 4 58 61
6 12 27 46 45
6 13 43 62 32
6 14 73 60 31
6 15 92 12 48
6 16 78 49 41
6 17 89 39 13
6 18 83 40 36
6 19 89 49 50
6 20 58 23 50
6 21 16 83 72
6 22 48 73 29
6 23 15 69 78
6 24 73 33 17
6 25 31 76 55
6 26 49 54 53
6 27 36 70 47
6 28 77 11 21
6 29 81 47 24
6 30 97 6 42
6 31 58 59 60
6 32 70 32 35
6 33 42 36 60
6 34 8 91 60
6 35 40 47 35
6 36 67 51 43
6 37 6 57 79
6 38 18 67 70
6 39 22 53 42
6 40 68 55 42
6 41 99 49 4
6 42 76 55 46
6 43 85 42 53
6 44 72 42 36
7 8 33 33 82
7 9 82 57 10
7 10 5 51 55
7 11 66 26 65
7 12 99 19 43
7 13 4 81 49
7 14 46 75 44
7 15 90 12 46
7 16 62 45 19
7 17 73 19 24
7 18 71 18 58
7 19 56 24 42
7 20 83 15 11
7 21 98 22 11
7 22 82 21 53
7 23 45 29 76
7 24 42 45 32
7 25 9 90 89
7 26 99 21 41
7 27 3 81 63
7 28 89 12 7
7 29 45 39 50
7 30 49 25 49
7 31 83 11 10
7 32 61 25 52
7 33 37 57 31
7 34 41 29 54
7 35 86 10 8
7 36 92 45 46
7 37 71 54 49
7 38 53 49 72
7 39 40 74 45
7 40 78 60 60
7 41 96 40 26
7 42 46 74 68
7 43 59 34 34
7 44 82 18 33
8 9 59 62 26
8 10 4 58 49
8 11 56 60 66
8 12 57 60 28
8 13 22 49 57
8 14 1 49 65
8 15 1 89 58
8 16 36 36 75
8 17 71 57 23
8 18 53 43 55
8 19 93 19 4
8 20 61 33 40
8 21 77 46 28
8 22 1 76 56
8 23 82 27 53
8 24 90 45 25
8 25 92 40 42
8 26 43 50 40
8 27 25 65 63
8 28 45 31 41
8 29 55 71 69
8 30 74 62 59
8 31 16 88 81
8 32 44 40 76
8 33 96 41 15
8 34 62 41 42
8 35 53 58 68
8 36 32 44 43
8 37 39 77 59
8 38 47 57 57
8 39 18 64 41
8 40 48 37 71
8 41 61 64 29
8 42 64 21 25
8 43 44 57 73
8 44 32 44 78
9 10 85 49 20
9 11 66 63 65
9 12 70 38 18
9 13 67 47 32
9 14 92 51 20
9 15 79 31 60
9 16 91 11 32
9 17 21 51 52
9 18 47 58 42
9 19 15 54 48
9 20 84 14 22
9 21 4 51 49
9 22 84 28 15
9 23 29 36 37
9 24 40 71 33
9 25 1 75 80
9 26 82 48 36
9 27 1 57 54
9 28 62 66 51
9 29 58 48 23
9 30 98 21 10
9 31 3 85 68
9 32 74 51 49
9 33 66 40 36
9 34 86 8 50
9 35 23 84 84
9 36 73 58 13
9 37 42 70 55
9 38 86 31 7
9 39 50 57 60
9 40 52 39 43
9 41 12 55 69
9 42 40 62 70
9 43 29 74 73
9 44 66 46 47
10 11 17 58 47
10 12 71 44 27
10 13 41 50 58
10 14 16 45 80
10 15 46 56 70
10 16 72 53 28
10 17 81 48 48
10 18 35 71 80
10 19 4 76 48
10 20 31 51 80
10 21 87 15 13
10 22 38 45 73
10 23 82 54 11
10 24 37 75 47
10 25 69 48 34
10 26 27 75 69
10 27 44 28 66
10 28 65 50 31
10 29 4 78 65
10 30 13 69 72
10 31 41 49 43
10 32 40 39 70
10 33 92 26 15
10 34 62 43 59
10 35 44 65 31
10 36 81 32 52
10 37 24 70 63
10 38 74 39 16
10 39 68 47 36
10 40 78 17 44
10 41 34 66 80
10 42 19 83 79
10 43 42 75 29
10 44 90 49 8
11 12 61 46 55
11 13 28 39 49
11 14 19 47 60
11 15 59 66 45
11 16 42 40 65
11 17 45 75 47
11 18 78 57 17
11 19 29 49 64
11 20 88 17 52
11 21 73 22 50
11 22 62 37 35
11 23 70 52 18
11 24 69 57 48
11 25 45 39 27
11 26 70 31 31
11 27 20 52 79
11 28 99 9 39
11 29 94 23 12
11 30 0 73 56
11 31 38 69 54
11 32 52 28 69
11 33 11 89 90
11 34 39 47 33
11 35 90 49 40
11 36 39 69 74
11 37 29 36 78
11 38 99 33 20
11 39 16 73 79
11 40 13 71 58
11 41 0 83 85
11 42 79 48 51
11 43 31 47 71
11 44 20 86 63
12 13 8 47 53
12 14 46 53 75
12 15 45 59 41
12 16 73 54 13
12 17 28 77 81
12 18 17 69 53
12 19 14 72 79
12 20 89 6 34
12 21 89 10 24
12 22 24 84 58
12 23 83 52 9
12 24 60 67 62
12 25 40 33 78
12 26 32 46 70
12 27 68 62 49
12 28 9 77 85
12 29 49 30 43
12 30 71 63 25
12 31 67 30 25
12 32 36 60 53
12 33 60 52 43
12 34 67 21 53
12 35 39 61 73
12 36 55 33 34
12 37 13 81 86
12 38 17 80 85
12 39 70 31 29
12 40 38 79 72
12 41 46 55 70
12 42 86 47 51
12 43 14 92 64
12 44 70 40 34
13 14 80 37 59
13 15 52 31 31
13 16 36 63 39
13 17 0 99 95
13 18 77 26 48
13 19 50 57 68
13 20 52 67 37
13 21 72 63 22
13 22 68 55 33
13 23 28 43 45
13 24 50 59 69
13 25 85 38 8
13 26 1 81 83
13 27 74 50 15
13 28 17 49 76
13 29 96 18 18
13 30 92 19 29
13 31 14 78 76
13 32 38 57 51
13 33 41 38 50
13 34 51 63 70
13 35 96 50 46
13 36 25 38 75
13 37 98 43 29
13 38 5 57 60
13 39 74 15 49
13 40 2 88 75
13 41 46 58 73
13 42 4 70 78
13 43 62 68 33
13 44 14 61 79
14 15 70 39 18
14 16 50 68 44
14 17 82 53 10
14 18 63 57 45
14 19 83 31 50
14 20 50 48 32
14 21 53 52 47
14 22 1 90 70
14 23 83 16 49
14 24 62 62 19
14 25 87 39 52
14 26 99 4 19
14 27 52 32 45
14 28 67 36 52
14 29 33 57 77
14 30 68 40 19
14 31 98 3 32
14 32 75 18 28
14 33 96 49 46
14 34 5 84 87
14 35 96 45 41
14 36 50 43 53
14 37 10 58 49
14 38 75 34 29
14 39 47 39 48
14 40 25 52 80
14 41 0 67 93
14 42 90 40 49
14 43 55 40 40
14 44 8 71 77
15 16 35 76 55
15 17 85 45 52
15 18 25 48 62
15 19 28 67 76
15 20 4 51 65
15 21 12 70 53
15 22 33 65 65
15 23 36 65 61
15 24 16 55 49
15 25 47 47 33
15 26 75 61 39
15 27 24 50 84
15 28 9 79 88
15 29 67 58 57
15 30 89 10 7
15 31 50 72 35
15 32 60 54 44
15 33 46 71 54
15 34 65 23 52
15 35 48 55 32
15 36 80 57 45
15 37 82 27 53
15 38 85 36 54
15 39 19 82 81
15 40 78 53 52
15 41 12 59 64
15 42 10 76 52
15 43 68 20 26
15 44 58 23 45
16 17 76 18 13
16 18 35 43 76
16 19 22 83 52
16 20 96 40 44
16 21 26 48 40
16 22 11 85 79
16 23 70 49 45
16 24 29 48 81
16 25 22 63 46
16 26 46 42 56
16 27 7 68 62
16 28 95 26 8
16 29 42 66 35
16 30 73 50 14
16 31 34 32 68
16 32 66 31 62
16 33 59 42 26
16 34 46 63 45
16 35 22 48 46
16 36 33 38 41
16 37 70 42 26
16 38 54 56 38
16 39 17 78 72
16 40 20 86 59
16 41 14 70 51
16 42 81 31 57
16 43 79 31 35
16 44 67 50 51
17 18 74 13 25
17 19 18 71 68
17 20 44 53 76
17 21 65 43 17
17 22 98 18 13
17 23 28 37 39
17 24 31 60 43
17 25 50 48 62
17 26 17 84 47
17 27 69 37 24
17 28 11 64 47
17 29 65 58 50
17 30 48 69 54
17 31 36 41 38
17 32 10 47 50
17 33 65 57 49
17 34 23 88 55
17 35 85 57 15
17 36 33 71 45
17 37 68 27 18
17 38 25 74 67
17 39 25 80 47
17 40 1 61 61
17 41 80 50 25
17 42 26 70 66
17 43 86 48 50
17 44 53 51 28
18 19 35 41 53
18 20 22 69 60
18 21 77 11 44
18 22 35 45 45
18 23 66 18 17
18 24 70 24 61
18 25 40 57 62
18 26 24 52 38
18 27 53 60 32
18 28 81 26 48
18 29 74 33 44
18 30 14 64 61
18 31 99 13 30
18 32 76 47 57
18 33 40 52 49
18 34 74 40 12
18 35 69 63 28
18 36 20 43 84
18 37 11 46 80
18 38 11 49 82
18 39 64 48 64
18 40 46 66 38
18 41 55 54 43
18 42 76 32 35
18 43 91 37 21
18 44 78 19 22
19 20 17 77 41
19 21 31 47 48
19 22 98 42 2
19 23 81 18 51
19 24 66 30 23
19 25 74 55 47
19 26 21 49 39
19 27 56 68 24
19 28 29 68 52
19 29 28 70 41
19 30 5 55 57
19 31 38 45 39
19 32 77 41 60
19 33 21 89 39
19 34 89 5 39
19 35 30 64 70
19 36 94 27 33
19 37 61 32 42
19 38 10 78 65
19 39 35 59 41
19 40 8 95 82
19 41 36 81 58
19 42 42 33 55
19 43 2 72 75
19 44 11 90 45
20 21 1 62 78
20 22 9 81 77
20 23 91 46 4
20 24 73 26 57
20 25 54 68 46
20 26 91 45 24
20 27 57 47 23
20 28 24 66 57
20 29 41 71 66
20 30 67 61 49
20 31 61 21 51
20 32 93 27 24
20 33 22 86 68
20 34 83 24 28
20 35 57 66 34
20 36 29 53 62
20 37 62 63 38
20 38 7 57 72
20 39 69 35 55
20 40 38 58 65
20 41 32 38 44
20 42 25 74 75
20 43 57 52 63
20 44 46 48 38
21 22 18 87 73
21 23 47 70 39
21 24 19 45 66
21 25 35 45 76
21 26 98 48 45
21 27 60 39 63
21 28 75 26 45
21 29 76 34 53
21 30 58 60 27
21 31 65 18 57
21 32 72 39 30
21 33 81 33 9
21 34 77 13 26
21 35 24 75 76
21 36 17 59 58
21 37 0 76 88
21 38 65 58 50
21 39 95 41 40
21 40 57 38 21
21 41 71 14 37
21 42 51 48 53
21 43 32 74 78
21 44 15 78 84
22 23 80 29 53
22 24 71 52 27
22 25 51 54 72
22 26 30 67 79
22 27 48 66 50
22 28 39 53 54
22 29 75 17 38
22 30 52 47 31
22 31 51 39 47
22 32 34 59 48
22 33 88 30 36
22 34 3 60 92
22 35 54 58 27
22 36 52 60 26
22 37 12 57 48
22 38 49 28 36
22 39 24 80 38
22 40 93 6 37
22 41 65 47 50
22 42 99 29 20
22 43 5 79 69
22 44 10 94 83
23 24 52 48 37
23 25 98 7 11
23 26 11 83 84
23 27 87 37 11
23 28 44 61 37
23 29 46 36 31
23 30 16 67 71
23 31 48 42 50
23 32 89 16 13
23 33 15 67 77
23 34 77 48 21
23 35 8 80 69
23 36 21 64 64
23 37 20 60 40
23 38 20 56 87
23 39 99 19 18
23 40 62 40 21
23 41 72 50 60
23 42 52 30 34
23 43 73 30 30
23 44 26 79 40
24 25 61 63 30
24 26 5 64 86
24 27 22 44 62
24 28 64 52 62
24 29 98 39 25
24 30 83 36 30
24 31 0 57 74
24 32 24 74 62
24 33 5 95 59
24 34 98 7 45
24 35 52 26 32
24 36 92 23 39
24 37 34 72 78
24 38 61 60 22
24 39 66 58 66
24 40 14 78 92
24 41 24 53 74
24 42 3 82 69
24 43 80 29 50
24 44 5 49 69
25 26 77 29 12
25 27 22 77 75
25 28 52 69 49
25 29 31 62 55
25 30 28 41 82
25 31 41 76 47
25 32 2 58 87
25 33 58 43 49
25 34 55 48 60
25 35 8 82 61
25 36 62 65 68
25 37 73 52 34
25 38 81 40 57
25 39 79 46 31
25 40 58 65 24
25 41 33 44 81
25 42 94 17 48
25 43 40 39 58
25 44 76 57 41
26 27 78 30 17
26 28 37 51 67
26 29 3 77 80
26 30 6 89 63
26 31 52 27 27
26 32 4 88 49
26 33 83 14 55
26 34 49 68 65
26 35 16 64 74
26 36 40 75 76
26 37 17 47 46
26 38 59 27 20
26 39 63 59 46
26 40 55 61 61
26 41 14 74 86
26 42 57 49 26
26 43 96 15 10
26 44 20 46 78
27 28 69 25 63
27 29 70 60 35
27 30 37 70 39
27 31 33 66 42
27 32 10 64 66
27 33 84 43 48
27 34 97 30 41
27 35 8 83 57
27 36 67 64 64
27 37 58 49 44
27 38 77 47 22
27 39 58 52 55
27 40 91 12 43
27 41 26 40 60
27 42 38 63 73
27 43 24 70 82
27 44 36 36 53
28 29 37 31 45
28 30 36 45 72
28 31 2 93 75
28 32 85 19 46
28 33 23 51 42
28 34 28 36 42
28 35 11 73 72
28 36 60 62 56
28 37 36 37 32
28 38 83 27 27
28 39 80 19 38
28 40 43 55 36
28 41 83 29 18
28 42 27 59 44
28 43 53 30 35
28 44 68 54 53
29 30 74 40 37
29 31 26 47 67
29 32 22 81 59
29 33 31 40 43
29 34 40 30 49
29 35 50 40 68
29 36 87 42 27
29 37 45 28 37
29 38 16 85 81
29 39 92 22 42
29 40 87 19 26
29 41 68 41 30
29 42 74 42 60
29 43 36 60 73
29 44 71 16 48
30 31 48 36 48
30 32 13 64 56
30 33 36 77 65
30 34 23 69 71
30 35 15 42 64
30 36 62 28 55
30 37 98 3 44
30 38 95 35 20
30 39 80 48 55
30 40 90 5 37
30 41 30 57 75
30 42 23 47 52
30 43 9 59 79
30 44 17 64 65
31 32 35 44 81
31 33 37 35 81
31 34 15 75 44
31 35 91 49 37
31 36 25 66 77
31 37 55 60 56
31 38 58 28 23
31 39 67 59 62
31 40 71 27 62
31 41 41 43 65
31 42 76 39 31
31 43 71 40 36
31 44 43 50 29
32 33 99 14 17
32 34 25 86 73
32 35 91 19 19
32 36 85 9 31
32 37 10 56 45
32 38 65 61 60
32 39 73 51 26
32 40 86 9 27
32 41 32 51 61
32 42 72 33 25
32 43 23 58 85
32 44 15 54 72
33 34 24 39 83
33 35 38 61 68
33 36 39 47 62
33 37 38 34 53
33 38 38 76 70
33 39 73 38 21
33 40 20 73 71
33 41 18 42 45
33 42 45 61 38
33 43 69 16 58
33 44 5 59 59
34 35 11 62 47
34 36 93 19 40
34 37 62 43 21
34 38 81 16 14
34 39 26 39 73
34 40 60 35 40
34 41 89 10 20
34 42 63 25 52
34 43 20 85 69
34 44 72 43 32
35 36 96 22 50
35 37 59 51 30
35 38 41 74 53
35 39 20 67 85
35 40 46 41 60
35 41 59 54 57
35 42 63 48 59
35 43 15 69 75
35 44 68 45 40
36 37 20 85 80
36 38 65 23 44
36 39 11 66 80
36 40 60 39 67
36 41 85 25 41
36 42 60 48 41
36 43 16 45 58
36 44 48 53 69
37 38 18 76 44
37 39 86 6 14
37 40 90 13 52
37 41 99 12 40
37 42 65 57 50
37 43 92 4 22
37 44 72 23 26
38 39 47 41 48
38 40 8 71 84
38 41 92 20 50
38 42 92 33 43
38 43 51 63 37
38 44 83 49 42
39 40 16 75 56
39 41 43 33 62
39 42 33 55 37
39 43 97 3 23
39 44 52 62 43
40 41 2 84 83
40 42 77 44 46
40 43 72 39 39
40 44 40 64 67
41 42 23 65 79
41 43 21 55 84
41 44 52 67 36
42 43 14 76 46
42 44 71 29 21
43 44 40 68 38
