48
0 1 59 57 66
0 2 7 68 89
0 3 57 30 69
0 4 34 36 74
0 5 37 70 48
0 6 12 55 75
0 7 9 67 64
0 8 95 16 39
0 9 14 53 89
0 10 50 52 46
0 11 76 45 57
0 12 66 50 35
0 13 59 28 23
0 14 88 42 49
0 15 99 15 30
0 16 26 69 71
0 17 44 50 41
0 18 94 50 11
0 19 16 43 81
0 20 77 43 36
0 21 1 62 94
0 22 66 20 42
0 23 25 66 57
0 24 64 26 27
0 25 29 48 73
0 26 6 65 65
0 27 25 49 80
0 28 32 69 67
0 29 48 69 71
0 30 94 30 49
0 31 72 53 35
0 32 14 65 82
0 33 34 34 48
0 34 69 59 49
0 35 10 89 62
0 36 61 59 34
0 37 48 58 67
0 38 40 31 39
0 39 53 55 30
0 40 65 20 49
0 41 24 86 72
0 42 21 69 74
0 43 59 67 35
0 44 56 30 66
0 45 27 77 74
0 46 32 76 74
0 47 1 78 86
1 2 54 43 72
1 3 57 39 51
1 4 67 53 27
1 5 28 46 57
1 6 11 78 80
1 7 98 3 6
1 8 38 79 45
1 9 89 49 16
1 10 96 11 22
1 11 13 49 51
1 12 88 8 14
1 13 35 69 48
1 14 24 61 58
1 15 48 57 56
1 16 83 31 49
1 17 24 73 55
1 18 8 67 73
1 19 75 28 22
1 20 71 44 23
1 21 36 74 44
1 22 93 10 5
1 23 37 68 62
1 24 76 33 58
1 25 23 68 41
1 26 79 26 33
1 27 99 33 0
1 28 84 20 49
1 29 37 79 38
1 30 16 81 54
1 31 45 49 54
1 32 0 84 86
1 33 45 72 51
1 34 80 17 29
1 35 33 54 70
1 36 84 29 50
1 37 61 49 57
1 38 32 33 56
1 39 44 41 28
1 40 48 65 58
1 41 81 9 15
1 42 49 54 44
1 43 89 27 5
1 44 65 60 46
1 45 84 41 24
1 46 30 69 36
1 47 73 27 21
2 3 21 75 43
2 4 69 41 29
2 5 5 50 74
2 6 3 78 49
2 7 53 66 63
2 8 66 33 32
2 9 1 59 55
2 10 42 52 28
2 11 47 39 42
2 12 56 46 65
2 13 93 38 33
2 14 2 51 62
2 15 26 81 40
2 16 54 48 67
2 17 4 81 83
2 18 69 60 19
2 19 57 43 39
2 20 34 42 67
2 21 6 52 62
2 22 63 27 43
2 23 42 51 47
2 24 51 42 45
2 25 11 88 91
2 26 7 47 50
2 27 33 50 42
2 28 68 41 30
2 29 4 69 85
2 30 35 32 81
2 31 14 46 92
2 32 75 51 54
2 33 40 65 57
2 34 6 50 90
2 35 27 48 54
2 36 2 50 84
2 37 88 34 28
2 38 17 64 71
2 39 76 42 59
2 40 34 65 67
2 41 5 85 50
2 42 80 18 49
2 43 5 90 63
2 44 81 12 30
2 45 5 63 50
2 46 22 59 42
2 47 53 55 51
3 4 19 46 79
3 5 31 54 62
3 6 55 33 66
3 7 69 29 59
3 8 29 50 40
3 9 22 73 62
3 10 53 25 62
3 11 51 61 33
3 12 61 31 27
3 13 26 65 39
3 14 91 32 18
3 15 90 40 31
3 16 48 30 48
3 17 38 38 72
3 18 31 82 74
3 19 60 33 64
3 20 34 38 81
3 21 19 53 48
3 22 56 34 60
3 23 59 56 30
3 24 10 67 80
3 25 71 51 48
3 26 28 62 35
3 27 2 83 52
3 28 4 96 84
3 29 48 46 40
3 30 78 35 33
3 31 41 36 34
3 32 9 62 76
3 33 31 47 42
3 34 32 78 52
3 35 21 54 82
3 36 80 15 36
3 37 85 48 36
3 38 42 62 33
3 39 59 69 63
3 40 65 31 25
3 41 71 28 38
3 42 16 72 48
3 43 28 37 69
3 44 8 95 68
3 45 79 32 37
3 46 86 19 52
3 47 16 78 63
4 5 50 51 67
4 6 77 23 59
4 7 83 26 27
4 8 37 49 46
4 9 37 36 73
4 10 61 26 28
4 11 85 22 24
4 12 11 76 58
4 13 23 68 69
4 14 45 29 42
4 15 27 42 85
4 16 44 28 34
4 17 63 35 66
4 18 61 29 25
4 19 1 68 57
4 20 47 65 40
4 21 97 39 8
4 22 47 42 59
4 23 9 61 73
4 24 26 69 85
4 25 7 68 68
4 26 78 15 39
4 27 22 44 65
4 28 47 45 68
4 29 58 65 54
4 30 94 18 29
4 31 32 35 43
4 32 6 62 85
4 33 50 72 29
4 34 96 25 12
4 35 73 50 56
4 36 85 9 13
4 37 97 27 2
4 38 66 46 20
4 39 73 14 58
4 40 78 49 15
4 41 14 82 65
4 42 32 73 40
4 43 30 66 62
4 44 25 59 64
4 45 96 11 46
4 46 41 44 67
4 47 19 67 46
5 6 19 72 74
5 7 0 88 85
5 8 69 51 64
5 9 54 51 30
5 10 93 18 41
5 11 92 12 36
5 12 43 64 77
5 13 80 36 34
5 14 50 36 72
5 15 52 32 31
5 16 36 50 33
5 17 79 46 52
5 18 77 13 51
5 19 88 38 40
5 20 32 70 69
5 21 36 32 55
5 22 63 59 47
5 23 58 66 49
5 24 52 48 48
5 25 63 44 49
5 26 44 70 56
5 27 12 54 76
5 28 60 26 59
5 29 86 38 9
5 30 41 71 70
5 31 69 16 39
5 32 22 71 61
5 33 44 43 56
5 34 71 18 18
5 35 44 69 77
5 36 56 41 61
5 37 85 16 49
5 38 66 20 17
5 39 95 27 37
5 40 14 43 79
5 41 83 14 29
5 42 76 29 44
5 43 86 25 15
5 44 92 12 25
5 45 63 56 45
5 46 92 25 48
5 47 59 50 38
6 7 38 64 53
6 8 65 65 40
6 9 55 41 62
6 10 35 65 45
6 11 38 48 37
6 12 6 82 59
6 13 70 24 31
6 14 71 61 54
6 15 94 38 38
6 16 2 66 83
6 17 76 41 30
6 18 91 20 19
6 19 82 35 36
6 20 43 33 34
6 21 40 78 65
6 22 36 32 61
6 23 34 34 46
6 24 19 51 85
6 25 95 5 46
6 26 97 49 45
6 27 70 38 39
6 28 48 28 67
6 29 10 71 77
6 30 50 69 29
6 31 58 49 47
6 32 95 14 21
6 33 31 49 66
6 34 41 46 46
6 35 97 24 14
6 36 38 38 40
6 37 50 34 44
6 38 65 57 29
6 39 84 35 11
6 40 38 73 79
6 41 0 65 57
6 42 80 40 49
6 43 83 42 15
6 44 54 55 40
6 45 83 52 39
6 46 62 66 43
6 47 85 49 42
7 8 39 33 68
7 9 48 64 27
7 10 25 62 76
7 11 28 46 70
7 12 82 51 33
7 13 73 46 18
7 14 76 56 48
7 15 33 81 34
7 16 83 24 15
7 17 89 33 34
7 18 50 70 48
7 19 84 17 23
7 20 40 49 69
7 21 64 24 31
7 22 66 27 35
7 23 29 69 51
7 24 54 31 44
7 25 70 36 29
7 26 48 60 74
7 27 95 14 49
7 28 91 36 37
7 29 54 41 42
7 30 62 40 64
7 31 29 58 51
7 32 47 49 36
7 33 2 96 85
7 34 79 14 12
7 35 15 84 81
7 36 89 29 38
7 37 85 40 50
7 38 67 56 47
7 39 20 66 57
7 40 53 30 48
7 41 63 59 20
7 42 21 87 57
7 43 26 46 61
7 44 34 47 58
7 45 65 62 35
7 46 10 74 84
7 47 19 67 85
8 9 1 75 81
8 10 29 69 40
8 11 38 58 50
8 12 12 58 64
8 13 68 31 62
8 14 99 16 48
8 15 15 91 68
8 16 25 68 53
8 17 7 86 51
8 18 81 28 40
8 19 40 62 73
8 20 16 87 44
8 21 73 62 16
8 22 2 65 58
8 23 68 56 54
8 24 43 73 46
8 25 5 67 94
8 26 94 44 26
8 27 54 30 42
8 28 55 43 68
8 29 76 31 57
8 30 73 15 25
8 31 21 78 87
8 32 46 62 54
8 33 47 66 56
8 34 83 52 48
8 35 61 48 40
8 36 98 1 23
8 37 48 32 63
8 38 64 21 25
8 39 98 16 7
8 40 57 34 57
8 41 6 65 52
8 42 39 63 52
8 43 43 58 76
8 44 74 25 15
8 45 17 76 71
8 46 16 83 55
8 47 13 57 45
9 10 21 61 60
9 11 22 62 66
9 12 97 48 5
9 13 78 46 40
9 14 65 34 67
9 15 79 18 14
9 16 60 29 44
9 17 75 62 47
9 18 13 52 62
9 19 44 30 51
9 20 9 80 48
9 21 40 63 44
9 22 16 44 55
9 23 88 21 23
9 24 80 36 36
9 25 29 82 78
9 26 92 21 11
9 27 15 44 88
9 28 33 71 68
9 29 96 3 51
9 30 24 37 77
9 31 6 60 51
9 32 21 62 59
9 33 78 12 32
9 34 77 16 30
9 35 21 55 79
9 36 33 38 76
9 37 37 64 64
9 38 12 62 82
9 39 43 48 36
9 40 33 40 46
9 41 95 45 14
9 42 34 34 33
9 43 64 51 51
9 44 70 49 47
9 45 93 35 9
9 46 0 97 90
9 47 34 81 33
10 11 47 35 64
10 12 58 47 45
10 13 39 52 40
10 14 43 77 31
10 15 69 48 51
10 16 94 24 27
10 17 11 79 88
10 18 97 47 19
10 19 84 10 27
10 20 49 73 46
10 21 79 57 16
10 22 35 74 32
10 23 69 49 31
10 24 16 83 69
10 25 91 42 9
10 26 74 42 57
10 27 33 34 73
10 28 68 58 38
10 29 69 22 35
10 30 4 79 67
10 31 37 57 44
10 32 86 12 23
10 33 56 67 62
10 34 44 58 38
10 35 30 75 83
10 36 79 31 53
10 37 40 63 46
10 38 81 33 44
10 39 35 37 73
10 40 41 32 34
10 41 40 70 31
10 42 56 70 68
10 43 71 31 23
10 44 65 65 54
10 45 34 73 62
10 46 32 37 63
10 47 63 40 58
11 12 5 82 57
11 13 29 78 80
11 14 34 40 34
11 15 20 88 45
11 16 18 57 74
11 17 52 24 24
11 18 56 26 65
11 19 37 44 78
11 20 30 64 78
11 21 10 79 71
11 22 16 73 74
11 23 64 18 25
11 24 91 38 33
11 25 11 80 64
11 26 34 42 34
11 27 35 60 74
11 28 22 87 73
11 29 24 73 43
11 30 10 92 48
11 31 8 93 65
11 32 9 72 60
11 33 99 24 45
11 34 71 21 17
11 35 8 70 74
11 36 75 30 39
11 37 11 86 76
11 38 89 25 51
11 39 58 22 48
11 40 71 50 64
11 41 30 82 60
11 42 4 57 54
11 43 72 26 27
11 44 79 50 42
11 45 45 45 56
11 46 37 68 44
11 47 47 75 62
12 13 97 14 44
12 14 21 68 82
12 15 62 41 55
12 16 37 57 57
12 17 22 60 42
12 18 60 20 58
12 19 38 80 52
12 20 71 27 19
12 21 22 71 45
12 22 81 44 42
12 23 45 43 31
12 24 18 41 46
12 25 54 55 37
12 26 45 63 54
12 27 26 76 50
12 28 34 61 51
12 29 45 61 72
12 30 17 91 69
12 31 75 53 43
12 32 3 61 84
12 33 57 31 55
12 34 5 90 79
12 35 0 87 86
12 36 30 70 42
12 37 55 37 44
12 38 63 58 61
12 39 6 58 93
12 40 85 22 9
12 41 67 27 17
12 42 99 37 5
12 43 18 45 70
12 44 91 19 21
12 45 14 67 60
12 46 86 31 29
12 47 91 46 32
13 14 64 27 20
13 15 36 35 79
13 16 4 75 88
13 17 44 46 58
13 18 50 30 35
13 19 86 44 9
13 20 61 53 52
13 21 24 46 44
13 22 55 68 31
13 23 45 46 37
13 24 49 72 67
13 25 46 54 68
13 26 99 3 45
13 27 20 55 82
13 28 10 91 71
13 29 51 44 50
13 30 78 29 23
13 31 94 43 30
13 32 27 43 70
13 33 49 75 45
13 34 70 54 17
13 35 68 33 62
13 36 35 59 48
13 37 59 57 30
13 38 61 60 28
13 39 4 97 56
13 40 16 51 58
13 41 52 38 40
13 42 28 61 80
13 43 38 47 60
13 44 93 11 8
13 45 27 46 77
13 46 25 52 66
13 47 71 23 34
14 15 99 15 45
14 16 15 86 60
14 17 94 46 27
14 18 56 31 43
14 19 28 74 53
14 20 72 56 25
14 21 90 6 39
14 22 74 57 60
14 23 6 63 73
14 24 34 34 71
14 25 5 96 49
14 26 27 68 78
14 27 83 31 29
14 28 45 37 51
14 29 51 61 52
14 30 55 60 42
14 31 10 80 73
14 32 35 68 48
14 33 16 61 73
14 34 38 35 32
14 35 83 27 24
14 36 39 69 64
14 37 73 15 41
14 38 7 59 66
14 39 82 16 57
14 40 95 42 37
14 41 56 24 24
14 42 26 81 65
14 43 18 61 47
14 44 30 65 41
14 45 43 64 37
14 46 36 58 36
14 47 47 40 60
15 16 32 73 46
15 17 70 38 49
15 18 76 21 12
15 19 31 44 45
15 20 22 48 66
15 21 45 35 48
15 22 2 93 66
15 23 28 76 65
15 24 2 64 71
15 25 35 44 40
15 26 7 51 82
15 27 90 24 29
15 28 37 61 51
15 29 52 37 68
15 30 65 63 22
15 31 95 8 35
15 32 41 66 61
15 33 94 38 11
15 34 45 46 34
15 35 42 49 45
15 36 97 38 41
15 37 26 37 68
15 38 31 80 44
15 39 11 87 46
15 40 38 44 71
15 41 17 44 90
15 42 16 79 71
15 43 11 44 46
15 44 26 53 66
15 45 91 5 9
15 46 86 51 48
15 47 42 35 32
16 17 69 35 38
16 18 38 80 66
16 19 89 9 48
16 20 4 48 91
16 21 75 17 32
16 22 45 69 46
16 23 53 64 45
16 24 73 27 26
16 25 86 34 10
16 26 85 56 51
16 27 71 23 41
16 28 79 33 31
16 29 27 60 79
16 30 13 46 77
16 31 33 58 62
16 32 83 10 36
16 33 64 60 42
16 34 81 58 47
16 35 10 82 68
16 36 26 79 82
16 37 9 63 92
16 38 43 48 70
16 39 30 65 53
16 40 21 56 46
16 41 82 54 23
16 42 90 12 48
16 43 55 52 67
16 44 8 88 54
16 45 44 68 67
16 46 85 42 33
16 47 9 61 78
17 18 76 12 48
17 19 70 43 61
17 20 97 21 19
17 21 79 14 15
17 22 40 37 64
17 23 73 48 17
17 24 72 55 31
17 25 13 76 75
17 26 22 56 39
17 27 55 50 32
17 28 92 50 43
17 29 26 74 51
17 30 33 64 59
17 31 54 36 58
17 32 73 20 50
17 33 69 22 64
17 34 31 78 67
17 35 34 74 59
17 36 5 83 67
17 37 50 57 67
17 38 76 58 54
17 39 35 64 32
17 40 25 80 75
17 41 4 47 77
17 42 6 80 70
17 43 54 70 72
17 44 64 59 45
17 45 37 63 33
17 46 26 54 38
17 47 84 25 14
18 19 47 38 61
18 20 56 57 39
18 21 43 75 37
18 22 0 63 70
18 23 37 58 69
18 24 0 59 65
18 25 32 64 73
18 26 66 41 63
18 27 27 61 77
18 28 61 48 32
18 29 30 60 62
18 30 56 62 29
18 31 98 14 17
18 32 6 89 71
18 33 61 30 31
18 34 23 80 56
18 35 17 47 64
18 36 86 42 54
18 37 13 58 50
18 38 72 54 57
18 39 63 45 26
18 40 61 21 64
18 41 18 78 48
18 42 56 57 39
18 43 36 76 38
18 44 53 57 71
18 45 10 94 44
18 46 67 52 44
18 47 25 77 79
19 20 29 72 68
19 21 78 47 14
19 22 21 55 57
19 23 27 59 38
19 24 7 88 84
19 25 80 41 21
19 26 94 6 38
19 27 17 79 46
19 28 39 32 43
19 29 19 60 57
19 30 4 78 93
19 31 75 21 13
19 32 12 85 78
19 33 10 54 49
19 34 40 71 74
19 35 14 87 47
19 36 11 65 71
19 37 98 41 22
19 38 60 47 62
19 39 49 70 50
19 40 64 44 63
19 41 85 23 12
19 42 16 70 70
19 43 24 56 40
19 44 37 40 75
19 45 30 56 57
19 46 15 52 64
19 47 43 38 34
20 21 36 69 50
20 22 65 28 26
20 23 43 56 34
20 24 90 48 17
20 25 81 26 44
20 26 39 67 38
20 27 23 48 85
20 28 86 16 24
20 29 27 46 38
20 30 32 65 49
20 31 77 22 29
20 32 97 29 37
20 33 77 56 47
20 34 65 63 58
20 35 14 54 42
20 36 40 62 51
20 37 68 16 53
20 38 27 37 44
20 39 41 63 68
20 40 80 54 30
20 41 44 35 39
20 42 69 25 40
20 43 69 51 63
20 44 97 22 17
20 45 82 47 47
20 46 9 59 86
20 47 56 35 39
21 22 99 9 49
21 23 65 58 17
21 24 60 21 46
21 25 28 50 79
21 26 96 7 6
21 27 42 50 59
21 28 40 59 66
21 29 16 85 87
21 30 71 16 34
21 31 96 45 45
21 32 52 65 66
21 33 46 35 36
21 34 88 43 31
21 35 95 45 28
21 36 54 35 46
21 37 68 16 21
21 38 72 35 45
21 39 82 8 22
21 40 59 55 34
21 41 47 34 32
21 42 73 41 32
21 43 21 48 73
21 44 42 45 46
21 45 59 41 23
21 46 59 50 52
21 47 66 33 59
22 23 7 60 63
22 24 65 48 58
22 25 58 32 51
22 26 84 17 30
22 27 46 59 36
22 28 56 43 29
22 29 83 14 38
22 30 6 87 66
22 31 26 85 82
22 32 17 58 82
22 33 41 48 31
22 34 85 39 28
22 35 94 30 30
22 36 29 59 61
22 37 23 39 38
22 38 73 53 40
22 39 27 70 56
22 40 27 50 69
22 41 59 41 41
22 42 23 40 86
22 43 98 22 41
22 44 11 93 87
22 45 9 65 83
22 46 36 34 49
22 47 21 83 66
23 24 92 26 49
23 25 2 65 92
23 26 97 15 26
23 27 14 68 80
23 28 57 40 33
23 29 50 72 49
23 30 99 40 24
23 31 44 75 46
23 32 65 55 59
23 33 54 28 33
23 34 26 55 77
23 35 77 43 42
23 36 32 47 77
23 37 48 28 47
23 38 15 45 70
23 39 59 36 66
23 40 90 29 26
23 41 63 40 58
23 42 37 48 61
23 43 6 56 54
23 44 73 21 58
23 45 80 35 20
23 46 85 37 38
23 47 30 64 48
24 25 80 16 50
24 26 92 51 25
24 27 58 39 24
24 28 2 71 79
24 29 64 35 61
24 30 50 55 63
24 31 68 31 55
24 32 96 7 5
24 33 90 27 47
24 34 94 7 33
24 35 3 70 85
24 36 87 47 18
24 37 17 41 60
24 38 59 58 35
24 39 37 35 67
24 40 56 31 57
24 41 82 31 15
24 42 58 31 68
24 43 5 53 49
24 44 95 16 26
24 45 78 43 43
24 46 73 56 24
24 47 13 43 65
25 26 69 17 39
25 27 83 43 24
25 28 35 82 56
25 29 0 52 78
25 30 21 72 54
25 31 90 43 37
25 32 61 47 24
25 33 15 64 43
25 34 42 41 71
25 35 51 55 31
25 36 41 35 39
25 37 12 84 81
25 38 95 24 47
25 39 89 34 9
25 40 10 88 49
25 41 46 57 38
25 42 94 23 49
25 43 73 24 26
25 44 8 89 60
25 45 55 63 48
25 46 46 63 41
25 47 28 47 70
26 27 5 85 76
26 28 41 54 62
26 29 48 34 44
26 30 6 79 84
26 31 35 48 47
26 32 77 34 51
26 33 48 52 36
26 34 24 50 72
26 35 82 44 9
26 36 66 22 35
26 37 31 48 55
26 38 83 27 51
26 39 86 33 21
26 40 64 22 32
26 41 20 61 76
26 42 13 68 61
26 43 25 47 84
26 44 72 30 28
26 45 5 92 52
26 46 23 86 40
26 47 36 34 79
27 28 36 61 42
27 29 44 32 60
27 30 70 60 21
27 31 27 74 55
27 32 30 59 69
27 33 95 11 24
27 34 52 68 63
27 35 35 63 61
27 36 54 70 70
27 37 63 18 24
27 38 23 60 45
27 39 49 58 52
27 40 44 45 43
27 41 89 43 48
27 42 70 55 38
27 43 51 31 38
27 44 47 28 26
27 45 60 49 39
27 46 26 39 46
27 47 24 58 48
28 29 91 23 31
28 30 28 52 74
28 31 76 29 35
28 32 27 64 65
28 33 33 72 50
28 34 16 47 61
28 35 33 41 77
28 36 77 16 15
28 37 34 49 71
28 38 36 76 47
28 39 98 29 24
28 40 44 40 54
28 41 69 48 42
28 42 9 94 77
28 43 79 38 57
28 44 68 60 16
28 45 18 46 66
28 46 82 14 9
28 47 82 20 43
29 30 63 56 39
29 31 80 44 47
29 32 26 85 58
29 33 92 44 14
29 34 64 50 63
29 35 31 80 68
29 36 21 48 65
29 37 73 27 51
29 38 94 32 17
29 39 30 76 46
29 40 23 61 38
29 41 91 24 11
29 42 57 41 64
29 43 24 55 62
29 44 81 44 47
29 45 84 23 37
29 46 90 10 37
29 47 75 42 20
30 31 92 44 46
30 32 36 72 55
30 33 64 59 54
30 34 20 83 54
30 35 94 23 16
30 36 50 58 38
30 37 1 49 55
30 38 69 37 23
30 39 13 71 68
30 40 58 68 60
30 41 31 60 59
30 42 51 37 67
30 43 94 36 14
30 44 9 84 93
30 45 23 41 66
30 46 89 33 23
30 47 72 24 53
31 32 55 32 43
31 33 31 58 82
31 34 60 58 21
31 35 50 57 69
31 36 42 71 56
31 37 99 29 26
31 38 79 26 38
31 39 52 51 39
31 40 5 69 80
31 41 7 89 58
31 42 50 69 58
31 43 89 46 11
31 44 70 17 32
31 45 1 49 69
31 46 33 48 37
31 47 72 15 61
32 33 44 35 47
32 34 1 84 79
32 35 18 62 76
32 36 38 55 61
32 37 21 53 60
32 38 24 45 43
32 39 57 27 68
32 40 93 27 50
32 41 27 54 46
32 42 71 56 36
32 43 88 10 17
32 44 95 48 8
32 45 63 33 31
32 46 26 79 78
32 47 62 38 19
33 34 80 16 43
33 35 84 24 49
33 36 86 37 25
33 37 95 38 45
33 38 91 27 51
33 39 75 25 33
33 40 42 73 59
33 41 13 53 84
33 42 26 54 60
33 43 52 58 29
33 44 17 57 52
33 45 26 41 37
33 46 95 46 35
33 47 0 82 82
34 35 95 42 18
34 36 66 21 60
34 37 57 62 59
34 38 20 77 88
34 39 50 52 33
34 40 40 41 76
34 41 83 14 10
34 42 9 53 64
34 43 40 66 65
34 44 97 41 19
34 45 57 40 52
34 46 88 17 10
34 47 40 66 72
35 36 35 36 53
35 37 3 88 85
35 38 4 53 97
35 39 2 49 97
35 40 24 62 49
35 41 80 15 25
35 42 48 36 35
35 43 74 38 16
35 44 53 56 50
35 45 29 68 73
35 46 27 44 69
35 47 19 52 74
36 37 83 8 13
36 38 62 41 29
36 39 94 51 14
36 40 5 92 51
36 41 37 46 80
36 42 67 42 35
36 43 42 37 65
36 44 44 37 70
36 45 18 42 84
36 46 45 44 67
36 47 15 74 49
37 38 23 86 53
37 39 16 57 69
37 40 83 37 12
37 41 88 23 10
37 42 6 71 57
37 43 61 39 42
37 44 91 36 18
37 45 64 46 64
37 46 26 65 70
37 47 97 50 29
38 39 77 46 54
38 40 95 34 20
38 41 34 68 81
38 42 84 8 25
38 43 83 29 50
38 44 49 74 43
38 45 11 54 70
38 46 34 68 73
38 47 72 20 23
39 40 65 20 17
39 41 15 61 78
39 42 90 39 37
39 43 64 28 29
39 44 59 69 39
39 45 62 38 66
39 46 80 12 19
39 47 88 32 34
40 41 50 73 72
40 42 25 84 82
40 43 42 63 64
40 44 63 38 52
40 45 10 78 62
40 46 98 22 25
40 47 25 61 50
41 42 92 28 35
41 43 82 16 16
41 44 15 85 84
41 45 9 61 82
41 46 64 33 30
41 47 36 55 51
42 43 53 65 44
42 44 98 15 10
42 45 10 58 64
42 46 15 83 57
42 47 13 47 90
43 44 32 35 64
43 45 13 82 56
43 46 71 60 52
43 47 43 62 51
44 45 55 22 33
44 46 37 39 35
44 47 58 27 68
45 46 94 6 39
45 47 30 52 50
46 47 81 19 46
