48
0 1 67 32 36
0 2 25 71 78
0 3 61 42 32
0 4 23 71 73
0 5 11 77 82
0 6 59 47 47
0 7 98 2 9
0 8 99 10 1
0 9 35 69 62
0 10 89 14 12
0 11 47 53 49
0 12 23 72 69
0 13 82 17 23
0 14 75 21 22
0 15 75 25 26
0 16 30 65 71
0 17 65 30 34
0 18 25 70 78
0 19 39 65 52
0 20 8 81 77
0 21 19 72 72
0 22 59 42 38
0 23 70 36 31
0 24 80 26 22
0 25 31 67 67
0 26 14 79 79
0 27 4 95 91
0 28 32 65 58
0 29 61 41 45
0 30 30 69 60
0 31 52 47 46
0 32 31 68 70
0 33 57 40 50
0 34 82 14 20
0 35 72 32 36
0 36 85 25 25
0 37 51 43 52
0 38 82 26 24
0 39 18 82 78
0 40 64 37 41
0 41 23 71 71
0 42 83 23 16
0 43 6 89 91
0 44 96 13 16
0 45 75 32 25
0 46 83 14 26
0 47 31 66 70
1 2 27 61 74
1 3 53 40 43
1 4 50 49 46
1 5 85 20 21
1 6 47 54 50
1 7 8 87 85
1 8 92 15 13
1 9 7 80 83
1 10 13 79 84
1 11 59 40 45
1 12 38 53 55
1 13 92 14 20
1 14 18 80 76
1 15 50 53 53
1 16 77 33 30
1 17 38 64 62
1 18 1 87 86
1 19 95 7 4
1 20 46 53 58
1 21 13 82 85
1 22 78 18 28
1 23 46 59 47
1 24 15 83 73
1 25 27 73 74
1 26 42 48 54
1 27 70 36 30
1 28 17 72 73
1 29 95 15 6
1 30 26 74 65
1 31 44 53 48
1 32 82 21 28
1 33 23 68 76
1 34 82 24 21
1 35 74 34 27
1 36 31 67 69
1 37 86 14 21
1 38 52 53 43
1 39 60 40 46
1 40 58 38 39
1 41 69 39 40
1 42 11 78 88
1 43 4 87 90
1 44 43 54 61
1 45 73 24 36
1 46 31 58 63
1 47 35 68 62
2 3 77 21 32
2 4 42 63 55
2 5 16 76 79
2 6 9 77 90
2 7 76 29 27
2 8 53 42 48
2 9 64 33 33
2 10 23 79 75
2 11 90 17 11
2 12 39 55 59
2 13 41 56 62
2 14 15 84 83
2 15 92 19 7
2 16 21 79 80
2 17 98 10 10
2 18 71 28 38
2 19 45 47 57
2 20 57 48 47
2 21 20 82 79
2 22 81 20 24
2 23 20 76 80
2 24 31 68 63
2 25 27 68 63
2 26 42 60 56
2 27 6 89 88
2 28 88 14 14
2 29 56 50 50
2 30 48 57 57
2 31 22 80 75
2 32 69 32 27
2 33 10 76 81
2 34 12 83 85
2 35 51 55 43
2 36 73 23 25
2 37 62 45 40
2 38 8 79 81
2 39 49 45 46
2 40 5 93 87
2 41 24 70 71
2 42 86 12 14
2 43 43 58 48
2 44 44 55 57
2 45 62 44 38
2 46 28 73 63
2 47 75 25 31
3 4 44 57 51
3 5 90 9 8
3 6 65 35 43
3 7 61 45 34
3 8 81 21 28
3 9 86 18 17
3 10 49 56 43
3 11 25 65 70
3 12 53 41 43
3 13 68 40 29
3 14 71 30 26
3 15 92 6 14
3 16 10 77 85
3 17 76 26 25
3 18 13 87 85
3 19 37 53 53
3 20 61 40 46
3 21 77 31 31
3 22 78 24 19
3 23 43 55 61
3 24 21 79 69
3 25 38 58 54
3 26 5 93 81
3 27 69 38 28
3 28 34 58 57
3 29 34 63 59
3 30 87 17 12
3 31 65 38 34
3 32 90 17 7
3 33 18 83 71
3 34 56 36 39
3 35 74 25 35
3 36 98 6 11
3 37 3 86 93
3 38 67 32 41
3 39 33 62 63
3 40 91 13 21
3 41 81 20 19
3 42 16 80 75
3 43 56 42 38
3 44 67 29 39
3 45 61 46 35
3 46 76 30 31
3 47 29 65 66
4 5 68 37 31
4 6 88 10 19
4 7 66 28 30
4 8 51 48 55
4 9 68 38 41
4 10 10 78 83
4 11 83 27 14
4 12 18 73 78
4 13 76 34 25
4 14 68 31 31
4 15 27 73 73
4 16 49 57 49
4 17 94 10 14
4 18 9 80 84
4 19 77 33 33
4 20 11 81 81
4 21 63 33 42
4 22 18 72 82
4 23 75 35 22
4 24 27 62 72
4 25 89 21 18
4 26 70 26 29
4 27 87 16 13
4 28 78 23 19
4 29 16 85 78
4 30 72 31 32
4 31 59 48 43
4 32 8 85 78
4 33 43 58 56
4 34 9 91 90
4 35 70 26 37
4 36 81 23 29
4 37 18 74 70
4 38 50 56 43
4 39 82 25 26
4 40 66 35 30
4 41 72 28 24
4 42 94 13 14
4 43 2 95 90
4 44 51 48 46
4 45 95 8 7
4 46 98 14 3
4 47 57 36 41
5 6 77 21 20
5 7 78 18 23
5 8 99 8 10
5 9 51 43 44
5 10 10 88 77
5 11 30 61 63
5 12 84 22 13
5 13 99 15 13
5 14 21 69 74
5 15 4 89 82
5 16 63 43 33
5 17 54 48 40
5 18 63 32 35
5 19 80 28 18
5 20 30 71 64
5 21 64 36 32
5 22 89 12 21
5 23 15 81 77
5 24 6 84 80
5 25 64 43 41
5 26 45 50 57
5 27 65 33 33
5 28 21 80 72
5 29 51 46 50
5 30 56 46 39
5 31 9 81 89
5 32 89 14 19
5 33 78 26 30
5 34 55 42 46
5 35 61 40 34
5 36 22 77 75
5 37 23 66 69
5 38 44 59 48
5 39 96 4 4
5 40 48 48 51
5 41 56 51 47
5 42 61 47 38
5 43 23 78 72
5 44 14 84 78
5 45 47 56 57
5 46 42 58 60
5 47 40 58 65
6 7 51 54 49
6 8 2 93 95
6 9 45 53 48
6 10 20 78 68
6 11 25 74 70
6 12 13 77 77
6 13 34 60 61
6 14 40 51 51
6 15 55 38 47
6 16 65 30 31
6 17 70 25 32
6 18 96 10 5
6 19 44 51 48
6 20 54 39 46
6 21 87 15 13
6 22 61 43 44
6 23 17 70 81
6 24 97 15 6
6 25 44 54 57
6 26 94 8 6
6 27 46 47 48
6 28 40 57 64
6 29 57 44 42
6 30 53 48 42
6 31 68 34 38
6 32 31 72 70
6 33 70 29 39
6 34 95 8 5
6 35 18 70 76
6 36 4 92 89
6 37 11 90 88
6 38 58 38 41
6 39 23 76 67
6 40 46 57 57
6 41 37 61 58
6 42 15 79 74
6 43 21 78 81
6 44 37 57 63
6 45 70 28 26
6 46 22 70 76
6 47 98 5 5
7 8 65 31 30
7 9 29 61 67
7 10 78 19 24
7 11 16 75 77
7 12 20 69 70
7 13 22 66 78
7 14 33 56 56
7 15 86 11 16
7 16 98 5 14
7 17 64 42 32
7 18 76 22 33
7 19 33 67 66
7 20 13 85 75
7 21 68 42 38
7 22 20 75 77
7 23 70 35 29
7 24 12 77 86
7 25 38 56 61
7 26 84 27 19
7 27 54 38 51
7 28 54 43 49
7 29 74 34 24
7 30 3 94 89
7 31 36 60 67
7 32 45 60 52
7 33 82 25 18
7 34 23 74 79
7 35 59 40 45
7 36 79 18 31
7 37 84 14 25
7 38 69 36 39
7 39 52 52 46
7 40 13 84 86
7 41 35 61 61
7 42 60 45 34
7 43 47 46 50
7 44 40 53 53
7 45 41 50 58
7 46 95 8 15
7 47 20 78 73
8 9 70 27 34
8 10 47 48 53
8 11 79 25 27
8 12 68 38 27
8 13 82 20 15
8 14 76 31 21
8 15 90 10 17
8 16 1 84 90
8 17 7 92 79
8 18 14 85 83
8 19 64 44 44
8 20 79 22 18
8 21 5 94 94
8 22 6 93 84
8 23 5 82 85
8 24 55 43 39
8 25 68 32 29
8 26 15 76 73
8 27 20 73 73
8 28 0 84 90
8 29 30 68 60
8 30 58 48 36
8 31 53 52 47
8 32 42 60 59
8 33 33 57 64
8 34 16 79 76
8 35 25 72 74
8 36 5 87 94
8 37 88 13 19
8 38 54 43 51
8 39 71 26 25
8 40 77 24 34
8 41 71 34 36
8 42 85 25 26
8 43 68 36 37
8 44 53 50 52
8 45 19 75 77
8 46 98 16 13
8 47 92 8 14
9 10 41 56 57
9 11 1 98 84
9 12 29 72 71
9 13 35 61 68
9 14 28 72 61
9 15 17 71 81
9 16 92 8 17
9 17 76 30 30
9 18 33 65 59
9 19 79 20 31
9 20 41 55 61
9 21 4 83 89
9 22 16 74 71
9 23 94 18 13
9 24 27 67 64
9 25 88 24 15
9 26 72 28 37
9 27 84 13 13
9 28 6 92 90
9 29 63 37 44
9 30 38 63 57
9 31 2 86 83
9 32 69 27 38
9 33 64 33 34
9 34 57 44 41
9 35 62 44 43
9 36 39 56 64
9 37 66 34 42
9 38 15 75 71
9 39 13 87 82
9 40 29 60 62
9 41 11 78 77
9 42 20 81 82
9 43 61 34 43
9 44 54 48 38
9 45 27 73 62
9 46 77 24 32
9 47 3 95 85
10 11 60 46 44
10 12 61 45 46
10 13 14 73 87
10 14 86 19 25
10 15 6 89 93
10 16 13 85 79
10 17 24 72 71
10 18 54 47 38
10 19 9 90 77
10 20 80 19 25
10 21 50 46 46
10 22 36 55 54
10 23 96 6 8
10 24 58 48 48
10 25 71 30 25
10 26 14 85 78
10 27 3 92 89
10 28 66 35 42
10 29 98 10 12
10 30 46 53 59
10 31 89 11 12
10 32 56 50 43
10 33 18 73 70
10 34 42 61 51
10 35 64 36 44
10 36 55 45 49
10 37 89 12 21
10 38 5 80 84
10 39 3 83 85
10 40 66 30 33
10 41 37 54 67
10 42 68 36 39
10 43 83 22 22
10 44 78 28 22
10 45 85 16 21
10 46 13 74 75
10 47 22 79 67
11 12 67 40 37
11 13 35 69 63
11 14 19 80 76
11 15 95 5 10
11 16 95 8 14
11 17 14 85 80
11 18 47 46 56
11 19 7 87 85
11 20 41 55 51
11 21 32 66 67
11 22 31 65 72
11 23 51 49 54
11 24 21 77 81
11 25 88 20 16
11 26 55 43 49
11 27 13 77 83
11 28 91 17 11
11 29 39 56 64
11 30 10 87 88
11 31 43 50 59
11 32 75 27 25
11 33 65 40 40
11 34 86 20 18
11 35 67 38 34
11 36 19 82 79
11 37 58 35 41
11 38 46 57 53
11 39 94 10 9
11 40 87 14 13
11 41 45 51 48
11 42 47 45 46
11 43 43 48 53
11 44 98 6 5
11 45 38 64 59
11 46 0 89 87
11 47 99 4 1
12 13 28 75 67
12 14 73 30 37
12 15 38 65 61
12 16 17 72 83
12 17 72 28 28
12 18 1 89 93
12 19 97 10 17
12 20 28 64 66
12 21 48 58 47
12 22 15 75 77
12 23 25 71 66
12 24 27 63 68
12 25 15 86 77
12 26 86 25 26
12 27 24 66 73
12 28 23 67 73
12 29 80 29 19
12 30 49 51 54
12 31 25 77 76
12 32 21 72 70
12 33 27 66 73
12 34 46 45 53
12 35 12 81 87
12 36 60 34 35
12 37 31 66 66
12 38 84 19 15
12 39 63 38 34
12 40 59 47 38
12 41 82 19 17
12 42 2 97 92
12 43 68 36 31
12 44 42 62 62
12 45 42 57 57
12 46 69 38 29
12 47 13 82 79
13 14 74 33 31
13 15 90 12 13
13 16 81 16 24
13 17 68 37 38
13 18 71 35 31
13 19 8 82 78
13 20 56 47 49
13 21 76 28 29
13 22 39 65 63
13 23 9 79 91
13 24 23 76 67
13 25 54 47 46
13 26 13 79 86
13 27 88 24 13
13 28 17 82 83
13 29 24 76 65
13 30 55 44 52
13 31 66 42 39
13 32 95 10 6
13 33 75 35 28
13 34 49 54 44
13 35 19 68 78
13 36 71 35 35
13 37 50 49 51
13 38 55 46 42
13 39 75 25 35
13 40 39 53 61
13 41 62 34 46
13 42 89 13 15
13 43 84 23 18
13 44 65 41 37
13 45 94 14 9
13 46 32 68 60
13 47 71 27 34
14 15 54 41 50
14 16 73 33 25
14 17 78 26 20
14 18 12 83 86
14 19 54 43 52
14 20 86 23 19
14 21 98 7 15
14 22 82 27 26
14 23 34 65 59
14 24 6 80 86
14 25 35 55 68
14 26 78 21 18
14 27 62 39 38
14 28 94 8 12
14 29 6 88 90
14 30 64 37 44
14 31 8 79 82
14 32 64 30 36
14 33 95 15 16
14 34 63 41 43
14 35 41 61 52
14 36 99 6 12
14 37 3 92 89
14 38 83 15 16
14 39 93 8 7
14 40 26 64 67
14 41 19 73 71
14 42 5 94 82
14 43 49 56 50
14 44 90 19 12
14 45 16 80 77
14 46 96 8 5
14 47 47 46 56
15 16 34 65 62
15 17 3 92 85
15 18 47 49 55
15 19 85 18 26
15 20 21 80 69
15 21 47 48 45
15 22 0 86 97
15 23 90 11 16
15 24 4 95 94
15 25 45 60 56
15 26 74 26 27
15 27 12 81 80
15 28 95 5 5
15 29 50 48 42
15 30 38 54 62
15 31 51 53 45
15 32 98 10 3
15 33 34 69 64
15 34 3 84 90
15 35 60 46 43
15 36 68 32 37
15 37 62 41 36
15 38 73 26 25
15 39 24 69 76
15 40 34 62 69
15 41 25 71 73
15 42 42 51 57
15 43 17 76 81
15 44 45 60 53
15 45 44 51 56
15 46 3 92 90
15 47 18 82 73
16 17 21 75 78
16 18 24 65 67
16 19 31 72 60
16 20 97 17 8
16 21 21 75 77
16 22 27 62 70
16 23 33 70 64
16 24 33 63 63
16 25 67 29 39
16 26 56 44 50
16 27 27 70 67
16 28 64 38 32
16 29 11 89 85
16 30 6 86 84
16 31 8 91 88
16 32 34 57 63
16 33 62 33 38
16 34 5 94 94
16 35 66 42 37
16 36 21 78 80
16 37 95 5 13
16 38 6 81 83
16 39 71 33 33
16 40 37 55 65
16 41 65 30 32
16 42 2 92 82
16 43 17 75 79
16 44 58 46 49
16 45 97 7 6
16 46 63 38 32
16 47 63 32 42
17 18 37 58 59
17 19 24 67 66
17 20 84 15 23
17 21 53 50 50
17 22 94 12 6
17 23 85 13 19
17 24 34 67 68
17 25 57 47 46
17 26 30 61 68
17 27 2 94 93
17 28 94 4 14
17 29 80 31 20
17 30 2 94 94
17 31 20 78 77
17 32 79 23 25
17 33 49 46 57
17 34 4 86 95
17 35 67 40 38
17 36 17 80 75
17 37 0 89 87
17 38 63 33 42
17 39 80 17 21
17 40 80 21 27
17 41 19 77 72
17 42 73 29 24
17 43 34 67 58
17 44 29 73 69
17 45 29 71 69
17 46 95 16 10
17 47 17 84 75
18 19 35 58 64
18 20 23 68 76
18 21 7 92 84
18 22 12 88 84
18 23 23 69 79
18 24 52 50 52
18 25 76 33 25
18 26 8 84 82
18 27 64 33 41
18 28 69 28 30
18 29 95 11 17
18 30 1 98 93
18 31 52 46 44
18 32 40 64 50
18 33 20 79 80
18 34 11 85 83
18 35 77 26 26
18 36 89 23 18
18 37 20 71 80
18 38 85 19 21
18 39 95 14 16
18 40 10 84 87
18 41 16 79 77
18 42 13 74 74
18 43 24 73 75
18 44 99 9 9
18 45 53 45 50
18 46 84 19 17
18 47 65 30 34
19 20 87 21 25
19 21 30 65 60
19 22 69 36 28
19 23 61 44 36
19 24 14 83 75
19 25 1 96 97
19 26 87 23 21
19 27 61 35 41
19 28 37 54 57
19 29 46 59 51
19 30 40 64 62
19 31 36 56 56
19 32 43 57 55
19 33 83 16 17
19 34 79 32 28
19 35 37 66 61
19 36 1 88 96
19 37 97 13 8
19 38 24 71 70
19 39 11 89 88
19 40 44 49 53
19 41 17 79 78
19 42 38 66 66
19 43 46 53 55
19 44 20 77 81
19 45 60 43 40
19 46 12 86 84
19 47 76 26 20
20 21 26 69 70
20 22 88 23 21
20 23 21 68 77
20 24 67 40 41
20 25 79 30 30
20 26 14 74 81
20 27 77 30 31
20 28 65 38 41
20 29 81 28 20
20 30 9 80 82
20 31 32 62 64
20 32 17 79 81
20 33 36 60 57
20 34 80 25 24
20 35 81 28 19
20 36 14 86 83
20 37 7 86 85
20 38 8 87 80
20 39 89 13 20
20 40 83 20 27
20 41 18 82 80
20 42 23 73 66
20 43 52 41 51
20 44 99 7 15
20 45 67 39 37
20 46 18 76 70
20 47 96 4 6
21 22 15 74 86
21 23 41 58 54
21 24 64 37 32
21 25 98 15 5
21 26 13 79 82
21 27 8 81 78
21 28 1 97 89
21 29 80 30 25
21 30 28 64 70
21 31 18 82 83
21 32 19 81 78
21 33 77 31 24
21 34 49 48 57
21 35 49 43 50
21 36 23 77 72
21 37 96 8 11
21 38 19 73 78
21 39 63 31 45
21 40 17 75 77
21 41 27 70 71
21 42 22 72 75
21 43 14 78 84
21 44 29 63 63
21 45 83 22 18
21 46 18 78 79
21 47 17 79 77
22 23 69 30 36
22 24 74 27 31
22 25 75 28 21
22 26 56 51 38
22 27 38 54 56
22 28 97 11 9
22 29 28 63 62
22 30 1 96 95
22 31 11 76 80
22 32 64 35 34
22 33 8 81 89
22 34 89 18 9
22 35 25 63 69
22 36 71 37 32
22 37 26 70 75
22 38 32 67 67
22 39 93 16 16
22 40 90 17 12
22 41 13 74 79
22 42 7 85 84
22 43 21 68 72
22 44 49 43 48
22 45 25 70 68
22 46 46 49 47
22 47 88 17 10
23 24 26 75 75
23 25 85 25 12
23 26 88 13 18
23 27 82 14 16
23 28 17 79 70
23 29 85 14 17
23 30 53 46 50
23 31 72 29 35
23 32 0 97 92
23 33 86 17 20
23 34 80 19 28
23 35 46 51 47
23 36 45 60 60
23 37 41 63 62
23 38 55 45 45
23 39 13 77 80
23 40 68 34 33
23 41 64 44 31
23 42 71 27 25
23 43 42 55 52
23 44 82 21 23
23 45 15 75 77
23 46 47 54 55
23 47 43 57 62
24 25 5 90 82
24 26 7 91 83
24 27 29 69 61
24 28 44 60 55
24 29 13 77 87
24 30 96 10 8
24 31 96 7 4
24 32 13 87 84
24 33 19 79 79
24 34 35 62 56
24 35 20 74 81
24 36 99 2 2
24 37 7 93 87
24 38 80 20 20
24 39 90 20 17
24 40 19 75 68
24 41 89 13 17
24 42 18 71 76
24 43 48 58 55
24 44 13 82 74
24 45 62 33 45
24 46 5 82 82
24 47 57 44 42
25 26 28 67 67
25 27 14 79 87
25 28 59 40 47
25 29 17 79 82
25 30 16 77 76
25 31 85 17 17
25 32 42 53 58
25 33 43 61 49
25 34 76 27 34
25 35 87 16 19
25 36 84 19 21
25 37 37 57 54
25 38 74 30 23
25 39 51 46 49
25 40 17 76 78
25 41 1 93 89
25 42 38 55 60
25 43 73 23 25
25 44 70 27 31
25 45 35 67 57
25 46 71 37 32
25 47 86 16 17
26 27 51 47 48
26 28 19 68 75
26 29 53 47 42
26 30 14 80 78
26 31 77 28 24
26 32 30 63 70
26 33 41 57 55
26 34 7 85 92
26 35 16 83 84
26 36 22 70 74
26 37 65 41 41
26 38 3 89 94
26 39 59 36 44
26 40 94 11 6
26 41 94 9 15
26 42 7 91 85
26 43 88 17 10
26 44 68 34 41
26 45 76 22 34
26 46 97 15 6
26 47 42 51 60
27 28 3 91 87
27 29 33 61 62
27 30 25 76 76
27 31 65 37 41
27 32 9 84 87
27 33 52 50 40
27 34 94 17 4
27 35 96 5 3
27 36 83 20 27
27 37 87 10 14
27 38 56 50 37
27 39 18 77 74
27 40 99 11 13
27 41 50 46 42
27 42 33 60 68
27 43 40 64 56
27 44 40 60 62
27 45 25 65 63
27 46 3 93 90
27 47 26 75 68
28 29 71 30 29
28 30 79 29 25
28 31 90 8 13
28 32 51 53 55
28 33 67 36 40
28 34 25 63 71
28 35 9 84 76
28 36 35 66 68
28 37 60 35 40
28 38 8 90 83
28 39 58 46 37
28 40 38 60 59
28 41 12 87 87
28 42 69 27 29
28 43 51 46 52
28 44 51 52 50
28 45 81 18 18
28 46 26 75 70
28 47 69 30 28
29 30 7 85 82
29 31 51 46 54
29 32 76 27 23
29 33 23 69 76
29 34 1 92 87
29 35 25 64 77
29 36 48 58 46
29 37 40 64 51
29 38 59 39 47
29 39 87 24 23
29 40 30 60 59
29 41 33 66 67
29 42 18 75 78
29 43 72 33 28
29 44 25 65 78
29 45 53 40 41
29 46 56 44 43
29 47 99 0 8
30 31 40 52 52
30 32 4 86 81
30 33 55 46 46
30 34 12 77 79
30 35 27 76 62
30 36 14 85 75
30 37 73 30 28
30 38 85 16 26
30 39 34 58 63
30 40 73 23 34
30 41 15 78 86
30 42 6 86 84
30 43 76 34 28
30 44 0 96 99
30 45 49 54 47
30 46 60 48 40
30 47 61 45 45
31 32 57 51 39
31 33 34 64 66
31 34 12 80 77
31 35 7 89 88
31 36 68 34 28
31 37 18 80 77
31 38 13 74 79
31 39 43 60 61
31 40 3 82 86
31 41 57 47 36
31 42 79 26 27
31 43 93 8 5
31 44 63 35 33
31 45 55 45 48
31 46 72 31 33
31 47 45 48 55
32 33 65 42 31
32 34 13 76 82
32 35 60 36 47
32 36 17 72 72
32 37 20 67 70
32 38 44 61 49
32 39 3 85 84
32 40 18 79 82
32 41 57 43 47
32 42 94 11 15
32 43 78 22 27
32 44 8 85 88
32 45 76 26 21
32 46 87 12 15
32 47 54 39 45
33 34 31 62 67
33 35 93 14 6
33 36 46 51 55
33 37 51 51 44
33 38 21 74 81
33 39 40 64 56
33 40 87 24 25
33 41 12 82 86
33 42 93 13 14
33 43 54 50 44
33 44 7 92 84
33 45 81 17 29
33 46 97 11 15
33 47 22 80 75
34 35 57 44 45
34 36 38 65 60
34 37 14 82 79
34 38 48 47 48
34 39 38 67 60
34 40 73 36 28
34 41 20 72 82
34 42 63 39 33
34 43 35 57 57
34 44 70 36 35
34 45 0 87 89
34 46 60 38 38
34 47 51 43 49
35 36 66 30 36
35 37 32 69 58
35 38 30 67 74
35 39 39 54 53
35 40 5 91 86
35 41 94 6 18
35 42 88 14 16
35 43 32 67 58
35 44 24 75 72
35 45 43 61 50
35 46 70 33 36
35 47 32 61 58
36 37 21 73 69
36 38 26 65 76
36 39 46 52 53
36 40 15 73 75
36 41 40 52 65
36 42 16 77 79
36 43 97 11 12
36 44 85 21 12
36 45 1 85 84
36 46 97 11 11
36 47 77 26 32
37 38 4 83 89
37 39 86 26 21
37 40 30 70 63
37 41 58 45 47
37 42 18 70 75
37 43 11 79 77
37 44 12 83 85
37 45 36 56 55
37 46 87 22 19
37 47 4 93 92
38 39 25 63 78
38 40 7 88 89
38 41 87 13 21
38 42 1 90 84
38 43 87 14 10
38 44 57 43 36
38 45 56 41 49
38 46 45 48 61
38 47 16 75 73
39 40 85 18 16
39 41 87 24 20
39 42 90 22 14
39 43 93 18 5
39 44 18 80 72
39 45 47 51 58
39 46 71 26 37
39 47 6 91 94
40 41 2 96 83
40 42 98 11 5
40 43 38 61 65
40 44 70 39 30
40 45 78 24 28
40 46 94 4 16
40 47 97 12 5
41 42 24 76 75
41 43 91 16 21
41 44 97 6 4
41 45 67 35 34
41 46 35 66 64
41 47 11 75 83
42 43 57 36 41
42 44 41 59 58
42 45 30 73 62
42 46 50 48 50
42 47 25 63 68
43 44 29 72 71
43 45 71 29 38
43 46 60 40 46
43 47 15 76 72
44 45 86 21 18
44 46 39 58 59
44 47 33 63 57
45 46 64 42 39
45 47 63 35 42
46 47 19 82 82
