50
0 1 11 54 91
0 2 13 63 47
0 3 66 65 31
0 4 58 27 66
0 5 91 28 40
0 6 52 72 49
0 7 46 58 46
0 8 15 56 49
0 9 25 51 59
0 10 83 29 15
0 11 97 28 31
0 12 54 29 35
0 13 74 22 37
0 14 83 38 46
0 15 93 14 46
0 16 66 29 23
0 17 20 59 84
0 18 42 61 45
0 19 81 40 11
0 20 27 58 74
0 21 63 42 23
0 22 75 12 19
0 23 71 26 57
0 24 28 75 73
0 25 89 20 9
0 26 32 61 82
0 27 62 34 37
0 28 15 70 50
0 29 82 37 53
0 30 88 27 35
0 31 62 58 30
0 32 42 29 34
0 33 89 9 50
0 34 8 76 57
0 35 90 19 38
0 36 17 90 55
0 37 15 47 43
0 38 30 67 76
0 39 8 49 81
0 40 65 21 47
0 41 38 49 76
0 42 59 65 38
0 43 19 60 53
0 44 17 82 80
0 45 33 40 46
0 46 15 79 85
0 47 68 27 45
0 48 38 52 57
0 49 41 73 45
1 2 23 78 56
1 3 17 45 75
1 4 32 64 60
1 5 94 16 37
1 6 60 67 45
1 7 99 15 44
1 8 73 24 16
1 9 84 30 43
1 10 46 63 31
1 11 54 40 50
1 12 71 14 31
1 13 1 86 84
1 14 26 51 49
1 15 29 60 51
1 16 46 61 38
1 17 17 61 77
1 18 29 61 39
1 19 38 67 37
1 20 86 10 55
1 21 35 73 33
1 22 98 45 45
1 23 34 64 57
1 24 76 31 39
1 25 2 83 75
1 26 12 74 53
1 27 18 70 83
1 28 16 80 62
1 29 35 74 36
1 30 70 23 34
1 31 77 47 25
1 32 51 68 56
1 33 39 70 73
1 34 33 71 40
1 35 69 39 17
1 36 88 23 55
1 37 51 72 36
1 38 33 78 53
1 39 9 72 67
1 40 83 54 9
1 41 57 41 57
1 42 6 85 70
1 43 53 57 27
1 44 87 24 9
1 45 45 61 39
1 46 46 38 32
1 47 49 29 63
1 48 29 60 62
1 49 5 96 51
2 3 77 51 11
2 4 49 30 51
2 5 28 49 76
2 6 21 50 63
2 7 3 91 77
2 8 84 46 19
2 9 39 34 39
2 10 83 29 23
2 11 21 46 83
2 12 35 55 80
2 13 9 77 94
2 14 46 50 39
2 15 58 48 56
2 16 73 61 60
2 17 30 40 78
2 18 53 64 54
2 19 58 50 31
2 20 14 74 59
2 21 74 18 32
2 22 17 77 77
2 23 33 44 47
2 24 29 40 53
2 25 5 47 62
2 26 54 29 32
2 27 5 81 81
2 28 57 69 44
2 29 39 67 43
2 30 92 25 32
2 31 42 37 53
2 32 5 62 53
2 33 98 33 9
2 34 67 56 65
2 35 71 31 62
2 36 82 30 55
2 37 30 43 80
2 38 67 60 21
2 39 53 63 58
2 40 25 70 58
2 41 30 55 79
2 42 9 46 80
2 43 80 14 21
2 44 62 29 48
2 45 34 50 38
2 46 68 33 43
2 47 44 69 28
2 48 48 61 74
2 49 84 20 15
3 4 2 93 91
3 5 1 58 96
3 6 42 56 78
3 7 21 72 83
3 8 27 72 81
3 9 41 55 59
3 10 72 26 25
3 11 20 53 85
3 12 35 77 32
3 13 79 39 20
3 14 92 4 30
3 15 78 20 54
3 16 82 50 31
3 17 20 80 74
3 18 46 67 39
3 19 63 47 47
3 20 75 50 39
3 21 61 21 52
3 22 66 20 32
3 23 94 50 22
3 24 30 53 52
3 25 72 47 48
3 26 51 51 58
3 27 21 86 87
3 28 22 39 67
3 29 35 39 42
3 30 92 44 42
3 31 93 25 8
3 32 49 61 71
3 33 82 47 10
3 34 43 34 54
3 35 89 31 29
3 36 66 26 24
3 37 14 82 54
3 38 35 65 65
3 39 18 69 73
3 40 9 63 56
3 41 29 67 69
3 42 31 37 67
3 43 57 60 54
3 44 7 73 63
3 45 42 30 46
3 46 24 51 49
3 47 99 31 21
3 48 61 39 57
3 49 49 64 44
4 5 90 11 43
4 6 3 76 98
4 7 42 70 35
4 8 18 53 69
4 9 66 60 55
4 10 28 44 70
4 11 85 19 13
4 12 5 76 58
4 13 16 85 79
4 14 46 61 63
4 15 54 34 60
4 16 9 49 58
4 17 21 57 59
4 18 1 93 49
4 19 35 71 61
4 20 6 66 85
4 21 65 47 34
4 22 68 18 41
4 23 36 72 68
4 24 78 29 56
4 25 22 59 65
4 26 35 41 64
4 27 19 57 75
4 28 58 62 60
4 29 70 31 28
4 30 78 37 52
4 31 90 44 28
4 32 65 65 67
4 33 24 57 84
4 34 60 20 29
4 35 56 57 39
4 36 87 20 13
4 37 7 47 94
4 38 3 83 88
4 39 39 57 74
4 40 99 3 38
4 41 47 63 40
4 42 82 35 52
4 43 76 51 61
4 44 56 38 64
4 45 92 52 4
4 46 69 35 15
4 47 68 28 16
4 48 91 10 35
4 49 49 36 62
5 6 53 42 32
5 7 98 0 5
5 8 95 6 32
5 9 80 41 9
5 10 22 63 69
5 11 25 87 47
5 12 48 44 55
5 13 90 6 13
5 14 73 31 63
5 15 48 70 33
5 16 80 58 11
5 17 15 56 88
5 18 1 78 83
5 19 36 59 59
5 20 73 14 23
5 21 95 50 33
5 22 62 38 34
5 23 17 55 45
5 24 29 72 37
5 25 83 35 36
5 26 20 60 48
5 27 74 41 59
5 28 41 43 75
5 29 81 20 24
5 30 42 53 54
5 31 92 50 45
5 32 2 66 64
5 33 98 38 10
5 34 39 31 50
5 35 80 59 12
5 36 40 65 37
5 37 46 62 41
5 38 8 55 56
5 39 0 62 87
5 40 13 65 87
5 41 29 50 66
5 42 29 61 63
5 43 74 49 51
5 44 86 8 48
5 45 48 49 50
5 46 58 22 40
5 47 67 43 34
5 48 33 34 61
5 49 7 63 78
6 7 87 45 8
6 8 22 73 56
6 9 39 64 41
6 10 58 58 47
6 11 76 48 27
6 12 57 59 55
6 13 81 53 47
6 14 67 61 19
6 15 9 89 89
6 16 27 41 79
6 17 84 50 26
6 18 11 67 50
6 19 40 41 75
6 20 7 82 48
6 21 31 49 70
6 22 14 54 70
6 23 26 45 60
6 24 93 51 9
6 25 70 44 25
6 26 0 85 79
6 27 35 62 36
6 28 67 45 61
6 29 28 74 71
6 30 63 29 21
6 31 29 53 72
6 32 85 12 55
6 33 0 57 65
6 34 50 56 47
6 35 4 86 49
6 36 0 95 54
6 37 69 42 31
6 38 58 66 42
6 39 75 17 52
6 40 14 79 83
6 41 56 32 48
6 42 48 57 67
6 43 9 56 45
6 44 90 9 33
6 45 95 13 4
6 46 15 45 73
6 47 48 68 43
6 48 75 47 58
6 49 10 91 61
7 8 84 30 25
7 9 25 82 53
7 10 71 44 54
7 11 47 71 48
7 12 9 87 45
7 13 53 51 55
7 14 44 73 30
7 15 11 56 84
7 16 84 46 27
7 17 14 60 50
7 18 41 38 67
7 19 61 48 44
7 20 41 48 36
7 21 12 81 62
7 22 10 91 83
7 23 7 69 53
7 24 76 17 58
7 25 29 72 41
7 26 47 74 48
7 27 64 54 31
7 28 72 62 61
7 29 47 33 51
7 30 44 33 35
7 31 63 25 19
7 32 45 72 44
7 33 91 32 33
7 34 59 34 63
7 35 35 47 43
7 36 39 76 37
7 37 53 53 25
7 38 15 54 69
7 39 77 33 42
7 40 30 50 59
7 41 7 70 67
7 42 58 62 46
7 43 38 34 60
7 44 75 14 19
7 45 99 40 47
7 46 85 22 28
7 47 42 59 72
7 48 40 39 42
7 49 63 53 41
8 9 62 23 31
8 10 53 60 31
8 11 39 53 60
8 12 22 51 81
8 13 25 44 38
8 14 19 54 41
8 15 48 45 31
8 16 66 34 17
8 17 95 3 18
8 18 17 52 48
8 19 25 47 42
8 20 55 54 27
8 21 23 63 43
8 22 80 19 28
8 23 58 65 47
8 24 14 75 58
8 25 2 65 49
8 26 10 73 65
8 27 91 13 28
8 28 39 51 76
8 29 39 32 58
8 30 99 3 26
8 31 23 63 39
8 32 96 23 26
8 33 29 76 36
8 34 68 23 32
8 35 56 69 36
8 36 2 54 53
8 37 78 39 18
8 38 10 78 91
8 39 36 78 45
8 40 81 52 21
8 41 6 90 86
8 42 15 69 45
8 43 86 7 19
8 44 65 48 33
8 45 10 91 60
8 46 32 60 50
8 47 57 36 43
8 48 98 27 16
8 49 95 27 50
9 10 52 47 34
9 11 39 32 34
9 12 29 76 77
9 13 93 7 22
9 14 91 11 19
9 15 4 64 95
9 16 24 49 72
9 17 9 63 94
9 18 9 84 86
9 19 22 77 38
9 20 80 26 10
9 21 71 15 55
9 22 85 38 18
9 23 62 49 55
9 24 20 45 47
9 25 45 60 51
9 26 34 82 49
9 27 95 48 37
9 28 49 33 52
9 29 24 76 56
9 30 4 78 61
9 31 90 40 21
9 32 45 56 58
9 33 48 34 43
9 34 5 71 57
9 35 16 42 78
9 36 20 69 49
9 37 61 21 29
9 38 25 66 38
9 39 43 44 59
9 40 65 39 64
9 41 71 60 24
9 42 32 68 51
9 43 99 40 21
9 44 19 81 50
9 45 61 56 21
9 46 74 38 29
9 47 88 25 24
9 48 77 39 22
9 49 42 37 52
10 11 83 38 18
10 12 81 44 32
10 13 29 42 37
10 14 3 85 96
10 15 75 37 40
10 16 56 39 55
10 17 35 42 42
10 18 17 83 48
10 19 80 53 29
10 20 65 32 23
10 21 34 38 37
10 22 90 32 33
10 23 43 47 56
10 24 82 47 14
10 25 22 47 42
10 26 87 41 50
10 27 14 84 43
10 28 45 29 52
10 29 5 57 71
10 30 71 44 23
10 31 98 49 36
10 32 81 33 54
10 33 81 23 40
10 34 40 52 42
10 35 8 82 87
10 36 49 69 34
10 37 41 56 62
10 38 52 70 59
10 39 68 59 62
10 40 1 54 53
10 41 29 64 81
10 42 83 28 57
10 43 82 50 44
10 44 1 90 74
10 45 3 63 90
10 46 24 58 85
10 47 1 72 71
10 48 91 38 13
10 49 35 40 35
11 12 7 78 94
11 13 30 72 46
11 14 17 74 90
11 15 23 55 77
11 16 40 69 63
11 17 23 56 67
11 18 15 72 50
11 19 12 59 57
11 20 91 19 33
11 21 34 43 37
11 22 12 68 89
11 23 36 32 35
11 24 13 47 61
11 25 45 52 50
11 26 47 29 51
11 27 2 85 94
11 28 29 37 70
11 29 72 29 30
11 30 23 59 59
11 31 43 37 44
11 32 71 41 59
11 33 10 69 74
11 34 85 10 37
11 35 31 81 63
11 36 25 62 86
11 37 18 77 73
11 38 79 28 32
11 39 6 90 86
11 40 91 41 12
11 41 70 36 19
11 42 30 41 52
11 43 70 43 31
11 44 45 73 73
11 45 97 47 5
11 46 45 71 42
11 47 42 40 47
11 48 33 61 54
11 49 40 38 30
12 13 97 49 44
12 14 77 49 23
12 15 35 54 56
12 16 52 32 51
12 17 93 4 17
12 18 13 62 68
12 19 19 65 50
12 20 75 47 24
12 21 90 44 47
12 22 60 51 29
12 23 38 79 62
12 24 42 71 46
12 25 74 36 13
12 26 64 21 23
12 27 35 67 32
12 28 12 55 89
12 29 13 67 64
12 30 30 43 64
12 31 92 30 15
12 32 2 72 56
12 33 84 48 37
12 34 62 61 24
12 35 54 62 37
12 36 73 14 61
12 37 13 86 61
12 38 26 39 59
12 39 56 38 56
12 40 49 69 50
12 41 55 39 38
12 42 71 33 32
12 43 16 80 41
12 44 83 28 21
12 45 30 76 72
12 46 6 63 79
12 47 34 59 71
12 48 41 44 53
12 49 65 22 24
13 14 78 14 54
13 15 33 56 35
13 16 56 47 69
13 17 34 49 79
13 18 82 39 45
13 19 26 69 64
13 20 0 70 53
13 21 92 32 23
13 22 5 79 83
13 23 16 49 45
13 24 56 64 33
13 25 17 76 69
13 26 52 24 39
13 27 82 47 48
13 28 75 34 34
13 29 55 34 63
13 30 37 80 71
13 31 49 67 68
13 32 80 29 31
13 33 57 28 32
13 34 28 75 38
13 35 65 39 47
13 36 75 61 52
13 37 60 66 48
13 38 57 60 68
13 39 67 29 29
13 40 3 82 74
13 41 28 61 71
13 42 21 39 42
13 43 57 44 48
13 44 19 60 84
13 45 3 76 93
13 46 62 55 40
13 47 53 38 64
13 48 80 14 10
13 49 65 22 61
14 15 88 49 48
14 16 54 50 32
14 17 93 24 35
14 18 25 76 49
14 19 25 69 56
14 20 24 48 51
14 21 35 48 32
14 22 4 71 63
14 23 65 58 55
14 24 97 37 43
14 25 95 23 48
14 26 36 71 44
14 27 99 14 15
14 28 41 55 39
14 29 42 70 76
14 30 19 41 80
14 31 63 54 64
14 32 29 52 62
14 33 81 43 39
14 34 76 51 32
14 35 15 59 75
14 36 21 74 81
14 37 2 66 88
14 38 12 86 53
14 39 77 25 23
14 40 64 47 60
14 41 34 82 51
14 42 34 64 56
14 43 93 7 33
14 44 42 77 72
14 45 57 46 47
14 46 52 71 71
14 47 65 49 24
14 48 54 33 66
14 49 61 57 20
15 16 73 45 38
15 17 6 48 79
15 18 95 51 19
15 19 89 39 25
15 20 8 75 84
15 21 93 21 46
15 22 22 79 86
15 23 63 38 26
15 24 49 42 40
15 25 61 20 58
15 26 15 75 85
15 27 87 55 12
15 28 71 62 61
15 29 82 21 20
15 30 17 65 90
15 31 44 44 54
15 32 93 31 5
15 33 87 26 23
15 34 91 46 6
15 35 56 25 63
15 36 37 60 73
15 37 15 48 61
15 38 84 52 50
15 39 68 62 59
15 40 14 60 83
15 41 20 71 54
15 42 93 11 49
15 43 34 75 38
15 44 95 32 3
15 45 91 49 36
15 46 54 46 65
15 47 65 39 44
15 48 52 62 24
15 49 39 49 39
16 17 99 9 5
16 18 56 52 24
16 19 49 30 69
16 20 49 29 53
16 21 93 53 36
16 22 95 48 3
16 23 49 50 41
16 24 80 22 36
16 25 36 81 55
16 26 76 29 42
16 27 39 46 80
16 28 65 20 29
16 29 82 16 36
16 30 5 53 89
16 31 82 38 34
16 32 26 78 66
16 33 90 47 21
16 34 69 56 50
16 35 14 58 62
16 36 47 72 41
16 37 53 40 26
16 38 35 45 44
16 39 65 53 37
16 40 75 39 52
16 41 50 74 40
16 42 20 70 79
16 43 64 25 50
16 44 55 55 56
16 45 83 26 34
16 46 49 47 39
16 47 71 63 64
16 48 34 66 33
16 49 94 42 32
17 18 90 42 24
17 19 85 54 24
17 20 93 18 22
17 21 81 42 22
17 22 33 67 40
17 23 36 33 50
17 24 12 79 70
17 25 61 41 59
17 26 45 45 40
17 27 50 55 60
17 28 68 54 62
17 29 27 48 70
17 30 76 31 12
17 31 30 71 66
17 32 9 52 88
17 33 20 55 46
17 34 81 11 29
17 35 78 51 57
17 36 97 31 32
17 37 19 64 88
17 38 32 37 55
17 39 58 21 28
17 40 69 19 44
17 41 0 95 58
17 42 69 22 60
17 43 95 19 46
17 44 24 49 53
17 45 62 59 27
17 46 35 47 35
17 47 56 53 27
17 48 93 37 52
17 49 13 70 52
18 19 85 55 51
18 20 30 71 74
18 21 10 47 57
18 22 78 51 46
18 23 43 40 37
18 24 50 56 40
18 25 88 32 51
18 26 83 53 31
18 27 41 45 77
18 28 83 58 29
18 29 44 48 34
18 30 79 51 33
18 31 0 62 93
18 32 31 37 54
18 33 91 44 8
18 34 52 72 34
18 35 10 82 46
18 36 20 54 67
18 37 47 50 73
18 38 80 54 45
18 39 99 1 4
18 40 80 58 18
18 41 52 33 51
18 42 54 44 48
18 43 24 85 72
18 44 79 52 54
18 45 11 78 73
18 46 18 73 81
18 47 93 15 11
18 48 59 23 46
18 49 94 40 34
19 20 89 39 24
19 21 14 47 48
19 22 99 41 45
19 23 28 72 80
19 24 11 90 66
19 25 91 31 48
19 26 34 47 35
19 27 64 27 51
19 28 35 56 75
19 29 83 9 34
19 30 72 49 28
19 31 52 57 71
19 32 12 63 51
19 33 8 57 87
19 34 89 33 30
19 35 84 24 33
19 36 36 68 60
19 37 86 16 9
19 38 52 70 26
19 39 52 46 36
19 40 73 25 16
19 41 51 65 61
19 42 69 41 15
19 43 16 73 72
19 44 18 51 64
19 45 43 32 68
19 46 31 44 61
19 47 46 32 47
19 48 28 51 36
19 49 31 34 52
20 21 19 79 85
20 22 63 33 60
20 23 1 50 89
20 24 3 49 68
20 25 9 45 58
20 26 93 4 36
20 27 22 67 41
20 28 95 28 50
20 29 76 18 60
20 30 33 59 72
20 31 19 82 85
20 32 13 53 67
20 33 92 25 25
20 34 0 60 65
20 35 51 67 35
20 36 68 33 61
20 37 87 25 32
20 38 2 78 53
20 39 20 62 50
20 40 20 49 54
20 41 94 33 41
20 42 77 33 37
20 43 95 2 13
20 44 4 67 52
20 45 1 66 93
20 46 90 32 31
20 47 51 39 52
20 48 93 39 12
20 49 53 34 43
21 22 9 79 50
21 23 19 60 76
21 24 96 44 49
21 25 83 42 24
21 26 48 28 56
21 27 49 44 25
21 28 42 40 41
21 29 30 38 46
21 30 27 37 47
21 31 88 34 29
21 32 51 55 31
21 33 45 47 28
21 34 19 62 42
21 35 61 20 30
21 36 45 52 33
21 37 57 32 32
21 38 63 51 27
21 39 1 60 74
21 40 49 53 54
21 41 3 78 56
21 42 73 28 17
21 43 14 64 66
21 44 70 32 45
21 45 92 15 22
21 46 54 31 33
21 47 81 14 50
21 48 49 51 38
21 49 89 50 49
22 23 84 29 51
22 24 33 38 45
22 25 2 85 75
22 26 2 92 86
22 27 39 48 49
22 28 72 31 28
22 29 6 68 84
22 30 87 17 41
22 31 6 51 81
22 32 87 9 40
22 33 38 73 43
22 34 93 7 50
22 35 22 57 52
22 36 75 61 58
22 37 37 70 33
22 38 92 40 45
22 39 81 16 54
22 40 18 61 82
22 41 5 48 87
22 42 41 74 63
22 43 69 21 16
22 44 65 41 66
22 45 68 36 29
22 46 96 48 42
22 47 53 69 60
22 48 45 66 59
22 49 95 25 21
23 24 3 83 85
23 25 36 46 59
23 26 81 51 19
23 27 31 78 41
23 28 29 44 83
23 29 93 6 15
23 30 12 90 66
23 31 36 77 46
23 32 95 4 20
23 33 49 37 46
23 34 20 84 53
23 35 71 45 20
23 36 77 15 29
23 37 91 25 48
23 38 58 36 55
23 39 61 35 37
23 40 52 69 52
23 41 28 83 76
23 42 67 31 16
23 43 64 67 38
23 44 78 14 57
23 45 23 42 41
23 46 11 65 58
23 47 31 47 40
23 48 10 67 59
23 49 5 52 48
24 25 96 18 2
24 26 23 81 47
24 27 58 64 41
24 28 19 55 72
24 29 16 62 73
24 30 56 36 37
24 31 34 53 53
24 32 15 72 67
24 33 84 37 38
24 34 34 65 46
24 35 58 39 41
24 36 48 61 68
24 37 79 34 12
24 38 19 44 65
24 39 86 19 53
24 40 71 55 42
24 41 12 70 59
24 42 19 47 83
24 43 40 78 65
24 44 87 17 30
24 45 55 40 63
24 46 12 67 88
24 47 21 73 70
24 48 74 40 39
24 49 82 46 26
25 26 93 51 37
25 27 95 51 25
25 28 64 22 46
25 29 59 46 40
25 30 29 44 64
25 31 70 40 64
25 32 31 75 43
25 33 3 56 83
25 34 74 57 28
25 35 91 21 25
25 36 46 73 35
25 37 2 95 74
25 38 86 36 16
25 39 84 52 47
25 40 22 57 42
25 41 61 44 66
25 42 14 71 79
25 43 77 42 37
25 44 28 71 59
25 45 2 88 52
25 46 16 63 68
25 47 97 1 49
25 48 87 23 28
25 49 75 33 47
26 27 20 88 84
26 28 96 29 14
26 29 97 39 23
26 30 59 41 43
26 31 5 76 83
26 32 30 66 63
26 33 68 30 47
26 34 21 87 60
26 35 41 32 44
26 36 98 37 22
26 37 54 62 61
26 38 5 56 60
26 39 76 33 21
26 40 40 49 73
26 41 36 58 74
26 42 45 58 44
26 43 36 69 51
26 44 2 68 81
26 45 69 32 55
26 46 93 27 42
26 47 77 28 18
26 48 2 97 68
26 49 26 44 76
27 28 89 44 18
27 29 91 50 12
27 30 49 72 42
27 31 44 73 49
27 32 56 37 48
27 33 60 27 31
27 34 28 68 69
27 35 77 32 35
27 36 79 30 18
27 37 52 72 70
27 38 7 88 81
27 39 76 32 27
27 40 72 24 23
27 41 91 39 17
27 42 45 67 65
27 43 26 78 75
27 44 53 59 67
27 45 87 51 19
27 46 19 69 86
27 47 81 17 15
27 48 12 53 77
27 49 15 81 62
28 29 10 82 83
28 30 23 76 75
28 31 98 18 26
28 32 14 49 62
28 33 49 27 66
28 34 29 44 58
28 35 83 43 20
28 36 95 3 11
28 37 46 29 35
28 38 91 13 47
28 39 87 47 25
28 40 29 47 83
28 41 58 23 43
28 42 42 37 64
28 43 28 82 76
28 44 54 61 65
28 45 25 83 83
28 46 11 45 72
28 47 91 51 24
28 48 0 71 59
28 49 53 36 45
29 30 9 64 74
29 31 93 34 7
29 32 11 69 82
29 33 14 86 88
29 34 94 29 46
29 35 69 57 39
29 36 80 59 57
29 37 16 46 85
29 38 61 61 29
29 39 21 49 84
29 40 43 31 29
29 41 59 58 35
29 42 56 30 48
29 43 54 46 44
29 44 79 18 49
29 45 27 52 77
29 46 17 79 86
29 47 51 48 72
29 48 38 56 60
29 49 10 93 92
30 31 7 48 81
30 32 47 48 28
30 33 73 44 40
30 34 5 54 94
30 35 65 55 30
30 36 70 40 16
30 37 95 48 15
30 38 25 49 66
30 39 39 50 64
30 40 24 58 81
30 41 5 67 79
30 42 66 40 64
30 43 96 42 39
30 44 8 50 60
30 45 97 13 11
30 46 85 25 23
30 47 2 98 89
30 48 26 39 76
30 49 82 40 31
31 32 76 40 34
31 33 56 48 29
31 34 68 42 16
31 35 45 53 46
31 36 68 43 40
31 37 71 32 17
31 38 35 46 65
31 39 52 26 45
31 40 59 44 38
31 41 99 18 39
31 42 48 44 58
31 43 26 43 54
31 44 61 45 54
31 45 35 69 53
31 46 60 56 57
31 47 73 54 55
31 48 22 53 61
31 49 71 28 46
32 33 71 34 36
32 34 56 30 37
32 35 80 39 27
32 36 68 64 41
32 37 64 55 41
32 38 61 23 49
32 39 8 77 57
32 40 37 71 77
32 41 96 39 29
32 42 82 31 38
32 43 13 50 56
32 44 79 40 42
32 45 44 51 76
32 46 56 66 49
32 47 64 18 49
32 48 5 69 91
32 49 26 57 38
33 34 64 37 52
33 35 50 47 48
33 36 4 76 64
33 37 26 73 46
33 38 73 22 49
33 39 37 74 53
33 40 67 63 39
33 41 30 69 35
33 42 41 56 47
33 43 39 36 56
33 44 34 65 46
33 45 75 50 14
33 46 63 46 42
33 47 17 77 72
33 48 38 72 42
33 49 94 36 9
34 35 38 63 80
34 36 74 45 61
34 37 21 61 75
34 38 14 74 66
34 39 51 49 59
34 40 54 55 68
34 41 2 95 98
34 42 82 44 42
34 43 37 49 39
34 44 70 44 44
34 45 22 67 45
34 46 59 66 61
34 47 68 64 34
34 48 93 36 40
34 49 70 61 45
35 36 53 69 64
35 37 6 67 76
35 38 87 55 49
35 39 65 58 19
35 40 90 22 6
35 41 76 53 59
35 42 88 45 9
35 43 26 41 60
35 44 98 48 25
35 45 62 32 38
35 46 37 37 66
35 47 67 32 40
35 48 30 55 35
35 49 4 92 58
36 37 82 11 14
36 38 92 38 43
36 39 59 25 55
36 40 21 84 73
36 41 86 17 51
36 42 53 24 25
36 43 54 29 26
36 44 50 45 31
36 45 79 23 56
36 46 89 8 20
36 47 21 71 79
36 48 6 53 56
36 49 62 24 44
37 38 59 35 64
37 39 12 62 72
37 40 7 94 76
37 41 32 38 35
37 42 41 60 71
37 43 88 24 27
37 44 28 85 60
37 45 74 23 47
37 46 71 16 14
37 47 12 64 54
37 48 10 76 58
37 49 95 22 49
38 39 33 55 62
38 40 11 93 70
38 41 36 59 58
38 42 9 71 62
38 43 62 60 61
38 44 12 93 67
38 45 86 46 56
38 46 73 39 57
38 47 7 66 62
38 48 23 81 50
38 49 5 50 52
39 40 61 28 40
39 41 67 61 30
39 42 81 21 50
39 43 28 79 63
39 44 8 80 46
39 45 91 7 14
39 46 65 52 41
39 47 58 57 50
39 48 88 34 28
39 49 84 33 36
40 41 13 89 80
40 42 81 43 28
40 43 94 10 12
40 44 69 26 49
40 45 77 21 25
40 46 68 43 49
40 47 27 62 70
40 48 52 27 33
40 49 8 47 65
41 42 55 43 31
41 43 49 66 29
41 44 9 86 58
41 45 0 66 89
41 46 72 52 27
41 47 13 61 58
41 48 48 29 70
41 49 46 34 56
42 43 52 24 59
42 44 46 29 56
42 45 51 68 47
42 46 22 81 70
42 47 11 91 84
42 48 66 23 27
42 49 91 10 28
43 44 17 61 62
43 45 38 72 39
43 46 75 57 59
43 47 7 93 57
43 48 49 26 74
43 49 51 70 48
44 45 87 22 18
44 46 51 52 64
44 47 76 60 47
44 48 85 57 47
44 49 52 54 37
45 46 22 49 56
45 47 57 28 46
45 48 26 72 77
45 49 2 88 91
46 47 99 15 10
46 48 98 45 25
46 49 24 62 49
47 48 31 71 66
47 49 48 31 32
48 49 39 76 78
