40
0 1 75 26
0 2 82 44
0 3 20 62
0 4 64 18
0 5 60 55
0 6 78 88
0 7 36 65
0 8 91 63
0 9 44 15
0 10 39 16
0 11 2 68
0 12 18 27
0 13 1 15
0 14 49 43
0 15 61 89
0 16 16 9
0 17 8 3
0 18 20 8
0 19 27 28
0 20 54 78
0 21 53 46
0 22 60 89
0 23 7 40
0 24 23 13
0 25 41 36
0 26 51 82
0 27 78 20
0 28 46 72
0 29 24 41
0 30 84 88
0 31 16 19
0 32 25 64
0 33 3 37
0 34 91 89
0 35 48 79
0 36 56 47
0 37 19 16
0 38 54 38
0 39 82 28
1 2 51 28
1 3 25 68
1 4 74 52
1 5 4 16
1 6 15 61
1 7 32 79
1 8 14 56
1 9 11 56
1 10 86 36
1 11 12 80
1 12 33 28
1 13 33 32
1 14 57 24
1 15 67 21
1 16 68 62
1 17 17 59
1 18 21 83
1 19 1 61
1 20 71 31
1 21 28 28
1 22 90 42
1 23 8 37
1 24 86 79
1 25 83 43
1 26 64 71
1 27 92 32
1 28 72 22
1 29 34 14
1 30 81 40
1 31 18 23
1 32 68 22
1 33 79 37
1 34 87 69
1 35 38 66
1 36 44 33
1 37 7 50
1 38 63 32
1 39 85 38
2 3 38 62
2 4 22 14
2 5 66 80
2 6 10 80
2 7 78 84
2 8 74 45
2 9 69 85
2 10 34 17
2 11 46 37
2 12 75 89
2 13 92 44
2 14 9 38
2 15 43 82
2 16 62 89
2 17 22 14
2 18 11 67
2 19 69 45
2 20 30 20
2 21 22 60
2 22 23 53
2 23 80 83
2 24 98 93
2 25 13 25
2 26 52 35
2 27 78 25
2 28 46 76
2 29 44 68
2 30 97 87
2 31 92 41
2 32 6 39
2 33 86 42
2 34 69 39
2 35 33 43
2 36 56 70
2 37 92 69
2 38 32 47
2 39 42 26
3 4 52 24
3 5 55 31
3 6 42 28
3 7 28 62
3 8 15 56
3 9 32 22
3 10 53 21
3 11 71 22
3 12 10 35
3 13 56 35
3 14 27 79
3 15 71 44
3 16 55 70
3 17 46 52
3 18 35 23
3 19 57 43
3 20 36 83
3 21 10 67
3 22 4 81
3 23 56 33
3 24 2 39
3 25 2 49
3 26 33 23
3 27 17 52
3 28 11 74
3 29 25 39
3 30 90 82
3 31 62 47
3 32 62 21
3 33 2 2
3 34 8 42
3 35 34 21
3 36 69 55
3 37 64 27
3 38 34 53
3 39 47 50
4 5 63 22
4 6 24 20
4 7 83 79
4 8 79 80
4 9 60 59
4 10 14 73
4 11 8 76
4 12 25 41
4 13 80 72
4 14 26 69
4 15 6 13
4 16 30 63
4 17 77 94
4 18 82 75
4 19 63 18
4 20 15 71
4 21 99 32
4 22 37 57
4 23 5 45
4 24 86 22
4 25 57 81
4 26 64 67
4 27 2 19
4 28 68 38
4 29 57 51
4 30 65 28
4 31 90 43
4 32 69 20
4 33 100 33
4 34 21 68
4 35 79 34
4 36 60 67
4 37 33 72
4 38 27 70
4 39 8 13
5 6 59 25
5 7 7 28
5 8 93 35
5 9 8 20
5 10 15 64
5 11 38 76
5 12 0 65
5 13 44 51
5 14 20 42
5 15 98 41
5 16 76 65
5 17 35 69
5 18 71 65
5 19 8 50
5 20 96 66
5 21 57 13
5 22 47 32
5 23 88 57
5 24 79 19
5 25 7 50
5 26 78 20
5 27 32 68
5 28 10 71
5 29 55 82
5 30 100 73
5 31 10 47
5 32 50 24
5 33 8 38
5 34 92 83
5 35 7 80
5 36 60 91
5 37 82 59
5 38 80 41
5 39 49 63
6 7 13 17
6 8 32 41
6 9 20 65
6 10 84 80
6 11 48 57
6 12 12 22
6 13 87 64
6 14 59 46
6 15 62 69
6 16 21 30
6 17 87 91
6 18 79 62
6 19 36 14
6 20 92 20
6 21 40 71
6 22 5 69
6 23 43 43
6 24 43 12
6 25 1 78
6 26 74 71
6 27 20 43
6 28 24 70
6 29 10 63
6 30 81 89
6 31 67 28
6 32 28 31
6 33 72 41
6 34 72 67
6 35 2 74
6 36 82 68
6 37 38 26
6 38 28 31
6 39 46 48
7 8 36 11
7 9 76 56
7 10 61 36
7 11 87 36
7 12 31 81
7 13 96 20
7 14 50 73
7 15 66 19
7 16 25 57
7 17 14 55
7 18 57 30
7 19 6 19
7 20 93 24
7 21 28 27
7 22 36 32
7 23 10 34
7 24 71 71
7 25 47 77
7 26 20 11
7 27 4 62
7 28 82 47
7 29 95 23
7 30 52 21
7 31 60 60
7 32 45 53
7 33 73 49
7 34 20 65
7 35 81 32
7 36 10 36
7 37 71 42
7 38 34 10
7 39 61 44
8 9 12 22
8 10 77 33
8 11 39 51
8 12 93 87
8 13 9 15
8 14 69 28
8 15 45 40
8 16 14 27
8 17 60 55
8 18 65 64
8 19 65 55
8 20 10 26
8 21 11 38
8 22 26 37
8 23 89 46
8 24 73 70
8 25 47 23
8 26 10 19
8 27 10 80
8 28 64 50
8 29 50 72
8 30 95 32
8 31 87 63
8 32 73 74
8 33 11 53
8 34 62 13
8 35 64 25
8 36 66 82
8 37 85 35
8 38 57 16
8 39 35 69
9 10 54 28
9 11 30 32
9 12 28 10
9 13 53 31
9 14 48 73
9 15 60 47
9 16 88 83
9 17 69 15
9 18 16 44
9 19 8 80
9 20 83 56
9 21 67 65
9 22 37 66
9 23 18 11
9 24 59 12
9 25 3 46
9 26 66 47
9 27 30 40
9 28 16 38
9 29 33 56
9 30 3 51
9 31 2 44
9 32 49 57
9 33 82 54
9 34 4 75
9 35 64 60
9 36 96 39
9 37 10 12
9 38 2 32
9 39 10 43
10 11 21 71
10 12 82 67
10 13 4 22
10 14 63 63
10 15 52 87
10 16 15 61
10 17 63 19
10 18 0 5
10 19 8 60
10 20 1 4
10 21 100 20
10 22 62 53
10 23 26 8
10 24 42 37
10 25 17 13
10 26 47 81
10 27 28 9
10 28 2 11
10 29 40 32
10 30 62 33
10 31 82 63
10 32 55 18
10 33 12 48
10 34 42 44
10 35 83 75
10 36 59 53
10 37 59 73
10 38 53 33
10 39 56 25
11 12 50 46
11 13 28 33
11 14 56 46
11 15 4 53
11 16 11 63
11 17 34 36
11 18 36 32
11 19 28 75
11 20 13 40
11 21 66 85
11 22 71 37
11 23 71 89
11 24 8 60
11 25 36 51
11 26 41 40
11 27 71 87
11 28 92 45
11 29 88 94
11 30 100 49
11 31 22 71
11 32 41 78
11 33 38 26
11 34 30 59
11 35 19 64
11 36 95 52
11 37 68 76
11 38 15 13
11 39 72 60
12 13 22 15
12 14 62 43
12 15 18 69
12 16 78 73
12 17 12 28
12 18 53 48
12 19 80 82
12 20 12 14
12 21 24 57
12 22 42 61
12 23 60 28
12 24 91 53
12 25 43 30
12 26 14 54
12 27 17 33
12 28 78 56
12 29 12 21
12 30 62 31
12 31 65 86
12 32 100 42
12 33 64 90
12 34 88 63
12 35 15 55
12 36 61 24
12 37 93 81
12 38 80 19
12 39 73 46
13 14 49 27
13 15 80 90
13 16 63 82
13 17 11 80
13 18 52 12
13 19 53 52
13 20 67 55
13 21 20 54
13 22 99 46
13 23 37 27
13 24 84 30
13 25 48 67
13 26 64 67
13 27 11 79
13 28 89 39
13 29 44 19
13 30 12 43
13 31 16 64
13 32 93 28
13 33 13 12
13 34 12 74
13 35 79 52
13 36 34 75
13 37 17 44
13 38 4 13
13 39 35 33
14 15 88 19
14 16 33 79
14 17 82 54
14 18 66 71
14 19 79 46
14 20 34 15
14 21 65 70
14 22 91 40
14 23 6 79
14 24 86 23
14 25 9 10
14 26 33 37
14 27 88 80
14 28 5 69
14 29 43 15
14 30 60 33
14 31 75 61
14 32 72 48
14 33 1 66
14 34 46 74
14 35 62 35
14 36 53 18
14 37 60 61
14 38 54 70
14 39 38 22
15 16 67 45
15 17 57 60
15 18 20 80
15 19 59 82
15 20 42 61
15 21 48 19
15 22 81 88
15 23 14 71
15 24 65 43
15 25 77 66
15 26 97 51
15 27 89 47
15 28 25 34
15 29 16 69
15 30 99 88
15 31 67 23
15 32 30 85
15 33 37 23
15 34 82 36
15 35 99 44
15 36 31 68
15 37 95 56
15 38 13 43
15 39 98 84
16 17 70 48
16 18 36 60
16 19 21 16
16 20 96 47
16 21 85 61
16 22 93 66
16 23 83 17
16 24 65 28
16 25 24 55
16 26 79 28
16 27 47 34
16 28 37 11
16 29 90 72
16 30 55 44
16 31 32 30
16 32 69 63
16 33 10 27
16 34 45 42
16 35 52 13
16 36 55 60
16 37 96 27
16 38 2 73
16 39 14 34
17 18 42 70
17 19 84 77
17 20 49 40
17 21 60 13
17 22 4 6
17 23 95 57
17 24 97 68
17 25 12 40
17 26 14 56
17 27 52 32
17 28 11 39
17 29 99 77
17 30 20 72
17 31 16 67
17 32 18 52
17 33 35 19
17 34 45 15
17 35 7 24
17 36 82 68
17 37 60 69
17 38 23 79
17 39 83 37
18 19 93 54
18 20 26 59
18 21 9 6
18 22 49 68
18 23 78 81
18 24 38 36
18 25 24 28
18 26 99 51
18 27 22 19
18 28 94 43
18 29 36 61
18 30 85 30
18 31 28 63
18 32 14 47
18 33 71 18
18 34 66 25
18 35 1 18
18 36 36 77
18 37 31 75
18 38 11 47
18 39 73 16
19 20 2 7
19 21 97 33
19 22 61 71
19 23 22 49
19 24 95 20
19 25 51 44
19 26 9 78
19 27 47 88
19 28 28 67
19 29 48 12
19 30 39 11
19 31 27 66
19 32 62 65
19 33 80 24
19 34 10 64
19 35 35 78
19 36 79 75
19 37 11 11
19 38 16 64
19 39 1 27
20 21 59 20
20 22 63 16
20 23 56 19
20 24 41 40
20 25 96 78
20 26 61 32
20 27 89 56
20 28 40 77
20 29 49 37
20 30 79 60
20 31 16 46
20 32 48 44
20 33 56 12
20 34 97 23
20 35 40 75
20 36 54 46
20 37 13 55
20 38 45 40
20 39 50 56
21 22 68 36
21 23 91 85
21 24 54 77
21 25 80 30
21 26 70 91
21 27 13 67
21 28 90 94
21 29 49 78
21 30 91 18
21 31 92 65
21 32 8 52
21 33 85 65
21 34 79 69
21 35 67 25
21 36 19 69
21 37 21 71
21 38 19 39
21 39 82 96
22 23 53 20
22 24 28 56
22 25 30 28
22 26 18 59
22 27 100 40
22 28 87 63
22 29 17 61
22 30 46 52
22 31 24 48
22 32 44 54
22 33 81 93
22 34 65 90
22 35 34 78
22 36 94 57
22 37 94 71
22 38 84 61
22 39 71 70
23 24 95 37
23 25 28 23
23 26 92 22
23 27 43 43
23 28 18 18
23 29 63 27
23 30 15 3
23 31 53 11
23 32 54 72
23 33 46 88
23 34 48 70
23 35 18 49
23 36 66 48
23 37 31 34
23 38 2 30
23 39 53 21
24 25 28 77
24 26 87 59
24 27 26 10
24 28 42 57
24 29 37 32
24 30 72 77
24 31 59 35
24 32 75 67
24 33 65 71
24 34 88 36
24 35 30 43
24 36 77 34
24 37 94 68
24 38 9 61
24 39 44 72
25 26 24 80
25 27 41 80
25 28 18 32
25 29 4 18
25 30 56 19
25 31 55 61
25 32 53 55
25 33 100 28
25 34 57 65
25 35 32 34
25 36 41 31
25 37 91 53
25 38 31 79
25 39 32 19
26 27 34 54
26 28 21 54
26 29 45 57
26 30 50 76
26 31 57 75
26 32 31 77
26 33 39 87
26 34 65 65
26 35 71 70
26 36 59 77
26 37 20 49
26 38 19 34
26 39 93 21
27 28 40 56
27 29 1 40
27 30 37 43
27 31 80 45
27 32 76 27
27 33 4 52
27 34 79 61
27 35 9 11
27 36 45 75
27 37 49 33
27 38 49 11
27 39 86 23
28 29 62 65
28 30 78 87
28 31 17 66
28 32 62 54
28 33 30 11
28 34 77 57
28 35 82 41
28 36 28 38
28 37 24 56
28 38 83 50
28 39 11 63
29 30 27 57
29 31 21 18
29 32 73 78
29 33 90 41
29 34 72 40
29 35 31 20
29 36 41 83
29 37 48 83
29 38 70 47
29 39 83 83
30 31 59 56
30 32 76 93
30 33 35 73
30 34 77 16
30 35 88 38
30 36 90 40
30 37 15 31
30 38 81 93
30 39 26 66
31 32 11 37
31 33 50 79
31 34 96 38
31 35 24 26
31 36 94 75
31 37 61 87
31 38 64 18
31 39 83 24
32 33 39 15
32 34 7 78
32 35 60 91
32 36 14 53
32 37 41 23
32 38 73 70
32 39 81 49
33 34 84 41
33 35 22 55
33 36 13 46
33 37 15 7
33 38 15 28
33 39 78 53
34 35 0 32
34 36 15 60
34 37 26 28
34 38 61 79
34 39 96 24
35 36 9 5
35 37 62 22
35 38 17 11
35 39 27 68
36 37 39 41
36 38 47 15
36 39 7 67
37 38 28 43
37 39 34 14
38 39 96 48
