0 1 41 67
0 10 23 4
1 2 84 79
1 11 65 21
2 3 36 72
2 12 93 74
3 4 52 48
3 13 3 4
4 5 95 65
4 14 81 73
5 6 7 41
5 15 55 79
6 7 55 31
6 16 13 24
7 8 93 92
7 17 55 22
8 9 95 29
8 18 1 67
9 19 93 91
10 11 7 21
10 20 50 26
11 12 51 13
11 21 22 48
12 13 71 17
12 22 16 47
13 14 0 30
13 23 70 89
14 15 45 25
14 24 14 51
15 16 96 86
15 25 46 41
16 17 6 52
16 26 98 96
17 18 8 69
17 27 0 24
18 19 11 68
18 28 35 11
19 29 25 40
20 21 82 67
20 30 4 61
21 22 71 43
21 31 91 36
22 23 19 45
22 32 12 51
23 24 81 80
23 33 21 82
24 25 87 55
24 34 75 78
25 26 86 47
25 35 14 79
26 27 67 54
26 36 94 50
27 28 48 35
27 37 51 74
28 29 75 89
28 38 34 55
29 39 31 8
30 31 35 83
30 40 94 86
31 32 19 65
31 41 10 37
32 33 12 66
32 42 32 57
33 34 69 51
33 43 30 73
34 35 16 22
34 44 38 38
35 36 32 18
35 45 22 43
36 37 93 38
36 46 48 23
37 38 59 21
37 47 18 29
38 39 45 30
38 48 51 63
39 49 20 22
40 41 72 56
40 50 94 96
41 42 63 83
41 51 66 85
42 43 16 80
42 52 82 63
43 44 59 21
43 53 94 60
44 45 41 23
44 54 74 40
45 46 27 65
45 55 34 9
46 47 28 21
46 56 5 32
47 48 85 44
47 57 78 94
48 49 96 92
48 58 72 48
49 59 76 15
50 51 39 48
50 60 75 86
51 52 24 64
51 61 18 77
52 53 79 21
52 62 0 41
53 54 31 44
53 63 29 71
54 55 13 35
54 64 29 39
55 56 28 79
55 65 30 13
56 57 9 47
56 66 58 81
57 58 43 31
57 67 28 83
58 59 31 55
58 68 36 27
59 69 0 59
60 61 19 34
60 70 34 31
61 62 19 32
61 71 2 57
62 63 16 13
62 72 92 93
63 64 33 86
63 73 27 28
64 65 50 44
64 74 0 40
65 66 49 43
65 75 73 30
66 67 11 29
66 76 40 54
67 68 83 79
67 77 58 34
68 69 45 71
68 78 45 49
69 79 87 90
70 71 3 14
70 80 4 67
71 72 20 42
71 81 79 79
72 73 12 35
72 82 28 82
73 74 86 81
73 83 28 21
74 75 84 21
74 84 85 30
75 76 68 72
75 85 33 16
76 77 99 28
76 86 2 76
77 78 61 34
77 87 78 23
78 79 71 23
78 88 30 53
79 89 91 56
80 81 80 24
80 90 47 26
81 82 95 43
81 91 70 70
82 83 48 40
82 92 39 55
83 84 83 40
83 93 65 32
84 85 42 12
84 94 60 47
85 86 65 44
85 95 44 88
86 87 2 43
86 96 41 40
87 88 83 69
87 97 7 39
88 89 26 21
88 98 67 20
89 99 19 59
90 91 8 7
91 92 20 39
92 93 41 82
93 94 40 70
94 95 48 88
95 96 67 18
96 97 98 53
97 98 3 52
98 99 62 55
