0 1 31 53
0 10 59 91
1 2 4 38
1 11 63 39
2 3 46 60
2 12 4 39
3 4 14 82
3 13 10 8
4 5 76 15
4 14 75 85
5 6 63 53
5 15 81 44
6 7 80 21
6 16 86 61
7 8 19 23
7 17 46 84
8 9 51 68
8 18 50 39
9 19 33 26
10 11 32 67
10 20 8 77
11 12 11 8
11 21 41 82
12 13 29 65
12 22 39 71
13 14 89 28
13 23 77 56
14 15 22 28
14 24 50 73
15 16 99 79
15 25 53 49
16 17 42 64
16 26 27 23
17 18 12 19
17 27 60 20
18 19 18 24
18 28 91 31
19 29 93 43
20 21 34 30
21 22 92 89
22 23 41 39
23 24 44 17
24 25 83 26
25 26 38 48
26 27 95 86
27 28 74 64
28 29 21 66
