0 1 18 58
0 10 91 76
1 2 91 48
1 11 22 11
2 3 37 50
2 12 1 33
3 4 34 40
3 13 41 27
4 5 50 45
4 14 45 33
5 6 25 56
5 15 24 25
6 7 45 26
6 16 32 55
7 8 31 54
7 17 58 39
8 9 90 78
8 18 96 63
9 19 67 56
10 11 87 63
10 20 45 61
11 12 22 55
11 21 69 83
12 13 53 43
12 22 11 32
13 14 65 78
13 23 26 14
14 15 60 66
14 24 97 85
15 16 6 4
15 25 28 56
16 17 84 50
16 26 63 54
17 18 58 75
17 27 90 93
18 19 96 58
18 28 79 60
19 29 71 78
20 21 15 10
21 22 62 80
22 23 56 40
23 24 23 43
24 25 89 87
25 26 98 91
26 27 83 46
27 28 76 48
28 29 35 27
