0 1 68 74
0 12 65 38
1 2 43 46
1 13 31 56
2 3 17 16
2 14 72 78
3 4 19 20
3 15 53 72
4 5 61 51
4 16 32 47
5 6 6 19
5 17 67 61
6 7 43 59
6 18 43 25
7 8 5 11
7 19 76 75
8 9 43 37
8 20 99 54
9 10 80 86
9 21 97 77
10 11 24 33
10 22 59 74
11 23 69 80
12 13 22 30
12 24 5 8
13 14 70 58
13 25 19 48
14 15 55 37
14 26 35 37
15 16 22 41
15 27 38 38
16 17 52 27
16 28 29 38
17 18 13 16
17 29 35 49
18 19 14 48
18 30 22 24
19 20 79 57
19 31 38 67
20 21 62 68
20 32 82 57
21 22 4 7
21 33 97 97
22 23 3 34
22 34 65 76
23 35 90 48
24 25 53 47
25 26 99 73
26 27 27 46
27 28 18 15
28 29 69 44
29 30 5 3
30 31 86 84
31 32 81 54
32 33 12 16
33 34 86 45
34 35 73 50
