0 1 26 50
0 19 61 78
1 2 1 48
1 20 6 12
2 3 37 48
2 21 10 6
3 4 26 18
3 22 44 69
4 5 78 71
4 23 89 64
5 6 39 44
5 24 90 55
6 7 82 43
6 25 73 67
7 8 34 47
7 26 52 37
8 9 47 25
8 27 25 49
9 10 17 9
9 28 47 34
10 11 67 49
10 29 70 80
11 12 28 45
11 30 17 52
12 13 39 28
12 31 59 70
13 14 16 55
13 32 9 15
14 15 58 52
14 33 56 64
15 16 10 24
15 34 46 71
16 17 26 27
16 35 51 67
17 18 27 45
17 36 92 62
18 37 56 29
19 20 46 27
20 21 5 49
21 22 13 40
22 23 59 68
23 24 82 55
24 25 74 76
25 26 15 56
26 27 82 49
27 28 7 4
28 29 44 35
29 30 41 44
30 31 24 42
31 32 10 6
32 33 47 68
33 34 1 27
34 35 43 62
35 36 1 7
36 37 94 70
