0 1 40 76
0 19 79 47
1 2 65 57
1 20 48 11
2 3 98 67
2 21 14 50
3 4 8 50
3 22 64 51
4 5 7 65
4 23 71 90
5 6 80 43
5 24 51 33
6 7 71 71
6 25 82 46
7 8 77 28
7 26 96 94
8 9 15 46
8 27 36 30
9 10 41 10
9 28 0 77
10 11 90 45
10 29 20 63
11 12 62 65
11 30 6 15
12 13 33 8
12 31 1 56
13 14 89 95
13 32 98 64
14 15 41 63
14 33 36 33
15 16 29 40
15 34 61 35
16 17 10 58
16 35 43 57
17 18 8 74
17 36 3 55
18 37 43 44
19 20 37 55
20 21 50 22
21 22 88 66
22 23 23 19
23 24 36 57
24 25 77 76
25 26 18 77
26 27 40 68
27 28 22 37
28 29 60 22
29 30 70 66
30 31 89 47
31 32 58 27
32 33 79 65
33 34 42 67
34 35 68 87
35 36 20 69
36 37 4 60
