0 1 19 18
0 10 39 46
1 2 96 88
1 11 40 36
2 3 48 47
2 12 94 83
3 4 4 10
3 13 16 18
4 5 71 67
4 14 68 73
5 6 37 36
5 15 9 14
6 7 90 78
6 16 4 11
7 8 80 73
7 17 95 85
8 9 47 44
8 18 54 59
9 19 95 89
10 11 9 16
10 20 6 15
11 12 51 57
11 21 74 72
12 13 47 46
12 22 57 52
13 14 85 87
13 23 25 26
14 15 65 56
14 24 41 43
15 16 60 58
15 25 73 72
16 17 0 13
16 26 79 75
17 18 8 11
17 27 27 35
18 19 84 84
18 28 74 73
19 29 2 13
20 21 84 83
20 30 92 79
21 22 95 87
21 31 30 26
22 23 7 11
22 32 18 25
23 24 65 55
23 33 30 30
24 25 8 15
24 34 46 43
25 26 99 90
25 35 62 56
26 27 45 41
26 36 54 48
27 28 41 37
27 37 80 80
28 29 18 29
28 38 14 27
29 39 54 47
30 31 62 65
31 32 4 8
32 33 21 33
33 34 75 67
34 35 39 44
35 36 13 16
36 37 77 69
37 38 38 38
38 39 24 31
