0 1 27 25
0 14 35 34
1 2 54 54
1 15 66 62
2 3 19 19
2 16 82 83
3 4 13 12
3 17 8 18
4 5 91 83
4 18 78 71
5 6 23 26
5 19 86 86
6 7 33 31
6 20 39 44
7 8 64 59
7 21 27 26
8 9 8 10
8 22 87 74
9 10 39 43
9 23 67 60
10 11 9 14
10 24 22 33
11 12 94 85
11 25 54 51
12 13 4 16
12 26 39 46
13 27 89 90
14 15 39 39
14 28 37 35
15 16 71 64
15 29 27 36
16 17 34 42
16 30 26 31
17 18 58 56
17 31 97 94
18 19 62 58
18 32 36 40
19 20 32 42
19 33 59 57
20 21 8 20
20 34 57 61
21 22 31 39
21 35 15 26
22 23 43 47
22 36 55 54
23 24 15 21
23 37 51 43
24 25 70 65
24 38 60 58
25 26 60 56
25 39 39 41
26 27 6 11
26 40 82 74
27 41 62 58
28 29 1 9
29 30 3 15
30 31 9 12
31 32 8 9
32 33 39 37
33 34 39 39
34 35 80 80
35 36 89 86
36 37 1 6
37 38 41 47
38 39 69 63
39 40 82 81
40 41 43 44
