0 1 34 41
0 11 31 35
1 2 62 57
1 12 91 83
2 3 89 87
2 13 20 25
3 4 70 63
3 14 99 87
4 5 59 55
4 15 36 44
5 6 57 50
5 16 10 11
6 7 23 31
6 17 70 64
7 8 93 84
7 18 53 52
8 9 62 61
8 19 13 17
9 10 76 68
9 20 15 13
10 21 0 2
11 12 79 68
11 22 48 43
12 13 93 84
12 23 31 26
13 14 68 71
13 24 75 69
14 15 80 69
14 25 92 92
15 16 34 39
15 26 26 27
16 17 2 6
16 27 94 81
17 18 64 69
17 28 4 18
18 19 4 14
18 29 83 73
19 20 13 25
19 30 92 85
20 21 80 77
20 31 13 22
21 32 48 44
22 23 95 81
22 33 79 78
23 24 71 69
23 34 63 56
24 25 9 22
24 35 72 62
25 26 66 58
25 36 66 65
26 27 89 78
26 37 34 35
27 28 81 82
27 38 80 82
28 29 23 28
28 39 43 41
29 30 8 11
29 40 94 82
30 31 81 83
30 41 61 53
31 32 70 60
31 42 33 32
32 43 55 62
33 34 29 34
34 35 20 27
35 36 32 35
36 37 71 73
37 38 19 21
38 39 90 81
39 40 76 74
40 41 58 64
41 42 49 48
42 43 95 96
