0 1 78 45
0 10 59 52
1 2 57 59
1 11 25 60
2 3 50 27
2 12 54 24
3 4 48 37
3 13 21 68
4 5 1 10
4 14 15 47
5 6 54 59
5 15 79 89
6 7 80 44
6 16 0 30
7 8 38 85
7 17 95 94
8 9 60 32
8 18 90 73
9 19 52 25
10 11 26 25
10 20 37 52
11 12 58 66
11 21 42 56
12 13 70 43
12 22 95 93
13 14 90 96
13 23 78 32
14 15 28 30
14 24 68 44
15 16 29 37
15 25 77 25
16 17 90 60
16 26 28 53
17 18 48 36
17 27 75 89
18 19 60 39
18 28 57 35
19 29 14 27
20 21 54 15
20 30 76 81
21 22 98 90
21 31 72 74
22 23 79 81
22 32 99 79
23 24 33 35
23 33 18 83
24 25 51 30
24 34 91 68
25 26 29 17
25 35 17 62
26 27 81 56
26 36 60 69
27 28 10 35
27 37 74 40
28 29 22 31
28 38 51 86
29 39 51 52
30 31 99 46
30 40 26 38
31 32 98 28
31 41 45 34
32 33 45 21
32 42 89 26
33 34 5 5
33 43 42 35
34 35 76 16
34 44 66 57
35 36 71 47
35 45 5 20
36 37 23 43
36 46 1 54
37 38 38 59
37 47 6 27
38 39 84 51
38 48 74 60
39 49 7 14
40 41 4 69
41 42 15 12
42 43 31 43
43 44 82 42
44 45 85 53
45 46 21 55
46 47 51 36
47 48 85 37
48 49 98 62
