0 1 85 30
0 26 5 67
1 2 15 38
1 27 50 64
2 3 69 75
2 28 91 96
3 4 55 50
3 29 61 43
4 5 19 78
4 30 72 75
5 6 37 82
5 31 2 8
6 7 70 28
6 32 81 31
7 8 17 4
7 33 70 91
8 9 65 74
8 34 66 53
9 10 88 31
9 35 74 23
10 11 27 76
10 36 15 11
11 12 95 19
11 37 58 78
12 13 20 46
12 38 16 57
13 14 9 33
13 39 62 79
14 15 64 66
14 40 29 74
15 16 8 61
15 41 85 46
16 17 65 83
16 42 63 55
17 18 30 24
17 43 36 17
18 19 71 77
18 44 92 55
19 20 60 33
19 45 94 35
20 21 66 13
20 46 15 64
21 22 42 46
21 47 19 50
22 23 27 63
22 48 82 19
23 24 56 32
23 49 14 16
24 25 22 25
24 50 68 29
25 51 27 77
26 27 27 10
27 28 82 33
28 29 88 20
29 30 4 63
30 31 49 73
31 32 42 35
32 33 89 96
33 34 55 42
34 35 3 57
35 36 63 41
36 37 44 60
37 38 31 75
38 39 88 72
39 40 81 45
40 41 38 7
41 42 97 47
42 43 29 16
43 44 26 60
44 45 48 20
45 46 91 44
46 47 19 33
47 48 48 88
48 49 21 67
49 50 58 43
50 51 85 71
