0 1 57 62
0 26 19 25
1 2 88 84
1 27 68 63
2 3 51 51
2 28 84 83
3 4 45 47
3 29 74 63
4 5 17 24
4 30 63 56
5 6 13 16
5 31 90 89
6 7 2 5
6 32 24 29
7 8 44 44
7 33 47 54
8 9 96 95
8 34 12 16
9 10 11 19
9 35 41 44
10 11 10 11
10 36 46 44
11 12 12 12
11 37 70 74
12 13 80 71
12 38 87 82
13 14 77 72
13 39 61 65
14 15 86 86
14 40 24 25
15 16 45 53
15 41 8 10
16 17 31 33
16 42 5 19
17 18 95 90
17 43 54 54
18 19 66 69
18 44 76 77
19 20 59 63
19 45 33 35
20 21 60 55
20 46 55 51
21 22 7 10
21 47 21 27
22 23 19 30
22 48 47 50
23 24 52 56
23 49 31 37
24 25 97 90
24 50 59 58
25 51 60 55
26 27 10 23
27 28 54 59
28 29 6 17
29 30 35 41
30 31 23 21
31 32 57 62
32 33 14 24
33 34 55 47
34 35 66 59
35 36 73 69
36 37 20 18
37 38 16 27
38 39 92 78
39 40 54 50
40 41 96 88
41 42 75 75
42 43 55 56
43 44 14 13
44 45 11 16
45 46 80 68
46 47 80 82
47 48 68 62
48 49 51 44
49 50 50 57
50 51 85 80
