0 1 71 84
0 26 37 66
1 2 51 28
1 27 59 53
2 3 10 16
2 28 37 61
3 4 74 60
3 29 42 43
4 5 92 69
4 30 91 49
5 6 99 77
5 31 94 83
6 7 84 69
6 32 75 64
7 8 77 39
7 33 30 24
8 9 0 47
8 34 8 31
9 10 17 27
9 35 23 12
10 11 8 39
10 36 18 28
11 12 64 43
11 37 72 49
12 13 80 53
12 38 79 86
13 14 42 47
13 39 31 56
14 15 41 43
14 40 63 70
15 16 59 31
15 41 98 81
16 17 19 22
16 42 73 50
17 18 20 39
17 43 69 65
18 19 58 47
18 44 62 65
19 20 23 53
19 45 34 37
20 21 87 88
20 46 81 80
21 22 11 31
21 47 62 60
22 23 8 32
22 48 27 16
23 24 49 51
23 49 74 48
24 25 11 42
24 50 77 63
25 51 95 76
26 27 75 55
27 28 33 26
28 29 34 25
29 30 51 74
30 31 64 34
31 32 53 62
32 33 58 39
33 34 14 31
34 35 60 74
35 36 62 65
36 37 78 44
37 38 6 19
38 39 68 46
39 40 36 62
40 41 31 48
41 42 22 27
42 43 67 61
43 44 29 14
44 45 30 56
45 46 5 34
46 47 41 62
47 48 21 26
48 49 56 63
49 50 8 4
50 51 86 73
