0 1 14 25
0 11 15 22
1 2 46 42
1 12 93 85
2 3 71 64
2 13 72 63
3 4 2 7
3 14 64 63
4 5 85 77
4 15 71 63
5 6 97 86
5 16 64 63
6 7 92 89
6 17 56 62
7 8 74 71
7 18 24 35
8 9 1 1
8 19 39 44
9 10 48 44
9 20 90 79
10 21 52 45
11 12 6 14
11 22 19 22
12 13 64 62
12 23 62 64
13 14 73 63
13 24 72 68
14 15 63 68
14 25 6 7
15 16 56 57
15 26 17 16
16 17 4 4
16 27 34 29
17 18 52 56
17 28 52 59
18 19 5 16
18 29 84 80
19 20 91 85
19 30 91 89
20 21 70 74
20 31 99 85
21 32 76 65
22 23 65 62
22 33 59 51
23 24 14 21
23 34 4 14
24 25 53 55
24 35 63 55
25 26 73 66
25 36 31 39
26 27 28 39
26 37 16 18
27 28 2 8
27 38 4 9
28 29 88 82
28 39 16 28
29 30 62 55
29 40 96 91
30 31 84 74
30 41 32 28
31 32 95 87
31 42 91 85
32 43 25 34
33 34 31 41
33 44 62 58
34 35 69 71
34 45 60 62
35 36 18 22
35 46 35 34
36 37 3 11
36 47 92 93
37 38 0 7
37 48 5 11
38 39 71 66
38 49 59 60
39 40 81 73
39 50 43 47
40 41 98 90
40 51 11 22
41 42 54 48
41 52 59 63
42 43 57 52
42 53 62 56
43 54 77 66
44 45 6 20
45 46 39 36
46 47 92 86
47 48 26 34
48 49 39 38
49 50 16 23
50 51 87 81
51 52 50 57
52 53 95 95
53 54 48 45
