0 1 44 29
0 10 75 72
1 2 77 46
1 11 85 80
2 3 72 72
2 12 52 36
3 4 50 31
3 13 17 45
4 5 51 75
4 14 20 53
5 6 57 36
5 15 25 26
6 7 64 38
6 16 31 49
7 8 81 71
7 17 27 39
8 9 88 62
8 18 63 36
9 19 8 48
10 11 7 49
10 20 78 54
11 12 47 31
11 21 93 53
12 13 67 42
12 22 1 18
13 14 24 25
13 23 25 34
14 15 51 75
14 24 31 49
15 16 7 6
15 25 92 72
16 17 29 28
16 26 96 85
17 18 68 80
17 27 32 40
18 19 61 43
18 28 6 7
19 29 18 14
20 21 15 11
20 30 48 74
21 22 39 67
21 31 43 39
22 23 87 83
22 32 36 58
23 24 22 20
23 33 25 16
24 25 74 71
24 34 57 43
25 26 36 62
25 35 22 40
26 27 20 22
26 36 10 34
27 28 39 63
27 37 99 75
28 29 59 38
28 38 20 57
29 39 7 33
30 31 45 64
30 40 87 61
31 32 63 67
31 41 82 89
32 33 34 19
32 42 51 69
33 34 27 15
33 43 32 50
34 35 98 72
34 44 87 56
35 36 5 15
35 45 72 82
36 37 2 38
36 46 45 54
37 38 40 50
37 47 31 53
38 39 6 7
38 48 1 7
39 49 38 24
40 41 44 23
40 50 94 87
41 42 44 44
41 51 31 35
42 43 78 69
42 52 7 40
43 44 26 30
43 53 77 73
44 45 58 33
44 54 29 33
45 46 9 43
45 55 7 50
46 47 66 34
46 56 76 61
47 48 98 89
47 57 17 19
48 49 65 36
48 58 96 68
49 59 37 57
50 51 20 42
51 52 45 35
52 53 99 59
53 54 88 64
54 55 84 65
55 56 90 51
56 57 51 38
57 58 8 16
58 59 92 79
