0 1 29 40
0 10 57 57
1 2 12 11
1 11 93 88
2 3 11 14
2 12 97 96
3 4 68 63
3 13 97 87
4 5 23 22
4 14 38 40
5 6 66 61
5 15 65 58
6 7 76 67
6 16 73 67
7 8 88 81
7 17 33 34
8 9 19 28
8 18 50 56
9 19 82 71
10 11 50 56
10 20 50 48
11 12 90 86
11 21 49 53
12 13 16 26
12 22 43 38
13 14 63 61
13 23 79 81
14 15 34 31
14 24 13 25
15 16 84 76
15 25 71 64
16 17 4 13
16 26 40 35
17 18 93 87
17 27 55 52
18 19 39 35
18 28 43 48
19 29 35 32
20 21 12 23
20 30 98 93
21 22 30 31
21 31 77 75
22 23 4 6
22 32 87 84
23 24 99 94
23 33 29 32
24 25 10 12
24 34 62 57
25 26 34 34
25 35 10 17
26 27 39 36
26 36 73 71
27 28 1 7
27 37 73 70
28 29 6 16
28 38 43 42
29 39 49 54
30 31 3 8
30 40 38 40
31 32 70 61
31 41 81 70
32 33 44 50
32 42 62 56
33 34 76 70
33 43 80 75
34 35 28 32
34 44 62 62
35 36 25 28
35 45 51 50
36 37 54 51
36 46 32 42
37 38 16 19
37 47 83 83
38 39 38 46
38 48 68 58
39 49 74 66
40 41 83 83
40 50 7 8
41 42 9 17
41 51 21 22
42 43 56 59
42 52 52 52
43 44 84 78
43 53 52 52
44 45 30 38
44 54 25 24
45 46 79 73
45 55 44 45
46 47 21 22
46 56 50 47
47 48 1 13
47 57 56 48
48 49 59 56
48 58 72 62
49 59 73 68
50 51 41 44
51 52 6 13
52 53 30 33
53 54 38 40
54 55 82 80
55 56 17 20
56 57 75 76
57 58 74 76
58 59 96 93
