0 1 15 11
0 21 89 70
1 2 98 70
1 22 2 8
2 3 51 67
2 23 43 44
3 4 37 62
3 24 77 48
4 5 95 74
4 25 57 63
5 6 27 41
5 26 5 50
6 7 38 51
6 27 65 61
7 8 46 41
7 28 89 44
8 9 1 75
8 29 38 15
9 10 56 23
9 30 94 76
10 11 24 30
10 31 35 53
11 12 59 89
11 32 69 24
12 13 90 60
12 33 9 9
13 14 42 11
13 34 29 12
14 15 10 69
14 35 81 60
15 16 26 13
15 36 61 30
16 17 76 82
16 37 70 73
17 18 43 78
17 38 49 85
18 19 29 44
18 39 23 20
19 20 5 12
19 40 73 85
20 41 83 53
21 22 63 22
21 42 18 43
22 23 87 19
22 43 36 79
23 24 9 11
23 44 98 65
24 25 3 8
24 45 63 76
25 26 34 53
25 46 12 43
26 27 21 24
26 47 97 88
27 28 97 32
27 48 93 60
28 29 74 18
28 49 51 47
29 30 65 34
29 50 46 86
30 31 5 45
30 51 23 39
31 32 25 77
31 52 74 81
32 33 47 65
32 53 14 23
33 34 18 70
33 54 9 8
34 35 16 41
34 55 63 17
35 36 54 53
35 56 65 67
36 37 79 91
36 57 60 36
37 38 25 79
37 58 64 41
38 39 12 59
38 59 79 51
39 40 63 70
39 60 67 63
40 41 55 46
40 61 60 60
41 62 96 81
42 43 85 83
43 44 24 35
44 45 11 80
45 46 39 82
46 47 82 91
47 48 93 57
48 49 38 14
49 50 62 45
50 51 73 47
51 52 93 97
52 53 48 34
53 54 13 40
54 55 35 61
55 56 30 14
56 57 16 44
57 58 3 76
58 59 6 59
59 60 88 35
60 61 6 51
61 62 23 7
