0 1 73 69
0 10 9 30
1 2 59 46
1 11 36 32
2 3 52 72
2 12 52 70
3 4 30 42
3 13 80 74
4 5 24 13
4 14 52 27
5 6 92 80
5 15 23 57
6 7 26 22
6 16 59 46
7 8 1 5
7 17 85 87
8 9 61 78
8 18 70 69
9 19 8 27
10 11 4 45
10 20 97 77
11 12 33 26
11 21 16 15
12 13 80 69
12 22 14 28
13 14 96 57
13 23 74 50
14 15 67 57
14 24 6 5
15 16 13 23
15 25 86 52
16 17 99 70
16 26 61 31
17 18 32 50
17 27 48 69
18 19 62 58
18 28 26 62
19 29 71 74
20 21 77 57
20 30 69 84
21 22 0 42
21 31 62 38
22 23 79 41
22 32 77 40
23 24 16 30
23 33 97 79
24 25 5 29
24 34 3 11
25 26 60 49
25 35 85 44
26 27 82 79
26 36 50 47
27 28 23 28
27 37 16 12
28 29 10 9
28 38 20 46
29 39 42 37
30 31 50 73
30 40 11 38
31 32 32 50
31 41 26 49
32 33 79 68
32 42 91 87
33 34 22 12
33 43 5 18
34 35 89 89
34 44 35 49
35 36 69 79
35 45 63 79
36 37 94 93
36 46 32 57
37 38 77 87
37 47 93 83
38 39 59 58
38 48 52 26
39 49 90 70
40 41 69 48
40 50 96 82
41 42 73 50
41 51 62 35
42 43 47 37
42 52 11 53
43 44 5 21
43 53 52 71
44 45 69 71
44 54 67 33
45 46 67 36
45 55 12 19
46 47 50 67
46 56 94 51
47 48 76 72
47 57 22 51
48 49 12 10
48 58 37 59
49 59 20 11
50 51 67 54
50 60 66 60
51 52 55 28
51 61 2 40
52 53 71 81
52 62 56 39
53 54 91 60
53 63 52 44
54 55 34 59
54 64 95 52
55 56 88 54
55 65 4 28
56 57 12 15
56 66 7 47
57 58 65 77
57 67 47 63
58 59 2 10
58 68 41 25
59 69 69 68
60 61 38 41
61 62 18 47
62 63 77 78
63 64 82 72
64 65 46 25
65 66 20 42
66 67 99 80
67 68 59 52
68 69 23 47
