0 1 3 73
0 11 70 28
1 2 90 72
1 12 79 46
2 3 4 53
2 13 33 23
3 4 78 94
3 14 34 16
4 5 41 46
4 15 52 49
5 6 3 19
5 16 86 50
6 7 50 69
6 17 86 48
7 8 9 61
7 18 41 62
8 9 0 54
8 19 97 93
9 10 72 36
9 20 76 79
10 21 78 87
11 12 31 18
11 22 48 30
12 13 96 62
12 23 19 73
13 14 67 25
13 24 3 21
14 15 39 24
14 25 23 40
15 16 67 59
15 26 28 36
16 17 7 34
16 27 77 30
17 18 26 81
17 28 35 34
18 19 8 35
18 29 79 17
19 20 25 15
19 30 83 46
20 21 93 37
20 31 8 17
21 32 31 85
22 23 48 15
22 33 9 69
23 24 1 68
23 34 33 63
24 25 47 43
24 35 44 37
25 26 19 69
25 36 45 22
26 27 0 79
26 37 61 67
27 28 59 74
27 38 45 9
28 29 14 73
28 39 85 31
29 30 27 56
29 40 42 56
30 31 70 16
30 41 34 21
31 32 1 23
31 42 1 60
32 43 40 45
33 34 96 29
33 44 95 75
34 35 73 37
34 45 36 9
35 36 65 17
35 46 85 56
36 37 79 31
36 47 43 56
37 38 85 73
37 48 35 38
38 39 42 67
38 49 16 78
39 40 58 56
39 50 1 66
40 41 95 83
40 51 83 45
41 42 84 68
41 52 45 36
42 43 65 66
42 53 6 10
43 54 26 52
44 45 73 32
44 55 60 78
45 46 73 49
45 56 39 57
46 47 1 31
46 57 30 6
47 48 58 44
47 58 88 67
48 49 22 70
48 59 0 59
49 50 19 63
49 60 75 52
50 51 41 21
50 61 53 41
51 52 77 80
51 62 98 25
52 53 96 37
52 63 15 6
53 54 40 60
53 64 6 41
54 65 55 67
55 56 4 23
55 66 11 50
56 57 78 70
56 67 1 61
57 58 63 52
57 68 49 46
58 59 5 40
58 69 96 51
59 60 28 61
59 70 28 76
60 61 71 90
60 71 15 61
61 62 35 25
61 72 71 37
62 63 25 56
62 73 27 49
63 64 34 50
63 74 37 66
64 65 58 14
64 75 96 96
65 76 74 16
66 67 65 47
67 68 11 38
68 69 66 50
69 70 7 14
70 71 34 77
71 72 44 11
72 73 53 48
73 74 99 78
74 75 91 52
75 76 83 78
