0 1 74 64
0 11 83 79
1 2 62 57
1 12 96 89
2 3 34 30
2 13 25 29
3 4 66 65
3 14 45 42
4 5 86 77
4 15 40 47
5 6 75 68
5 16 69 58
6 7 77 70
6 17 23 32
7 8 29 25
7 18 9 17
8 9 20 25
8 19 31 27
9 10 80 83
9 20 25 23
10 21 90 87
11 12 37 45
11 22 35 44
12 13 72 76
12 23 36 36
13 14 36 44
13 24 59 59
14 15 63 55
14 25 56 59
15 16 55 51
15 26 37 41
16 17 78 79
16 27 60 52
17 18 48 52
17 28 38 38
18 19 63 61
18 29 50 50
19 20 64 58
19 30 51 55
20 21 97 91
20 31 45 42
21 32 68 67
22 23 38 38
22 33 30 33
23 24 69 64
23 34 85 85
24 25 86 74
24 35 94 93
25 26 41 42
25 36 6 6
26 27 16 22
26 37 60 57
27 28 77 66
27 38 1 9
28 29 5 8
28 39 27 25
29 30 3 13
29 40 92 80
30 31 58 52
30 41 59 54
31 32 49 54
31 42 67 60
32 43 90 91
33 34 80 71
33 44 85 86
34 35 44 45
34 45 20 24
35 36 65 62
35 46 40 38
36 37 99 99
36 47 38 36
37 38 3 17
37 48 63 54
38 39 55 47
38 49 10 8
39 40 97 93
39 50 3 15
40 41 12 18
40 51 21 18
41 42 71 64
41 52 67 61
42 43 27 31
42 53 11 12
43 54 97 83
44 45 86 82
44 55 83 72
45 46 17 27
45 56 90 82
46 47 95 90
46 57 90 85
47 48 33 33
47 58 75 77
48 49 83 84
48 59 47 45
49 50 46 40
49 60 68 61
50 51 55 53
50 61 29 40
51 52 55 62
51 62 74 65
52 53 86 80
52 63 28 26
53 54 6 9
53 64 83 80
54 65 13 11
55 56 7 10
55 66 63 61
56 57 84 75
56 67 84 78
57 58 83 81
57 68 53 53
58 59 61 54
58 69 36 31
59 60 89 77
59 70 19 24
60 61 10 16
60 71 48 52
61 62 49 46
61 72 4 5
62 63 8 20
62 73 52 57
63 64 69 66
63 74 35 40
64 65 34 33
64 75 14 25
65 76 20 23
66 67 21 24
67 68 73 77
68 69 5 16
69 70 73 68
70 71 52 54
71 72 29 39
72 73 32 42
73 74 67 58
74 75 19 16
75 76 98 90
