0 1 82 87
0 10 29 21
1 2 70 50
1 11 71 62
2 3 4 46
2 12 12 41
3 4 74 53
3 13 36 27
4 5 55 67
4 14 99 77
5 6 60 51
5 15 44 35
6 7 19 40
6 16 57 67
7 8 62 70
7 17 39 36
8 9 80 81
8 18 13 28
9 19 74 59
10 11 33 35
10 20 42 42
11 12 58 64
11 21 5 36
12 13 30 40
12 22 85 49
13 14 41 32
13 23 75 66
14 15 39 46
14 24 52 36
15 16 64 55
15 25 88 73
16 17 5 45
16 26 46 59
17 18 80 85
17 27 81 84
18 19 53 53
18 28 7 35
19 29 20 21
20 21 27 53
20 30 85 43
21 22 92 90
21 31 9 33
22 23 81 51
22 32 28 48
23 24 8 5
23 33 82 42
24 25 92 52
24 34 17 56
25 26 72 45
25 35 30 64
26 27 26 43
26 36 2 38
27 28 16 39
27 37 75 82
28 29 9 33
28 38 4 25
29 39 2 27
30 31 77 58
30 40 70 42
31 32 32 41
31 41 29 32
32 33 48 64
32 42 96 54
33 34 19 39
33 43 97 55
34 35 13 33
34 44 19 44
35 36 23 15
35 45 46 47
36 37 16 20
36 46 19 41
37 38 46 49
37 47 6 52
38 39 82 48
38 48 2 14
39 49 76 54
40 41 85 73
40 50 23 58
41 42 7 34
41 51 9 7
42 43 59 33
42 52 85 59
43 44 89 51
43 53 88 78
44 45 57 30
44 54 7 12
45 46 42 32
45 55 64 39
46 47 51 42
46 56 73 64
47 48 63 55
47 57 51 37
48 49 83 67
48 58 57 45
49 59 93 88
50 51 86 88
50 60 51 31
51 52 7 53
51 61 77 57
52 53 9 13
52 62 18 49
53 54 26 49
53 63 76 59
54 55 77 44
54 64 11 55
55 56 80 71
55 65 60 31
56 57 38 37
56 66 37 46
57 58 64 74
57 67 29 62
58 59 91 54
58 68 35 48
59 69 53 42
60 61 32 52
60 70 30 29
61 62 54 30
61 71 48 59
62 63 75 80
62 72 87 71
63 64 58 36
63 73 50 64
64 65 17 29
64 74 40 59
65 66 79 62
65 75 25 27
66 67 66 66
66 76 53 36
67 68 94 79
67 77 66 73
68 69 77 57
68 78 48 69
69 79 4 10
70 71 22 33
71 72 79 86
72 73 88 92
73 74 27 52
74 75 59 39
75 76 21 24
76 77 52 55
77 78 15 20
78 79 41 53
