0 1 25 33
0 41 7 18
1 2 64 67
1 42 4 10
2 3 14 17
2 43 95 92
3 4 50 49
3 44 56 60
4 5 95 86
4 45 25 35
5 6 55 50
5 46 10 15
6 7 72 64
6 47 32 32
7 8 51 46
7 48 74 75
8 9 20 20
8 49 31 32
9 10 89 88
9 50 30 38
10 11 13 25
10 51 68 64
11 12 77 72
11 52 31 33
12 13 68 67
12 53 26 32
13 14 84 86
13 54 35 38
14 15 65 62
14 55 35 33
15 16 0 4
15 56 87 78
16 17 2 11
16 57 11 15
17 18 18 30
17 58 38 42
18 19 66 58
18 59 53 48
19 20 56 58
19 60 71 71
20 21 23 32
20 61 69 62
21 22 17 23
21 62 40 43
22 23 72 74
22 63 62 55
23 24 86 77
23 64 65 58
24 25 29 35
24 65 68 70
25 26 13 14
25 66 78 79
26 27 30 28
26 67 48 55
27 28 62 63
27 68 42 43
28 29 15 17
28 69 64 65
29 30 26 36
29 70 67 65
30 31 21 21
30 71 89 89
31 32 59 57
31 72 35 43
32 33 27 28
32 73 55 57
33 34 57 58
33 74 0 0
34 35 38 46
34 75 27 34
35 36 40 40
35 76 98 96
36 37 73 66
36 77 81 82
37 38 63 55
37 78 91 86
38 39 29 27
38 79 62 66
39 40 56 57
39 80 41 40
40 81 86 85
41 42 3 4
42 43 73 75
43 44 26 36
44 45 9 13
45 46 87 79
46 47 1 2
47 48 68 68
48 49 51 53
49 50 77 69
50 51 13 17
51 52 81 70
52 53 69 67
53 54 38 37
54 55 23 26
55 56 51 45
56 57 78 68
57 58 60 62
58 59 99 87
59 60 32 36
60 61 87 87
61 62 5 13
62 63 85 76
63 64 99 99
64 65 29 36
65 66 38 40
66 67 19 19
67 68 99 86
68 69 42 40
69 70 3 4
70 71 26 26
71 72 95 82
72 73 16 13
73 74 61 55
74 75 56 57
75 76 12 15
76 77 17 25
77 78 70 68
78 79 42 48
79 80 82 82
80 81 68 69
