0 1 97 69
0 43 72 59
1 2 87 86
1 44 22 49
2 3 95 91
2 45 39 69
3 4 91 89
3 46 19 55
4 5 44 55
4 47 67 83
5 6 81 78
5 48 97 50
6 7 4 39
6 49 76 42
7 8 28 35
7 50 1 39
8 9 1 5
8 51 78 77
9 10 61 33
9 52 96 58
10 11 95 78
10 53 47 64
11 12 42 67
11 54 92 62
12 13 76 82
12 55 94 87
13 14 49 58
13 56 31 33
14 15 85 84
14 57 76 45
15 16 35 27
15 58 59 43
16 17 20 43
16 59 6 27
17 18 39 68
17 60 17 56
18 19 77 41
18 61 12 14
19 20 40 43
19 62 6 38
20 21 78 81
20 63 37 55
21 22 82 48
21 64 16 53
22 23 17 15
22 65 13 17
23 24 6 50
23 66 96 87
24 25 63 58
24 67 68 51
25 26 8 53
25 68 78 59
26 27 26 53
26 69 94 70
27 28 76 86
27 70 47 48
28 29 2 5
28 71 92 51
29 30 47 45
29 72 53 38
30 31 87 87
30 73 83 58
31 32 0 43
31 74 60 48
32 33 67 83
32 75 62 35
33 34 62 37
33 76 45 64
34 35 24 32
34 77 37 34
35 36 92 54
35 78 66 77
36 37 98 77
36 79 69 49
37 38 95 60
37 80 93 96
38 39 77 77
38 81 53 50
39 40 18 34
39 82 35 55
40 41 74 40
40 83 43 44
41 42 20 27
41 84 32 44
42 85 73 77
43 44 20 16
44 45 20 47
45 46 75 81
46 47 79 69
47 48 80 65
48 49 30 59
49 50 18 29
50 51 27 53
51 52 57 35
52 53 69 40
53 54 31 59
54 55 6 41
55 56 57 74
56 57 30 47
57 58 48 53
58 59 50 31
59 60 27 20
60 61 47 73
61 62 8 16
62 63 79 45
63 64 56 46
64 65 32 64
65 66 84 76
66 67 66 43
67 68 97 89
68 69 12 55
69 70 85 54
70 71 60 63
71 72 58 72
72 73 9 9
73 74 88 63
74 75 14 48
75 76 8 11
76 77 45 49
77 78 6 5
78 79 71 66
79 80 70 38
80 81 23 12
81 82 57 57
82 83 29 36
83 84 9 12
84 85 30 54
