0 1 83 70
0 43 3 12
1 2 73 70
1 44 80 81
2 3 35 35
2 45 84 85
3 4 9 13
3 46 49 44
4 5 66 63
4 47 36 40
5 6 41 41
5 48 37 43
6 7 66 60
6 49 68 63
7 8 36 37
7 50 57 57
8 9 32 39
8 51 65 67
9 10 35 31
9 52 40 36
10 11 68 64
10 53 91 79
11 12 50 48
11 54 92 88
12 13 20 31
12 55 35 39
13 14 55 60
13 56 17 27
14 15 70 69
14 57 58 55
15 16 21 30
15 58 42 40
16 17 25 35
16 59 44 38
17 18 80 79
17 60 68 61
18 19 92 79
18 61 63 54
19 20 29 29
19 62 57 57
20 21 83 73
20 63 48 48
21 22 91 92
21 64 77 67
22 23 76 66
22 65 23 25
23 24 76 71
23 66 68 67
24 25 64 61
24 67 0 4
25 26 18 21
25 68 84 77
26 27 91 80
26 69 88 85
27 28 69 59
27 70 53 53
28 29 76 74
28 71 93 87
29 30 23 25
29 72 36 31
30 31 91 81
30 73 9 12
31 32 33 39
31 74 89 82
32 33 20 29
32 75 9 13
33 34 22 31
33 76 53 59
34 35 66 68
34 77 90 81
35 36 83 81
35 78 27 29
36 37 72 62
36 79 10 20
37 38 17 29
37 80 71 62
38 39 94 90
38 81 64 68
39 40 48 44
39 82 10 22
40 41 52 46
40 83 92 92
41 42 13 21
41 84 7 7
42 85 63 58
43 44 50 50
44 45 21 18
45 46 53 55
46 47 38 36
47 48 1 4
48 49 76 70
49 50 57 60
50 51 53 55
51 52 96 87
52 53 78 70
53 54 18 24
54 55 25 29
55 56 22 22
56 57 63 58
57 58 14 16
58 59 67 64
59 60 4 7
60 61 54 52
61 62 88 76
62 63 17 21
63 64 59 65
64 65 86 73
65 66 91 81
66 67 41 38
67 68 83 81
68 69 28 33
69 70 29 36
70 71 79 77
71 72 91 83
72 73 71 62
73 74 82 74
74 75 76 68
75 76 74 64
76 77 28 26
77 78 78 68
78 79 23 30
79 80 42 42
80 81 92 89
81 82 26 24
82 83 40 42
83 84 14 12
84 85 65 69
