0 1 69 64
0 10 86 57
1 2 59 65
1 11 39 14
2 3 25 73
2 12 30 45
3 4 29 29
3 13 80 52
4 5 89 88
4 14 6 65
5 6 4 80
5 15 30 77
6 7 32 82
6 16 65 21
7 8 49 58
7 17 20 62
8 9 23 42
8 18 64 45
9 19 72 75
10 11 49 35
10 20 11 79
11 12 9 55
11 21 86 43
12 13 78 86
12 22 56 68
13 14 78 39
13 23 24 17
14 15 29 76
14 24 47 19
15 16 98 90
15 25 35 81
16 17 28 35
16 26 62 13
17 18 97 45
17 27 74 63
18 19 17 54
18 28 58 28
19 29 27 66
20 21 3 49
20 30 77 39
21 22 55 24
21 31 42 50
22 23 69 66
22 32 67 39
23 24 2 78
23 33 24 58
24 25 53 89
24 34 12 6
25 26 65 64
25 35 87 84
26 27 26 28
26 36 93 41
27 28 99 63
27 37 30 18
28 29 65 55
28 38 59 27
29 39 93 29
30 31 90 62
30 40 79 33
31 32 8 72
31 41 76 34
32 33 17 72
32 42 60 76
33 34 68 60
33 43 38 17
34 35 45 25
34 44 5 79
35 36 78 38
35 45 90 35
36 37 46 25
36 46 22 10
37 38 75 58
37 47 47 60
38 39 8 9
38 48 24 6
39 49 99 30
40 41 58 34
40 50 53 49
41 42 96 76
41 51 53 13
42 43 12 49
42 52 99 83
43 44 6 66
43 53 34 60
44 45 14 26
44 54 11 81
45 46 84 34
45 55 28 7
46 47 32 56
46 56 76 55
47 48 69 53
47 57 86 27
48 49 46 87
48 58 7 51
49 59 40 80
50 51 82 70
50 60 79 37
51 52 36 42
51 61 33 76
52 53 58 88
52 62 60 60
53 54 60 71
53 63 34 80
54 55 30 24
54 64 56 66
55 56 37 60
55 65 71 60
56 57 18 34
56 66 31 72
57 58 6 8
57 67 97 87
58 59 18 60
58 68 66 28
59 69 49 13
60 61 2 63
60 70 40 51
61 62 74 39
61 71 88 60
62 63 12 39
62 72 77 81
63 64 59 85
63 73 29 71
64 65 73 85
64 74 36 38
65 66 26 36
65 75 84 81
66 67 93 30
66 76 33 7
67 68 39 24
67 77 46 39
68 69 12 6
68 78 96 88
69 79 60 43
70 71 37 55
70 80 58 42
71 72 80 82
71 81 41 15
72 73 11 77
72 82 9 44
73 74 67 53
73 83 93 80
74 75 82 40
74 84 55 90
75 76 77 92
75 85 98 54
76 77 21 51
76 86 87 50
77 78 69 34
77 87 58 59
78 79 63 37
78 88 64 25
79 89 20 5
80 81 60 18
81 82 57 54
82 83 49 13
83 84 61 74
84 85 78 80
85 86 95 27
86 87 44 50
87 88 64 92
88 89 3 6
