0 1 76 28
0 31 32 39
1 2 18 53
1 32 15 29
2 3 96 66
2 33 68 41
3 4 37 52
3 34 21 52
4 5 9 6
4 35 15 45
5 6 89 51
5 36 56 61
6 7 74 85
6 37 99 86
7 8 32 76
7 38 50 48
8 9 82 60
8 39 95 25
9 10 14 18
9 40 4 50
10 11 9 16
10 41 24 30
11 12 49 39
11 42 26 32
12 13 93 45
12 43 68 51
13 14 71 59
13 44 82 39
14 15 65 19
14 45 26 30
15 16 50 16
15 46 14 9
16 17 50 25
16 47 76 40
17 18 8 24
17 48 42 48
18 19 47 66
18 49 60 83
19 20 4 51
19 50 87 90
20 21 25 63
20 51 8 28
21 22 93 29
21 52 53 65
22 23 89 95
22 53 32 38
23 24 34 54
23 54 75 15
24 25 52 32
24 55 80 63
25 26 62 36
25 56 7 10
26 27 41 22
26 57 13 54
27 28 49 49
27 58 44 42
28 29 64 21
28 59 83 55
29 30 82 44
29 60 26 63
30 61 44 13
31 32 84 41
31 62 62 20
32 33 26 76
32 63 55 25
33 34 56 17
33 64 73 69
34 35 52 23
34 65 55 70
35 36 85 52
35 66 32 31
36 37 19 71
36 67 57 34
37 38 37 59
37 68 15 69
38 39 79 36
38 69 62 89
39 40 99 68
39 70 66 40
40 41 15 71
40 71 28 24
41 42 65 61
41 72 34 26
42 43 77 52
42 73 7 49
43 44 74 89
43 74 22 56
44 45 15 52
44 75 37 77
45 46 71 50
45 76 42 17
46 47 95 33
46 77 16 47
47 48 66 16
47 78 73 18
48 49 92 31
48 79 79 58
49 50 9 60
49 80 34 26
50 51 8 71
50 81 18 53
51 52 96 43
51 82 61 87
52 53 71 60
52 83 64 73
53 54 53 74
53 84 20 80
54 55 26 29
54 85 71 44
55 56 23 77
55 86 96 27
56 57 20 13
56 87 59 86
57 58 48 24
57 88 64 46
58 59 15 66
58 89 75 87
59 60 67 58
59 90 7 73
60 61 32 24
60 91 15 62
61 92 95 75
62 63 71 17
63 64 57 58
64 65 22 46
65 66 37 28
66 67 95 55
67 68 76 94
68 69 89 81
69 70 69 70
70 71 24 53
71 72 73 64
72 73 13 76
73 74 5 79
74 75 21 71
75 76 26 22
76 77 72 63
77 78 81 35
78 79 79 18
79 80 37 73
80 81 79 76
81 82 1 26
82 83 25 80
83 84 10 43
84 85 5 55
85 86 73 58
86 87 30 15
87 88 52 42
88 89 5 61
89 90 97 81
90 91 61 85
91 92 13 9
