0 1 55 49
0 48 91 79
1 2 48 54
1 49 57 60
2 3 46 51
2 50 98 95
3 4 33 43
3 51 73 69
4 5 22 30
4 52 62 55
5 6 96 95
5 53 64 62
6 7 42 47
6 54 19 27
7 8 82 75
7 55 46 54
8 9 9 12
8 56 7 9
9 10 11 15
9 57 55 57
10 11 16 21
10 58 93 91
11 12 97 85
11 59 50 52
12 13 98 93
12 60 29 29
13 14 29 38
13 61 67 71
14 15 28 34
14 62 56 57
15 16 92 88
15 63 93 80
16 17 51 44
16 64 13 19
17 18 38 39
17 65 71 63
18 19 11 19
18 66 92 93
19 20 87 86
19 67 18 23
20 21 48 44
20 68 74 77
21 22 59 61
21 69 46 44
22 23 55 52
22 70 67 61
23 24 29 25
23 71 51 50
24 25 41 38
24 72 10 11
25 26 13 14
25 73 68 62
26 27 67 58
26 74 9 12
27 28 43 42
27 75 69 59
28 29 16 26
28 76 12 15
29 30 25 22
29 77 85 75
30 31 46 40
30 78 2 3
31 32 47 50
31 79 31 31
32 33 69 59
32 80 98 89
33 34 91 79
33 81 59 51
34 35 94 85
34 82 84 86
35 36 48 44
35 83 34 36
36 37 17 23
36 84 55 52
37 38 96 82
37 85 94 86
38 39 18 18
38 86 97 88
39 40 83 79
39 87 18 16
40 41 10 16
40 88 75 73
41 42 80 82
41 89 93 92
42 43 22 22
42 90 13 20
43 44 35 31
43 91 3 3
44 45 31 34
44 92 45 46
45 46 29 29
45 93 30 31
46 47 51 49
46 94 38 34
47 95 22 25
48 49 74 76
49 50 92 88
50 51 68 72
51 52 61 56
52 53 65 55
53 54 65 57
54 55 10 14
55 56 35 41
56 57 58 51
57 58 33 35
58 59 58 62
59 60 26 34
60 61 56 60
61 62 47 54
62 63 82 82
63 64 79 69
64 65 49 50
65 66 68 58
66 67 16 22
67 68 86 75
68 69 0 14
69 70 72 68
70 71 38 47
71 72 1 11
72 73 93 83
73 74 60 57
74 75 32 35
75 76 39 38
76 77 33 36
77 78 52 50
78 79 19 16
79 80 8 7
80 81 14 15
81 82 3 14
82 83 39 43
83 84 85 80
84 85 7 12
85 86 15 28
86 87 45 53
87 88 56 49
88 89 81 81
89 90 78 76
90 91 75 69
91 92 26 28
92 93 80 77
93 94 19 18
94 95 21 29
