17
0 1 9 9
0 2 0 91
0 3 97 95
0 4 18 17
0 5 11 16
0 6 12 11
0 7 10 13
0 8 18 13
0 9 17 12
0 10 16 17
0 11 11 12
0 12 19 17
0 13 20 17
0 14 10 11
0 15 19 16
0 16 13 16
1 2 91 0
1 3 95 92
1 4 14 18
1 5 19 12
1 6 9 10
1 7 16 13
1 8 10 12
1 9 15 16
1 10 20 18
1 11 14 15
1 12 12 9
1 13 9 16
1 14 14 11
1 15 15 13
1 16 15 18
2 3 99 94
2 4 20 14
2 5 11 15
2 6 11 13
2 7 16 11
2 8 18 20
2 9 15 17
2 10 15 15
2 11 16 15
2 12 13 18
2 13 19 19
2 14 12 15
2 15 13 16
2 16 11 10
3 4 16 10
3 5 15 13
3 6 10 13
3 7 13 18
3 8 11 19
3 9 13 18
3 10 10 15
3 11 11 17
3 12 17 19
3 13 14 19
3 14 18 16
3 15 12 16
3 16 20 15
4 5 98 95
4 6 94 97
4 7 96 99
4 8 20 19
4 9 17 13
4 10 19 17
4 11 15 15
4 12 17 19
4 13 14 11
4 14 10 14
4 15 15 9
4 16 17 10
5 6 94 96
5 7 93 92
5 8 9 13
5 9 10 14
5 10 11 10
5 11 14 12
5 12 17 11
5 13 15 19
5 14 15 19
5 15 20 11
5 16 10 12
6 7 97 95
6 8 15 10
6 9 12 12
6 10 10 10
6 11 10 14
6 12 11 11
6 13 14 12
6 14 17 13
6 15 10 15
6 16 16 16
7 8 15 13
7 9 13 14
7 10 19 10
7 11 13 10
7 12 14 14
7 13 16 12
7 14 16 16
7 15 19 19
7 16 16 19
8 9 97 96
8 10 96 96
8 11 91 98
8 12 13 11
8 13 19 12
8 14 19 13
8 15 13 16
8 16 15 10
9 10 93 97
9 11 98 96
9 12 14 17
9 13 20 17
9 14 18 14
9 15 13 15
9 16 13 9
10 11 91 97
10 12 12 18
10 13 14 15
10 14 14 15
10 15 14 11
10 16 17 10
11 12 18 19
11 13 10 16
11 14 11 12
11 15 19 18
11 16 16 10
12 13 95 98
12 14 94 95
12 15 95 98
12 16 15 20
13 14 97 91
13 15 95 94
13 16 17 17
14 15 99 99
14 16 12 13
15 16 11 12
