48
0 1 5 5
0 2 0 95
0 3 98 99
0 4 9 16
0 5 13 9
0 6 7 19
0 7 5 12
0 8 12 19
0 9 19 22
0 10 16 18
0 11 13 8
0 12 20 10
0 13 12 22
0 14 8 23
0 15 13 10
0 16 22 19
0 17 6 17
0 18 9 6
0 19 20 15
0 20 17 13
0 21 13 8
0 22 24 8
0 23 6 24
0 24 20 10
0 25 9 20
0 26 19 14
0 27 16 16
0 28 20 20
0 29 5 12
0 30 9 25
0 31 23 8
0 32 18 10
0 33 8 19
0 34 6 6
0 35 23 18
0 36 15 23
0 37 20 19
0 38 12 22
0 39 5 8
0 40 22 18
0 41 19 22
0 42 9 15
0 43 11 10
0 44 20 21
0 45 6 24
0 46 19 24
0 47 9 11
1 2 95 0
1 3 95 95
1 4 6 21
1 5 9 25
1 6 23 18
1 7 21 10
1 8 13 10
1 9 19 13
1 10 14 6
1 11 11 11
1 12 15 20
1 13 15 17
1 14 13 18
1 15 9 25
1 16 8 13
1 17 24 13
1 18 11 9
1 19 11 24
1 20 19 18
1 21 9 11
1 22 17 15
1 23 12 16
1 24 23 14
1 25 23 23
1 26 19 16
1 27 6 10
1 28 19 8
1 29 6 11
1 30 16 8
1 31 9 25
1 32 12 12
1 33 14 8
1 34 16 19
1 35 18 9
1 36 11 20
1 37 18 18
1 38 22 21
1 39 22 17
1 40 11 9
1 41 15 20
1 42 9 12
1 43 14 10
1 44 11 23
1 45 22 18
1 46 8 22
1 47 14 24
2 3 96 97
2 4 22 21
2 5 5 18
2 6 21 22
2 7 11 17
2 8 18 21
2 9 11 14
2 10 11 24
2 11 8 12
2 12 22 19
2 13 11 6
2 14 11 21
2 15 19 22
2 16 13 18
2 17 10 21
2 18 16 23
2 19 8 9
2 20 6 13
2 21 20 15
2 22 18 22
2 23 25 23
2 24 15 20
2 25 7 7
2 26 22 7
2 27 16 6
2 28 13 20
2 29 14 12
2 30 7 7
2 31 13 13
2 32 10 12
2 33 17 15
2 34 10 25
2 35 9 18
2 36 15 23
2 37 11 23
2 38 15 18
2 39 10 19
2 40 9 24
2 41 20 16
2 42 19 18
2 43 11 10
2 44 14 13
2 45 12 13
2 46 24 6
2 47 23 7
3 4 15 16
3 5 11 13
3 6 8 18
3 7 24 17
3 8 10 7
3 9 13 7
3 10 14 18
3 11 11 9
3 12 8 14
3 13 18 21
3 14 20 16
3 15 5 11
3 16 24 24
3 17 17 7
3 18 24 24
3 19 23 23
3 20 5 16
3 21 8 12
3 22 14 7
3 23 8 22
3 24 17 23
3 25 7 8
3 26 14 9
3 27 12 10
3 28 21 12
3 29 8 16
3 30 18 23
3 31 21 15
3 32 23 21
3 33 7 23
3 34 23 24
3 35 6 15
3 36 7 25
3 37 8 9
3 38 18 11
3 39 13 21
3 40 17 6
3 41 5 15
3 42 13 25
3 43 16 21
3 44 6 11
3 45 15 9
3 46 23 23
3 47 20 16
4 5 98 99
4 6 96 98
4 7 98 96
4 8 7 12
4 9 8 15
4 10 9 16
4 11 19 11
4 12 21 19
4 13 15 6
4 14 11 12
4 15 7 24
4 16 15 12
4 17 16 19
4 18 21 22
4 19 21 22
4 20 5 24
4 21 9 6
4 22 22 12
4 23 18 17
4 24 23 21
4 25 20 18
4 26 19 12
4 27 23 24
4 28 23 8
4 29 17 12
4 30 6 20
4 31 11 9
4 32 9 5
4 33 15 18
4 34 16 9
4 35 16 17
4 36 19 22
4 37 7 20
4 38 18 8
4 39 12 17
4 40 9 9
4 41 13 21
4 42 9 17
4 43 19 13
4 44 6 10
4 45 24 11
4 46 7 10
4 47 15 15
5 6 99 96
5 7 95 100
5 8 17 13
5 9 16 7
5 10 19 12
5 11 17 22
5 12 24 20
5 13 12 9
5 14 9 10
5 15 19 18
5 16 25 20
5 17 10 8
5 18 16 12
5 19 10 25
5 20 10 19
5 21 8 15
5 22 12 24
5 23 22 17
5 24 7 13
5 25 9 12
5 26 21 11
5 27 8 20
5 28 20 16
5 29 12 12
5 30 18 19
5 31 6 19
5 32 17 19
5 33 12 6
5 34 12 20
5 35 7 10
5 36 18 20
5 37 25 11
5 38 11 6
5 39 5 18
5 40 18 21
5 41 17 11
5 42 7 21
5 43 23 16
5 44 8 10
5 45 6 9
5 46 18 9
5 47 14 7
6 7 99 98
6 8 8 13
6 9 20 7
6 10 23 11
6 11 12 19
6 12 22 16
6 13 11 6
6 14 21 7
6 15 20 23
6 16 14 11
6 17 18 9
6 18 20 24
6 19 23 24
6 20 14 15
6 21 12 20
6 22 21 13
6 23 14 8
6 24 20 21
6 25 21 25
6 26 18 11
6 27 7 21
6 28 15 17
6 29 8 6
6 30 22 8
6 31 24 5
6 32 14 20
6 33 14 21
6 34 24 24
6 35 6 13
6 36 15 21
6 37 24 12
6 38 6 21
6 39 13 10
6 40 24 7
6 41 13 11
6 42 14 22
6 43 11 9
6 44 10 12
6 45 9 7
6 46 20 12
6 47 17 6
7 8 12 14
7 9 21 19
7 10 19 19
7 11 23 11
7 12 17 22
7 13 24 10
7 14 13 7
7 15 14 17
7 16 24 7
7 17 15 16
7 18 13 10
7 19 19 13
7 20 14 10
7 21 6 24
7 22 24 21
7 23 9 24
7 24 20 14
7 25 22 17
7 26 17 6
7 27 6 8
7 28 9 9
7 29 6 5
7 30 11 22
7 31 20 5
7 32 12 13
7 33 17 18
7 34 17 19
7 35 10 11
7 36 23 15
7 37 10 16
7 38 8 17
7 39 10 23
7 40 20 24
7 41 11 6
7 42 6 8
7 43 14 18
7 44 12 22
7 45 20 7
7 46 10 11
7 47 6 11
8 9 95 96
8 10 100 95
8 11 98 98
8 12 12 16
8 13 18 12
8 14 7 18
8 15 23 6
8 16 19 23
8 17 18 7
8 18 22 23
8 19 15 12
8 20 8 13
8 21 16 6
8 22 15 18
8 23 16 25
8 24 19 19
8 25 21 11
8 26 18 9
8 27 15 11
8 28 22 13
8 29 16 8
8 30 6 23
8 31 7 16
8 32 20 23
8 33 7 19
8 34 9 20
8 35 9 23
8 36 9 24
8 37 14 23
8 38 14 18
8 39 19 19
8 40 24 20
8 41 8 11
8 42 15 20
8 43 24 11
8 44 13 17
8 45 13 6
8 46 24 9
8 47 11 20
9 10 97 98
9 11 96 99
9 12 5 16
9 13 12 9
9 14 8 8
9 15 21 12
9 16 10 7
9 17 5 22
9 18 9 18
9 19 20 17
9 20 9 19
9 21 10 11
9 22 9 22
9 23 7 14
9 24 15 14
9 25 8 5
9 26 14 5
9 27 11 24
9 28 22 8
9 29 7 10
9 30 14 20
9 31 10 15
9 32 24 25
9 33 18 21
9 34 18 11
9 35 8 25
9 36 24 14
9 37 10 12
9 38 8 10
9 39 12 8
9 40 24 18
9 41 5 21
9 42 10 21
9 43 6 16
9 44 23 16
9 45 16 22
9 46 17 19
9 47 9 25
10 11 99 96
10 12 6 20
10 13 23 18
10 14 15 22
10 15 22 14
10 16 23 24
10 17 15 19
10 18 11 20
10 19 21 20
10 20 7 11
10 21 20 15
10 22 7 25
10 23 14 8
10 24 14 23
10 25 20 17
10 26 24 13
10 27 12 17
10 28 10 12
10 29 7 21
10 30 15 14
10 31 16 20
10 32 8 10
10 33 24 8
10 34 18 16
10 35 13 13
10 36 13 6
10 37 9 24
10 38 8 8
10 39 24 20
10 40 7 24
10 41 19 23
10 42 23 24
10 43 20 20
10 44 20 10
10 45 14 11
10 46 17 6
10 47 14 12
11 12 5 11
11 13 16 10
11 14 8 13
11 15 6 19
11 16 18 17
11 17 18 24
11 18 7 18
11 19 24 6
11 20 24 25
11 21 18 16
11 22 10 5
11 23 11 23
11 24 19 21
11 25 6 7
11 26 5 10
11 27 16 18
11 28 8 13
11 29 18 24
11 30 18 19
11 31 16 10
11 32 24 22
11 33 19 17
11 34 13 21
11 35 7 8
11 36 20 25
11 37 21 10
11 38 15 24
11 39 23 19
11 40 16 20
11 41 10 16
11 42 20 18
11 43 22 19
11 44 21 7
11 45 13 9
11 46 22 19
11 47 12 11
12 13 98 99
12 14 98 100
12 15 95 95
12 16 25 11
12 17 14 11
12 18 7 24
12 19 14 12
12 20 19 21
12 21 20 20
12 22 11 11
12 23 16 14
12 24 16 18
12 25 17 18
12 26 16 17
12 27 9 17
12 28 19 15
12 29 23 5
12 30 13 20
12 31 9 13
12 32 23 21
12 33 8 16
12 34 9 6
12 35 17 15
12 36 14 21
12 37 20 14
12 38 17 9
12 39 8 14
12 40 6 8
12 41 21 18
12 42 22 8
12 43 11 11
12 44 24 15
12 45 21 9
12 46 15 24
12 47 22 13
13 14 99 97
13 15 98 98
13 16 9 15
13 17 19 14
13 18 11 11
13 19 15 17
13 20 6 23
13 21 19 18
13 22 10 10
13 23 17 6
13 24 22 20
13 25 20 24
13 26 11 25
13 27 8 23
13 28 19 23
13 29 12 23
13 30 14 11
13 31 6 22
13 32 12 22
13 33 21 7
13 34 16 7
13 35 15 22
13 36 17 9
13 37 20 17
13 38 13 18
13 39 15 10
13 40 24 12
13 41 12 17
13 42 7 20
13 43 8 20
13 44 11 21
13 45 14 18
13 46 11 6
13 47 6 23
14 15 96 97
14 16 20 10
14 17 18 6
14 18 5 23
14 19 15 23
14 20 11 19
14 21 13 12
14 22 6 16
14 23 24 15
14 24 22 24
14 25 18 12
14 26 14 24
14 27 18 21
14 28 23 20
14 29 15 19
14 30 10 6
14 31 23 17
14 32 13 23
14 33 17 24
14 34 7 17
14 35 11 17
14 36 12 11
14 37 7 20
14 38 19 23
14 39 8 25
14 40 9 8
14 41 14 24
14 42 16 7
14 43 20 23
14 44 9 17
14 45 7 18
14 46 6 18
14 47 15 17
15 16 23 8
15 17 22 11
15 18 6 23
15 19 6 11
15 20 19 15
15 21 18 8
15 22 11 10
15 23 18 17
15 24 17 6
15 25 18 10
15 26 8 25
15 27 17 15
15 28 6 20
15 29 17 22
15 30 11 19
15 31 12 12
15 32 14 18
15 33 6 8
15 34 6 17
15 35 23 14
15 36 15 24
15 37 14 9
15 38 22 25
15 39 6 7
15 40 18 24
15 41 6 19
15 42 23 13
15 43 17 17
15 44 18 9
15 45 9 19
15 46 20 8
15 47 14 13
16 17 96 99
16 18 96 95
16 19 96 95
16 20 19 16
16 21 20 6
16 22 22 5
16 23 5 22
16 24 18 19
16 25 5 21
16 26 7 9
16 27 19 7
16 28 6 5
16 29 24 19
16 30 14 22
16 31 22 13
16 32 12 5
16 33 16 6
16 34 25 25
16 35 18 13
16 36 6 17
16 37 5 12
16 38 11 8
16 39 14 7
16 40 11 24
16 41 14 14
16 42 6 11
16 43 13 25
16 44 24 20
16 45 9 19
16 46 25 24
16 47 22 15
17 18 98 100
17 19 99 95
17 20 7 11
17 21 12 11
17 22 9 9
17 23 14 19
17 24 6 25
17 25 16 21
17 26 25 16
17 27 12 15
17 28 5 10
17 29 5 5
17 30 9 5
17 31 8 7
17 32 24 7
17 33 19 24
17 34 9 16
17 35 18 9
17 36 13 15
17 37 16 25
17 38 11 19
17 39 10 5
17 40 14 22
17 41 21 6
17 42 15 16
17 43 9 13
17 44 18 5
17 45 15 6
17 46 7 18
17 47 17 18
18 19 99 97
18 20 21 19
18 21 10 8
18 22 18 11
18 23 9 12
18 24 9 23
18 25 19 20
18 26 19 16
18 27 7 22
18 28 13 17
18 29 13 17
18 30 10 13
18 31 6 23
18 32 15 18
18 33 10 5
18 34 15 23
18 35 16 17
18 36 23 21
18 37 17 21
18 38 16 16
18 39 9 20
18 40 7 6
18 41 15 11
18 42 12 24
18 43 22 19
18 44 23 20
18 45 14 24
18 46 19 23
18 47 6 7
19 20 25 18
19 21 10 12
19 22 15 7
19 23 23 20
19 24 20 8
19 25 16 15
19 26 20 5
19 27 17 21
19 28 15 20
19 29 22 20
19 30 5 10
19 31 10 11
19 32 14 20
19 33 22 12
19 34 24 7
19 35 20 14
19 36 22 24
19 37 17 24
19 38 22 12
19 39 24 10
19 40 11 19
19 41 8 8
19 42 10 6
19 43 13 24
19 44 10 13
19 45 22 22
19 46 20 21
19 47 9 22
20 21 95 98
20 22 97 100
20 23 98 98
20 24 23 16
20 25 16 9
20 26 8 21
20 27 16 19
20 28 19 9
20 29 14 19
20 30 14 6
20 31 19 12
20 32 5 22
20 33 11 20
20 34 9 15
20 35 7 16
20 36 10 24
20 37 15 21
20 38 24 19
20 39 19 12
20 40 7 8
20 41 13 8
20 42 8 16
20 43 24 23
20 44 25 23
20 45 9 25
20 46 19 8
20 47 22 9
21 22 96 98
21 23 98 97
21 24 24 14
21 25 7 21
21 26 17 8
21 27 22 14
21 28 25 12
21 29 23 8
21 30 12 17
21 31 10 12
21 32 22 17
21 33 20 9
21 34 8 15
21 35 23 10
21 36 14 16
21 37 17 21
21 38 11 15
21 39 8 15
21 40 24 12
21 41 17 6
21 42 11 12
21 43 6 24
21 44 17 22
21 45 5 7
21 46 6 14
21 47 19 7
22 23 99 98
22 24 10 6
22 25 11 23
22 26 24 13
22 27 21 9
22 28 9 20
22 29 22 8
22 30 13 14
22 31 20 10
22 32 8 17
22 33 10 17
22 34 10 7
22 35 21 15
22 36 25 13
22 37 12 17
22 38 10 8
22 39 22 19
22 40 9 13
22 41 24 6
22 42 5 12
22 43 16 24
22 44 15 17
22 45 17 12
22 46 12 9
22 47 13 24
23 24 16 16
23 25 14 12
23 26 16 15
23 27 10 6
23 28 5 9
23 29 21 6
23 30 17 11
23 31 16 9
23 32 19 12
23 33 13 20
23 34 9 8
23 35 16 24
23 36 19 13
23 37 6 18
23 38 6 15
23 39 16 8
23 40 13 11
23 41 21 14
23 42 8 15
23 43 21 9
23 44 12 20
23 45 18 19
23 46 9 18
23 47 23 18
24 25 96 99
24 26 97 98
24 27 98 98
24 28 15 24
24 29 22 14
24 30 8 24
24 31 17 22
24 32 10 14
24 33 21 13
24 34 10 6
24 35 22 15
24 36 16 7
24 37 6 19
24 38 7 25
24 39 5 21
24 40 11 15
24 41 10 9
24 42 21 14
24 43 18 7
24 44 9 6
24 45 12 9
24 46 12 17
24 47 24 20
25 26 98 96
25 27 97 95
25 28 12 24
25 29 20 16
25 30 11 9
25 31 22 12
25 32 8 23
25 33 22 17
25 34 13 23
25 35 16 14
25 36 20 10
25 37 12 25
25 38 6 15
25 39 23 7
25 40 23 9
25 41 12 22
25 42 11 17
25 43 22 15
25 44 11 9
25 45 8 6
25 46 8 7
25 47 14 18
26 27 97 99
26 28 19 8
26 29 6 23
26 30 24 16
26 31 15 8
26 32 19 9
26 33 19 12
26 34 13 11
26 35 7 7
26 36 13 6
26 37 23 9
26 38 12 12
26 39 22 18
26 40 21 9
26 41 9 24
26 42 9 21
26 43 11 14
26 44 19 11
26 45 17 6
26 46 23 13
26 47 25 17
27 28 19 6
27 29 7 9
27 30 5 11
27 31 25 21
27 32 18 21
27 33 8 20
27 34 18 10
27 35 22 22
27 36 24 23
27 37 14 22
27 38 15 15
27 39 17 14
27 40 20 17
27 41 14 7
27 42 20 18
27 43 23 25
27 44 24 23
27 45 15 17
27 46 24 23
27 47 20 20
28 29 95 96
28 30 98 97
28 31 97 99
28 32 13 6
28 33 10 24
28 34 5 17
28 35 11 17
28 36 23 9
28 37 10 7
28 38 22 15
28 39 24 12
28 40 13 24
28 41 22 18
28 42 24 10
28 43 6 23
28 44 11 12
28 45 20 20
28 46 10 17
28 47 18 21
29 30 95 97
29 31 99 99
29 32 17 12
29 33 13 10
29 34 16 23
29 35 10 6
29 36 17 24
29 37 22 9
29 38 19 20
29 39 24 11
29 40 15 6
29 41 11 7
29 42 9 23
29 43 15 9
29 44 24 5
29 45 24 21
29 46 15 19
29 47 10 10
30 31 98 99
30 32 6 8
30 33 20 16
30 34 16 20
30 35 10 19
30 36 16 25
30 37 17 18
30 38 10 13
30 39 7 24
30 40 5 20
30 41 22 8
30 42 17 17
30 43 18 21
30 44 13 21
30 45 14 20
30 46 7 22
30 47 13 21
31 32 14 22
31 33 5 17
31 34 12 11
31 35 11 5
31 36 16 12
31 37 12 9
31 38 5 10
31 39 22 12
31 40 23 8
31 41 22 8
31 42 19 18
31 43 12 5
31 44 19 7
31 45 9 5
31 46 16 12
31 47 7 15
32 33 100 97
32 34 99 100
32 35 98 96
32 36 6 22
32 37 14 15
32 38 23 17
32 39 10 8
32 40 18 8
32 41 21 23
32 42 10 7
32 43 10 17
32 44 23 14
32 45 25 9
32 46 22 19
32 47 19 14
33 34 97 98
33 35 95 95
33 36 14 24
33 37 11 12
33 38 20 19
33 39 24 6
33 40 21 14
33 41 22 18
33 42 10 20
33 43 22 19
33 44 6 13
33 45 11 6
33 46 5 7
33 47 18 6
34 35 98 97
34 36 22 8
34 37 9 25
34 38 14 20
34 39 12 17
34 40 18 6
34 41 19 24
34 42 18 10
34 43 21 20
34 44 9 13
34 45 19 10
34 46 22 11
34 47 7 7
35 36 10 23
35 37 21 15
35 38 16 7
35 39 9 23
35 40 14 6
35 41 23 7
35 42 18 11
35 43 24 15
35 44 7 8
35 45 9 19
35 46 17 7
35 47 21 19
36 37 97 95
36 38 96 100
36 39 98 98
36 40 12 9
36 41 16 20
36 42 21 16
36 43 21 7
36 44 11 14
36 45 22 12
36 46 14 10
36 47 7 8
37 38 96 97
37 39 95 100
37 40 12 18
37 41 16 11
37 42 14 21
37 43 11 24
37 44 15 15
37 45 6 24
37 46 10 17
37 47 22 21
38 39 97 100
38 40 6 20
38 41 23 11
38 42 19 5
38 43 25 6
38 44 10 10
38 45 17 10
38 46 14 16
38 47 25 11
39 40 8 9
39 41 12 10
39 42 15 14
39 43 25 17
39 44 22 23
39 45 15 22
39 46 7 12
39 47 9 10
40 41 96 98
40 42 95 96
40 43 100 100
40 44 18 12
40 45 9 20
40 46 18 24
40 47 25 18
41 42 100 99
41 43 97 97
41 44 7 11
41 45 13 14
41 46 13 22
41 47 14 10
42 43 99 95
42 44 6 7
42 45 20 12
42 46 20 22
42 47 6 17
43 44 5 19
43 45 6 8
43 46 7 6
43 47 18 18
44 45 96 99
44 46 97 95
44 47 95 99
45 46 98 100
45 47 99 97
46 47 95 95
