ATENCAO: LEMBRE-SE QUE A PODA É EFETUADA APENAS ENTRE SUBARVORES (ESTADOS) **EQUIVALENTES** QUE SE DOMINAM 
LEGENDA: 
** uma árvore recém criada é podada (ela nao é nem mesmo incluida na lista)
* uma árvore que fora criada anteriormente, que ja estava na lista, é excluida porque alguém acabou de entrar na lista e a dominou
ITERACAO 1
------------------------------- Descendentes da Subarvore 0 da ITERACAO 0
Subarvore 0
	0 1 356 979
	(356,979)  &&&&

Subarvore 1
	0 2 587 285
	(587,285) 

Subarvore 2
	0 3 745 225
	(745,225) 

Subarvore 3
	0 4 26 603
	(26,603)  &&&&

&&&& NOTE QUE O CORLEY OU O CHEN REMOVERIA A (356,979) POR SER DOMINADA POR (26,603). MAS O PUGLIESE NAO REMOVE, POIS TAIS SUB_ARVORES NAO SAO EQUIVALENTES

ITERACAO 2
------------------------------- Descendentes da Subarvore 0 da ITERACAO 1
Subarvore 0
	0 1 356 979
	0 2 587 285
	(943,1264) 

Subarvore 1
	0 1 356 979
	0 3 745 225
	(1101,1204) 

Subarvore 2
	0 1 356 979
	0 4 26 603
	(382,1582) 

Subarvore 3
	0 1 356 979
	1 2 926 138
	(1282,1117) 

Subarvore 4
	0 1 356 979
	1 3 826 546
	(1182,1525) 

PODA: (1182,1525) ** 

Subarvore 4
	0 1 356 979
	1 4 857 231
	(1213,1210) 

------------------------------- Descendentes da Subarvore 1 da ITERACAO 1
Subarvore 5
	0 1 356 979
	0 2 587 285
	(943,1264) 

REMOVE DUPLICATA: (943,1264) 

Subarvore 5
	0 2 587 285
	0 3 745 225
	(1332,510) 

Subarvore 6
	0 2 587 285
	0 4 26 603
	(613,888) 

Subarvore 7
	0 2 587 285
	1 2 926 138
	(1513,423) 

Subarvore 8
	0 2 587 285
	2 3 375 323
	(962,608) 

Subarvore 9
	0 2 587 285
	2 4 422 711
	(1009,996) 

PODA: (1009,996) ** 

------------------------------- Descendentes da Subarvore 2 da ITERACAO 1
Subarvore 9
	0 1 356 979
	0 3 745 225
	(1101,1204) 

REMOVE DUPLICATA: (1101,1204) 

Subarvore 9
	0 2 587 285
	0 3 745 225
	(1332,510) 

REMOVE DUPLICATA: (1332,510) 

Subarvore 9
	0 3 745 225
	0 4 26 603
	(771,828) 

Subarvore 10
	0 3 745 225
	1 3 826 546
	(1571,771) 

Subarvore 11
	0 3 745 225
	2 3 375 323
	(1120,548) 

Subarvore 12
	0 3 745 225
	3 4 10 275
	(755,500) 

PODA: (771,828) *

------------------------------- Descendentes da Subarvore 3 da ITERACAO 1
Subarvore 12
	0 1 356 979
	0 4 26 603
	(382,1582) 

REMOVE DUPLICATA: (382,1582) 

Subarvore 12
	0 2 587 285
	0 4 26 603
	(613,888) 

REMOVE DUPLICATA: (613,888) 

Subarvore 12
	0 3 745 225
	0 4 26 603
	(771,828) 

PODA: (771,828) ** 

Subarvore 12
	0 4 26 603
	1 4 857 231
	(883,834) 

PODA: (1213,1210) *

Subarvore 12
	0 4 26 603
	2 4 422 711
	(448,1314) 

Subarvore 13
	0 4 26 603
	3 4 10 275
	(36,878) 

ITERACAO 3
------------------------------- Descendentes da Subarvore 0 da ITERACAO 2
Subarvore 0
	0 1 356 979
	0 3 745 225
	1 2 926 138
	(2027,1342) 

Subarvore 1
	0 1 356 979
	0 4 26 603
	1 2 926 138
	(1308,1720) 

Subarvore 2
	0 1 356 979
	1 2 926 138
	1 3 826 546
	(2108,1663) 

PODA: (2108,1663) ** 

Subarvore 2
	0 1 356 979
	1 2 926 138
	1 4 857 231
	(2139,1348) 

Subarvore 3
	0 1 356 979
	1 2 926 138
	2 3 375 323
	(1657,1440) 

Subarvore 4
	0 1 356 979
	1 2 926 138
	2 4 422 711
	(1704,1828) 

PODA: (1704,1828) ** 

------------------------------- Descendentes da Subarvore 1 da ITERACAO 2
Subarvore 4
	0 1 356 979
	0 2 587 285
	0 3 745 225
	(1688,1489) 

PODA: (1688,1489) ** 

Subarvore 4
	0 1 356 979
	0 2 587 285
	0 4 26 603
	(969,1867) 

Subarvore 5
	0 1 356 979
	0 2 587 285
	1 3 826 546
	(1769,1810) 

PODA: (1769,1810) ** 

Subarvore 5
	0 1 356 979
	0 2 587 285
	1 4 857 231
	(1800,1495) 

Subarvore 6
	0 1 356 979
	0 2 587 285
	2 3 375 323
	(1318,1587) 

Subarvore 7
	0 1 356 979
	0 2 587 285
	2 4 422 711
	(1365,1975) 

PODA: (1365,1975) ** 

------------------------------- Descendentes da Subarvore 2 da ITERACAO 2
Subarvore 7
	0 2 587 285
	0 3 745 225
	1 2 926 138
	(2258,648) 

Subarvore 8
	0 2 587 285
	0 4 26 603
	1 2 926 138
	(1539,1026) 

PODA: (2139,1348) *

PODA: (1800,1495) *

Subarvore 7
	0 2 587 285
	1 2 926 138
	1 3 826 546
	(2339,969) 

PODA: (2339,969) ** 

Subarvore 7
	0 2 587 285
	1 2 926 138
	1 4 857 231
	(2370,654) 

Subarvore 8
	0 2 587 285
	1 2 926 138
	2 3 375 323
	(1888,746) 

PODA: (2027,1342) *

Subarvore 8
	0 2 587 285
	1 2 926 138
	2 4 422 711
	(1935,1134) 

PODA: (1935,1134) ** 

------------------------------- Descendentes da Subarvore 3 da ITERACAO 2
Subarvore 8
	0 1 356 979
	0 2 587 285
	2 3 375 323
	(1318,1587) 

REMOVE DUPLICATA: (1318,1587) 

Subarvore 8
	0 2 587 285
	0 4 26 603
	2 3 375 323
	(988,1211) 

Subarvore 9
	0 2 587 285
	1 2 926 138
	2 3 375 323
	(1888,746) 

REMOVE DUPLICATA: (1888,746) 

Subarvore 9
	0 2 587 285
	2 3 375 323
	2 4 422 711
	(1384,1319) 

PODA: (1384,1319) ** 

Subarvore 9
	0 2 587 285
	1 3 826 546
	2 3 375 323
	(1788,1154) 

Subarvore 10
	0 2 587 285
	2 3 375 323
	3 4 10 275
	(972,883) 

PODA: (988,1211) *

------------------------------- Descendentes da Subarvore 4 da ITERACAO 2
Subarvore 10
	0 1 356 979
	0 2 587 285
	0 3 745 225
	(1688,1489) 

PODA: (1688,1489) ** 

Subarvore 10
	0 1 356 979
	0 3 745 225
	0 4 26 603
	(1127,1807) 

Subarvore 11
	0 1 356 979
	0 3 745 225
	1 2 926 138
	(2027,1342) 

PODA: (2027,1342) ** 

Subarvore 11
	0 1 356 979
	0 3 745 225
	1 4 857 231
	(1958,1435) 

Subarvore 12
	0 1 356 979
	0 3 745 225
	2 3 375 323
	(1476,1527) 

Subarvore 13
	0 1 356 979
	0 3 745 225
	3 4 10 275
	(1111,1479) 

PODA: (1127,1807) *

------------------------------- Descendentes da Subarvore 5 da ITERACAO 2
Subarvore 13
	0 1 356 979
	0 2 587 285
	0 3 745 225
	(1688,1489) 

PODA: (1688,1489) ** 

Subarvore 13
	0 2 587 285
	0 3 745 225
	0 4 26 603
	(1358,1113) 

PODA: (1358,1113) ** 

Subarvore 13
	0 2 587 285
	0 3 745 225
	1 2 926 138
	(2258,648) 

REMOVE DUPLICATA: (2258,648) 

Subarvore 13
	0 2 587 285
	0 3 745 225
	2 4 422 711
	(1754,1221) 

PODA: (1754,1221) ** 

Subarvore 13
	0 2 587 285
	0 3 745 225
	1 3 826 546
	(2158,1056) 

PODA: (2158,1056) ** 

Subarvore 13
	0 2 587 285
	0 3 745 225
	3 4 10 275
	(1342,785) 

------------------------------- Descendentes da Subarvore 6 da ITERACAO 2
Subarvore 14
	0 2 587 285
	0 3 745 225
	1 3 826 546
	(2158,1056) 

PODA: (2158,1056) ** 

Subarvore 14
	0 3 745 225
	0 4 26 603
	1 3 826 546
	(1597,1374) 

PODA: (1958,1435) *

Subarvore 14
	0 3 745 225
	1 2 926 138
	1 3 826 546
	(2497,909) 

PODA: (2497,909) ** 

Subarvore 14
	0 3 745 225
	1 3 826 546
	1 4 857 231
	(2428,1002) 

Subarvore 15
	0 3 745 225
	1 3 826 546
	2 3 375 323
	(1946,1094) 

PODA: (1946,1094) ** 

Subarvore 15
	0 3 745 225
	1 3 826 546
	3 4 10 275
	(1581,1046) 

PODA: (1597,1374) *

------------------------------- Descendentes da Subarvore 7 da ITERACAO 2
Subarvore 15
	0 1 356 979
	0 3 745 225
	2 3 375 323
	(1476,1527) 

REMOVE DUPLICATA: (1476,1527) 

Subarvore 15
	0 3 745 225
	0 4 26 603
	2 3 375 323
	(1146,1151) 

PODA: (1146,1151) ** 

Subarvore 15
	0 3 745 225
	1 2 926 138
	2 3 375 323
	(2046,686) 

Subarvore 16
	0 3 745 225
	2 3 375 323
	2 4 422 711
	(1542,1259) 

PODA: (1542,1259) ** 

Subarvore 16
	0 3 745 225
	1 3 826 546
	2 3 375 323
	(1946,1094) 

PODA: (1946,1094) ** 

Subarvore 16
	0 3 745 225
	2 3 375 323
	3 4 10 275
	(1130,823) 

------------------------------- Descendentes da Subarvore 8 da ITERACAO 2
Subarvore 17
	0 1 356 979
	0 3 745 225
	3 4 10 275
	(1111,1479) 

REMOVE DUPLICATA: (1111,1479) 

Subarvore 17
	0 2 587 285
	0 3 745 225
	3 4 10 275
	(1342,785) 

REMOVE DUPLICATA: (1342,785) 

Subarvore 17
	0 3 745 225
	1 3 826 546
	3 4 10 275
	(1581,1046) 

REMOVE DUPLICATA: (1581,1046) 

Subarvore 17
	0 3 745 225
	2 3 375 323
	3 4 10 275
	(1130,823) 

REMOVE DUPLICATA: (1130,823) 

Subarvore 17
	0 3 745 225
	1 4 857 231
	3 4 10 275
	(1612,731) 

PODA: (2428,1002) *

Subarvore 17
	0 3 745 225
	2 4 422 711
	3 4 10 275
	(1177,1211) 

PODA: (1177,1211) ** 

------------------------------- Descendentes da Subarvore 9 da ITERACAO 2
Subarvore 17
	0 1 356 979
	0 2 587 285
	0 4 26 603
	(969,1867) 

REMOVE DUPLICATA: (969,1867) 

Subarvore 17
	0 1 356 979
	0 3 745 225
	0 4 26 603
	(1127,1807) 

PODA: (1127,1807) ** 

Subarvore 17
	0 1 356 979
	0 4 26 603
	1 2 926 138
	(1308,1720) 

REMOVE DUPLICATA: (1308,1720) 

Subarvore 17
	0 1 356 979
	0 4 26 603
	1 3 826 546
	(1208,2128) 

PODA: (1208,2128) ** 

Subarvore 17
	0 1 356 979
	0 4 26 603
	2 4 422 711
	(804,2293) 

Subarvore 18
	0 1 356 979
	0 4 26 603
	3 4 10 275
	(392,1857) 

------------------------------- Descendentes da Subarvore 10 da ITERACAO 2
Subarvore 19
	0 1 356 979
	0 2 587 285
	0 4 26 603
	(969,1867) 

REMOVE DUPLICATA: (969,1867) 

Subarvore 19
	0 2 587 285
	0 3 745 225
	0 4 26 603
	(1358,1113) 

PODA: (1358,1113) ** 

Subarvore 19
	0 2 587 285
	0 4 26 603
	1 2 926 138
	(1539,1026) 

REMOVE DUPLICATA: (1539,1026) 

Subarvore 19
	0 2 587 285
	0 4 26 603
	2 3 375 323
	(988,1211) 

PODA: (988,1211) ** 

Subarvore 19
	0 2 587 285
	0 4 26 603
	1 4 857 231
	(1470,1119) 

Subarvore 20
	0 2 587 285
	0 4 26 603
	3 4 10 275
	(623,1163) 

------------------------------- Descendentes da Subarvore 11 da ITERACAO 2
Subarvore 21
	0 2 587 285
	0 4 26 603
	1 4 857 231
	(1470,1119) 

REMOVE DUPLICATA: (1470,1119) 

Subarvore 21
	0 3 745 225
	0 4 26 603
	1 4 857 231
	(1628,1059) 

PODA: (1628,1059) ** 

Subarvore 21
	0 4 26 603
	1 2 926 138
	1 4 857 231
	(1809,972) 

Subarvore 22
	0 4 26 603
	1 3 826 546
	1 4 857 231
	(1709,1380) 

PODA: (1709,1380) ** 

Subarvore 22
	0 4 26 603
	1 4 857 231
	2 4 422 711
	(1305,1545) 

PODA: (1308,1720) *

Subarvore 22
	0 4 26 603
	1 4 857 231
	3 4 10 275
	(893,1109) 

PODA: (1111,1479) *

------------------------------- Descendentes da Subarvore 12 da ITERACAO 2
Subarvore 22
	0 1 356 979
	0 4 26 603
	2 4 422 711
	(804,2293) 

REMOVE DUPLICATA: (804,2293) 

Subarvore 22
	0 3 745 225
	0 4 26 603
	2 4 422 711
	(1193,1539) 

PODA: (1193,1539) ** 

Subarvore 22
	0 4 26 603
	1 2 926 138
	2 4 422 711
	(1374,1452) 

Subarvore 23
	0 4 26 603
	2 3 375 323
	2 4 422 711
	(823,1637) 

PODA: (823,1637) ** 

Subarvore 23
	0 4 26 603
	1 4 857 231
	2 4 422 711
	(1305,1545) 

REMOVE DUPLICATA: (1305,1545) 

Subarvore 23
	0 4 26 603
	2 4 422 711
	3 4 10 275
	(458,1589) 

------------------------------- Descendentes da Subarvore 13 da ITERACAO 2
Subarvore 24
	0 1 356 979
	0 4 26 603
	3 4 10 275
	(392,1857) 

REMOVE DUPLICATA: (392,1857) 

Subarvore 24
	0 2 587 285
	0 4 26 603
	3 4 10 275
	(623,1163) 

REMOVE DUPLICATA: (623,1163) 

Subarvore 24
	0 4 26 603
	1 3 826 546
	3 4 10 275
	(862,1424) 

Subarvore 25
	0 4 26 603
	2 3 375 323
	3 4 10 275
	(411,1201) 

PODA: (458,1589) *

Subarvore 25
	0 4 26 603
	1 4 857 231
	3 4 10 275
	(893,1109) 

REMOVE DUPLICATA: (893,1109) 

Subarvore 25
	0 4 26 603
	2 4 422 711
	3 4 10 275
	(458,1589) 

PODA: (458,1589) ** 

ITERACAO 4
------------------------------- Descendentes da Subarvore 0 da ITERACAO 3
Subarvore 0
	0 1 356 979
	0 4 26 603
	1 2 926 138
	2 3 375 323
	(1683,2043) 

Subarvore 1
	0 1 356 979
	1 2 926 138
	1 4 857 231
	2 3 375 323
	(2514,1671) 

Subarvore 2
	0 1 356 979
	1 2 926 138
	2 3 375 323
	2 4 422 711
	(2079,2151) 

PODA: (2079,2151) ** 

Subarvore 2
	0 1 356 979
	1 2 926 138
	2 3 375 323
	3 4 10 275
	(1667,1715) 

PODA: (1683,2043) *

------------------------------- Descendentes da Subarvore 1 da ITERACAO 3
Subarvore 2
	0 2 587 285
	0 3 745 225
	1 2 926 138
	1 4 857 231
	(3115,879) 

Subarvore 3
	0 2 587 285
	1 2 926 138
	1 3 826 546
	1 4 857 231
	(3196,1200) 

PODA: (3196,1200) ** 

Subarvore 3
	0 2 587 285
	1 2 926 138
	1 4 857 231
	2 3 375 323
	(2745,977) 

Subarvore 4
	0 2 587 285
	1 2 926 138
	1 4 857 231
	3 4 10 275
	(2380,929) 

PODA: (2514,1671) *

PODA: (2745,977) *

------------------------------- Descendentes da Subarvore 2 da ITERACAO 3
Subarvore 3
	0 1 356 979
	0 2 587 285
	0 4 26 603
	2 3 375 323
	(1344,2190) 

Subarvore 4
	0 1 356 979
	0 2 587 285
	1 4 857 231
	2 3 375 323
	(2175,1818) 

PODA: (2175,1818) ** 

Subarvore 4
	0 1 356 979
	0 2 587 285
	2 3 375 323
	2 4 422 711
	(1740,2298) 

PODA: (1740,2298) ** 

Subarvore 4
	0 1 356 979
	0 2 587 285
	2 3 375 323
	3 4 10 275
	(1328,1862) 

PODA: (1344,2190) *

------------------------------- Descendentes da Subarvore 3 da ITERACAO 3
Subarvore 4
	0 2 587 285
	0 4 26 603
	1 2 926 138
	2 3 375 323
	(1914,1349) 

Subarvore 5
	0 2 587 285
	1 2 926 138
	1 4 857 231
	2 3 375 323
	(2745,977) 

PODA: (2745,977) ** 

Subarvore 5
	0 2 587 285
	1 2 926 138
	2 3 375 323
	2 4 422 711
	(2310,1457) 

PODA: (2310,1457) ** 

Subarvore 5
	0 2 587 285
	1 2 926 138
	2 3 375 323
	3 4 10 275
	(1898,1021) 

PODA: (1914,1349) *

------------------------------- Descendentes da Subarvore 4 da ITERACAO 3
Subarvore 5
	0 2 587 285
	0 4 26 603
	1 3 826 546
	2 3 375 323
	(1814,1757) 

PODA: (1814,1757) ** 

Subarvore 5
	0 2 587 285
	1 3 826 546
	1 4 857 231
	2 3 375 323
	(2645,1385) 

PODA: (2645,1385) ** 

Subarvore 5
	0 2 587 285
	1 3 826 546
	2 3 375 323
	2 4 422 711
	(2210,1865) 

PODA: (2210,1865) ** 

Subarvore 5
	0 2 587 285
	1 3 826 546
	2 3 375 323
	3 4 10 275
	(1798,1429) 

------------------------------- Descendentes da Subarvore 5 da ITERACAO 3
Subarvore 6
	0 1 356 979
	0 2 587 285
	2 3 375 323
	3 4 10 275
	(1328,1862) 

REMOVE DUPLICATA: (1328,1862) 

Subarvore 6
	0 2 587 285
	1 2 926 138
	2 3 375 323
	3 4 10 275
	(1898,1021) 

REMOVE DUPLICATA: (1898,1021) 

Subarvore 6
	0 2 587 285
	1 3 826 546
	2 3 375 323
	3 4 10 275
	(1798,1429) 

REMOVE DUPLICATA: (1798,1429) 

Subarvore 6
	0 2 587 285
	1 4 857 231
	2 3 375 323
	3 4 10 275
	(1829,1114) 

------------------------------- Descendentes da Subarvore 6 da ITERACAO 3
Subarvore 7
	0 2 587 285
	0 3 745 225
	0 4 26 603
	1 2 926 138
	(2284,1251) 

PODA: (2284,1251) ** 

Subarvore 7
	0 2 587 285
	0 3 745 225
	1 2 926 138
	1 4 857 231
	(3115,879) 

REMOVE DUPLICATA: (3115,879) 

Subarvore 7
	0 2 587 285
	0 3 745 225
	1 2 926 138
	2 4 422 711
	(2680,1359) 

PODA: (2680,1359) ** 

Subarvore 7
	0 2 587 285
	0 3 745 225
	1 2 926 138
	3 4 10 275
	(2268,923) 

PODA: (2380,929) *

------------------------------- Descendentes da Subarvore 7 da ITERACAO 3
Subarvore 7
	0 1 356 979
	0 3 745 225
	0 4 26 603
	2 3 375 323
	(1502,2130) 

PODA: (1502,2130) ** 

Subarvore 7
	0 1 356 979
	0 3 745 225
	1 4 857 231
	2 3 375 323
	(2333,1758) 

PODA: (2333,1758) ** 

Subarvore 7
	0 1 356 979
	0 3 745 225
	2 3 375 323
	2 4 422 711
	(1898,2238) 

PODA: (1898,2238) ** 

Subarvore 7
	0 1 356 979
	0 3 745 225
	2 3 375 323
	3 4 10 275
	(1486,1802) 

------------------------------- Descendentes da Subarvore 8 da ITERACAO 3
Subarvore 8
	0 3 745 225
	0 4 26 603
	1 2 926 138
	2 3 375 323
	(2072,1289) 

PODA: (2072,1289) ** 

Subarvore 8
	0 3 745 225
	1 2 926 138
	1 4 857 231
	2 3 375 323
	(2903,917) 

Subarvore 9
	0 3 745 225
	1 2 926 138
	2 3 375 323
	2 4 422 711
	(2468,1397) 

PODA: (2468,1397) ** 

Subarvore 9
	0 3 745 225
	1 2 926 138
	2 3 375 323
	3 4 10 275
	(2056,961) 

------------------------------- Descendentes da Subarvore 9 da ITERACAO 3
Subarvore 10
	0 1 356 979
	0 2 587 285
	0 3 745 225
	3 4 10 275
	(1698,1764) 

PODA: (1698,1764) ** 

Subarvore 10
	0 2 587 285
	0 3 745 225
	1 2 926 138
	3 4 10 275
	(2268,923) 

REMOVE DUPLICATA: (2268,923) 

Subarvore 10
	0 2 587 285
	0 3 745 225
	1 3 826 546
	3 4 10 275
	(2168,1331) 

PODA: (2168,1331) ** 

Subarvore 10
	0 2 587 285
	0 3 745 225
	1 4 857 231
	3 4 10 275
	(2199,1016) 

PODA: (2199,1016) ** 

------------------------------- Descendentes da Subarvore 10 da ITERACAO 3
Subarvore 10
	0 2 587 285
	0 3 745 225
	1 3 826 546
	3 4 10 275
	(2168,1331) 

PODA: (2168,1331) ** 

Subarvore 10
	0 3 745 225
	1 2 926 138
	1 3 826 546
	3 4 10 275
	(2507,1184) 

PODA: (2507,1184) ** 

Subarvore 10
	0 3 745 225
	1 3 826 546
	2 3 375 323
	3 4 10 275
	(1956,1369) 

PODA: (1956,1369) ** 

Subarvore 10
	0 3 745 225
	1 3 826 546
	2 4 422 711
	3 4 10 275
	(2003,1757) 

PODA: (2003,1757) ** 

------------------------------- Descendentes da Subarvore 11 da ITERACAO 3
Subarvore 10
	0 1 356 979
	0 3 745 225
	2 3 375 323
	3 4 10 275
	(1486,1802) 

REMOVE DUPLICATA: (1486,1802) 

Subarvore 10
	0 3 745 225
	1 2 926 138
	2 3 375 323
	3 4 10 275
	(2056,961) 

REMOVE DUPLICATA: (2056,961) 

Subarvore 10
	0 3 745 225
	1 3 826 546
	2 3 375 323
	3 4 10 275
	(1956,1369) 

PODA: (1956,1369) ** 

Subarvore 10
	0 3 745 225
	1 4 857 231
	2 3 375 323
	3 4 10 275
	(1987,1054) 

PODA: (1987,1054) ** 

------------------------------- Descendentes da Subarvore 12 da ITERACAO 3
Subarvore 10
	0 2 587 285
	0 3 745 225
	1 4 857 231
	3 4 10 275
	(2199,1016) 

PODA: (2199,1016) ** 

Subarvore 10
	0 3 745 225
	1 2 926 138
	1 4 857 231
	3 4 10 275
	(2538,869) 

PODA: (3115,879) *

PODA: (2903,917) *

Subarvore 9
	0 3 745 225
	1 4 857 231
	2 3 375 323
	3 4 10 275
	(1987,1054) 

PODA: (1987,1054) ** 

Subarvore 9
	0 3 745 225
	1 4 857 231
	2 4 422 711
	3 4 10 275
	(2034,1442) 

PODA: (2034,1442) ** 

------------------------------- Descendentes da Subarvore 13 da ITERACAO 3
Subarvore 9
	0 1 356 979
	0 2 587 285
	0 3 745 225
	0 4 26 603
	(1714,2092) 

PODA: (1714,2092) ** 

Subarvore 9
	0 1 356 979
	0 2 587 285
	0 4 26 603
	1 3 826 546
	(1795,2413) 

PODA: (1795,2413) ** 

Subarvore 9
	0 1 356 979
	0 2 587 285
	0 4 26 603
	2 3 375 323
	(1344,2190) 

PODA: (1344,2190) ** 

Subarvore 9
	0 1 356 979
	0 2 587 285
	0 4 26 603
	3 4 10 275
	(979,2142) 

------------------------------- Descendentes da Subarvore 14 da ITERACAO 3
Subarvore 10
	0 2 587 285
	0 3 745 225
	0 4 26 603
	1 2 926 138
	(2284,1251) 

PODA: (2284,1251) ** 

Subarvore 10
	0 2 587 285
	0 4 26 603
	1 2 926 138
	1 3 826 546
	(2365,1572) 

PODA: (2365,1572) ** 

Subarvore 10
	0 2 587 285
	0 4 26 603
	1 2 926 138
	2 3 375 323
	(1914,1349) 

PODA: (1914,1349) ** 

Subarvore 10
	0 2 587 285
	0 4 26 603
	1 2 926 138
	3 4 10 275
	(1549,1301) 

PODA: (1667,1715) *

PODA: (1798,1429) *

------------------------------- Descendentes da Subarvore 15 da ITERACAO 3
Subarvore 9
	0 2 587 285
	0 3 745 225
	0 4 26 603
	1 4 857 231
	(2215,1344) 

PODA: (2215,1344) ** 

Subarvore 9
	0 2 587 285
	0 4 26 603
	1 3 826 546
	1 4 857 231
	(2296,1665) 

PODA: (2296,1665) ** 

Subarvore 9
	0 2 587 285
	0 4 26 603
	1 4 857 231
	2 3 375 323
	(1845,1442) 

PODA: (1845,1442) ** 

Subarvore 9
	0 2 587 285
	0 4 26 603
	1 4 857 231
	3 4 10 275
	(1480,1394) 

PODA: (1486,1802) *

------------------------------- Descendentes da Subarvore 16 da ITERACAO 3
Subarvore 9
	0 3 745 225
	0 4 26 603
	1 2 926 138
	1 4 857 231
	(2554,1197) 

PODA: (2554,1197) ** 

Subarvore 9
	0 4 26 603
	1 2 926 138
	1 3 826 546
	1 4 857 231
	(2635,1518) 

PODA: (2635,1518) ** 

Subarvore 9
	0 4 26 603
	1 2 926 138
	1 4 857 231
	2 3 375 323
	(2184,1295) 

PODA: (2184,1295) ** 

Subarvore 9
	0 4 26 603
	1 2 926 138
	1 4 857 231
	3 4 10 275
	(1819,1247) 

------------------------------- Descendentes da Subarvore 17 da ITERACAO 3
Subarvore 10
	0 1 356 979
	0 3 745 225
	0 4 26 603
	2 4 422 711
	(1549,2518) 

PODA: (1549,2518) ** 

Subarvore 10
	0 1 356 979
	0 4 26 603
	1 3 826 546
	2 4 422 711
	(1630,2839) 

PODA: (1630,2839) ** 

Subarvore 10
	0 1 356 979
	0 4 26 603
	2 3 375 323
	2 4 422 711
	(1179,2616) 

PODA: (1179,2616) ** 

Subarvore 10
	0 1 356 979
	0 4 26 603
	2 4 422 711
	3 4 10 275
	(814,2568) 

------------------------------- Descendentes da Subarvore 18 da ITERACAO 3
Subarvore 11
	0 3 745 225
	0 4 26 603
	1 2 926 138
	2 4 422 711
	(2119,1677) 

PODA: (2119,1677) ** 

Subarvore 11
	0 4 26 603
	1 2 926 138
	1 3 826 546
	2 4 422 711
	(2200,1998) 

PODA: (2200,1998) ** 

Subarvore 11
	0 4 26 603
	1 2 926 138
	2 3 375 323
	2 4 422 711
	(1749,1775) 

PODA: (1749,1775) ** 

Subarvore 11
	0 4 26 603
	1 2 926 138
	2 4 422 711
	3 4 10 275
	(1384,1727) 

------------------------------- Descendentes da Subarvore 19 da ITERACAO 3
Subarvore 12
	0 3 745 225
	0 4 26 603
	1 4 857 231
	2 4 422 711
	(2050,1770) 

PODA: (2050,1770) ** 

Subarvore 12
	0 4 26 603
	1 3 826 546
	1 4 857 231
	2 4 422 711
	(2131,2091) 

PODA: (2131,2091) ** 

Subarvore 12
	0 4 26 603
	1 4 857 231
	2 3 375 323
	2 4 422 711
	(1680,1868) 

PODA: (1680,1868) ** 

Subarvore 12
	0 4 26 603
	1 4 857 231
	2 4 422 711
	3 4 10 275
	(1315,1820) 

PODA: (1328,1862) *

------------------------------- Descendentes da Subarvore 20 da ITERACAO 3
Subarvore 12
	0 1 356 979
	0 2 587 285
	0 4 26 603
	3 4 10 275
	(979,2142) 

REMOVE DUPLICATA: (979,2142) 

Subarvore 12
	0 1 356 979
	0 4 26 603
	1 2 926 138
	3 4 10 275
	(1318,1995) 

PODA: (1318,1995) ** 

Subarvore 12
	0 1 356 979
	0 4 26 603
	2 3 375 323
	3 4 10 275
	(767,2180) 

PODA: (814,2568) *

Subarvore 12
	0 1 356 979
	0 4 26 603
	2 4 422 711
	3 4 10 275
	(814,2568) 

PODA: (814,2568) ** 

------------------------------- Descendentes da Subarvore 21 da ITERACAO 3
Subarvore 12
	0 1 356 979
	0 2 587 285
	0 4 26 603
	3 4 10 275
	(979,2142) 

REMOVE DUPLICATA: (979,2142) 

Subarvore 12
	0 2 587 285
	0 4 26 603
	1 2 926 138
	3 4 10 275
	(1549,1301) 

REMOVE DUPLICATA: (1549,1301) 

Subarvore 12
	0 2 587 285
	0 4 26 603
	1 3 826 546
	3 4 10 275
	(1449,1709) 

Subarvore 13
	0 2 587 285
	0 4 26 603
	1 4 857 231
	3 4 10 275
	(1480,1394) 

REMOVE DUPLICATA: (1480,1394) 

------------------------------- Descendentes da Subarvore 22 da ITERACAO 3
Subarvore 13
	0 2 587 285
	0 4 26 603
	1 3 826 546
	3 4 10 275
	(1449,1709) 

REMOVE DUPLICATA: (1449,1709) 

Subarvore 13
	0 4 26 603
	1 2 926 138
	1 3 826 546
	3 4 10 275
	(1788,1562) 

PODA: (1788,1562) ** 

Subarvore 13
	0 4 26 603
	1 3 826 546
	2 3 375 323
	3 4 10 275
	(1237,1747) 

PODA: (1315,1820) *

Subarvore 13
	0 4 26 603
	1 3 826 546
	2 4 422 711
	3 4 10 275
	(1284,2135) 

PODA: (1284,2135) ** 

------------------------------- Descendentes da Subarvore 23 da ITERACAO 3
Subarvore 13
	0 1 356 979
	0 4 26 603
	2 3 375 323
	3 4 10 275
	(767,2180) 

REMOVE DUPLICATA: (767,2180) 

Subarvore 13
	0 4 26 603
	1 2 926 138
	2 3 375 323
	3 4 10 275
	(1337,1339) 

PODA: (1384,1727) *

PODA: (1480,1394) *

PODA: (1449,1709) *

Subarvore 11
	0 4 26 603
	1 3 826 546
	2 3 375 323
	3 4 10 275
	(1237,1747) 

REMOVE DUPLICATA: (1237,1747) 

Subarvore 11
	0 4 26 603
	1 4 857 231
	2 3 375 323
	3 4 10 275
	(1268,1432) 

------------------------------- Descendentes da Subarvore 24 da ITERACAO 3
Subarvore 12
	0 2 587 285
	0 4 26 603
	1 4 857 231
	3 4 10 275
	(1480,1394) 

PODA: (1480,1394) ** 

Subarvore 12
	0 4 26 603
	1 2 926 138
	1 4 857 231
	3 4 10 275
	(1819,1247) 

REMOVE DUPLICATA: (1819,1247) 

Subarvore 12
	0 4 26 603
	1 4 857 231
	2 3 375 323
	3 4 10 275
	(1268,1432) 

REMOVE DUPLICATA: (1268,1432) 

Subarvore 12
	0 4 26 603
	1 4 857 231
	2 4 422 711
	3 4 10 275
	(1315,1820) 

PODA: (1315,1820) ** 

2
0.02
Arvore 1
0 2 587 285
1 2 926 138
2 3 375 323
3 4 10 275
(1898, 1021)

Arvore 2
0 2 587 285
1 4 857 231
2 3 375 323
3 4 10 275
(1829, 1114)

Arvore 3
0 2 587 285
0 3 745 225
1 2 926 138
3 4 10 275
(2268, 923)

Arvore 4
0 3 745 225
1 2 926 138
2 3 375 323
3 4 10 275
(2056, 961)

Arvore 5
0 3 745 225
1 2 926 138
1 4 857 231
3 4 10 275
(2538, 869)

Arvore 6
0 1 356 979
0 2 587 285
0 4 26 603
3 4 10 275
(979, 2142)

Arvore 7
0 2 587 285
0 4 26 603
1 2 926 138
3 4 10 275
(1549, 1301)

Arvore 8
0 1 356 979
0 4 26 603
2 3 375 323
3 4 10 275
(767, 2180)

Arvore 9
0 4 26 603
1 2 926 138
2 3 375 323
3 4 10 275
(1337, 1339)

Arvore 10
0 4 26 603
1 3 826 546
2 3 375 323
3 4 10 275
(1237, 1747)

Arvore 11
0 4 26 603
1 2 926 138
1 4 857 231
3 4 10 275
(1819, 1247)

Arvore 12
0 4 26 603
1 4 857 231
2 3 375 323
3 4 10 275
(1268, 1432)

