22
0 1 6 46
0 2 94 56
0 3 49 28
0 4 70 65
0 5 51 30
0 6 6 6
0 7 19 30
0 8 13 28
0 9 20 28
0 10 7 16
0 11 10 33
0 12 46 54
0 13 64 47
0 14 11 8
0 15 2 3
0 16 60 67
0 17 4 28
0 18 80 52
0 19 1 10
0 20 19 36
0 21 12 48
1 2 1 3
1 3 28 34
1 4 72 50
1 5 15 18
1 6 9 37
1 7 31 28
1 8 72 73
1 9 45 41
1 10 54 71
1 11 41 21
1 12 63 59
1 13 7 35
1 14 75 77
1 15 43 53
1 16 97 87
1 17 28 59
1 18 8 24
1 19 35 48
1 20 70 56
1 21 15 54
2 3 27 38
2 4 70 77
2 5 60 32
2 6 85 72
2 7 44 42
2 8 67 67
2 9 30 34
2 10 48 26
2 11 3 12
2 12 99 54
2 13 59 47
2 14 54 69
2 15 22 42
2 16 55 62
2 17 39 26
2 18 14 45
2 19 32 65
2 20 34 41
2 21 47 72
3 4 71 69
3 5 84 63
3 6 78 80
3 7 95 61
3 8 56 36
3 9 14 54
3 10 95 73
3 11 33 28
3 12 22 25
3 13 28 25
3 14 60 59
3 15 46 36
3 16 79 63
3 17 28 35
3 18 39 39
3 19 24 39
3 20 67 36
3 21 47 57
4 5 45 37
4 6 16 55
4 7 59 32
4 8 86 80
4 9 39 37
4 10 53 38
4 11 3 27
4 12 72 43
4 13 78 50
4 14 76 49
4 15 88 89
4 16 53 55
4 17 99 57
4 18 84 46
4 19 75 74
4 20 43 35
4 21 4 43
5 6 62 78
5 7 85 70
5 8 42 67
5 9 96 86
5 10 35 66
5 11 45 66
5 12 33 49
5 13 30 50
5 14 56 74
5 15 38 62
5 16 64 53
5 17 52 70
5 18 31 39
5 19 99 63
5 20 57 30
5 21 68 79
6 7 71 56
6 8 43 57
6 9 82 67
6 10 5 51
6 11 93 63
6 12 75 44
6 13 38 60
6 14 41 69
6 15 88 79
6 16 60 48
6 17 84 87
6 18 31 23
6 19 56 42
6 20 84 51
6 21 73 53
7 8 28 42
7 9 5 13
7 10 75 78
7 11 2 49
7 12 31 51
7 13 15 18
7 14 62 61
7 15 65 35
7 16 53 67
7 17 17 48
7 18 95 56
7 19 9 31
7 20 85 64
7 21 37 57
8 9 21 48
8 10 99 53
8 11 65 81
8 12 100 77
8 13 17 49
8 14 68 53
8 15 74 73
8 16 73 62
8 17 37 51
8 18 14 21
8 19 53 70
8 20 37 61
8 21 66 44
9 10 14 45
9 11 99 96
9 12 69 55
9 13 91 52
9 14 28 27
9 15 41 22
9 16 19 38
9 17 40 65
9 18 90 88
9 19 47 53
9 20 21 19
9 21 88 73
10 11 77 54
10 12 28 38
10 13 92 82
10 14 76 51
10 15 22 17
10 16 41 34
10 17 63 64
10 18 50 72
10 19 51 74
10 20 62 56
10 21 1 43
11 12 28 60
11 13 83 66
11 14 95 50
11 15 39 51
11 16 92 61
11 17 69 80
11 18 6 28
11 19 39 51
11 20 21 55
11 21 28 35
12 13 3 25
12 14 89 75
12 15 9 5
12 16 19 27
12 17 98 78
12 18 88 85
12 19 30 38
12 20 67 37
12 21 95 89
13 14 42 26
13 15 95 70
13 16 24 47
13 17 69 42
13 18 55 38
13 19 75 74
13 20 34 46
13 21 91 67
14 15 64 39
14 16 27 60
14 17 51 70
14 18 14 42
14 19 4 7
14 20 70 43
14 21 64 46
15 16 32 24
15 17 72 44
15 18 16 31
15 19 83 81
15 20 13 7
15 21 25 33
16 17 64 66
16 18 26 28
16 19 2 41
16 20 67 72
16 21 57 48
17 18 38 31
17 19 56 76
17 20 5 17
17 21 37 46
18 19 60 40
18 20 50 60
18 21 92 72
19 20 16 14
19 21 77 64
20 21 28 32
