0 1 26 79
0 2 38 49
0 3 37 43
0 4 79 17
0 5 56 62
0 6 20 70
0 7 54 72
0 8 66 50
0 9 78 25
0 10 28 85
0 11 56 59
0 12 80 16
0 13 42 73
0 14 99 44
1 2 55 41
1 3 62 30
1 4 50 70
1 5 9 67
1 6 31 52
1 7 49 48
1 8 44 77
1 9 37 55
1 10 42 71
1 11 91 50
1 12 51 68
1 13 52 59
1 14 35 68
2 3 87 20
2 4 28 80
2 5 47 39
2 6 66 24
2 7 54 44
2 8 15 88
2 9 94 19
2 10 36 47
2 11 89 54
2 12 76 35
2 13 13 56
2 14 25 59
3 4 99 11
3 5 26 85
3 6 49 57
3 7 27 51
3 8 53 70
3 9 53 50
3 10 92 48
3 11 88 30
3 12 53 32
3 13 41 68
3 14 61 24
4 5 89 45
4 6 73 56
4 7 25 82
4 8 33 49
4 9 9 94
4 10 48 28
4 11 28 85
4 12 47 31
4 13 56 57
4 14 91 27
5 6 50 68
5 7 18 61
5 8 66 32
5 9 37 71
5 10 41 49
5 11 57 23
5 12 46 32
5 13 86 54
5 14 6 49
6 7 31 40
6 8 66 20
6 9 57 41
6 10 28 60
6 11 44 48
6 12 24 55
6 13 55 40
6 14 34 70
7 8 11 67
7 9 31 66
7 10 68 65
7 11 26 53
7 12 20 72
7 13 18 56
7 14 49 42
8 9 85 28
8 10 2 53
8 11 42 69
8 12 36 44
8 13 83 9
8 14 12 46
9 10 88 18
9 11 97 23
9 12 25 50
9 13 49 57
9 14 45 31
10 11 2 81
10 12 15 49
10 13 97 10
10 14 93 9
11 12 79 48
11 13 41 47
11 14 28 66
12 13 97 18
12 14 74 16
13 14 3 64
