15
0 1 84 21
0 2 1 94
0 3 54 42
0 4 77 28
0 5 13 76
0 6 82 23
0 7 84 25
0 8 91 22
0 9 36 56
0 10 87 15
0 11 57 44
0 12 69 28
0 13 15 77
0 14 89 12
1 2 36 69
1 3 83 17
1 4 67 30
1 5 80 25
1 6 22 80
1 7 8 88
1 8 56 48
1 9 54 52
1 10 59 48
1 11 45 54
1 12 55 39
1 13 100 8
1 14 9 84
2 3 49 54
2 4 84 20
2 5 43 54
2 6 91 11
2 7 59 48
2 8 86 24
2 9 56 52
2 10 88 15
2 11 13 77
2 12 78 21
2 13 78 24
2 14 7 89
3 4 15 74
3 5 24 73
3 6 30 61
3 7 57 42
3 8 40 53
3 9 51 43
3 10 46 52
3 11 11 82
3 12 3 98
3 13 31 61
3 14 23 69
4 5 9 79
4 6 32 66
4 7 71 27
4 8 46 55
4 9 42 60
4 10 30 75
4 11 68 30
4 12 88 15
4 13 40 64
4 14 52 53
5 6 74 34
5 7 16 79
5 8 32 63
5 9 33 59
5 10 74 35
5 11 60 46
5 12 69 28
5 13 37 64
5 14 100 4
6 7 17 73
6 8 69 40
6 9 82 26
6 10 27 72
6 11 72 35
6 12 43 54
6 13 34 70
6 14 64 31
7 8 60 46
7 9 55 51
7 10 69 28
7 11 35 56
7 12 22 70
7 13 86 18
7 14 49 46
8 9 8 89
8 10 12 86
8 11 85 26
8 12 66 40
8 13 37 60
8 14 45 55
9 10 54 46
9 11 81 28
9 12 93 9
9 13 28 73
9 14 98 7
10 11 78 27
10 12 3 83
10 13 38 65
10 14 14 80
11 12 52 46
11 13 74 31
11 14 81 27
12 13 34 61
12 14 1 99
13 14 36 56
