17
0 1 60 37
0 2 22 68
0 3 93 15
0 4 75 31
0 5 64 39
0 6 12 77
0 7 95 10
0 8 9 79
0 9 96 5
0 10 30 68
0 11 71 35
0 12 3 96
0 13 76 31
0 14 25 76
0 15 88 18
0 16 87 26
1 2 97 6
1 3 52 53
1 4 98 7
1 5 1 86
1 6 22 67
1 7 56 45
1 8 48 46
1 9 26 71
1 10 8 87
1 11 46 48
1 12 73 28
1 13 69 28
1 14 40 53
1 15 47 46
1 16 15 78
2 3 1 89
2 4 86 17
2 5 31 72
2 6 24 77
2 7 1 96
2 8 97 16
2 9 20 79
2 10 19 79
2 11 13 75
2 12 44 55
2 13 39 53
2 14 54 53
2 15 34 70
2 16 78 20
3 4 38 54
3 5 32 70
3 6 68 40
3 7 60 42
3 8 85 13
3 9 81 25
3 10 77 21
3 11 40 55
3 12 22 76
3 13 9 79
3 14 5 89
3 15 46 52
3 16 16 83
4 5 91 16
4 6 44 49
4 7 22 76
4 8 51 51
4 9 21 78
4 10 24 65
4 11 54 50
4 12 66 31
4 13 50 46
4 14 42 56
4 15 69 41
4 16 82 28
5 6 79 22
5 7 5 90
5 8 31 67
5 9 50 56
5 10 53 43
5 11 37 60
5 12 75 31
5 13 13 85
5 14 1 89
5 15 34 70
5 16 45 57
6 7 13 85
6 8 33 62
6 9 10 79
6 10 3 94
6 11 89 24
6 12 77 20
6 13 41 56
6 14 83 16
6 15 20 75
6 16 27 63
7 8 14 84
7 9 59 46
7 10 15 86
7 11 73 34
7 12 71 25
7 13 72 33
7 14 35 56
7 15 21 79
7 16 94 7
8 9 11 87
8 10 20 76
8 11 43 62
8 12 30 70
8 13 1 93
8 14 82 16
8 15 79 18
8 16 31 65
9 10 4 88
9 11 30 68
9 12 11 82
9 13 52 49
9 14 16 86
9 15 82 20
9 16 26 74
10 11 93 11
10 12 54 42
10 13 43 54
10 14 100 0
10 15 75 28
10 16 4 86
11 12 1 92
11 13 53 51
11 14 73 31
11 15 11 77
11 16 31 64
12 13 10 82
12 14 80 28
12 15 1 97
12 16 74 24
13 14 60 35
13 15 0 86
13 16 87 12
14 15 37 65
14 16 12 87
15 16 69 32
