27
0 1 65 39
0 2 40 55
0 3 66 37
0 4 38 55
0 5 15 83
0 6 51 56
0 7 20 73
0 8 25 66
0 9 8 89
0 10 5 86
0 11 100 7
0 12 88 22
0 13 70 35
0 14 18 79
0 15 79 20
0 16 72 37
0 17 14 79
0 18 18 79
0 19 72 35
0 20 70 33
0 21 72 31
0 22 0 91
0 23 1 95
0 24 93 12
0 25 67 41
0 26 53 55
1 2 7 81
1 3 87 16
1 4 67 38
1 5 75 24
1 6 77 33
1 7 7 92
1 8 2 96
1 9 51 50
1 10 86 17
1 11 86 19
1 12 54 44
1 13 46 51
1 14 45 49
1 15 22 81
1 16 83 28
1 17 10 77
1 18 62 38
1 19 85 27
1 20 34 65
1 21 1 87
1 22 11 81
1 23 2 90
1 24 77 30
1 25 98 9
1 26 33 56
2 3 21 81
2 4 97 13
2 5 57 50
2 6 48 45
2 7 83 17
2 8 61 40
2 9 72 37
2 10 84 22
2 11 84 19
2 12 4 83
2 13 90 22
2 14 47 52
2 15 21 73
2 16 54 51
2 17 14 79
2 18 2 96
2 19 86 22
2 20 47 50
2 21 43 61
2 22 6 93
2 23 39 62
2 24 13 81
2 25 41 57
2 26 91 15
3 4 28 62
3 5 34 57
3 6 14 82
3 7 9 83
3 8 20 80
3 9 61 42
3 10 47 55
3 11 63 45
3 12 54 44
3 13 14 82
3 14 7 82
3 15 52 48
3 16 24 66
3 17 91 17
3 18 10 89
3 19 47 51
3 20 15 81
3 21 22 69
3 22 96 5
3 23 82 17
3 24 75 26
3 25 80 28
3 26 32 66
4 5 63 38
4 6 19 78
4 7 77 28
4 8 37 60
4 9 74 31
4 10 84 27
4 11 57 44
4 12 19 78
4 13 92 19
4 14 74 23
4 15 20 71
4 16 16 73
4 17 66 33
4 18 43 53
4 19 81 20
4 20 20 74
4 21 74 28
4 22 20 82
4 23 62 47
4 24 51 52
4 25 96 9
4 26 65 38
5 6 39 53
5 7 62 42
5 8 14 88
5 9 10 86
5 10 26 68
5 11 84 28
5 12 48 52
5 13 43 56
5 14 51 55
5 15 72 33
5 16 76 21
5 17 69 33
5 18 53 47
5 19 28 66
5 20 43 54
5 21 12 80
5 22 18 71
5 23 81 23
5 24 68 32
5 25 10 90
5 26 13 76
6 7 32 63
6 8 31 65
6 9 25 67
6 10 23 79
6 11 95 18
6 12 79 31
6 13 78 19
6 14 66 43
6 15 90 11
6 16 72 25
6 17 17 81
6 18 80 26
6 19 44 60
6 20 78 33
6 21 14 81
6 22 72 37
6 23 27 63
6 24 66 30
6 25 9 83
6 26 11 79
7 8 38 56
7 9 21 81
7 10 93 17
7 11 2 88
7 12 20 81
7 13 73 34
7 14 2 97
7 15 60 35
7 16 18 77
7 17 42 50
7 18 93 10
7 19 76 26
7 20 17 81
7 21 37 60
7 22 37 60
7 23 56 46
7 24 32 66
7 25 0 89
7 26 73 30
8 9 84 18
8 10 92 22
8 11 98 10
8 12 28 68
8 13 26 72
8 14 87 22
8 15 44 54
8 16 71 37
8 17 32 66
8 18 11 89
8 19 13 77
8 20 22 68
8 21 11 86
8 22 82 26
8 23 69 38
8 24 13 86
8 25 56 42
8 26 33 59
9 10 27 69
9 11 7 90
9 12 26 74
9 13 77 32
9 14 60 35
9 15 91 14
9 16 77 30
9 17 52 51
9 18 54 51
9 19 27 74
9 20 66 35
9 21 93 18
9 22 50 49
9 23 36 65
9 24 14 79
9 25 49 49
9 26 10 79
10 11 35 64
10 12 23 73
10 13 39 65
10 14 48 53
10 15 13 86
10 16 60 43
10 17 54 49
10 18 28 64
10 19 86 12
10 20 4 96
10 21 73 30
10 22 90 15
10 23 39 52
10 24 67 32
10 25 56 50
10 26 21 72
11 12 6 92
11 13 22 70
11 14 85 25
11 15 10 79
11 16 78 23
11 17 95 11
11 18 3 85
11 19 7 86
11 20 100 9
11 21 27 69
11 22 57 48
11 23 37 63
11 24 68 31
11 25 36 69
11 26 88 15
12 13 13 76
12 14 76 23
12 15 5 92
12 16 74 26
12 17 6 85
12 18 83 21
12 19 61 48
12 20 55 51
12 21 7 93
12 22 25 64
12 23 25 75
12 24 28 62
12 25 9 79
12 26 55 51
13 14 49 50
13 15 53 54
13 16 25 72
13 17 12 86
13 18 99 9
13 19 65 44
13 20 6 90
13 21 65 43
13 22 2 85
13 23 35 57
13 24 69 31
13 25 30 68
13 26 11 85
14 15 56 46
14 16 67 42
14 17 85 13
14 18 43 50
14 19 48 55
14 20 32 60
14 21 46 52
14 22 48 53
14 23 77 24
14 24 88 13
14 25 90 13
14 26 44 59
15 16 52 44
15 17 36 55
15 18 12 89
15 19 93 17
15 20 50 56
15 21 15 87
15 22 28 62
15 23 34 66
15 24 28 71
15 25 59 37
15 26 44 56
16 17 27 76
16 18 42 64
16 19 21 70
16 20 89 9
16 21 10 84
16 22 84 23
16 23 85 27
16 24 38 63
16 25 17 83
16 26 41 59
17 18 14 81
17 19 63 32
17 20 56 47
17 21 22 79
17 22 85 26
17 23 56 46
17 24 45 50
17 25 60 43
17 26 80 17
18 19 3 97
18 20 81 28
18 21 64 41
18 22 30 67
18 23 56 39
18 24 51 47
18 25 61 35
18 26 76 30
19 20 2 91
19 21 56 44
19 22 27 74
19 23 47 50
19 24 81 23
19 25 18 77
19 26 9 80
20 21 5 84
20 22 82 28
20 23 0 87
20 24 74 37
20 25 31 67
20 26 46 51
21 22 17 83
21 23 82 28
21 24 55 47
21 25 33 57
21 26 18 78
22 23 27 64
22 24 2 89
22 25 36 59
22 26 54 40
23 24 49 52
23 25 9 88
23 26 40 55
24 25 93 11
24 26 6 83
25 26 5 91
