38
0 1 62 46
0 2 8 82
0 3 74 57
0 4 60 28
0 5 66 35
0 6 82 28
0 7 18 62
0 8 31 60
0 9 31 46
0 10 45 55
0 11 5 72
0 12 3 63
0 13 41 48
0 14 99 47
0 15 68 59
0 16 76 50
0 17 98 17
0 18 75 20
0 19 92 13
0 20 13 55
0 21 30 53
0 22 23 62
0 23 37 80
0 24 74 49
0 25 93 34
0 26 84 56
0 27 30 78
0 28 63 28
0 29 60 52
0 30 51 28
0 31 7 80
0 32 22 65
0 33 96 17
0 34 68 25
0 35 90 37
0 36 51 42
0 37 99 38
1 2 4 70
1 3 28 82
1 4 26 79
1 5 13 83
1 6 47 60
1 7 7 56
1 8 46 41
1 9 50 48
1 10 92 27
1 11 59 22
1 12 21 46
1 13 97 24
1 14 51 52
1 15 40 67
1 16 88 28
1 17 23 81
1 18 65 44
1 19 4 75
1 20 64 59
1 21 3 74
1 22 28 65
1 23 28 63
1 24 50 75
1 25 46 38
1 26 24 50
1 27 34 34
1 28 27 39
1 29 70 45
1 30 37 37
1 31 37 41
1 32 25 64
1 33 21 87
1 34 7 47
1 35 55 52
1 36 100 12
1 37 73 43
2 3 91 18
2 4 95 18
2 5 39 63
2 6 99 9
2 7 49 39
2 8 5 56
2 9 57 41
2 10 20 79
2 11 90 25
2 12 22 85
2 13 67 64
2 14 56 68
2 15 96 22
2 16 41 38
2 17 39 39
2 18 99 28
2 19 44 75
2 20 35 63
2 21 10 81
2 22 20 65
2 23 25 51
2 24 89 6
2 25 20 52
2 26 40 54
2 27 27 74
2 28 15 73
2 29 56 71
2 30 34 46
2 31 60 25
2 32 87 18
2 33 59 37
2 34 1 89
2 35 18 46
2 36 71 56
2 37 73 56
3 4 69 26
3 5 13 51
3 6 43 46
3 7 19 52
3 8 72 18
3 9 46 41
3 10 69 19
3 11 68 36
3 12 77 42
3 13 2 78
3 14 76 59
3 15 69 54
3 16 56 72
3 17 0 98
3 18 67 55
3 19 43 36
3 20 28 54
3 21 56 24
3 22 75 53
3 23 36 73
3 24 61 20
3 25 67 45
3 26 95 12
3 27 35 56
3 28 68 31
3 29 69 35
3 30 84 17
3 31 10 52
3 32 48 32
3 33 68 44
3 34 84 38
3 35 53 25
3 36 56 42
3 37 77 19
4 5 35 44
4 6 100 2
4 7 52 56
4 8 100 33
4 9 21 57
4 10 66 57
4 11 84 53
4 12 38 47
4 13 47 73
4 14 15 62
4 15 71 27
4 16 19 82
4 17 64 63
4 18 71 24
4 19 25 61
4 20 56 40
4 21 98 15
4 22 41 59
4 23 56 22
4 24 94 41
4 25 31 77
4 26 34 43
4 27 38 74
4 28 89 8
4 29 19 56
4 30 5 73
4 31 21 74
4 32 22 81
4 33 53 27
4 34 15 55
4 35 53 35
4 36 71 45
4 37 92 11
5 6 89 23
5 7 50 55
5 8 78 43
5 9 44 55
5 10 51 54
5 11 25 42
5 12 92 54
5 13 34 44
5 14 59 39
5 15 59 45
5 16 90 23
5 17 49 53
5 18 57 40
5 19 9 82
5 20 60 60
5 21 18 43
5 22 89 17
5 23 6 74
5 24 61 33
5 25 24 54
5 26 8 83
5 27 28 41
5 28 77 25
5 29 8 86
5 30 55 23
5 31 10 80
5 32 24 65
5 33 63 26
5 34 28 36
5 35 79 33
5 36 89 6
5 37 42 62
6 7 31 77
6 8 70 39
6 9 78 21
6 10 0 72
6 11 72 49
6 12 11 81
6 13 0 55
6 14 20 50
6 15 68 62
6 16 68 59
6 17 91 38
6 18 4 82
6 19 80 41
6 20 1 82
6 21 14 56
6 22 12 48
6 23 79 28
6 24 53 70
6 25 82 38
6 26 9 89
6 27 89 46
6 28 91 36
6 29 99 46
6 30 22 69
6 31 14 86
6 32 98 3
6 33 51 35
6 34 18 77
6 35 10 63
6 36 84 46
6 37 1 70
7 8 81 28
7 9 26 41
7 10 69 27
7 11 45 61
7 12 34 82
7 13 96 25
7 14 94 21
7 15 65 45
7 16 89 20
7 17 77 22
7 18 27 75
7 19 3 87
7 20 47 60
7 21 41 54
7 22 53 43
7 23 76 38
7 24 32 56
7 25 22 66
7 26 26 52
7 27 62 31
7 28 26 45
7 29 82 37
7 30 23 73
7 31 43 67
7 32 79 43
7 33 93 45
7 34 98 33
7 35 63 44
7 36 12 90
7 37 46 30
8 9 4 74
8 10 40 77
8 11 7 90
8 12 12 70
8 13 22 64
8 14 43 61
8 15 95 3
8 16 55 56
8 17 5 96
8 18 100 5
8 19 50 67
8 20 15 74
8 21 30 61
8 22 28 65
8 23 11 65
8 24 6 77
8 25 20 60
8 26 0 100
8 27 83 28
8 28 87 30
8 29 74 30
8 30 72 47
8 31 52 50
8 32 86 38
8 33 52 53
8 34 48 64
8 35 82 15
8 36 27 66
8 37 67 26
9 10 85 24
9 11 96 46
9 12 41 61
9 13 87 38
9 14 85 23
9 15 49 67
9 16 21 55
9 17 31 51
9 18 39 41
9 19 65 64
9 20 26 40
9 21 4 69
9 22 13 60
9 23 88 49
9 24 20 75
9 25 59 32
9 26 13 67
9 27 57 21
9 28 56 59
9 29 87 25
9 30 5 66
9 31 43 43
9 32 75 13
9 33 33 60
9 34 9 53
9 35 32 81
9 36 13 81
9 37 31 79
10 11 79 56
10 12 13 45
10 13 57 66
10 14 30 57
10 15 62 56
10 16 82 41
10 17 56 36
10 18 48 59
10 19 10 49
10 20 47 76
10 21 71 32
10 22 17 43
10 23 27 70
10 24 1 65
10 25 11 50
10 26 9 62
10 27 38 59
10 28 5 73
10 29 34 44
10 30 20 46
10 31 47 30
10 32 28 47
10 33 47 34
10 34 92 18
10 35 11 89
10 36 70 47
10 37 5 69
11 12 4 94
11 13 70 50
11 14 53 47
11 15 0 60
11 16 2 53
11 17 93 5
11 18 56 44
11 19 73 42
11 20 9 46
11 21 94 49
11 22 56 41
11 23 47 28
11 24 69 38
11 25 45 63
11 26 25 38
11 27 90 25
11 28 56 50
11 29 68 40
11 30 6 88
11 31 59 41
11 32 87 22
11 33 27 72
11 34 32 79
11 35 4 63
11 36 20 83
11 37 4 93
12 13 85 17
12 14 99 10
12 15 33 67
12 16 5 64
12 17 49 31
12 18 31 77
12 19 82 50
12 20 21 89
12 21 63 48
12 22 99 11
12 23 91 52
12 24 56 50
12 25 75 48
12 26 76 60
12 27 92 31
12 28 59 42
12 29 22 39
12 30 97 15
12 31 43 45
12 32 46 55
12 33 10 82
12 34 65 51
12 35 40 36
12 36 97 41
12 37 53 56
13 14 40 39
13 15 24 81
13 16 12 60
13 17 85 53
13 18 86 50
13 19 67 63
13 20 68 36
13 21 27 65
13 22 56 60
13 23 78 25
13 24 99 17
13 25 26 74
13 26 73 33
13 27 28 73
13 28 97 25
13 29 44 71
13 30 14 75
13 31 74 54
13 32 52 47
13 33 74 55
13 34 16 87
13 35 40 46
13 36 87 28
13 37 71 21
14 15 88 13
14 16 86 14
14 17 12 68
14 18 15 83
14 19 40 39
14 20 12 89
14 21 25 49
14 22 66 28
14 23 11 71
14 24 64 39
14 25 57 35
14 26 16 60
14 27 52 56
14 28 40 44
14 29 83 39
14 30 92 38
14 31 19 53
14 32 35 41
14 33 67 44
14 34 1 52
14 35 12 54
14 36 47 53
14 37 56 28
15 16 7 85
15 17 39 46
15 18 20 49
15 19 0 56
15 20 93 15
15 21 69 45
15 22 98 19
15 23 57 63
15 24 93 51
15 25 53 60
15 26 53 73
15 27 99 32
15 28 15 63
15 29 91 30
15 30 7 83
15 31 99 32
15 32 5 77
15 33 0 98
15 34 52 59
15 35 79 53
15 36 23 78
15 37 48 67
16 17 11 71
16 18 68 37
16 19 54 56
16 20 35 74
16 21 18 59
16 22 46 74
16 23 7 74
16 24 69 52
16 25 47 51
16 26 87 7
16 27 61 43
16 28 83 46
16 29 56 64
16 30 26 55
16 31 32 38
16 32 39 63
16 33 6 56
16 34 65 46
16 35 59 68
16 36 91 51
16 37 90 32
17 18 53 59
17 19 1 86
17 20 50 28
17 21 84 20
17 22 60 39
17 23 48 70
17 24 63 40
17 25 28 60
17 26 40 74
17 27 43 38
17 28 32 35
17 29 42 57
17 30 82 15
17 31 98 42
17 32 46 62
17 33 27 57
17 34 72 59
17 35 44 38
17 36 68 64
17 37 82 47
18 19 52 63
18 20 50 72
18 21 63 24
18 22 88 44
18 23 56 39
18 24 31 68
18 25 49 30
18 26 28 42
18 27 43 38
18 28 89 21
18 29 41 56
18 30 48 73
18 31 4 74
18 32 9 89
18 33 22 71
18 34 28 79
18 35 64 25
18 36 46 46
18 37 89 33
19 20 8 54
19 21 96 42
19 22 21 77
19 23 10 64
19 24 23 49
19 25 91 14
19 26 38 67
19 27 32 64
19 28 87 24
19 29 81 41
19 30 91 34
19 31 67 62
19 32 49 72
19 33 40 59
19 34 3 80
19 35 88 40
19 36 21 74
19 37 17 88
20 21 11 61
20 22 21 71
20 23 39 54
20 24 47 50
20 25 88 54
20 26 85 26
20 27 11 66
20 28 1 63
20 29 78 30
20 30 20 84
20 31 68 22
20 32 32 75
20 33 6 83
20 34 34 43
20 35 50 56
20 36 96 20
20 37 74 53
21 22 43 70
21 23 45 70
21 24 97 24
21 25 31 56
21 26 19 79
21 27 56 49
21 28 9 50
21 29 93 43
21 30 76 17
21 31 56 33
21 32 27 48
21 33 20 74
21 34 89 19
21 35 59 50
21 36 39 68
21 37 84 21
22 23 11 63
22 24 94 46
22 25 43 56
22 26 60 47
22 27 73 57
22 28 31 42
22 29 26 82
22 30 28 60
22 31 22 47
22 32 5 92
22 33 55 60
22 34 80 44
22 35 22 66
22 36 77 50
22 37 30 50
23 24 48 48
23 25 11 64
23 26 70 18
23 27 52 25
23 28 95 41
23 29 51 31
23 30 35 73
23 31 78 37
23 32 46 74
23 33 11 62
23 34 23 57
23 35 94 24
23 36 45 55
23 37 28 78
24 25 12 85
24 26 32 46
24 27 48 51
24 28 44 67
24 29 18 81
24 30 41 67
24 31 68 56
24 32 23 66
24 33 18 85
24 34 35 73
24 35 52 70
24 36 63 50
24 37 28 63
25 26 89 6
25 27 39 69
25 28 16 84
25 29 27 75
25 30 87 54
25 31 61 60
25 32 28 71
25 33 91 35
25 34 60 60
25 35 59 36
25 36 39 80
25 37 11 51
26 27 23 86
26 28 6 94
26 29 99 30
26 30 20 84
26 31 67 51
26 32 53 62
26 33 54 39
26 34 93 45
26 35 11 59
26 36 86 25
26 37 73 47
27 28 67 51
27 29 62 66
27 30 88 28
27 31 31 39
27 32 9 69
27 33 4 85
27 34 46 74
27 35 4 90
27 36 76 36
27 37 94 30
28 29 99 35
28 30 21 54
28 31 95 42
28 32 77 35
28 33 66 64
28 34 9 48
28 35 36 65
28 36 46 75
28 37 28 62
29 30 5 77
29 31 81 20
29 32 57 68
29 33 91 36
29 34 77 32
29 35 96 14
29 36 56 68
29 37 37 32
30 31 100 46
30 32 32 61
30 33 35 46
30 34 87 9
30 35 13 86
30 36 55 51
30 37 20 72
31 32 18 74
31 33 68 54
31 34 97 20
31 35 84 25
31 36 94 32
31 37 11 63
32 33 15 82
32 34 60 43
32 35 20 52
32 36 1 73
32 37 42 37
33 34 30 52
33 35 18 86
33 36 1 70
33 37 63 33
34 35 49 57
34 36 82 59
34 37 11 64
35 36 32 74
35 37 38 36
36 37 9 60
