38
0 1 89 22
0 2 13 84
0 3 25 70
0 4 17 82
0 5 56 52
0 6 40 57
0 7 27 77
0 8 60 42
0 9 34 66
0 10 14 77
0 11 45 57
0 12 50 43
0 13 65 33
0 14 31 71
0 15 88 19
0 16 86 27
0 17 31 63
0 18 28 65
0 19 56 45
0 20 66 43
0 21 66 34
0 22 61 46
0 23 15 81
0 24 47 56
0 25 43 60
0 26 25 79
0 27 89 16
0 28 8 86
0 29 36 68
0 30 57 44
0 31 38 63
0 32 39 63
0 33 92 18
0 34 73 30
0 35 70 28
0 36 12 88
0 37 72 31
1 2 56 38
1 3 86 14
1 4 54 43
1 5 20 70
1 6 19 81
1 7 60 40
1 8 93 21
1 9 90 16
1 10 27 77
1 11 34 57
1 12 44 56
1 13 33 68
1 14 86 27
1 15 32 66
1 16 76 33
1 17 36 60
1 18 48 59
1 19 77 19
1 20 55 40
1 21 37 56
1 22 52 41
1 23 42 60
1 24 45 49
1 25 91 15
1 26 31 63
1 27 46 60
1 28 40 61
1 29 73 28
1 30 55 39
1 31 44 51
1 32 45 62
1 33 9 81
1 34 41 53
1 35 44 62
1 36 96 9
1 37 0 93
2 3 53 42
2 4 20 69
2 5 88 20
2 6 88 15
2 7 7 83
2 8 10 80
2 9 67 38
2 10 2 91
2 11 32 64
2 12 11 79
2 13 62 40
2 14 88 23
2 15 78 21
2 16 96 11
2 17 54 52
2 18 34 61
2 19 41 64
2 20 13 88
2 21 5 92
2 22 81 24
2 23 92 17
2 24 4 84
2 25 13 74
2 26 28 65
2 27 44 49
2 28 92 16
2 29 54 42
2 30 17 81
2 31 76 21
2 32 31 66
2 33 98 13
2 34 82 19
2 35 98 3
2 36 62 33
2 37 52 54
3 4 43 53
3 5 56 39
3 6 97 6
3 7 64 41
3 8 74 34
3 9 56 39
3 10 12 87
3 11 13 89
3 12 91 17
3 13 27 64
3 14 43 56
3 15 93 18
3 16 57 45
3 17 17 76
3 18 80 18
3 19 75 34
3 20 17 74
3 21 31 71
3 22 23 80
3 23 52 50
3 24 98 10
3 25 28 69
3 26 30 72
3 27 14 83
3 28 59 39
3 29 15 87
3 30 88 19
3 31 56 38
3 32 74 36
3 33 1 87
3 34 21 68
3 35 8 81
3 36 24 74
3 37 24 76
4 5 31 63
4 6 11 77
4 7 42 52
4 8 46 56
4 9 35 57
4 10 66 35
4 11 57 45
4 12 49 45
4 13 62 33
4 14 40 53
4 15 34 69
4 16 79 21
4 17 21 67
4 18 48 56
4 19 50 49
4 20 56 49
4 21 40 53
4 22 4 94
4 23 14 88
4 24 13 74
4 25 72 28
4 26 99 3
4 27 13 75
4 28 68 37
4 29 2 90
4 30 99 10
4 31 32 69
4 32 3 97
4 33 61 42
4 34 14 80
4 35 17 77
4 36 66 40
4 37 36 67
5 6 30 75
5 7 56 46
5 8 59 35
5 9 28 76
5 10 32 67
5 11 84 21
5 12 66 36
5 13 78 26
5 14 94 16
5 15 14 85
5 16 62 39
5 17 27 69
5 18 7 93
5 19 35 64
5 20 25 71
5 21 43 56
5 22 8 89
5 23 13 86
5 24 38 57
5 25 82 22
5 26 74 33
5 27 40 52
5 28 88 21
5 29 10 78
5 30 78 28
5 31 41 62
5 32 8 83
5 33 61 37
5 34 11 84
5 35 25 75
5 36 11 85
5 37 9 87
6 7 87 23
6 8 33 59
6 9 11 89
6 10 94 19
6 11 17 78
6 12 74 34
6 13 30 73
6 14 59 43
6 15 67 33
6 16 28 69
6 17 51 48
6 18 24 76
6 19 40 54
6 20 10 90
6 21 35 63
6 22 26 68
6 23 24 75
6 24 80 21
6 25 16 74
6 26 1 96
6 27 56 52
6 28 0 95
6 29 33 59
6 30 31 64
6 31 42 57
6 32 65 44
6 33 27 77
6 34 74 27
6 35 96 9
6 36 57 38
6 37 100 3
7 8 35 56
7 9 90 16
7 10 25 71
7 11 83 15
7 12 95 19
7 13 74 31
7 14 83 17
7 15 70 27
7 16 17 76
7 17 4 94
7 18 66 38
7 19 32 61
7 20 35 70
7 21 1 85
7 22 50 52
7 23 28 67
7 24 56 47
7 25 3 94
7 26 25 74
7 27 1 94
7 28 35 63
7 29 73 36
7 30 13 79
7 31 87 24
7 32 48 56
7 33 32 59
7 34 56 47
7 35 94 16
7 36 3 86
7 37 94 14
8 9 11 82
8 10 21 79
8 11 1 92
8 12 9 87
8 13 7 86
8 14 0 98
8 15 91 21
8 16 87 22
8 17 88 17
8 18 20 83
8 19 56 51
8 20 26 72
8 21 3 93
8 22 38 54
8 23 88 12
8 24 81 18
8 25 67 31
8 26 65 32
8 27 88 14
8 28 44 60
8 29 12 76
8 30 0 96
8 31 15 84
8 32 16 72
8 33 6 89
8 34 86 23
8 35 34 69
8 36 17 73
8 37 59 47
9 10 76 24
9 11 31 60
9 12 43 49
9 13 45 49
9 14 55 40
9 15 87 16
9 16 59 41
9 17 61 46
9 18 100 1
9 19 49 51
9 20 65 45
9 21 34 66
9 22 50 46
9 23 2 86
9 24 28 66
9 25 16 79
9 26 16 76
9 27 72 35
9 28 80 23
9 29 50 44
9 30 11 89
9 31 76 32
9 32 44 59
9 33 8 91
9 34 28 65
9 35 85 14
9 36 17 79
9 37 56 42
10 11 17 70
10 12 85 25
10 13 37 60
10 14 43 61
10 15 87 15
10 16 42 52
10 17 69 34
10 18 27 67
10 19 88 14
10 20 83 18
10 21 61 37
10 22 16 85
10 23 20 70
10 24 6 81
10 25 75 28
10 26 83 23
10 27 54 42
10 28 41 54
10 29 23 79
10 30 36 63
10 31 100 5
10 32 4 82
10 33 98 5
10 34 56 51
10 35 19 73
10 36 78 25
10 37 79 30
11 12 61 48
11 13 78 21
11 14 9 92
11 15 97 7
11 16 50 55
11 17 55 53
11 18 28 67
11 19 28 74
11 20 15 82
11 21 4 92
11 22 19 80
11 23 41 51
11 24 28 75
11 25 18 76
11 26 39 65
11 27 86 19
11 28 1 90
11 29 28 64
11 30 22 80
11 31 71 30
11 32 1 95
11 33 76 25
11 34 30 71
11 35 20 80
11 36 37 56
11 37 3 94
12 13 90 10
12 14 5 94
12 15 66 34
12 16 30 64
12 17 66 41
12 18 18 80
12 19 19 75
12 20 9 80
12 21 31 59
12 22 48 46
12 23 5 92
12 24 55 49
12 25 2 88
12 26 47 47
12 27 3 89
12 28 20 81
12 29 34 62
12 30 37 61
12 31 38 65
12 32 37 54
12 33 95 6
12 34 68 34
12 35 96 14
12 36 31 64
12 37 12 87
13 14 23 73
13 15 22 74
13 16 60 38
13 17 95 19
13 18 2 97
13 19 42 63
13 20 98 8
13 21 75 30
13 22 98 11
13 23 54 42
13 24 28 64
13 25 99 11
13 26 49 45
13 27 61 42
13 28 92 12
13 29 32 72
13 30 12 82
13 31 71 34
13 32 61 39
13 33 86 12
13 34 17 73
13 35 19 71
13 36 48 49
13 37 48 54
14 15 28 65
14 16 75 27
14 17 7 92
14 18 98 4
14 19 51 48
14 20 74 34
14 21 74 22
14 22 71 40
14 23 51 47
14 24 44 62
14 25 76 23
14 26 4 83
14 27 80 17
14 28 94 13
14 29 51 43
14 30 57 44
14 31 41 60
14 32 11 90
14 33 44 51
14 34 4 93
14 35 59 46
14 36 59 50
14 37 36 68
15 16 32 66
15 17 31 59
15 18 66 37
15 19 18 75
15 20 22 68
15 21 82 17
15 22 39 56
15 23 51 53
15 24 69 31
15 25 98 11
15 26 4 85
15 27 68 40
15 28 56 42
15 29 40 64
15 30 52 50
15 31 14 88
15 32 94 8
15 33 63 36
15 34 70 37
15 35 75 33
15 36 12 75
15 37 67 30
16 17 33 65
16 18 62 38
16 19 60 49
16 20 55 47
16 21 90 14
16 22 68 28
16 23 49 50
16 24 24 79
16 25 3 93
16 26 27 70
16 27 14 82
16 28 97 11
16 29 26 69
16 30 61 41
16 31 43 50
16 32 18 72
16 33 72 30
16 34 61 36
16 35 62 34
16 36 17 80
16 37 74 32
17 18 4 84
17 19 59 39
17 20 35 64
17 21 12 83
17 22 61 44
17 23 18 82
17 24 39 67
17 25 48 46
17 26 99 1
17 27 31 62
17 28 68 28
17 29 35 62
17 30 30 63
17 31 98 9
17 32 1 97
17 33 48 56
17 34 28 74
17 35 0 88
17 36 83 25
17 37 61 46
18 19 7 81
18 20 88 20
18 21 9 86
18 22 84 21
18 23 57 50
18 24 96 13
18 25 3 96
18 26 4 92
18 27 54 40
18 28 22 70
18 29 90 15
18 30 71 27
18 31 63 45
18 32 1 91
18 33 93 18
18 34 52 51
18 35 49 54
18 36 82 19
18 37 88 16
19 20 10 79
19 21 32 66
19 22 98 8
19 23 56 41
19 24 65 30
19 25 21 71
19 26 74 32
19 27 78 19
19 28 55 42
19 29 72 37
19 30 14 88
19 31 73 24
19 32 50 47
19 33 72 38
19 34 52 51
19 35 28 72
19 36 14 86
19 37 94 11
20 21 87 25
20 22 98 9
20 23 39 57
20 24 63 32
20 25 30 67
20 26 36 68
20 27 20 69
20 28 81 21
20 29 18 78
20 30 35 67
20 31 43 60
20 32 55 46
20 33 84 28
20 34 85 14
20 35 83 20
20 36 86 18
20 37 5 90
21 22 28 66
21 23 83 20
21 24 54 44
21 25 54 39
21 26 47 51
21 27 27 77
21 28 64 43
21 29 8 86
21 30 2 91
21 31 12 81
21 32 6 88
21 33 65 42
21 34 53 47
21 35 39 53
21 36 67 33
21 37 82 22
22 23 53 47
22 24 25 68
22 25 30 69
22 26 2 92
22 27 43 49
22 28 64 33
22 29 86 25
22 30 4 90
22 31 88 16
22 32 65 42
22 33 87 16
22 34 12 80
22 35 37 66
22 36 35 68
22 37 30 61
23 24 24 76
23 25 12 79
23 26 63 43
23 27 44 51
23 28 30 65
23 29 48 48
23 30 76 32
23 31 15 75
23 32 74 34
23 33 100 5
23 34 11 80
23 35 26 66
23 36 76 22
23 37 67 38
24 25 39 60
24 26 49 52
24 27 79 30
24 28 25 70
24 29 95 17
24 30 80 28
24 31 28 62
24 32 35 64
24 33 83 28
24 34 31 71
24 35 92 20
24 36 78 27
24 37 97 15
25 26 38 59
25 27 65 33
25 28 90 22
25 29 10 79
25 30 94 7
25 31 28 65
25 32 86 13
25 33 95 13
25 34 75 36
25 35 53 43
25 36 42 62
25 37 85 27
26 27 77 28
26 28 56 44
26 29 33 62
26 30 52 41
26 31 53 44
26 32 50 46
26 33 15 85
26 34 30 71
26 35 52 55
26 36 30 65
26 37 11 80
27 28 87 18
27 29 82 28
27 30 18 83
27 31 45 61
27 32 43 57
27 33 67 38
27 34 47 55
27 35 76 34
27 36 34 59
27 37 26 72
28 29 87 17
28 30 41 52
28 31 64 44
28 32 52 56
28 33 56 43
28 34 2 88
28 35 12 77
28 36 46 60
28 37 68 36
29 30 40 56
29 31 39 57
29 32 23 73
29 33 52 56
29 34 30 72
29 35 92 8
29 36 82 15
29 37 92 18
30 31 11 81
30 32 56 45
30 33 75 23
30 34 31 73
30 35 17 73
30 36 35 69
30 37 76 22
31 32 38 64
31 33 22 81
31 34 84 18
31 35 7 81
31 36 66 43
31 37 9 79
32 33 38 63
32 34 12 82
32 35 67 31
32 36 48 48
32 37 85 19
33 34 79 19
33 35 37 57
33 36 41 62
33 37 10 84
34 35 56 40
34 36 27 64
34 37 24 68
35 36 28 67
35 37 48 46
36 37 43 51
