40
0 1 10 78
0 2 43 60
0 3 75 31
0 4 56 41
0 5 76 31
0 6 14 76
0 7 28 68
0 8 94 11
0 9 50 51
0 10 1 97
0 11 35 57
0 12 95 5
0 13 31 63
0 14 43 57
0 15 63 41
0 16 50 46
0 17 75 30
0 18 99 6
0 19 43 63
0 20 18 74
0 21 30 65
0 22 17 83
0 23 61 47
0 24 43 54
0 25 62 35
0 26 95 10
0 27 31 61
0 28 67 43
0 29 33 62
0 30 22 80
0 31 73 28
0 32 48 44
0 33 82 28
0 34 74 31
0 35 45 53
0 36 8 83
0 37 7 84
0 38 88 24
0 39 25 77
1 2 1 84
1 3 52 54
1 4 4 93
1 5 41 59
1 6 42 55
1 7 43 49
1 8 13 80
1 9 46 49
1 10 30 72
1 11 83 17
1 12 86 12
1 13 78 19
1 14 73 24
1 15 47 55
1 16 51 54
1 17 77 20
1 18 49 51
1 19 20 71
1 20 36 65
1 21 60 37
1 22 85 22
1 23 34 56
1 24 77 35
1 25 31 60
1 26 28 66
1 27 62 39
1 28 82 30
1 29 75 22
1 30 24 72
1 31 85 19
1 32 57 38
1 33 71 30
1 34 57 50
1 35 3 91
1 36 53 53
1 37 36 65
1 38 12 78
1 39 36 68
2 3 7 93
2 4 39 55
2 5 63 36
2 6 56 47
2 7 19 75
2 8 70 26
2 9 79 26
2 10 52 46
2 11 79 28
2 12 19 69
2 13 64 38
2 14 19 76
2 15 44 48
2 16 93 11
2 17 44 53
2 18 51 44
2 19 54 40
2 20 66 34
2 21 93 19
2 22 77 22
2 23 99 3
2 24 76 28
2 25 53 47
2 26 46 51
2 27 39 55
2 28 56 42
2 29 38 57
2 30 42 64
2 31 15 86
2 32 24 79
2 33 39 66
2 34 23 66
2 35 74 33
2 36 14 86
2 37 45 51
2 38 92 11
2 39 6 82
3 4 71 27
3 5 46 53
3 6 76 27
3 7 83 28
3 8 76 21
3 9 53 45
3 10 38 67
3 11 6 89
3 12 54 49
3 13 43 57
3 14 44 50
3 15 41 61
3 16 36 68
3 17 70 26
3 18 87 21
3 19 43 54
3 20 16 79
3 21 4 82
3 22 50 46
3 23 64 34
3 24 27 69
3 25 93 14
3 26 4 94
3 27 21 69
3 28 91 15
3 29 4 83
3 30 14 84
3 31 15 86
3 32 32 59
3 33 12 87
3 34 24 77
3 35 69 30
3 36 98 4
3 37 98 4
3 38 79 21
3 39 51 45
4 5 77 28
4 6 93 8
4 7 7 91
4 8 51 43
4 9 57 37
4 10 13 81
4 11 26 73
4 12 81 30
4 13 33 64
4 14 59 48
4 15 8 86
4 16 75 32
4 17 88 22
4 18 52 47
4 19 61 33
4 20 5 83
4 21 14 78
4 22 9 87
4 23 100 4
4 24 94 19
4 25 64 42
4 26 12 87
4 27 44 52
4 28 19 80
4 29 55 52
4 30 25 71
4 31 71 38
4 32 31 67
4 33 89 12
4 34 35 62
4 35 42 49
4 36 64 33
4 37 12 86
4 38 11 78
4 39 43 48
5 6 8 89
5 7 56 44
5 8 6 91
5 9 56 46
5 10 64 35
5 11 49 54
5 12 61 40
5 13 77 26
5 14 40 53
5 15 97 3
5 16 35 57
5 17 67 36
5 18 5 83
5 19 3 95
5 20 21 73
5 21 13 86
5 22 90 12
5 23 34 63
5 24 15 85
5 25 40 55
5 26 44 62
5 27 48 46
5 28 92 11
5 29 18 78
5 30 19 76
5 31 16 76
5 32 63 40
5 33 74 28
5 34 8 85
5 35 53 46
5 36 55 45
5 37 42 57
5 38 52 45
5 39 79 26
6 7 26 71
6 8 56 48
6 9 70 37
6 10 43 57
6 11 62 45
6 12 82 31
6 13 13 82
6 14 51 56
6 15 8 92
6 16 92 10
6 17 57 38
6 18 46 50
6 19 49 57
6 20 98 5
6 21 69 38
6 22 7 81
6 23 33 62
6 24 91 17
6 25 91 10
6 26 100 11
6 27 96 11
6 28 33 57
6 29 91 15
6 30 16 82
6 31 4 95
6 32 81 26
6 33 82 23
6 34 47 48
6 35 88 23
6 36 39 54
6 37 44 56
6 38 8 78
6 39 51 45
7 8 4 83
7 9 55 39
7 10 68 41
7 11 2 94
7 12 15 81
7 13 23 69
7 14 36 61
7 15 63 34
7 16 79 31
7 17 23 70
7 18 38 63
7 19 15 76
7 20 49 53
7 21 22 67
7 22 66 34
7 23 6 84
7 24 68 37
7 25 15 85
7 26 90 20
7 27 83 17
7 28 30 61
7 29 77 27
7 30 62 35
7 31 57 41
7 32 36 63
7 33 41 51
7 34 28 71
7 35 6 87
7 36 13 83
7 37 25 72
7 38 81 20
7 39 82 20
8 9 69 28
8 10 83 16
8 11 19 75
8 12 5 89
8 13 56 41
8 14 99 14
8 15 15 74
8 16 52 46
8 17 19 73
8 18 20 69
8 19 50 54
8 20 66 40
8 21 6 92
8 22 97 5
8 23 10 84
8 24 22 81
8 25 84 24
8 26 27 65
8 27 9 79
8 28 12 85
8 29 1 97
8 30 65 30
8 31 50 46
8 32 2 87
8 33 68 36
8 34 5 93
8 35 19 72
8 36 99 8
8 37 89 20
8 38 75 34
8 39 22 79
9 10 67 33
9 11 45 51
9 12 20 68
9 13 5 88
9 14 23 75
9 15 94 17
9 16 96 12
9 17 49 46
9 18 72 35
9 19 91 14
9 20 26 76
9 21 82 20
9 22 23 73
9 23 56 44
9 24 21 80
9 25 34 62
9 26 52 46
9 27 69 37
9 28 69 37
9 29 65 42
9 30 28 74
9 31 31 64
9 32 41 57
9 33 76 28
9 34 79 25
9 35 91 8
9 36 54 46
9 37 38 57
9 38 50 55
9 39 77 28
10 11 31 74
10 12 94 18
10 13 89 10
10 14 28 71
10 15 61 47
10 16 62 43
10 17 49 51
10 18 27 72
10 19 65 44
10 20 72 32
10 21 10 84
10 22 78 19
10 23 56 45
10 24 89 19
10 25 25 74
10 26 47 57
10 27 19 73
10 28 91 15
10 29 9 80
10 30 77 28
10 31 27 65
10 32 76 28
10 33 15 83
10 34 7 92
10 35 86 26
10 36 81 21
10 37 73 28
10 38 67 33
10 39 66 28
11 12 56 40
11 13 17 81
11 14 98 10
11 15 72 36
11 16 0 90
11 17 28 75
11 18 14 75
11 19 40 52
11 20 81 19
11 21 6 93
11 22 68 36
11 23 56 42
11 24 65 42
11 25 80 22
11 26 87 12
11 27 87 18
11 28 49 57
11 29 65 42
11 30 44 56
11 31 63 43
11 32 59 42
11 33 100 2
11 34 78 21
11 35 82 24
11 36 35 62
11 37 41 50
11 38 7 94
11 39 3 93
12 13 74 26
12 14 74 37
12 15 36 59
12 16 11 77
12 17 51 46
12 18 12 78
12 19 53 42
12 20 31 63
12 21 75 31
12 22 98 7
12 23 39 66
12 24 18 73
12 25 28 62
12 26 28 64
12 27 41 53
12 28 4 94
12 29 2 87
12 30 87 12
12 31 38 57
12 32 22 76
12 33 56 44
12 34 39 53
12 35 2 84
12 36 35 60
12 37 75 28
12 38 2 96
12 39 72 27
13 14 72 28
13 15 51 43
13 16 9 86
13 17 28 69
13 18 28 65
13 19 14 79
13 20 94 10
13 21 88 15
13 22 24 65
13 23 15 84
13 24 7 89
13 25 74 26
13 26 56 48
13 27 39 64
13 28 84 21
13 29 100 8
13 30 6 90
13 31 88 13
13 32 60 42
13 33 24 71
13 34 57 44
13 35 64 36
13 36 24 72
13 37 35 64
13 38 33 66
13 39 36 64
14 15 34 71
14 16 55 50
14 17 73 25
14 18 50 56
14 19 69 33
14 20 99 15
14 21 74 37
14 22 55 48
14 23 89 18
14 24 99 14
14 25 14 74
14 26 2 86
14 27 77 22
14 28 16 72
14 29 96 11
14 30 1 98
14 31 2 95
14 32 56 45
14 33 35 64
14 34 49 50
14 35 72 32
14 36 14 76
14 37 56 40
14 38 8 86
14 39 71 40
15 16 15 73
15 17 30 68
15 18 31 61
15 19 82 15
15 20 94 18
15 21 48 51
15 22 13 74
15 23 97 9
15 24 13 76
15 25 52 54
15 26 70 36
15 27 64 44
15 28 14 74
15 29 84 22
15 30 23 70
15 31 24 75
15 32 88 12
15 33 61 45
15 34 57 49
15 35 41 55
15 36 26 64
15 37 48 56
15 38 1 91
15 39 41 57
16 17 84 14
16 18 70 27
16 19 60 42
16 20 33 57
16 21 1 96
16 22 61 34
16 23 19 79
16 24 56 46
16 25 45 51
16 26 97 7
16 27 33 69
16 28 54 41
16 29 95 8
16 30 13 77
16 31 21 81
16 32 78 27
16 33 55 42
16 34 65 33
16 35 69 39
16 36 9 82
16 37 31 71
16 38 3 94
16 39 37 60
17 18 4 86
17 19 50 45
17 20 40 54
17 21 55 46
17 22 67 34
17 23 39 65
17 24 72 34
17 25 27 72
17 26 11 86
17 27 53 51
17 28 66 39
17 29 82 28
17 30 11 90
17 31 60 43
17 32 39 64
17 33 28 63
17 34 100 1
17 35 99 5
17 36 56 38
17 37 72 38
17 38 34 67
17 39 16 78
18 19 46 47
18 20 74 23
18 21 45 56
18 22 30 62
18 23 49 56
18 24 67 41
18 25 84 22
18 26 43 63
18 27 80 28
18 28 63 44
18 29 54 44
18 30 88 12
18 31 91 20
18 32 57 37
18 33 70 33
18 34 85 23
18 35 3 96
18 36 87 20
18 37 55 51
18 38 88 25
18 39 72 36
19 20 37 55
19 21 5 92
19 22 32 57
19 23 10 83
19 24 56 42
19 25 19 82
19 26 9 83
19 27 23 65
19 28 59 43
19 29 42 56
19 30 96 12
19 31 87 14
19 32 93 14
19 33 74 28
19 34 96 9
19 35 23 68
19 36 65 35
19 37 16 77
19 38 27 69
19 39 70 30
20 21 73 35
20 22 90 16
20 23 13 83
20 24 4 85
20 25 6 94
20 26 86 16
20 27 9 79
20 28 19 74
20 29 62 43
20 30 70 39
20 31 11 83
20 32 67 34
20 33 44 59
20 34 40 61
20 35 42 51
20 36 19 76
20 37 44 53
20 38 62 40
20 39 84 22
21 22 81 22
21 23 98 2
21 24 75 24
21 25 13 86
21 26 4 95
21 27 28 68
21 28 35 56
21 29 18 81
21 30 25 70
21 31 98 16
21 32 36 57
21 33 13 86
21 34 59 37
21 35 71 36
21 36 82 25
21 37 47 49
21 38 90 16
21 39 11 87
22 23 71 28
22 24 32 63
22 25 37 54
22 26 17 82
22 27 81 30
22 28 89 13
22 29 43 56
22 30 32 64
22 31 79 25
22 32 32 57
22 33 38 59
22 34 44 54
22 35 30 74
22 36 74 23
22 37 39 67
22 38 27 65
22 39 84 20
23 24 86 16
23 25 67 34
23 26 43 57
23 27 47 57
23 28 24 75
23 29 4 85
23 30 36 66
23 31 52 43
23 32 37 56
23 33 28 66
23 34 68 38
23 35 47 49
23 36 87 17
23 37 100 13
23 38 73 26
23 39 23 75
24 25 47 54
24 26 38 61
24 27 11 77
24 28 36 56
24 29 27 76
24 30 41 56
24 31 78 21
24 32 81 27
24 33 80 20
24 34 38 60
24 35 53 41
24 36 78 32
24 37 61 39
24 38 64 31
24 39 31 70
25 26 21 72
25 27 79 30
25 28 5 85
25 29 82 28
25 30 84 15
25 31 32 63
25 32 65 44
25 33 72 32
25 34 49 49
25 35 98 5
25 36 33 62
25 37 53 47
25 38 79 20
25 39 76 28
26 27 22 80
26 28 78 19
26 29 69 35
26 30 18 80
26 31 100 8
26 32 76 27
26 33 8 80
26 34 78 27
26 35 97 3
26 36 10 81
26 37 96 14
26 38 21 71
26 39 92 20
27 28 35 64
27 29 34 62
27 30 99 10
27 31 17 79
27 32 96 17
27 33 49 54
27 34 27 65
27 35 22 76
27 36 53 45
27 37 22 76
27 38 53 48
27 39 10 88
28 29 69 28
28 30 48 59
28 31 14 87
28 32 88 13
28 33 70 27
28 34 81 24
28 35 4 94
28 36 23 71
28 37 2 93
28 38 18 82
28 39 88 16
29 30 37 60
29 31 91 10
29 32 89 14
29 33 89 14
29 34 77 24
29 35 59 46
29 36 96 17
29 37 31 70
29 38 37 57
29 39 22 79
30 31 19 71
30 32 49 57
30 33 33 57
30 34 71 26
30 35 98 15
30 36 70 32
30 37 23 78
30 38 80 27
30 39 14 77
31 32 42 56
31 33 69 39
31 34 81 27
31 35 42 57
31 36 16 75
31 37 11 81
31 38 73 26
31 39 13 80
32 33 69 41
32 34 86 23
32 35 57 41
32 36 62 38
32 37 47 47
32 38 77 20
32 39 47 56
33 34 72 28
33 35 83 19
33 36 81 21
33 37 3 88
33 38 38 63
33 39 87 25
34 35 54 54
34 36 51 50
34 37 4 89
34 38 60 45
34 39 40 62
35 36 32 62
35 37 28 74
35 38 56 47
35 39 80 24
36 37 17 84
36 38 31 66
36 39 10 77
37 38 12 82
37 39 36 57
38 39 70 26
