45
0 1 56 46
0 2 99 2
0 3 16 79
0 4 18 63
0 5 28 77
0 6 64 61
0 7 41 56
0 8 38 65
0 9 68 19
0 10 67 43
0 11 10 82
0 12 27 66
0 13 78 54
0 14 63 21
0 15 47 56
0 16 49 28
0 17 52 26
0 18 22 63
0 19 9 75
0 20 83 51
0 21 17 55
0 22 45 65
0 23 52 69
0 24 73 54
0 25 67 22
0 26 18 87
0 27 22 64
0 28 82 39
0 29 2 54
0 30 34 60
0 31 54 53
0 32 92 39
0 33 64 19
0 34 15 92
0 35 98 6
0 36 69 44
0 37 26 76
0 38 81 13
0 39 20 84
0 40 55 71
0 41 50 56
0 42 66 45
0 43 79 60
0 44 55 63
1 2 24 85
1 3 25 74
1 4 6 72
1 5 82 54
1 6 88 16
1 7 24 43
1 8 78 40
1 9 31 61
1 10 63 26
1 11 39 46
1 12 37 73
1 13 34 75
1 14 74 28
1 15 27 86
1 16 85 31
1 17 48 40
1 18 11 60
1 19 86 12
1 20 27 67
1 21 22 88
1 22 24 76
1 23 23 79
1 24 74 35
1 25 13 87
1 26 28 59
1 27 20 49
1 28 49 42
1 29 34 56
1 30 31 72
1 31 99 50
1 32 37 76
1 33 32 77
1 34 88 6
1 35 51 47
1 36 62 48
1 37 11 65
1 38 7 76
1 39 85 8
1 40 3 66
1 41 19 53
1 42 3 55
1 43 2 72
1 44 17 87
2 3 11 55
2 4 65 26
2 5 27 59
2 6 78 14
2 7 28 46
2 8 37 40
2 9 9 81
2 10 61 60
2 11 6 81
2 12 55 56
2 13 26 53
2 14 56 57
2 15 55 69
2 16 93 19
2 17 81 41
2 18 53 28
2 19 12 91
2 20 83 56
2 21 7 65
2 22 79 51
2 23 78 17
2 24 81 20
2 25 84 28
2 26 2 63
2 27 22 64
2 28 39 43
2 29 46 72
2 30 64 27
2 31 8 71
2 32 99 17
2 33 82 51
2 34 82 22
2 35 68 45
2 36 26 86
2 37 74 40
2 38 28 64
2 39 56 68
2 40 36 34
2 41 42 74
2 42 6 88
2 43 79 44
2 44 7 85
3 4 39 38
3 5 82 34
3 6 25 84
3 7 19 47
3 8 59 56
3 9 87 33
3 10 16 54
3 11 38 53
3 12 41 56
3 13 64 57
3 14 31 59
3 15 11 53
3 16 38 54
3 17 64 32
3 18 16 85
3 19 9 72
3 20 8 84
3 21 30 65
3 22 53 72
3 23 85 9
3 24 80 26
3 25 93 11
3 26 76 28
3 27 26 40
3 28 73 60
3 29 23 69
3 30 32 64
3 31 2 74
3 32 13 50
3 33 6 85
3 34 17 46
3 35 80 55
3 36 22 76
3 37 73 44
3 38 75 22
3 39 70 56
3 40 50 38
3 41 87 25
3 42 32 43
3 43 57 55
3 44 51 72
4 5 1 63
4 6 43 40
4 7 40 51
4 8 50 53
4 9 71 49
4 10 62 60
4 11 5 64
4 12 23 46
4 13 94 9
4 14 85 45
4 15 11 80
4 16 55 24
4 17 74 24
4 18 85 21
4 19 2 74
4 20 60 68
4 21 37 77
4 22 55 56
4 23 82 44
4 24 25 61
4 25 62 61
4 26 35 48
4 27 89 7
4 28 68 41
4 29 97 33
4 30 40 72
4 31 74 49
4 32 28 56
4 33 45 77
4 34 42 37
4 35 45 45
4 36 65 61
4 37 96 38
4 38 87 7
4 39 9 49
4 40 45 63
4 41 51 47
4 42 18 70
4 43 45 43
4 44 79 57
5 6 25 49
5 7 70 15
5 8 71 35
5 9 56 47
5 10 10 88
5 11 74 60
5 12 72 28
5 13 31 54
5 14 34 64
5 15 8 73
5 16 15 64
5 17 84 35
5 18 81 42
5 19 82 31
5 20 97 21
5 21 96 36
5 22 72 34
5 23 40 62
5 24 99 31
5 25 93 35
5 26 86 12
5 27 73 48
5 28 26 56
5 29 43 33
5 30 28 40
5 31 20 78
5 32 91 35
5 33 9 67
5 34 67 46
5 35 76 40
5 36 75 45
5 37 84 35
5 38 16 88
5 39 51 73
5 40 64 28
5 41 5 83
5 42 35 35
5 43 87 34
5 44 36 54
6 7 1 57
6 8 62 23
6 9 43 72
6 10 8 71
6 11 77 26
6 12 10 74
6 13 82 47
6 14 12 79
6 15 3 62
6 16 73 47
6 17 16 90
6 18 26 53
6 19 89 33
6 20 54 70
6 21 25 50
6 22 83 55
6 23 8 84
6 24 43 75
6 25 69 50
6 26 85 13
6 27 54 27
6 28 43 67
6 29 50 52
6 30 85 31
6 31 61 24
6 32 66 46
6 33 39 76
6 34 97 17
6 35 47 63
6 36 76 57
6 37 14 54
6 38 34 73
6 39 61 64
6 40 48 34
6 41 14 71
6 42 47 28
6 43 1 89
6 44 21 67
7 8 34 41
7 9 73 28
7 10 13 60
7 11 72 48
7 12 32 74
7 13 47 61
7 14 75 23
7 15 87 17
7 16 38 70
7 17 41 76
7 18 13 90
7 19 88 12
7 20 1 89
7 21 90 35
7 22 82 32
7 23 66 25
7 24 0 72
7 25 25 42
7 26 40 36
7 27 26 61
7 28 11 82
7 29 42 34
7 30 19 78
7 31 61 65
7 32 4 94
7 33 98 45
7 34 74 35
7 35 87 32
7 36 60 21
7 37 23 76
7 38 13 75
7 39 56 65
7 40 38 62
7 41 17 72
7 42 34 82
7 43 6 56
7 44 63 61
8 9 94 9
8 10 34 66
8 11 83 48
8 12 26 54
8 13 18 51
8 14 59 31
8 15 88 48
8 16 22 87
8 17 78 27
8 18 37 34
8 19 1 69
8 20 85 21
8 21 33 63
8 22 77 49
8 23 4 91
8 24 32 73
8 25 6 80
8 26 82 36
8 27 52 31
8 28 24 38
8 29 62 21
8 30 1 85
8 31 54 62
8 32 19 69
8 33 42 36
8 34 5 73
8 35 96 23
8 36 59 55
8 37 34 45
8 38 5 56
8 39 26 43
8 40 37 78
8 41 73 32
8 42 41 65
8 43 8 66
8 44 46 37
9 10 45 75
9 11 2 75
9 12 73 60
9 13 60 23
9 14 56 43
9 15 60 56
9 16 52 56
9 17 62 39
9 18 18 53
9 19 9 76
9 20 95 19
9 21 73 14
9 22 51 71
9 23 39 56
9 24 41 34
9 25 26 85
9 26 69 16
9 27 67 56
9 28 81 52
9 29 37 48
9 30 83 12
9 31 70 43
9 32 83 55
9 33 15 84
9 34 32 72
9 35 69 42
9 36 92 4
9 37 77 57
9 38 32 59
9 39 98 32
9 40 96 25
9 41 85 55
9 42 4 85
9 43 27 54
9 44 41 74
10 11 3 60
10 12 42 40
10 13 53 59
10 14 91 17
10 15 67 22
10 16 90 12
10 17 88 41
10 18 12 91
10 19 66 57
10 20 74 35
10 21 4 83
10 22 70 18
10 23 44 42
10 24 60 21
10 25 75 28
10 26 24 44
10 27 8 86
10 28 19 54
10 29 80 27
10 30 61 50
10 31 77 41
10 32 26 50
10 33 13 65
10 34 88 55
10 35 74 22
10 36 89 19
10 37 55 28
10 38 88 12
10 39 44 54
10 40 47 74
10 41 92 24
10 42 54 64
10 43 63 25
10 44 91 23
11 12 22 71
11 13 26 65
11 14 90 18
11 15 23 62
11 16 7 73
11 17 40 47
11 18 85 43
11 19 35 40
11 20 17 49
11 21 63 61
11 22 80 35
11 23 25 45
11 24 91 52
11 25 43 69
11 26 70 37
11 27 25 38
11 28 26 48
11 29 8 88
11 30 12 70
11 31 9 89
11 32 4 83
11 33 85 34
11 34 46 75
11 35 89 53
11 36 2 86
11 37 67 21
11 38 7 78
11 39 98 14
11 40 11 60
11 41 8 71
11 42 81 56
11 43 32 81
11 44 68 42
12 13 56 33
12 14 33 70
12 15 61 55
12 16 38 33
12 17 80 38
12 18 22 52
12 19 14 59
12 20 81 39
12 21 48 31
12 22 85 46
12 23 36 47
12 24 66 36
12 25 36 81
12 26 67 51
12 27 46 72
12 28 23 65
12 29 54 60
12 30 48 72
12 31 85 50
12 32 6 87
12 33 85 9
12 34 83 33
12 35 40 57
12 36 59 26
12 37 74 60
12 38 94 12
12 39 90 32
12 40 42 53
12 41 61 24
12 42 57 54
12 43 90 33
12 44 10 66
13 14 17 60
13 15 65 44
13 16 68 66
13 17 6 74
13 18 28 37
13 19 39 31
13 20 49 28
13 21 85 50
13 22 65 37
13 23 37 67
13 24 66 36
13 25 48 26
13 26 84 33
13 27 68 43
13 28 1 75
13 29 92 17
13 30 22 65
13 31 76 21
13 32 79 56
13 33 56 27
13 34 79 19
13 35 90 25
13 36 51 47
13 37 90 32
13 38 83 42
13 39 47 27
13 40 20 41
13 41 15 49
13 42 96 18
13 43 71 23
13 44 28 49
14 15 98 33
14 16 4 63
14 17 98 23
14 18 20 41
14 19 13 73
14 20 31 72
14 21 79 24
14 22 41 72
14 23 12 45
14 24 56 28
14 25 79 41
14 26 50 52
14 27 56 44
14 28 1 81
14 29 61 68
14 30 10 48
14 31 98 40
14 32 72 33
14 33 64 18
14 34 44 64
14 35 4 65
14 36 35 36
14 37 0 54
14 38 62 33
14 39 1 55
14 40 100 47
14 41 96 32
14 42 19 57
14 43 92 25
14 44 78 24
15 16 49 65
15 17 36 53
15 18 57 65
15 19 41 78
15 20 87 28
15 21 21 68
15 22 28 70
15 23 91 9
15 24 51 56
15 25 64 66
15 26 95 22
15 27 35 46
15 28 91 28
15 29 31 82
15 30 35 72
15 31 98 38
15 32 44 68
15 33 14 52
15 34 61 34
15 35 28 71
15 36 53 62
15 37 8 88
15 38 17 49
15 39 50 41
15 40 89 37
15 41 92 20
15 42 24 66
15 43 15 46
15 44 65 22
16 17 62 62
16 18 17 86
16 19 15 56
16 20 59 21
16 21 33 73
16 22 81 53
16 23 32 74
16 24 68 27
16 25 62 61
16 26 12 56
16 27 59 39
16 28 91 30
16 29 56 35
16 30 18 42
16 31 52 55
16 32 39 55
16 33 5 56
16 34 92 13
16 35 68 24
16 36 39 36
16 37 91 47
16 38 1 61
16 39 39 49
16 40 68 44
16 41 41 74
16 42 27 78
16 43 98 41
16 44 31 57
17 18 4 67
17 19 75 49
17 20 38 56
17 21 33 35
17 22 38 46
17 23 27 72
17 24 10 84
17 25 91 39
17 26 89 38
17 27 54 39
17 28 60 38
17 29 48 44
17 30 53 33
17 31 78 32
17 32 96 50
17 33 8 51
17 34 7 49
17 35 73 40
17 36 20 64
17 37 62 41
17 38 93 15
17 39 30 65
17 40 55 27
17 41 86 35
17 42 40 55
17 43 74 23
17 44 62 44
18 19 93 19
18 20 38 38
18 21 40 36
18 22 9 92
18 23 75 56
18 24 38 33
18 25 41 68
18 26 37 62
18 27 18 65
18 28 87 28
18 29 39 61
18 30 32 44
18 31 52 24
18 32 43 63
18 33 56 42
18 34 38 45
18 35 83 21
18 36 79 37
18 37 57 31
18 38 79 53
18 39 12 80
18 40 55 36
18 41 75 19
18 42 99 31
18 43 78 43
18 44 47 31
19 20 54 71
19 21 30 50
19 22 1 73
19 23 38 71
19 24 51 38
19 25 8 94
19 26 53 52
19 27 82 46
19 28 40 62
19 29 30 36
19 30 61 28
19 31 6 47
19 32 80 36
19 33 51 68
19 34 85 53
19 35 13 52
19 36 86 53
19 37 39 36
19 38 56 28
19 39 75 21
19 40 13 62
19 41 3 57
19 42 32 40
19 43 30 40
19 44 56 66
20 21 64 51
20 22 10 92
20 23 46 69
20 24 23 49
20 25 13 80
20 26 9 87
20 27 26 84
20 28 67 30
20 29 13 93
20 30 93 34
20 31 35 54
20 32 7 52
20 33 45 39
20 34 8 81
20 35 17 57
20 36 52 38
20 37 79 17
20 38 28 74
20 39 12 69
20 40 44 63
20 41 27 72
20 42 42 71
20 43 13 81
20 44 56 25
21 22 98 25
21 23 38 42
21 24 67 54
21 25 25 83
21 26 72 51
21 27 60 66
21 28 47 68
21 29 5 79
21 30 15 69
21 31 69 28
21 32 84 35
21 33 96 47
21 34 93 43
21 35 95 18
21 36 6 72
21 37 3 54
21 38 93 35
21 39 32 56
21 40 48 47
21 41 79 56
21 42 48 60
21 43 77 40
21 44 99 23
22 23 26 64
22 24 73 43
22 25 53 31
22 26 41 62
22 27 68 28
22 28 14 61
22 29 28 73
22 30 21 48
22 31 23 51
22 32 19 60
22 33 60 27
22 34 73 31
22 35 43 65
22 36 33 36
22 37 82 32
22 38 82 32
22 39 38 45
22 40 36 34
22 41 39 45
22 42 46 45
22 43 18 87
22 44 35 63
23 24 66 38
23 25 49 51
23 26 61 59
23 27 70 19
23 28 39 54
23 29 91 32
23 30 65 28
23 31 72 41
23 32 59 37
23 33 57 59
23 34 96 25
23 35 79 59
23 36 60 62
23 37 12 62
23 38 97 21
23 39 12 66
23 40 87 40
23 41 3 49
23 42 22 76
23 43 82 14
23 44 25 81
24 25 2 73
24 26 31 62
24 27 26 55
24 28 35 40
24 29 51 47
24 30 62 61
24 31 55 27
24 32 92 44
24 33 37 54
24 34 40 34
24 35 9 70
24 36 81 13
24 37 5 73
24 38 89 10
24 39 67 62
24 40 85 48
24 41 77 21
24 42 30 69
24 43 63 30
24 44 89 44
25 26 25 51
25 27 49 72
25 28 23 69
25 29 54 69
25 30 2 56
25 31 30 43
25 32 40 56
25 33 24 78
25 34 20 68
25 35 79 12
25 36 51 53
25 37 25 69
25 38 10 66
25 39 43 69
25 40 62 43
25 41 28 62
25 42 24 46
25 43 42 35
25 44 37 66
26 27 59 28
26 28 32 65
26 29 74 30
26 30 43 74
26 31 19 85
26 32 52 70
26 33 40 77
26 34 21 49
26 35 14 57
26 36 89 12
26 37 27 60
26 38 28 77
26 39 18 55
26 40 46 41
26 41 81 34
26 42 33 50
26 43 67 51
26 44 89 53
27 28 70 35
27 29 69 24
27 30 40 60
27 31 18 77
27 32 82 30
27 33 18 82
27 34 79 50
27 35 54 46
27 36 44 34
27 37 89 47
27 38 94 25
27 39 64 42
27 40 67 39
27 41 5 53
27 42 46 56
27 43 27 57
27 44 69 56
28 29 91 16
28 30 59 41
28 31 40 53
28 32 79 56
28 33 99 27
28 34 72 61
28 35 35 34
28 36 66 44
28 37 96 14
28 38 20 49
28 39 75 57
28 40 90 33
28 41 87 7
28 42 72 57
28 43 54 41
28 44 83 31
29 30 77 53
29 31 90 24
29 32 57 25
29 33 31 45
29 34 32 35
29 35 65 62
29 36 68 45
29 37 56 28
29 38 89 21
29 39 37 43
29 40 59 56
29 41 85 21
29 42 9 70
29 43 2 57
29 44 72 30
30 31 97 23
30 32 100 8
30 33 76 41
30 34 31 74
30 35 91 51
30 36 30 63
30 37 32 63
30 38 25 40
30 39 71 24
30 40 47 43
30 41 87 43
30 42 46 43
30 43 70 24
30 44 56 33
31 32 61 34
31 33 16 53
31 34 8 75
31 35 98 20
31 36 11 85
31 37 16 90
31 38 65 59
31 39 60 48
31 40 32 76
31 41 46 51
31 42 32 56
31 43 50 53
31 44 77 47
32 33 21 51
32 34 33 56
32 35 3 71
32 36 24 79
32 37 74 49
32 38 15 75
32 39 87 43
32 40 81 23
32 41 38 42
32 42 33 78
32 43 91 30
32 44 26 47
33 34 89 11
33 35 79 24
33 36 96 43
33 37 42 54
33 38 18 41
33 39 84 56
33 40 93 37
33 41 81 27
33 42 61 66
33 43 45 32
33 44 66 38
34 35 2 81
34 36 22 63
34 37 57 55
34 38 9 48
34 39 64 60
34 40 45 41
34 41 20 57
34 42 90 35
34 43 13 69
34 44 28 62
35 36 25 73
35 37 4 92
35 38 88 37
35 39 96 30
35 40 11 50
35 41 75 36
35 42 73 44
35 43 47 50
35 44 42 35
36 37 42 70
36 38 16 48
36 39 37 54
36 40 30 73
36 41 81 48
36 42 45 28
36 43 95 27
36 44 72 57
37 38 27 65
37 39 38 60
37 40 74 28
37 41 53 37
37 42 42 43
37 43 51 59
37 44 43 32
38 39 38 33
38 40 55 55
38 41 25 55
38 42 46 33
38 43 56 25
38 44 51 36
39 40 18 62
39 41 72 17
39 42 44 59
39 43 12 72
39 44 85 13
40 41 91 54
40 42 73 26
40 43 4 64
40 44 62 37
41 42 99 25
41 43 18 72
41 44 15 44
42 43 46 44
42 44 64 27
43 44 9 46
