0 1 59 51
0 2 42 49
0 3 72 67
0 4 9 13
0 5 43 43
0 6 1 8
0 7 43 45
0 8 54 50
0 9 73 76
0 10 89 89
0 11 6 6
1 2 57 59
1 3 47 47
1 4 97 85
1 5 75 68
1 6 92 83
1 7 56 53
1 8 73 71
1 9 21 31
1 10 39 33
1 11 10 21
2 3 4 5
2 4 20 23
2 5 10 22
2 6 11 17
2 7 6 12
2 8 54 52
2 9 16 21
2 10 43 37
2 11 3 9
3 4 79 82
3 5 47 51
3 6 90 79
3 7 46 53
3 8 85 79
3 9 8 12
3 10 81 81
3 11 90 85
4 5 93 91
4 6 74 67
4 7 84 79
4 8 38 39
4 9 79 75
4 10 76 69
4 11 87 76
5 6 33 32
5 7 15 15
5 8 69 59
5 9 74 64
5 10 82 75
5 11 34 33
6 7 65 56
6 8 16 14
6 9 39 41
6 10 65 56
6 11 94 83
7 8 79 76
7 9 64 69
7 10 56 57
7 11 42 46
8 9 88 82
8 10 32 31
8 11 43 36
9 10 62 66
9 11 33 32
10 11 88 80
