12
0 1 44 70 34
0 2 96 39 21
0 3 3 85 71
0 4 45 71 45
0 5 29 57 75
0 6 17 59 67
0 7 8 50 57
0 8 56 42 22
0 9 38 39 37
0 10 71 52 50
0 11 81 46 43
1 2 12 62 76
1 3 30 36 65
1 4 43 53 34
1 5 97 4 47
1 6 59 41 66
1 7 63 59 20
1 8 1 49 58
1 9 29 62 78
1 10 32 68 64
1 11 16 60 42
2 3 8 78 89
2 4 14 85 68
2 5 59 38 43
2 6 89 13 32
2 7 36 38 40
2 8 98 2 1
2 9 89 44 43
2 10 32 69 55
2 11 44 75 47
3 4 99 27 10
3 5 19 42 45
3 6 53 66 51
3 7 71 28 53
3 8 97 3 42
3 9 4 80 58
3 10 50 45 34
3 11 76 21 54
4 5 40 70 71
4 6 76 38 40
4 7 64 22 28
4 8 44 62 66
4 9 96 13 5
4 10 11 53 83
4 11 35 38 63
5 6 43 56 76
5 7 29 62 42
5 8 66 33 34
5 9 90 42 25
5 10 34 59 51
5 11 64 52 34
6 7 65 40 51
6 8 3 60 68
6 9 23 45 41
6 10 97 2 3
6 11 10 80 90
7 8 67 37 35
7 9 48 52 63
7 10 43 38 34
7 11 76 22 54
8 9 45 47 75
8 10 8 51 53
8 11 58 33 51
9 10 74 61 57
9 11 46 41 46
10 11 17 75 73
