15
0 1 31 64 71
0 2 23 75 79
0 3 61 45 43
0 4 13 74 76
0 5 38 65 52
0 6 52 45 47
0 7 2 95 91
0 8 37 62 56
0 9 14 84 87
0 10 3 94 91
0 11 26 65 72
0 12 62 42 31
0 13 52 53 49
0 14 93 16 14
1 2 7 90 87
1 3 55 44 49
1 4 34 69 59
1 5 26 69 65
1 6 2 94 93
1 7 68 41 41
1 8 26 71 63
1 9 40 54 63
1 10 10 82 76
1 11 71 35 24
1 12 11 84 87
1 13 64 39 41
1 14 13 74 86
2 3 71 34 34
2 4 94 14 9
2 5 16 83 73
2 6 58 39 39
2 7 96 16 9
2 8 36 54 66
2 9 74 25 30
2 10 81 26 23
2 11 82 14 29
2 12 56 38 50
2 13 22 71 72
2 14 35 66 66
3 4 22 69 73
3 5 64 45 33
3 6 8 79 88
3 7 75 25 24
3 8 24 75 77
3 9 66 34 34
3 10 78 23 26
3 11 31 70 65
3 12 20 75 71
3 13 43 55 57
3 14 57 36 48
4 5 76 23 20
4 6 71 29 32
4 7 41 64 52
4 8 4 96 86
4 9 40 57 54
4 10 30 69 65
4 11 8 91 84
4 12 74 23 27
4 13 78 21 21
4 14 16 84 85
5 6 2 93 97
5 7 76 35 32
5 8 4 94 95
5 9 76 26 22
5 10 49 51 50
5 11 67 41 32
5 12 75 35 24
5 13 92 20 12
5 14 57 46 49
6 7 35 65 57
6 8 8 78 86
6 9 96 7 7
6 10 74 23 23
6 11 32 69 61
6 12 81 26 22
6 13 26 68 71
6 14 79 22 24
7 8 39 65 55
7 9 24 72 69
7 10 86 25 14
7 11 33 60 68
7 12 51 50 43
7 13 42 60 58
7 14 51 55 54
8 9 39 61 64
8 10 53 48 54
8 11 69 35 30
8 12 86 23 16
8 13 30 72 65
8 14 4 86 94
9 10 11 79 76
9 11 15 77 76
9 12 8 85 85
9 13 49 45 48
9 14 94 5 13
10 11 1 87 85
10 12 26 68 75
10 13 90 9 16
10 14 14 80 76
11 12 9 89 89
11 13 0 91 95
11 14 20 76 73
12 13 3 86 95
12 14 35 58 61
13 14 67 32 31
