17
0 1 74 58 61
0 2 11 68 75
0 3 14 60 56
0 4 96 3 21
0 5 65 41 51
0 6 41 56 34
0 7 46 50 70
0 8 96 32 33
0 9 45 29 29
0 10 36 34 73
0 11 8 79 82
0 12 73 60 58
0 13 67 20 56
0 14 59 45 28
0 15 30 39 60
0 16 70 20 61
1 2 44 31 33
1 3 34 49 48
1 4 15 51 52
1 5 23 69 53
1 6 91 11 10
1 7 72 47 38
1 8 23 46 45
1 9 47 44 34
1 10 61 58 20
1 11 13 55 86
1 12 93 21 28
1 13 2 62 52
1 14 47 70 34
1 15 50 46 38
1 16 77 46 20
2 3 35 60 36
2 4 83 30 44
2 5 16 46 79
2 6 66 39 35
2 7 77 13 53
2 8 33 55 82
2 9 70 50 64
2 10 27 81 79
2 11 25 40 57
2 12 35 49 52
2 13 54 50 44
2 14 83 53 46
2 15 78 20 46
2 16 59 47 68
3 4 83 45 51
3 5 67 29 28
3 6 63 61 19
3 7 85 14 19
3 8 23 66 46
3 9 56 50 67
3 10 8 58 66
3 11 21 58 69
3 12 75 19 35
3 13 66 58 66
3 14 15 56 55
3 15 10 46 82
3 16 75 61 60
4 5 17 62 62
4 6 37 45 39
4 7 49 49 53
4 8 2 92 87
4 9 22 73 84
4 10 90 34 33
4 11 11 84 81
4 12 73 21 56
4 13 36 69 76
4 14 63 41 65
4 15 65 31 23
4 16 28 77 38
5 6 79 58 13
5 7 43 66 45
5 8 28 36 39
5 9 76 43 56
5 10 16 77 81
5 11 15 53 76
5 12 41 78 54
5 13 85 36 55
5 14 46 61 40
5 15 26 83 62
5 16 64 29 34
6 7 11 64 68
6 8 58 61 35
6 9 64 48 62
6 10 13 56 50
6 11 91 7 20
6 12 92 30 40
6 13 37 39 50
6 14 69 32 58
6 15 74 34 57
6 16 93 27 44
7 8 73 27 40
7 9 76 48 36
7 10 95 12 7
7 11 83 57 49
7 12 67 56 19
7 13 40 78 58
7 14 58 56 65
7 15 52 57 63
7 16 35 37 72
8 9 57 69 23
8 10 56 26 21
8 11 68 22 41
8 12 86 37 25
8 13 1 73 95
8 14 60 65 61
8 15 42 42 41
8 16 36 73 59
9 10 69 22 53
9 11 73 19 23
9 12 97 37 18
9 13 29 58 35
9 14 71 63 17
9 15 47 30 33
9 16 91 14 36
10 11 9 84 62
10 12 19 71 45
10 13 59 54 46
10 14 37 71 69
10 15 49 51 75
10 16 75 15 58
11 12 16 62 73
11 13 48 49 65
11 14 85 45 57
11 15 56 55 22
11 16 87 50 55
12 13 78 30 10
12 14 2 84 87
12 15 69 53 51
12 16 8 50 91
13 14 79 46 26
13 15 41 29 30
13 16 96 11 10
14 15 60 33 54
14 16 1 71 86
15 16 53 50 53
