17
0 1 45 50 55
0 2 5 87 81
0 3 66 35 43
0 4 88 10 17
0 5 80 27 21
0 6 37 53 53
0 7 69 29 27
0 8 79 17 23
0 9 87 18 24
0 10 5 85 82
0 11 31 62 66
0 12 80 26 28
0 13 33 60 59
0 14 29 61 63
0 15 96 9 11
0 16 4 95 87
1 2 68 34 31
1 3 9 80 78
1 4 10 82 88
1 5 82 20 23
1 6 79 22 30
1 7 46 46 50
1 8 99 14 10
1 9 29 65 71
1 10 3 86 86
1 11 9 87 89
1 12 59 39 42
1 13 97 2 16
1 14 25 63 64
1 15 30 73 68
1 16 48 49 44
2 3 70 25 35
2 4 65 33 32
2 5 56 43 49
2 6 90 19 8
2 7 28 65 74
2 8 71 28 27
2 9 27 73 74
2 10 95 14 4
2 11 8 90 89
2 12 44 58 62
2 13 39 59 55
2 14 92 13 17
2 15 60 41 47
2 16 76 32 22
3 4 51 53 51
3 5 28 72 63
3 6 39 65 66
3 7 23 68 66
3 8 93 16 12
3 9 21 75 66
3 10 85 21 14
3 11 66 38 39
3 12 1 86 90
3 13 54 50 43
3 14 29 69 74
3 15 31 60 71
3 16 64 40 45
4 5 96 16 5
4 6 26 71 68
4 7 25 73 67
4 8 68 36 28
4 9 34 67 69
4 10 48 49 55
4 11 13 79 81
4 12 80 27 24
4 13 64 41 37
4 14 88 17 21
4 15 83 28 16
4 16 64 34 32
5 6 90 11 8
5 7 50 50 43
5 8 4 89 92
5 9 12 83 87
5 10 77 28 30
5 11 98 5 9
5 12 22 72 71
5 13 97 10 9
5 14 92 8 17
5 15 18 69 73
5 16 58 40 37
6 7 91 14 13
6 8 15 82 81
6 9 71 34 29
6 10 57 41 38
6 11 80 17 18
6 12 24 78 72
6 13 71 31 24
6 14 27 74 70
6 15 92 11 16
6 16 61 47 38
7 8 75 32 25
7 9 41 52 53
7 10 89 15 22
7 11 6 92 79
7 12 89 13 8
7 13 64 30 31
7 14 16 82 79
7 15 87 10 22
7 16 51 53 52
8 9 45 49 56
8 10 60 33 37
8 11 93 10 10
8 12 5 82 81
8 13 74 28 36
8 14 59 45 36
8 15 88 20 23
8 16 84 27 19
9 10 31 71 70
9 11 9 89 83
9 12 55 50 47
9 13 55 48 48
9 14 28 69 71
9 15 91 19 11
9 16 75 26 22
10 11 78 28 29
10 12 58 50 47
10 13 18 70 70
10 14 20 79 69
10 15 7 83 86
10 16 75 27 21
11 12 95 15 9
11 13 8 83 85
11 14 83 15 27
11 15 54 51 46
11 16 50 51 42
12 13 32 67 68
12 14 36 62 55
12 15 35 68 63
12 16 89 19 16
13 14 27 75 65
13 15 1 96 94
13 16 62 39 40
14 15 51 43 45
14 16 47 55 47
15 16 65 37 43
