20
0 1 11 80 75
0 2 88 10 10
0 3 22 73 70
0 4 65 36 33
0 5 75 33 26
0 6 77 27 28
0 7 42 53 53
0 8 30 64 69
0 9 23 78 73
0 10 21 78 70
0 11 8 85 89
0 12 27 68 69
0 13 48 45 55
0 14 19 76 72
0 15 50 55 49
0 16 91 7 8
0 17 34 69 65
0 18 41 63 56
0 19 93 5 19
1 2 50 48 52
1 3 43 56 52
1 4 19 68 71
1 5 80 25 30
1 6 49 54 45
1 7 61 45 47
1 8 58 48 47
1 9 24 77 73
1 10 26 66 75
1 11 9 82 78
1 12 3 95 90
1 13 43 58 49
1 14 38 53 57
1 15 55 42 38
1 16 79 28 31
1 17 23 79 77
1 18 64 34 37
1 19 55 44 52
2 3 93 18 8
2 4 7 85 91
2 5 95 8 16
2 6 24 64 71
2 7 62 43 37
2 8 58 41 47
2 9 11 89 78
2 10 51 42 45
2 11 52 42 55
2 12 39 64 61
2 13 79 25 24
2 14 35 57 57
2 15 22 76 70
2 16 89 18 18
2 17 76 33 28
2 18 74 30 31
2 19 50 47 53
3 4 35 66 65
3 5 26 70 67
3 6 44 54 52
3 7 29 71 67
3 8 62 39 41
3 9 33 67 57
3 10 4 81 88
3 11 34 64 66
3 12 61 40 44
3 13 41 56 57
3 14 17 83 74
3 15 5 82 89
3 16 69 32 32
3 17 17 77 74
3 18 54 44 40
3 19 73 35 29
4 5 68 29 32
4 6 97 15 9
4 7 92 18 14
4 8 76 20 32
4 9 30 71 73
4 10 42 55 56
4 11 10 83 85
4 12 26 76 67
4 13 90 21 15
4 14 80 22 24
4 15 99 11 12
4 16 37 54 62
4 17 76 27 25
4 18 29 60 68
4 19 29 67 63
5 6 4 95 84
5 7 92 7 13
5 8 27 70 68
5 9 41 62 61
5 10 97 14 15
5 11 73 36 32
5 12 47 50 51
5 13 80 20 28
5 14 51 46 42
5 15 42 60 52
5 16 16 76 78
5 17 13 79 83
5 18 48 50 45
5 19 21 74 66
6 7 70 38 26
6 8 62 39 35
6 9 55 40 46
6 10 69 38 40
6 11 2 94 90
6 12 35 58 62
6 13 46 51 52
6 14 10 79 83
6 15 10 86 86
6 16 65 33 39
6 17 44 48 50
6 18 80 17 18
6 19 86 25 18
7 8 10 90 85
7 9 99 14 11
7 10 44 54 50
7 11 42 49 53
7 12 44 50 56
7 13 36 61 63
7 14 3 86 90
7 15 70 25 29
7 16 42 52 56
7 17 3 92 89
7 18 63 39 32
7 19 40 51 51
8 9 11 80 85
8 10 42 53 63
8 11 71 31 30
8 12 1 90 92
8 13 17 73 76
8 14 32 71 65
8 15 73 34 36
8 16 97 9 15
8 17 98 5 7
8 18 68 30 31
8 19 73 32 28
9 10 60 48 34
9 11 1 92 92
9 12 1 96 97
9 13 52 54 47
9 14 13 80 84
9 15 44 57 48
9 16 61 37 34
9 17 29 67 68
9 18 25 65 75
9 19 58 47 47
10 11 73 31 31
10 12 75 23 27
10 13 38 55 57
10 14 35 56 57
10 15 92 14 9
10 16 65 37 31
10 17 70 30 39
10 18 55 46 52
10 19 22 77 70
11 12 91 11 11
11 13 7 87 88
11 14 70 29 31
11 15 14 78 83
11 16 7 88 84
11 17 13 75 82
11 18 14 77 82
11 19 73 30 36
12 13 28 72 65
12 14 77 19 28
12 15 44 57 56
12 16 51 54 53
12 17 89 13 16
12 18 70 26 38
12 19 62 37 33
13 14 62 34 39
13 15 1 91 85
13 16 34 59 62
13 17 13 76 81
13 18 62 39 46
13 19 75 21 30
14 15 68 31 32
14 16 40 59 52
14 17 87 22 25
14 18 72 24 23
14 19 96 9 12
15 16 99 5 13
15 17 65 40 30
15 18 60 38 34
15 19 5 92 87
16 17 62 34 34
16 18 55 49 48
16 19 87 16 22
17 18 97 10 16
17 19 10 80 89
18 19 22 69 74
