22
0 1 4 48 76
0 2 26 63 80
0 3 26 58 52
0 4 49 34 45
0 5 4 47 89
0 6 70 51 37
0 7 89 10 16
0 8 95 17 9
0 9 12 49 74
0 10 13 46 69
0 11 4 94 64
0 12 53 41 31
0 13 35 73 76
0 14 18 43 62
0 15 58 56 68
0 16 65 25 36
0 17 69 38 55
0 18 38 46 58
0 19 2 98 77
0 20 74 43 27
0 21 38 58 70
1 2 1 76 74
1 3 32 44 34
1 4 20 63 74
1 5 16 76 60
1 6 52 46 35
1 7 50 69 25
1 8 36 45 64
1 9 47 34 47
1 10 60 21 65
1 11 32 48 34
1 12 67 63 41
1 13 42 49 31
1 14 13 80 68
1 15 77 55 39
1 16 91 39 46
1 17 24 49 84
1 18 51 45 46
1 19 14 77 67
1 20 26 77 60
1 21 60 41 20
2 3 26 61 64
2 4 71 32 24
2 5 17 89 62
2 6 3 98 54
2 7 2 78 62
2 8 23 87 78
2 9 90 51 37
2 10 1 79 52
2 11 82 49 14
2 12 80 40 39
2 13 99 3 36
2 14 30 42 40
2 15 30 49 61
2 16 69 57 53
2 17 57 46 33
2 18 79 28 55
2 19 48 34 55
2 20 9 54 47
2 21 39 52 48
3 4 17 78 55
3 5 2 77 57
3 6 66 58 20
3 7 48 73 71
3 8 9 82 95
3 9 41 51 31
3 10 38 65 41
3 11 79 34 58
3 12 68 59 54
3 13 62 44 68
3 14 81 30 26
3 15 17 77 60
3 16 34 81 71
3 17 50 61 38
3 18 39 53 41
3 19 64 53 49
3 20 38 78 75
3 21 21 76 88
4 5 71 23 21
4 6 17 60 83
4 7 69 62 44
4 8 47 27 49
4 9 22 49 42
4 10 31 45 34
4 11 54 22 43
4 12 71 47 63
4 13 99 25 14
4 14 18 87 72
4 15 94 41 15
4 16 35 77 72
4 17 80 37 18
4 18 26 86 50
4 19 98 28 14
4 20 55 67 54
4 21 7 54 50
5 6 13 52 46
5 7 23 71 77
5 8 94 25 32
5 9 55 28 24
5 10 20 66 80
5 11 37 80 73
5 12 83 17 36
5 13 50 27 48
5 14 44 36 35
5 15 80 49 53
5 16 50 74 30
5 17 62 21 43
5 18 56 51 70
5 19 30 75 46
5 20 67 33 45
5 21 97 19 42
6 7 2 63 57
6 8 19 49 72
6 9 63 61 22
6 10 65 56 35
6 11 9 47 63
6 12 9 79 46
6 13 6 71 61
6 14 68 41 22
6 15 30 68 78
6 16 19 43 89
6 17 15 90 61
6 18 20 79 51
6 19 52 71 52
6 20 31 79 73
6 21 55 59 63
7 8 25 53 84
7 9 32 40 67
7 10 96 40 28
7 11 8 52 86
7 12 88 9 13
7 13 41 46 49
7 14 0 67 67
7 15 18 79 42
7 16 92 18 39
7 17 46 39 37
7 18 13 46 48
7 19 54 49 55
7 20 26 49 67
7 21 78 13 53
8 9 84 46 51
8 10 98 18 2
8 11 84 57 16
8 12 80 34 38
8 13 35 57 39
8 14 23 75 87
8 15 18 71 71
8 16 97 2 20
8 17 84 11 11
8 18 48 48 37
8 19 24 79 44
8 20 40 63 39
8 21 30 44 80
9 10 84 18 12
9 11 78 58 47
9 12 75 34 21
9 13 62 30 34
9 14 22 42 48
9 15 48 68 40
9 16 51 72 67
9 17 70 30 52
9 18 81 50 28
9 19 29 51 81
9 20 70 26 54
9 21 15 78 63
10 11 86 29 20
10 12 83 41 36
10 13 82 45 10
10 14 71 27 53
10 15 32 42 50
10 16 23 72 85
10 17 50 43 58
10 18 67 20 56
10 19 95 11 20
10 20 56 45 41
10 21 63 68 49
11 12 31 52 64
11 13 14 87 87
11 14 11 75 70
11 15 86 52 22
11 16 11 56 71
11 17 74 49 36
11 18 69 26 21
11 19 75 14 25
11 20 70 52 54
11 21 56 59 54
12 13 87 22 14
12 14 45 40 29
12 15 53 24 62
12 16 66 59 32
12 17 16 67 60
12 18 61 43 60
12 19 34 53 47
12 20 85 18 30
12 21 44 35 76
13 14 28 80 45
13 15 17 88 45
13 16 13 70 91
13 17 74 61 31
13 18 37 66 53
13 19 48 74 31
13 20 91 9 40
13 21 42 67 51
14 15 39 32 38
14 16 85 28 28
14 17 40 78 57
14 18 3 60 84
14 19 27 84 45
14 20 36 43 35
14 21 62 52 23
15 16 97 24 30
15 17 21 73 72
15 18 50 65 54
15 19 10 66 78
15 20 74 15 46
15 21 73 21 27
16 17 49 30 45
16 18 97 7 49
16 19 8 73 48
16 20 30 63 81
16 21 52 41 38
17 18 61 52 49
17 19 72 32 30
17 20 41 51 75
17 21 2 56 49
18 19 56 66 68
18 20 67 41 57
18 21 43 32 31
19 20 0 58 49
19 21 96 14 47
20 21 33 57 63
