27
0 1 98 8 57
0 2 69 78 18
0 3 36 53 41
0 4 4 37 76
0 5 33 44 46
0 6 46 26 49
0 7 16 25 55
0 8 20 23 32
0 9 49 33 64
0 10 69 44 26
0 11 47 57 55
0 12 35 38 48
0 13 40 50 48
0 14 4 29 76
0 15 31 20 88
0 16 19 37 82
0 17 94 49 25
0 18 34 75 70
0 19 66 69 59
0 20 66 75 22
0 21 13 95 38
0 22 83 7 28
0 23 55 45 34
0 24 48 84 17
0 25 30 15 69
0 26 26 49 16
1 2 73 18 42
1 3 14 66 89
1 4 60 49 33
1 5 41 32 60
1 6 31 90 71
1 7 32 13 32
1 8 93 66 5
1 9 69 29 78
1 10 22 71 64
1 11 76 29 6
1 12 60 26 14
1 13 99 25 52
1 14 88 63 63
1 15 40 40 56
1 16 8 32 70
1 17 86 42 22
1 18 97 42 25
1 19 88 32 62
1 20 55 65 74
1 21 96 6 52
1 22 96 26 73
1 23 65 43 17
1 24 57 25 54
1 25 95 67 10
1 26 16 20 89
2 3 56 36 81
2 4 60 41 8
2 5 98 58 29
2 6 18 20 45
2 7 4 90 23
2 8 56 22 67
2 9 46 49 68
2 10 83 76 30
2 11 81 6 45
2 12 19 28 46
2 13 97 78 7
2 14 84 71 75
2 15 17 90 27
2 16 30 58 55
2 17 44 50 60
2 18 6 86 84
2 19 92 9 21
2 20 62 14 38
2 21 64 54 18
2 22 92 71 78
2 23 77 9 78
2 24 11 74 33
2 25 7 72 82
2 26 83 29 76
3 4 55 62 81
3 5 4 34 31
3 6 54 56 63
3 7 2 50 73
3 8 82 46 27
3 9 69 81 73
3 10 69 85 32
3 11 79 4 9
3 12 68 63 61
3 13 79 7 57
3 14 26 89 54
3 15 25 54 58
3 16 68 19 11
3 17 99 2 4
3 18 80 10 65
3 19 21 72 53
3 20 77 8 74
3 21 89 74 40
3 22 87 76 31
3 23 72 15 23
3 24 63 38 75
3 25 75 74 11
3 26 80 34 19
4 5 98 60 20
4 6 53 53 57
4 7 37 22 21
4 8 29 64 63
4 9 96 4 22
4 10 74 62 53
4 11 3 91 88
4 12 29 69 35
4 13 59 24 83
4 14 38 26 58
4 15 86 25 55
4 16 90 8 22
4 17 5 40 95
4 18 17 56 77
4 19 47 62 29
4 20 18 63 60
4 21 34 81 71
4 22 4 99 58
4 23 49 34 18
4 24 32 15 26
4 25 48 16 85
4 26 37 66 83
5 6 45 69 78
5 7 94 55 37
5 8 39 53 37
5 9 84 62 25
5 10 18 66 58
5 11 12 56 96
5 12 80 9 47
5 13 53 37 42
5 14 39 76 55
5 15 97 31 43
5 16 66 32 74
5 17 40 48 31
5 18 6 76 79
5 19 52 19 64
5 20 90 15 68
5 21 76 82 6
5 22 1 83 37
5 23 28 30 61
5 24 11 40 43
5 25 93 8 77
5 26 19 60 52
6 7 78 21 68
6 8 51 60 45
6 9 81 78 12
6 10 5 68 55
6 11 60 53 51
6 12 3 32 79
6 13 74 39 18
6 14 74 61 7
6 15 51 35 59
6 16 14 87 94
6 17 84 56 26
6 18 43 53 57
6 19 55 45 42
6 20 75 84 62
6 21 94 51 43
6 22 49 29 83
6 23 44 18 47
6 24 23 51 67
6 25 25 61 33
6 26 31 92 43
7 8 40 89 29
7 9 99 0 23
7 10 81 23 73
7 11 58 86 54
7 12 27 55 43
7 13 56 63 46
7 14 63 59 23
7 15 86 12 39
7 16 15 58 44
7 17 77 37 81
7 18 33 88 36
7 19 15 49 39
7 20 24 70 25
7 21 98 52 28
7 22 37 13 74
7 23 26 86 90
7 24 72 9 50
7 25 33 54 64
7 26 47 68 63
8 9 18 86 33
8 10 4 77 48
8 11 98 22 68
8 12 34 33 56
8 13 59 14 52
8 14 11 92 95
8 15 21 23 65
8 16 37 48 51
8 17 36 40 29
8 18 2 55 75
8 19 17 96 27
8 20 10 91 29
8 21 78 25 37
8 22 70 53 77
8 23 21 79 95
8 24 18 50 53
8 25 54 42 67
8 26 90 17 16
9 10 31 86 58
9 11 99 43 51
9 12 86 24 79
9 13 44 70 13
9 14 55 33 76
9 15 85 56 57
9 16 96 75 62
9 17 99 41 79
9 18 30 38 70
9 19 31 51 21
9 20 98 77 43
9 21 61 20 20
9 22 4 77 86
9 23 0 40 20
9 24 45 13 54
9 25 33 65 91
9 26 10 70 27
10 11 37 13 76
10 12 65 26 45
10 13 19 94 61
10 14 96 59 79
10 15 56 43 73
10 16 8 57 59
10 17 76 17 78
10 18 28 92 34
10 19 0 35 85
10 20 74 13 78
10 21 75 47 70
10 22 69 20 60
10 23 66 41 54
10 24 97 16 57
10 25 8 73 21
10 26 3 93 33
11 12 69 62 64
11 13 7 41 51
11 14 79 69 73
11 15 84 28 9
11 16 78 13 53
11 17 68 72 47
11 18 30 78 14
11 19 8 76 37
11 20 62 82 37
11 21 62 41 70
11 22 98 36 1
11 23 31 60 92
11 24 22 46 95
11 25 20 87 37
11 26 29 22 76
12 13 4 31 90
12 14 24 32 92
12 15 52 64 24
12 16 36 17 21
12 17 87 70 60
12 18 16 86 51
12 19 30 90 46
12 20 71 60 22
12 21 31 62 32
12 22 84 25 68
12 23 21 38 44
12 24 86 33 41
12 25 34 54 16
12 26 22 61 66
13 14 72 48 70
13 15 59 75 27
13 16 30 49 46
13 17 38 41 60
13 18 29 49 45
13 19 3 67 65
13 20 47 53 16
13 21 68 20 38
13 22 14 39 72
13 23 61 87 58
13 24 18 47 75
13 25 43 52 30
13 26 18 39 28
14 15 27 87 42
14 16 2 20 72
14 17 36 92 90
14 18 24 59 88
14 19 58 41 70
14 20 70 73 43
14 21 37 13 39
14 22 28 38 26
14 23 72 76 83
14 24 70 26 29
14 25 33 41 53
14 26 85 10 28
15 16 85 12 38
15 17 10 72 73
15 18 4 98 96
15 19 95 5 53
15 20 28 25 42
15 21 71 25 5
15 22 86 6 34
15 23 3 72 49
15 24 71 27 35
15 25 38 21 48
15 26 8 93 52
16 17 17 32 57
16 18 59 64 40
16 19 62 85 10
16 20 18 71 41
16 21 61 46 36
16 22 14 90 46
16 23 97 9 76
16 24 80 25 71
16 25 66 55 15
16 26 15 75 40
17 18 83 60 22
17 19 71 84 47
17 20 22 44 59
17 21 16 67 57
17 22 94 75 5
17 23 64 19 13
17 24 11 18 25
17 25 47 17 17
17 26 88 55 15
18 19 41 70 13
18 20 47 40 81
18 21 14 53 54
18 22 93 40 60
18 23 82 13 10
18 24 56 68 75
18 25 16 16 96
18 26 93 65 57
19 20 38 67 46
19 21 45 47 38
19 22 58 76 85
19 23 52 30 17
19 24 14 61 89
19 25 11 93 47
19 26 31 77 77
20 21 73 45 20
20 22 32 17 83
20 23 82 17 66
20 24 46 20 27
20 25 57 21 64
20 26 93 61 61
21 22 10 83 54
21 23 25 74 36
21 24 22 95 65
21 25 57 76 85
21 26 29 29 69
22 23 2 66 76
22 24 67 19 16
22 25 75 36 16
22 26 65 74 61
23 24 94 69 63
23 25 62 66 84
23 26 85 10 10
24 25 24 36 55
24 26 22 78 18
25 26 28 69 25
