30
0 1 63 42 45
0 2 52 53 22
0 3 92 3 70
0 4 30 58 37
0 5 26 17 56
0 6 33 64 90
0 7 36 47 58
0 8 17 32 26
0 9 28 56 72
0 10 78 35 20
0 11 62 52 66
0 12 17 95 71
0 13 88 22 53
0 14 64 35 65
0 15 2 84 29
0 16 8 47 27
0 17 87 4 23
0 18 40 37 76
0 19 74 28 55
0 20 70 63 51
0 21 90 15 45
0 22 39 90 88
0 23 73 11 23
0 24 31 82 35
0 25 33 81 80
0 26 96 63 58
0 27 70 64 11
0 28 56 29 65
0 29 39 91 14
1 2 53 48 40
1 3 45 24 37
1 4 34 84 74
1 5 24 21 16
1 6 69 75 13
1 7 15 53 25
1 8 0 73 23
1 9 56 68 74
1 10 83 13 24
1 11 28 58 77
1 12 7 23 58
1 13 67 69 42
1 14 35 84 22
1 15 69 36 65
1 16 88 44 68
1 17 53 28 51
1 18 11 92 78
1 19 87 61 58
1 20 58 53 29
1 21 90 12 31
1 22 21 44 82
1 23 92 18 24
1 24 63 41 25
1 25 66 54 13
1 26 57 73 51
1 27 10 63 89
1 28 39 84 39
1 29 47 54 48
2 3 54 24 40
2 4 14 80 37
2 5 42 60 76
2 6 29 43 93
2 7 3 58 79
2 8 34 57 37
2 9 14 53 84
2 10 29 55 44
2 11 52 55 35
2 12 78 64 25
2 13 48 62 13
2 14 81 33 55
2 15 65 34 78
2 16 98 12 77
2 17 93 32 29
2 18 58 35 12
2 19 81 4 46
2 20 92 4 75
2 21 22 19 31
2 22 71 71 24
2 23 55 52 65
2 24 37 40 34
2 25 19 55 81
2 26 8 34 46
2 27 43 45 20
2 28 73 55 26
2 29 79 76 15
3 4 24 57 16
3 5 52 68 86
3 6 12 56 83
3 7 31 18 73
3 8 63 69 69
3 9 3 78 36
3 10 18 89 30
3 11 78 29 31
3 12 30 15 57
3 13 60 38 43
3 14 73 57 44
3 15 85 14 35
3 16 28 65 23
3 17 92 63 47
3 18 89 20 4
3 19 63 23 9
3 20 69 43 10
3 21 9 66 65
3 22 39 23 60
3 23 48 54 86
3 24 27 33 22
3 25 46 60 37
3 26 20 93 85
3 27 83 19 50
3 28 77 55 39
3 29 48 21 49
4 5 64 85 19
4 6 74 39 72
4 7 48 33 31
4 8 15 90 44
4 9 0 89 99
4 10 87 80 28
4 11 96 49 57
4 12 90 43 15
4 13 73 11 83
4 14 32 45 55
4 15 51 27 66
4 16 53 56 19
4 17 51 9 35
4 18 41 51 24
4 19 65 37 33
4 20 18 30 95
4 21 68 40 39
4 22 55 36 39
4 23 3 86 98
4 24 3 34 95
4 25 31 57 62
4 26 44 52 55
4 27 1 60 59
4 28 17 87 39
4 29 1 87 81
5 6 66 7 77
5 7 88 23 47
5 8 68 11 67
5 9 97 52 76
5 10 30 77 78
5 11 3 64 27
5 12 67 67 19
5 13 29 43 32
5 14 41 13 44
5 15 48 86 59
5 16 80 28 50
5 17 0 49 53
5 18 3 38 40
5 19 20 54 80
5 20 56 45 54
5 21 25 70 22
5 22 62 11 32
5 23 5 26 65
5 24 97 79 76
5 25 46 80 43
5 26 35 50 76
5 27 21 30 90
5 28 43 17 61
5 29 23 66 27
6 7 43 52 30
6 8 90 32 26
6 9 41 69 69
6 10 5 53 71
6 11 0 37 42
6 12 81 76 38
6 13 50 56 87
6 14 68 78 43
6 15 19 52 23
6 16 53 29 34
6 17 80 24 23
6 18 92 65 51
6 19 73 14 14
6 20 70 54 65
6 21 29 86 39
6 22 62 45 23
6 23 42 40 39
6 24 78 62 67
6 25 71 79 85
6 26 61 70 19
6 27 5 42 79
6 28 77 62 69
6 29 3 81 52
7 8 85 43 61
7 9 59 25 68
7 10 56 76 83
7 11 40 52 49
7 12 53 26 32
7 13 20 28 67
7 14 85 28 5
7 15 82 82 78
7 16 48 13 47
7 17 79 54 60
7 18 33 13 41
7 19 42 63 16
7 20 60 27 15
7 21 43 61 59
7 22 14 51 54
7 23 22 29 81
7 24 5 98 88
7 25 29 88 30
7 26 73 23 52
7 27 35 13 50
7 28 18 94 23
7 29 1 32 62
8 9 32 17 84
8 10 64 56 38
8 11 82 60 24
8 12 62 53 60
8 13 22 52 60
8 14 89 14 7
8 15 76 21 53
8 16 33 20 85
8 17 4 57 89
8 18 51 68 78
8 19 79 65 40
8 20 66 35 60
8 21 13 47 88
8 22 45 53 25
8 23 86 41 75
8 24 79 80 40
8 25 63 7 85
8 26 7 29 51
8 27 7 46 50
8 28 7 68 60
8 29 87 26 5
9 10 20 42 17
9 11 44 49 14
9 12 97 10 74
9 13 92 27 45
9 14 53 14 67
9 15 92 60 18
9 16 39 62 26
9 17 22 39 30
9 18 30 48 16
9 19 98 12 32
9 20 79 63 69
9 21 93 53 4
9 22 86 59 64
9 23 6 88 33
9 24 35 18 84
9 25 78 74 13
9 26 94 15 79
9 27 29 76 23
9 28 47 73 27
9 29 13 95 40
10 11 56 55 76
10 12 97 34 68
10 13 93 1 45
10 14 94 21 59
10 15 26 91 89
10 16 51 15 16
10 17 26 52 37
10 18 75 70 38
10 19 33 19 35
10 20 96 28 10
10 21 77 14 66
10 22 61 69 74
10 23 37 80 59
10 24 13 81 52
10 25 76 6 61
10 26 40 24 52
10 27 44 21 43
10 28 29 70 43
10 29 8 18 83
11 12 17 23 84
11 13 94 72 35
11 14 21 27 54
11 15 73 65 24
11 16 71 32 69
11 17 58 80 88
11 18 44 87 30
11 19 60 46 52
11 20 18 73 76
11 21 45 84 54
11 22 35 87 85
11 23 45 49 84
11 24 2 36 98
11 25 9 50 95
11 26 32 31 62
11 27 4 25 66
11 28 94 75 77
11 29 66 53 26
12 13 0 51 34
12 14 19 48 22
12 15 12 64 38
12 16 38 79 28
12 17 85 75 3
12 18 73 54 47
12 19 75 75 64
12 20 41 59 73
12 21 1 70 75
12 22 73 49 77
12 23 69 6 85
12 24 96 26 34
12 25 40 49 14
12 26 56 52 41
12 27 65 83 9
12 28 31 33 56
12 29 31 39 79
13 14 32 89 72
13 15 6 40 68
13 16 37 18 70
13 17 3 67 57
13 18 14 29 84
13 19 77 77 33
13 20 46 28 46
13 21 4 51 36
13 22 44 40 64
13 23 69 64 56
13 24 50 28 21
13 25 22 82 59
13 26 97 19 75
13 27 63 59 50
13 28 87 5 20
13 29 27 89 83
14 15 12 26 39
14 16 48 33 13
14 17 50 66 76
14 18 30 63 74
14 19 31 22 77
14 20 32 70 42
14 21 16 77 95
14 22 95 6 17
14 23 78 15 81
14 24 38 28 57
14 25 11 33 66
14 26 21 85 71
14 27 2 88 29
14 28 69 52 11
14 29 74 14 22
15 16 67 49 65
15 17 19 38 67
15 18 65 27 20
15 19 89 60 80
15 20 19 37 90
15 21 33 61 75
15 22 76 28 42
15 23 89 60 75
15 24 73 78 61
15 25 49 17 79
15 26 79 42 64
15 27 91 17 14
15 28 16 75 27
15 29 51 79 17
16 17 58 16 11
16 18 20 58 90
16 19 79 44 47
16 20 52 21 84
16 21 37 82 17
16 22 48 36 63
16 23 14 56 66
16 24 95 47 33
16 25 3 58 33
16 26 10 42 86
16 27 27 53 54
16 28 88 56 12
16 29 66 24 59
17 18 80 24 17
17 19 66 28 44
17 20 9 83 35
17 21 35 23 20
17 22 73 32 64
17 23 5 24 76
17 24 18 52 71
17 25 73 29 45
17 26 44 19 82
17 27 35 74 85
17 28 35 49 89
17 29 56 22 35
18 19 11 87 46
18 20 14 33 52
18 21 60 63 45
18 22 17 76 23
18 23 30 80 83
18 24 56 30 34
18 25 78 83 66
18 26 23 74 63
18 27 58 55 14
18 28 23 78 90
18 29 41 89 35
19 20 68 60 81
19 21 71 54 64
19 22 77 38 74
19 23 35 61 84
19 24 4 97 39
19 25 81 64 38
19 26 93 71 64
19 27 64 67 19
19 28 96 16 76
19 29 37 81 53
20 21 53 17 39
20 22 28 65 56
20 23 40 31 53
20 24 9 59 86
20 25 73 60 18
20 26 27 48 42
20 27 16 93 57
20 28 16 69 59
20 29 39 19 50
21 22 85 77 66
21 23 57 41 9
21 24 84 15 34
21 25 99 9 35
21 26 79 58 22
21 27 41 67 68
21 28 42 34 12
21 29 2 83 27
22 23 58 47 49
22 24 24 62 47
22 25 30 64 91
22 26 80 25 31
22 27 89 57 78
22 28 35 83 31
22 29 58 25 81
23 24 59 52 12
23 25 32 81 83
23 26 64 13 23
23 27 14 48 71
23 28 12 29 24
23 29 23 70 51
24 25 22 17 63
24 26 82 54 53
24 27 3 32 71
24 28 26 41 76
24 29 66 62 67
25 26 24 15 38
25 27 8 26 50
25 28 99 5 24
25 29 11 34 64
26 27 86 50 63
26 28 72 50 54
26 29 63 14 46
27 28 22 89 25
27 29 5 84 47
28 29 2 83 27
