30
0 1 56 41 42
0 2 90 21 15
0 3 45 53 58
0 4 63 37 38
0 5 5 82 95
0 6 24 75 70
0 7 80 19 18
0 8 80 23 20
0 9 12 78 81
0 10 13 84 75
0 11 53 40 51
0 12 82 26 16
0 13 62 33 41
0 14 49 53 46
0 15 82 26 28
0 16 56 49 50
0 17 33 63 57
0 18 73 27 33
0 19 24 75 78
0 20 86 11 19
0 21 46 59 55
0 22 74 23 24
0 23 48 53 58
0 24 6 79 83
0 25 38 62 65
0 26 28 69 68
0 27 38 59 54
0 28 36 63 58
0 29 91 12 15
1 2 16 74 83
1 3 97 7 5
1 4 6 84 92
1 5 30 70 73
1 6 18 83 70
1 7 33 61 60
1 8 59 36 48
1 9 36 64 64
1 10 86 25 18
1 11 71 37 37
1 12 73 34 36
1 13 34 64 66
1 14 78 27 29
1 15 2 86 85
1 16 83 24 24
1 17 43 62 60
1 18 69 33 29
1 19 90 11 12
1 20 7 91 89
1 21 15 82 84
1 22 88 24 15
1 23 39 53 52
1 24 35 55 61
1 25 46 47 49
1 26 8 82 82
1 27 85 24 15
1 28 36 61 59
1 29 28 75 68
2 3 84 13 15
2 4 16 78 80
2 5 50 47 43
2 6 72 25 24
2 7 30 59 67
2 8 27 62 73
2 9 81 15 17
2 10 69 40 40
2 11 16 71 79
2 12 65 30 32
2 13 86 21 18
2 14 44 49 57
2 15 31 62 71
2 16 22 79 68
2 17 70 25 39
2 18 9 83 88
2 19 68 32 39
2 20 32 71 59
2 21 23 66 67
2 22 68 38 34
2 23 29 70 73
2 24 25 70 68
2 25 62 37 40
2 26 96 14 8
2 27 30 61 71
2 28 18 81 79
2 29 72 27 29
3 4 35 57 67
3 5 97 14 16
3 6 77 25 26
3 7 36 61 55
3 8 82 26 28
3 9 93 20 10
3 10 25 65 72
3 11 42 54 57
3 12 12 83 83
3 13 23 79 68
3 14 67 30 30
3 15 54 39 40
3 16 13 85 85
3 17 78 29 28
3 18 55 48 48
3 19 59 42 44
3 20 56 47 47
3 21 8 80 83
3 22 35 62 55
3 23 65 38 31
3 24 56 37 40
3 25 26 66 62
3 26 82 20 22
3 27 59 48 40
3 28 13 78 77
3 29 19 77 68
4 5 92 9 8
4 6 12 79 79
4 7 29 65 61
4 8 27 70 67
4 9 41 50 60
4 10 36 63 63
4 11 19 74 78
4 12 0 94 96
4 13 67 34 35
4 14 79 25 26
4 15 37 56 61
4 16 96 10 9
4 17 29 72 66
4 18 95 13 5
4 19 80 21 30
4 20 47 59 47
4 21 23 65 74
4 22 1 97 97
4 23 99 5 13
4 24 55 43 38
4 25 9 91 87
4 26 68 33 38
4 27 63 34 43
4 28 72 27 26
4 29 29 60 65
5 6 74 35 22
5 7 73 34 25
5 8 91 10 21
5 9 17 71 78
5 10 45 48 46
5 11 36 57 66
5 12 71 38 31
5 13 83 19 27
5 14 82 23 24
5 15 8 79 83
5 16 99 2 7
5 17 72 33 34
5 18 0 95 88
5 19 52 53 47
5 20 63 40 31
5 21 56 40 50
5 22 90 14 16
5 23 25 68 75
5 24 63 34 35
5 25 5 89 85
5 26 29 74 69
5 27 84 21 16
5 28 86 11 11
5 29 8 82 79
6 7 98 6 9
6 8 75 32 31
6 9 95 4 17
6 10 10 84 82
6 11 66 32 36
6 12 45 52 53
6 13 3 96 91
6 14 97 16 9
6 15 34 65 66
6 16 19 76 72
6 17 17 82 81
6 18 65 34 43
6 19 30 72 64
6 20 6 90 93
6 21 47 55 48
6 22 78 18 23
6 23 38 58 54
6 24 74 23 24
6 25 65 32 32
6 26 86 25 15
6 27 65 30 40
6 28 34 67 58
6 29 74 24 25
7 8 39 60 63
7 9 82 22 21
7 10 59 46 37
7 11 4 90 87
7 12 77 19 29
7 13 68 27 41
7 14 57 48 36
7 15 29 73 67
7 16 92 11 15
7 17 75 31 25
7 18 53 42 47
7 19 98 8 13
7 20 1 94 88
7 21 38 52 61
7 22 99 6 3
7 23 44 56 54
7 24 60 46 47
7 25 85 19 20
7 26 68 39 29
7 27 3 86 94
7 28 67 29 36
7 29 29 65 66
8 9 27 65 71
8 10 33 67 70
8 11 62 45 37
8 12 37 55 58
8 13 33 61 61
8 14 65 40 30
8 15 64 31 39
8 16 20 76 81
8 17 7 79 81
8 18 16 85 79
8 19 34 58 64
8 20 93 17 15
8 21 36 65 59
8 22 79 20 26
8 23 51 44 55
8 24 11 84 79
8 25 31 60 64
8 26 92 9 16
8 27 86 22 17
8 28 72 26 29
8 29 77 25 29
9 10 21 74 77
9 11 50 43 54
9 12 4 84 83
9 13 88 13 23
9 14 58 42 39
9 15 21 77 72
9 16 76 31 26
9 17 2 83 86
9 18 52 52 43
9 19 20 75 77
9 20 89 19 19
9 21 89 19 11
9 22 61 42 34
9 23 40 58 58
9 24 56 44 38
9 25 65 31 36
9 26 12 79 78
9 27 71 36 26
9 28 29 73 60
9 29 58 41 40
10 11 26 69 67
10 12 91 9 20
10 13 79 27 27
10 14 81 29 16
10 15 53 42 44
10 16 54 43 42
10 17 64 31 39
10 18 21 76 71
10 19 98 10 2
10 20 54 41 42
10 21 52 50 48
10 22 72 31 28
10 23 65 34 33
10 24 59 42 47
10 25 38 62 60
10 26 27 67 66
10 27 77 29 22
10 28 52 45 40
10 29 65 42 42
11 12 12 84 85
11 13 5 89 86
11 14 42 57 51
11 15 67 35 38
11 16 66 38 36
11 17 32 68 69
11 18 14 79 77
11 19 54 53 45
11 20 1 97 84
11 21 49 48 43
11 22 86 22 20
11 23 64 31 33
11 24 35 67 68
11 25 2 93 84
11 26 44 53 55
11 27 1 90 93
11 28 1 96 88
11 29 79 24 26
12 13 58 45 39
12 14 17 81 76
12 15 24 70 69
12 16 30 66 71
12 17 40 51 64
12 18 34 62 59
12 19 23 75 74
12 20 72 26 28
12 21 79 27 19
12 22 60 42 36
12 23 78 26 25
12 24 91 8 18
12 25 25 68 64
12 26 59 46 38
12 27 97 15 3
12 28 53 48 51
12 29 77 30 25
13 14 68 35 39
13 15 49 56 47
13 16 63 33 34
13 17 14 75 75
13 18 47 49 51
13 19 99 4 6
13 20 57 50 49
13 21 56 49 44
13 22 4 84 86
13 23 8 89 79
13 24 4 91 94
13 25 46 53 52
13 26 35 65 64
13 27 21 71 75
13 28 43 57 50
13 29 52 43 42
14 15 43 60 59
14 16 50 49 51
14 17 12 87 84
14 18 0 93 96
14 19 34 59 68
14 20 17 72 76
14 21 37 58 68
14 22 82 24 24
14 23 48 53 47
14 24 58 44 37
14 25 76 30 31
14 26 27 74 70
14 27 92 11 18
14 28 37 62 67
14 29 45 47 50
15 16 32 59 64
15 17 31 66 61
15 18 71 31 32
15 19 19 71 71
15 20 4 93 84
15 21 43 60 58
15 22 6 81 88
15 23 80 21 17
15 24 98 1 9
15 25 11 86 76
15 26 5 82 81
15 27 29 71 69
15 28 96 17 15
15 29 8 79 82
16 17 64 37 41
16 18 10 88 86
16 19 41 57 59
16 20 94 10 15
16 21 67 32 36
16 22 22 79 72
16 23 13 85 78
16 24 17 77 71
16 25 40 62 61
16 26 77 20 19
16 27 21 76 70
16 28 52 46 41
16 29 32 60 68
17 18 83 27 21
17 19 68 32 28
17 20 65 35 37
17 21 0 98 88
17 22 26 68 69
17 23 17 73 82
17 24 5 80 84
17 25 97 4 15
17 26 40 63 55
17 27 81 22 29
17 28 41 51 59
17 29 88 17 13
18 19 75 27 31
18 20 58 49 35
18 21 64 43 36
18 22 21 69 81
18 23 59 35 44
18 24 12 80 77
18 25 80 23 28
18 26 38 61 53
18 27 17 73 75
18 28 66 39 32
18 29 35 60 59
19 20 51 53 45
19 21 20 72 70
19 22 89 15 23
19 23 88 11 14
19 24 13 76 77
19 25 5 84 86
19 26 74 25 32
19 27 86 18 24
19 28 51 44 50
19 29 40 54 64
20 21 89 10 16
20 22 28 60 73
20 23 14 76 86
20 24 93 14 7
20 25 11 87 82
20 26 93 17 15
20 27 35 57 68
20 28 63 41 36
20 29 9 89 82
21 22 38 53 56
21 23 42 49 53
21 24 96 13 14
21 25 63 31 38
21 26 75 32 24
21 27 75 26 22
21 28 64 39 40
21 29 70 34 32
22 23 66 36 36
22 24 61 33 47
22 25 97 16 6
22 26 38 63 54
22 27 33 67 58
22 28 89 11 9
22 29 66 32 29
23 24 58 38 35
23 25 53 48 46
23 26 55 47 41
23 27 97 15 8
23 28 59 39 45
23 29 29 64 72
24 25 19 76 69
24 26 89 19 11
24 27 39 62 64
24 28 96 12 9
24 29 29 64 62
25 26 90 11 21
25 27 18 78 75
25 28 8 82 84
25 29 18 70 72
26 27 52 46 45
26 28 35 68 56
26 29 39 63 65
27 28 43 57 52
27 29 47 55 53
28 29 53 47 53
