33
0 1 78 61 69
0 2 84 8 50
0 3 97 6 47
0 4 55 56 33
0 5 69 20 62
0 6 70 63 77
0 7 4 78 69
0 8 11 42 22
0 9 55 21 47
0 10 83 77 35
0 11 24 34 25
0 12 93 21 36
0 13 27 71 19
0 14 67 54 80
0 15 7 90 98
0 16 83 5 18
0 17 13 71 24
0 18 9 74 95
0 19 52 63 24
0 20 22 35 82
0 21 35 63 42
0 22 26 88 27
0 23 46 25 90
0 24 44 73 71
0 25 49 35 63
0 26 98 2 60
0 27 61 7 87
0 28 24 94 41
0 29 65 19 32
0 30 67 57 69
0 31 76 6 67
0 32 27 80 30
1 2 13 74 28
1 3 41 16 33
1 4 22 95 68
1 5 34 50 20
1 6 63 25 27
1 7 11 82 54
1 8 20 18 56
1 9 65 62 29
1 10 83 23 16
1 11 83 33 11
1 12 7 65 54
1 13 67 85 65
1 14 4 44 64
1 15 37 45 57
1 16 62 12 30
1 17 54 25 14
1 18 38 36 71
1 19 49 59 29
1 20 70 45 64
1 21 12 60 65
1 22 22 87 57
1 23 22 56 73
1 24 88 29 11
1 25 80 43 52
1 26 51 78 17
1 27 18 66 93
1 28 47 85 74
1 29 92 51 28
1 30 69 24 41
1 31 32 18 19
1 32 8 81 72
2 3 39 12 41
2 4 94 11 25
2 5 35 89 25
2 6 23 76 42
2 7 62 53 64
2 8 0 70 75
2 9 63 62 21
2 10 62 78 62
2 11 18 51 42
2 12 81 17 39
2 13 97 49 58
2 14 66 48 75
2 15 41 23 43
2 16 36 83 84
2 17 16 35 73
2 18 88 72 24
2 19 86 26 17
2 20 85 73 70
2 21 47 40 46
2 22 46 70 22
2 23 29 53 25
2 24 44 18 41
2 25 26 85 48
2 26 39 88 35
2 27 58 77 15
2 28 80 28 66
2 29 7 97 41
2 30 69 51 16
2 31 39 20 34
2 32 93 2 69
3 4 39 64 41
3 5 13 80 47
3 6 14 23 84
3 7 27 45 68
3 8 95 35 2
3 9 57 69 68
3 10 21 18 58
3 11 19 56 48
3 12 24 24 56
3 13 45 16 19
3 14 20 31 40
3 15 58 46 29
3 16 55 65 15
3 17 50 29 67
3 18 69 31 11
3 19 40 42 75
3 20 2 68 92
3 21 59 19 60
3 22 18 81 83
3 23 47 65 25
3 24 80 28 49
3 25 25 57 88
3 26 64 59 52
3 27 12 43 53
3 28 66 59 20
3 29 99 9 10
3 30 39 69 65
3 31 56 84 69
3 32 73 44 40
4 5 15 33 57
4 6 68 44 27
4 7 70 54 60
4 8 97 61 14
4 9 84 14 19
4 10 22 89 34
4 11 96 68 4
4 12 70 48 55
4 13 52 40 86
4 14 57 80 43
4 15 46 53 78
4 16 66 53 20
4 17 67 48 45
4 18 94 30 74
4 19 48 37 61
4 20 24 15 70
4 21 11 44 30
4 22 2 62 45
4 23 72 12 36
4 24 85 30 14
4 25 15 47 44
4 26 51 73 19
4 27 99 50 72
4 28 92 68 62
4 29 3 74 78
4 30 62 39 80
4 31 90 24 19
4 32 74 55 38
5 6 99 71 12
5 7 60 46 54
5 8 55 13 55
5 9 38 88 32
5 10 73 21 19
5 11 14 68 46
5 12 46 26 25
5 13 29 86 59
5 14 97 23 7
5 15 61 63 14
5 16 90 29 58
5 17 95 27 42
5 18 59 31 9
5 19 5 91 25
5 20 93 13 12
5 21 52 10 29
5 22 80 73 57
5 23 15 95 69
5 24 1 60 71
5 25 98 8 54
5 26 62 39 51
5 27 91 45 72
5 28 59 72 80
5 29 94 5 80
5 30 20 53 41
5 31 36 18 53
5 32 22 25 51
6 7 85 81 34
6 8 73 9 10
6 9 70 31 54
6 10 34 59 53
6 11 52 40 12
6 12 24 26 53
6 13 82 29 11
6 14 57 35 82
6 15 20 61 85
6 16 36 31 65
6 17 54 52 32
6 18 3 60 59
6 19 5 24 72
6 20 64 81 28
6 21 71 70 15
6 22 38 78 22
6 23 98 71 30
6 24 18 45 21
6 25 26 37 81
6 26 78 17 14
6 27 13 20 65
6 28 68 28 43
6 29 17 35 73
6 30 76 23 58
6 31 39 76 35
6 32 29 46 64
7 8 93 65 6
7 9 82 43 79
7 10 6 67 43
7 11 64 26 32
7 12 84 69 27
7 13 7 58 29
7 14 26 87 51
7 15 68 21 84
7 16 52 64 63
7 17 76 72 21
7 18 6 52 35
7 19 54 36 46
7 20 4 47 31
7 21 35 68 43
7 22 34 13 42
7 23 32 26 84
7 24 25 19 22
7 25 45 75 70
7 26 69 33 18
7 27 1 68 47
7 28 44 17 32
7 29 10 96 27
7 30 73 11 28
7 31 65 61 81
7 32 86 15 80
8 9 36 41 28
8 10 58 34 65
8 11 83 50 31
8 12 94 54 34
8 13 76 34 72
8 14 10 31 50
8 15 60 63 77
8 16 99 10 4
8 17 19 39 16
8 18 70 24 41
8 19 70 67 8
8 20 23 18 89
8 21 11 57 42
8 22 73 79 11
8 23 72 44 43
8 24 1 74 24
8 25 47 77 42
8 26 61 58 53
8 27 11 83 51
8 28 3 33 45
8 29 47 49 20
8 30 8 34 61
8 31 46 37 12
8 32 53 57 60
9 10 34 15 55
9 11 9 94 94
9 12 25 75 83
9 13 26 63 88
9 14 29 85 71
9 15 73 53 84
9 16 48 14 61
9 17 94 53 30
9 18 21 74 72
9 19 18 87 89
9 20 63 52 33
9 21 58 28 52
9 22 48 35 78
9 23 64 37 54
9 24 48 62 14
9 25 71 9 67
9 26 72 56 68
9 27 60 18 38
9 28 82 63 82
9 29 19 68 24
9 30 50 11 84
9 31 85 42 40
9 32 55 41 62
10 11 75 76 23
10 12 1 65 79
10 13 12 70 62
10 14 13 55 26
10 15 89 54 70
10 16 35 45 64
10 17 52 20 80
10 18 26 57 20
10 19 57 26 87
10 20 67 83 52
10 21 70 42 66
10 22 79 4 7
10 23 26 46 21
10 24 98 46 13
10 25 1 67 37
10 26 18 32 17
10 27 74 22 78
10 28 8 50 82
10 29 9 53 45
10 30 94 64 55
10 31 23 15 28
10 32 54 86 19
11 12 88 19 12
11 13 38 66 76
11 14 97 2 2
11 15 26 64 60
11 16 58 58 28
11 17 93 46 52
11 18 87 35 34
11 19 89 12 26
11 20 35 51 66
11 21 0 45 75
11 22 51 31 65
11 23 96 20 18
11 24 78 32 60
11 25 50 58 54
11 26 59 62 12
11 27 69 64 10
11 28 83 71 56
11 29 10 56 44
11 30 60 60 62
11 31 70 37 72
11 32 31 43 47
12 13 15 24 73
12 14 68 86 17
12 15 33 14 58
12 16 31 32 18
12 17 88 54 32
12 18 96 9 37
12 19 92 58 80
12 20 85 59 10
12 21 13 45 79
12 22 42 72 53
12 23 42 35 88
12 24 64 60 84
12 25 40 39 54
12 26 28 35 32
12 27 27 26 16
12 28 26 39 16
12 29 43 19 13
12 30 72 19 81
12 31 57 38 36
12 32 30 14 19
13 14 52 21 24
13 15 65 71 34
13 16 58 27 36
13 17 48 81 43
13 18 66 72 70
13 19 94 10 80
13 20 62 48 19
13 21 65 38 47
13 22 50 69 39
13 23 78 30 70
13 24 52 63 54
13 25 94 28 42
13 26 30 33 27
13 27 20 29 67
13 28 67 40 84
13 29 39 33 71
13 30 11 29 75
13 31 82 21 39
13 32 59 65 80
14 15 10 89 86
14 16 8 83 34
14 17 57 69 64
14 18 1 33 84
14 19 10 56 30
14 20 14 50 43
14 21 95 15 58
14 22 34 88 49
14 23 46 22 73
14 24 10 86 29
14 25 34 63 32
14 26 96 9 36
14 27 11 26 90
14 28 23 82 57
14 29 75 68 67
14 30 16 78 42
14 31 27 45 30
14 32 75 49 69
15 16 21 27 40
15 17 52 30 35
15 18 54 85 31
15 19 45 51 58
15 20 35 36 19
15 21 1 73 93
15 22 96 20 54
15 23 88 19 58
15 24 91 56 39
15 25 79 58 55
15 26 54 26 78
15 27 40 55 56
15 28 93 22 26
15 29 80 66 16
15 30 95 16 44
15 31 65 31 10
15 32 65 49 67
16 17 81 63 28
16 18 60 50 36
16 19 44 74 40
16 20 28 32 42
16 21 64 62 69
16 22 30 58 17
16 23 64 68 43
16 24 90 4 74
16 25 20 28 73
16 26 94 57 80
16 27 69 24 52
16 28 10 90 88
16 29 72 84 44
16 30 5 89 64
16 31 58 25 88
16 32 0 56 31
17 18 7 91 50
17 19 98 63 2
17 20 35 86 83
17 21 85 5 28
17 22 5 36 39
17 23 56 20 47
17 24 39 46 38
17 25 34 55 52
17 26 2 37 35
17 27 31 93 66
17 28 34 74 16
17 29 0 81 54
17 30 58 14 61
17 31 19 77 55
17 32 55 61 54
18 19 92 76 67
18 20 19 94 49
18 21 87 16 25
18 22 76 23 74
18 23 85 76 46
18 24 85 58 41
18 25 53 31 49
18 26 10 47 45
18 27 42 52 36
18 28 45 66 32
18 29 12 68 66
18 30 37 59 13
18 31 20 58 28
18 32 8 68 91
19 20 56 17 14
19 21 14 84 58
19 22 15 22 81
19 23 6 75 81
19 24 40 17 47
19 25 52 14 13
19 26 70 73 84
19 27 52 49 55
19 28 2 91 27
19 29 41 27 44
19 30 18 81 27
19 31 72 56 31
19 32 18 27 87
20 21 67 30 22
20 22 56 10 72
20 23 76 66 69
20 24 71 79 21
20 25 56 55 22
20 26 53 87 85
20 27 74 57 21
20 28 89 54 38
20 29 88 76 2
20 30 47 27 69
20 31 17 78 27
20 32 20 86 61
21 22 67 44 48
21 23 65 78 17
21 24 86 56 53
21 25 34 69 32
21 26 89 58 59
21 27 14 44 24
21 28 43 80 28
21 29 78 62 47
21 30 17 93 62
21 31 19 70 87
21 32 87 76 80
22 23 28 30 40
22 24 42 88 72
22 25 49 76 70
22 26 74 82 19
22 27 7 38 77
22 28 27 93 77
22 29 93 1 41
22 30 32 54 57
22 31 55 47 76
22 32 54 81 74
23 24 44 71 90
23 25 0 71 73
23 26 85 73 61
23 27 76 28 27
23 28 52 56 26
23 29 88 20 18
23 30 17 50 59
23 31 12 45 84
23 32 64 71 51
24 25 6 47 97
24 26 72 59 68
24 27 91 69 22
24 28 28 29 41
24 29 71 46 7
24 30 69 55 43
24 31 34 62 19
24 32 22 22 66
25 26 41 49 14
25 27 54 27 16
25 28 86 27 6
25 29 34 30 18
25 30 63 38 69
25 31 7 94 32
25 32 17 61 73
26 27 5 91 21
26 28 63 80 33
26 29 74 81 82
26 30 78 10 11
26 31 39 88 12
26 32 56 35 20
27 28 74 63 59
27 29 41 84 59
27 30 15 34 69
27 31 48 60 84
27 32 8 95 59
28 29 93 61 51
28 30 20 55 33
28 31 35 22 67
28 32 96 26 25
29 30 67 37 59
29 31 6 61 57
29 32 9 81 66
30 31 82 35 24
30 32 76 67 30
31 32 93 14 40
