35
0 1 36 68 53
0 2 54 39 49
0 3 6 89 82
0 4 14 86 83
0 5 91 13 13
0 6 49 43 57
0 7 69 35 29
0 8 22 78 76
0 9 21 76 75
0 10 80 30 26
0 11 33 58 58
0 12 95 16 8
0 13 54 44 44
0 14 71 34 31
0 15 71 30 33
0 16 33 57 67
0 17 26 62 69
0 18 75 28 34
0 19 45 51 59
0 20 53 41 41
0 21 76 24 22
0 22 61 42 43
0 23 73 36 24
0 24 92 8 20
0 25 53 41 46
0 26 44 58 51
0 27 35 69 68
0 28 54 47 53
0 29 48 45 48
0 30 45 59 51
0 31 57 39 48
0 32 74 29 22
0 33 34 56 65
0 34 71 25 26
1 2 74 31 23
1 3 65 37 37
1 4 28 62 66
1 5 42 56 63
1 6 97 5 9
1 7 0 84 94
1 8 69 28 33
1 9 33 71 63
1 10 98 8 13
1 11 34 64 57
1 12 17 80 75
1 13 55 51 41
1 14 10 84 85
1 15 19 68 72
1 16 1 90 84
1 17 62 38 33
1 18 74 30 23
1 19 37 64 58
1 20 15 76 72
1 21 69 32 28
1 22 49 55 55
1 23 58 43 42
1 24 95 11 7
1 25 87 20 13
1 26 60 34 34
1 27 85 16 17
1 28 9 84 77
1 29 72 32 31
1 30 19 72 68
1 31 9 81 89
1 32 5 88 88
1 33 9 90 79
1 34 24 72 75
2 3 6 80 80
2 4 92 18 18
2 5 56 38 37
2 6 43 48 63
2 7 10 78 85
2 8 44 47 58
2 9 36 64 67
2 10 26 68 74
2 11 91 13 17
2 12 2 86 84
2 13 49 53 50
2 14 75 30 29
2 15 76 21 29
2 16 67 38 32
2 17 96 4 5
2 18 30 72 65
2 19 58 41 38
2 20 31 64 62
2 21 51 52 53
2 22 77 26 33
2 23 42 62 54
2 24 33 61 60
2 25 35 67 68
2 26 29 71 70
2 27 12 88 85
2 28 45 57 58
2 29 42 51 58
2 30 94 17 16
2 31 17 75 78
2 32 11 83 88
2 33 51 55 52
2 34 29 74 69
3 4 57 41 40
3 5 48 57 47
3 6 53 46 44
3 7 18 72 81
3 8 28 72 69
3 9 8 77 86
3 10 30 70 74
3 11 79 26 22
3 12 73 35 29
3 13 10 83 84
3 14 76 33 26
3 15 0 95 95
3 16 68 33 40
3 17 5 94 92
3 18 26 63 63
3 19 90 21 21
3 20 0 97 91
3 21 73 34 23
3 22 97 8 16
3 23 97 16 6
3 24 47 48 53
3 25 30 64 68
3 26 12 88 81
3 27 96 17 15
3 28 80 19 20
3 29 62 44 33
3 30 9 77 82
3 31 15 76 87
3 32 64 38 34
3 33 11 74 89
3 34 73 33 35
4 5 94 17 8
4 6 47 48 54
4 7 78 24 25
4 8 12 87 85
4 9 14 73 83
4 10 91 16 12
4 11 3 87 96
4 12 74 33 33
4 13 86 20 16
4 14 25 72 68
4 15 63 33 40
4 16 8 85 78
4 17 32 65 65
4 18 2 92 94
4 19 87 22 14
4 20 85 15 21
4 21 96 7 8
4 22 57 37 42
4 23 59 45 37
4 24 53 53 49
4 25 39 64 64
4 26 32 64 58
4 27 29 71 71
4 28 80 22 31
4 29 38 53 53
4 30 43 59 56
4 31 98 2 3
4 32 58 39 43
4 33 34 63 67
4 34 56 50 42
5 6 67 32 35
5 7 27 72 67
5 8 63 31 44
5 9 63 31 43
5 10 96 14 7
5 11 15 78 81
5 12 26 65 68
5 13 72 29 36
5 14 46 47 55
5 15 42 58 57
5 16 6 81 85
5 17 99 13 13
5 18 15 76 86
5 19 56 38 50
5 20 70 36 37
5 21 83 16 20
5 22 92 10 20
5 23 63 32 34
5 24 54 39 43
5 25 82 16 20
5 26 57 46 37
5 27 7 91 85
5 28 79 21 27
5 29 37 54 62
5 30 50 44 54
5 31 10 82 90
5 32 34 60 67
5 33 10 78 88
5 34 72 33 24
6 7 68 29 38
6 8 81 20 19
6 9 98 13 3
6 10 58 41 44
6 11 84 21 26
6 12 71 29 33
6 13 7 79 88
6 14 50 45 49
6 15 93 18 5
6 16 40 61 58
6 17 65 37 30
6 18 81 23 27
6 19 34 65 56
6 20 69 36 37
6 21 40 54 52
6 22 38 52 58
6 23 96 15 12
6 24 49 45 42
6 25 17 76 78
6 26 2 96 87
6 27 31 68 72
6 28 12 78 88
6 29 66 39 43
6 30 58 48 40
6 31 78 27 18
6 32 27 70 66
6 33 41 57 56
6 34 5 89 94
7 8 13 73 77
7 9 96 8 13
7 10 59 47 38
7 11 62 35 40
7 12 84 24 13
7 13 51 41 53
7 14 91 20 11
7 15 28 72 73
7 16 84 18 27
7 17 73 29 23
7 18 9 84 83
7 19 98 8 3
7 20 64 33 32
7 21 0 96 94
7 22 17 80 84
7 23 36 62 64
7 24 4 85 96
7 25 47 52 59
7 26 80 17 19
7 27 50 47 42
7 28 59 39 37
7 29 24 77 77
7 30 8 86 88
7 31 20 70 78
7 32 50 43 53
7 33 32 57 58
7 34 86 18 21
8 9 68 29 40
8 10 38 58 60
8 11 73 30 30
8 12 55 44 44
8 13 60 47 39
8 14 73 34 26
8 15 75 35 34
8 16 76 24 24
8 17 42 54 55
8 18 22 67 75
8 19 87 11 14
8 20 13 87 82
8 21 39 64 64
8 22 67 30 33
8 23 93 19 20
8 24 87 10 13
8 25 25 66 68
8 26 5 93 94
8 27 9 82 79
8 28 10 77 88
8 29 92 14 18
8 30 10 83 86
8 31 68 40 37
8 32 19 81 73
8 33 67 30 27
8 34 20 78 69
9 10 13 83 86
9 11 5 90 91
9 12 74 23 29
9 13 27 66 63
9 14 63 45 33
9 15 86 12 21
9 16 54 44 40
9 17 3 87 89
9 18 63 44 44
9 19 83 26 16
9 20 45 50 53
9 21 13 78 76
9 22 80 25 27
9 23 91 12 10
9 24 33 69 62
9 25 57 50 45
9 26 59 41 41
9 27 7 84 86
9 28 86 23 15
9 29 90 20 8
9 30 14 74 85
9 31 87 22 23
9 32 80 21 21
9 33 38 63 56
9 34 60 46 37
10 11 10 81 85
10 12 37 66 65
10 13 47 50 57
10 14 89 16 22
10 15 39 63 56
10 16 6 92 92
10 17 26 64 73
10 18 0 89 91
10 19 4 89 85
10 20 79 22 27
10 21 3 89 90
10 22 29 72 63
10 23 37 57 67
10 24 91 15 7
10 25 14 82 84
10 26 61 45 46
10 27 5 88 82
10 28 26 73 66
10 29 93 6 9
10 30 78 21 22
10 31 52 42 49
10 32 29 69 65
10 33 7 88 85
10 34 86 22 15
11 12 92 19 9
11 13 19 81 77
11 14 26 67 70
11 15 41 60 55
11 16 71 29 38
11 17 40 55 57
11 18 70 30 28
11 19 84 20 17
11 20 32 59 71
11 21 81 21 19
11 22 53 44 39
11 23 15 74 80
11 24 77 33 21
11 25 47 54 48
11 26 69 30 30
11 27 37 58 64
11 28 96 14 10
11 29 34 61 56
11 30 39 59 65
11 31 64 44 40
11 32 34 62 62
11 33 52 46 42
11 34 76 34 26
12 13 96 6 15
12 14 36 58 69
12 15 30 60 59
12 16 8 89 83
12 17 54 43 51
12 18 18 73 82
12 19 58 45 40
12 20 94 4 5
12 21 90 9 21
12 22 78 24 18
12 23 46 58 58
12 24 35 60 61
12 25 2 92 86
12 26 59 48 46
12 27 77 24 26
12 28 12 88 87
12 29 86 14 23
12 30 21 69 80
12 31 88 15 23
12 32 70 31 30
12 33 83 27 21
12 34 87 14 22
13 14 15 82 77
13 15 12 82 84
13 16 95 17 4
13 17 66 40 39
13 18 94 18 5
13 19 94 10 14
13 20 80 31 21
13 21 19 77 78
13 22 55 38 48
13 23 84 18 14
13 24 81 19 22
13 25 38 54 59
13 26 3 84 84
13 27 89 16 12
13 28 24 64 71
13 29 32 64 68
13 30 95 18 10
13 31 8 78 88
13 32 93 18 7
13 33 37 60 56
13 34 57 42 50
14 15 19 69 72
14 16 42 49 51
14 17 5 83 90
14 18 99 7 4
14 19 90 9 19
14 20 39 59 51
14 21 99 13 7
14 22 9 82 79
14 23 95 9 17
14 24 43 61 53
14 25 17 74 80
14 26 93 6 12
14 27 76 21 34
14 28 80 26 20
14 29 98 12 4
14 30 44 54 53
14 31 38 63 62
14 32 86 24 12
14 33 84 27 27
14 34 89 12 19
15 16 98 12 11
15 17 5 94 86
15 18 4 84 85
15 19 95 12 10
15 20 93 8 14
15 21 54 50 38
15 22 15 78 83
15 23 46 56 59
15 24 63 35 38
15 25 75 32 21
15 26 62 43 34
15 27 82 19 28
15 28 36 55 59
15 29 36 61 59
15 30 88 23 12
15 31 83 15 14
15 32 71 36 33
15 33 33 71 68
15 34 82 20 26
16 17 56 40 38
16 18 90 17 20
16 19 99 13 1
16 20 66 30 41
16 21 99 14 10
16 22 46 48 56
16 23 12 85 75
16 24 37 63 58
16 25 6 93 83
16 26 71 39 38
16 27 75 32 24
16 28 92 11 19
16 29 80 22 21
16 30 95 4 14
16 31 14 81 79
16 32 59 47 40
16 33 52 53 54
16 34 24 71 74
17 18 85 19 24
17 19 26 67 71
17 20 79 21 26
17 21 71 38 32
17 22 16 81 86
17 23 32 57 59
17 24 35 61 63
17 25 79 24 19
17 26 27 61 75
17 27 19 78 82
17 28 42 50 54
17 29 81 25 27
17 30 5 93 91
17 31 89 16 15
17 32 78 24 25
17 33 99 3 7
17 34 52 45 43
18 19 57 37 50
18 20 20 74 75
18 21 47 51 45
18 22 19 76 75
18 23 14 80 75
18 24 11 85 87
18 25 3 96 82
18 26 74 21 22
18 27 7 91 91
18 28 50 50 44
18 29 21 66 77
18 30 60 46 47
18 31 34 70 56
18 32 95 5 6
18 33 65 29 37
18 34 72 27 33
19 20 10 82 81
19 21 61 45 35
19 22 57 49 37
19 23 59 36 44
19 24 41 59 53
19 25 51 46 55
19 26 69 33 34
19 27 34 57 69
19 28 47 55 51
19 29 28 63 66
19 30 1 93 97
19 31 61 46 33
19 32 80 31 27
19 33 10 90 85
19 34 64 31 42
20 21 95 14 8
20 22 64 44 45
20 23 64 44 40
20 24 77 19 25
20 25 31 63 60
20 26 49 49 57
20 27 69 35 39
20 28 70 35 37
20 29 38 60 54
20 30 49 50 56
20 31 15 84 86
20 32 41 62 59
20 33 62 35 37
20 34 33 64 62
21 22 77 24 30
21 23 7 89 79
21 24 28 64 63
21 25 42 60 62
21 26 88 17 22
21 27 41 59 53
21 28 47 56 50
21 29 3 94 89
21 30 45 52 48
21 31 96 9 14
21 32 98 11 2
21 33 98 13 8
21 34 9 86 89
22 23 53 51 45
22 24 53 47 51
22 25 80 24 21
22 26 56 37 36
22 27 72 33 31
22 28 44 47 55
22 29 50 42 46
22 30 16 78 81
22 31 66 36 42
22 32 49 56 51
22 33 80 16 21
22 34 14 86 83
23 24 0 86 96
23 25 18 77 78
23 26 50 46 53
23 27 25 64 74
23 28 99 3 6
23 29 96 16 12
23 30 27 63 63
23 31 30 72 69
23 32 7 88 81
23 33 97 14 14
23 34 20 80 81
24 25 78 18 22
24 26 15 76 72
24 27 5 88 92
24 28 54 50 48
24 29 18 69 71
24 30 71 27 38
24 31 41 61 51
24 32 9 89 87
24 33 52 52 50
24 34 26 72 69
25 26 58 35 35
25 27 70 33 28
25 28 91 20 13
25 29 50 45 49
25 30 7 82 88
25 31 84 17 27
25 32 50 42 47
25 33 79 28 21
25 34 10 82 81
26 27 23 65 68
26 28 85 21 15
26 29 43 60 53
26 30 41 64 51
26 31 21 74 81
26 32 47 57 47
26 33 94 11 6
26 34 53 52 54
27 28 32 63 57
27 29 48 54 55
27 30 22 68 70
27 31 57 45 41
27 32 87 19 10
27 33 93 7 11
27 34 62 40 45
28 29 25 69 65
28 30 81 26 23
28 31 83 28 19
28 32 16 74 84
28 33 51 50 55
28 34 38 53 64
29 30 75 35 24
29 31 66 38 33
29 32 48 53 44
29 33 63 45 44
29 34 68 35 28
30 31 5 83 80
30 32 21 80 78
30 33 40 54 51
30 34 72 24 26
31 32 82 22 28
31 33 87 22 20
31 34 34 68 55
32 33 61 35 38
32 34 33 63 59
33 34 99 15 4
