35
0 1 65 63 45
0 2 11 63 78
0 3 55 61 44
0 4 23 42 80
0 5 27 54 54
0 6 4 60 65
0 7 97 18 49
0 8 41 64 42
0 9 80 21 52
0 10 64 67 21
0 11 65 45 23
0 12 39 71 36
0 13 96 31 9
0 14 10 85 78
0 15 9 56 87
0 16 21 57 45
0 17 15 55 47
0 18 21 83 78
0 19 50 61 52
0 20 16 86 58
0 21 13 84 54
0 22 35 78 59
0 23 57 69 44
0 24 72 19 35
0 25 33 33 41
0 26 8 82 89
0 27 79 18 18
0 28 21 78 52
0 29 65 36 24
0 30 31 83 39
0 31 10 89 74
0 32 47 47 49
0 33 90 31 34
0 34 78 35 14
1 2 45 64 37
1 3 16 90 68
1 4 74 25 29
1 5 67 53 17
1 6 54 65 55
1 7 89 32 10
1 8 93 8 29
1 9 41 53 72
1 10 12 45 52
1 11 25 78 59
1 12 62 23 20
1 13 11 60 66
1 14 10 57 83
1 15 50 46 32
1 16 83 14 40
1 17 39 40 74
1 18 65 40 42
1 19 97 20 6
1 20 37 32 64
1 21 48 35 28
1 22 29 75 55
1 23 88 24 43
1 24 1 79 59
1 25 22 67 72
1 26 95 46 9
1 27 7 72 95
1 28 95 16 25
1 29 63 56 65
1 30 2 49 98
1 31 54 48 24
1 32 37 75 69
1 33 48 27 27
1 34 90 6 30
2 3 98 37 4
2 4 35 75 75
2 5 69 45 25
2 6 14 73 61
2 7 77 24 12
2 8 39 44 78
2 9 48 72 30
2 10 71 31 55
2 11 6 58 49
2 12 10 45 61
2 13 21 83 84
2 14 70 49 29
2 15 32 40 73
2 16 53 25 57
2 17 58 33 40
2 18 37 71 42
2 19 96 43 32
2 20 44 45 67
2 21 72 44 48
2 22 80 26 13
2 23 67 60 30
2 24 96 42 49
2 25 17 77 72
2 26 68 23 43
2 27 26 54 57
2 28 66 45 42
2 29 98 34 46
2 30 74 47 44
2 31 30 39 50
2 32 8 86 81
2 33 72 34 51
2 34 33 77 74
3 4 79 28 30
3 5 11 91 63
3 6 19 85 50
3 7 15 66 89
3 8 47 28 38
3 9 42 58 65
3 10 82 56 30
3 11 10 45 88
3 12 21 50 58
3 13 14 59 91
3 14 22 75 56
3 15 99 18 44
3 16 71 20 42
3 17 87 39 49
3 18 9 46 72
3 19 18 59 89
3 20 21 79 41
3 21 89 18 51
3 22 23 41 50
3 23 0 80 93
3 24 96 6 29
3 25 89 7 45
3 26 86 41 30
3 27 28 79 47
3 28 60 34 69
3 29 88 52 51
3 30 62 50 19
3 31 37 58 68
3 32 72 17 23
3 33 91 4 32
3 34 52 52 30
4 5 14 73 45
4 6 6 47 74
4 7 94 38 2
4 8 90 26 51
4 9 76 30 45
4 10 41 69 49
4 11 34 57 39
4 12 91 19 53
4 13 46 69 29
4 14 69 55 54
4 15 48 44 41
4 16 58 61 27
4 17 84 43 35
4 18 17 84 50
4 19 72 50 15
4 20 33 40 82
4 21 26 47 66
4 22 92 37 21
4 23 10 48 76
4 24 94 27 20
4 25 67 49 62
4 26 22 87 52
4 27 92 51 11
4 28 9 49 45
4 29 11 59 72
4 30 66 62 27
4 31 13 43 81
4 32 82 58 48
4 33 43 33 48
4 34 50 64 27
5 6 60 56 54
5 7 59 52 54
5 8 84 51 33
5 9 24 79 51
5 10 27 65 61
5 11 35 46 80
5 12 32 50 44
5 13 72 32 17
5 14 62 33 60
5 15 41 62 33
5 16 79 48 24
5 17 53 48 55
5 18 91 8 31
5 19 41 66 79
5 20 29 39 76
5 21 52 55 53
5 22 10 84 54
5 23 1 51 71
5 24 17 76 71
5 25 50 44 47
5 26 19 55 40
5 27 2 75 62
5 28 28 63 60
5 29 70 35 16
5 30 28 38 80
5 31 8 65 66
5 32 30 70 73
5 33 41 56 79
5 34 53 38 32
6 7 39 68 79
6 8 44 71 66
6 9 55 28 64
6 10 91 33 48
6 11 72 27 31
6 12 46 50 76
6 13 69 48 59
6 14 27 45 85
6 15 17 75 74
6 16 7 60 76
6 17 17 90 45
6 18 25 57 85
6 19 14 72 73
6 20 97 48 45
6 21 87 39 13
6 22 67 27 25
6 23 74 22 14
6 24 41 53 46
6 25 97 18 31
6 26 55 23 29
6 27 70 26 54
6 28 22 86 84
6 29 52 50 54
6 30 1 80 77
6 31 53 26 44
6 32 6 64 50
6 33 2 69 55
6 34 77 24 22
7 8 28 59 51
7 9 28 83 50
7 10 2 84 95
7 11 59 38 69
7 12 14 51 78
7 13 41 59 74
7 14 73 38 51
7 15 39 78 40
7 16 35 72 62
7 17 51 45 43
7 18 12 64 61
7 19 59 36 47
7 20 17 60 58
7 21 78 45 58
7 22 96 32 47
7 23 43 58 30
7 24 49 29 37
7 25 10 51 68
7 26 82 19 12
7 27 90 41 16
7 28 34 72 36
7 29 46 75 36
7 30 83 24 54
7 31 88 28 24
7 32 12 46 56
7 33 73 47 16
7 34 91 32 26
8 9 98 22 43
8 10 73 60 49
8 11 72 43 23
8 12 44 54 36
8 13 56 52 52
8 14 13 49 78
8 15 87 41 26
8 16 8 94 50
8 17 39 35 68
8 18 38 66 64
8 19 7 81 94
8 20 67 61 23
8 21 17 90 73
8 22 17 66 81
8 23 81 42 37
8 24 83 37 22
8 25 53 37 64
8 26 38 58 53
8 27 82 23 56
8 28 68 27 37
8 29 16 82 63
8 30 78 38 20
8 31 52 72 37
8 32 63 45 56
8 33 16 44 57
8 34 79 25 58
9 10 51 38 49
9 11 54 39 70
9 12 94 18 23
9 13 82 46 40
9 14 4 94 57
9 15 23 84 64
9 16 79 20 42
9 17 59 39 55
9 18 14 53 87
9 19 74 29 44
9 20 62 52 49
9 21 97 2 18
9 22 0 86 53
9 23 75 52 39
9 24 4 97 89
9 25 77 36 52
9 26 27 83 55
9 27 12 91 57
9 28 25 60 78
9 29 91 8 40
9 30 91 44 23
9 31 27 76 41
9 32 23 50 58
9 33 71 19 47
9 34 22 54 49
10 11 2 75 55
10 12 52 40 65
10 13 55 39 29
10 14 8 63 57
10 15 45 32 75
10 16 13 47 86
10 17 40 31 64
10 18 67 44 44
10 19 78 49 18
10 20 22 61 83
10 21 64 44 47
10 22 1 57 76
10 23 38 39 73
10 24 4 55 97
10 25 81 47 33
10 26 25 68 61
10 27 1 99 62
10 28 16 67 42
10 29 17 71 53
10 30 90 42 31
10 31 51 49 30
10 32 6 64 55
10 33 35 74 47
10 34 13 55 60
11 12 46 64 46
11 13 4 74 68
11 14 12 54 72
11 15 31 47 46
11 16 13 48 76
11 17 21 43 60
11 18 15 79 46
11 19 69 29 47
11 20 56 37 45
11 21 53 54 50
11 22 74 36 14
11 23 36 78 44
11 24 0 92 74
11 25 54 28 71
11 26 4 94 89
11 27 90 32 5
11 28 17 64 54
11 29 0 80 55
11 30 73 41 47
11 31 14 53 91
11 32 56 34 37
11 33 12 60 56
11 34 27 51 77
12 13 85 37 38
12 14 98 22 19
12 15 50 55 53
12 16 18 67 63
12 17 42 42 53
12 18 94 17 18
12 19 4 54 66
12 20 94 29 18
12 21 35 72 40
12 22 74 28 26
12 23 45 57 77
12 24 22 63 59
12 25 36 47 79
12 26 65 46 39
12 27 53 31 66
12 28 34 69 40
12 29 91 5 28
12 30 94 5 3
12 31 8 54 61
12 32 59 56 23
12 33 52 73 59
12 34 69 32 46
13 14 3 82 67
13 15 40 40 32
13 16 55 52 68
13 17 58 21 60
13 18 84 11 14
13 19 31 66 41
13 20 51 69 66
13 21 0 89 88
13 22 48 26 58
13 23 79 39 28
13 24 71 59 49
13 25 56 23 60
13 26 64 48 48
13 27 92 41 29
13 28 8 74 53
13 29 47 75 65
13 30 24 67 39
13 31 59 24 33
13 32 37 76 40
13 33 5 73 74
13 34 6 69 54
14 15 79 48 42
14 16 8 54 72
14 17 55 30 57
14 18 15 81 57
14 19 18 88 51
14 20 98 31 13
14 21 91 24 45
14 22 48 66 31
14 23 69 24 39
14 24 2 93 61
14 25 18 79 66
14 26 11 61 73
14 27 83 32 16
14 28 66 36 25
14 29 95 34 18
14 30 34 35 62
14 31 39 55 65
14 32 2 86 82
14 33 68 56 35
14 34 30 78 42
15 16 35 40 56
15 17 4 88 68
15 18 84 20 26
15 19 93 35 33
15 20 67 30 19
15 21 63 36 40
15 22 93 14 37
15 23 55 38 32
15 24 53 24 69
15 25 22 45 74
15 26 96 40 14
15 27 42 50 44
15 28 19 62 59
15 29 47 73 62
15 30 51 61 59
15 31 35 47 62
15 32 82 44 22
15 33 92 40 40
15 34 84 30 8
16 17 33 51 51
16 18 70 23 34
16 19 7 94 55
16 20 13 85 85
16 21 12 81 82
16 22 1 55 65
16 23 73 57 20
16 24 3 84 95
16 25 67 51 47
16 26 5 85 64
16 27 23 43 52
16 28 31 80 81
16 29 21 55 84
16 30 3 61 91
16 31 37 44 37
16 32 70 51 54
16 33 77 47 30
16 34 88 55 54
17 18 85 12 8
17 19 58 70 28
17 20 69 18 46
17 21 60 42 41
17 22 67 55 30
17 23 80 26 16
17 24 28 43 81
17 25 66 40 59
17 26 74 33 25
17 27 38 46 47
17 28 48 55 43
17 29 61 37 60
17 30 4 80 79
17 31 10 46 67
17 32 63 32 31
17 33 92 11 45
17 34 0 94 95
18 19 7 88 89
18 20 35 80 60
18 21 21 78 41
18 22 66 61 55
18 23 27 42 53
18 24 38 53 60
18 25 92 4 13
18 26 70 40 23
18 27 19 55 40
18 28 27 80 48
18 29 32 71 50
18 30 81 26 18
18 31 48 28 61
18 32 52 59 69
18 33 8 54 57
18 34 66 17 61
19 20 48 46 30
19 21 48 44 33
19 22 87 18 49
19 23 97 49 5
19 24 72 53 62
19 25 13 86 55
19 26 52 42 63
19 27 6 61 48
19 28 11 75 45
19 29 98 19 25
19 30 10 56 68
19 31 48 53 26
19 32 59 58 35
19 33 12 54 73
19 34 49 40 42
20 21 36 34 41
20 22 93 34 39
20 23 27 68 64
20 24 23 84 43
20 25 23 45 52
20 26 92 26 29
20 27 38 73 47
20 28 35 56 40
20 29 46 67 45
20 30 75 42 56
20 31 0 58 90
20 32 10 46 93
20 33 92 44 50
20 34 94 25 12
21 22 79 22 30
21 23 74 33 57
21 24 95 11 43
21 25 26 68 38
21 26 23 76 82
21 27 40 74 74
21 28 38 50 37
21 29 42 76 68
21 30 69 27 45
21 31 16 43 47
21 32 84 54 19
21 33 60 35 37
21 34 14 82 84
22 23 31 65 69
22 24 83 57 39
22 25 15 87 42
22 26 58 61 38
22 27 18 64 76
22 28 32 63 57
22 29 82 12 45
22 30 24 53 55
22 31 61 64 32
22 32 77 45 24
22 33 65 55 38
22 34 93 7 4
23 24 89 25 31
23 25 65 17 37
23 26 27 75 63
23 27 1 77 81
23 28 59 67 63
23 29 3 54 77
23 30 72 36 51
23 31 15 79 82
23 32 66 48 29
23 33 34 49 72
23 34 61 28 48
24 25 38 50 65
24 26 38 59 75
24 27 64 34 23
24 28 95 22 52
24 29 66 47 42
24 30 85 34 29
24 31 27 45 60
24 32 1 97 65
24 33 69 39 62
24 34 79 52 40
25 26 68 21 56
25 27 78 41 42
25 28 35 53 41
25 29 19 52 61
25 30 88 6 52
25 31 86 53 48
25 32 7 78 67
25 33 93 51 40
25 34 20 80 77
26 27 29 72 76
26 28 65 54 57
26 29 33 65 57
26 30 96 33 24
26 31 43 71 62
26 32 20 41 40
26 33 41 67 78
26 34 17 49 70
27 28 28 44 65
27 29 66 52 21
27 30 53 72 29
27 31 35 49 65
27 32 26 73 76
27 33 44 49 38
27 34 31 45 34
28 29 74 50 51
28 30 31 36 83
28 31 65 53 65
28 32 75 22 36
28 33 17 42 85
28 34 54 52 32
29 30 17 71 67
29 31 74 18 29
29 32 74 62 45
29 33 89 16 34
29 34 55 68 22
30 31 62 59 39
30 32 21 65 47
30 33 8 88 91
30 34 0 78 94
31 32 44 70 43
31 33 87 29 29
31 34 3 69 77
32 33 31 55 66
32 34 83 22 40
33 34 27 38 48
