40
0 1 73 10 83
0 2 81 70 52
0 3 64 69 47
0 4 32 15 21
0 5 99 8 37
0 6 83 81 5
0 7 63 44 72
0 8 1 30 95
0 9 95 44 74
0 10 10 75 60
0 11 22 41 65
0 12 41 82 50
0 13 70 7 25
0 14 59 14 29
0 15 73 76 12
0 16 62 73 47
0 17 71 48 33
0 18 32 47 88
0 19 19 21 33
0 20 37 38 56
0 21 82 58 12
0 22 19 27 67
0 23 72 22 71
0 24 87 47 34
0 25 99 40 24
0 26 57 54 66
0 27 23 71 40
0 28 18 32 83
0 29 89 32 25
0 30 88 63 27
0 31 73 21 79
0 32 98 36 50
0 33 55 48 9
0 34 37 84 54
0 35 46 78 37
0 36 11 30 81
0 37 5 82 63
0 38 45 33 80
0 39 68 42 43
1 2 8 66 59
1 3 26 18 52
1 4 23 80 26
1 5 21 60 30
1 6 23 45 22
1 7 0 97 58
1 8 99 43 43
1 9 12 40 40
1 10 46 30 43
1 11 23 49 50
1 12 76 60 54
1 13 21 32 51
1 14 62 60 33
1 15 38 84 86
1 16 24 60 40
1 17 30 80 40
1 18 78 7 53
1 19 15 47 35
1 20 34 26 49
1 21 0 96 25
1 22 78 49 11
1 23 47 82 77
1 24 13 92 61
1 25 11 77 20
1 26 2 71 45
1 27 37 68 32
1 28 25 32 54
1 29 37 43 92
1 30 91 78 55
1 31 3 81 69
1 32 47 88 41
1 33 29 17 72
1 34 41 73 38
1 35 55 56 70
1 36 17 23 76
1 37 18 73 29
1 38 68 38 7
1 39 43 56 26
2 3 58 70 78
2 4 88 37 61
2 5 63 54 61
2 6 69 65 30
2 7 13 80 74
2 8 56 34 43
2 9 98 3 57
2 10 66 50 26
2 11 58 77 12
2 12 8 79 34
2 13 92 57 43
2 14 85 9 73
2 15 97 42 10
2 16 46 57 37
2 17 67 75 83
2 18 61 63 45
2 19 99 9 63
2 20 82 17 62
2 21 41 78 31
2 22 41 49 71
2 23 38 25 25
2 24 58 55 12
2 25 24 93 39
2 26 55 23 29
2 27 11 52 61
2 28 63 45 79
2 29 53 46 56
2 30 75 81 14
2 31 80 14 51
2 32 11 56 36
2 33 51 42 23
2 34 26 19 15
2 35 68 44 47
2 36 23 87 37
2 37 57 73 77
2 38 80 46 36
2 39 59 50 9
3 4 74 35 58
3 5 19 63 58
3 6 21 32 80
3 7 3 35 22
3 8 31 68 42
3 9 55 73 78
3 10 56 17 9
3 11 11 69 47
3 12 37 23 31
3 13 34 58 78
3 14 5 55 83
3 15 36 76 28
3 16 32 14 67
3 17 95 54 61
3 18 59 48 71
3 19 53 26 73
3 20 21 89 61
3 21 46 55 24
3 22 71 52 26
3 23 52 21 13
3 24 20 76 24
3 25 11 75 74
3 26 2 53 50
3 27 28 89 38
3 28 53 80 16
3 29 26 36 59
3 30 35 76 37
3 31 35 48 25
3 32 53 25 76
3 33 79 45 59
3 34 42 71 88
3 35 31 46 36
3 36 29 78 54
3 37 97 40 41
3 38 68 12 33
3 39 53 60 79
4 5 65 85 54
4 6 90 15 31
4 7 8 73 68
4 8 38 71 21
4 9 51 65 63
4 10 71 28 27
4 11 16 39 89
4 12 61 59 42
4 13 54 28 51
4 14 77 15 16
4 15 49 18 55
4 16 13 55 81
4 17 48 61 15
4 18 9 94 90
4 19 3 65 93
4 20 21 49 79
4 21 87 57 55
4 22 53 11 35
4 23 56 51 87
4 24 94 21 28
4 25 29 63 71
4 26 9 88 33
4 27 35 54 84
4 28 38 76 85
4 29 94 76 69
4 30 84 17 10
4 31 95 68 37
4 32 12 27 79
4 33 37 25 91
4 34 47 60 55
4 35 9 58 59
4 36 74 45 51
4 37 82 12 65
4 38 86 8 64
4 39 39 20 68
5 6 77 35 69
5 7 35 78 48
5 8 69 9 66
5 9 8 23 55
5 10 42 80 65
5 11 25 68 25
5 12 75 32 10
5 13 92 80 13
5 14 7 91 97
5 15 35 32 14
5 16 56 21 11
5 17 2 35 82
5 18 33 37 57
5 19 24 37 49
5 20 14 41 68
5 21 35 68 30
5 22 33 45 25
5 23 12 48 41
5 24 81 23 71
5 25 62 57 21
5 26 37 14 45
5 27 24 75 16
5 28 6 42 97
5 29 9 97 62
5 30 38 58 38
5 31 83 11 20
5 32 45 19 59
5 33 96 54 51
5 34 31 62 86
5 35 18 64 50
5 36 31 42 72
5 37 64 7 62
5 38 57 14 60
5 39 6 96 26
6 7 23 68 37
6 8 14 67 23
6 9 39 67 46
6 10 85 60 12
6 11 83 69 74
6 12 97 36 46
6 13 88 77 66
6 14 31 42 24
6 15 9 42 84
6 16 53 88 57
6 17 75 69 64
6 18 39 61 64
6 19 38 33 28
6 20 10 18 52
6 21 70 50 7
6 22 77 32 68
6 23 49 66 87
6 24 90 28 42
6 25 65 31 78
6 26 0 74 84
6 27 50 52 18
6 28 1 76 53
6 29 3 32 21
6 30 59 29 68
6 31 46 49 22
6 32 81 81 9
6 33 54 70 61
6 34 31 81 15
6 35 85 12 33
6 36 69 69 44
6 37 8 82 77
6 38 32 67 48
6 39 18 88 72
7 8 11 56 88
7 9 97 18 32
7 10 77 56 21
7 11 33 44 75
7 12 68 26 24
7 13 61 61 10
7 14 74 6 59
7 15 74 46 25
7 16 22 18 38
7 17 51 14 17
7 18 44 54 68
7 19 62 21 86
7 20 59 27 28
7 21 86 52 67
7 22 73 72 19
7 23 11 37 93
7 24 33 41 37
7 25 73 7 45
7 26 90 13 19
7 27 19 90 62
7 28 46 62 17
7 29 93 81 31
7 30 88 14 50
7 31 8 48 70
7 32 25 66 41
7 33 83 67 19
7 34 77 75 32
7 35 59 25 65
7 36 80 35 69
7 37 41 73 75
7 38 84 21 8
7 39 86 41 68
8 9 63 79 35
8 10 10 46 81
8 11 71 43 84
8 12 69 68 45
8 13 16 93 47
8 14 79 36 43
8 15 84 53 8
8 16 55 14 32
8 17 43 86 71
8 18 85 9 60
8 19 85 64 53
8 20 75 11 28
8 21 85 8 25
8 22 72 53 66
8 23 61 51 27
8 24 58 20 79
8 25 13 43 59
8 26 62 72 33
8 27 2 53 77
8 28 58 43 55
8 29 64 38 11
8 30 71 55 15
8 31 1 58 51
8 32 7 82 76
8 33 96 10 64
8 34 19 47 37
8 35 40 86 24
8 36 75 44 74
8 37 75 55 59
8 38 46 64 73
8 39 79 55 38
9 10 88 75 44
9 11 30 53 49
9 12 70 63 9
9 13 16 19 66
9 14 29 58 93
9 15 66 47 6
9 16 17 27 94
9 17 79 26 24
9 18 55 65 57
9 19 32 80 77
9 20 92 61 34
9 21 48 25 76
9 22 61 66 75
9 23 41 52 89
9 24 49 32 33
9 25 66 69 65
9 26 17 56 44
9 27 17 56 82
9 28 64 33 77
9 29 2 95 75
9 30 84 75 26
9 31 21 81 43
9 32 11 81 32
9 33 89 10 45
9 34 45 71 24
9 35 26 62 88
9 36 58 34 60
9 37 77 33 59
9 38 58 34 74
9 39 98 2 1
10 11 4 79 58
10 12 18 89 16
10 13 65 7 61
10 14 30 14 45
10 15 36 22 39
10 16 42 66 70
10 17 35 25 13
10 18 71 77 63
10 19 78 27 36
10 20 80 4 69
10 21 19 24 22
10 22 11 35 87
10 23 1 52 88
10 24 16 25 94
10 25 23 49 34
10 26 33 77 63
10 27 25 70 35
10 28 23 20 82
10 29 61 68 27
10 30 25 18 17
10 31 87 15 4
10 32 19 72 29
10 33 66 54 42
10 34 67 35 43
10 35 93 6 3
10 36 36 16 22
10 37 84 41 36
10 38 98 19 60
10 39 19 78 60
11 12 66 62 70
11 13 47 80 37
11 14 69 43 85
11 15 81 37 4
11 16 33 80 43
11 17 20 44 74
11 18 40 31 66
11 19 11 48 32
11 20 56 35 55
11 21 33 78 64
11 22 59 43 20
11 23 35 83 62
11 24 21 28 20
11 25 3 52 30
11 26 79 33 26
11 27 44 86 89
11 28 16 88 94
11 29 49 67 38
11 30 68 31 54
11 31 23 53 81
11 32 76 63 57
11 33 91 73 63
11 34 76 36 34
11 35 15 21 44
11 36 19 25 81
11 37 96 41 47
11 38 67 31 14
11 39 69 34 11
12 13 82 10 10
12 14 7 23 89
12 15 18 58 84
12 16 67 66 84
12 17 67 17 66
12 18 52 72 59
12 19 44 30 25
12 20 32 20 66
12 21 60 66 34
12 22 18 45 56
12 23 19 41 39
12 24 88 35 32
12 25 41 86 44
12 26 51 70 67
12 27 83 76 67
12 28 17 19 63
12 29 92 19 63
12 30 96 79 66
12 31 20 33 74
12 32 74 74 7
12 33 18 91 73
12 34 47 87 25
12 35 10 68 82
12 36 80 11 74
12 37 46 38 48
12 38 78 18 42
12 39 57 42 19
13 14 56 85 35
13 15 54 23 58
13 16 25 20 71
13 17 63 63 25
13 18 46 63 60
13 19 35 15 58
13 20 65 49 24
13 21 38 58 15
13 22 38 73 65
13 23 94 75 74
13 24 40 74 15
13 25 80 20 20
13 26 72 19 83
13 27 20 53 48
13 28 98 21 0
13 29 79 79 77
13 30 71 20 14
13 31 54 14 16
13 32 45 59 24
13 33 15 89 31
13 34 0 44 30
13 35 36 44 15
13 36 3 98 69
13 37 76 31 58
13 38 15 65 49
13 39 86 62 13
14 15 13 19 50
14 16 67 63 51
14 17 35 56 29
14 18 34 85 82
14 19 15 90 49
14 20 1 88 96
14 21 44 25 45
14 22 79 45 5
14 23 15 21 94
14 24 46 52 62
14 25 78 39 76
14 26 30 52 48
14 27 97 71 74
14 28 92 4 66
14 29 87 33 28
14 30 15 18 76
14 31 24 91 78
14 32 71 54 73
14 33 36 46 66
14 34 0 89 60
14 35 35 48 74
14 36 46 19 87
14 37 26 91 53
14 38 50 78 23
14 39 39 36 61
15 16 72 56 63
15 17 29 64 38
15 18 80 49 56
15 19 6 98 57
15 20 1 22 68
15 21 59 35 21
15 22 53 41 42
15 23 65 7 26
15 24 36 36 41
15 25 70 51 24
15 26 15 57 73
15 27 22 77 82
15 28 19 71 20
15 29 54 88 11
15 30 51 23 34
15 31 95 3 29
15 32 46 10 63
15 33 42 51 60
15 34 67 34 68
15 35 17 80 60
15 36 54 88 72
15 37 35 60 42
15 38 49 70 40
15 39 82 80 8
16 17 16 55 79
16 18 58 54 16
16 19 25 36 17
16 20 4 63 94
16 21 37 26 61
16 22 87 36 63
16 23 1 61 76
16 24 59 45 81
16 25 84 20 52
16 26 49 16 74
16 27 74 31 10
16 28 57 26 51
16 29 8 60 26
16 30 48 32 31
16 31 26 73 26
16 32 71 48 82
16 33 67 10 18
16 34 76 6 56
16 35 4 57 80
16 36 83 53 38
16 37 70 25 32
16 38 21 81 37
16 39 57 18 87
17 18 45 73 73
17 19 86 3 20
17 20 50 54 89
17 21 24 33 29
17 22 86 63 53
17 23 98 49 17
17 24 18 22 31
17 25 40 49 31
17 26 60 57 73
17 27 25 59 84
17 28 75 15 51
17 29 99 50 39
17 30 83 34 37
17 31 82 12 25
17 32 28 68 45
17 33 99 48 17
17 34 96 49 34
17 35 37 69 88
17 36 44 38 56
17 37 45 58 36
17 38 65 12 44
17 39 8 91 62
18 19 40 91 13
18 20 13 31 81
18 21 55 45 22
18 22 20 61 34
18 23 49 47 47
18 24 10 61 87
18 25 19 56 94
18 26 98 77 75
18 27 55 83 51
18 28 52 34 39
18 29 92 29 62
18 30 37 90 51
18 31 70 60 12
18 32 33 47 67
18 33 2 81 41
18 34 61 36 51
18 35 52 39 13
18 36 76 5 18
18 37 1 47 65
18 38 14 91 17
18 39 20 88 64
19 20 26 80 69
19 21 73 33 9
19 22 18 51 37
19 23 76 80 21
19 24 3 47 80
19 25 29 87 88
19 26 7 68 96
19 27 60 47 30
19 28 91 49 52
19 29 65 28 81
19 30 3 55 78
19 31 62 24 17
19 32 43 56 61
19 33 6 87 65
19 34 15 67 57
19 35 52 16 28
19 36 69 41 60
19 37 58 8 13
19 38 74 28 56
19 39 67 68 45
20 21 73 46 9
20 22 4 94 39
20 23 42 72 37
20 24 86 73 31
20 25 64 12 28
20 26 14 73 62
20 27 42 24 69
20 28 56 10 33
20 29 46 13 33
20 30 28 32 25
20 31 82 31 73
20 32 78 24 66
20 33 61 87 50
20 34 44 73 63
20 35 93 33 7
20 36 60 19 39
20 37 40 88 78
20 38 66 26 19
20 39 7 70 55
21 22 37 15 15
21 23 22 86 85
21 24 63 10 40
21 25 12 62 39
21 26 79 82 9
21 27 63 72 65
21 28 69 84 35
21 29 87 48 52
21 30 90 31 67
21 31 42 66 89
21 32 83 17 69
21 33 51 48 64
21 34 49 22 68
21 35 96 52 40
21 36 53 37 16
21 37 93 10 10
21 38 71 40 83
21 39 78 29 43
22 23 73 10 76
22 24 31 58 74
22 25 10 36 20
22 26 34 59 26
22 27 94 8 33
22 28 75 48 71
22 29 10 97 46
22 30 76 71 80
22 31 18 55 71
22 32 97 10 33
22 33 41 91 45
22 34 19 56 52
22 35 68 84 60
22 36 23 29 42
22 37 51 37 82
22 38 68 81 20
22 39 4 29 61
23 24 89 40 21
23 25 14 21 46
23 26 24 27 64
23 27 0 45 22
23 28 16 38 73
23 29 10 67 52
23 30 31 38 79
23 31 87 52 18
23 32 50 87 86
23 33 17 44 36
23 34 24 74 25
23 35 89 9 68
23 36 95 24 74
23 37 6 45 97
23 38 93 81 41
23 39 90 33 64
24 25 71 56 51
24 26 99 78 30
24 27 62 75 43
24 28 53 60 33
24 29 26 46 82
24 30 21 26 70
24 31 31 87 67
24 32 98 57 55
24 33 68 52 71
24 34 23 26 87
24 35 12 32 59
24 36 30 44 14
24 37 61 42 84
24 38 46 70 66
24 39 87 81 81
25 26 58 84 16
25 27 70 22 77
25 28 64 33 73
25 29 32 53 90
25 30 93 26 9
25 31 74 29 58
25 32 35 76 28
25 33 37 55 63
25 34 84 7 23
25 35 55 87 87
25 36 90 7 78
25 37 66 55 17
25 38 55 47 22
25 39 66 21 65
26 27 89 44 11
26 28 54 60 85
26 29 24 71 27
26 30 33 81 86
26 31 44 60 61
26 32 89 11 6
26 33 22 74 47
26 34 22 77 69
26 35 46 81 16
26 36 46 76 81
26 37 46 15 46
26 38 13 68 61
26 39 15 36 41
27 28 71 36 31
27 29 58 44 72
27 30 96 73 40
27 31 58 23 78
27 32 73 59 64
27 33 45 27 20
27 34 99 15 1
27 35 96 68 33
27 36 30 54 28
27 37 0 31 66
27 38 46 81 65
27 39 25 76 64
28 29 30 91 56
28 30 89 6 3
28 31 6 18 58
28 32 63 75 19
28 33 87 45 66
28 34 43 86 81
28 35 11 81 65
28 36 66 43 25
28 37 2 42 86
28 38 42 21 90
28 39 44 82 77
29 30 38 30 89
29 31 29 61 36
29 32 38 37 56
29 33 91 70 61
29 34 40 57 87
29 35 13 93 52
29 36 55 51 26
29 37 98 77 28
29 38 37 86 52
29 39 96 60 80
30 31 97 70 30
30 32 65 80 53
30 33 94 22 49
30 34 3 34 65
30 35 92 12 45
30 36 72 75 28
30 37 75 65 32
30 38 75 21 73
30 39 75 11 67
31 32 6 80 49
31 33 71 68 61
31 34 67 51 31
31 35 56 25 77
31 36 88 77 24
31 37 61 87 29
31 38 54 77 40
31 39 94 73 51
32 33 21 72 30
32 34 80 77 4
32 35 54 16 78
32 36 26 92 74
32 37 39 52 16
32 38 21 27 78
32 39 96 71 17
33 34 39 31 74
33 35 49 16 42
33 36 56 57 15
33 37 72 71 45
33 38 53 47 88
33 39 60 38 71
34 35 82 75 83
34 36 35 83 47
34 37 95 69 30
34 38 56 41 74
34 39 17 80 96
35 36 59 39 55
35 37 80 5 4
35 38 96 8 46
35 39 94 77 76
36 37 17 24 74
36 38 45 43 80
36 39 17 34 76
37 38 74 39 14
37 39 13 86 40
38 39 86 47 64
