40
0 1 67 35 40
0 2 20 81 75
0 3 69 28 29
0 4 67 34 41
0 5 30 67 70
0 6 77 32 32
0 7 62 35 33
0 8 19 73 80
0 9 38 59 52
0 10 57 41 38
0 11 28 74 64
0 12 26 62 71
0 13 69 32 30
0 14 79 22 21
0 15 1 92 95
0 16 19 73 78
0 17 4 87 90
0 18 75 30 26
0 19 66 29 30
0 20 15 79 84
0 21 51 47 44
0 22 70 34 29
0 23 49 48 56
0 24 45 61 53
0 25 8 89 83
0 26 23 78 69
0 27 36 54 65
0 28 48 47 52
0 29 88 15 10
0 30 15 81 76
0 31 43 62 55
0 32 15 80 83
0 33 53 44 41
0 34 85 26 24
0 35 19 82 73
0 36 74 22 23
0 37 32 72 61
0 38 99 2 5
0 39 28 72 67
1 2 31 66 71
1 3 66 28 28
1 4 29 71 64
1 5 31 71 71
1 6 28 69 65
1 7 47 59 45
1 8 98 5 13
1 9 19 76 74
1 10 5 91 83
1 11 82 23 20
1 12 98 12 16
1 13 76 25 32
1 14 19 68 70
1 15 60 38 33
1 16 51 51 51
1 17 13 83 77
1 18 52 50 43
1 19 32 65 67
1 20 77 25 23
1 21 74 28 30
1 22 18 70 71
1 23 21 77 75
1 24 91 11 15
1 25 92 7 15
1 26 20 82 70
1 27 38 52 59
1 28 4 93 92
1 29 24 70 76
1 30 34 68 56
1 31 74 32 34
1 32 71 27 31
1 33 18 77 71
1 34 12 77 81
1 35 90 14 20
1 36 77 29 28
1 37 18 83 82
1 38 72 27 30
1 39 50 51 54
2 3 91 21 18
2 4 88 13 20
2 5 19 82 77
2 6 14 84 83
2 7 23 66 71
2 8 90 10 9
2 9 27 66 72
2 10 91 20 14
2 11 14 74 79
2 12 6 81 85
2 13 15 80 83
2 14 24 76 78
2 15 48 51 52
2 16 42 54 58
2 17 22 67 71
2 18 94 16 17
2 19 77 29 32
2 20 90 20 15
2 21 61 38 40
2 22 41 64 56
2 23 15 75 86
2 24 79 32 19
2 25 58 47 50
2 26 33 63 67
2 27 9 80 83
2 28 66 33 33
2 29 44 53 48
2 30 4 83 88
2 31 33 63 68
2 32 2 87 91
2 33 96 4 6
2 34 0 93 98
2 35 42 60 61
2 36 25 67 65
2 37 36 63 60
2 38 77 24 30
2 39 50 43 43
3 4 20 75 70
3 5 85 21 17
3 6 90 23 20
3 7 60 34 41
3 8 95 15 17
3 9 8 85 85
3 10 81 25 20
3 11 92 13 13
3 12 47 57 49
3 13 33 57 57
3 14 3 93 86
3 15 30 65 63
3 16 25 66 70
3 17 90 10 21
3 18 82 28 14
3 19 17 77 77
3 20 89 15 22
3 21 60 38 48
3 22 85 18 14
3 23 15 80 81
3 24 94 6 14
3 25 78 23 26
3 26 29 69 67
3 27 1 96 97
3 28 72 23 25
3 29 58 35 35
3 30 24 75 75
3 31 91 11 19
3 32 56 47 51
3 33 43 55 53
3 34 90 19 21
3 35 14 86 78
3 36 71 38 28
3 37 47 50 55
3 38 95 5 8
3 39 70 33 39
4 5 46 58 49
4 6 60 34 42
4 7 9 87 80
4 8 91 9 11
4 9 8 78 82
4 10 31 67 63
4 11 17 84 70
4 12 39 58 59
4 13 28 67 65
4 14 60 48 47
4 15 42 55 58
4 16 51 41 46
4 17 15 77 72
4 18 18 80 71
4 19 56 45 47
4 20 54 46 50
4 21 98 9 11
4 22 30 66 68
4 23 25 69 68
4 24 17 84 70
4 25 61 43 47
4 26 84 18 26
4 27 95 16 18
4 28 4 92 84
4 29 79 19 19
4 30 15 75 85
4 31 37 62 57
4 32 19 80 80
4 33 46 57 49
4 34 47 46 54
4 35 21 78 68
4 36 43 62 54
4 37 90 21 14
4 38 21 80 68
4 39 47 54 56
5 6 75 22 31
5 7 7 84 91
5 8 98 14 8
5 9 4 90 81
5 10 41 59 64
5 11 10 85 77
5 12 84 19 15
5 13 67 38 38
5 14 15 75 85
5 15 59 47 49
5 16 70 32 36
5 17 97 11 13
5 18 0 86 97
5 19 35 65 68
5 20 82 27 15
5 21 49 50 56
5 22 95 12 4
5 23 70 32 30
5 24 52 50 46
5 25 8 84 88
5 26 90 17 21
5 27 20 69 76
5 28 52 49 48
5 29 11 83 85
5 30 31 68 72
5 31 56 47 42
5 32 71 27 33
5 33 26 71 66
5 34 47 47 53
5 35 73 26 23
5 36 89 20 10
5 37 43 51 51
5 38 76 27 30
5 39 22 68 77
6 7 8 78 81
6 8 14 83 81
6 9 31 63 71
6 10 13 85 82
6 11 13 75 86
6 12 20 77 81
6 13 89 10 20
6 14 36 60 55
6 15 24 69 79
6 16 11 80 85
6 17 48 57 51
6 18 58 38 44
6 19 45 55 48
6 20 86 13 16
6 21 50 46 55
6 22 40 61 53
6 23 83 25 18
6 24 68 39 35
6 25 7 86 93
6 26 77 31 27
6 27 92 15 20
6 28 93 7 9
6 29 44 60 48
6 30 8 86 78
6 31 30 71 68
6 32 63 41 43
6 33 51 43 45
6 34 58 44 42
6 35 69 35 39
6 36 13 77 83
6 37 46 54 45
6 38 55 45 52
6 39 68 35 32
7 8 57 50 46
7 9 91 15 20
7 10 95 9 15
7 11 64 36 37
7 12 2 97 94
7 13 84 20 19
7 14 23 71 74
7 15 48 57 49
7 16 66 39 36
7 17 6 79 82
7 18 5 88 89
7 19 52 55 42
7 20 9 82 77
7 21 55 51 42
7 22 14 73 80
7 23 96 5 3
7 24 17 76 70
7 25 36 56 59
7 26 39 58 53
7 27 92 11 18
7 28 70 37 37
7 29 60 38 45
7 30 29 71 72
7 31 46 50 52
7 32 62 43 37
7 33 18 73 73
7 34 94 15 19
7 35 9 80 86
7 36 2 84 92
7 37 39 66 57
7 38 6 81 87
7 39 91 19 12
8 9 7 82 92
8 10 45 46 54
8 11 27 62 72
8 12 4 84 89
8 13 73 25 24
8 14 61 43 45
8 15 76 34 20
8 16 69 29 27
8 17 53 52 40
8 18 21 71 70
8 19 56 40 51
8 20 18 79 77
8 21 5 89 82
8 22 14 84 78
8 23 29 69 64
8 24 10 76 91
8 25 39 55 60
8 26 47 45 46
8 27 94 12 5
8 28 84 16 27
8 29 84 21 25
8 30 60 47 45
8 31 85 24 26
8 32 82 15 27
8 33 66 32 43
8 34 46 56 53
8 35 36 66 67
8 36 36 61 66
8 37 60 45 37
8 38 43 57 49
8 39 94 8 6
9 10 51 45 48
9 11 42 62 61
9 12 77 32 20
9 13 44 61 50
9 14 28 73 74
9 15 52 54 48
9 16 68 34 30
9 17 2 84 85
9 18 48 52 47
9 19 88 23 11
9 20 50 47 53
9 21 5 86 93
9 22 10 86 77
9 23 86 20 19
9 24 93 6 9
9 25 23 71 77
9 26 90 20 21
9 27 28 72 66
9 28 34 68 67
9 29 49 55 51
9 30 80 21 29
9 31 72 25 24
9 32 49 54 57
9 33 34 64 57
9 34 22 70 80
9 35 93 16 10
9 36 77 19 26
9 37 76 33 21
9 38 76 24 25
9 39 36 55 57
10 11 61 34 45
10 12 71 30 27
10 13 40 57 56
10 14 13 73 75
10 15 66 41 35
10 16 99 12 0
10 17 17 72 80
10 18 33 62 71
10 19 79 31 26
10 20 14 83 80
10 21 11 77 89
10 22 80 26 19
10 23 37 53 64
10 24 28 66 74
10 25 12 76 83
10 26 1 89 88
10 27 21 75 77
10 28 7 84 88
10 29 85 26 12
10 30 46 55 48
10 31 9 91 77
10 32 10 82 85
10 33 51 55 45
10 34 22 75 75
10 35 56 44 45
10 36 96 12 14
10 37 90 18 17
10 38 27 76 67
10 39 28 74 64
11 12 29 70 61
11 13 55 46 50
11 14 30 70 72
11 15 15 78 76
11 16 27 67 67
11 17 49 49 45
11 18 72 23 29
11 19 80 26 26
11 20 96 4 4
11 21 67 32 36
11 22 63 38 35
11 23 23 65 77
11 24 57 45 42
11 25 37 55 58
11 26 2 85 91
11 27 40 51 60
11 28 7 82 88
11 29 80 19 18
11 30 27 75 75
11 31 95 9 15
11 32 54 44 50
11 33 39 60 56
11 34 57 39 47
11 35 86 13 15
11 36 43 49 57
11 37 68 33 27
11 38 65 41 41
11 39 29 68 63
12 13 34 69 62
12 14 28 75 66
12 15 45 53 48
12 16 32 71 71
12 17 77 24 33
12 18 91 16 13
12 19 74 31 26
12 20 38 60 66
12 21 47 49 52
12 22 6 79 84
12 23 87 20 16
12 24 32 58 66
12 25 11 86 89
12 26 81 17 23
12 27 69 26 25
12 28 88 11 18
12 29 15 73 71
12 30 95 10 14
12 31 23 67 74
12 32 56 45 40
12 33 24 64 72
12 34 95 13 5
12 35 35 67 58
12 36 58 45 35
12 37 73 23 34
12 38 23 70 69
12 39 72 27 36
13 14 49 55 53
13 15 53 50 44
13 16 91 12 11
13 17 31 68 68
13 18 1 94 85
13 19 71 35 36
13 20 16 76 80
13 21 72 27 26
13 22 74 27 27
13 23 68 36 29
13 24 70 32 34
13 25 90 13 22
13 26 86 22 22
13 27 84 26 12
13 28 30 65 67
13 29 36 66 63
13 30 25 68 74
13 31 63 36 33
13 32 18 77 70
13 33 51 43 54
13 34 71 38 30
13 35 8 81 91
13 36 74 28 27
13 37 66 40 31
13 38 14 82 74
13 39 18 73 75
14 15 19 81 73
14 16 85 16 26
14 17 33 70 62
14 18 14 86 79
14 19 47 53 51
14 20 7 79 92
14 21 97 13 4
14 22 91 7 20
14 23 79 30 26
14 24 95 7 14
14 25 61 42 41
14 26 39 59 61
14 27 0 99 98
14 28 71 28 24
14 29 22 68 73
14 30 97 2 15
14 31 34 62 55
14 32 25 63 68
14 33 29 62 73
14 34 52 50 52
14 35 25 71 72
14 36 13 82 84
14 37 4 85 81
14 38 40 58 63
14 39 37 61 67
15 16 9 91 81
15 17 57 39 39
15 18 83 17 16
15 19 91 15 17
15 20 9 78 83
15 21 53 52 50
15 22 63 45 40
15 23 43 48 61
15 24 59 37 34
15 25 29 67 64
15 26 30 65 61
15 27 28 69 70
15 28 64 38 36
15 29 35 60 63
15 30 11 82 82
15 31 93 12 15
15 32 50 43 51
15 33 49 56 42
15 34 12 86 74
15 35 80 16 30
15 36 11 88 75
15 37 83 28 21
15 38 22 75 72
15 39 54 45 44
16 17 5 91 81
16 18 44 56 58
16 19 18 70 71
16 20 79 30 19
16 21 74 30 21
16 22 28 72 75
16 23 76 24 26
16 24 21 70 72
16 25 17 72 72
16 26 42 52 60
16 27 21 77 67
16 28 34 59 62
16 29 44 50 47
16 30 57 38 48
16 31 84 23 18
16 32 3 91 90
16 33 70 33 31
16 34 0 86 94
16 35 81 16 16
16 36 89 16 16
16 37 67 37 42
16 38 67 27 30
16 39 15 81 74
17 18 40 58 63
17 19 43 50 53
17 20 55 43 51
17 21 17 75 75
17 22 23 69 71
17 23 90 10 10
17 24 30 60 60
17 25 61 46 42
17 26 6 82 83
17 27 39 54 66
17 28 93 12 12
17 29 11 86 80
17 30 11 75 79
17 31 78 28 19
17 32 53 52 53
17 33 17 75 78
17 34 14 72 79
17 35 10 85 84
17 36 59 42 46
17 37 56 46 51
17 38 18 81 80
17 39 42 49 49
18 19 5 93 87
18 20 78 22 19
18 21 43 51 53
18 22 14 75 87
18 23 49 47 45
18 24 85 14 18
18 25 63 31 31
18 26 3 88 87
18 27 81 29 20
18 28 96 7 17
18 29 47 55 51
18 30 1 95 94
18 31 74 31 34
18 32 29 61 69
18 33 3 89 86
18 34 42 49 54
18 35 68 31 35
18 36 40 50 64
18 37 50 51 53
18 38 89 18 20
18 39 44 59 49
19 20 12 84 87
19 21 66 37 29
19 22 51 56 51
19 23 84 19 27
19 24 58 42 37
19 25 58 46 37
19 26 9 89 87
19 27 51 48 49
19 28 85 23 25
19 29 88 11 12
19 30 65 42 40
19 31 34 68 67
19 32 46 45 55
19 33 35 66 59
19 34 65 42 36
19 35 45 47 53
19 36 48 47 47
19 37 1 84 93
19 38 43 53 57
19 39 62 32 40
20 21 39 62 52
20 22 46 53 47
20 23 5 93 94
20 24 22 71 76
20 25 61 44 33
20 26 87 23 13
20 27 85 16 21
20 28 40 64 50
20 29 61 35 38
20 30 48 57 47
20 31 17 78 75
20 32 6 92 90
20 33 34 58 56
20 34 0 96 87
20 35 52 47 53
20 36 22 72 77
20 37 80 30 16
20 38 9 88 79
20 39 98 11 2
21 22 27 70 65
21 23 72 30 34
21 24 75 29 28
21 25 63 40 44
21 26 17 72 80
21 27 46 48 55
21 28 44 54 47
21 29 57 40 44
21 30 92 12 16
21 31 19 76 73
21 32 81 28 20
21 33 16 78 72
21 34 39 66 53
21 35 97 2 14
21 36 8 92 88
21 37 27 68 76
21 38 36 65 66
21 39 84 26 20
22 23 54 47 40
22 24 82 27 28
22 25 31 64 64
22 26 50 53 42
22 27 40 57 59
22 28 82 19 27
22 29 49 57 55
22 30 58 43 40
22 31 93 11 19
22 32 25 67 72
22 33 32 66 65
22 34 38 53 65
22 35 46 47 60
22 36 43 52 53
22 37 70 39 36
22 38 73 30 23
22 39 27 69 75
23 24 16 80 73
23 25 94 12 17
23 26 8 79 79
23 27 97 10 8
23 28 72 29 25
23 29 5 88 83
23 30 11 86 80
23 31 16 72 78
23 32 56 46 51
23 33 0 93 93
23 34 18 71 70
23 35 38 65 63
23 36 34 56 55
23 37 13 82 82
23 38 23 76 66
23 39 43 55 60
24 25 15 84 78
24 26 34 58 56
24 27 8 89 87
24 28 47 50 45
24 29 40 61 61
24 30 16 85 71
24 31 58 47 43
24 32 77 23 21
24 33 21 75 71
24 34 43 52 48
24 35 34 57 70
24 36 19 72 76
24 37 32 61 71
24 38 67 38 35
24 39 15 75 79
25 26 79 23 21
25 27 6 90 88
25 28 42 57 54
25 29 30 60 67
25 30 70 39 28
25 31 98 15 13
25 32 87 14 21
25 33 82 29 29
25 34 22 73 69
25 35 18 81 72
25 36 77 19 33
25 37 55 43 44
25 38 83 24 24
25 39 80 19 21
26 27 50 49 46
26 28 54 47 40
26 29 66 32 31
26 30 32 62 69
26 31 41 64 52
26 32 29 62 69
26 33 3 86 95
26 34 76 22 33
26 35 34 68 61
26 36 40 54 62
26 37 5 94 94
26 38 59 45 41
26 39 85 22 22
27 28 27 69 76
27 29 85 16 19
27 30 66 37 41
27 31 77 20 27
27 32 74 25 24
27 33 50 41 46
27 34 38 57 59
27 35 15 81 85
27 36 30 59 64
27 37 66 31 43
27 38 65 39 40
27 39 98 3 12
28 29 89 11 10
28 30 74 29 36
28 31 94 14 18
28 32 57 51 43
28 33 96 7 4
28 34 81 26 21
28 35 89 20 12
28 36 37 54 57
28 37 76 32 29
28 38 43 50 60
28 39 82 24 16
29 30 19 83 78
29 31 25 75 71
29 32 16 75 83
29 33 73 29 35
29 34 24 73 73
29 35 88 22 24
29 36 32 71 65
29 37 31 61 62
29 38 61 34 38
29 39 34 70 62
30 31 58 35 47
30 32 23 68 64
30 33 46 56 57
30 34 47 51 46
30 35 53 53 42
30 36 0 95 99
30 37 56 40 41
30 38 13 80 85
30 39 1 97 95
31 32 37 61 53
31 33 92 18 12
31 34 25 77 66
31 35 68 35 40
31 36 45 58 47
31 37 25 71 64
31 38 50 42 56
31 39 81 16 26
32 33 18 74 74
32 34 90 19 21
32 35 33 62 56
32 36 13 84 78
32 37 41 51 54
32 38 74 28 25
32 39 45 52 47
33 34 47 48 56
33 35 35 60 64
33 36 11 85 88
33 37 75 24 26
33 38 89 19 8
33 39 89 9 17
34 35 75 33 32
34 36 29 73 68
34 37 20 81 73
34 38 70 33 39
34 39 45 51 53
35 36 21 70 67
35 37 48 48 52
35 38 87 12 24
35 39 93 16 18
36 37 59 42 36
36 38 5 94 88
36 39 88 23 12
37 38 60 37 48
37 39 61 43 35
38 39 26 65 71
