42
0 1 24 15 74
0 2 36 43 40
0 3 71 30 84
0 4 5 71 76
0 5 1 68 52
0 6 69 32 40
0 7 95 67 42
0 8 15 49 58
0 9 49 34 30
0 10 33 18 33
0 11 29 91 72
0 12 11 76 80
0 13 60 54 62
0 14 21 83 88
0 15 72 7 76
0 16 42 23 54
0 17 19 85 60
0 18 20 42 83
0 19 90 46 20
0 20 47 89 22
0 21 79 67 83
0 22 36 69 34
0 23 50 52 65
0 24 17 82 52
0 25 34 38 33
0 26 90 11 38
0 27 45 11 34
0 28 96 63 59
0 29 3 30 65
0 30 12 81 88
0 31 70 52 68
0 32 64 27 13
0 33 56 27 12
0 34 92 28 77
0 35 78 11 69
0 36 96 76 25
0 37 65 66 33
0 38 4 46 94
0 39 15 26 31
0 40 66 52 50
0 41 4 84 48
1 2 27 18 69
1 3 28 79 79
1 4 97 36 54
1 5 98 58 36
1 6 8 30 73
1 7 81 37 38
1 8 42 89 86
1 9 32 25 37
1 10 32 44 62
1 11 59 21 42
1 12 76 66 30
1 13 94 66 11
1 14 74 63 10
1 15 34 34 92
1 16 86 5 10
1 17 14 65 86
1 18 36 17 54
1 19 22 43 16
1 20 4 39 70
1 21 34 65 17
1 22 27 43 85
1 23 6 39 64
1 24 20 83 33
1 25 73 62 51
1 26 39 21 28
1 27 4 41 57
1 28 32 24 20
1 29 50 55 87
1 30 29 30 43
1 31 15 79 87
1 32 72 79 10
1 33 44 55 85
1 34 16 76 89
1 35 29 72 39
1 36 41 29 22
1 37 82 61 73
1 38 22 26 31
1 39 58 43 31
1 40 99 14 10
1 41 44 56 60
2 3 51 11 62
2 4 69 27 57
2 5 21 39 37
2 6 1 59 51
2 7 42 53 26
2 8 80 59 27
2 9 61 76 69
2 10 4 76 42
2 11 71 77 72
2 12 26 47 65
2 13 37 35 22
2 14 3 49 51
2 15 66 73 71
2 16 20 91 94
2 17 30 81 72
2 18 35 29 78
2 19 87 55 28
2 20 8 34 88
2 21 79 12 59
2 22 41 18 64
2 23 79 70 72
2 24 11 54 72
2 25 72 34 10
2 26 63 55 66
2 27 94 60 60
2 28 88 35 60
2 29 47 48 50
2 30 77 10 6
2 31 23 33 80
2 32 41 82 35
2 33 25 38 43
2 34 91 59 28
2 35 88 76 69
2 36 85 5 20
2 37 88 36 61
2 38 78 70 62
2 39 3 59 81
2 40 28 60 72
2 41 49 49 27
3 4 69 35 9
3 5 84 77 80
3 6 32 22 40
3 7 23 49 74
3 8 68 80 36
3 9 29 88 26
3 10 40 87 76
3 11 79 49 64
3 12 7 46 20
3 13 63 85 59
3 14 42 18 63
3 15 7 84 23
3 16 35 17 52
3 17 51 71 21
3 18 5 85 36
3 19 62 21 17
3 20 96 32 29
3 21 51 15 17
3 22 74 50 13
3 23 14 23 88
3 24 52 69 45
3 25 6 61 75
3 26 82 60 24
3 27 70 31 74
3 28 15 67 94
3 29 4 55 54
3 30 86 8 18
3 31 94 23 47
3 32 84 76 77
3 33 30 70 75
3 34 14 91 52
3 35 78 66 30
3 36 67 76 42
3 37 36 31 33
3 38 67 33 83
3 39 17 92 75
3 40 45 62 45
3 41 40 75 90
4 5 93 13 47
4 6 77 19 10
4 7 10 77 76
4 8 41 63 59
4 9 75 7 47
4 10 7 65 41
4 11 13 55 68
4 12 20 42 91
4 13 17 21 70
4 14 35 14 36
4 15 15 64 74
4 16 26 90 21
4 17 31 35 68
4 18 72 84 29
4 19 87 28 6
4 20 69 85 16
4 21 40 46 88
4 22 58 45 36
4 23 91 76 35
4 24 24 25 49
4 25 12 72 91
4 26 28 92 87
4 27 69 72 35
4 28 56 54 12
4 29 42 79 14
4 30 87 82 72
4 31 14 23 49
4 32 69 31 49
4 33 18 25 49
4 34 5 35 57
4 35 48 74 13
4 36 50 67 76
4 37 19 72 49
4 38 60 8 32
4 39 7 87 98
4 40 87 58 46
4 41 42 80 56
5 6 63 55 46
5 7 86 69 54
5 8 83 41 77
5 9 41 52 81
5 10 0 85 78
5 11 73 28 11
5 12 53 63 42
5 13 38 34 86
5 14 73 74 73
5 15 59 71 61
5 16 31 67 53
5 17 80 76 50
5 18 66 56 65
5 19 42 54 70
5 20 92 27 56
5 21 5 36 24
5 22 88 23 79
5 23 46 25 41
5 24 78 83 84
5 25 46 34 63
5 26 88 5 37
5 27 30 69 92
5 28 23 18 16
5 29 83 43 25
5 30 24 71 43
5 31 40 82 60
5 32 8 85 20
5 33 79 33 51
5 34 20 93 51
5 35 90 52 25
5 36 71 72 60
5 37 95 43 54
5 38 29 55 21
5 39 99 35 2
5 40 29 67 31
5 41 44 29 49
6 7 95 48 18
6 8 56 45 37
6 9 41 48 87
6 10 89 15 70
6 11 60 54 26
6 12 73 18 49
6 13 69 24 12
6 14 8 41 55
6 15 71 46 43
6 16 92 21 69
6 17 20 55 61
6 18 55 70 34
6 19 65 23 78
6 20 43 61 33
6 21 32 54 69
6 22 5 62 92
6 23 78 46 39
6 24 20 46 79
6 25 58 68 24
6 26 30 19 35
6 27 29 52 45
6 28 43 32 14
6 29 32 81 58
6 30 82 24 30
6 31 6 29 26
6 32 30 37 70
6 33 87 53 72
6 34 49 45 85
6 35 5 66 85
6 36 31 44 78
6 37 55 58 65
6 38 5 70 88
6 39 71 37 35
6 40 95 15 58
6 41 50 79 84
7 8 39 34 84
7 9 6 85 40
7 10 10 55 90
7 11 80 50 39
7 12 41 75 49
7 13 4 51 49
7 14 5 48 26
7 15 8 97 23
7 16 45 60 40
7 17 6 43 71
7 18 47 39 76
7 19 31 61 17
7 20 44 53 53
7 21 86 17 64
7 22 49 33 17
7 23 68 41 45
7 24 42 25 75
7 25 30 82 33
7 26 62 50 73
7 27 12 39 74
7 28 0 88 99
7 29 52 80 56
7 30 80 71 74
7 31 30 85 44
7 32 29 61 40
7 33 83 79 52
7 34 31 34 82
7 35 44 83 59
7 36 98 51 59
7 37 6 67 59
7 38 46 23 70
7 39 2 20 90
7 40 21 53 67
7 41 78 10 58
8 9 6 74 47
8 10 87 31 32
8 11 29 70 45
8 12 90 13 78
8 13 48 43 18
8 14 44 14 88
8 15 27 75 26
8 16 80 48 69
8 17 37 44 66
8 18 42 37 28
8 19 28 26 47
8 20 47 30 58
8 21 43 73 38
8 22 26 19 88
8 23 51 59 71
8 24 60 56 37
8 25 80 8 16
8 26 5 82 72
8 27 79 43 81
8 28 33 24 52
8 29 56 79 30
8 30 31 77 68
8 31 86 67 75
8 32 30 22 39
8 33 13 43 59
8 34 28 82 81
8 35 70 62 31
8 36 84 12 55
8 37 13 83 59
8 38 48 16 11
8 39 20 82 33
8 40 73 46 78
8 41 70 30 21
9 10 74 29 28
9 11 72 73 61
9 12 75 63 38
9 13 41 28 66
9 14 12 49 66
9 15 1 74 98
9 16 97 2 66
9 17 34 40 33
9 18 71 60 62
9 19 51 58 76
9 20 59 67 62
9 21 70 54 38
9 22 19 43 72
9 23 97 61 61
9 24 1 46 66
9 25 74 15 84
9 26 40 44 65
9 27 54 54 75
9 28 32 24 49
9 29 13 33 93
9 30 11 21 59
9 31 6 21 52
9 32 91 70 46
9 33 6 86 74
9 34 36 67 59
9 35 47 81 15
9 36 68 23 70
9 37 60 79 29
9 38 95 13 63
9 39 79 51 81
9 40 60 66 85
9 41 62 40 27
10 11 5 85 86
10 12 27 41 85
10 13 79 34 71
10 14 78 61 13
10 15 35 27 74
10 16 58 87 14
10 17 48 88 33
10 18 62 73 67
10 19 41 31 42
10 20 20 34 40
10 21 30 92 86
10 22 52 39 60
10 23 10 54 51
10 24 50 73 75
10 25 8 74 50
10 26 64 22 64
10 27 1 42 43
10 28 23 17 54
10 29 22 54 81
10 30 18 69 17
10 31 98 61 22
10 32 73 55 52
10 33 69 19 60
10 34 7 93 92
10 35 90 24 19
10 36 9 43 22
10 37 34 83 85
10 38 20 88 95
10 39 1 45 71
10 40 73 19 76
10 41 48 51 68
11 12 57 24 66
11 13 48 85 57
11 14 67 14 83
11 15 77 47 51
11 16 36 90 33
11 17 71 45 28
11 18 47 32 61
11 19 91 64 10
11 20 73 54 6
11 21 15 76 75
11 22 66 33 22
11 23 81 48 46
11 24 53 34 64
11 25 64 84 74
11 26 72 39 64
11 27 12 88 71
11 28 23 93 20
11 29 55 41 40
11 30 25 75 47
11 31 88 39 61
11 32 76 27 64
11 33 90 66 15
11 34 95 77 60
11 35 80 9 49
11 36 6 71 23
11 37 50 56 38
11 38 63 14 36
11 39 32 40 79
11 40 98 63 7
11 41 5 47 30
12 13 40 90 74
12 14 83 42 10
12 15 30 47 26
12 16 44 77 67
12 17 30 41 27
12 18 11 73 23
12 19 9 25 37
12 20 38 21 87
12 21 58 68 81
12 22 18 68 95
12 23 70 16 46
12 24 39 89 31
12 25 79 32 80
12 26 81 11 59
12 27 66 42 9
12 28 94 36 48
12 29 8 44 20
12 30 35 55 92
12 31 57 14 76
12 32 76 16 55
12 33 9 75 41
12 34 34 22 37
12 35 95 27 26
12 36 29 31 91
12 37 54 50 81
12 38 73 25 16
12 39 77 5 15
12 40 36 17 52
12 41 28 32 39
13 14 90 41 29
13 15 94 51 24
13 16 6 81 63
13 17 30 80 32
13 18 38 48 21
13 19 9 24 50
13 20 19 51 56
13 21 42 50 55
13 22 44 83 38
13 23 93 67 17
13 24 19 46 66
13 25 1 27 60
13 26 0 82 49
13 27 57 64 57
13 28 50 88 53
13 29 26 38 88
13 30 1 92 74
13 31 8 28 63
13 32 76 37 46
13 33 42 27 30
13 34 81 66 18
13 35 65 11 9
13 36 72 43 59
13 37 43 76 29
13 38 75 63 33
13 39 50 42 43
13 40 69 26 73
13 41 11 29 58
14 15 65 50 57
14 16 45 15 38
14 17 43 61 20
14 18 54 53 29
14 19 28 37 81
14 20 9 82 92
14 21 62 24 54
14 22 83 55 53
14 23 62 51 50
14 24 85 61 48
14 25 97 63 39
14 26 25 18 67
14 27 77 13 53
14 28 94 57 4
14 29 65 43 16
14 30 14 64 33
14 31 34 19 92
14 32 87 23 43
14 33 77 65 80
14 34 76 40 74
14 35 1 35 37
14 36 36 46 86
14 37 73 27 12
14 38 42 90 60
14 39 0 91 50
14 40 71 74 64
14 41 46 61 14
15 16 82 49 83
15 17 99 76 28
15 18 71 75 76
15 19 98 58 31
15 20 69 25 33
15 21 98 34 2
15 22 4 74 61
15 23 39 20 26
15 24 8 38 30
15 25 28 39 30
15 26 59 44 13
15 27 41 81 66
15 28 71 28 14
15 29 50 10 17
15 30 61 80 55
15 31 50 50 56
15 32 62 23 71
15 33 46 22 23
15 34 5 69 60
15 35 4 80 47
15 36 33 26 22
15 37 87 49 63
15 38 32 93 44
15 39 58 62 24
15 40 3 38 92
15 41 54 82 64
16 17 14 56 34
16 18 78 52 67
16 19 73 49 37
16 20 33 30 29
16 21 15 94 58
16 22 77 28 56
16 23 78 15 67
16 24 29 65 75
16 25 87 10 3
16 26 97 28 39
16 27 88 72 27
16 28 79 68 52
16 29 90 2 10
16 30 57 62 30
16 31 88 14 70
16 32 66 47 38
16 33 2 23 85
16 34 27 64 23
16 35 47 20 33
16 36 52 63 13
16 37 80 68 25
16 38 33 58 58
16 39 32 14 59
16 40 62 18 32
16 41 48 57 82
17 18 59 81 73
17 19 73 28 34
17 20 87 60 44
17 21 56 65 26
17 22 56 51 47
17 23 44 66 51
17 24 17 25 49
17 25 40 14 56
17 26 21 22 84
17 27 87 43 12
17 28 58 11 42
17 29 94 77 69
17 30 90 4 21
17 31 9 47 21
17 32 39 76 15
17 33 32 48 38
17 34 89 32 18
17 35 38 79 49
17 36 39 74 17
17 37 7 20 76
17 38 86 71 4
17 39 61 49 40
17 40 44 46 69
17 41 70 53 59
18 19 26 76 58
18 20 41 30 62
18 21 97 40 12
18 22 96 61 43
18 23 68 74 52
18 24 14 65 21
18 25 55 22 66
18 26 75 30 80
18 27 60 43 10
18 28 82 33 19
18 29 30 56 21
18 30 20 68 36
18 31 18 60 59
18 32 53 25 84
18 33 49 55 46
18 34 6 85 27
18 35 26 22 79
18 36 61 78 85
18 37 25 18 16
18 38 99 62 9
18 39 44 40 23
18 40 36 57 90
18 41 90 64 67
19 20 18 49 46
19 21 10 44 35
19 22 30 35 29
19 23 22 83 20
19 24 38 31 88
19 25 48 42 45
19 26 83 60 51
19 27 66 30 41
19 28 96 46 47
19 29 76 25 50
19 30 36 12 37
19 31 89 73 59
19 32 90 14 4
19 33 87 44 42
19 34 18 43 29
19 35 49 62 73
19 36 44 33 60
19 37 80 68 26
19 38 5 43 92
19 39 31 20 88
19 40 84 38 78
19 41 77 44 69
20 21 58 9 9
20 22 21 43 39
20 23 75 8 20
20 24 75 36 77
20 25 8 73 81
20 26 27 44 57
20 27 87 66 7
20 28 56 76 84
20 29 10 26 27
20 30 38 61 38
20 31 4 90 23
20 32 38 87 13
20 33 92 74 27
20 34 69 29 7
20 35 30 30 33
20 36 36 41 50
20 37 62 17 49
20 38 64 77 64
20 39 71 8 83
20 40 26 53 79
20 41 99 44 42
21 22 62 26 25
21 23 58 55 85
21 24 24 25 74
21 25 15 19 47
21 26 88 23 43
21 27 10 97 37
21 28 5 40 29
21 29 1 70 79
21 30 20 74 73
21 31 96 46 47
21 32 37 73 80
21 33 53 73 41
21 34 11 56 64
21 35 76 32 76
21 36 81 52 37
21 37 65 57 41
21 38 42 15 50
21 39 60 87 47
21 40 17 32 92
21 41 75 64 5
22 23 26 63 47
22 24 37 35 89
22 25 56 44 8
22 26 12 76 46
22 27 48 26 69
22 28 50 67 86
22 29 44 82 81
22 30 96 76 13
22 31 81 72 60
22 32 72 25 39
22 33 77 61 75
22 34 91 17 76
22 35 50 54 68
22 36 86 62 68
22 37 18 79 76
22 38 99 61 6
22 39 67 25 71
22 40 29 74 38
22 41 37 44 25
23 24 66 84 51
23 25 56 20 59
23 26 19 92 81
23 27 75 80 25
23 28 50 29 31
23 29 90 76 6
23 30 54 39 12
23 31 35 63 60
23 32 54 62 10
23 33 95 26 21
23 34 85 40 28
23 35 52 19 64
23 36 60 52 63
23 37 5 41 49
23 38 63 66 59
23 39 44 71 20
23 40 0 55 60
23 41 46 39 89
24 25 65 10 73
24 26 31 19 47
24 27 9 59 43
24 28 33 65 86
24 29 6 39 95
24 30 48 29 83
24 31 49 75 42
24 32 28 55 73
24 33 19 90 88
24 34 23 21 38
24 35 66 36 16
24 36 18 40 40
24 37 21 88 32
24 38 3 71 48
24 39 76 65 25
24 40 32 54 69
24 41 43 11 90
25 26 74 21 67
25 27 0 29 51
25 28 33 67 90
25 29 62 54 48
25 30 65 10 71
25 31 30 72 86
25 32 42 23 58
25 33 25 33 89
25 34 73 73 84
25 35 64 62 80
25 36 41 63 45
25 37 91 52 78
25 38 6 20 91
25 39 12 23 58
25 40 71 60 64
25 41 35 59 17
26 27 1 74 78
26 28 51 46 73
26 29 98 55 16
26 30 21 31 27
26 31 62 43 56
26 32 57 60 51
26 33 19 47 53
26 34 68 34 79
26 35 86 69 70
26 36 26 24 32
26 37 46 37 70
26 38 56 82 12
26 39 93 14 65
26 40 73 18 20
26 41 51 34 44
27 28 6 83 45
27 29 15 23 22
27 30 33 54 17
27 31 92 3 30
27 32 56 53 35
27 33 74 36 83
27 34 35 69 13
27 35 74 56 69
27 36 13 31 53
27 37 55 40 22
27 38 47 90 37
27 39 32 50 71
27 40 1 85 94
27 41 63 7 17
28 29 58 22 40
28 30 72 34 32
28 31 94 56 41
28 32 71 60 78
28 33 82 14 52
28 34 58 32 48
28 35 14 59 41
28 36 26 46 36
28 37 51 83 66
28 38 86 15 58
28 39 50 41 70
28 40 43 75 66
28 41 61 25 77
29 30 94 30 60
29 31 71 6 23
29 32 40 59 78
29 33 58 20 81
29 34 21 80 53
29 35 1 60 64
29 36 77 47 70
29 37 55 61 62
29 38 87 72 43
29 39 41 26 34
29 40 45 25 44
29 41 68 71 72
30 31 74 38 65
30 32 82 54 7
30 33 59 81 44
30 34 87 71 6
30 35 14 66 55
30 36 40 57 58
30 37 80 18 20
30 38 14 94 20
30 39 84 5 57
30 40 1 53 61
30 41 3 59 86
31 32 5 64 31
31 33 31 71 14
31 34 2 90 79
31 35 70 66 65
31 36 87 44 58
31 37 11 45 70
31 38 97 0 56
31 39 67 62 31
31 40 37 71 47
31 41 96 3 60
32 33 43 44 36
32 34 57 65 77
32 35 76 81 83
32 36 30 38 76
32 37 77 15 35
32 38 83 46 70
32 39 59 49 75
32 40 41 40 42
32 41 1 56 74
33 34 3 91 96
33 35 36 52 34
33 36 23 29 27
33 37 33 17 25
33 38 58 46 22
33 39 25 64 21
33 40 62 45 16
33 41 97 80 5
34 35 44 82 72
34 36 47 31 82
34 37 15 80 23
34 38 23 26 23
34 39 54 54 27
34 40 93 28 63
34 41 18 87 74
35 36 31 89 85
35 37 69 15 51
35 38 58 72 47
35 39 38 57 34
35 40 65 45 62
35 41 58 18 53
36 37 21 32 74
36 38 37 35 56
36 39 56 73 49
36 40 62 82 50
36 41 33 31 37
37 38 91 63 29
37 39 68 85 85
37 40 45 19 81
37 41 87 61 18
38 39 49 44 84
38 40 21 44 52
38 41 67 47 59
39 40 33 44 46
39 41 20 88 30
40 41 56 51 62
