48
0 1 4 33 51
0 2 51 18 36
0 3 82 51 77
0 4 56 67 33
0 5 87 68 59
0 6 44 58 14
0 7 85 27 54
0 8 58 79 83
0 9 9 84 65
0 10 51 19 59
0 11 12 90 62
0 12 26 48 62
0 13 6 66 27
0 14 49 19 33
0 15 65 71 72
0 16 79 24 77
0 17 73 17 63
0 18 83 16 32
0 19 86 65 62
0 20 36 31 85
0 21 94 48 45
0 22 81 80 78
0 23 74 67 70
0 24 99 58 29
0 25 73 33 68
0 26 78 49 11
0 27 95 65 73
0 28 70 40 35
0 29 2 71 92
0 30 93 37 31
0 31 35 83 71
0 32 35 58 22
0 33 95 39 64
0 34 83 64 7
0 35 79 33 21
0 36 9 52 75
0 37 37 75 60
0 38 1 34 19
0 39 39 70 78
0 40 4 22 68
0 41 82 33 24
0 42 81 64 28
0 43 94 77 22
0 44 10 19 30
0 45 96 9 18
0 46 43 83 49
0 47 5 75 47
1 2 87 23 39
1 3 84 59 76
1 4 89 56 17
1 5 4 88 49
1 6 29 81 78
1 7 73 13 26
1 8 6 82 74
1 9 67 16 51
1 10 58 48 82
1 11 61 74 15
1 12 90 44 72
1 13 66 9 65
1 14 40 32 54
1 15 88 59 72
1 16 57 78 54
1 17 59 42 26
1 18 95 49 71
1 19 97 44 45
1 20 56 74 61
1 21 70 85 68
1 22 76 13 33
1 23 93 60 55
1 24 3 38 57
1 25 29 82 49
1 26 83 25 43
1 27 75 7 58
1 28 49 52 48
1 29 34 47 64
1 30 49 37 46
1 31 35 40 24
1 32 42 24 35
1 33 66 70 61
1 34 93 5 26
1 35 92 64 34
1 36 85 41 19
1 37 12 21 81
1 38 61 67 18
1 39 89 55 63
1 40 70 71 28
1 41 1 90 82
1 42 94 35 65
1 43 72 50 24
1 44 71 61 66
1 45 11 76 81
1 46 0 58 29
1 47 46 61 60
2 3 86 69 48
2 4 27 44 40
2 5 79 67 57
2 6 10 75 27
2 7 3 95 68
2 8 66 10 15
2 9 14 95 24
2 10 10 79 77
2 11 87 17 56
2 12 94 15 47
2 13 39 22 32
2 14 96 39 77
2 15 81 73 10
2 16 54 12 58
2 17 43 67 34
2 18 73 84 59
2 19 13 26 60
2 20 27 52 27
2 21 97 67 76
2 22 50 19 37
2 23 0 49 23
2 24 67 10 25
2 25 27 42 80
2 26 38 32 77
2 27 17 26 60
2 28 64 32 79
2 29 67 73 79
2 30 58 9 36
2 31 48 47 83
2 32 74 51 21
2 33 80 3 33
2 34 10 32 33
2 35 42 50 48
2 36 83 70 50
2 37 96 2 38
2 38 80 52 42
2 39 81 26 57
2 40 69 24 30
2 41 14 36 23
2 42 58 69 80
2 43 72 42 33
2 44 13 53 38
2 45 12 66 18
2 46 56 84 71
2 47 28 41 37
3 4 18 38 82
3 5 24 91 60
3 6 20 81 88
3 7 9 19 18
3 8 95 30 41
3 9 83 32 80
3 10 69 58 43
3 11 98 61 12
3 12 66 53 31
3 13 96 73 69
3 14 80 68 73
3 15 62 82 45
3 16 81 27 14
3 17 47 46 50
3 18 80 39 81
3 19 49 36 15
3 20 6 89 65
3 21 52 51 57
3 22 11 25 72
3 23 52 69 88
3 24 49 75 66
3 25 58 34 32
3 26 21 76 28
3 27 68 86 9
3 28 20 50 41
3 29 50 63 43
3 30 32 77 49
3 31 0 67 40
3 32 58 29 70
3 33 15 54 77
3 34 96 55 55
3 35 74 9 69
3 36 5 62 43
3 37 18 18 56
3 38 41 74 48
3 39 10 92 66
3 40 38 75 61
3 41 93 75 17
3 42 44 50 72
3 43 39 59 56
3 44 19 59 30
3 45 14 85 56
3 46 90 35 47
3 47 38 78 42
4 5 24 60 46
4 6 65 85 7
4 7 6 29 90
4 8 37 26 40
4 9 66 19 28
4 10 82 8 26
4 11 11 61 18
4 12 31 78 83
4 13 61 16 67
4 14 58 79 16
4 15 5 90 30
4 16 24 19 53
4 17 31 23 34
4 18 73 60 44
4 19 13 43 70
4 20 83 41 72
4 21 83 68 27
4 22 33 91 13
4 23 98 31 1
4 24 71 17 79
4 25 70 12 52
4 26 14 30 76
4 27 39 45 77
4 28 55 28 72
4 29 48 44 40
4 30 10 29 36
4 31 56 17 25
4 32 92 60 70
4 33 96 10 40
4 34 38 66 44
4 35 94 68 45
4 36 91 63 2
4 37 7 78 35
4 38 8 63 72
4 39 84 56 69
4 40 33 39 88
4 41 52 39 78
4 42 35 16 82
4 43 89 79 74
4 44 51 72 47
4 45 92 64 37
4 46 21 58 66
4 47 95 4 51
5 6 61 62 28
5 7 12 40 25
5 8 24 43 63
5 9 33 81 92
5 10 80 20 70
5 11 85 72 40
5 12 0 34 95
5 13 10 70 80
5 14 11 52 81
5 15 35 65 26
5 16 31 84 83
5 17 44 74 30
5 18 65 82 70
5 19 78 47 7
5 20 64 74 71
5 21 28 39 62
5 22 2 56 91
5 23 83 20 26
5 24 6 83 73
5 25 19 26 88
5 26 66 47 75
5 27 63 12 36
5 28 7 65 91
5 29 99 42 23
5 30 48 70 72
5 31 86 31 65
5 32 10 38 32
5 33 21 67 86
5 34 55 80 60
5 35 60 59 36
5 36 69 10 35
5 37 45 28 24
5 38 13 19 18
5 39 59 19 84
5 40 47 52 43
5 41 34 16 31
5 42 18 84 35
5 43 97 63 29
5 44 24 50 67
5 45 8 52 85
5 46 5 63 79
5 47 30 69 51
6 7 93 57 22
6 8 91 42 47
6 9 28 87 16
6 10 12 86 68
6 11 40 29 69
6 12 7 93 60
6 13 95 23 39
6 14 92 15 10
6 15 80 23 18
6 16 45 55 52
6 17 40 66 47
6 18 79 5 63
6 19 99 75 0
6 20 92 51 53
6 21 2 38 99
6 22 15 26 63
6 23 78 13 69
6 24 88 68 17
6 25 14 67 46
6 26 23 29 76
6 27 92 5 39
6 28 90 40 76
6 29 20 34 79
6 30 16 77 84
6 31 12 36 57
6 32 80 82 48
6 33 49 24 17
6 34 68 62 7
6 35 27 38 90
6 36 98 70 72
6 37 44 20 90
6 38 76 20 35
6 39 71 68 20
6 40 39 89 22
6 41 91 68 6
6 42 57 13 80
6 43 67 63 76
6 44 42 73 89
6 45 76 38 48
6 46 80 49 65
6 47 87 66 3
7 8 50 38 31
7 9 8 49 38
7 10 98 68 1
7 11 63 18 72
7 12 80 29 29
7 13 89 41 27
7 14 98 59 24
7 15 94 23 75
7 16 94 9 68
7 17 75 6 41
7 18 58 75 39
7 19 2 58 44
7 20 39 67 40
7 21 78 18 84
7 22 49 55 83
7 23 81 39 23
7 24 17 25 43
7 25 98 33 76
7 26 53 86 60
7 27 20 51 93
7 28 9 53 82
7 29 93 15 7
7 30 15 64 59
7 31 51 86 12
7 32 83 56 38
7 33 59 80 80
7 34 75 50 43
7 35 75 40 11
7 36 94 42 61
7 37 8 75 72
7 38 34 30 77
7 39 68 69 7
7 40 37 21 47
7 41 81 6 70
7 42 75 34 44
7 43 75 71 9
7 44 0 30 67
7 45 35 70 22
7 46 41 50 83
7 47 16 54 93
8 9 74 14 20
8 10 77 24 81
8 11 38 70 52
8 12 63 36 63
8 13 2 87 32
8 14 49 77 37
8 15 59 42 36
8 16 76 42 68
8 17 97 41 9
8 18 3 49 54
8 19 65 22 62
8 20 30 29 70
8 21 91 70 3
8 22 1 55 63
8 23 68 75 27
8 24 51 70 51
8 25 64 32 16
8 26 75 20 66
8 27 0 54 73
8 28 7 65 26
8 29 27 87 31
8 30 28 67 42
8 31 37 80 24
8 32 45 61 16
8 33 81 49 12
8 34 48 29 57
8 35 30 55 16
8 36 60 29 39
8 37 74 19 46
8 38 33 74 91
8 39 39 53 37
8 40 80 58 70
8 41 54 25 79
8 42 53 56 44
8 43 37 69 44
8 44 47 46 88
8 45 5 73 21
8 46 72 7 37
8 47 61 81 56
9 10 59 32 18
9 11 51 69 43
9 12 67 66 29
9 13 44 17 15
9 14 76 75 19
9 15 98 50 61
9 16 45 61 58
9 17 0 73 47
9 18 47 79 12
9 19 15 26 66
9 20 65 77 28
9 21 37 21 42
9 22 29 27 17
9 23 84 31 40
9 24 59 57 22
9 25 16 58 38
9 26 27 46 54
9 27 65 63 45
9 28 65 42 35
9 29 4 24 45
9 30 91 41 51
9 31 63 18 56
9 32 18 88 96
9 33 82 59 62
9 34 45 58 59
9 35 48 34 88
9 36 73 80 61
9 37 14 85 54
9 38 95 39 58
9 39 1 39 93
9 40 96 70 22
9 41 96 38 1
9 42 1 69 26
9 43 63 39 83
9 44 26 15 51
9 45 42 78 80
9 46 52 74 47
9 47 6 86 82
10 11 66 19 48
10 12 51 46 14
10 13 98 32 51
10 14 28 31 66
10 15 30 60 23
10 16 22 15 60
10 17 59 37 67
10 18 30 53 74
10 19 89 62 55
10 20 77 72 31
10 21 0 26 83
10 22 58 25 61
10 23 69 81 64
10 24 36 62 27
10 25 77 44 30
10 26 32 24 69
10 27 5 61 68
10 28 64 72 49
10 29 95 31 6
10 30 68 41 22
10 31 74 10 5
10 32 20 54 51
10 33 42 57 86
10 34 38 65 38
10 35 38 42 19
10 36 10 59 48
10 37 63 84 19
10 38 92 72 16
10 39 88 66 7
10 40 48 89 68
10 41 31 35 21
10 42 27 50 89
10 43 32 86 71
10 44 54 55 43
10 45 77 64 34
10 46 37 25 24
10 47 14 92 66
11 12 70 82 38
11 13 78 38 60
11 14 59 71 67
11 15 71 18 8
11 16 93 9 79
11 17 49 74 36
11 18 85 51 7
11 19 39 51 45
11 20 41 38 87
11 21 80 27 6
11 22 33 32 51
11 23 46 82 51
11 24 15 61 85
11 25 1 49 47
11 26 40 33 33
11 27 33 47 52
11 28 7 75 67
11 29 47 84 44
11 30 87 38 74
11 31 81 21 41
11 32 86 22 34
11 33 95 11 56
11 34 75 26 13
11 35 68 80 8
11 36 2 74 75
11 37 16 39 17
11 38 47 32 15
11 39 65 25 49
11 40 92 31 54
11 41 3 98 34
11 42 93 40 43
11 43 43 90 44
11 44 98 10 27
11 45 63 36 66
11 46 32 78 34
11 47 94 63 61
12 13 18 38 49
12 14 48 75 70
12 15 80 9 8
12 16 16 96 42
12 17 47 68 63
12 18 92 79 2
12 19 45 84 86
12 20 1 81 93
12 21 5 46 59
12 22 19 47 76
12 23 56 59 18
12 24 59 79 65
12 25 77 40 9
12 26 99 30 51
12 27 8 88 78
12 28 76 67 13
12 29 6 41 81
12 30 18 76 74
12 31 92 24 26
12 32 29 54 31
12 33 30 47 93
12 34 64 70 79
12 35 34 67 28
12 36 91 20 78
12 37 97 67 55
12 38 4 43 49
12 39 95 6 57
12 40 84 33 81
12 41 4 68 37
12 42 82 23 14
12 43 42 48 81
12 44 43 68 59
12 45 67 69 82
12 46 0 34 91
12 47 59 70 76
13 14 10 58 58
13 15 73 58 40
13 16 8 47 55
13 17 47 85 21
13 18 76 47 57
13 19 86 67 75
13 20 31 73 58
13 21 49 44 15
13 22 25 58 72
13 23 17 31 54
13 24 34 48 44
13 25 43 60 22
13 26 6 48 86
13 27 37 22 87
13 28 61 80 35
13 29 24 42 92
13 30 37 23 78
13 31 95 79 1
13 32 67 60 14
13 33 4 25 92
13 34 73 20 50
13 35 91 41 14
13 36 92 5 37
13 37 56 47 80
13 38 0 61 54
13 39 84 60 35
13 40 27 78 93
13 41 71 15 44
13 42 43 25 63
13 43 72 82 28
13 44 73 19 40
13 45 76 65 58
13 46 71 76 59
13 47 73 38 75
14 15 19 39 67
14 16 72 53 57
14 17 63 44 40
14 18 18 88 46
14 19 14 28 86
14 20 6 89 53
14 21 51 46 40
14 22 37 84 64
14 23 9 86 77
14 24 87 63 40
14 25 75 26 15
14 26 19 71 26
14 27 52 55 33
14 28 38 54 29
14 29 35 83 69
14 30 25 85 79
14 31 82 25 4
14 32 19 76 38
14 33 24 18 26
14 34 32 81 15
14 35 25 46 23
14 36 65 75 49
14 37 34 76 31
14 38 56 47 71
14 39 47 23 78
14 40 37 32 56
14 41 44 18 64
14 42 61 23 77
14 43 67 6 28
14 44 53 67 84
14 45 1 67 41
14 46 90 48 37
14 47 26 72 34
15 16 78 77 42
15 17 56 20 61
15 18 16 51 83
15 19 1 88 72
15 20 16 71 36
15 21 49 36 78
15 22 83 27 48
15 23 44 58 82
15 24 51 14 87
15 25 53 72 84
15 26 89 81 12
15 27 48 64 78
15 28 5 42 71
15 29 54 28 47
15 30 30 68 89
15 31 30 76 92
15 32 42 66 53
15 33 13 24 86
15 34 51 34 9
15 35 67 10 55
15 36 94 59 68
15 37 35 68 72
15 38 36 64 82
15 39 33 79 67
15 40 36 17 76
15 41 88 45 17
15 42 29 49 52
15 43 80 18 45
15 44 14 41 45
15 45 12 64 21
15 46 52 26 14
15 47 17 68 59
16 17 90 73 28
16 18 82 61 42
16 19 47 73 48
16 20 88 9 11
16 21 72 9 44
16 22 78 31 15
16 23 39 63 52
16 24 60 81 67
16 25 88 37 26
16 26 17 71 73
16 27 14 57 56
16 28 3 78 95
16 29 21 19 93
16 30 91 3 48
16 31 46 22 55
16 32 8 39 88
16 33 89 60 15
16 34 47 70 62
16 35 40 50 24
16 36 97 8 1
16 37 95 16 1
16 38 72 75 37
16 39 49 17 49
16 40 46 89 34
16 41 25 32 28
16 42 24 20 46
16 43 83 68 17
16 44 61 32 62
16 45 58 67 15
16 46 48 60 17
16 47 64 39 86
17 18 84 53 23
17 19 47 31 11
17 20 11 63 60
17 21 53 86 30
17 22 73 31 7
17 23 17 31 90
17 24 61 59 11
17 25 79 61 26
17 26 43 45 87
17 27 20 16 50
17 28 45 26 85
17 29 54 29 62
17 30 34 31 26
17 31 45 51 80
17 32 45 55 13
17 33 1 57 22
17 34 17 25 46
17 35 64 37 67
17 36 57 36 43
17 37 96 64 59
17 38 31 21 52
17 39 73 12 26
17 40 74 81 14
17 41 17 53 68
17 42 58 16 52
17 43 92 68 74
17 44 14 47 46
17 45 27 25 35
17 46 19 38 40
17 47 18 78 83
18 19 86 69 72
18 20 78 67 47
18 21 39 15 29
18 22 18 65 57
18 23 69 81 37
18 24 26 74 31
18 25 18 74 70
18 26 18 93 60
18 27 1 88 92
18 28 26 25 55
18 29 76 50 31
18 30 35 78 82
18 31 21 38 19
18 32 79 22 68
18 33 64 16 20
18 34 58 16 52
18 35 81 31 73
18 36 62 74 41
18 37 41 59 57
18 38 8 19 73
18 39 58 52 23
18 40 77 54 55
18 41 37 67 65
18 42 11 82 80
18 43 78 42 42
18 44 17 29 29
18 45 5 21 55
18 46 57 46 28
18 47 31 88 88
19 20 19 48 33
19 21 74 75 22
19 22 80 68 40
19 23 29 87 82
19 24 92 67 15
19 25 14 90 18
19 26 71 76 44
19 27 32 28 36
19 28 20 41 71
19 29 45 13 65
19 30 63 39 54
19 31 82 24 26
19 32 44 76 40
19 33 66 10 22
19 34 31 33 40
19 35 89 60 59
19 36 83 69 73
19 37 83 50 22
19 38 61 12 9
19 39 15 37 65
19 40 10 29 59
19 41 2 52 73
19 42 61 15 61
19 43 56 56 32
19 44 69 39 21
19 45 13 36 25
19 46 71 52 59
19 47 20 21 93
20 21 21 65 45
20 22 59 62 34
20 23 76 72 47
20 24 28 22 82
20 25 58 31 85
20 26 77 29 31
20 27 29 40 19
20 28 58 66 85
20 29 79 27 18
20 30 47 21 73
20 31 41 48 75
20 32 0 81 69
20 33 88 46 33
20 34 97 55 11
20 35 28 36 82
20 36 8 38 40
20 37 5 70 56
20 38 89 68 62
20 39 90 34 19
20 40 40 37 35
20 41 8 32 27
20 42 35 15 69
20 43 36 27 53
20 44 68 39 45
20 45 68 32 56
20 46 90 32 43
20 47 63 42 82
21 22 86 22 23
21 23 91 56 8
21 24 39 36 75
21 25 39 85 56
21 26 8 42 94
21 27 44 41 42
21 28 11 23 49
21 29 33 38 50
21 30 19 44 29
21 31 87 78 13
21 32 2 44 63
21 33 26 52 38
21 34 26 87 64
21 35 4 28 52
21 36 82 54 51
21 37 92 34 69
21 38 89 61 31
21 39 59 53 49
21 40 54 75 50
21 41 89 61 75
21 42 65 65 70
21 43 65 23 74
21 44 30 75 93
21 45 81 63 44
21 46 53 86 14
21 47 96 29 70
22 23 11 66 56
22 24 81 78 41
22 25 54 80 28
22 26 75 9 11
22 27 92 28 80
22 28 19 58 66
22 29 80 59 50
22 30 40 67 61
22 31 44 12 14
22 32 47 18 59
22 33 65 46 41
22 34 99 78 13
22 35 24 44 90
22 36 42 23 39
22 37 96 35 21
22 38 3 40 28
22 39 68 43 26
22 40 21 28 85
22 41 33 77 51
22 42 47 47 84
22 43 39 56 48
22 44 59 28 64
22 45 26 18 36
22 46 39 57 81
22 47 88 35 82
23 24 21 56 49
23 25 85 55 34
23 26 39 20 27
23 27 18 70 75
23 28 80 44 21
23 29 76 82 57
23 30 94 29 23
23 31 46 56 19
23 32 35 38 55
23 33 96 32 23
23 34 67 10 43
23 35 45 14 35
23 36 23 76 67
23 37 97 45 71
23 38 92 79 17
23 39 1 22 37
23 40 35 25 76
23 41 76 46 39
23 42 43 70 32
23 43 78 62 46
23 44 24 75 60
23 45 12 72 40
23 46 93 29 13
23 47 89 58 39
24 25 53 9 35
24 26 44 39 22
24 27 32 75 39
24 28 67 68 47
24 29 97 58 16
24 30 15 96 61
24 31 6 78 54
24 32 83 78 59
24 33 59 25 36
24 34 91 31 7
24 35 29 87 24
24 36 44 14 69
24 37 2 36 81
24 38 66 48 28
24 39 46 15 62
24 40 16 51 73
24 41 98 5 58
24 42 60 33 76
24 43 83 51 40
24 44 75 28 69
24 45 85 74 30
24 46 8 68 72
24 47 67 44 45
25 26 51 61 22
25 27 0 68 65
25 28 26 46 85
25 29 83 40 32
25 30 37 44 88
25 31 53 45 14
25 32 11 58 57
25 33 68 17 21
25 34 85 19 9
25 35 35 38 72
25 36 63 39 64
25 37 9 28 19
25 38 60 45 20
25 39 6 62 66
25 40 71 59 74
25 41 17 32 53
25 42 11 92 97
25 43 30 39 30
25 44 30 18 43
25 45 56 71 39
25 46 75 80 18
25 47 61 35 79
26 27 37 90 26
26 28 94 38 64
26 29 63 56 8
26 30 50 32 20
26 31 66 51 83
26 32 77 52 28
26 33 98 10 68
26 34 38 41 59
26 35 85 74 66
26 36 77 18 17
26 37 39 71 35
26 38 41 27 37
26 39 99 7 18
26 40 53 66 71
26 41 60 22 18
26 42 22 41 70
26 43 1 50 28
26 44 64 44 68
26 45 44 56 89
26 46 66 49 22
26 47 63 37 43
27 28 98 50 55
27 29 62 20 13
27 30 46 81 21
27 31 29 15 64
27 32 92 43 48
27 33 66 81 10
27 34 96 57 49
27 35 79 66 16
27 36 40 43 33
27 37 93 23 5
27 38 68 85 12
27 39 15 75 44
27 40 37 60 60
27 41 44 48 52
27 42 75 83 21
27 43 41 49 83
27 44 95 16 52
27 45 44 23 46
27 46 0 64 56
27 47 31 27 27
28 29 69 49 42
28 30 67 7 83
28 31 75 63 19
28 32 75 74 15
28 33 85 43 15
28 34 10 44 83
28 35 0 91 65
28 36 86 34 23
28 37 12 50 96
28 38 81 74 11
28 39 51 39 64
28 40 91 16 58
28 41 29 18 40
28 42 1 56 90
28 43 57 33 85
28 44 34 64 48
28 45 7 37 65
28 46 88 75 22
28 47 23 25 19
29 30 9 91 72
29 31 60 19 27
29 32 63 50 29
29 33 20 52 69
29 34 25 77 49
29 35 7 95 76
29 36 81 67 39
29 37 94 75 31
29 38 37 30 44
29 39 1 51 44
29 40 54 88 31
29 41 11 87 58
29 42 19 18 76
29 43 2 89 74
29 44 99 66 68
29 45 87 57 15
29 46 76 43 75
29 47 45 12 14
30 31 96 9 33
30 32 28 91 22
30 33 29 56 78
30 34 76 51 7
30 35 84 65 16
30 36 32 74 74
30 37 43 88 56
30 38 13 59 78
30 39 85 19 30
30 40 18 62 23
30 41 7 88 55
30 42 40 68 62
30 43 94 61 17
30 44 63 50 49
30 45 61 31 29
30 46 72 39 16
30 47 97 2 17
31 32 2 37 57
31 33 80 60 54
31 34 99 50 65
31 35 33 60 18
31 36 65 56 33
31 37 97 29 59
31 38 87 18 27
31 39 63 77 25
31 40 0 79 64
31 41 12 89 42
31 42 66 80 77
31 43 17 77 88
31 44 1 89 90
31 45 12 17 46
31 46 53 36 55
31 47 43 20 69
32 33 13 39 25
32 34 19 83 80
32 35 48 88 35
32 36 70 21 55
32 37 88 37 31
32 38 28 37 19
32 39 87 72 35
32 40 55 35 39
32 41 94 1 2
32 42 35 40 40
32 43 55 26 50
32 44 81 70 42
32 45 54 39 65
32 46 40 14 48
32 47 16 24 80
33 34 75 52 62
33 35 49 61 62
33 36 32 42 49
33 37 30 61 20
33 38 61 20 75
33 39 76 59 78
33 40 96 55 57
33 41 81 45 71
33 42 35 30 36
33 43 64 8 66
33 44 79 61 44
33 45 12 29 24
33 46 56 54 72
33 47 55 58 82
34 35 94 51 64
34 36 67 67 6
34 37 1 41 23
34 38 46 56 53
34 39 96 61 67
34 40 12 40 46
34 41 26 63 87
34 42 81 5 76
34 43 94 50 73
34 44 14 72 55
34 45 45 19 35
34 46 47 52 70
34 47 32 21 80
35 36 62 82 75
35 37 69 49 8
35 38 88 9 57
35 39 86 68 14
35 40 1 92 60
35 41 30 46 15
35 42 85 30 29
35 43 2 94 45
35 44 80 61 54
35 45 80 4 49
35 46 70 34 67
35 47 30 91 15
36 37 88 70 44
36 38 2 40 72
36 39 82 55 56
36 40 56 16 28
36 41 95 79 72
36 42 49 25 49
36 43 57 34 28
36 44 41 80 59
36 45 4 23 20
36 46 21 57 74
36 47 55 19 57
37 38 51 79 67
37 39 76 75 84
37 40 26 66 37
37 41 49 44 65
37 42 11 69 32
37 43 74 20 54
37 44 83 33 38
37 45 70 79 27
37 46 83 4 72
37 47 39 82 53
38 39 14 31 89
38 40 28 33 80
38 41 75 70 57
38 42 76 70 52
38 43 10 94 81
38 44 65 38 47
38 45 24 81 55
38 46 47 57 53
38 47 83 75 12
39 40 12 37 91
39 41 68 58 85
39 42 88 60 14
39 43 47 39 40
39 44 27 37 78
39 45 49 35 19
39 46 12 97 48
39 47 84 47 5
40 41 8 66 64
40 42 90 21 35
40 43 75 75 9
40 44 36 59 92
40 45 93 58 60
40 46 65 78 9
40 47 72 7 29
41 42 10 40 97
41 43 57 65 70
41 44 32 62 70
41 45 20 67 70
41 46 76 38 47
41 47 7 21 66
42 43 33 54 22
42 44 1 54 32
42 45 66 62 35
42 46 81 15 72
42 47 8 58 74
43 44 6 86 45
43 45 88 22 45
43 46 25 38 39
43 47 9 52 21
44 45 43 51 35
44 46 72 55 27
44 47 66 76 77
45 46 9 62 63
45 47 18 59 64
46 47 44 61 57
