50
0 1 13 76 77
0 2 22 75 72
0 3 42 54 50
0 4 66 40 39
0 5 60 39 42
0 6 75 33 28
0 7 2 85 90
0 8 20 70 77
0 9 78 31 32
0 10 51 43 45
0 11 25 65 75
0 12 85 13 15
0 13 89 17 15
0 14 14 80 81
0 15 43 56 51
0 16 94 13 5
0 17 66 31 32
0 18 29 63 72
0 19 21 75 69
0 20 35 64 60
0 21 54 40 46
0 22 30 71 68
0 23 56 46 41
0 24 65 41 32
0 25 22 69 67
0 26 14 78 79
0 27 56 43 48
0 28 12 80 81
0 29 45 55 49
0 30 76 35 22
0 31 54 45 53
0 32 93 17 7
0 33 86 13 17
0 34 39 52 52
0 35 99 10 13
0 36 90 16 18
0 37 71 24 35
0 38 94 18 12
0 39 52 41 50
0 40 3 86 91
0 41 38 62 58
0 42 5 89 91
0 43 69 40 28
0 44 50 46 51
0 45 46 47 52
0 46 16 84 76
0 47 5 88 93
0 48 27 66 64
0 49 87 21 10
1 2 11 87 87
1 3 81 26 20
1 4 56 39 47
1 5 90 18 9
1 6 11 81 88
1 7 76 27 26
1 8 98 4 14
1 9 15 85 72
1 10 22 78 69
1 11 2 97 84
1 12 71 30 38
1 13 92 16 7
1 14 54 44 50
1 15 3 82 83
1 16 82 22 22
1 17 54 52 53
1 18 69 36 34
1 19 44 60 49
1 20 66 40 38
1 21 19 80 70
1 22 47 59 55
1 23 0 85 96
1 24 83 15 24
1 25 84 21 24
1 26 76 21 28
1 27 28 68 63
1 28 82 17 28
1 29 1 97 86
1 30 42 58 57
1 31 58 37 38
1 32 30 59 60
1 33 7 82 88
1 34 18 71 82
1 35 64 34 43
1 36 12 77 82
1 37 56 44 39
1 38 71 24 37
1 39 84 18 26
1 40 65 30 34
1 41 46 51 57
1 42 86 14 15
1 43 69 36 35
1 44 93 5 11
1 45 77 20 26
1 46 70 27 33
1 47 89 18 23
1 48 81 15 21
1 49 37 61 53
2 3 51 51 52
2 4 53 50 45
2 5 47 52 56
2 6 14 84 87
2 7 41 63 61
2 8 10 78 87
2 9 52 46 49
2 10 75 32 34
2 11 85 27 14
2 12 55 49 47
2 13 58 46 49
2 14 6 91 93
2 15 12 76 82
2 16 2 95 89
2 17 44 48 56
2 18 42 54 57
2 19 64 42 37
2 20 44 50 47
2 21 46 51 56
2 22 33 60 70
2 23 69 35 39
2 24 49 44 43
2 25 80 28 19
2 26 60 35 47
2 27 72 31 24
2 28 61 40 41
2 29 81 19 21
2 30 32 66 67
2 31 6 92 85
2 32 33 64 60
2 33 96 9 16
2 34 93 13 6
2 35 16 83 84
2 36 94 14 11
2 37 62 31 45
2 38 24 79 78
2 39 40 52 55
2 40 48 51 48
2 41 87 19 15
2 42 98 11 13
2 43 49 44 52
2 44 53 46 46
2 45 86 21 22
2 46 65 43 32
2 47 27 70 68
2 48 54 50 51
2 49 20 69 81
3 4 96 15 10
3 5 68 26 37
3 6 41 53 59
3 7 1 98 91
3 8 3 93 84
3 9 20 75 68
3 10 4 90 82
3 11 36 66 63
3 12 7 86 86
3 13 35 66 56
3 14 63 42 45
3 15 20 69 73
3 16 62 39 38
3 17 84 24 15
3 18 83 24 22
3 19 48 45 47
3 20 43 49 61
3 21 74 28 32
3 22 33 57 64
3 23 92 10 8
3 24 14 82 81
3 25 39 56 57
3 26 77 19 29
3 27 74 33 35
3 28 9 84 88
3 29 17 83 79
3 30 51 52 51
3 31 55 41 43
3 32 59 47 40
3 33 24 67 72
3 34 38 57 53
3 35 97 15 7
3 36 5 87 88
3 37 38 62 67
3 38 55 49 52
3 39 77 28 30
3 40 28 65 68
3 41 33 59 61
3 42 93 7 8
3 43 81 17 24
3 44 73 33 22
3 45 44 58 57
3 46 1 91 95
3 47 12 80 75
3 48 59 42 36
3 49 75 28 26
4 5 16 71 82
4 6 87 23 12
4 7 3 84 95
4 8 15 83 79
4 9 51 54 46
4 10 43 52 61
4 11 61 41 37
4 12 77 30 32
4 13 24 69 75
4 14 13 86 78
4 15 74 26 35
4 16 53 45 44
4 17 6 87 86
4 18 37 57 56
4 19 22 66 80
4 20 50 49 46
4 21 37 65 63
4 22 53 43 46
4 23 81 18 23
4 24 70 33 32
4 25 50 51 43
4 26 22 76 71
4 27 85 18 22
4 28 69 37 39
4 29 61 35 45
4 30 59 34 42
4 31 9 80 79
4 32 27 73 74
4 33 76 31 26
4 34 73 29 36
4 35 96 5 9
4 36 48 50 45
4 37 19 68 68
4 38 48 47 55
4 39 26 72 64
4 40 35 65 67
4 41 21 77 74
4 42 61 41 33
4 43 91 11 10
4 44 36 57 58
4 45 13 82 75
4 46 91 13 16
4 47 85 14 16
4 48 78 32 30
4 49 79 29 29
5 6 16 85 75
5 7 31 62 64
5 8 29 73 72
5 9 12 84 76
5 10 78 20 21
5 11 35 58 56
5 12 13 83 86
5 13 80 19 30
5 14 68 32 34
5 15 95 7 6
5 16 18 75 82
5 17 81 21 24
5 18 94 9 16
5 19 7 79 82
5 20 80 23 18
5 21 20 70 72
5 22 8 83 80
5 23 98 15 11
5 24 11 76 79
5 25 29 62 68
5 26 1 94 91
5 27 27 68 61
5 28 30 73 67
5 29 59 39 47
5 30 66 29 36
5 31 32 69 72
5 32 69 33 41
5 33 6 84 85
5 34 28 67 68
5 35 28 72 66
5 36 32 58 60
5 37 2 93 87
5 38 40 60 55
5 39 31 72 70
5 40 0 92 92
5 41 5 93 94
5 42 6 87 87
5 43 85 14 24
5 44 10 90 84
5 45 34 67 65
5 46 18 75 78
5 47 26 65 77
5 48 56 37 43
5 49 3 88 96
6 7 80 19 22
6 8 66 43 37
6 9 31 62 60
6 10 60 33 47
6 11 86 12 15
6 12 10 84 79
6 13 1 88 97
6 14 56 51 48
6 15 12 74 84
6 16 56 42 42
6 17 7 87 87
6 18 66 42 39
6 19 36 65 58
6 20 31 70 71
6 21 15 74 85
6 22 7 79 85
6 23 26 73 72
6 24 59 45 35
6 25 97 4 13
6 26 6 92 87
6 27 54 43 38
6 28 20 70 70
6 29 71 38 37
6 30 34 57 65
6 31 71 31 34
6 32 62 40 38
6 33 16 79 77
6 34 99 11 1
6 35 98 10 12
6 36 10 81 84
6 37 61 39 39
6 38 38 56 65
6 39 66 31 34
6 40 78 18 27
6 41 82 17 21
6 42 9 87 83
6 43 53 40 52
6 44 93 14 9
6 45 85 18 13
6 46 38 55 63
6 47 79 19 27
6 48 81 19 29
6 49 71 24 34
7 8 69 35 40
7 9 74 28 27
7 10 85 16 24
7 11 0 98 96
7 12 9 77 89
7 13 86 15 25
7 14 76 24 25
7 15 39 66 64
7 16 18 69 72
7 17 63 32 35
7 18 32 58 63
7 19 61 43 32
7 20 38 56 53
7 21 76 22 22
7 22 33 57 59
7 23 60 39 38
7 24 67 28 35
7 25 8 84 83
7 26 17 76 83
7 27 96 3 11
7 28 63 39 40
7 29 72 29 35
7 30 62 41 37
7 31 35 59 64
7 32 72 29 33
7 33 88 23 14
7 34 94 14 11
7 35 58 40 48
7 36 83 17 13
7 37 75 23 27
7 38 83 27 27
7 39 18 81 82
7 40 96 9 3
7 41 24 77 76
7 42 52 48 51
7 43 10 90 76
7 44 5 94 91
7 45 71 34 32
7 46 7 79 90
7 47 86 15 11
7 48 8 82 84
7 49 80 30 23
8 9 87 13 23
8 10 16 84 72
8 11 75 28 21
8 12 57 46 42
8 13 36 60 59
8 14 37 56 62
8 15 62 38 32
8 16 84 16 13
8 17 27 73 69
8 18 43 59 61
8 19 68 27 40
8 20 20 72 79
8 21 62 33 34
8 22 66 36 34
8 23 2 86 95
8 24 58 37 36
8 25 48 51 56
8 26 85 20 17
8 27 62 33 34
8 28 47 50 51
8 29 41 52 58
8 30 26 68 64
8 31 2 86 96
8 32 30 70 66
8 33 84 14 23
8 34 47 49 56
8 35 45 52 54
8 36 38 64 58
8 37 38 63 64
8 38 27 72 73
8 39 56 48 42
8 40 90 12 10
8 41 0 97 97
8 42 80 30 22
8 43 6 92 92
8 44 41 57 53
8 45 62 39 32
8 46 28 61 70
8 47 48 51 45
8 48 72 26 27
8 49 68 36 36
9 10 13 80 87
9 11 65 35 37
9 12 21 73 69
9 13 49 52 56
9 14 14 74 87
9 15 24 76 77
9 16 94 17 18
9 17 48 46 48
9 18 68 30 33
9 19 10 78 76
9 20 36 62 62
9 21 3 92 96
9 22 27 74 74
9 23 54 48 47
9 24 85 21 25
9 25 22 73 79
9 26 89 18 18
9 27 50 44 44
9 28 65 34 35
9 29 8 89 85
9 30 84 20 15
9 31 74 29 29
9 32 91 16 9
9 33 60 46 46
9 34 48 51 49
9 35 21 73 71
9 36 24 78 77
9 37 48 43 56
9 38 2 86 96
9 39 17 81 79
9 40 26 71 72
9 41 43 57 57
9 42 69 32 33
9 43 75 29 33
9 44 85 19 19
9 45 86 26 22
9 46 12 88 75
9 47 11 85 85
9 48 70 33 28
9 49 19 80 74
10 11 16 85 75
10 12 95 18 7
10 13 38 58 61
10 14 4 88 93
10 15 31 60 72
10 16 29 64 60
10 17 54 45 48
10 18 45 57 51
10 19 92 11 13
10 20 60 43 44
10 21 2 95 93
10 22 53 54 40
10 23 88 24 24
10 24 23 74 78
10 25 65 32 32
10 26 55 39 44
10 27 32 65 59
10 28 49 44 53
10 29 63 45 36
10 30 75 24 25
10 31 34 62 57
10 32 71 29 29
10 33 49 48 44
10 34 90 17 10
10 35 75 35 22
10 36 24 66 68
10 37 10 85 83
10 38 89 12 13
10 39 83 23 24
10 40 99 10 3
10 41 4 82 93
10 42 68 34 35
10 43 47 54 56
10 44 39 55 53
10 45 80 26 17
10 46 72 36 28
10 47 38 56 61
10 48 11 86 80
10 49 64 32 35
11 12 25 64 69
11 13 55 53 41
11 14 78 29 19
11 15 82 22 23
11 16 30 65 70
11 17 37 59 64
11 18 42 62 49
11 19 4 84 94
11 20 0 88 88
11 21 31 63 61
11 22 53 53 50
11 23 48 43 52
11 24 43 58 57
11 25 37 60 62
11 26 84 19 23
11 27 52 42 40
11 28 31 71 65
11 29 20 74 72
11 30 18 80 83
11 31 73 28 35
11 32 45 48 60
11 33 12 86 74
11 34 59 39 38
11 35 44 56 49
11 36 57 46 41
11 37 17 79 81
11 38 6 88 84
11 39 23 76 78
11 40 45 60 48
11 41 36 59 67
11 42 86 22 17
11 43 84 14 15
11 44 47 55 59
11 45 82 15 27
11 46 61 41 44
11 47 91 21 18
11 48 71 27 30
11 49 73 26 28
12 13 19 78 82
12 14 26 75 63
12 15 56 40 42
12 16 17 79 71
12 17 67 41 35
12 18 90 14 11
12 19 34 68 64
12 20 53 52 46
12 21 52 54 43
12 22 8 87 82
12 23 10 83 82
12 24 14 78 79
12 25 84 14 17
12 26 1 93 88
12 27 34 61 65
12 28 92 9 9
12 29 93 9 11
12 30 72 38 27
12 31 10 84 85
12 32 44 51 59
12 33 87 11 19
12 34 25 67 67
12 35 98 13 2
12 36 87 18 19
12 37 50 42 43
12 38 30 61 60
12 39 33 57 58
12 40 8 78 82
12 41 21 75 74
12 42 3 91 94
12 43 35 58 61
12 44 33 62 67
12 45 8 85 89
12 46 80 25 19
12 47 45 54 59
12 48 11 86 88
12 49 16 76 71
13 14 51 44 48
13 15 92 16 7
13 16 99 14 10
13 17 47 54 50
13 18 12 75 82
13 19 59 46 45
13 20 66 39 37
13 21 62 40 38
13 22 97 3 8
13 23 24 76 64
13 24 85 15 23
13 25 66 33 37
13 26 81 18 21
13 27 88 14 17
13 28 52 46 53
13 29 20 76 74
13 30 12 75 78
13 31 25 65 76
13 32 95 17 5
13 33 11 77 79
13 34 78 22 22
13 35 31 65 58
13 36 20 80 72
13 37 7 80 80
13 38 63 39 41
13 39 87 24 19
13 40 33 65 65
13 41 65 39 41
13 42 26 71 62
13 43 65 38 30
13 44 10 87 87
13 45 92 12 19
13 46 34 64 70
13 47 42 57 63
13 48 66 41 28
13 49 74 22 28
14 15 71 29 28
14 16 80 19 31
14 17 30 67 59
14 18 0 92 96
14 19 3 94 94
14 20 59 40 37
14 21 28 73 64
14 22 12 76 84
14 23 69 28 36
14 24 57 41 37
14 25 94 7 16
14 26 18 75 71
14 27 73 37 28
14 28 45 57 55
14 29 78 27 20
14 30 64 34 42
14 31 27 66 65
14 32 2 95 93
14 33 42 55 54
14 34 30 73 59
14 35 17 71 77
14 36 48 51 58
14 37 75 35 28
14 38 42 56 59
14 39 44 57 61
14 40 67 29 30
14 41 72 29 29
14 42 23 71 65
14 43 20 73 73
14 44 16 81 83
14 45 87 19 16
14 46 15 79 82
14 47 69 31 34
14 48 43 53 52
14 49 21 77 66
15 16 64 41 32
15 17 18 73 78
15 18 55 44 48
15 19 52 48 49
15 20 30 69 73
15 21 77 31 25
15 22 67 40 42
15 23 41 64 63
15 24 11 79 89
15 25 85 21 23
15 26 47 56 57
15 27 54 50 52
15 28 71 36 31
15 29 61 36 35
15 30 25 63 64
15 31 86 14 15
15 32 99 13 11
15 33 50 49 45
15 34 89 19 14
15 35 51 41 54
15 36 58 40 36
15 37 21 76 77
15 38 79 24 21
15 39 54 51 47
15 40 11 88 82
15 41 7 87 86
15 42 96 11 8
15 43 12 85 84
15 44 1 91 96
15 45 45 48 52
15 46 85 25 13
15 47 85 25 13
15 48 78 29 28
15 49 70 32 37
16 17 31 58 68
16 18 67 34 41
16 19 28 67 68
16 20 84 14 20
16 21 77 27 30
16 22 51 44 46
16 23 25 66 69
16 24 87 18 15
16 25 91 19 13
16 26 65 37 33
16 27 16 72 83
16 28 32 69 62
16 29 91 13 11
16 30 31 67 64
16 31 50 46 51
16 32 59 40 43
16 33 60 45 39
16 34 22 66 67
16 35 19 68 77
16 36 31 61 58
16 37 73 31 31
16 38 46 46 56
16 39 20 72 69
16 40 50 53 56
16 41 26 64 63
16 42 94 7 12
16 43 53 46 44
16 44 23 72 78
16 45 44 54 55
16 46 69 35 28
16 47 13 78 76
16 48 29 65 64
16 49 27 73 68
17 18 81 26 29
17 19 14 80 80
17 20 26 72 69
17 21 9 87 87
17 22 19 78 80
17 23 54 45 46
17 24 18 81 81
17 25 38 52 53
17 26 99 12 6
17 27 72 24 23
17 28 29 72 60
17 29 31 62 64
17 30 55 44 44
17 31 68 39 34
17 32 60 47 33
17 33 5 84 85
17 34 36 66 66
17 35 52 54 42
17 36 2 92 84
17 37 32 62 62
17 38 45 46 46
17 39 95 4 13
17 40 24 68 78
17 41 19 74 79
17 42 87 17 17
17 43 88 11 13
17 44 19 77 75
17 45 19 73 80
17 46 59 39 38
17 47 9 90 86
17 48 28 65 70
17 49 51 43 52
18 19 23 70 67
18 20 25 64 64
18 21 36 62 59
18 22 58 46 42
18 23 79 24 24
18 24 40 60 57
18 25 80 19 29
18 26 36 58 54
18 27 24 72 73
18 28 39 51 62
18 29 99 7 14
18 30 14 84 75
18 31 62 31 37
18 32 76 23 34
18 33 53 50 54
18 34 67 28 42
18 35 44 49 48
18 36 48 48 50
18 37 96 13 3
18 38 68 30 27
18 39 40 60 61
18 40 25 66 69
18 41 52 54 50
18 42 59 49 47
18 43 11 80 76
18 44 28 64 64
18 45 41 55 58
18 46 79 29 26
18 47 77 19 26
18 48 19 81 75
18 49 36 69 67
19 20 78 18 19
19 21 43 54 51
19 22 20 71 81
19 23 70 26 34
19 24 83 24 13
19 25 44 52 49
19 26 4 93 84
19 27 45 52 55
19 28 70 38 37
19 29 62 37 35
19 30 34 60 57
19 31 33 68 59
19 32 24 65 66
19 33 28 68 74
19 34 28 63 70
19 35 19 73 76
19 36 75 26 31
19 37 9 88 84
19 38 12 87 76
19 39 33 63 69
19 40 96 3 15
19 41 31 62 64
19 42 43 62 58
19 43 26 76 74
19 44 85 15 13
19 45 39 58 56
19 46 71 31 30
19 47 76 34 31
19 48 0 85 94
19 49 24 72 78
20 21 74 35 25
20 22 72 28 32
20 23 60 35 39
20 24 79 25 20
20 25 61 39 44
20 26 41 62 63
20 27 59 36 46
20 28 15 76 72
20 29 60 38 36
20 30 52 47 42
20 31 63 35 33
20 32 94 9 6
20 33 16 78 73
20 34 68 27 37
20 35 83 17 29
20 36 26 70 66
20 37 87 13 23
20 38 25 64 77
20 39 58 42 37
20 40 69 38 36
20 41 17 77 82
20 42 99 10 5
20 43 78 28 23
20 44 11 79 81
20 45 36 60 59
20 46 72 27 25
20 47 87 18 20
20 48 72 33 23
20 49 72 23 28
21 22 23 79 71
21 23 17 71 81
21 24 95 6 14
21 25 28 61 66
21 26 30 65 65
21 27 9 82 87
21 28 45 58 53
21 29 89 17 22
21 30 69 38 32
21 31 11 85 75
21 32 63 38 38
21 33 26 66 76
21 34 88 18 18
21 35 23 66 71
21 36 59 36 38
21 37 82 22 18
21 38 95 4 16
21 39 95 7 6
21 40 37 56 67
21 41 82 24 23
21 42 47 50 56
21 43 71 32 29
21 44 55 44 40
21 45 78 32 31
21 46 59 42 40
21 47 89 23 21
21 48 18 70 69
21 49 42 49 49
22 23 27 73 65
22 24 22 66 69
22 25 70 33 39
22 26 30 60 60
22 27 51 44 41
22 28 49 49 48
22 29 6 88 88
22 30 69 29 33
22 31 89 21 15
22 32 63 43 42
22 33 59 41 44
22 34 2 88 89
22 35 42 49 49
22 36 8 90 92
22 37 76 25 30
22 38 34 68 68
22 39 31 60 59
22 40 9 80 88
22 41 64 31 40
22 42 73 24 29
22 43 68 38 40
22 44 95 4 14
22 45 57 43 41
22 46 86 24 14
22 47 37 57 56
22 48 73 31 33
22 49 31 71 66
23 24 48 54 55
23 25 75 24 29
23 26 83 17 22
23 27 24 71 73
23 28 57 42 37
23 29 61 32 46
23 30 5 82 86
23 31 18 75 84
23 32 39 54 58
23 33 67 35 28
23 34 28 69 68
23 35 1 92 88
23 36 2 89 94
23 37 41 62 52
23 38 68 33 26
23 39 13 79 86
23 40 4 88 96
23 41 3 89 90
23 42 43 57 49
23 43 73 24 35
23 44 38 64 56
23 45 58 45 36
23 46 17 75 76
23 47 22 75 70
23 48 55 49 42
23 49 42 58 48
24 25 3 89 88
24 26 50 54 49
24 27 40 64 60
24 28 93 17 14
24 29 89 22 20
24 30 15 77 79
24 31 12 87 83
24 32 82 18 17
24 33 54 52 42
24 34 12 78 77
24 35 59 38 34
24 36 4 82 87
24 37 95 16 7
24 38 97 10 1
24 39 87 24 21
24 40 39 64 55
24 41 37 60 67
24 42 2 93 90
24 43 58 39 38
24 44 90 15 21
24 45 5 81 92
24 46 22 69 74
24 47 96 6 9
24 48 44 54 47
24 49 5 93 81
25 26 28 67 71
25 27 85 22 17
25 28 13 76 87
25 29 77 24 22
25 30 43 60 60
25 31 53 48 40
25 32 97 7 2
25 33 73 32 25
25 34 64 34 44
25 35 35 66 59
25 36 12 83 85
25 37 91 14 10
25 38 94 11 11
25 39 3 90 90
25 40 63 42 36
25 41 43 58 56
25 42 72 30 24
25 43 62 39 46
25 44 68 34 28
25 45 15 85 78
25 46 91 16 21
25 47 46 55 58
25 48 47 45 55
25 49 74 31 22
26 27 23 76 75
26 28 23 71 68
26 29 39 55 56
26 30 39 60 52
26 31 94 15 5
26 32 79 24 28
26 33 94 11 7
26 34 40 51 62
26 35 56 48 39
26 36 83 16 20
26 37 49 53 44
26 38 32 67 59
26 39 81 23 28
26 40 60 38 34
26 41 96 17 9
26 42 45 57 51
26 43 76 28 23
26 44 96 11 3
26 45 83 19 29
26 46 4 90 89
26 47 10 85 90
26 48 32 65 68
26 49 44 56 48
27 28 59 39 49
27 29 38 59 62
27 30 3 95 90
27 31 91 11 17
27 32 32 59 67
27 33 29 74 71
27 34 84 19 15
27 35 8 86 87
27 36 62 38 35
27 37 23 79 69
27 38 19 69 72
27 39 21 77 69
27 40 98 3 10
27 41 39 66 61
27 42 31 61 71
27 43 3 87 92
27 44 67 32 35
27 45 91 16 7
27 46 94 19 8
27 47 26 64 64
27 48 12 88 88
27 49 66 31 31
28 29 97 14 8
28 30 72 37 25
28 31 84 12 24
28 32 47 56 54
28 33 24 78 71
28 34 82 28 27
28 35 40 59 52
28 36 25 71 64
28 37 73 24 23
28 38 33 70 66
28 39 23 66 69
28 40 77 27 29
28 41 79 30 24
28 42 55 38 42
28 43 69 30 32
28 44 16 80 73
28 45 68 41 31
28 46 22 70 78
28 47 69 28 34
28 48 73 27 34
28 49 70 32 38
29 30 13 76 78
29 31 29 63 71
29 32 0 97 97
29 33 45 60 50
29 34 8 89 81
29 35 18 71 75
29 36 56 41 38
29 37 65 29 32
29 38 42 56 61
29 39 81 27 17
29 40 14 85 78
29 41 11 86 82
29 42 57 40 48
29 43 22 73 79
29 44 63 38 43
29 45 70 30 34
29 46 0 91 90
29 47 37 67 55
29 48 6 86 85
29 49 71 24 37
30 31 77 24 27
30 32 5 91 80
30 33 75 31 35
30 34 57 38 43
30 35 33 66 63
30 36 67 41 28
30 37 67 37 36
30 38 30 72 63
30 39 77 32 29
30 40 71 26 28
30 41 66 43 34
30 42 10 85 85
30 43 26 64 64
30 44 91 21 20
30 45 22 71 68
30 46 63 42 39
30 47 86 12 26
30 48 3 84 96
30 49 99 12 9
31 32 21 73 76
31 33 70 26 34
31 34 56 51 37
31 35 1 85 85
31 36 77 31 28
31 37 66 42 34
31 38 15 74 76
31 39 99 2 13
31 40 85 16 16
31 41 24 68 76
31 42 22 77 75
31 43 83 27 15
31 44 86 16 17
31 45 69 32 30
31 46 87 12 25
31 47 27 75 65
31 48 38 56 52
31 49 66 31 40
32 33 42 60 62
32 34 61 37 45
32 35 77 19 20
32 36 90 13 11
32 37 87 14 11
32 38 36 55 58
32 39 26 74 70
32 40 44 50 54
32 41 19 79 74
32 42 34 62 57
32 43 55 50 39
32 44 70 37 35
32 45 2 95 87
32 46 71 25 38
32 47 78 29 22
32 48 72 26 33
32 49 25 64 68
33 34 66 40 36
33 35 0 98 92
33 36 23 71 68
33 37 4 82 88
33 38 42 61 56
33 39 13 83 82
33 40 65 43 36
33 41 4 92 89
33 42 47 49 53
33 43 95 18 9
33 44 0 96 90
33 45 56 40 37
33 46 75 23 21
33 47 69 31 37
33 48 27 74 67
33 49 73 35 25
34 35 3 83 93
34 36 9 81 84
34 37 32 69 65
34 38 48 56 44
34 39 34 60 58
34 40 60 38 43
34 41 81 15 22
34 42 40 57 55
34 43 12 87 82
34 44 77 31 33
34 45 50 42 42
34 46 65 41 29
34 47 96 13 13
34 48 39 57 58
34 49 48 52 54
35 36 24 75 75
35 37 47 55 49
35 38 31 59 66
35 39 83 28 15
35 40 26 70 70
35 41 28 62 68
35 42 8 84 79
35 43 61 40 43
35 44 50 44 51
35 45 67 33 31
35 46 1 91 92
35 47 19 74 68
35 48 18 71 71
35 49 35 56 69
36 37 27 66 71
36 38 59 37 41
36 39 7 92 78
36 40 10 80 85
36 41 42 53 51
36 42 1 87 84
36 43 47 59 59
36 44 34 67 64
36 45 61 33 41
36 46 93 8 6
36 47 85 21 12
36 48 85 16 12
36 49 34 62 68
37 38 98 9 4
37 39 17 72 73
37 40 83 22 17
37 41 4 90 91
37 42 22 78 69
37 43 65 34 34
37 44 2 83 91
37 45 48 49 48
37 46 89 19 13
37 47 85 15 22
37 48 4 85 81
37 49 3 82 89
38 39 19 70 79
38 40 89 21 11
38 41 5 92 89
38 42 0 88 95
38 43 80 30 26
38 44 80 19 30
38 45 76 29 27
38 46 70 28 36
38 47 26 74 63
38 48 82 24 18
38 49 67 36 37
39 40 52 42 47
39 41 49 58 47
39 42 98 1 2
39 43 44 56 60
39 44 21 79 73
39 45 20 75 70
39 46 43 62 54
39 47 95 12 8
39 48 64 32 41
39 49 59 39 42
40 41 5 95 92
40 42 4 83 90
40 43 27 70 63
40 44 36 64 61
40 45 71 24 36
40 46 47 47 59
40 47 69 32 37
40 48 59 45 48
40 49 79 27 19
41 42 15 72 72
41 43 95 11 16
41 44 73 36 28
41 45 74 29 34
41 46 59 44 36
41 47 25 72 77
41 48 91 12 17
41 49 18 71 71
42 43 33 64 66
42 44 32 61 69
42 45 14 79 79
42 46 72 37 34
42 47 84 23 25
42 48 69 36 29
42 49 4 84 94
43 44 89 21 10
43 45 30 59 65
43 46 89 10 16
43 47 32 71 58
43 48 47 51 56
43 49 69 35 33
44 45 4 92 91
44 46 40 64 55
44 47 94 8 19
44 48 51 43 43
44 49 45 54 58
45 46 75 32 24
45 47 60 35 46
45 48 8 90 91
45 49 13 88 75
46 47 89 22 12
46 48 59 44 46
46 49 3 82 85
47 48 38 55 56
47 49 33 57 65
48 49 70 32 38
