50
0 1 69 28 78
0 2 83 21 56
0 3 88 46 10
0 4 81 45 30
0 5 79 58 32
0 6 31 87 64
0 7 3 30 95
0 8 52 27 49
0 9 87 72 72
0 10 55 65 35
0 11 74 54 30
0 12 53 44 86
0 13 40 46 87
0 14 5 66 88
0 15 19 28 37
0 16 44 61 46
0 17 58 27 20
0 18 89 46 72
0 19 5 52 81
0 20 5 68 92
0 21 96 27 25
0 22 78 8 6
0 23 0 38 78
0 24 21 22 73
0 25 58 83 25
0 26 45 83 52
0 27 67 65 34
0 28 87 26 75
0 29 34 71 41
0 30 91 70 25
0 31 17 24 53
0 32 37 17 60
0 33 92 75 6
0 34 15 30 58
0 35 47 82 80
0 36 11 23 34
0 37 26 91 57
0 38 98 63 14
0 39 77 65 52
0 40 39 70 65
0 41 51 40 31
0 42 99 28 29
0 43 88 53 35
0 44 35 27 79
0 45 27 36 68
0 46 64 42 56
0 47 45 81 89
0 48 22 71 34
0 49 67 21 55
1 2 80 43 54
1 3 66 7 26
1 4 32 26 88
1 5 91 21 17
1 6 45 61 68
1 7 79 78 24
1 8 7 90 32
1 9 6 72 24
1 10 83 18 75
1 11 49 21 54
1 12 31 54 65
1 13 46 83 83
1 14 31 52 35
1 15 67 38 55
1 16 6 81 73
1 17 38 84 59
1 18 92 16 41
1 19 92 57 70
1 20 20 51 48
1 21 58 33 11
1 22 58 79 26
1 23 14 86 83
1 24 89 44 8
1 25 8 68 50
1 26 98 50 77
1 27 45 83 31
1 28 74 59 67
1 29 89 37 66
1 30 75 25 43
1 31 32 72 68
1 32 66 49 73
1 33 99 26 31
1 34 82 19 39
1 35 16 26 84
1 36 37 43 19
1 37 25 84 23
1 38 12 43 70
1 39 99 68 39
1 40 91 65 55
1 41 68 63 83
1 42 12 95 30
1 43 78 9 56
1 44 65 75 81
1 45 3 61 72
1 46 8 38 51
1 47 84 77 11
1 48 79 19 15
1 49 28 67 51
2 3 63 18 14
2 4 58 16 53
2 5 12 88 41
2 6 94 71 69
2 7 57 44 35
2 8 84 8 17
2 9 93 59 47
2 10 25 33 90
2 11 64 21 78
2 12 5 48 65
2 13 97 9 17
2 14 10 56 61
2 15 67 82 23
2 16 3 92 76
2 17 72 70 71
2 18 40 52 42
2 19 18 81 27
2 20 21 29 54
2 21 73 8 43
2 22 50 67 59
2 23 87 60 58
2 24 8 91 36
2 25 6 51 68
2 26 89 30 35
2 27 30 50 90
2 28 13 80 55
2 29 80 39 80
2 30 50 82 67
2 31 35 81 49
2 32 94 1 1
2 33 15 46 87
2 34 17 76 19
2 35 55 34 81
2 36 29 60 34
2 37 59 82 8
2 38 95 58 60
2 39 41 50 65
2 40 79 15 19
2 41 63 40 66
2 42 99 14 56
2 43 12 91 60
2 44 85 29 6
2 45 82 44 28
2 46 35 62 90
2 47 84 12 14
2 48 26 55 61
2 49 41 88 53
3 4 97 0 24
3 5 91 45 2
3 6 47 24 36
3 7 57 50 25
3 8 76 67 23
3 9 73 22 27
3 10 60 70 85
3 11 96 37 58
3 12 6 87 49
3 13 7 26 32
3 14 35 42 26
3 15 78 10 31
3 16 29 92 31
3 17 88 39 77
3 18 50 66 79
3 19 66 47 64
3 20 66 33 16
3 21 99 57 37
3 22 75 45 44
3 23 57 15 26
3 24 73 22 60
3 25 31 81 65
3 26 13 61 94
3 27 86 68 30
3 28 70 28 15
3 29 43 65 13
3 30 91 38 35
3 31 46 11 44
3 32 28 48 84
3 33 7 50 80
3 34 49 26 44
3 35 35 35 27
3 36 36 78 57
3 37 81 80 41
3 38 8 44 77
3 39 8 87 57
3 40 28 72 26
3 41 57 51 86
3 42 71 68 77
3 43 69 17 6
3 44 76 41 6
3 45 56 38 67
3 46 29 44 35
3 47 94 69 28
3 48 64 19 50
3 49 49 61 71
4 5 27 64 57
4 6 20 45 47
4 7 70 77 66
4 8 23 88 91
4 9 16 81 89
4 10 72 16 23
4 11 27 33 79
4 12 59 26 56
4 13 74 5 64
4 14 49 34 78
4 15 28 66 68
4 16 10 86 83
4 17 26 17 29
4 18 55 34 40
4 19 57 79 33
4 20 25 60 70
4 21 85 7 76
4 22 24 73 58
4 23 11 65 57
4 24 80 28 71
4 25 59 26 35
4 26 91 56 52
4 27 76 37 47
4 28 0 47 94
4 29 39 49 27
4 30 6 66 36
4 31 88 29 25
4 32 62 49 63
4 33 29 41 70
4 34 36 65 90
4 35 17 77 30
4 36 15 58 26
4 37 59 80 74
4 38 22 95 76
4 39 38 63 51
4 40 69 66 16
4 41 46 18 68
4 42 46 80 30
4 43 52 19 50
4 44 42 73 84
4 45 6 44 39
4 46 39 73 49
4 47 28 43 69
4 48 71 24 48
4 49 3 52 46
5 6 18 91 81
5 7 68 63 40
5 8 92 34 27
5 9 23 84 89
5 10 9 74 30
5 11 48 77 68
5 12 98 12 63
5 13 31 68 77
5 14 50 52 43
5 15 41 15 34
5 16 74 19 79
5 17 31 32 65
5 18 99 46 6
5 19 72 30 75
5 20 99 57 51
5 21 57 40 24
5 22 62 80 62
5 23 69 45 68
5 24 31 74 89
5 25 36 17 41
5 26 63 83 78
5 27 19 66 60
5 28 84 29 31
5 29 72 80 21
5 30 42 18 72
5 31 71 74 42
5 32 1 27 71
5 33 60 85 27
5 34 4 37 73
5 35 82 13 9
5 36 35 15 55
5 37 45 66 70
5 38 46 79 55
5 39 1 68 88
5 40 73 28 30
5 41 78 63 75
5 42 34 89 55
5 43 98 2 76
5 44 44 55 46
5 45 22 94 60
5 46 70 41 27
5 47 48 28 32
5 48 33 66 29
5 49 37 39 28
6 7 24 72 17
6 8 54 53 50
6 9 23 46 69
6 10 66 56 14
6 11 69 40 78
6 12 73 46 74
6 13 62 27 73
6 14 42 41 56
6 15 28 68 59
6 16 71 83 30
6 17 76 82 72
6 18 73 48 72
6 19 81 3 62
6 20 65 49 57
6 21 19 57 83
6 22 15 22 47
6 23 23 91 24
6 24 59 32 20
6 25 8 54 26
6 26 54 70 23
6 27 80 76 58
6 28 50 25 46
6 29 85 4 12
6 30 72 72 46
6 31 37 31 63
6 32 32 53 77
6 33 65 30 66
6 34 77 64 31
6 35 59 84 48
6 36 68 31 30
6 37 39 75 44
6 38 85 50 38
6 39 81 13 4
6 40 26 16 70
6 41 29 28 18
6 42 66 54 57
6 43 57 47 62
6 44 21 32 91
6 45 69 29 64
6 46 40 33 33
6 47 87 9 77
6 48 72 76 54
6 49 2 84 34
7 8 97 14 67
7 9 54 12 77
7 10 37 35 23
7 11 89 27 32
7 12 24 37 41
7 13 64 79 44
7 14 44 37 17
7 15 0 56 83
7 16 80 6 49
7 17 66 12 13
7 18 8 68 69
7 19 59 60 66
7 20 39 80 89
7 21 55 25 74
7 22 16 94 29
7 23 7 27 91
7 24 61 43 68
7 25 37 79 17
7 26 13 85 89
7 27 65 25 49
7 28 19 36 76
7 29 17 45 61
7 30 9 62 76
7 31 63 84 57
7 32 78 57 56
7 33 14 85 72
7 34 75 76 45
7 35 29 45 38
7 36 33 14 18
7 37 41 34 35
7 38 68 80 71
7 39 14 25 91
7 40 16 86 91
7 41 75 56 11
7 42 68 26 76
7 43 35 18 36
7 44 25 76 74
7 45 15 82 61
7 46 51 21 47
7 47 58 36 9
7 48 13 45 48
7 49 5 47 28
8 9 69 55 34
8 10 71 66 32
8 11 63 29 52
8 12 49 44 17
8 13 11 42 80
8 14 60 26 32
8 15 31 31 20
8 16 82 51 68
8 17 54 28 35
8 18 64 58 57
8 19 10 65 45
8 20 75 75 84
8 21 15 80 50
8 22 40 68 87
8 23 5 94 64
8 24 23 79 95
8 25 86 78 46
8 26 19 63 60
8 27 18 26 89
8 28 90 56 11
8 29 24 92 17
8 30 5 52 93
8 31 14 76 79
8 32 59 63 39
8 33 50 36 79
8 34 15 20 75
8 35 67 80 82
8 36 78 54 56
8 37 13 89 52
8 38 36 66 53
8 39 55 88 68
8 40 72 19 68
8 41 10 71 94
8 42 22 33 82
8 43 85 13 52
8 44 85 24 73
8 45 46 49 77
8 46 52 77 16
8 47 27 49 63
8 48 2 97 46
8 49 61 85 51
9 10 17 51 39
9 11 90 50 64
9 12 86 72 68
9 13 55 85 30
9 14 12 69 68
9 15 62 75 50
9 16 80 55 29
9 17 72 26 76
9 18 2 68 74
9 19 85 33 3
9 20 69 73 85
9 21 95 13 33
9 22 74 82 60
9 23 29 63 26
9 24 98 21 61
9 25 84 9 9
9 26 84 14 13
9 27 70 60 52
9 28 56 73 41
9 29 2 22 80
9 30 61 60 29
9 31 85 63 3
9 32 35 22 49
9 33 50 72 43
9 34 71 57 82
9 35 47 78 75
9 36 23 89 59
9 37 30 52 57
9 38 3 85 48
9 39 72 47 51
9 40 21 79 69
9 41 51 20 33
9 42 35 70 13
9 43 54 64 62
9 44 48 71 66
9 45 78 16 50
9 46 85 36 19
9 47 50 26 56
9 48 0 84 28
9 49 59 35 25
10 11 66 54 22
10 12 60 29 15
10 13 61 13 71
10 14 44 73 71
10 15 71 49 64
10 16 89 23 5
10 17 2 44 56
10 18 98 38 35
10 19 85 32 9
10 20 85 38 50
10 21 62 38 65
10 22 70 61 12
10 23 29 26 70
10 24 76 54 40
10 25 35 45 38
10 26 1 38 94
10 27 72 5 26
10 28 44 47 83
10 29 91 41 73
10 30 41 33 44
10 31 55 15 74
10 32 19 51 21
10 33 98 15 56
10 34 9 60 48
10 35 87 56 71
10 36 13 60 18
10 37 26 15 19
10 38 60 23 48
10 39 47 68 77
10 40 85 46 57
10 41 32 72 80
10 42 18 95 72
10 43 94 19 16
10 44 41 15 61
10 45 91 78 65
10 46 59 79 53
10 47 14 20 29
10 48 59 68 45
10 49 91 17 24
11 12 23 17 19
11 13 18 40 39
11 14 98 65 56
11 15 75 28 66
11 16 10 44 91
11 17 40 37 12
11 18 79 78 59
11 19 73 28 47
11 20 84 74 77
11 21 18 25 20
11 22 30 46 40
11 23 2 25 57
11 24 84 31 5
11 25 67 11 24
11 26 93 67 58
11 27 51 75 69
11 28 55 40 39
11 29 53 59 43
11 30 30 66 16
11 31 25 40 39
11 32 92 28 72
11 33 73 18 60
11 34 17 17 29
11 35 20 39 68
11 36 54 71 64
11 37 50 75 39
11 38 2 72 44
11 39 10 76 39
11 40 85 26 28
11 41 6 69 79
11 42 60 36 11
11 43 66 47 68
11 44 29 68 81
11 45 73 14 65
11 46 23 36 18
11 47 83 81 35
11 48 46 41 86
11 49 12 34 87
12 13 12 54 55
12 14 77 76 27
12 15 29 73 37
12 16 39 57 23
12 17 33 35 76
12 18 32 53 86
12 19 74 34 65
12 20 33 82 47
12 21 14 20 65
12 22 34 85 68
12 23 53 57 64
12 24 77 42 52
12 25 88 50 28
12 26 71 7 20
12 27 9 56 66
12 28 24 65 88
12 29 63 73 25
12 30 3 25 44
12 31 4 22 63
12 32 25 79 37
12 33 23 55 42
12 34 22 28 32
12 35 52 56 12
12 36 73 66 57
12 37 91 52 5
12 38 39 87 63
12 39 31 30 75
12 40 89 44 41
12 41 65 42 59
12 42 4 80 52
12 43 84 11 30
12 44 69 30 67
12 45 65 15 38
12 46 32 23 24
12 47 77 77 9
12 48 12 39 37
12 49 59 48 72
13 14 31 48 26
13 15 67 23 22
13 16 79 14 36
13 17 44 41 59
13 18 11 51 55
13 19 65 69 24
13 20 17 30 83
13 21 32 54 35
13 22 62 56 58
13 23 42 75 48
13 24 81 24 29
13 25 54 69 59
13 26 6 48 82
13 27 92 18 3
13 28 3 32 21
13 29 92 71 55
13 30 82 37 55
13 31 48 13 11
13 32 17 66 87
13 33 84 10 55
13 34 76 80 15
13 35 83 60 78
13 36 78 53 16
13 37 52 71 66
13 38 50 30 48
13 39 24 70 53
13 40 69 26 56
13 41 22 31 95
13 42 48 65 36
13 43 8 88 84
13 44 17 67 92
13 45 29 73 92
13 46 52 18 10
13 47 3 74 94
13 48 37 65 18
13 49 68 49 26
14 15 73 71 56
14 16 54 56 88
14 17 13 42 80
14 18 32 86 29
14 19 72 16 11
14 20 57 20 41
14 21 19 88 41
14 22 8 31 41
14 23 64 7 34
14 24 56 37 49
14 25 87 47 35
14 26 96 76 7
14 27 7 66 86
14 28 56 51 57
14 29 48 25 15
14 30 94 33 58
14 31 23 32 27
14 32 72 80 6
14 33 70 79 68
14 34 52 28 22
14 35 74 22 22
14 36 42 75 72
14 37 2 84 68
14 38 32 32 90
14 39 51 74 82
14 40 19 45 74
14 41 94 62 7
14 42 9 52 80
14 43 66 29 58
14 44 64 22 13
14 45 55 78 50
14 46 55 84 52
14 47 36 30 41
14 48 38 44 80
14 49 75 61 25
15 16 71 50 45
15 17 94 12 38
15 18 74 62 41
15 19 51 15 86
15 20 11 94 18
15 21 62 54 36
15 22 67 50 43
15 23 11 19 40
15 24 1 32 68
15 25 75 54 43
15 26 15 36 55
15 27 48 54 80
15 28 38 72 47
15 29 57 83 65
15 30 28 14 54
15 31 19 94 68
15 32 1 61 86
15 33 8 73 85
15 34 14 56 54
15 35 15 83 86
15 36 6 46 69
15 37 30 14 81
15 38 31 42 85
15 39 94 73 67
15 40 48 40 45
15 41 31 40 81
15 42 7 98 62
15 43 26 40 16
15 44 2 49 97
15 45 5 42 81
15 46 7 57 92
15 47 14 36 81
15 48 19 82 19
15 49 75 21 73
16 17 55 61 32
16 18 25 29 25
16 19 20 58 53
16 20 92 13 75
16 21 31 68 86
16 22 29 65 87
16 23 0 98 49
16 24 36 47 43
16 25 84 81 60
16 26 2 26 70
16 27 66 10 47
16 28 73 75 54
16 29 58 20 34
16 30 93 5 4
16 31 13 62 24
16 32 57 21 14
16 33 95 5 45
16 34 90 23 66
16 35 69 71 14
16 36 96 12 26
16 37 61 58 44
16 38 10 49 29
16 39 5 90 82
16 40 89 49 62
16 41 78 74 61
16 42 54 78 39
16 43 10 48 33
16 44 31 16 43
16 45 64 8 67
16 46 55 62 22
16 47 85 14 5
16 48 14 69 73
16 49 52 38 35
17 18 88 8 19
17 19 9 64 93
17 20 65 39 32
17 21 86 8 24
17 22 78 19 68
17 23 1 36 45
17 24 94 23 79
17 25 1 76 97
17 26 30 31 20
17 27 90 69 79
17 28 14 83 31
17 29 24 65 57
17 30 62 39 69
17 31 17 39 47
17 32 34 55 37
17 33 88 12 19
17 34 67 51 27
17 35 75 54 29
17 36 29 47 26
17 37 70 75 34
17 38 98 47 54
17 39 57 54 67
17 40 72 53 32
17 41 66 82 70
17 42 29 45 81
17 43 90 26 30
17 44 65 17 20
17 45 10 81 28
17 46 6 88 91
17 47 7 42 91
17 48 0 58 88
17 49 72 10 77
18 19 16 39 80
18 20 10 57 46
18 21 75 55 43
18 22 8 20 80
18 23 78 77 15
18 24 56 83 74
18 25 66 62 67
18 26 99 61 75
18 27 80 69 54
18 28 66 12 21
18 29 40 46 42
18 30 87 11 32
18 31 41 86 71
18 32 38 24 84
18 33 57 70 79
18 34 82 80 63
18 35 57 12 61
18 36 11 52 44
18 37 38 81 48
18 38 22 91 77
18 39 71 35 17
18 40 3 36 89
18 41 7 92 69
18 42 16 90 17
18 43 18 45 19
18 44 37 30 50
18 45 9 79 68
18 46 23 40 69
18 47 13 93 91
18 48 17 18 38
18 49 90 46 46
19 20 4 69 92
19 21 30 87 55
19 22 10 75 93
19 23 80 12 67
19 24 63 76 84
19 25 16 51 30
19 26 25 46 18
19 27 2 35 85
19 28 65 17 64
19 29 63 48 22
19 30 61 27 22
19 31 43 46 19
19 32 76 48 58
19 33 1 53 93
19 34 81 76 28
19 35 24 65 30
19 36 88 69 51
19 37 30 83 69
19 38 52 58 42
19 39 56 42 37
19 40 1 37 63
19 41 93 30 55
19 42 89 52 22
19 43 49 37 61
19 44 71 25 29
19 45 65 49 37
19 46 33 84 79
19 47 85 72 41
19 48 9 53 34
19 49 61 29 51
20 21 76 10 68
20 22 26 58 25
20 23 34 31 31
20 24 20 40 60
20 25 41 46 36
20 26 73 54 41
20 27 31 82 44
20 28 32 47 84
20 29 86 59 7
20 30 97 74 18
20 31 96 17 28
20 32 94 22 42
20 33 54 48 22
20 34 24 50 56
20 35 89 9 15
20 36 69 56 72
20 37 81 60 18
20 38 73 64 25
20 39 51 89 48
20 40 66 72 53
20 41 67 30 46
20 42 6 71 28
20 43 97 29 62
20 44 89 6 28
20 45 38 48 35
20 46 12 65 90
20 47 35 73 90
20 48 52 54 56
20 49 86 55 51
21 22 86 57 27
21 23 71 35 66
21 24 66 69 19
21 25 39 46 90
21 26 5 90 69
21 27 95 37 34
21 28 32 60 17
21 29 55 47 57
21 30 56 42 35
21 31 84 64 60
21 32 50 15 41
21 33 14 47 36
21 34 40 25 41
21 35 55 75 86
21 36 88 25 54
21 37 76 11 10
21 38 26 89 58
21 39 8 44 79
21 40 84 46 55
21 41 33 34 80
21 42 41 18 14
21 43 13 24 21
21 44 66 74 32
21 45 79 69 5
21 46 16 28 37
21 47 1 37 36
21 48 22 36 85
21 49 40 37 58
22 23 25 70 71
22 24 75 43 9
22 25 0 94 27
22 26 34 36 60
22 27 99 43 47
22 28 83 27 39
22 29 54 9 64
22 30 39 57 48
22 31 2 85 53
22 32 46 16 55
22 33 5 48 72
22 34 45 41 44
22 35 33 29 66
22 36 98 40 46
22 37 9 82 59
22 38 74 34 48
22 39 40 13 84
22 40 30 22 91
22 41 94 27 33
22 42 65 11 72
22 43 4 26 79
22 44 84 14 82
22 45 80 70 36
22 46 47 62 26
22 47 24 74 25
22 48 66 56 10
22 49 89 68 32
23 24 15 31 30
23 25 63 54 30
23 26 36 32 53
23 27 10 66 77
23 28 95 69 8
23 29 62 64 15
23 30 66 60 34
23 31 2 98 68
23 32 41 12 60
23 33 1 64 84
23 34 59 13 64
23 35 67 66 37
23 36 32 79 56
23 37 97 80 4
23 38 21 36 67
23 39 68 33 64
23 40 91 67 70
23 41 4 85 81
23 42 88 29 64
23 43 38 62 71
23 44 16 22 24
23 45 13 56 62
23 46 47 29 56
23 47 25 30 84
23 48 17 31 42
23 49 17 91 45
24 25 35 18 43
24 26 67 24 14
24 27 68 52 58
24 28 31 72 69
24 29 19 64 32
24 30 56 67 65
24 31 73 43 45
24 32 27 40 93
24 33 13 63 86
24 34 45 42 71
24 35 59 23 85
24 36 20 18 88
24 37 35 27 53
24 38 62 59 67
24 39 27 54 38
24 40 72 85 13
24 41 51 86 36
24 42 85 14 42
24 43 53 65 28
24 44 41 59 21
24 45 68 80 62
24 46 24 43 41
24 47 10 23 22
24 48 19 47 82
24 49 20 23 31
25 26 33 68 23
25 27 14 27 93
25 28 15 69 75
25 29 65 38 22
25 30 8 38 83
25 31 15 59 52
25 32 66 52 79
25 33 88 44 34
25 34 95 58 32
25 35 89 73 60
25 36 37 59 33
25 37 78 5 83
25 38 6 47 36
25 39 11 27 85
25 40 94 60 56
25 41 69 33 60
25 42 76 67 73
25 43 3 29 37
25 44 72 47 56
25 45 61 61 59
25 46 6 74 31
25 47 78 82 15
25 48 32 76 85
25 49 28 34 90
26 27 5 20 27
26 28 22 19 50
26 29 20 38 63
26 30 11 74 37
26 31 12 71 46
26 32 15 64 57
26 33 8 27 91
26 34 55 71 14
26 35 68 26 57
26 36 69 19 57
26 37 16 83 93
26 38 94 5 27
26 39 91 40 31
26 40 87 63 70
26 41 38 67 61
26 42 64 65 74
26 43 75 81 45
26 44 83 70 22
26 45 2 88 46
26 46 96 63 56
26 47 29 74 23
26 48 75 31 70
26 49 2 64 42
27 28 12 25 77
27 29 31 59 89
27 30 49 84 30
27 31 23 70 56
27 32 13 71 86
27 33 99 68 57
27 34 11 66 60
27 35 72 81 56
27 36 81 32 61
27 37 77 11 69
27 38 85 37 12
27 39 85 32 30
27 40 69 23 70
27 41 61 81 26
27 42 11 93 97
27 43 33 18 66
27 44 51 73 41
27 45 35 69 55
27 46 72 15 54
27 47 34 18 69
27 48 38 81 24
27 49 71 11 76
28 29 18 25 86
28 30 97 50 10
28 31 31 50 38
28 32 29 64 77
28 33 66 81 13
28 34 57 30 76
28 35 20 87 39
28 36 53 26 36
28 37 32 36 47
28 38 79 21 77
28 39 14 72 52
28 40 21 64 57
28 41 91 14 75
28 42 8 89 57
28 43 11 52 72
28 44 29 55 69
28 45 87 47 41
28 46 23 80 60
28 47 68 45 43
28 48 85 30 39
28 49 33 55 41
29 30 40 76 76
29 31 1 84 82
29 32 65 44 79
29 33 19 49 69
29 34 25 24 82
29 35 84 61 57
29 36 74 40 74
29 37 73 42 25
29 38 63 81 35
29 39 66 57 49
29 40 60 42 21
29 41 83 20 47
29 42 92 25 57
29 43 14 87 62
29 44 26 60 33
29 45 45 34 76
29 46 48 21 22
29 47 38 88 22
29 48 99 70 3
29 49 16 28 27
30 31 84 19 55
30 32 10 62 65
30 33 74 24 20
30 34 21 52 88
30 35 82 70 64
30 36 60 45 20
30 37 79 8 50
30 38 20 79 55
30 39 78 44 65
30 40 62 63 21
30 41 20 86 50
30 42 28 18 87
30 43 57 87 27
30 44 13 57 96
30 45 0 61 26
30 46 58 62 62
30 47 0 25 56
30 48 99 63 55
30 49 40 72 15
31 32 3 82 48
31 33 57 16 46
31 34 62 74 55
31 35 2 74 29
31 36 46 19 19
31 37 17 47 22
31 38 15 42 87
31 39 63 15 85
31 40 85 49 43
31 41 34 53 34
31 42 74 59 35
31 43 12 84 74
31 44 52 55 39
31 45 91 64 79
31 46 51 89 44
31 47 0 32 29
31 48 14 19 68
31 49 16 57 96
32 33 43 31 62
32 34 74 76 54
32 35 73 77 66
32 36 92 63 70
32 37 29 34 44
32 38 78 9 54
32 39 85 68 10
32 40 90 29 25
32 41 54 38 43
32 42 77 78 79
32 43 59 22 81
32 44 88 51 68
32 45 48 85 88
32 46 70 48 17
32 47 48 55 87
32 48 27 62 88
32 49 9 76 90
33 34 29 27 39
33 35 32 92 59
33 36 93 34 78
33 37 86 22 33
33 38 43 82 67
33 39 61 42 66
33 40 94 38 4
33 41 42 88 57
33 42 7 60 45
33 43 98 7 35
33 44 5 74 81
33 45 78 55 64
33 46 75 80 25
33 47 80 27 69
33 48 55 9 46
33 49 30 47 56
34 35 27 14 15
34 36 55 32 63
34 37 93 31 58
34 38 71 72 30
34 39 31 61 42
34 40 25 89 26
34 41 93 6 27
34 42 86 74 55
34 43 15 19 58
34 44 34 25 43
34 45 6 94 33
34 46 18 65 94
34 47 94 15 4
34 48 98 24 79
34 49 71 38 58
35 36 24 37 54
35 37 66 60 57
35 38 98 72 8
35 39 74 14 84
35 40 68 73 40
35 41 64 50 64
35 42 40 68 52
35 43 42 50 48
35 44 29 87 14
35 45 63 41 38
35 46 14 33 63
35 47 73 7 57
35 48 37 36 49
35 49 41 28 51
36 37 65 15 13
36 38 76 17 23
36 39 89 66 5
36 40 78 59 42
36 41 68 57 82
36 42 34 58 90
36 43 13 84 54
36 44 51 56 74
36 45 70 73 68
36 46 59 15 14
36 47 85 80 72
36 48 85 52 27
36 49 17 17 58
37 38 3 88 36
37 39 33 27 43
37 40 22 69 79
37 41 18 46 56
37 42 99 59 1
37 43 86 38 31
37 44 14 82 60
37 45 20 56 65
37 46 24 89 58
37 47 45 12 14
37 48 97 5 77
37 49 86 56 48
38 39 61 48 8
38 40 11 65 70
38 41 42 36 13
38 42 47 79 32
38 43 62 41 81
38 44 7 51 44
38 45 31 35 65
38 46 44 20 73
38 47 6 96 72
38 48 88 45 28
38 49 53 18 78
39 40 62 51 40
39 41 45 59 68
39 42 50 13 89
39 43 47 48 81
39 44 40 24 16
39 45 3 63 87
39 46 84 25 34
39 47 61 34 34
39 48 76 71 20
39 49 66 83 68
40 41 69 12 21
40 42 72 19 37
40 43 35 28 27
40 44 83 41 53
40 45 36 29 29
40 46 17 85 73
40 47 25 32 48
40 48 17 79 82
40 49 77 57 83
41 42 95 56 25
41 43 64 35 30
41 44 86 47 22
41 45 53 61 12
41 46 47 80 53
41 47 38 62 61
41 48 24 37 28
41 49 81 45 22
42 43 44 88 28
42 44 43 35 43
42 45 32 71 42
42 46 53 52 55
42 47 30 21 26
42 48 48 89 23
42 49 48 24 29
43 44 20 31 79
43 45 79 76 83
43 46 8 40 81
43 47 59 23 38
43 48 28 86 37
43 49 48 35 56
44 45 89 42 79
44 46 60 82 69
44 47 86 29 14
44 48 88 49 54
44 49 42 59 50
45 46 62 16 13
45 47 92 49 25
45 48 15 85 18
45 49 24 74 63
46 47 16 52 19
46 48 42 80 11
46 49 75 73 34
47 48 58 54 63
47 49 54 86 10
48 49 88 76 44
