10
0 1 60 60
0 2 0 940
0 3 981 942
0 4 999 947
0 5 964 975
0 6 991 971
0 7 977 966
0 8 963 949
0 9 984 943
1 2 940 0
1 3 959 995
1 4 967 960
1 5 970 984
1 6 981 954
1 7 940 947
1 8 953 983
1 9 982 958
2 3 998 968
2 4 991 979
2 5 967 982
2 6 982 984
2 7 975 995
2 8 998 964
2 9 981 985
3 4 72 139
3 5 104 63
3 6 63 96
3 7 104 69
3 8 82 70
3 9 142 96
4 5 114 75
4 6 109 111
4 7 85 97
4 8 106 116
4 9 146 142
5 6 120 64
5 7 148 140
5 8 66 65
5 9 123 107
6 7 73 110
6 8 146 65
6 9 134 101
7 8 102 103
7 9 139 147
8 9 95 88
