12
0 1 80 80
0 2 0 920
0 3 956 996
0 4 971 942
0 5 929 968
0 6 958 992
0 7 967 949
0 8 953 944
0 9 955 997
0 10 952 943
0 11 969 984
1 2 920 0
1 3 932 941
1 4 978 991
1 5 932 987
1 6 935 983
1 7 984 938
1 8 929 949
1 9 948 989
1 10 941 981
1 11 965 988
2 3 933 967
2 4 994 930
2 5 974 985
2 6 942 964
2 7 976 922
2 8 990 984
2 9 932 998
2 10 992 929
2 11 948 950
3 4 95 107
3 5 198 186
3 6 189 130
3 7 85 80
3 8 173 124
3 9 161 151
3 10 142 114
3 11 184 81
4 5 138 100
4 6 102 185
4 7 103 164
4 8 93 102
4 9 101 180
4 10 167 150
4 11 164 105
5 6 166 134
5 7 198 154
5 8 86 105
5 9 169 135
5 10 103 189
5 11 81 84
6 7 142 101
6 8 117 139
6 9 166 105
6 10 158 199
6 11 145 174
7 8 101 89
7 9 130 153
7 10 91 163
7 11 172 125
8 9 106 103
8 10 149 147
8 11 125 111
9 10 125 109
9 11 144 183
10 11 107 141
