12
0 1 120 120
0 2 0 880
0 3 926 977
0 4 912 927
0 5 895 939
0 6 908 895
0 7 916 892
0 8 944 908
0 9 984 892
0 10 894 885
0 11 920 973
1 2 880 0
1 3 888 997
1 4 951 902
1 5 924 890
1 6 960 963
1 7 898 887
1 8 911 939
1 9 958 925
1 10 935 998
1 11 880 951
2 3 938 931
2 4 910 924
2 5 919 997
2 6 943 992
2 7 935 951
2 8 960 890
2 9 917 983
2 10 910 948
2 11 982 946
3 4 220 244
3 5 220 213
3 6 142 223
3 7 134 245
3 8 242 247
3 9 221 148
3 10 210 143
3 11 131 143
4 5 152 124
4 6 152 165
4 7 221 238
4 8 223 139
4 9 153 219
4 10 155 142
4 11 129 221
5 6 140 127
5 7 236 248
5 8 197 122
5 9 142 137
5 10 152 148
5 11 152 183
6 7 146 207
6 8 171 214
6 9 154 193
6 10 184 169
6 11 127 180
7 8 224 248
7 9 232 195
7 10 157 121
7 11 159 244
8 9 143 200
8 10 192 239
8 11 127 122
9 10 215 170
9 11 135 233
10 11 124 230
