15
0 1 120 120
0 2 0 880
0 3 950 961
0 4 984 961
0 5 929 941
0 6 882 923
0 7 912 952
0 8 931 938
0 9 964 918
0 10 967 982
0 11 973 924
0 12 941 956
0 13 984 956
0 14 919 956
1 2 880 0
1 3 884 975
1 4 918 971
1 5 938 981
1 6 950 887
1 7 885 901
1 8 989 911
1 9 917 904
1 10 986 960
1 11 905 941
1 12 924 987
1 13 948 906
1 14 952 982
2 3 892 984
2 4 944 931
2 5 927 961
2 6 936 968
2 7 946 948
2 8 994 933
2 9 971 921
2 10 886 988
2 11 950 916
2 12 909 993
2 13 901 911
2 14 952 983
3 4 162 176
3 5 166 180
3 6 186 159
3 7 138 166
3 8 198 199
3 9 151 153
3 10 157 148
3 11 182 160
3 12 167 174
3 13 189 197
3 14 139 122
4 5 176 141
4 6 154 174
4 7 142 127
4 8 136 152
4 9 186 158
4 10 179 191
4 11 161 131
4 12 192 152
4 13 127 126
4 14 184 158
5 6 139 190
5 7 127 126
5 8 180 164
5 9 197 167
5 10 128 157
5 11 162 162
5 12 130 140
5 13 153 139
5 14 178 126
6 7 168 127
6 8 156 159
6 9 136 160
6 10 160 164
6 11 175 127
6 12 164 124
6 13 120 197
6 14 178 147
7 8 193 128
7 9 161 127
7 10 127 175
7 11 199 184
7 12 162 167
7 13 150 129
7 14 123 130
8 9 172 159
8 10 133 122
8 11 198 154
8 12 138 160
8 13 161 126
8 14 129 170
9 10 175 134
9 11 120 196
9 12 165 127
9 13 196 179
9 14 180 190
10 11 193 150
10 12 186 138
10 13 131 162
10 14 150 134
11 12 121 125
11 13 146 196
11 14 178 138
12 13 123 123
12 14 147 161
13 14 170 153
