15
0 1 50 50
0 2 0 950
0 3 986 988
0 4 994 960
0 5 958 969
0 6 989 961
0 7 965 971
0 8 973 997
0 9 998 952
0 10 983 969
0 11 985 982
0 12 982 990
0 13 998 982
0 14 992 994
1 2 950 0
1 3 966 959
1 4 981 978
1 5 979 952
1 6 957 967
1 7 970 980
1 8 997 963
1 9 997 951
1 10 953 996
1 11 993 970
1 12 980 961
1 13 967 966
1 14 981 996
2 3 986 980
2 4 968 950
2 5 953 967
2 6 986 967
2 7 990 994
2 8 982 977
2 9 999 979
2 10 998 958
2 11 981 969
2 12 952 969
2 13 996 982
2 14 970 992
3 4 102 104
3 5 52 79
3 6 87 107
3 7 101 115
3 8 112 87
3 9 59 105
3 10 82 103
3 11 52 89
3 12 75 109
3 13 106 111
3 14 116 82
4 5 115 81
4 6 89 111
4 7 112 113
4 8 70 69
4 9 75 51
4 10 67 89
4 11 52 110
4 12 103 90
4 13 85 52
4 14 113 86
5 6 83 71
5 7 107 63
5 8 106 96
5 9 97 98
5 10 97 83
5 11 94 66
5 12 54 80
5 13 106 88
5 14 106 77
6 7 100 84
6 8 110 68
6 9 62 76
6 10 84 99
6 11 103 74
6 12 92 72
6 13 64 107
6 14 117 106
7 8 67 58
7 9 52 96
7 10 92 58
7 11 93 97
7 12 108 112
7 13 66 86
7 14 90 76
8 9 86 57
8 10 70 97
8 11 116 119
8 12 94 91
8 13 69 64
8 14 93 99
9 10 112 50
9 11 79 83
9 12 114 89
9 13 110 106
9 14 58 75
10 11 61 79
10 12 82 58
10 13 54 50
10 14 75 91
11 12 109 75
11 13 114 65
11 14 83 86
12 13 67 62
12 14 79 117
13 14 57 99
