15
0 1 80 80
0 2 0 920
0 3 980 994
0 4 972 926
0 5 955 991
0 6 926 987
0 7 930 977
0 8 973 961
0 9 974 970
0 10 921 921
0 11 929 954
0 12 977 921
0 13 993 951
0 14 976 985
1 2 920 0
1 3 984 923
1 4 964 976
1 5 941 938
1 6 934 942
1 7 921 957
1 8 927 921
1 9 963 985
1 10 934 921
1 11 984 937
1 12 980 933
1 13 949 936
1 14 996 939
2 3 989 930
2 4 926 972
2 5 982 995
2 6 950 947
2 7 935 967
2 8 964 923
2 9 996 950
2 10 982 938
2 11 995 924
2 12 988 946
2 13 973 921
2 14 984 927
3 4 215 210
3 5 202 229
3 6 153 94
3 7 158 179
3 8 161 224
3 9 165 225
3 10 157 225
3 11 86 163
3 12 144 111
3 13 202 124
3 14 205 104
4 5 111 84
4 6 115 216
4 7 122 205
4 8 151 87
4 9 203 99
4 10 219 129
4 11 84 103
4 12 185 213
4 13 163 191
4 14 136 166
5 6 159 151
5 7 151 93
5 8 190 120
5 9 109 144
5 10 127 89
5 11 98 165
5 12 88 146
5 13 116 142
5 14 106 183
6 7 197 104
6 8 149 121
6 9 101 171
6 10 127 208
6 11 156 160
6 12 97 119
6 13 108 150
6 14 109 97
7 8 83 165
7 9 163 210
7 10 145 229
7 11 142 180
7 12 194 103
7 13 185 93
7 14 203 134
8 9 95 83
8 10 87 192
8 11 151 206
8 12 152 190
8 13 186 136
8 14 226 183
9 10 223 141
9 11 220 189
9 12 83 134
9 13 184 84
9 14 141 96
10 11 145 154
10 12 80 143
10 13 199 200
10 14 184 204
11 12 159 100
11 13 134 124
11 14 112 120
12 13 80 209
12 14 188 84
13 14 144 128
