17
0 1 90 90
0 2 0 910
0 3 933 987
0 4 933 926
0 5 948 945
0 6 977 964
0 7 941 933
0 8 940 925
0 9 917 955
0 10 957 918
0 11 916 995
0 12 983 980
0 13 934 978
0 14 932 956
0 15 917 946
0 16 983 981
1 2 910 0
1 3 926 942
1 4 993 945
1 5 945 916
1 6 946 927
1 7 916 957
1 8 913 935
1 9 998 988
1 10 954 970
1 11 935 987
1 12 947 941
1 13 917 992
1 14 911 975
1 15 938 954
1 16 937 969
2 3 911 948
2 4 985 937
2 5 987 996
2 6 943 929
2 7 988 981
2 8 919 953
2 9 911 922
2 10 982 940
2 11 929 993
2 12 994 992
2 13 979 965
2 14 938 928
2 15 960 966
2 16 978 950
3 4 165 136
3 5 193 128
3 6 136 199
3 7 100 131
3 8 159 99
3 9 138 90
3 10 156 104
3 11 90 137
3 12 160 120
3 13 107 152
3 14 90 138
3 15 151 135
3 16 106 197
4 5 189 160
4 6 133 161
4 7 124 121
4 8 136 185
4 9 186 180
4 10 196 197
4 11 180 129
4 12 190 118
4 13 118 98
4 14 137 163
4 15 110 192
4 16 184 112
5 6 103 134
5 7 91 154
5 8 98 92
5 9 97 105
5 10 178 148
5 11 178 193
5 12 124 193
5 13 153 174
5 14 137 184
5 15 95 153
5 16 96 191
6 7 190 112
6 8 152 151
6 9 164 127
6 10 130 90
6 11 108 90
6 12 96 151
6 13 124 193
6 14 131 110
6 15 149 114
6 16 133 191
7 8 147 148
7 9 180 98
7 10 185 121
7 11 100 153
7 12 134 117
7 13 103 112
7 14 105 157
7 15 154 128
7 16 138 193
8 9 139 113
8 10 91 103
8 11 127 92
8 12 192 191
8 13 157 167
8 14 92 160
8 15 152 193
8 16 120 190
9 10 115 142
9 11 117 125
9 12 108 104
9 13 188 108
9 14 114 137
9 15 120 100
9 16 198 143
10 11 109 159
10 12 144 148
10 13 192 130
10 14 116 189
10 15 95 121
10 16 140 178
11 12 100 113
11 13 125 101
11 14 162 173
11 15 143 143
11 16 114 199
12 13 196 102
12 14 164 173
12 15 198 128
12 16 169 193
13 14 101 155
13 15 91 189
13 16 106 133
14 15 135 106
14 16 93 146
15 16 199 138
