20
0 1 25 25
0 2 0 975
0 3 981 986
0 4 991 997
0 5 980 993
0 6 984 990
0 7 979 977
0 8 986 977
0 9 997 999
0 10 979 984
0 11 992 988
0 12 996 993
0 13 994 996
0 14 985 998
0 15 998 991
0 16 975 983
0 17 975 987
0 18 998 998
0 19 978 979
1 2 975 0
1 3 995 996
1 4 986 980
1 5 990 982
1 6 987 997
1 7 985 999
1 8 978 995
1 9 981 977
1 10 985 976
1 11 989 994
1 12 976 985
1 13 982 995
1 14 992 994
1 15 996 991
1 16 993 986
1 17 977 992
1 18 990 986
1 19 999 989
2 3 992 991
2 4 991 975
2 5 975 994
2 6 982 976
2 7 975 997
2 8 999 976
2 9 976 985
2 10 979 989
2 11 985 993
2 12 988 984
2 13 993 984
2 14 988 990
2 15 989 999
2 16 980 995
2 17 995 987
2 18 982 979
2 19 999 976
3 4 46 93
3 5 60 89
3 6 76 58
3 7 86 36
3 8 49 65
3 9 90 69
3 10 75 91
3 11 80 65
3 12 59 71
3 13 62 52
3 14 41 74
3 15 64 36
3 16 86 91
3 17 85 80
3 18 77 95
3 19 94 92
4 5 79 75
4 6 97 72
4 7 80 74
4 8 31 45
4 9 41 78
4 10 79 55
4 11 44 69
4 12 84 28
4 13 41 57
4 14 43 26
4 15 58 70
4 16 78 95
4 17 45 31
4 18 42 65
4 19 94 65
5 6 35 34
5 7 74 70
5 8 43 48
5 9 32 64
5 10 53 27
5 11 41 43
5 12 56 25
5 13 46 85
5 14 30 97
5 15 37 91
5 16 74 25
5 17 66 74
5 18 62 69
5 19 53 29
6 7 34 37
6 8 95 38
6 9 47 42
6 10 99 31
6 11 82 94
6 12 82 91
6 13 46 79
6 14 62 60
6 15 71 77
6 16 90 96
6 17 68 66
6 18 96 30
6 19 77 29
7 8 50 57
7 9 45 72
7 10 50 40
7 11 71 67
7 12 90 79
7 13 71 97
7 14 97 40
7 15 41 37
7 16 95 61
7 17 90 59
7 18 94 81
7 19 39 75
8 9 67 53
8 10 30 72
8 11 77 90
8 12 90 26
8 13 47 57
8 14 49 72
8 15 30 63
8 16 51 87
8 17 38 80
8 18 44 90
8 19 35 56
9 10 80 93
9 11 56 36
9 12 40 91
9 13 49 32
9 14 61 51
9 15 92 74
9 16 27 59
9 17 26 80
9 18 93 40
9 19 42 82
10 11 63 98
10 12 28 97
10 13 48 95
10 14 89 70
10 15 80 60
10 16 55 80
10 17 53 43
10 18 29 90
10 19 87 74
11 12 98 90
11 13 76 67
11 14 34 73
11 15 55 84
11 16 57 37
11 17 48 89
11 18 71 70
11 19 67 61
12 13 96 45
12 14 26 32
12 15 85 29
12 16 39 99
12 17 76 47
12 18 84 81
12 19 68 98
13 14 89 95
13 15 63 26
13 16 72 65
13 17 73 44
13 18 92 65
13 19 50 83
14 15 57 83
14 16 58 99
14 17 51 61
14 18 43 49
14 19 92 28
15 16 75 56
15 17 84 95
15 18 26 64
15 19 35 46
16 17 76 96
16 18 33 42
16 19 36 32
17 18 60 58
17 19 81 68
18 19 32 48
