25
0 1 20 20
0 2 0 980
0 3 988 982
0 4 991 988
0 5 994 985
0 6 996 989
0 7 981 983
0 8 994 982
0 9 981 987
0 10 987 980
0 11 995 986
0 12 993 997
0 13 998 993
0 14 988 980
0 15 996 984
0 16 980 981
0 17 997 996
0 18 990 989
0 19 986 987
0 20 991 987
0 21 992 994
0 22 998 999
0 23 988 985
0 24 991 991
1 2 980 0
1 3 993 984
1 4 985 989
1 5 983 984
1 6 988 998
1 7 994 990
1 8 988 986
1 9 998 998
1 10 980 984
1 11 991 995
1 12 987 981
1 13 987 988
1 14 995 984
1 15 995 981
1 16 987 987
1 17 990 993
1 18 987 981
1 19 991 999
1 20 986 997
1 21 987 991
1 22 999 993
1 23 981 984
1 24 987 985
2 3 984 985
2 4 984 995
2 5 983 980
2 6 981 994
2 7 981 998
2 8 991 985
2 9 989 998
2 10 984 999
2 11 996 987
2 12 992 986
2 13 988 990
2 14 998 987
2 15 989 994
2 16 988 982
2 17 995 985
2 18 999 980
2 19 990 980
2 20 988 980
2 21 988 983
2 22 983 995
2 23 980 996
2 24 985 993
3 4 96 98
3 5 87 24
3 6 30 99
3 7 24 59
3 8 21 63
3 9 96 88
3 10 65 95
3 11 83 71
3 12 42 87
3 13 81 77
3 14 49 20
3 15 58 89
3 16 57 68
3 17 69 28
3 18 38 71
3 19 74 56
3 20 75 78
3 21 70 82
3 22 71 91
3 23 30 23
3 24 99 85
4 5 72 57
4 6 26 33
4 7 48 99
4 8 76 59
4 9 36 73
4 10 92 46
4 11 40 79
4 12 42 66
4 13 93 89
4 14 85 53
4 15 54 81
4 16 95 62
4 17 50 43
4 18 92 36
4 19 85 24
4 20 41 30
4 21 34 78
4 22 21 80
4 23 87 95
4 24 52 23
5 6 96 22
5 7 47 70
5 8 66 71
5 9 59 74
5 10 75 94
5 11 89 74
5 12 59 36
5 13 68 33
5 14 75 40
5 15 77 53
5 16 26 30
5 17 74 38
5 18 54 95
5 19 54 90
5 20 58 77
5 21 97 26
5 22 30 24
5 23 80 77
5 24 81 52
6 7 32 22
6 8 37 37
6 9 55 61
6 10 72 89
6 11 39 23
6 12 43 58
6 13 30 58
6 14 81 60
6 15 78 84
6 16 53 73
6 17 75 39
6 18 97 98
6 19 99 55
6 20 86 44
6 21 54 49
6 22 58 29
6 23 96 89
6 24 39 57
7 8 54 28
7 9 85 24
7 10 26 32
7 11 67 93
7 12 66 93
7 13 64 59
7 14 30 99
7 15 39 26
7 16 99 38
7 17 26 62
7 18 27 60
7 19 24 85
7 20 54 27
7 21 55 80
7 22 92 98
7 23 29 53
7 24 67 84
8 9 39 99
8 10 79 32
8 11 22 87
8 12 40 76
8 13 58 48
8 14 88 26
8 15 48 86
8 16 31 85
8 17 66 52
8 18 62 53
8 19 40 78
8 20 25 24
8 21 85 24
8 22 64 51
8 23 30 81
8 24 33 39
9 10 82 68
9 11 84 31
9 12 99 79
9 13 99 30
9 14 72 81
9 15 71 83
9 16 65 37
9 17 83 53
9 18 80 97
9 19 97 92
9 20 99 41
9 21 28 91
9 22 72 78
9 23 71 97
9 24 74 23
10 11 38 56
10 12 81 71
10 13 53 62
10 14 76 32
10 15 42 36
10 16 57 77
10 17 76 69
10 18 49 97
10 19 64 91
10 20 85 70
10 21 43 26
10 22 50 55
10 23 84 38
10 24 76 58
11 12 59 71
11 13 95 78
11 14 94 72
11 15 28 67
11 16 27 94
11 17 30 37
11 18 73 63
11 19 56 24
11 20 28 69
11 21 31 38
11 22 23 95
11 23 93 62
11 24 87 87
12 13 36 80
12 14 43 78
12 15 52 48
12 16 96 70
12 17 58 81
12 18 48 83
12 19 99 96
12 20 63 78
12 21 98 27
12 22 91 68
12 23 95 97
12 24 73 54
13 14 44 35
13 15 36 94
13 16 81 76
13 17 72 89
13 18 46 21
13 19 65 96
13 20 43 42
13 21 30 61
13 22 88 39
13 23 77 79
13 24 89 60
14 15 60 58
14 16 57 27
14 17 72 92
14 18 29 98
14 19 86 80
14 20 23 99
14 21 92 88
14 22 92 66
14 23 87 57
14 24 88 33
15 16 63 72
15 17 66 77
15 18 96 60
15 19 26 44
15 20 38 47
15 21 75 24
15 22 52 55
15 23 68 97
15 24 77 94
16 17 53 94
16 18 61 47
16 19 70 65
16 20 52 25
16 21 50 62
16 22 91 97
16 23 62 86
16 24 44 75
17 18 26 65
17 19 94 28
17 20 42 89
17 21 38 82
17 22 54 54
17 23 84 85
17 24 92 40
18 19 80 28
18 20 48 37
18 21 37 33
18 22 66 41
18 23 54 64
18 24 81 74
19 20 65 95
19 21 23 24
19 22 48 50
19 23 80 99
19 24 58 75
20 21 99 83
20 22 84 77
20 23 69 54
20 24 50 21
21 22 21 93
21 23 46 91
21 24 52 74
22 23 83 96
22 24 22 30
23 24 82 64
