27
0 1 90 90
0 2 0 910
0 3 969 991
0 4 933 980
0 5 912 977
0 6 944 959
0 7 928 931
0 8 940 920
0 9 960 930
0 10 914 979
0 11 916 982
0 12 924 970
0 13 994 931
0 14 910 950
0 15 952 938
0 16 991 998
0 17 971 941
0 18 985 937
0 19 931 970
0 20 993 953
0 21 986 973
0 22 921 961
0 23 939 932
0 24 926 946
0 25 945 934
0 26 926 926
1 2 910 0
1 3 960 997
1 4 951 973
1 5 964 984
1 6 948 919
1 7 943 985
1 8 911 961
1 9 916 997
1 10 923 916
1 11 939 917
1 12 975 944
1 13 927 952
1 14 929 967
1 15 931 965
1 16 957 939
1 17 960 975
1 18 981 991
1 19 997 917
1 20 989 925
1 21 959 950
1 22 919 955
1 23 942 921
1 24 967 932
1 25 948 998
1 26 999 910
2 3 988 993
2 4 946 927
2 5 998 915
2 6 944 921
2 7 965 965
2 8 999 977
2 9 985 951
2 10 987 971
2 11 988 997
2 12 998 921
2 13 991 943
2 14 920 928
2 15 948 998
2 16 945 923
2 17 956 993
2 18 991 985
2 19 958 921
2 20 940 941
2 21 999 940
2 22 927 941
2 23 995 977
2 24 984 984
2 25 950 937
2 26 932 962
3 4 146 143
3 5 176 94
3 6 168 211
3 7 173 205
3 8 132 98
3 9 166 136
3 10 204 144
3 11 128 110
3 12 133 195
3 13 153 160
3 14 129 127
3 15 98 220
3 16 228 202
3 17 140 144
3 18 142 146
3 19 221 215
3 20 97 241
3 21 138 229
3 22 187 213
3 23 118 148
3 24 227 129
3 25 117 188
3 26 208 135
4 5 174 173
4 6 181 131
4 7 154 96
4 8 110 159
4 9 199 173
4 10 103 153
4 11 213 190
4 12 97 148
4 13 236 139
4 14 188 163
4 15 92 147
4 16 245 222
4 17 166 170
4 18 90 237
4 19 156 203
4 20 150 136
4 21 128 196
4 22 230 228
4 23 124 144
4 24 118 113
4 25 206 171
4 26 159 134
5 6 208 216
5 7 225 158
5 8 91 208
5 9 183 214
5 10 249 222
5 11 246 91
5 12 93 216
5 13 179 149
5 14 163 90
5 15 249 211
5 16 157 145
5 17 179 215
5 18 187 190
5 19 241 135
5 20 156 178
5 21 191 114
5 22 231 169
5 23 139 98
5 24 218 199
5 25 204 232
5 26 162 246
6 7 103 220
6 8 175 99
6 9 188 163
6 10 196 195
6 11 235 210
6 12 230 242
6 13 160 114
6 14 115 207
6 15 140 176
6 16 142 159
6 17 204 116
6 18 235 181
6 19 230 179
6 20 232 238
6 21 142 184
6 22 164 237
6 23 99 135
6 24 178 234
6 25 237 125
6 26 131 194
7 8 246 128
7 9 234 111
7 10 174 150
7 11 127 244
7 12 173 213
7 13 96 92
7 14 198 227
7 15 119 144
7 16 243 137
7 17 211 138
7 18 108 208
7 19 222 143
7 20 167 186
7 21 241 94
7 22 233 118
7 23 133 90
7 24 221 137
7 25 246 232
7 26 221 103
8 9 118 110
8 10 116 197
8 11 182 242
8 12 125 174
8 13 189 171
8 14 166 159
8 15 196 230
8 16 200 211
8 17 206 110
8 18 95 167
8 19 196 150
8 20 137 189
8 21 152 217
8 22 156 168
8 23 122 137
8 24 177 186
8 25 238 219
8 26 171 92
9 10 90 118
9 11 243 160
9 12 189 106
9 13 216 214
9 14 213 215
9 15 123 185
9 16 145 214
9 17 224 183
9 18 217 142
9 19 218 135
9 20 242 100
9 21 103 118
9 22 203 193
9 23 213 115
9 24 243 230
9 25 171 248
9 26 147 219
10 11 143 228
10 12 199 192
10 13 113 93
10 14 119 123
10 15 193 153
10 16 110 232
10 17 208 147
10 18 98 128
10 19 189 150
10 20 180 198
10 21 134 182
10 22 233 167
10 23 235 101
10 24 106 215
10 25 222 212
10 26 175 139
11 12 133 123
11 13 228 215
11 14 127 138
11 15 223 224
11 16 181 244
11 17 176 159
11 18 128 101
11 19 108 206
11 20 214 249
11 21 203 229
11 22 159 179
11 23 104 107
11 24 159 242
11 25 163 94
11 26 116 188
12 13 231 163
12 14 241 165
12 15 229 234
12 16 90 112
12 17 202 167
12 18 107 191
12 19 230 123
12 20 129 207
12 21 144 221
12 22 97 157
12 23 221 131
12 24 159 96
12 25 239 192
12 26 103 162
13 14 115 189
13 15 211 232
13 16 189 166
13 17 222 110
13 18 227 149
13 19 199 92
13 20 134 106
13 21 112 210
13 22 148 116
13 23 105 116
13 24 147 179
13 25 197 235
13 26 133 243
14 15 113 161
14 16 238 162
14 17 90 246
14 18 202 127
14 19 101 220
14 20 165 107
14 21 205 223
14 22 140 227
14 23 134 172
14 24 175 120
14 25 192 145
14 26 92 205
15 16 122 224
15 17 119 179
15 18 167 166
15 19 108 232
15 20 95 227
15 21 177 101
15 22 166 218
15 23 177 241
15 24 92 219
15 25 236 143
15 26 164 177
16 17 167 177
16 18 199 179
16 19 120 167
16 20 164 213
16 21 169 92
16 22 212 177
16 23 172 98
16 24 176 92
16 25 211 213
16 26 149 221
17 18 210 124
17 19 225 135
17 20 240 198
17 21 191 166
17 22 235 91
17 23 189 101
17 24 234 118
17 25 189 111
17 26 142 174
18 19 147 173
18 20 192 119
18 21 219 121
18 22 171 246
18 23 233 234
18 24 203 212
18 25 98 106
18 26 204 202
19 20 181 249
19 21 151 130
19 22 188 233
19 23 150 104
19 24 156 133
19 25 93 201
19 26 111 117
20 21 124 219
20 22 122 104
20 23 241 187
20 24 138 139
20 25 228 92
20 26 228 166
21 22 101 190
21 23 123 94
21 24 190 176
21 25 235 225
21 26 200 146
22 23 146 171
22 24 112 162
22 25 181 212
22 26 242 119
23 24 137 231
23 25 208 141
23 26 130 102
24 25 151 116
24 26 155 136
25 26 206 136
