30
0 1 30 30
0 2 0 970
0 3 973 989
0 4 973 972
0 5 989 977
0 6 970 981
0 7 991 978
0 8 993 971
0 9 986 986
0 10 982 972
0 11 988 986
0 12 975 977
0 13 986 991
0 14 984 989
0 15 998 976
0 16 990 997
0 17 998 979
0 18 972 978
0 19 983 982
0 20 978 989
0 21 974 977
0 22 985 972
0 23 991 996
0 24 977 982
0 25 976 974
0 26 971 977
0 27 970 979
0 28 981 998
0 29 987 993
1 2 970 0
1 3 992 984
1 4 996 997
1 5 987 997
1 6 973 971
1 7 993 972
1 8 997 994
1 9 982 999
1 10 996 996
1 11 987 972
1 12 990 974
1 13 985 988
1 14 998 994
1 15 973 982
1 16 979 987
1 17 979 972
1 18 992 977
1 19 995 980
1 20 971 981
1 21 970 999
1 22 996 988
1 23 982 986
1 24 974 976
1 25 982 976
1 26 994 993
1 27 975 990
1 28 982 996
1 29 975 990
2 3 981 995
2 4 993 992
2 5 980 999
2 6 970 974
2 7 998 998
2 8 977 983
2 9 986 989
2 10 985 983
2 11 991 998
2 12 986 994
2 13 972 985
2 14 970 981
2 15 989 989
2 16 983 995
2 17 998 975
2 18 991 993
2 19 999 988
2 20 976 986
2 21 989 974
2 22 982 982
2 23 972 987
2 24 971 994
2 25 982 999
2 26 997 970
2 27 988 996
2 28 977 997
2 29 976 976
3 4 175 49
3 5 99 61
3 6 92 144
3 7 30 124
3 8 86 62
3 9 137 62
3 10 49 173
3 11 59 127
3 12 86 153
3 13 77 139
3 14 71 57
3 15 59 67
3 16 38 122
3 17 96 74
3 18 67 172
3 19 166 45
3 20 31 160
3 21 102 88
3 22 163 132
3 23 70 138
3 24 161 72
3 25 151 169
3 26 151 49
3 27 76 66
3 28 60 64
3 29 146 36
4 5 70 165
4 6 59 81
4 7 142 130
4 8 170 125
4 9 178 33
4 10 32 155
4 11 52 146
4 12 131 41
4 13 91 115
4 14 167 90
4 15 98 93
4 16 171 52
4 17 31 144
4 18 48 168
4 19 67 36
4 20 91 138
4 21 176 122
4 22 155 80
4 23 51 146
4 24 54 122
4 25 56 34
4 26 148 105
4 27 159 57
4 28 135 173
4 29 89 89
5 6 85 133
5 7 122 72
5 8 35 113
5 9 61 121
5 10 164 82
5 11 149 50
5 12 56 36
5 13 104 130
5 14 174 45
5 15 84 38
5 16 166 33
5 17 92 56
5 18 146 109
5 19 54 147
5 20 151 70
5 21 52 54
5 22 86 31
5 23 104 73
5 24 152 67
5 25 60 57
5 26 143 31
5 27 116 59
5 28 64 161
5 29 172 152
6 7 46 159
6 8 43 60
6 9 131 86
6 10 149 118
6 11 119 33
6 12 47 87
6 13 59 38
6 14 108 137
6 15 40 65
6 16 139 41
6 17 42 37
6 18 108 136
6 19 43 105
6 20 153 98
6 21 71 31
6 22 177 32
6 23 121 104
6 24 44 159
6 25 93 41
6 26 133 159
6 27 177 142
6 28 150 173
6 29 107 36
7 8 125 100
7 9 73 154
7 10 173 139
7 11 165 170
7 12 50 142
7 13 100 175
7 14 74 153
7 15 121 104
7 16 66 125
7 17 72 119
7 18 164 160
7 19 61 35
7 20 130 160
7 21 117 112
7 22 64 146
7 23 105 42
7 24 133 53
7 25 151 108
7 26 121 57
7 27 136 72
7 28 131 118
7 29 97 178
8 9 79 111
8 10 144 170
8 11 44 105
8 12 122 155
8 13 141 169
8 14 69 141
8 15 147 124
8 16 137 160
8 17 156 178
8 18 88 119
8 19 118 82
8 20 86 78
8 21 140 171
8 22 36 87
8 23 73 143
8 24 178 118
8 25 108 160
8 26 32 98
8 27 55 145
8 28 75 47
8 29 67 131
9 10 98 137
9 11 48 177
9 12 32 53
9 13 66 109
9 14 133 170
9 15 92 67
9 16 157 175
9 17 170 108
9 18 75 48
9 19 32 82
9 20 89 117
9 21 173 93
9 22 120 98
9 23 160 143
9 24 97 36
9 25 49 149
9 26 65 36
9 27 59 98
9 28 172 163
9 29 121 163
10 11 162 102
10 12 50 32
10 13 77 63
10 14 175 38
10 15 95 59
10 16 140 80
10 17 122 53
10 18 42 78
10 19 84 80
10 20 71 119
10 21 86 106
10 22 164 164
10 23 133 149
10 24 70 65
10 25 110 131
10 26 47 33
10 27 130 108
10 28 157 109
10 29 159 177
11 12 136 99
11 13 163 160
11 14 72 95
11 15 127 37
11 16 143 103
11 17 49 143
11 18 101 59
11 19 32 46
11 20 155 145
11 21 44 101
11 22 74 105
11 23 70 143
11 24 178 136
11 25 67 72
11 26 85 46
11 27 94 39
11 28 70 41
11 29 61 144
12 13 36 134
12 14 156 101
12 15 150 94
12 16 69 76
12 17 93 55
12 18 151 135
12 19 164 51
12 20 42 117
12 21 36 155
12 22 39 65
12 23 150 76
12 24 111 49
12 25 89 176
12 26 38 157
12 27 123 92
12 28 137 162
12 29 95 44
13 14 70 38
13 15 146 175
13 16 87 53
13 17 141 69
13 18 68 132
13 19 136 53
13 20 174 77
13 21 147 129
13 22 83 54
13 23 105 37
13 24 123 60
13 25 121 165
13 26 60 47
13 27 91 97
13 28 108 174
13 29 117 85
14 15 72 32
14 16 107 176
14 17 169 42
14 18 161 96
14 19 117 35
14 20 50 164
14 21 55 82
14 22 87 145
14 23 91 63
14 24 71 153
14 25 82 107
14 26 118 158
14 27 129 150
14 28 106 126
14 29 97 87
15 16 166 134
15 17 156 56
15 18 64 174
15 19 114 89
15 20 92 113
15 21 89 153
15 22 106 170
15 23 47 109
15 24 115 87
15 25 173 83
15 26 84 133
15 27 116 167
15 28 147 105
15 29 56 149
16 17 68 93
16 18 85 87
16 19 58 172
16 20 41 114
16 21 154 52
16 22 120 179
16 23 33 132
16 24 116 178
16 25 122 68
16 26 94 167
16 27 171 53
16 28 159 123
16 29 142 168
17 18 34 177
17 19 47 83
17 20 91 108
17 21 52 169
17 22 107 63
17 23 51 147
17 24 163 170
17 25 171 123
17 26 149 56
17 27 141 146
17 28 81 164
17 29 41 66
18 19 148 143
18 20 136 59
18 21 162 85
18 22 112 43
18 23 120 36
18 24 158 165
18 25 77 58
18 26 101 114
18 27 151 147
18 28 82 132
18 29 94 93
19 20 136 99
19 21 121 158
19 22 37 131
19 23 34 58
19 24 140 36
19 25 86 166
19 26 33 127
19 27 96 137
19 28 152 85
19 29 156 85
20 21 168 46
20 22 172 105
20 23 90 107
20 24 67 76
20 25 101 156
20 26 128 73
20 27 66 54
20 28 179 160
20 29 40 144
21 22 137 158
21 23 115 62
21 24 44 127
21 25 175 40
21 26 93 120
21 27 60 150
21 28 106 99
21 29 140 163
22 23 148 77
22 24 70 62
22 25 101 169
22 26 96 70
22 27 161 176
22 28 120 82
22 29 94 134
23 24 113 94
23 25 54 177
23 26 36 113
23 27 45 97
23 28 167 149
23 29 95 122
24 25 46 175
24 26 129 112
24 27 58 67
24 28 164 61
24 29 65 68
25 26 165 47
25 27 121 33
25 28 173 132
25 29 138 53
26 27 145 39
26 28 100 113
26 29 91 119
27 28 80 79
27 29 159 70
28 29 80 70
