30
0 1 17 17
0 2 0 983
0 3 990 988
0 4 998 998
0 5 995 991
0 6 991 989
0 7 988 984
0 8 988 984
0 9 991 993
0 10 987 994
0 11 998 989
0 12 989 986
0 13 986 989
0 14 998 990
0 15 984 986
0 16 999 996
0 17 985 984
0 18 984 996
0 19 996 990
0 20 987 997
0 21 987 991
0 22 983 989
0 23 995 995
0 24 983 991
0 25 987 990
0 26 996 989
0 27 999 985
0 28 999 985
0 29 985 992
1 2 983 0
1 3 984 985
1 4 999 985
1 5 996 992
1 6 983 984
1 7 998 997
1 8 984 998
1 9 999 998
1 10 983 999
1 11 994 992
1 12 990 987
1 13 992 997
1 14 987 991
1 15 990 993
1 16 995 991
1 17 994 994
1 18 989 985
1 19 993 986
1 20 991 988
1 21 988 995
1 22 995 984
1 23 996 983
1 24 985 985
1 25 990 988
1 26 984 990
1 27 991 999
1 28 998 986
1 29 992 991
2 3 991 993
2 4 984 994
2 5 994 998
2 6 998 989
2 7 995 995
2 8 999 987
2 9 985 990
2 10 997 988
2 11 986 999
2 12 985 998
2 13 990 995
2 14 993 993
2 15 993 995
2 16 993 987
2 17 996 993
2 18 984 984
2 19 986 993
2 20 997 996
2 21 990 983
2 22 994 991
2 23 986 996
2 24 990 988
2 25 989 983
2 26 999 997
2 27 997 983
2 28 992 999
2 29 985 993
3 4 42 65
3 5 57 71
3 6 43 43
3 7 23 40
3 8 73 82
3 9 29 58
3 10 61 20
3 11 66 31
3 12 86 51
3 13 33 51
3 14 88 66
3 15 87 56
3 16 73 57
3 17 67 42
3 18 45 21
3 19 20 56
3 20 49 24
3 21 55 83
3 22 46 17
3 23 21 42
3 24 86 53
3 25 75 73
3 26 39 37
3 27 74 63
3 28 70 28
3 29 86 45
4 5 29 70
4 6 57 55
4 7 88 20
4 8 88 37
4 9 38 56
4 10 74 25
4 11 61 78
4 12 63 57
4 13 85 44
4 14 20 46
4 15 80 25
4 16 62 40
4 17 61 74
4 18 69 29
4 19 80 34
4 20 38 30
4 21 64 79
4 22 40 82
4 23 40 17
4 24 29 80
4 25 77 85
4 26 32 79
4 27 56 68
4 28 54 59
4 29 51 67
5 6 25 82
5 7 18 25
5 8 39 86
5 9 69 76
5 10 50 55
5 11 25 39
5 12 49 56
5 13 38 59
5 14 53 23
5 15 89 50
5 16 75 71
5 17 78 79
5 18 30 72
5 19 50 19
5 20 62 67
5 21 31 33
5 22 72 40
5 23 72 37
5 24 28 43
5 25 41 84
5 26 18 54
5 27 51 71
5 28 48 85
5 29 38 53
6 7 25 61
6 8 72 81
6 9 71 75
6 10 55 33
6 11 71 35
6 12 79 69
6 13 85 86
6 14 39 88
6 15 47 78
6 16 59 30
6 17 56 57
6 18 54 83
6 19 51 54
6 20 67 51
6 21 61 55
6 22 55 19
6 23 21 72
6 24 32 31
6 25 54 78
6 26 31 17
6 27 45 20
6 28 88 26
6 29 55 28
7 8 61 86
7 9 65 47
7 10 86 51
7 11 42 38
7 12 72 25
7 13 52 66
7 14 84 48
7 15 74 62
7 16 34 39
7 17 58 64
7 18 70 19
7 19 17 49
7 20 37 52
7 21 46 55
7 22 58 70
7 23 42 63
7 24 56 26
7 25 28 88
7 26 34 85
7 27 70 21
7 28 84 48
7 29 33 88
8 9 56 64
8 10 40 85
8 11 49 38
8 12 45 44
8 13 34 31
8 14 60 38
8 15 50 34
8 16 46 45
8 17 46 53
8 18 18 75
8 19 75 71
8 20 20 86
8 21 74 75
8 22 49 83
8 23 57 23
8 24 83 86
8 25 25 34
8 26 33 89
8 27 87 60
8 28 89 69
8 29 48 62
9 10 39 69
9 11 63 29
9 12 50 17
9 13 27 31
9 14 24 74
9 15 24 65
9 16 53 78
9 17 72 19
9 18 39 89
9 19 72 70
9 20 41 75
9 21 82 32
9 22 87 24
9 23 49 35
9 24 77 21
9 25 20 76
9 26 52 84
9 27 46 45
9 28 63 44
9 29 36 42
10 11 60 60
10 12 50 70
10 13 51 86
10 14 62 31
10 15 37 25
10 16 23 19
10 17 73 57
10 18 43 74
10 19 18 58
10 20 35 47
10 21 63 52
10 22 88 25
10 23 53 20
10 24 30 34
10 25 59 59
10 26 47 23
10 27 77 75
10 28 60 18
10 29 64 62
11 12 23 78
11 13 71 41
11 14 76 54
11 15 17 31
11 16 39 55
11 17 59 29
11 18 17 27
11 19 19 20
11 20 85 86
11 21 20 64
11 22 85 21
11 23 69 21
11 24 84 21
11 25 55 60
11 26 75 79
11 27 40 81
11 28 69 36
11 29 46 71
12 13 17 17
12 14 69 21
12 15 85 52
12 16 20 69
12 17 84 77
12 18 42 43
12 19 55 56
12 20 23 40
12 21 68 38
12 22 23 43
12 23 59 39
12 24 43 54
12 25 64 81
12 26 47 50
12 27 76 76
12 28 85 75
12 29 57 32
13 14 40 75
13 15 88 33
13 16 33 63
13 17 63 52
13 18 74 59
13 19 67 47
13 20 32 21
13 21 25 65
13 22 85 41
13 23 72 46
13 24 79 25
13 25 34 60
13 26 60 51
13 27 67 53
13 28 22 63
13 29 75 87
14 15 53 40
14 16 49 33
14 17 82 18
14 18 89 31
14 19 62 65
14 20 78 64
14 21 55 84
14 22 58 89
14 23 68 17
14 24 53 22
14 25 72 35
14 26 26 34
14 27 74 29
14 28 42 47
14 29 37 22
15 16 75 33
15 17 60 76
15 18 84 53
15 19 43 71
15 20 19 78
15 21 82 25
15 22 19 17
15 23 41 36
15 24 65 75
15 25 79 60
15 26 81 35
15 27 38 52
15 28 62 85
15 29 73 43
16 17 57 89
16 18 40 63
16 19 41 73
16 20 89 54
16 21 50 39
16 22 39 47
16 23 30 82
16 24 25 67
16 25 31 52
16 26 60 59
16 27 47 17
16 28 72 44
16 29 22 81
17 18 19 35
17 19 61 83
17 20 43 17
17 21 34 50
17 22 64 50
17 23 77 26
17 24 39 19
17 25 59 58
17 26 84 33
17 27 36 23
17 28 81 32
17 29 23 50
18 19 56 60
18 20 83 56
18 21 31 64
18 22 80 61
18 23 28 39
18 24 34 60
18 25 67 38
18 26 82 29
18 27 43 46
18 28 23 33
18 29 37 44
19 20 82 26
19 21 86 25
19 22 48 42
19 23 71 46
19 24 50 66
19 25 70 62
19 26 28 19
19 27 46 71
19 28 48 78
19 29 28 66
20 21 85 80
20 22 49 32
20 23 43 77
20 24 56 78
20 25 61 43
20 26 79 87
20 27 81 53
20 28 39 43
20 29 67 77
21 22 89 69
21 23 49 33
21 24 45 73
21 25 18 34
21 26 73 72
21 27 29 62
21 28 18 63
21 29 51 72
22 23 32 67
22 24 86 52
22 25 43 82
22 26 66 67
22 27 44 28
22 28 77 81
22 29 75 30
23 24 61 24
23 25 58 49
23 26 60 56
23 27 77 76
23 28 29 44
23 29 41 86
24 25 17 55
24 26 73 89
24 27 38 57
24 28 27 81
24 29 34 42
25 26 41 67
25 27 84 64
25 28 72 22
25 29 44 56
26 27 64 39
26 28 85 56
26 29 21 29
27 28 75 55
27 29 18 56
28 29 22 70
