33
0 1 22 22
0 2 0 978
0 3 984 978
0 4 985 980
0 5 983 993
0 6 994 999
0 7 989 997
0 8 980 997
0 9 981 994
0 10 992 999
0 11 979 984
0 12 988 979
0 13 991 981
0 14 993 996
0 15 979 983
0 16 995 980
0 17 982 988
0 18 998 989
0 19 985 999
0 20 999 990
0 21 993 987
0 22 998 982
0 23 991 991
0 24 990 990
0 25 982 992
0 26 980 991
0 27 994 983
0 28 993 979
0 29 995 985
0 30 990 995
0 31 986 981
0 32 979 990
1 2 978 0
1 3 999 992
1 4 980 981
1 5 982 989
1 6 992 979
1 7 989 996
1 8 994 987
1 9 982 989
1 10 986 994
1 11 980 986
1 12 985 994
1 13 979 998
1 14 986 998
1 15 995 982
1 16 998 992
1 17 991 981
1 18 993 993
1 19 989 993
1 20 991 982
1 21 987 982
1 22 999 997
1 23 980 989
1 24 978 988
1 25 990 994
1 26 998 989
1 27 984 984
1 28 989 999
1 29 994 987
1 30 986 981
1 31 988 978
1 32 991 979
2 3 985 983
2 4 998 995
2 5 980 980
2 6 980 989
2 7 994 988
2 8 983 998
2 9 984 985
2 10 998 996
2 11 980 999
2 12 988 991
2 13 994 982
2 14 992 978
2 15 998 986
2 16 994 983
2 17 990 992
2 18 988 992
2 19 993 989
2 20 988 994
2 21 994 979
2 22 991 987
2 23 998 989
2 24 978 991
2 25 999 980
2 26 994 996
2 27 987 988
2 28 995 994
2 29 983 987
2 30 991 984
2 31 986 988
2 32 994 996
3 4 36 26
3 5 54 37
3 6 52 57
3 7 61 54
3 8 71 34
3 9 27 56
3 10 30 50
3 11 70 43
3 12 84 69
3 13 45 57
3 14 36 65
3 15 51 83
3 16 22 42
3 17 55 39
3 18 62 71
3 19 85 78
3 20 57 31
3 21 67 39
3 22 68 44
3 23 49 22
3 24 43 84
3 25 49 47
3 26 56 37
3 27 25 83
3 28 53 54
3 29 58 67
3 30 56 40
3 31 47 67
3 32 43 86
4 5 22 46
4 6 72 58
4 7 57 85
4 8 66 30
4 9 83 54
4 10 69 61
4 11 66 56
4 12 41 62
4 13 41 46
4 14 40 41
4 15 22 23
4 16 48 49
4 17 32 33
4 18 40 46
4 19 26 61
4 20 30 60
4 21 32 38
4 22 46 85
4 23 75 72
4 24 36 35
4 25 31 89
4 26 62 82
4 27 62 44
4 28 54 79
4 29 36 47
4 30 42 22
4 31 37 73
4 32 78 64
5 6 73 31
5 7 25 47
5 8 22 44
5 9 75 45
5 10 28 88
5 11 40 40
5 12 80 52
5 13 49 69
5 14 51 52
5 15 83 50
5 16 54 49
5 17 25 61
5 18 51 37
5 19 44 46
5 20 67 33
5 21 79 55
5 22 44 33
5 23 48 57
5 24 86 28
5 25 56 46
5 26 57 36
5 27 62 89
5 28 62 37
5 29 80 79
5 30 89 56
5 31 85 40
5 32 75 61
6 7 36 59
6 8 75 69
6 9 22 31
6 10 84 69
6 11 28 72
6 12 49 74
6 13 37 58
6 14 61 81
6 15 50 24
6 16 77 31
6 17 69 66
6 18 22 41
6 19 83 47
6 20 73 75
6 21 25 39
6 22 58 22
6 23 81 52
6 24 83 25
6 25 33 50
6 26 63 83
6 27 48 73
6 28 44 40
6 29 28 62
6 30 68 59
6 31 69 36
6 32 34 66
7 8 80 57
7 9 50 49
7 10 22 65
7 11 63 77
7 12 87 75
7 13 39 48
7 14 68 85
7 15 82 51
7 16 34 31
7 17 89 89
7 18 69 87
7 19 31 53
7 20 88 39
7 21 82 54
7 22 69 26
7 23 68 61
7 24 45 35
7 25 84 27
7 26 32 86
7 27 77 77
7 28 53 70
7 29 68 31
7 30 38 63
7 31 30 63
7 32 37 64
8 9 45 27
8 10 51 88
8 11 73 39
8 12 83 58
8 13 25 27
8 14 40 84
8 15 61 55
8 16 66 84
8 17 35 74
8 18 34 80
8 19 24 81
8 20 27 84
8 21 41 51
8 22 38 43
8 23 67 87
8 24 43 61
8 25 38 83
8 26 82 64
8 27 49 32
8 28 47 79
8 29 28 63
8 30 81 88
8 31 37 88
8 32 27 40
9 10 57 70
9 11 37 62
9 12 36 86
9 13 71 38
9 14 37 88
9 15 47 36
9 16 84 35
9 17 86 68
9 18 48 48
9 19 65 41
9 20 77 23
9 21 73 45
9 22 61 42
9 23 82 72
9 24 85 84
9 25 27 23
9 26 57 42
9 27 77 71
9 28 75 65
9 29 79 57
9 30 67 28
9 31 75 72
9 32 47 28
10 11 61 62
10 12 49 74
10 13 84 82
10 14 45 77
10 15 66 69
10 16 49 76
10 17 66 59
10 18 79 32
10 19 53 29
10 20 71 36
10 21 67 40
10 22 55 69
10 23 29 60
10 24 72 25
10 25 38 22
10 26 73 47
10 27 86 57
10 28 36 59
10 29 66 86
10 30 30 86
10 31 71 45
10 32 47 46
11 12 55 45
11 13 55 74
11 14 71 49
11 15 75 87
11 16 80 51
11 17 87 30
11 18 80 42
11 19 78 58
11 20 43 62
11 21 37 29
11 22 62 25
11 23 37 77
11 24 59 48
11 25 62 83
11 26 85 34
11 27 42 66
11 28 64 79
11 29 54 75
11 30 86 33
11 31 40 52
11 32 75 54
12 13 73 39
12 14 58 30
12 15 31 29
12 16 37 77
12 17 26 51
12 18 25 51
12 19 72 86
12 20 40 65
12 21 29 46
12 22 58 51
12 23 43 74
12 24 44 54
12 25 40 62
12 26 22 40
12 27 42 89
12 28 40 58
12 29 80 50
12 30 24 52
12 31 77 68
12 32 73 79
13 14 78 29
13 15 79 57
13 16 72 22
13 17 51 65
13 18 77 70
13 19 78 68
13 20 68 41
13 21 47 41
13 22 54 29
13 23 87 79
13 24 40 85
13 25 45 52
13 26 56 24
13 27 52 87
13 28 35 86
13 29 48 22
13 30 30 46
13 31 45 66
13 32 50 47
14 15 42 43
14 16 83 45
14 17 27 87
14 18 88 85
14 19 87 42
14 20 52 64
14 21 54 44
14 22 26 84
14 23 77 41
14 24 33 54
14 25 23 73
14 26 33 33
14 27 80 42
14 28 65 68
14 29 39 81
14 30 26 46
14 31 88 29
14 32 73 48
15 16 86 51
15 17 55 32
15 18 26 40
15 19 39 44
15 20 26 71
15 21 39 83
15 22 35 81
15 23 82 79
15 24 46 79
15 25 49 53
15 26 67 34
15 27 32 58
15 28 74 52
15 29 31 66
15 30 49 78
15 31 63 45
15 32 70 76
16 17 66 74
16 18 53 79
16 19 68 50
16 20 86 89
16 21 67 65
16 22 27 76
16 23 27 34
16 24 58 42
16 25 58 36
16 26 53 72
16 27 36 71
16 28 35 76
16 29 86 44
16 30 46 59
16 31 46 48
16 32 87 67
17 18 35 38
17 19 45 43
17 20 54 80
17 21 30 28
17 22 48 51
17 23 50 89
17 24 67 37
17 25 39 55
17 26 44 47
17 27 44 56
17 28 44 38
17 29 73 60
17 30 25 87
17 31 51 33
17 32 39 73
18 19 24 77
18 20 46 56
18 21 75 86
18 22 28 53
18 23 30 31
18 24 61 45
18 25 31 27
18 26 34 81
18 27 73 85
18 28 34 29
18 29 71 42
18 30 47 30
18 31 52 79
18 32 64 39
19 20 71 33
19 21 78 39
19 22 83 52
19 23 51 35
19 24 44 47
19 25 30 42
19 26 62 57
19 27 54 35
19 28 71 64
19 29 44 77
19 30 39 62
19 31 51 73
19 32 39 73
20 21 67 72
20 22 79 74
20 23 71 28
20 24 62 87
20 25 47 39
20 26 65 76
20 27 33 65
20 28 49 22
20 29 73 67
20 30 35 38
20 31 87 30
20 32 46 85
21 22 51 36
21 23 63 26
21 24 66 59
21 25 89 50
21 26 36 60
21 27 85 58
21 28 49 47
21 29 55 43
21 30 89 58
21 31 78 28
21 32 50 86
22 23 39 84
22 24 52 86
22 25 38 63
22 26 30 77
22 27 66 86
22 28 72 66
22 29 22 84
22 30 47 24
22 31 35 89
22 32 86 66
23 24 33 80
23 25 61 26
23 26 71 32
23 27 45 23
23 28 56 50
23 29 86 33
23 30 86 37
23 31 22 63
23 32 30 72
24 25 46 23
24 26 32 89
24 27 37 44
24 28 86 76
24 29 54 73
24 30 62 32
24 31 45 57
24 32 84 32
25 26 41 83
25 27 25 42
25 28 64 63
25 29 62 88
25 30 80 69
25 31 26 84
25 32 81 72
26 27 29 68
26 28 79 65
26 29 59 36
26 30 86 62
26 31 73 81
26 32 31 52
27 28 62 73
27 29 65 42
27 30 63 87
27 31 58 25
27 32 71 82
28 29 71 40
28 30 23 68
28 31 87 79
28 32 50 38
29 30 83 84
29 31 56 56
29 32 67 24
30 31 87 52
30 32 30 22
31 32 46 42
