33
0 1 40 40
0 2 0 960
0 3 990 998
0 4 988 963
0 5 965 982
0 6 987 994
0 7 986 989
0 8 994 971
0 9 970 989
0 10 990 961
0 11 960 989
0 12 980 999
0 13 993 991
0 14 966 985
0 15 960 981
0 16 967 987
0 17 985 996
0 18 975 974
0 19 993 994
0 20 980 996
0 21 988 963
0 22 998 973
0 23 999 983
0 24 996 997
0 25 996 960
0 26 971 990
0 27 968 979
0 28 999 996
0 29 987 968
0 30 982 993
0 31 969 967
0 32 972 983
1 2 960 0
1 3 998 960
1 4 991 967
1 5 998 978
1 6 988 976
1 7 974 991
1 8 999 980
1 9 967 972
1 10 970 969
1 11 988 997
1 12 993 996
1 13 978 989
1 14 994 960
1 15 965 973
1 16 976 992
1 17 960 982
1 18 962 962
1 19 992 992
1 20 989 995
1 21 994 964
1 22 990 970
1 23 991 993
1 24 999 973
1 25 992 998
1 26 974 976
1 27 994 960
1 28 994 966
1 29 970 993
1 30 997 968
1 31 969 994
1 32 997 974
2 3 996 996
2 4 962 980
2 5 963 982
2 6 966 965
2 7 968 976
2 8 984 962
2 9 961 977
2 10 978 986
2 11 963 989
2 12 999 977
2 13 964 970
2 14 964 974
2 15 987 971
2 16 979 992
2 17 964 992
2 18 964 962
2 19 991 961
2 20 981 964
2 21 985 978
2 22 966 980
2 23 971 984
2 24 991 996
2 25 990 960
2 26 983 985
2 27 984 964
2 28 995 962
2 29 991 978
2 30 974 968
2 31 976 984
2 32 993 963
3 4 209 97
3 5 83 45
3 6 162 216
3 7 223 153
3 8 149 335
3 9 145 156
3 10 293 98
3 11 70 170
3 12 153 60
3 13 324 244
3 14 233 224
3 15 323 222
3 16 322 253
3 17 160 276
3 18 92 199
3 19 165 168
3 20 254 49
3 21 326 168
3 22 141 86
3 23 328 163
3 24 245 264
3 25 331 147
3 26 168 182
3 27 105 71
3 28 158 83
3 29 116 239
3 30 335 66
3 31 227 308
3 32 344 214
4 5 44 47
4 6 237 273
4 7 66 325
4 8 157 252
4 9 259 159
4 10 61 189
4 11 309 258
4 12 298 75
4 13 168 239
4 14 222 320
4 15 120 312
4 16 347 220
4 17 62 260
4 18 187 180
4 19 317 144
4 20 220 40
4 21 315 176
4 22 165 333
4 23 177 146
4 24 211 246
4 25 108 194
4 26 135 328
4 27 251 138
4 28 243 119
4 29 166 277
4 30 53 292
4 31 327 318
4 32 290 245
5 6 322 103
5 7 129 212
5 8 157 61
5 9 177 304
5 10 131 176
5 11 282 346
5 12 158 293
5 13 111 195
5 14 306 75
5 15 262 91
5 16 61 231
5 17 40 340
5 18 96 296
5 19 86 239
5 20 286 302
5 21 234 292
5 22 249 309
5 23 136 129
5 24 191 322
5 25 152 103
5 26 115 278
5 27 43 114
5 28 186 297
5 29 298 189
5 30 94 161
5 31 219 188
5 32 107 138
6 7 219 309
6 8 329 260
6 9 179 324
6 10 54 269
6 11 63 312
6 12 209 197
6 13 188 119
6 14 343 218
6 15 199 238
6 16 126 146
6 17 70 247
6 18 285 293
6 19 234 310
6 20 264 185
6 21 160 142
6 22 194 240
6 23 135 230
6 24 240 101
6 25 184 91
6 26 344 49
6 27 304 308
6 28 238 186
6 29 70 238
6 30 240 266
6 31 62 127
6 32 164 341
7 8 271 171
7 9 167 163
7 10 319 103
7 11 245 211
7 12 330 213
7 13 89 171
7 14 303 60
7 15 197 189
7 16 63 113
7 17 122 148
7 18 316 263
7 19 320 344
7 20 73 325
7 21 66 163
7 22 267 301
7 23 105 119
7 24 341 271
7 25 89 91
7 26 189 238
7 27 207 147
7 28 176 344
7 29 55 127
7 30 153 63
7 31 63 106
7 32 235 115
8 9 209 130
8 10 84 130
8 11 198 85
8 12 221 129
8 13 260 207
8 14 42 263
8 15 97 72
8 16 138 309
8 17 76 53
8 18 344 346
8 19 343 206
8 20 330 70
8 21 305 230
8 22 122 65
8 23 58 290
8 24 103 91
8 25 108 220
8 26 121 318
8 27 104 72
8 28 74 105
8 29 97 129
8 30 70 142
8 31 159 249
8 32 216 234
9 10 214 222
9 11 92 141
9 12 171 239
9 13 136 332
9 14 187 125
9 15 82 261
9 16 222 117
9 17 159 166
9 18 338 326
9 19 327 166
9 20 164 48
9 21 145 158
9 22 245 59
9 23 142 173
9 24 231 211
9 25 85 273
9 26 148 285
9 27 42 199
9 28 245 111
9 29 255 193
9 30 58 162
9 31 290 342
9 32 289 122
10 11 349 313
10 12 240 174
10 13 244 297
10 14 179 290
10 15 349 75
10 16 268 63
10 17 207 261
10 18 224 252
10 19 211 233
10 20 145 250
10 21 319 253
10 22 248 312
10 23 91 97
10 24 50 127
10 25 102 119
10 26 145 309
10 27 86 330
10 28 338 154
10 29 158 301
10 30 66 227
10 31 212 264
10 32 295 90
11 12 57 82
11 13 212 94
11 14 96 166
11 15 54 118
11 16 327 176
11 17 330 247
11 18 332 303
11 19 112 83
11 20 140 58
11 21 167 185
11 22 156 134
11 23 224 171
11 24 133 324
11 25 197 189
11 26 227 262
11 27 300 327
11 28 229 167
11 29 237 142
11 30 309 311
11 31 40 345
11 32 152 278
12 13 180 94
12 14 151 87
12 15 75 341
12 16 142 183
12 17 329 191
12 18 181 94
12 19 70 258
12 20 40 42
12 21 274 260
12 22 305 337
12 23 159 349
12 24 88 87
12 25 134 320
12 26 157 117
12 27 144 78
12 28 203 98
12 29 307 79
12 30 231 333
12 31 257 98
12 32 327 326
13 14 322 173
13 15 308 141
13 16 72 298
13 17 333 121
13 18 51 92
13 19 219 162
13 20 272 244
13 21 244 67
13 22 256 48
13 23 101 132
13 24 141 251
13 25 245 106
13 26 328 194
13 27 49 55
13 28 218 66
13 29 302 247
13 30 336 163
13 31 88 312
13 32 126 260
14 15 64 122
14 16 222 271
14 17 154 248
14 18 249 128
14 19 245 225
14 20 159 332
14 21 49 289
14 22 156 169
14 23 142 282
14 24 80 153
14 25 321 43
14 26 319 191
14 27 94 312
14 28 154 126
14 29 263 118
14 30 115 124
14 31 316 221
14 32 54 334
15 16 84 167
15 17 307 133
15 18 313 178
15 19 152 235
15 20 340 181
15 21 226 269
15 22 240 151
15 23 312 216
15 24 224 195
15 25 150 307
15 26 243 321
15 27 134 210
15 28 201 44
15 29 257 332
15 30 109 72
15 31 160 45
15 32 174 314
16 17 241 334
16 18 273 307
16 19 97 54
16 20 86 48
16 21 270 175
16 22 184 330
16 23 200 166
16 24 218 115
16 25 217 45
16 26 222 260
16 27 61 183
16 28 331 208
16 29 98 220
16 30 258 141
16 31 53 237
16 32 123 53
17 18 217 168
17 19 165 46
17 20 144 84
17 21 92 181
17 22 265 287
17 23 151 316
17 24 336 131
17 25 238 64
17 26 321 258
17 27 274 281
17 28 56 289
17 29 82 328
17 30 259 291
17 31 204 146
17 32 157 347
18 19 218 220
18 20 197 346
18 21 117 40
18 22 191 234
18 23 190 115
18 24 177 54
18 25 225 197
18 26 172 309
18 27 108 325
18 28 80 44
18 29 216 222
18 30 146 162
18 31 148 306
18 32 301 347
19 20 138 311
19 21 61 238
19 22 254 155
19 23 157 153
19 24 223 137
19 25 154 139
19 26 168 297
19 27 260 176
19 28 237 110
19 29 314 274
19 30 275 80
19 31 337 323
19 32 125 68
20 21 59 203
20 22 40 135
20 23 259 161
20 24 58 195
20 25 51 92
20 26 232 139
20 27 299 119
20 28 245 195
20 29 150 46
20 30 247 256
20 31 315 75
20 32 219 116
21 22 262 247
21 23 108 123
21 24 198 214
21 25 242 75
21 26 108 80
21 27 298 226
21 28 200 288
21 29 165 84
21 30 61 212
21 31 209 234
21 32 155 319
22 23 158 209
22 24 84 105
22 25 260 210
22 26 349 349
22 27 233 67
22 28 85 158
22 29 154 129
22 30 98 260
22 31 187 315
22 32 242 251
23 24 90 324
23 25 145 90
23 26 219 91
23 27 175 322
23 28 324 94
23 29 270 163
23 30 199 122
23 31 321 56
23 32 84 166
24 25 224 233
24 26 264 160
24 27 78 261
24 28 82 116
24 29 236 307
24 30 222 62
24 31 43 90
24 32 170 224
25 26 59 330
25 27 43 199
25 28 95 322
25 29 58 66
25 30 317 226
25 31 50 308
25 32 337 165
26 27 232 76
26 28 76 66
26 29 214 184
26 30 215 177
26 31 226 100
26 32 86 296
27 28 238 219
27 29 53 182
27 30 201 319
27 31 197 178
27 32 283 117
28 29 288 216
28 30 123 245
28 31 296 159
28 32 141 184
29 30 239 114
29 31 89 201
29 32 99 51
30 31 278 58
30 32 286 138
31 32 94 323
