33
0 1 30 30
0 2 0 970
0 3 997 993
0 4 993 975
0 5 999 984
0 6 996 992
0 7 995 972
0 8 982 994
0 9 980 995
0 10 974 975
0 11 999 993
0 12 979 971
0 13 992 991
0 14 971 998
0 15 997 981
0 16 988 986
0 17 992 975
0 18 991 999
0 19 974 991
0 20 979 971
0 21 990 982
0 22 995 973
0 23 986 981
0 24 994 988
0 25 993 996
0 26 987 975
0 27 991 971
0 28 975 986
0 29 993 989
0 30 999 994
0 31 975 971
0 32 993 973
1 2 970 0
1 3 982 999
1 4 975 983
1 5 988 983
1 6 988 983
1 7 995 971
1 8 995 994
1 9 990 975
1 10 988 981
1 11 988 985
1 12 997 996
1 13 999 988
1 14 988 976
1 15 997 977
1 16 982 987
1 17 977 993
1 18 980 986
1 19 995 995
1 20 983 990
1 21 988 979
1 22 993 981
1 23 973 984
1 24 975 997
1 25 975 995
1 26 973 982
1 27 985 991
1 28 990 983
1 29 996 990
1 30 993 975
1 31 981 992
1 32 972 986
2 3 990 980
2 4 998 989
2 5 996 978
2 6 983 979
2 7 978 996
2 8 975 983
2 9 974 976
2 10 993 995
2 11 990 998
2 12 995 986
2 13 998 991
2 14 988 988
2 15 987 992
2 16 976 974
2 17 999 989
2 18 977 973
2 19 979 999
2 20 987 976
2 21 976 997
2 22 988 990
2 23 989 972
2 24 987 986
2 25 983 993
2 26 976 984
2 27 985 993
2 28 996 980
2 29 974 972
2 30 980 989
2 31 971 997
2 32 999 972
3 4 65 103
3 5 124 96
3 6 63 112
3 7 126 53
3 8 133 139
3 9 94 47
3 10 101 46
3 11 75 123
3 12 42 59
3 13 118 138
3 14 127 136
3 15 83 132
3 16 34 126
3 17 52 127
3 18 82 67
3 19 46 70
3 20 70 61
3 21 48 139
3 22 46 93
3 23 42 60
3 24 78 106
3 25 47 102
3 26 122 38
3 27 87 38
3 28 87 137
3 29 34 133
3 30 40 130
3 31 103 125
3 32 114 139
4 5 109 34
4 6 119 127
4 7 88 58
4 8 73 57
4 9 90 39
4 10 105 101
4 11 101 68
4 12 55 58
4 13 77 117
4 14 104 70
4 15 42 123
4 16 138 65
4 17 103 106
4 18 96 55
4 19 74 86
4 20 58 70
4 21 59 83
4 22 73 35
4 23 35 69
4 24 137 63
4 25 55 57
4 26 64 85
4 27 114 122
4 28 106 75
4 29 100 125
4 30 132 90
4 31 83 124
4 32 53 33
5 6 135 59
5 7 48 87
5 8 46 139
5 9 95 107
5 10 71 130
5 11 101 112
5 12 41 119
5 13 84 31
5 14 93 65
5 15 73 77
5 16 45 133
5 17 35 69
5 18 41 134
5 19 30 82
5 20 130 138
5 21 42 63
5 22 56 45
5 23 116 57
5 24 31 106
5 25 51 97
5 26 32 100
5 27 36 67
5 28 120 64
5 29 60 130
5 30 118 121
5 31 32 138
5 32 132 136
6 7 135 79
6 8 92 87
6 9 43 61
6 10 58 112
6 11 40 42
6 12 103 70
6 13 78 49
6 14 38 120
6 15 118 135
6 16 64 78
6 17 122 55
6 18 107 56
6 19 126 102
6 20 75 95
6 21 34 120
6 22 44 30
6 23 48 128
6 24 136 85
6 25 92 104
6 26 70 31
6 27 85 130
6 28 107 86
6 29 129 105
6 30 82 36
6 31 43 123
6 32 39 70
7 8 85 43
7 9 39 52
7 10 125 80
7 11 136 94
7 12 112 57
7 13 123 54
7 14 112 84
7 15 86 87
7 16 133 70
7 17 59 50
7 18 111 33
7 19 129 102
7 20 121 66
7 21 95 93
7 22 78 57
7 23 84 129
7 24 93 120
7 25 48 40
7 26 127 129
7 27 121 65
7 28 57 46
7 29 95 43
7 30 131 45
7 31 43 98
7 32 128 139
8 9 98 68
8 10 111 67
8 11 42 129
8 12 51 81
8 13 110 137
8 14 130 138
8 15 94 71
8 16 100 66
8 17 139 55
8 18 35 31
8 19 108 74
8 20 60 34
8 21 39 65
8 22 114 53
8 23 32 39
8 24 35 80
8 25 83 32
8 26 65 112
8 27 43 117
8 28 122 79
8 29 58 34
8 30 94 87
8 31 55 42
8 32 56 52
9 10 82 136
9 11 81 52
9 12 36 104
9 13 49 37
9 14 92 137
9 15 67 124
9 16 57 33
9 17 61 54
9 18 98 94
9 19 88 62
9 20 127 79
9 21 92 67
9 22 71 31
9 23 112 106
9 24 69 49
9 25 74 87
9 26 40 135
9 27 69 77
9 28 129 131
9 29 68 52
9 30 43 94
9 31 119 88
9 32 68 98
10 11 89 34
10 12 78 136
10 13 89 96
10 14 121 72
10 15 96 63
10 16 64 98
10 17 119 113
10 18 94 36
10 19 100 61
10 20 55 118
10 21 123 45
10 22 74 118
10 23 100 103
10 24 135 58
10 25 49 47
10 26 135 118
10 27 111 32
10 28 31 62
10 29 70 115
10 30 126 33
10 31 129 75
10 32 32 39
11 12 53 91
11 13 83 32
11 14 118 101
11 15 125 43
11 16 115 56
11 17 98 130
11 18 76 93
11 19 85 107
11 20 136 87
11 21 33 73
11 22 55 60
11 23 103 31
11 24 32 53
11 25 111 63
11 26 74 78
11 27 116 112
11 28 53 33
11 29 61 42
11 30 47 117
11 31 99 30
11 32 110 133
12 13 105 64
12 14 130 54
12 15 126 59
12 16 119 111
12 17 67 96
12 18 55 108
12 19 31 35
12 20 104 131
12 21 137 81
12 22 71 34
12 23 113 101
12 24 63 108
12 25 111 50
12 26 69 62
12 27 47 58
12 28 87 81
12 29 138 77
12 30 76 126
12 31 138 61
12 32 129 54
13 14 65 116
13 15 37 46
13 16 130 92
13 17 97 117
13 18 85 127
13 19 58 39
13 20 104 116
13 21 128 48
13 22 109 96
13 23 68 119
13 24 60 57
13 25 75 63
13 26 81 112
13 27 114 116
13 28 49 134
13 29 53 134
13 30 137 87
13 31 69 82
13 32 58 124
14 15 61 40
14 16 108 117
14 17 92 112
14 18 56 77
14 19 91 83
14 20 41 77
14 21 95 109
14 22 32 100
14 23 73 117
14 24 70 82
14 25 52 139
14 26 131 86
14 27 130 139
14 28 105 65
14 29 66 89
14 30 39 132
14 31 68 114
14 32 56 32
15 16 116 36
15 17 75 67
15 18 33 74
15 19 31 31
15 20 138 57
15 21 47 135
15 22 94 112
15 23 62 83
15 24 80 45
15 25 63 116
15 26 97 110
15 27 69 106
15 28 42 34
15 29 41 49
15 30 81 75
15 31 103 35
15 32 40 74
16 17 54 59
16 18 102 124
16 19 90 91
16 20 105 88
16 21 91 31
16 22 56 79
16 23 100 112
16 24 75 76
16 25 118 96
16 26 123 61
16 27 54 71
16 28 33 59
16 29 51 81
16 30 139 130
16 31 50 31
16 32 111 83
17 18 34 62
17 19 125 80
17 20 139 53
17 21 68 47
17 22 34 120
17 23 138 131
17 24 133 138
17 25 100 118
17 26 115 98
17 27 96 100
17 28 101 61
17 29 86 118
17 30 39 77
17 31 40 67
17 32 82 97
18 19 50 63
18 20 126 83
18 21 81 93
18 22 135 123
18 23 40 139
18 24 127 96
18 25 83 67
18 26 74 82
18 27 137 91
18 28 48 69
18 29 37 107
18 30 77 97
18 31 63 41
18 32 106 68
19 20 101 31
19 21 78 35
19 22 68 69
19 23 32 120
19 24 88 65
19 25 49 44
19 26 77 78
19 27 63 125
19 28 51 115
19 29 88 85
19 30 83 72
19 31 139 116
19 32 37 110
20 21 94 81
20 22 66 113
20 23 48 53
20 24 62 80
20 25 97 33
20 26 126 109
20 27 99 81
20 28 32 137
20 29 66 56
20 30 76 88
20 31 41 107
20 32 67 108
21 22 108 109
21 23 123 43
21 24 117 100
21 25 31 99
21 26 57 118
21 27 100 56
21 28 67 51
21 29 61 110
21 30 133 120
21 31 113 118
21 32 61 131
22 23 91 78
22 24 69 43
22 25 38 53
22 26 35 112
22 27 85 110
22 28 108 70
22 29 73 86
22 30 107 87
22 31 93 136
22 32 101 38
23 24 101 112
23 25 121 69
23 26 39 125
23 27 68 65
23 28 71 85
23 29 107 118
23 30 108 100
23 31 94 95
23 32 130 92
24 25 107 130
24 26 136 54
24 27 72 121
24 28 120 50
24 29 111 78
24 30 97 55
24 31 124 66
24 32 66 60
25 26 74 70
25 27 110 101
25 28 96 54
25 29 66 97
25 30 130 120
25 31 134 75
25 32 49 89
26 27 97 95
26 28 81 125
26 29 87 68
26 30 30 75
26 31 102 128
26 32 90 39
27 28 80 127
27 29 43 109
27 30 105 87
27 31 71 74
27 32 46 71
28 29 30 67
28 30 65 43
28 31 50 124
28 32 38 125
29 30 86 55
29 31 63 99
29 32 103 84
30 31 46 49
30 32 80 108
31 32 88 131
