38
0 1 8 8
0 2 0 992
0 3 994 995
0 4 999 999
0 5 995 997
0 6 992 993
0 7 999 996
0 8 993 997
0 9 992 993
0 10 992 994
0 11 999 998
0 12 995 998
0 13 996 993
0 14 994 997
0 15 998 992
0 16 996 996
0 17 993 992
0 18 994 999
0 19 998 992
0 20 999 992
0 21 992 997
0 22 994 993
0 23 994 994
0 24 995 999
0 25 996 998
0 26 998 992
0 27 999 999
0 28 995 993
0 29 996 996
0 30 999 997
0 31 994 993
0 32 996 992
0 33 995 995
0 34 995 993
0 35 998 995
0 36 996 995
0 37 996 994
1 2 992 0
1 3 992 993
1 4 994 992
1 5 994 998
1 6 994 999
1 7 996 998
1 8 994 994
1 9 993 995
1 10 997 999
1 11 999 992
1 12 995 992
1 13 995 995
1 14 994 995
1 15 998 996
1 16 992 995
1 17 993 994
1 18 995 994
1 19 999 998
1 20 992 993
1 21 995 994
1 22 992 998
1 23 997 995
1 24 992 996
1 25 998 998
1 26 997 993
1 27 998 993
1 28 992 999
1 29 993 996
1 30 992 996
1 31 994 994
1 32 993 995
1 33 996 1000
1 34 998 999
1 35 999 992
1 36 996 997
1 37 993 993
2 3 999 998
2 4 999 996
2 5 992 996
2 6 992 996
2 7 995 997
2 8 998 995
2 9 999 997
2 10 993 996
2 11 992 999
2 12 993 997
2 13 997 998
2 14 992 994
2 15 992 996
2 16 996 998
2 17 997 993
2 18 999 999
2 19 998 996
2 20 994 993
2 21 994 992
2 22 999 995
2 23 993 996
2 24 997 998
2 25 993 998
2 26 995 994
2 27 999 997
2 28 997 998
2 29 999 995
2 30 996 992
2 31 999 999
2 32 996 993
2 33 994 997
2 34 994 995
2 35 997 999
2 36 996 995
2 37 996 999
3 4 24 20
3 5 56 27
3 6 25 118
3 7 176 138
3 8 94 25
3 9 50 27
3 10 69 21
3 11 179 38
3 12 99 60
3 13 132 166
3 14 16 167
3 15 81 45
3 16 93 81
3 17 101 52
3 18 67 130
3 19 143 23
3 20 32 44
3 21 145 126
3 22 8 67
3 23 88 28
3 24 134 163
3 25 91 84
3 26 24 116
3 27 12 155
3 28 114 91
3 29 96 174
3 30 134 130
3 31 54 108
3 32 144 161
3 33 95 56
3 34 138 130
3 35 106 171
3 36 76 127
3 37 78 113
4 5 60 28
4 6 160 173
4 7 91 175
4 8 160 67
4 9 56 141
4 10 83 71
4 11 113 49
4 12 96 101
4 13 97 40
4 14 167 111
4 15 115 93
4 16 12 105
4 17 31 36
4 18 81 141
4 19 149 174
4 20 72 148
4 21 75 98
4 22 100 69
4 23 160 30
4 24 59 141
4 25 17 81
4 26 158 61
4 27 134 84
4 28 41 174
4 29 34 27
4 30 68 86
4 31 157 162
4 32 142 175
4 33 60 162
4 34 91 109
4 35 151 153
4 36 81 151
4 37 58 169
5 6 112 129
5 7 170 14
5 8 127 40
5 9 156 10
5 10 120 123
5 11 96 113
5 12 32 29
5 13 35 59
5 14 52 124
5 15 157 149
5 16 25 141
5 17 145 163
5 18 26 126
5 19 95 157
5 20 92 57
5 21 44 172
5 22 159 149
5 23 46 178
5 24 97 98
5 25 93 104
5 26 146 60
5 27 69 173
5 28 175 108
5 29 126 66
5 30 81 141
5 31 59 145
5 32 146 91
5 33 67 47
5 34 108 153
5 35 124 42
5 36 78 34
5 37 89 13
6 7 62 42
6 8 161 161
6 9 59 12
6 10 13 144
6 11 53 157
6 12 79 47
6 13 126 142
6 14 88 161
6 15 179 19
6 16 152 130
6 17 165 9
6 18 64 110
6 19 76 132
6 20 8 108
6 21 136 57
6 22 48 72
6 23 84 144
6 24 99 77
6 25 170 85
6 26 103 61
6 27 18 101
6 28 166 163
6 29 116 18
6 30 17 133
6 31 72 13
6 32 143 127
6 33 46 163
6 34 158 57
6 35 15 141
6 36 104 175
6 37 70 80
7 8 91 85
7 9 110 140
7 10 170 131
7 11 108 72
7 12 97 63
7 13 127 46
7 14 164 116
7 15 66 114
7 16 91 142
7 17 110 173
7 18 122 179
7 19 149 146
7 20 48 167
7 21 109 95
7 22 113 170
7 23 21 13
7 24 114 46
7 25 145 84
7 26 42 117
7 27 88 28
7 28 68 108
7 29 89 171
7 30 31 31
7 31 42 145
7 32 109 26
7 33 54 46
7 34 16 97
7 35 120 161
7 36 34 33
7 37 67 157
8 9 160 21
8 10 90 72
8 11 136 64
8 12 136 160
8 13 72 159
8 14 21 96
8 15 131 91
8 16 116 168
8 17 133 45
8 18 125 142
8 19 81 14
8 20 125 41
8 21 144 144
8 22 29 51
8 23 89 163
8 24 91 152
8 25 54 67
8 26 115 108
8 27 87 159
8 28 110 134
8 29 98 123
8 30 69 96
8 31 11 154
8 32 11 99
8 33 125 11
8 34 46 144
8 35 159 127
8 36 132 85
8 37 87 107
9 10 120 56
9 11 159 50
9 12 128 29
9 13 141 132
9 14 14 81
9 15 131 58
9 16 83 10
9 17 161 19
9 18 173 136
9 19 132 110
9 20 103 46
9 21 140 178
9 22 115 83
9 23 89 153
9 24 21 39
9 25 65 150
9 26 23 150
9 27 46 106
9 28 78 85
9 29 24 27
9 30 86 95
9 31 65 168
9 32 43 148
9 33 121 131
9 34 91 152
9 35 48 43
9 36 170 20
9 37 91 54
10 11 29 64
10 12 86 163
10 13 100 135
10 14 104 60
10 15 28 18
10 16 69 145
10 17 95 26
10 18 176 30
10 19 155 66
10 20 178 10
10 21 174 98
10 22 80 80
10 23 52 126
10 24 63 166
10 25 137 103
10 26 16 92
10 27 84 83
10 28 29 180
10 29 170 82
10 30 123 124
10 31 59 119
10 32 102 95
10 33 48 119
10 34 170 34
10 35 45 31
10 36 148 67
10 37 32 29
11 12 28 8
11 13 102 36
11 14 17 153
11 15 162 22
11 16 125 11
11 17 99 37
11 18 91 54
11 19 104 99
11 20 50 11
11 21 87 153
11 22 45 54
11 23 158 67
11 24 80 19
11 25 142 142
11 26 9 45
11 27 82 35
11 28 27 53
11 29 106 14
11 30 149 39
11 31 101 163
11 32 20 19
11 33 65 170
11 34 50 30
11 35 97 13
11 36 137 55
11 37 78 136
12 13 106 164
12 14 102 146
12 15 87 159
12 16 55 159
12 17 160 138
12 18 26 155
12 19 56 67
12 20 170 169
12 21 99 146
12 22 50 129
12 23 89 26
12 24 65 133
12 25 171 26
12 26 165 60
12 27 34 23
12 28 124 53
12 29 178 23
12 30 136 56
12 31 47 113
12 32 73 92
12 33 115 97
12 34 56 147
12 35 22 138
12 36 114 36
12 37 73 47
13 14 80 101
13 15 108 54
13 16 13 161
13 17 145 133
13 18 139 140
13 19 22 55
13 20 148 160
13 21 149 98
13 22 60 90
13 23 27 118
13 24 72 79
13 25 176 54
13 26 104 156
13 27 79 26
13 28 166 18
13 29 74 101
13 30 107 158
13 31 29 114
13 32 102 135
13 33 145 132
13 34 42 66
13 35 92 152
13 36 85 86
13 37 30 29
14 15 99 134
14 16 34 64
14 17 146 72
14 18 38 110
14 19 61 108
14 20 172 106
14 21 93 140
14 22 71 127
14 23 58 172
14 24 28 137
14 25 28 74
14 26 94 109
14 27 174 113
14 28 33 166
14 29 77 176
14 30 177 128
14 31 120 97
14 32 9 50
14 33 129 89
14 34 148 60
14 35 81 171
14 36 150 41
14 37 96 140
15 16 105 110
15 17 39 173
15 18 120 172
15 19 70 102
15 20 10 30
15 21 67 28
15 22 137 20
15 23 176 162
15 24 25 172
15 25 14 132
15 26 101 120
15 27 166 179
15 28 115 48
15 29 178 114
15 30 123 106
15 31 134 127
15 32 44 72
15 33 174 121
15 34 70 118
15 35 87 83
15 36 143 111
15 37 86 13
16 17 140 85
16 18 104 129
16 19 117 51
16 20 50 143
16 21 89 100
16 22 72 29
16 23 86 61
16 24 146 70
16 25 78 145
16 26 19 168
16 27 99 33
16 28 169 37
16 29 66 96
16 30 47 87
16 31 20 128
16 32 142 16
16 33 171 102
16 34 175 128
16 35 19 110
16 36 23 178
16 37 24 128
17 18 126 124
17 19 116 113
17 20 96 117
17 21 91 143
17 22 108 138
17 23 142 112
17 24 20 90
17 25 34 130
17 26 171 93
17 27 163 140
17 28 61 139
17 29 19 62
17 30 62 90
17 31 158 161
17 32 175 67
17 33 8 73
17 34 62 135
17 35 130 143
17 36 85 173
17 37 87 89
18 19 64 100
18 20 135 15
18 21 178 150
18 22 158 50
18 23 104 28
18 24 102 22
18 25 71 8
18 26 160 156
18 27 20 80
18 28 65 179
18 29 120 69
18 30 41 92
18 31 30 128
18 32 133 57
18 33 17 47
18 34 122 67
18 35 104 169
18 36 52 74
18 37 176 86
19 20 161 143
19 21 133 19
19 22 102 20
19 23 37 124
19 24 141 57
19 25 96 163
19 26 135 156
19 27 13 104
19 28 155 126
19 29 106 145
19 30 40 114
19 31 102 73
19 32 176 106
19 33 62 92
19 34 51 116
19 35 30 16
19 36 100 23
19 37 99 94
20 21 93 143
20 22 110 111
20 23 50 123
20 24 158 164
20 25 24 76
20 26 106 130
20 27 121 122
20 28 118 27
20 29 83 20
20 30 52 96
20 31 121 147
20 32 145 45
20 33 175 170
20 34 162 126
20 35 19 14
20 36 38 155
20 37 160 23
21 22 87 16
21 23 152 159
21 24 170 107
21 25 72 63
21 26 92 34
21 27 169 132
21 28 141 76
21 29 93 72
21 30 74 168
21 31 166 25
21 32 168 149
21 33 104 68
21 34 86 172
21 35 150 177
21 36 61 66
21 37 18 136
22 23 113 72
22 24 24 155
22 25 158 39
22 26 155 140
22 27 59 96
22 28 45 132
22 29 14 132
22 30 138 51
22 31 36 57
22 32 120 95
22 33 56 21
22 34 172 22
22 35 48 164
22 36 87 119
22 37 154 137
23 24 128 11
23 25 43 121
23 26 116 19
23 27 100 109
23 28 57 168
23 29 61 15
23 30 144 106
23 31 137 17
23 32 64 149
23 33 154 80
23 34 152 104
23 35 141 156
23 36 61 79
23 37 110 107
24 25 119 31
24 26 126 159
24 27 133 56
24 28 137 89
24 29 33 9
24 30 37 150
24 31 32 56
24 32 36 8
24 33 17 85
24 34 57 61
24 35 69 166
24 36 127 91
24 37 25 17
25 26 91 114
25 27 172 130
25 28 51 106
25 29 92 178
25 30 174 105
25 31 80 9
25 32 163 68
25 33 112 12
25 34 142 95
25 35 15 32
25 36 67 16
25 37 80 143
26 27 31 40
26 28 29 70
26 29 135 65
26 30 109 18
26 31 77 59
26 32 81 92
26 33 53 67
26 34 139 121
26 35 49 142
26 36 44 120
26 37 146 27
27 28 46 93
27 29 140 106
27 30 128 57
27 31 51 67
27 32 39 95
27 33 12 11
27 34 25 123
27 35 81 83
27 36 65 170
27 37 165 85
28 29 134 19
28 30 36 166
28 31 42 74
28 32 123 110
28 33 41 177
28 34 95 35
28 35 93 59
28 36 66 165
28 37 36 39
29 30 169 135
29 31 164 10
29 32 78 59
29 33 39 44
29 34 144 92
29 35 98 33
29 36 60 8
29 37 25 164
30 31 106 121
30 32 121 49
30 33 92 102
30 34 88 54
30 35 70 174
30 36 22 33
30 37 117 66
31 32 80 22
31 33 75 38
31 34 51 89
31 35 100 136
31 36 168 46
31 37 169 165
32 33 82 8
32 34 85 97
32 35 175 46
32 36 88 39
32 37 77 156
33 34 165 44
33 35 76 133
33 36 131 117
33 37 143 99
34 35 30 66
34 36 108 155
34 37 53 63
35 36 98 152
35 37 126 125
36 37 90 76
