45
0 1 10 10
0 2 0 990
0 3 991 991
0 4 990 997
0 5 992 997
0 6 992 991
0 7 996 995
0 8 993 994
0 9 997 994
0 10 995 992
0 11 992 991
0 12 995 998
0 13 991 994
0 14 999 998
0 15 991 991
0 16 996 991
0 17 994 998
0 18 996 996
0 19 990 998
0 20 990 997
0 21 994 993
0 22 993 994
0 23 998 990
0 24 997 990
0 25 995 997
0 26 997 996
0 27 997 993
0 28 999 995
0 29 992 995
0 30 998 998
0 31 993 995
0 32 995 999
0 33 999 993
0 34 998 993
0 35 995 996
0 36 993 996
0 37 995 995
0 38 996 998
0 39 994 993
0 40 997 995
0 41 993 994
0 42 993 996
0 43 990 991
0 44 992 998
1 2 990 0
1 3 995 992
1 4 994 995
1 5 996 999
1 6 991 991
1 7 997 994
1 8 992 992
1 9 993 998
1 10 991 992
1 11 992 992
1 12 997 992
1 13 999 991
1 14 997 992
1 15 993 996
1 16 996 993
1 17 998 990
1 18 996 999
1 19 994 998
1 20 991 992
1 21 995 993
1 22 991 996
1 23 999 999
1 24 996 992
1 25 990 991
1 26 994 993
1 27 994 992
1 28 992 993
1 29 993 997
1 30 991 990
1 31 992 996
1 32 992 993
1 33 998 998
1 34 992 996
1 35 995 992
1 36 995 992
1 37 996 999
1 38 993 990
1 39 993 994
1 40 990 995
1 41 998 996
1 42 998 999
1 43 993 998
1 44 999 999
2 3 992 994
2 4 999 991
2 5 994 994
2 6 990 994
2 7 999 997
2 8 998 996
2 9 995 994
2 10 996 998
2 11 994 993
2 12 991 999
2 13 995 998
2 14 996 994
2 15 991 998
2 16 999 992
2 17 992 998
2 18 993 997
2 19 994 993
2 20 997 997
2 21 992 992
2 22 990 998
2 23 992 994
2 24 995 991
2 25 990 995
2 26 999 992
2 27 995 999
2 28 993 994
2 29 995 993
2 30 994 998
2 31 990 993
2 32 997 995
2 33 992 997
2 34 996 992
2 35 998 996
2 36 990 996
2 37 992 990
2 38 998 996
2 39 999 998
2 40 997 999
2 41 990 999
2 42 999 994
2 43 994 996
2 44 992 993
3 4 64 54
3 5 49 51
3 6 93 80
3 7 56 81
3 8 75 28
3 9 75 20
3 10 30 31
3 11 73 74
3 12 63 49
3 13 72 44
3 14 98 48
3 15 59 54
3 16 96 47
3 17 55 73
3 18 62 15
3 19 12 80
3 20 22 44
3 21 27 84
3 22 16 79
3 23 46 83
3 24 30 19
3 25 62 83
3 26 57 38
3 27 57 92
3 28 61 33
3 29 88 55
3 30 28 63
3 31 69 58
3 32 37 82
3 33 89 70
3 34 38 53
3 35 32 15
3 36 67 83
3 37 69 47
3 38 45 40
3 39 97 41
3 40 19 31
3 41 72 54
3 42 91 46
3 43 38 20
3 44 54 52
4 5 35 88
4 6 72 38
4 7 21 39
4 8 73 23
4 9 72 68
4 10 17 50
4 11 12 61
4 12 65 56
4 13 97 83
4 14 76 13
4 15 27 40
4 16 67 89
4 17 53 85
4 18 75 20
4 19 31 79
4 20 91 19
4 21 89 24
4 22 81 96
4 23 21 71
4 24 34 66
4 25 67 98
4 26 73 39
4 27 97 21
4 28 12 36
4 29 91 56
4 30 58 58
4 31 33 62
4 32 97 80
4 33 89 94
4 34 15 63
4 35 73 47
4 36 90 13
4 37 36 50
4 38 54 23
4 39 82 76
4 40 47 84
4 41 75 80
4 42 13 30
4 43 48 90
4 44 40 51
5 6 27 35
5 7 96 41
5 8 22 70
5 9 43 63
5 10 16 60
5 11 18 39
5 12 84 96
5 13 95 41
5 14 66 95
5 15 86 31
5 16 57 81
5 17 70 71
5 18 71 94
5 19 78 85
5 20 68 37
5 21 23 18
5 22 39 43
5 23 69 19
5 24 12 38
5 25 70 48
5 26 57 97
5 27 86 18
5 28 54 59
5 29 72 22
5 30 51 43
5 31 12 50
5 32 91 16
5 33 51 10
5 34 93 44
5 35 31 69
5 36 42 78
5 37 79 85
5 38 61 55
5 39 58 86
5 40 64 72
5 41 72 45
5 42 67 73
5 43 16 69
5 44 40 87
6 7 94 97
6 8 87 98
6 9 17 75
6 10 51 32
6 11 18 76
6 12 65 15
6 13 61 73
6 14 63 49
6 15 18 59
6 16 22 63
6 17 55 86
6 18 49 28
6 19 62 84
6 20 76 50
6 21 69 19
6 22 29 16
6 23 47 39
6 24 69 97
6 25 35 26
6 26 46 66
6 27 46 48
6 28 33 71
6 29 16 26
6 30 63 22
6 31 50 93
6 32 24 48
6 33 21 55
6 34 96 91
6 35 36 44
6 36 45 90
6 37 49 31
6 38 32 32
6 39 22 85
6 40 20 50
6 41 18 80
6 42 39 50
6 43 19 58
6 44 70 57
7 8 62 78
7 9 50 35
7 10 35 11
7 11 55 62
7 12 23 67
7 13 83 88
7 14 20 76
7 15 59 86
7 16 43 75
7 17 93 98
7 18 18 30
7 19 34 62
7 20 88 40
7 21 54 56
7 22 69 94
7 23 87 49
7 24 86 47
7 25 32 68
7 26 22 98
7 27 63 95
7 28 59 35
7 29 54 64
7 30 62 39
7 31 67 14
7 32 84 64
7 33 79 81
7 34 48 94
7 35 89 16
7 36 32 38
7 37 62 44
7 38 65 50
7 39 86 39
7 40 40 73
7 41 18 28
7 42 58 46
7 43 73 64
7 44 52 47
8 9 79 79
8 10 39 83
8 11 56 54
8 12 44 17
8 13 16 90
8 14 71 39
8 15 85 36
8 16 18 16
8 17 63 66
8 18 30 23
8 19 82 62
8 20 90 21
8 21 72 86
8 22 85 59
8 23 79 17
8 24 65 54
8 25 96 87
8 26 85 29
8 27 70 72
8 28 20 11
8 29 82 31
8 30 77 55
8 31 16 29
8 32 50 36
8 33 50 97
8 34 63 62
8 35 59 69
8 36 89 66
8 37 98 76
8 38 55 62
8 39 80 38
8 40 81 13
8 41 60 48
8 42 34 74
8 43 83 92
8 44 10 81
9 10 86 25
9 11 50 15
9 12 11 32
9 13 55 74
9 14 46 17
9 15 31 37
9 16 40 82
9 17 67 61
9 18 89 30
9 19 88 79
9 20 30 11
9 21 87 64
9 22 40 29
9 23 83 49
9 24 93 81
9 25 24 45
9 26 83 29
9 27 26 70
9 28 71 76
9 29 24 30
9 30 40 94
9 31 15 15
9 32 21 98
9 33 27 58
9 34 78 16
9 35 73 30
9 36 80 21
9 37 97 50
9 38 50 14
9 39 57 43
9 40 44 10
9 41 83 90
9 42 34 40
9 43 10 69
9 44 36 29
10 11 34 71
10 12 76 41
10 13 46 83
10 14 86 55
10 15 27 79
10 16 88 28
10 17 23 76
10 18 49 26
10 19 90 55
10 20 90 64
10 21 65 29
10 22 91 78
10 23 71 76
10 24 21 11
10 25 32 48
10 26 75 38
10 27 59 48
10 28 49 51
10 29 21 90
10 30 35 11
10 31 76 35
10 32 89 33
10 33 21 21
10 34 26 71
10 35 18 26
10 36 80 22
10 37 87 22
10 38 11 30
10 39 94 55
10 40 20 19
10 41 47 68
10 42 44 69
10 43 75 17
10 44 29 40
11 12 66 33
11 13 77 44
11 14 20 95
11 15 86 34
11 16 83 69
11 17 56 98
11 18 37 51
11 19 34 97
11 20 61 70
11 21 13 58
11 22 50 44
11 23 91 31
11 24 96 30
11 25 19 39
11 26 90 54
11 27 13 53
11 28 10 43
11 29 31 99
11 30 41 90
11 31 99 90
11 32 17 83
11 33 64 22
11 34 33 19
11 35 88 26
11 36 16 13
11 37 52 87
11 38 78 32
11 39 61 14
11 40 71 76
11 41 72 61
11 42 39 60
11 43 90 96
11 44 81 98
12 13 36 11
12 14 64 82
12 15 65 60
12 16 51 88
12 17 38 26
12 18 60 96
12 19 63 81
12 20 53 76
12 21 34 57
12 22 20 14
12 23 79 69
12 24 16 22
12 25 55 76
12 26 16 27
12 27 27 39
12 28 51 22
12 29 43 11
12 30 23 69
12 31 75 84
12 32 38 60
12 33 60 11
12 34 50 62
12 35 87 68
12 36 97 46
12 37 98 60
12 38 41 62
12 39 27 42
12 40 43 82
12 41 19 46
12 42 11 50
12 43 92 53
12 44 40 38
13 14 54 77
13 15 31 38
13 16 85 32
13 17 77 99
13 18 80 45
13 19 10 64
13 20 77 75
13 21 72 22
13 22 95 57
13 23 83 46
13 24 33 16
13 25 24 94
13 26 30 75
13 27 60 77
13 28 85 15
13 29 82 45
13 30 66 10
13 31 66 72
13 32 28 33
13 33 99 45
13 34 11 38
13 35 56 43
13 36 98 41
13 37 40 70
13 38 84 30
13 39 41 16
13 40 42 66
13 41 41 10
13 42 59 72
13 43 48 64
13 44 55 29
14 15 31 95
14 16 15 61
14 17 60 55
14 18 95 94
14 19 36 53
14 20 41 65
14 21 48 54
14 22 57 96
14 23 94 93
14 24 12 45
14 25 71 21
14 26 72 60
14 27 59 29
14 28 37 54
14 29 49 47
14 30 56 24
14 31 47 64
14 32 54 18
14 33 63 22
14 34 32 79
14 35 84 12
14 36 83 20
14 37 23 22
14 38 42 46
14 39 61 15
14 40 38 99
14 41 77 96
14 42 57 13
14 43 51 45
14 44 31 37
15 16 72 87
15 17 36 20
15 18 58 19
15 19 20 47
15 20 72 11
15 21 41 37
15 22 78 30
15 23 46 21
15 24 90 49
15 25 13 61
15 26 76 67
15 27 37 28
15 28 80 91
15 29 80 81
15 30 13 35
15 31 59 55
15 32 78 71
15 33 71 98
15 34 72 40
15 35 28 35
15 36 11 33
15 37 58 14
15 38 26 65
15 39 89 19
15 40 75 17
15 41 76 32
15 42 31 27
15 43 69 68
15 44 12 90
16 17 72 75
16 18 50 69
16 19 83 12
16 20 75 64
16 21 82 66
16 22 34 85
16 23 72 71
16 24 78 66
16 25 17 49
16 26 98 69
16 27 11 67
16 28 18 35
16 29 85 55
16 30 60 66
16 31 95 77
16 32 75 94
16 33 29 57
16 34 35 47
16 35 29 97
16 36 36 18
16 37 92 37
16 38 72 96
16 39 71 65
16 40 55 75
16 41 95 49
16 42 13 68
16 43 51 49
16 44 56 44
17 18 39 45
17 19 99 21
17 20 98 62
17 21 62 26
17 22 64 15
17 23 62 74
17 24 28 56
17 25 79 32
17 26 34 70
17 27 68 71
17 28 87 94
17 29 50 40
17 30 48 61
17 31 12 42
17 32 62 37
17 33 59 49
17 34 10 83
17 35 50 33
17 36 67 89
17 37 56 24
17 38 67 28
17 39 59 86
17 40 34 43
17 41 53 53
17 42 73 48
17 43 25 32
17 44 95 55
18 19 77 49
18 20 10 63
18 21 19 12
18 22 26 85
18 23 13 75
18 24 53 17
18 25 79 36
18 26 77 99
18 27 57 49
18 28 16 86
18 29 91 18
18 30 95 78
18 31 44 35
18 32 95 16
18 33 86 20
18 34 79 36
18 35 97 68
18 36 66 60
18 37 77 88
18 38 41 20
18 39 31 24
18 40 45 85
18 41 77 10
18 42 36 81
18 43 62 68
18 44 75 91
19 20 58 10
19 21 29 81
19 22 32 39
19 23 45 54
19 24 67 17
19 25 73 47
19 26 67 61
19 27 80 46
19 28 80 65
19 29 94 28
19 30 26 37
19 31 40 50
19 32 93 66
19 33 65 40
19 34 75 84
19 35 14 35
19 36 79 20
19 37 70 61
19 38 42 93
19 39 31 69
19 40 99 75
19 41 11 11
19 42 51 10
19 43 52 38
19 44 55 57
20 21 42 41
20 22 58 13
20 23 20 33
20 24 65 99
20 25 87 15
20 26 82 82
20 27 33 73
20 28 35 38
20 29 53 11
20 30 21 81
20 31 23 29
20 32 99 75
20 33 68 92
20 34 97 52
20 35 88 63
20 36 71 14
20 37 70 92
20 38 86 34
20 39 49 77
20 40 79 78
20 41 92 98
20 42 55 18
20 43 39 86
20 44 40 21
21 22 35 39
21 23 88 50
21 24 16 16
21 25 56 38
21 26 55 72
21 27 76 32
21 28 82 51
21 29 84 45
21 30 62 51
21 31 87 40
21 32 76 98
21 33 52 35
21 34 49 66
21 35 61 66
21 36 88 30
21 37 79 36
21 38 91 34
21 39 43 52
21 40 48 75
21 41 67 64
21 42 97 51
21 43 25 60
21 44 73 18
22 23 90 28
22 24 33 67
22 25 38 36
22 26 94 82
22 27 87 84
22 28 95 42
22 29 92 29
22 30 80 26
22 31 20 38
22 32 35 49
22 33 72 36
22 34 27 83
22 35 62 35
22 36 19 48
22 37 49 89
22 38 31 11
22 39 95 78
22 40 14 31
22 41 58 93
22 42 40 45
22 43 34 34
22 44 67 29
23 24 56 95
23 25 52 74
23 26 64 10
23 27 21 16
23 28 59 48
23 29 44 69
23 30 16 99
23 31 54 29
23 32 96 79
23 33 54 37
23 34 23 27
23 35 78 63
23 36 23 62
23 37 44 10
23 38 80 11
23 39 39 66
23 40 48 97
23 41 26 87
23 42 55 90
23 43 11 21
23 44 54 10
24 25 67 46
24 26 39 20
24 27 73 34
24 28 80 15
24 29 87 22
24 30 19 54
24 31 99 98
24 32 48 49
24 33 68 54
24 34 57 25
24 35 78 80
24 36 10 72
24 37 30 48
24 38 34 68
24 39 56 74
24 40 22 23
24 41 73 21
24 42 51 64
24 43 13 93
24 44 70 79
25 26 95 75
25 27 12 78
25 28 91 43
25 29 58 67
25 30 90 95
25 31 86 78
25 32 66 69
25 33 62 73
25 34 78 66
25 35 37 53
25 36 99 83
25 37 94 55
25 38 58 42
25 39 67 11
25 40 55 49
25 41 39 95
25 42 27 86
25 43 37 64
25 44 29 67
26 27 98 94
26 28 18 46
26 29 18 94
26 30 15 84
26 31 90 89
26 32 39 55
26 33 43 64
26 34 12 73
26 35 32 32
26 36 17 55
26 37 83 24
26 38 17 51
26 39 63 73
26 40 65 52
26 41 72 78
26 42 10 86
26 43 45 93
26 44 29 50
27 28 58 71
27 29 49 32
27 30 96 18
27 31 78 37
27 32 55 55
27 33 70 37
27 34 77 15
27 35 70 82
27 36 70 20
27 37 97 99
27 38 75 69
27 39 69 56
27 40 86 47
27 41 85 39
27 42 59 93
27 43 94 28
27 44 81 90
28 29 47 73
28 30 81 32
28 31 72 33
28 32 70 33
28 33 42 75
28 34 18 78
28 35 68 43
28 36 53 52
28 37 19 61
28 38 77 24
28 39 67 31
28 40 79 53
28 41 23 38
28 42 57 83
28 43 83 52
28 44 57 38
29 30 94 21
29 31 11 78
29 32 86 70
29 33 21 86
29 34 26 49
29 35 23 50
29 36 45 69
29 37 47 91
29 38 18 60
29 39 61 66
29 40 36 63
29 41 23 59
29 42 36 10
29 43 13 62
29 44 79 59
30 31 93 97
30 32 83 45
30 33 94 86
30 34 82 67
30 35 79 24
30 36 23 27
30 37 96 86
30 38 65 61
30 39 22 74
30 40 45 96
30 41 58 86
30 42 13 82
30 43 36 52
30 44 91 78
31 32 13 86
31 33 91 28
31 34 99 85
31 35 79 38
31 36 16 94
31 37 39 85
31 38 48 42
31 39 31 45
31 40 97 42
31 41 60 39
31 42 43 51
31 43 72 46
31 44 86 27
32 33 68 44
32 34 57 51
32 35 34 67
32 36 44 58
32 37 67 75
32 38 34 85
32 39 27 13
32 40 47 82
32 41 62 25
32 42 26 22
32 43 20 66
32 44 30 87
33 34 58 75
33 35 23 29
33 36 91 87
33 37 52 12
33 38 50 21
33 39 39 56
33 40 12 41
33 41 48 81
33 42 24 91
33 43 32 17
33 44 63 15
34 35 74 83
34 36 51 14
34 37 54 99
34 38 64 92
34 39 20 30
34 40 50 79
34 41 43 73
34 42 58 95
34 43 51 30
34 44 56 87
35 36 65 39
35 37 10 21
35 38 88 90
35 39 71 57
35 40 32 53
35 41 60 73
35 42 42 99
35 43 15 33
35 44 15 96
36 37 98 69
36 38 25 59
36 39 38 10
36 40 11 16
36 41 97 54
36 42 73 88
36 43 63 37
36 44 86 58
37 38 29 41
37 39 64 62
37 40 13 44
37 41 77 80
37 42 59 87
37 43 75 53
37 44 69 65
38 39 84 70
38 40 34 47
38 41 39 67
38 42 71 94
38 43 66 11
38 44 21 52
39 40 94 82
39 41 42 22
39 42 12 20
39 43 79 33
39 44 76 15
40 41 24 95
40 42 95 37
40 43 76 82
40 44 55 11
41 42 28 99
41 43 88 63
41 44 81 33
42 43 17 22
42 44 74 76
43 44 57 23
