45
0 1 30 30
0 2 0 970
0 3 973 992
0 4 978 997
0 5 970 972
0 6 975 990
0 7 989 978
0 8 981 971
0 9 988 996
0 10 987 998
0 11 973 980
0 12 985 993
0 13 972 998
0 14 986 997
0 15 978 994
0 16 997 977
0 17 980 995
0 18 988 971
0 19 971 972
0 20 975 996
0 21 970 992
0 22 984 985
0 23 996 978
0 24 972 972
0 25 991 990
0 26 971 997
0 27 976 988
0 28 974 991
0 29 996 994
0 30 975 970
0 31 986 975
0 32 998 998
0 33 975 992
0 34 986 984
0 35 990 981
0 36 994 974
0 37 979 977
0 38 980 996
0 39 978 982
0 40 986 975
0 41 999 993
0 42 993 976
0 43 976 972
0 44 974 994
1 2 970 0
1 3 984 980
1 4 971 973
1 5 979 980
1 6 971 990
1 7 997 970
1 8 996 984
1 9 986 978
1 10 973 979
1 11 970 980
1 12 981 992
1 13 997 998
1 14 983 988
1 15 994 989
1 16 994 985
1 17 982 993
1 18 993 973
1 19 989 986
1 20 975 988
1 21 974 999
1 22 975 987
1 23 973 985
1 24 978 981
1 25 982 978
1 26 974 995
1 27 998 988
1 28 995 995
1 29 990 971
1 30 991 987
1 31 996 988
1 32 983 973
1 33 973 976
1 34 992 994
1 35 992 977
1 36 999 992
1 37 992 971
1 38 974 987
1 39 980 974
1 40 994 999
1 41 998 976
1 42 992 990
1 43 991 981
1 44 996 999
2 3 975 975
2 4 974 979
2 5 992 985
2 6 988 981
2 7 978 977
2 8 987 970
2 9 994 989
2 10 971 991
2 11 972 992
2 12 995 972
2 13 991 976
2 14 991 971
2 15 997 978
2 16 980 988
2 17 998 988
2 18 991 986
2 19 984 996
2 20 994 981
2 21 972 988
2 22 982 981
2 23 986 998
2 24 997 982
2 25 996 991
2 26 998 981
2 27 980 978
2 28 999 983
2 29 978 981
2 30 998 979
2 31 985 985
2 32 988 980
2 33 979 975
2 34 990 979
2 35 998 974
2 36 983 994
2 37 992 978
2 38 984 991
2 39 974 999
2 40 989 990
2 41 972 999
2 42 989 982
2 43 997 974
2 44 979 981
3 4 234 43
3 5 180 188
3 6 242 91
3 7 191 106
3 8 34 52
3 9 281 162
3 10 242 160
3 11 252 286
3 12 233 51
3 13 287 114
3 14 68 221
3 15 61 64
3 16 238 126
3 17 176 296
3 18 183 110
3 19 249 241
3 20 119 199
3 21 48 264
3 22 92 176
3 23 266 209
3 24 73 118
3 25 161 112
3 26 104 118
3 27 185 229
3 28 260 56
3 29 50 170
3 30 203 194
3 31 189 120
3 32 88 70
3 33 112 258
3 34 64 232
3 35 202 295
3 36 289 75
3 37 279 85
3 38 261 228
3 39 173 211
3 40 208 109
3 41 290 187
3 42 103 118
3 43 290 241
3 44 212 292
4 5 198 257
4 6 270 249
4 7 95 208
4 8 71 199
4 9 155 81
4 10 132 215
4 11 247 234
4 12 216 238
4 13 182 59
4 14 206 216
4 15 57 160
4 16 180 282
4 17 103 294
4 18 171 168
4 19 60 176
4 20 119 208
4 21 290 218
4 22 263 131
4 23 266 114
4 24 250 157
4 25 287 272
4 26 222 245
4 27 147 157
4 28 43 273
4 29 280 290
4 30 98 239
4 31 252 238
4 32 248 106
4 33 70 31
4 34 295 258
4 35 226 252
4 36 257 287
4 37 101 259
4 38 178 31
4 39 51 166
4 40 259 199
4 41 150 98
4 42 58 151
4 43 272 149
4 44 142 249
5 6 260 166
5 7 42 262
5 8 57 169
5 9 261 73
5 10 81 206
5 11 257 60
5 12 259 164
5 13 292 159
5 14 116 189
5 15 203 114
5 16 131 184
5 17 105 137
5 18 290 39
5 19 291 101
5 20 243 240
5 21 261 266
5 22 34 66
5 23 43 103
5 24 188 162
5 25 157 267
5 26 202 223
5 27 117 237
5 28 286 293
5 29 254 96
5 30 203 86
5 31 177 68
5 32 37 223
5 33 86 146
5 34 217 127
5 35 258 167
5 36 273 211
5 37 272 73
5 38 229 78
5 39 249 278
5 40 222 220
5 41 122 153
5 42 128 243
5 43 133 251
5 44 37 183
6 7 49 140
6 8 267 194
6 9 269 280
6 10 46 229
6 11 190 155
6 12 232 88
6 13 78 295
6 14 53 291
6 15 122 199
6 16 299 84
6 17 66 72
6 18 172 265
6 19 287 121
6 20 240 269
6 21 206 174
6 22 239 186
6 23 201 251
6 24 169 117
6 25 79 113
6 26 30 252
6 27 113 117
6 28 130 237
6 29 116 52
6 30 225 197
6 31 34 121
6 32 290 291
6 33 188 268
6 34 284 116
6 35 230 191
6 36 147 172
6 37 187 123
6 38 190 120
6 39 171 33
6 40 57 93
6 41 45 42
6 42 83 240
6 43 283 42
6 44 251 171
7 8 176 142
7 9 162 250
7 10 90 170
7 11 163 73
7 12 292 76
7 13 170 192
7 14 238 252
7 15 32 96
7 16 156 69
7 17 90 239
7 18 195 126
7 19 88 108
7 20 258 266
7 21 52 48
7 22 292 30
7 23 259 188
7 24 238 52
7 25 61 114
7 26 197 239
7 27 68 64
7 28 87 34
7 29 152 144
7 30 122 176
7 31 138 122
7 32 79 31
7 33 71 225
7 34 164 272
7 35 79 221
7 36 284 129
7 37 215 218
7 38 93 107
7 39 168 139
7 40 287 75
7 41 50 209
7 42 51 88
7 43 180 55
7 44 135 251
8 9 170 45
8 10 80 230
8 11 219 187
8 12 226 36
8 13 183 85
8 14 128 186
8 15 47 147
8 16 33 59
8 17 74 261
8 18 244 75
8 19 68 160
8 20 49 168
8 21 69 177
8 22 210 204
8 23 271 114
8 24 35 249
8 25 241 142
8 26 136 143
8 27 83 127
8 28 246 144
8 29 92 153
8 30 227 138
8 31 149 176
8 32 162 75
8 33 224 42
8 34 53 32
8 35 152 125
8 36 33 143
8 37 112 227
8 38 243 149
8 39 125 96
8 40 288 64
8 41 120 45
8 42 187 49
8 43 67 240
8 44 297 94
9 10 32 253
9 11 47 36
9 12 151 194
9 13 217 168
9 14 130 262
9 15 150 62
9 16 121 176
9 17 240 175
9 18 113 160
9 19 210 143
9 20 271 137
9 21 87 175
9 22 64 117
9 23 219 254
9 24 224 35
9 25 289 160
9 26 123 297
9 27 53 178
9 28 293 252
9 29 61 223
9 30 185 77
9 31 41 94
9 32 232 100
9 33 113 296
9 34 291 104
9 35 123 137
9 36 213 88
9 37 37 130
9 38 243 298
9 39 258 169
9 40 68 47
9 41 218 238
9 42 68 284
9 43 248 258
9 44 266 59
10 11 263 53
10 12 210 286
10 13 189 229
10 14 42 221
10 15 37 128
10 16 132 277
10 17 288 270
10 18 260 260
10 19 189 142
10 20 193 33
10 21 258 109
10 22 123 160
10 23 284 109
10 24 61 75
10 25 255 248
10 26 78 51
10 27 290 284
10 28 274 164
10 29 65 165
10 30 260 54
10 31 182 165
10 32 290 255
10 33 169 80
10 34 280 110
10 35 151 163
10 36 189 72
10 37 73 188
10 38 251 239
10 39 191 222
10 40 77 192
10 41 109 69
10 42 190 227
10 43 46 136
10 44 128 81
11 12 96 253
11 13 32 87
11 14 266 246
11 15 33 269
11 16 146 97
11 17 168 88
11 18 39 258
11 19 200 235
11 20 176 255
11 21 282 240
11 22 278 271
11 23 195 242
11 24 241 204
11 25 46 265
11 26 291 47
11 27 122 134
11 28 194 178
11 29 233 285
11 30 208 229
11 31 63 147
11 32 289 221
11 33 258 255
11 34 282 260
11 35 258 238
11 36 166 42
11 37 240 100
11 38 228 39
11 39 175 47
11 40 189 94
11 41 49 269
11 42 281 224
11 43 255 280
11 44 164 95
12 13 175 68
12 14 129 89
12 15 185 107
12 16 73 291
12 17 79 166
12 18 50 105
12 19 134 86
12 20 277 107
12 21 219 210
12 22 72 106
12 23 70 100
12 24 122 48
12 25 245 78
12 26 174 161
12 27 210 295
12 28 213 71
12 29 204 274
12 30 276 247
12 31 115 36
12 32 127 92
12 33 298 280
12 34 265 147
12 35 213 158
12 36 111 146
12 37 141 174
12 38 89 257
12 39 187 262
12 40 106 205
12 41 171 231
12 42 195 281
12 43 57 264
12 44 43 117
13 14 55 58
13 15 81 205
13 16 232 124
13 17 116 71
13 18 117 148
13 19 33 33
13 20 68 164
13 21 260 116
13 22 161 89
13 23 167 166
13 24 110 199
13 25 43 224
13 26 55 129
13 27 79 239
13 28 125 255
13 29 31 120
13 30 258 253
13 31 227 185
13 32 118 278
13 33 168 285
13 34 126 198
13 35 250 73
13 36 174 70
13 37 129 284
13 38 119 34
13 39 131 146
13 40 142 244
13 41 185 241
13 42 264 171
13 43 232 169
13 44 75 170
14 15 226 68
14 16 233 247
14 17 75 233
14 18 66 64
14 19 294 169
14 20 294 135
14 21 135 226
14 22 107 260
14 23 255 222
14 24 147 156
14 25 122 172
14 26 39 299
14 27 104 87
14 28 145 222
14 29 204 215
14 30 278 232
14 31 104 180
14 32 185 155
14 33 224 131
14 34 196 113
14 35 249 82
14 36 150 77
14 37 93 33
14 38 220 188
14 39 215 102
14 40 144 193
14 41 286 272
14 42 219 295
14 43 203 148
14 44 44 111
15 16 57 169
15 17 139 152
15 18 204 42
15 19 174 177
15 20 61 173
15 21 30 253
15 22 235 96
15 23 63 158
15 24 110 103
15 25 261 38
15 26 249 225
15 27 52 52
15 28 31 233
15 29 138 41
15 30 79 42
15 31 166 115
15 32 210 224
15 33 73 192
15 34 215 31
15 35 263 141
15 36 122 258
15 37 285 112
15 38 184 234
15 39 190 273
15 40 59 92
15 41 92 161
15 42 223 165
15 43 121 144
15 44 241 137
16 17 243 282
16 18 199 62
16 19 113 264
16 20 133 49
16 21 173 125
16 22 71 212
16 23 214 250
16 24 182 231
16 25 233 205
16 26 274 280
16 27 173 146
16 28 41 131
16 29 184 238
16 30 183 220
16 31 185 74
16 32 51 267
16 33 161 48
16 34 257 157
16 35 114 160
16 36 277 222
16 37 168 233
16 38 176 219
16 39 273 190
16 40 184 49
16 41 113 219
16 42 37 42
16 43 138 290
16 44 68 258
17 18 173 179
17 19 256 261
17 20 52 91
17 21 270 86
17 22 151 142
17 23 283 261
17 24 148 208
17 25 47 237
17 26 222 200
17 27 42 288
17 28 184 205
17 29 282 224
17 30 181 154
17 31 64 199
17 32 148 200
17 33 38 221
17 34 184 222
17 35 286 30
17 36 181 123
17 37 260 90
17 38 216 218
17 39 108 63
17 40 147 214
17 41 214 298
17 42 157 159
17 43 261 191
17 44 189 239
18 19 212 130
18 20 290 186
18 21 141 119
18 22 193 290
18 23 149 241
18 24 58 190
18 25 230 30
18 26 194 244
18 27 188 220
18 28 262 204
18 29 222 280
18 30 279 253
18 31 140 162
18 32 278 267
18 33 266 121
18 34 100 67
18 35 155 110
18 36 165 92
18 37 276 283
18 38 37 175
18 39 165 156
18 40 206 191
18 41 98 196
18 42 185 179
18 43 199 177
18 44 66 49
19 20 223 246
19 21 141 156
19 22 30 284
19 23 181 62
19 24 33 87
19 25 189 89
19 26 61 162
19 27 192 51
19 28 112 289
19 29 94 65
19 30 91 226
19 31 243 110
19 32 232 195
19 33 35 53
19 34 204 195
19 35 169 54
19 36 199 221
19 37 43 38
19 38 295 255
19 39 130 212
19 40 85 151
19 41 248 102
19 42 143 159
19 43 54 97
19 44 172 106
20 21 196 93
20 22 95 170
20 23 278 84
20 24 195 258
20 25 46 134
20 26 200 183
20 27 52 236
20 28 268 252
20 29 233 288
20 30 297 75
20 31 38 60
20 32 34 86
20 33 296 204
20 34 299 99
20 35 169 148
20 36 282 258
20 37 110 134
20 38 80 119
20 39 168 117
20 40 118 35
20 41 271 143
20 42 117 137
20 43 162 296
20 44 203 234
21 22 57 231
21 23 94 115
21 24 126 292
21 25 249 40
21 26 165 139
21 27 32 132
21 28 184 253
21 29 98 271
21 30 241 262
21 31 181 274
21 32 236 220
21 33 152 206
21 34 237 241
21 35 206 188
21 36 244 39
21 37 281 268
21 38 241 37
21 39 124 161
21 40 40 270
21 41 252 47
21 42 111 272
21 43 39 74
21 44 61 246
22 23 228 183
22 24 68 223
22 25 218 39
22 26 43 88
22 27 241 206
22 28 66 135
22 29 48 56
22 30 59 177
22 31 126 245
22 32 191 85
22 33 90 192
22 34 188 160
22 35 34 296
22 36 68 294
22 37 269 101
22 38 195 164
22 39 165 41
22 40 94 186
22 41 123 221
22 42 148 215
22 43 188 195
22 44 133 75
23 24 276 209
23 25 128 43
23 26 151 102
23 27 205 174
23 28 193 179
23 29 284 204
23 30 284 219
23 31 197 210
23 32 285 87
23 33 237 291
23 34 75 114
23 35 135 52
23 36 261 126
23 37 44 107
23 38 104 180
23 39 185 299
23 40 290 297
23 41 94 256
23 42 268 98
23 43 87 181
23 44 145 33
24 25 247 72
24 26 127 100
24 27 186 173
24 28 100 41
24 29 85 56
24 30 120 151
24 31 52 216
24 32 203 174
24 33 211 296
24 34 199 63
24 35 222 269
24 36 160 176
24 37 144 247
24 38 259 153
24 39 245 159
24 40 294 55
24 41 41 97
24 42 299 221
24 43 143 117
24 44 167 189
25 26 101 298
25 27 269 278
25 28 286 144
25 29 295 223
25 30 48 83
25 31 93 227
25 32 195 223
25 33 105 116
25 34 283 130
25 35 130 63
25 36 261 30
25 37 31 191
25 38 188 99
25 39 228 117
25 40 80 165
25 41 139 140
25 42 84 132
25 43 73 54
25 44 262 211
26 27 236 226
26 28 163 77
26 29 91 121
26 30 259 47
26 31 281 70
26 32 138 216
26 33 297 84
26 34 96 183
26 35 286 121
26 36 151 177
26 37 103 113
26 38 196 247
26 39 96 80
26 40 117 54
26 41 283 215
26 42 213 149
26 43 144 260
26 44 98 268
27 28 247 41
27 29 113 148
27 30 38 245
27 31 189 170
27 32 158 246
27 33 131 164
27 34 294 168
27 35 137 126
27 36 284 290
27 37 232 202
27 38 201 274
27 39 63 280
27 40 69 266
27 41 163 225
27 42 198 123
27 43 263 102
27 44 277 61
28 29 185 135
28 30 264 89
28 31 247 64
28 32 174 101
28 33 297 105
28 34 193 136
28 35 229 163
28 36 134 131
28 37 123 262
28 38 49 266
28 39 181 161
28 40 189 109
28 41 273 161
28 42 141 99
28 43 95 220
28 44 80 201
29 30 144 182
29 31 91 97
29 32 49 244
29 33 205 297
29 34 237 239
29 35 260 247
29 36 273 141
29 37 298 108
29 38 115 112
29 39 166 253
29 40 44 46
29 41 293 294
29 42 61 210
29 43 253 58
29 44 61 132
30 31 240 100
30 32 185 138
30 33 111 270
30 34 288 44
30 35 146 142
30 36 49 239
30 37 258 159
30 38 63 88
30 39 114 91
30 40 90 82
30 41 71 133
30 42 118 41
30 43 190 66
30 44 122 295
31 32 288 218
31 33 254 238
31 34 99 180
31 35 252 64
31 36 125 293
31 37 146 199
31 38 274 72
31 39 276 184
31 40 144 171
31 41 74 263
31 42 177 65
31 43 283 279
31 44 168 243
32 33 262 189
32 34 229 215
32 35 118 108
32 36 230 109
32 37 289 260
32 38 250 107
32 39 83 217
32 40 87 96
32 41 131 123
32 42 148 224
32 43 75 105
32 44 207 199
33 34 202 221
33 35 151 137
33 36 41 139
33 37 116 123
33 38 64 83
33 39 160 192
33 40 86 129
33 41 88 200
33 42 215 95
33 43 119 194
33 44 289 120
34 35 256 48
34 36 226 291
34 37 264 93
34 38 297 297
34 39 101 228
34 40 99 106
34 41 273 263
34 42 163 60
34 43 261 188
34 44 91 159
35 36 184 268
35 37 219 209
35 38 121 213
35 39 265 193
35 40 132 100
35 41 237 79
35 42 261 230
35 43 125 185
35 44 181 131
36 37 104 31
36 38 32 154
36 39 298 203
36 40 66 216
36 41 281 237
36 42 116 291
36 43 259 243
36 44 56 75
37 38 238 148
37 39 34 282
37 40 131 256
37 41 82 92
37 42 262 124
37 43 136 51
37 44 45 201
38 39 211 105
38 40 223 118
38 41 127 158
38 42 136 73
38 43 165 62
38 44 292 180
39 40 240 292
39 41 116 299
39 42 298 240
39 43 121 68
39 44 286 141
40 41 85 183
40 42 282 238
40 43 225 84
40 44 56 65
41 42 74 202
41 43 92 52
41 44 89 261
42 43 189 224
42 44 169 53
43 44 59 299
