48
0 1 50 50
0 2 0 950
0 3 993 965
0 4 993 972
0 5 991 982
0 6 989 966
0 7 993 982
0 8 994 966
0 9 985 953
0 10 961 955
0 11 982 970
0 12 967 955
0 13 991 973
0 14 998 999
0 15 998 993
0 16 969 972
0 17 995 953
0 18 989 984
0 19 995 977
0 20 980 970
0 21 959 967
0 22 951 984
0 23 999 960
0 24 969 957
0 25 974 963
0 26 966 988
0 27 968 987
0 28 973 977
0 29 964 965
0 30 987 966
0 31 961 955
0 32 997 956
0 33 976 958
0 34 992 989
0 35 985 960
0 36 996 997
0 37 976 976
0 38 951 955
0 39 998 988
0 40 984 989
0 41 998 954
0 42 973 990
0 43 995 976
0 44 954 986
0 45 997 953
0 46 964 972
0 47 995 989
1 2 950 0
1 3 986 979
1 4 953 966
1 5 995 984
1 6 967 991
1 7 962 952
1 8 995 982
1 9 962 983
1 10 967 975
1 11 974 970
1 12 998 996
1 13 999 955
1 14 995 994
1 15 959 976
1 16 960 988
1 17 972 989
1 18 992 991
1 19 994 967
1 20 987 951
1 21 992 974
1 22 985 977
1 23 989 962
1 24 995 970
1 25 955 998
1 26 959 959
1 27 957 982
1 28 974 986
1 29 959 966
1 30 955 986
1 31 992 966
1 32 991 968
1 33 999 972
1 34 953 959
1 35 955 969
1 36 959 996
1 37 981 989
1 38 994 973
1 39 999 969
1 40 961 961
1 41 950 951
1 42 989 982
1 43 974 987
1 44 974 998
1 45 958 995
1 46 968 955
1 47 988 956
2 3 970 983
2 4 983 956
2 5 972 998
2 6 978 970
2 7 997 959
2 8 988 954
2 9 983 985
2 10 983 969
2 11 961 961
2 12 957 982
2 13 961 983
2 14 994 981
2 15 985 963
2 16 999 971
2 17 960 954
2 18 970 989
2 19 958 982
2 20 964 985
2 21 973 996
2 22 985 971
2 23 970 998
2 24 974 964
2 25 988 979
2 26 950 974
2 27 997 955
2 28 995 962
2 29 998 986
2 30 956 954
2 31 995 969
2 32 963 975
2 33 955 988
2 34 981 985
2 35 951 964
2 36 995 993
2 37 976 972
2 38 963 987
2 39 985 977
2 40 957 985
2 41 971 983
2 42 992 969
2 43 951 951
2 44 987 953
2 45 980 988
2 46 964 986
2 47 955 995
3 4 151 117
3 5 71 184
3 6 137 50
3 7 74 185
3 8 176 158
3 9 128 163
3 10 85 55
3 11 96 79
3 12 207 71
3 13 229 133
3 14 97 125
3 15 148 57
3 16 117 192
3 17 199 153
3 18 229 156
3 19 99 115
3 20 109 91
3 21 89 240
3 22 188 115
3 23 159 104
3 24 223 138
3 25 112 169
3 26 218 163
3 27 72 84
3 28 125 159
3 29 130 246
3 30 100 95
3 31 95 144
3 32 78 144
3 33 234 134
3 34 224 99
3 35 68 221
3 36 63 102
3 37 129 73
3 38 249 118
3 39 114 153
3 40 240 126
3 41 89 91
3 42 139 142
3 43 245 91
3 44 216 167
3 45 216 231
3 46 207 111
3 47 106 80
4 5 174 227
4 6 226 194
4 7 173 115
4 8 235 221
4 9 245 81
4 10 107 184
4 11 110 247
4 12 161 100
4 13 207 246
4 14 160 220
4 15 92 118
4 16 245 54
4 17 160 89
4 18 151 231
4 19 70 243
4 20 141 83
4 21 169 103
4 22 181 172
4 23 136 92
4 24 118 64
4 25 225 234
4 26 177 63
4 27 111 159
4 28 163 106
4 29 212 118
4 30 142 221
4 31 56 156
4 32 207 80
4 33 131 72
4 34 134 94
4 35 165 160
4 36 179 164
4 37 163 56
4 38 138 106
4 39 81 163
4 40 138 234
4 41 59 140
4 42 148 238
4 43 198 94
4 44 88 63
4 45 152 119
4 46 234 188
4 47 189 62
5 6 171 202
5 7 175 77
5 8 141 107
5 9 214 139
5 10 195 174
5 11 131 162
5 12 80 213
5 13 72 187
5 14 174 150
5 15 144 206
5 16 84 146
5 17 225 71
5 18 62 186
5 19 169 112
5 20 166 212
5 21 154 133
5 22 229 106
5 23 139 156
5 24 160 90
5 25 150 219
5 26 68 84
5 27 94 56
5 28 105 212
5 29 185 88
5 30 191 132
5 31 78 238
5 32 152 209
5 33 130 111
5 34 222 174
5 35 242 70
5 36 77 68
5 37 149 114
5 38 223 102
5 39 182 58
5 40 191 99
5 41 168 133
5 42 170 118
5 43 188 248
5 44 53 125
5 45 127 190
5 46 75 246
5 47 227 156
6 7 183 243
6 8 114 141
6 9 133 156
6 10 58 232
6 11 80 135
6 12 97 162
6 13 79 197
6 14 104 54
6 15 87 107
6 16 198 114
6 17 118 244
6 18 163 167
6 19 148 138
6 20 147 131
6 21 80 105
6 22 195 173
6 23 228 183
6 24 179 156
6 25 146 101
6 26 167 60
6 27 144 50
6 28 109 99
6 29 223 184
6 30 79 51
6 31 214 210
6 32 93 175
6 33 71 81
6 34 208 126
6 35 219 196
6 36 131 238
6 37 203 154
6 38 204 105
6 39 82 230
6 40 59 150
6 41 138 61
6 42 216 105
6 43 201 63
6 44 217 126
6 45 161 92
6 46 206 161
6 47 109 173
7 8 241 149
7 9 119 163
7 10 108 140
7 11 112 78
7 12 136 228
7 13 126 89
7 14 131 198
7 15 220 78
7 16 180 237
7 17 165 109
7 18 50 150
7 19 223 52
7 20 211 197
7 21 83 210
7 22 55 138
7 23 132 229
7 24 192 64
7 25 181 109
7 26 196 107
7 27 168 92
7 28 200 210
7 29 125 205
7 30 103 161
7 31 137 109
7 32 248 165
7 33 244 131
7 34 111 148
7 35 141 181
7 36 219 204
7 37 83 249
7 38 58 110
7 39 240 131
7 40 200 228
7 41 177 61
7 42 177 188
7 43 62 200
7 44 156 195
7 45 184 215
7 46 168 143
7 47 221 232
8 9 153 81
8 10 103 211
8 11 113 149
8 12 122 226
8 13 123 117
8 14 148 231
8 15 216 244
8 16 232 195
8 17 234 122
8 18 142 199
8 19 116 101
8 20 113 139
8 21 224 90
8 22 153 248
8 23 174 127
8 24 52 216
8 25 248 154
8 26 144 50
8 27 128 148
8 28 108 77
8 29 85 89
8 30 244 120
8 31 186 185
8 32 244 209
8 33 179 78
8 34 90 214
8 35 97 121
8 36 108 220
8 37 207 131
8 38 238 104
8 39 161 79
8 40 174 84
8 41 228 120
8 42 202 204
8 43 227 111
8 44 242 228
8 45 149 237
8 46 190 76
8 47 242 61
9 10 150 81
9 11 175 190
9 12 101 186
9 13 205 68
9 14 206 212
9 15 153 146
9 16 124 76
9 17 178 89
9 18 76 96
9 19 170 164
9 20 129 204
9 21 75 122
9 22 176 67
9 23 234 96
9 24 145 191
9 25 236 139
9 26 235 136
9 27 157 146
9 28 54 75
9 29 63 121
9 30 127 227
9 31 135 183
9 32 183 71
9 33 236 74
9 34 69 62
9 35 114 187
9 36 230 136
9 37 200 91
9 38 132 139
9 39 133 106
9 40 58 183
9 41 126 226
9 42 97 72
9 43 118 210
9 44 141 175
9 45 90 113
9 46 167 187
9 47 217 179
10 11 70 58
10 12 228 217
10 13 70 222
10 14 244 185
10 15 193 142
10 16 63 177
10 17 202 191
10 18 81 239
10 19 60 166
10 20 55 62
10 21 134 179
10 22 76 165
10 23 125 85
10 24 54 122
10 25 181 194
10 26 112 145
10 27 93 244
10 28 125 92
10 29 229 110
10 30 87 137
10 31 190 236
10 32 184 64
10 33 238 149
10 34 74 91
10 35 95 188
10 36 244 199
10 37 222 222
10 38 170 249
10 39 144 227
10 40 95 137
10 41 88 163
10 42 100 129
10 43 176 230
10 44 61 102
10 45 147 166
10 46 77 165
10 47 68 165
11 12 239 104
11 13 69 125
11 14 63 107
11 15 94 244
11 16 230 119
11 17 126 181
11 18 85 203
11 19 115 88
11 20 169 185
11 21 88 77
11 22 158 51
11 23 199 97
11 24 61 76
11 25 212 128
11 26 196 77
11 27 69 89
11 28 148 182
11 29 84 99
11 30 78 159
11 31 87 57
11 32 147 194
11 33 55 71
11 34 149 248
11 35 97 205
11 36 86 108
11 37 117 240
11 38 100 218
11 39 202 114
11 40 225 52
11 41 101 137
11 42 201 177
11 43 55 178
11 44 160 243
11 45 140 229
11 46 81 74
11 47 87 75
12 13 220 218
12 14 192 57
12 15 150 164
12 16 175 147
12 17 75 225
12 18 216 190
12 19 140 109
12 20 187 249
12 21 127 176
12 22 112 57
12 23 112 189
12 24 246 194
12 25 125 120
12 26 165 60
12 27 134 85
12 28 243 119
12 29 82 165
12 30 227 174
12 31 87 62
12 32 193 194
12 33 204 63
12 34 154 217
12 35 155 217
12 36 113 85
12 37 100 174
12 38 111 232
12 39 230 134
12 40 165 86
12 41 230 117
12 42 159 74
12 43 156 85
12 44 52 125
12 45 154 76
12 46 200 121
12 47 111 97
13 14 97 178
13 15 88 190
13 16 157 196
13 17 55 105
13 18 177 237
13 19 64 191
13 20 241 92
13 21 222 225
13 22 58 73
13 23 169 81
13 24 202 174
13 25 54 191
13 26 167 75
13 27 67 228
13 28 65 123
13 29 81 184
13 30 134 241
13 31 80 60
13 32 143 119
13 33 228 55
13 34 99 165
13 35 114 109
13 36 60 89
13 37 238 186
13 38 186 63
13 39 113 181
13 40 108 62
13 41 217 152
13 42 114 112
13 43 54 217
13 44 242 203
13 45 134 146
13 46 216 250
13 47 200 174
14 15 135 54
14 16 191 120
14 17 84 246
14 18 160 181
14 19 182 93
14 20 222 62
14 21 197 160
14 22 69 196
14 23 78 65
14 24 100 101
14 25 240 141
14 26 131 84
14 27 91 194
14 28 107 124
14 29 57 92
14 30 199 151
14 31 50 53
14 32 164 200
14 33 63 185
14 34 166 100
14 35 122 162
14 36 237 109
14 37 59 183
14 38 102 141
14 39 54 54
14 40 154 238
14 41 178 146
14 42 214 165
14 43 129 125
14 44 76 140
14 45 148 223
14 46 166 186
14 47 186 153
15 16 185 237
15 17 219 232
15 18 81 192
15 19 56 81
15 20 116 124
15 21 209 222
15 22 214 160
15 23 140 88
15 24 63 156
15 25 72 56
15 26 100 202
15 27 105 115
15 28 237 122
15 29 79 223
15 30 104 171
15 31 185 77
15 32 114 179
15 33 188 84
15 34 125 142
15 35 196 204
15 36 90 247
15 37 126 177
15 38 173 224
15 39 54 207
15 40 242 194
15 41 158 161
15 42 182 106
15 43 55 244
15 44 79 211
15 45 155 106
15 46 213 162
15 47 102 216
16 17 113 182
16 18 116 207
16 19 239 211
16 20 224 243
16 21 113 182
16 22 106 170
16 23 125 52
16 24 231 208
16 25 52 138
16 26 116 168
16 27 82 183
16 28 188 155
16 29 82 119
16 30 226 129
16 31 135 50
16 32 195 240
16 33 150 120
16 34 63 128
16 35 121 85
16 36 84 117
16 37 220 99
16 38 225 178
16 39 92 211
16 40 52 84
16 41 182 112
16 42 139 113
16 43 50 107
16 44 85 108
16 45 165 120
16 46 248 87
16 47 76 233
17 18 94 50
17 19 248 157
17 20 191 243
17 21 87 151
17 22 125 142
17 23 191 109
17 24 75 192
17 25 150 209
17 26 223 53
17 27 180 138
17 28 228 185
17 29 73 133
17 30 144 125
17 31 140 76
17 32 153 183
17 33 242 102
17 34 124 244
17 35 230 220
17 36 198 70
17 37 161 80
17 38 119 113
17 39 136 206
17 40 86 187
17 41 85 98
17 42 160 114
17 43 56 244
17 44 181 192
17 45 155 185
17 46 184 244
17 47 106 206
18 19 90 63
18 20 121 247
18 21 106 124
18 22 190 155
18 23 203 185
18 24 220 155
18 25 225 129
18 26 130 186
18 27 182 239
18 28 173 132
18 29 195 184
18 30 155 86
18 31 116 92
18 32 73 83
18 33 182 103
18 34 99 188
18 35 54 133
18 36 67 220
18 37 96 155
18 38 235 107
18 39 139 167
18 40 130 178
18 41 230 50
18 42 218 245
18 43 147 63
18 44 103 74
18 45 121 232
18 46 240 194
18 47 152 249
19 20 58 196
19 21 85 179
19 22 187 131
19 23 135 91
19 24 122 52
19 25 200 191
19 26 230 120
19 27 131 239
19 28 96 70
19 29 240 204
19 30 142 97
19 31 179 187
19 32 82 142
19 33 149 220
19 34 67 104
19 35 153 185
19 36 230 73
19 37 234 156
19 38 169 241
19 39 109 62
19 40 225 171
19 41 222 170
19 42 225 207
19 43 224 105
19 44 120 65
19 45 171 222
19 46 225 118
19 47 121 209
20 21 239 54
20 22 235 195
20 23 149 110
20 24 228 185
20 25 91 97
20 26 136 108
20 27 214 193
20 28 210 206
20 29 211 123
20 30 233 112
20 31 230 174
20 32 160 81
20 33 116 230
20 34 82 164
20 35 180 214
20 36 136 157
20 37 84 72
20 38 220 215
20 39 157 137
20 40 187 143
20 41 121 241
20 42 129 92
20 43 237 86
20 44 171 140
20 45 119 82
20 46 228 241
20 47 124 148
21 22 218 113
21 23 104 52
21 24 106 215
21 25 173 82
21 26 80 230
21 27 148 162
21 28 178 236
21 29 140 171
21 30 201 148
21 31 151 221
21 32 63 227
21 33 130 99
21 34 240 154
21 35 151 61
21 36 52 248
21 37 142 208
21 38 165 123
21 39 204 151
21 40 241 146
21 41 69 160
21 42 142 157
21 43 110 240
21 44 245 51
21 45 179 238
21 46 138 73
21 47 212 85
22 23 228 65
22 24 174 173
22 25 111 242
22 26 80 83
22 27 176 73
22 28 77 213
22 29 178 214
22 30 98 119
22 31 83 141
22 32 196 111
22 33 158 125
22 34 84 137
22 35 221 54
22 36 80 173
22 37 135 144
22 38 245 226
22 39 153 232
22 40 187 133
22 41 244 75
22 42 151 134
22 43 228 175
22 44 92 242
22 45 225 206
22 46 73 53
22 47 241 102
23 24 220 67
23 25 189 87
23 26 151 243
23 27 248 97
23 28 121 169
23 29 110 136
23 30 74 208
23 31 233 85
23 32 229 234
23 33 166 180
23 34 107 100
23 35 145 133
23 36 98 173
23 37 91 111
23 38 229 217
23 39 90 210
23 40 246 154
23 41 170 180
23 42 76 140
23 43 240 189
23 44 114 211
23 45 248 137
23 46 76 169
23 47 123 124
24 25 145 126
24 26 55 165
24 27 133 166
24 28 137 58
24 29 225 244
24 30 52 60
24 31 194 186
24 32 80 110
24 33 228 133
24 34 182 61
24 35 245 181
24 36 126 113
24 37 112 143
24 38 153 88
24 39 188 73
24 40 190 128
24 41 188 63
24 42 216 159
24 43 79 128
24 44 66 136
24 45 171 248
24 46 127 241
24 47 221 239
25 26 169 55
25 27 57 138
25 28 61 139
25 29 92 85
25 30 238 83
25 31 199 53
25 32 139 168
25 33 210 78
25 34 164 189
25 35 174 93
25 36 208 210
25 37 122 173
25 38 61 171
25 39 177 119
25 40 177 89
25 41 110 138
25 42 123 51
25 43 226 209
25 44 176 165
25 45 176 56
25 46 80 136
25 47 98 135
26 27 90 122
26 28 229 172
26 29 54 127
26 30 195 82
26 31 115 82
26 32 62 136
26 33 147 237
26 34 220 89
26 35 155 223
26 36 158 168
26 37 154 248
26 38 73 148
26 39 108 225
26 40 81 166
26 41 180 84
26 42 217 196
26 43 126 221
26 44 145 117
26 45 246 116
26 46 199 155
26 47 206 204
27 28 117 141
27 29 230 137
27 30 137 212
27 31 211 137
27 32 227 74
27 33 141 66
27 34 119 191
27 35 175 190
27 36 95 184
27 37 182 222
27 38 201 61
27 39 168 58
27 40 187 219
27 41 103 61
27 42 103 54
27 43 106 135
27 44 202 61
27 45 145 212
27 46 63 131
27 47 151 153
28 29 130 147
28 30 54 73
28 31 226 148
28 32 150 81
28 33 117 100
28 34 115 50
28 35 114 215
28 36 69 141
28 37 225 121
28 38 249 58
28 39 153 227
28 40 246 169
28 41 163 169
28 42 57 179
28 43 143 101
28 44 124 58
28 45 75 95
28 46 215 74
28 47 178 186
29 30 138 139
29 31 88 236
29 32 131 158
29 33 158 119
29 34 168 96
29 35 129 223
29 36 57 138
29 37 206 108
29 38 82 79
29 39 76 244
29 40 221 137
29 41 190 249
29 42 54 117
29 43 205 82
29 44 242 176
29 45 198 103
29 46 192 135
29 47 133 226
30 31 214 72
30 32 138 158
30 33 243 230
30 34 183 51
30 35 242 143
30 36 143 161
30 37 227 66
30 38 105 210
30 39 246 159
30 40 100 247
30 41 74 151
30 42 205 89
30 43 61 219
30 44 216 90
30 45 137 113
30 46 141 210
30 47 146 86
31 32 207 190
31 33 195 95
31 34 146 130
31 35 155 128
31 36 103 147
31 37 186 224
31 38 162 209
31 39 244 150
31 40 60 91
31 41 204 195
31 42 202 189
31 43 100 220
31 44 212 114
31 45 184 190
31 46 125 248
31 47 147 133
32 33 147 111
32 34 82 120
32 35 53 106
32 36 203 156
32 37 134 204
32 38 181 133
32 39 240 138
32 40 159 94
32 41 116 227
32 42 241 149
32 43 109 203
32 44 184 58
32 45 53 166
32 46 249 137
32 47 184 91
33 34 107 176
33 35 119 226
33 36 87 120
33 37 116 219
33 38 165 236
33 39 237 66
33 40 233 90
33 41 196 195
33 42 59 231
33 43 228 139
33 44 161 89
33 45 112 139
33 46 204 55
33 47 127 154
34 35 239 151
34 36 60 79
34 37 114 106
34 38 223 180
34 39 66 112
34 40 205 227
34 41 205 166
34 42 226 120
34 43 207 97
34 44 90 194
34 45 189 172
34 46 226 152
34 47 184 119
35 36 244 189
35 37 172 244
35 38 169 50
35 39 240 117
35 40 190 187
35 41 125 65
35 42 105 93
35 43 219 61
35 44 107 76
35 45 60 183
35 46 146 56
35 47 226 216
36 37 224 183
36 38 105 107
36 39 86 187
36 40 182 97
36 41 94 107
36 42 181 190
36 43 222 80
36 44 205 207
36 45 78 198
36 46 95 60
36 47 207 67
37 38 233 168
37 39 169 113
37 40 221 120
37 41 227 132
37 42 81 158
37 43 53 120
37 44 98 62
37 45 52 89
37 46 155 214
37 47 55 164
38 39 180 228
38 40 212 65
38 41 118 225
38 42 225 205
38 43 229 123
38 44 137 237
38 45 167 154
38 46 113 85
38 47 106 208
39 40 116 169
39 41 103 180
39 42 145 234
39 43 66 245
39 44 83 68
39 45 103 142
39 46 68 215
39 47 63 248
40 41 240 212
40 42 249 73
40 43 223 85
40 44 227 127
40 45 70 216
40 46 175 98
40 47 235 91
41 42 52 116
41 43 225 120
41 44 150 84
41 45 110 236
41 46 69 177
41 47 79 52
42 43 242 157
42 44 72 128
42 45 126 52
42 46 180 73
42 47 78 101
43 44 86 110
43 45 185 226
43 46 152 137
43 47 169 173
44 45 102 79
44 46 178 110
44 47 205 192
45 46 206 126
45 47 123 197
46 47 97 106
