48
0 1 14 14
0 2 0 986
0 3 995 988
0 4 991 988
0 5 993 999
0 6 986 999
0 7 996 990
0 8 987 989
0 9 995 993
0 10 990 998
0 11 991 987
0 12 991 998
0 13 987 989
0 14 989 994
0 15 998 998
0 16 993 994
0 17 986 999
0 18 997 986
0 19 992 998
0 20 992 999
0 21 991 986
0 22 991 998
0 23 989 999
0 24 997 989
0 25 992 993
0 26 992 999
0 27 994 992
0 28 991 996
0 29 999 991
0 30 995 989
0 31 995 996
0 32 988 995
0 33 999 995
0 34 997 988
0 35 988 986
0 36 997 991
0 37 989 988
0 38 988 999
0 39 993 999
0 40 998 986
0 41 994 998
0 42 988 988
0 43 987 996
0 44 989 995
0 45 996 996
0 46 997 989
0 47 996 987
1 2 986 0
1 3 995 994
1 4 997 990
1 5 997 995
1 6 995 987
1 7 989 997
1 8 996 994
1 9 994 996
1 10 990 997
1 11 989 988
1 12 994 995
1 13 990 988
1 14 995 995
1 15 999 993
1 16 994 987
1 17 993 993
1 18 986 990
1 19 999 991
1 20 997 999
1 21 993 999
1 22 986 988
1 23 986 992
1 24 991 998
1 25 993 994
1 26 990 993
1 27 989 996
1 28 991 989
1 29 989 995
1 30 997 988
1 31 989 998
1 32 986 989
1 33 997 999
1 34 988 987
1 35 993 990
1 36 987 995
1 37 996 990
1 38 999 991
1 39 998 999
1 40 991 986
1 41 996 990
1 42 994 987
1 43 995 993
1 44 994 995
1 45 993 999
1 46 991 988
1 47 997 996
2 3 988 988
2 4 996 990
2 5 986 997
2 6 991 993
2 7 993 988
2 8 999 992
2 9 997 997
2 10 997 995
2 11 987 986
2 12 994 995
2 13 986 991
2 14 998 991
2 15 988 991
2 16 993 993
2 17 988 999
2 18 1000 996
2 19 988 994
2 20 999 989
2 21 993 995
2 22 998 993
2 23 986 993
2 24 996 991
2 25 994 995
2 26 997 990
2 27 992 997
2 28 986 998
2 29 996 999
2 30 990 987
2 31 998 992
2 32 992 999
2 33 992 994
2 34 993 989
2 35 997 996
2 36 987 988
2 37 993 987
2 38 991 994
2 39 997 994
2 40 988 993
2 41 990 999
2 42 995 997
2 43 992 989
2 44 995 994
2 45 997 997
2 46 993 997
2 47 996 998
3 4 52 89
3 5 78 71
3 6 50 49
3 7 72 26
3 8 21 15
3 9 52 85
3 10 69 69
3 11 17 33
3 12 16 33
3 13 46 33
3 14 35 83
3 15 32 14
3 16 84 54
3 17 59 59
3 18 89 70
3 19 71 15
3 20 89 44
3 21 21 78
3 22 35 30
3 23 55 80
3 24 63 43
3 25 33 60
3 26 53 15
3 27 54 65
3 28 62 24
3 29 63 58
3 30 48 88
3 31 21 63
3 32 88 86
3 33 56 16
3 34 84 48
3 35 87 76
3 36 56 24
3 37 34 42
3 38 35 25
3 39 64 84
3 40 74 86
3 41 66 23
3 42 53 52
3 43 42 14
3 44 64 42
3 45 31 64
3 46 37 27
3 47 45 15
4 5 73 74
4 6 17 52
4 7 42 66
4 8 49 79
4 9 18 53
4 10 31 85
4 11 71 15
4 12 22 53
4 13 14 25
4 14 56 52
4 15 80 42
4 16 78 67
4 17 79 78
4 18 58 75
4 19 19 67
4 20 32 27
4 21 85 57
4 22 52 34
4 23 81 62
4 24 41 47
4 25 44 59
4 26 37 56
4 27 30 86
4 28 75 42
4 29 48 27
4 30 67 29
4 31 84 39
4 32 79 83
4 33 64 60
4 34 20 80
4 35 35 80
4 36 80 24
4 37 76 72
4 38 32 43
4 39 59 81
4 40 85 70
4 41 42 53
4 42 36 61
4 43 56 68
4 44 69 38
4 45 25 84
4 46 27 48
4 47 17 62
5 6 20 77
5 7 40 69
5 8 64 63
5 9 48 15
5 10 28 45
5 11 33 26
5 12 43 85
5 13 38 53
5 14 55 49
5 15 80 86
5 16 25 75
5 17 86 28
5 18 60 39
5 19 75 75
5 20 87 68
5 21 52 43
5 22 39 84
5 23 15 89
5 24 25 53
5 25 34 21
5 26 28 73
5 27 74 38
5 28 47 54
5 29 74 37
5 30 73 17
5 31 65 33
5 32 70 48
5 33 20 26
5 34 76 47
5 35 61 34
5 36 50 28
5 37 18 18
5 38 46 14
5 39 15 45
5 40 43 53
5 41 73 17
5 42 27 26
5 43 49 75
5 44 14 16
5 45 54 82
5 46 21 83
5 47 26 15
6 7 62 69
6 8 60 20
6 9 61 67
6 10 15 52
6 11 38 26
6 12 25 85
6 13 31 59
6 14 65 79
6 15 57 72
6 16 74 72
6 17 31 37
6 18 39 84
6 19 73 71
6 20 54 18
6 21 66 55
6 22 63 16
6 23 59 56
6 24 64 62
6 25 75 76
6 26 52 57
6 27 77 68
6 28 58 51
6 29 26 21
6 30 77 76
6 31 55 38
6 32 26 58
6 33 56 89
6 34 55 65
6 35 25 88
6 36 70 60
6 37 80 56
6 38 21 45
6 39 48 87
6 40 47 67
6 41 64 74
6 42 79 15
6 43 14 18
6 44 20 40
6 45 29 40
6 46 70 27
6 47 53 15
7 8 29 50
7 9 68 49
7 10 44 64
7 11 30 32
7 12 77 55
7 13 48 57
7 14 75 35
7 15 82 20
7 16 29 30
7 17 43 61
7 18 45 64
7 19 77 62
7 20 38 45
7 21 60 19
7 22 55 34
7 23 29 68
7 24 46 75
7 25 44 65
7 26 14 21
7 27 37 58
7 28 41 72
7 29 89 21
7 30 73 33
7 31 42 28
7 32 55 87
7 33 41 29
7 34 39 49
7 35 54 38
7 36 50 22
7 37 54 59
7 38 62 48
7 39 67 74
7 40 71 14
7 41 64 48
7 42 63 26
7 43 58 62
7 44 22 80
7 45 56 48
7 46 81 75
7 47 88 16
8 9 23 66
8 10 55 59
8 11 20 44
8 12 25 52
8 13 17 70
8 14 45 42
8 15 47 46
8 16 63 77
8 17 82 27
8 18 65 50
8 19 30 23
8 20 60 66
8 21 30 14
8 22 27 38
8 23 48 43
8 24 42 32
8 25 54 64
8 26 52 53
8 27 47 68
8 28 47 88
8 29 35 22
8 30 37 41
8 31 56 38
8 32 44 31
8 33 70 44
8 34 87 65
8 35 87 82
8 36 15 68
8 37 85 85
8 38 37 19
8 39 72 36
8 40 19 68
8 41 55 23
8 42 64 15
8 43 85 27
8 44 46 71
8 45 27 67
8 46 65 53
8 47 44 14
9 10 31 50
9 11 80 16
9 12 34 25
9 13 27 48
9 14 81 71
9 15 40 74
9 16 83 31
9 17 71 66
9 18 61 25
9 19 40 68
9 20 46 43
9 21 43 14
9 22 25 82
9 23 34 15
9 24 53 74
9 25 41 53
9 26 18 57
9 27 72 58
9 28 21 48
9 29 14 19
9 30 31 39
9 31 20 36
9 32 79 65
9 33 67 29
9 34 75 60
9 35 86 79
9 36 78 23
9 37 25 40
9 38 40 23
9 39 51 29
9 40 35 34
9 41 53 28
9 42 83 41
9 43 36 71
9 44 55 75
9 45 54 54
9 46 89 25
9 47 77 21
10 11 44 80
10 12 62 57
10 13 80 15
10 14 46 63
10 15 40 81
10 16 28 83
10 17 41 73
10 18 72 51
10 19 18 35
10 20 50 17
10 21 42 17
10 22 17 22
10 23 30 39
10 24 50 18
10 25 81 87
10 26 29 75
10 27 37 15
10 28 69 25
10 29 37 49
10 30 85 31
10 31 29 82
10 32 45 73
10 33 62 16
10 34 68 77
10 35 34 49
10 36 83 81
10 37 43 79
10 38 88 33
10 39 26 72
10 40 89 27
10 41 89 67
10 42 80 26
10 43 24 82
10 44 38 35
10 45 40 75
10 46 75 53
10 47 45 58
11 12 42 33
11 13 26 79
11 14 57 74
11 15 41 82
11 16 22 49
11 17 56 74
11 18 26 22
11 19 42 28
11 20 77 21
11 21 39 57
11 22 29 87
11 23 59 65
11 24 87 28
11 25 73 26
11 26 29 58
11 27 77 73
11 28 40 53
11 29 74 71
11 30 67 81
11 31 61 60
11 32 73 54
11 33 67 44
11 34 83 78
11 35 63 63
11 36 43 66
11 37 23 16
11 38 81 65
11 39 52 17
11 40 42 33
11 41 45 83
11 42 39 15
11 43 49 15
11 44 71 71
11 45 70 34
11 46 20 60
11 47 76 23
12 13 73 40
12 14 61 85
12 15 14 62
12 16 69 73
12 17 42 76
12 18 28 82
12 19 36 85
12 20 21 16
12 21 77 31
12 22 60 16
12 23 68 55
12 24 35 82
12 25 43 42
12 26 55 28
12 27 23 31
12 28 80 61
12 29 88 88
12 30 19 46
12 31 53 60
12 32 35 31
12 33 35 23
12 34 53 64
12 35 71 78
12 36 47 56
12 37 15 82
12 38 63 55
12 39 37 34
12 40 39 52
12 41 23 24
12 42 62 74
12 43 43 43
12 44 89 46
12 45 37 57
12 46 67 32
12 47 54 44
13 14 89 71
13 15 61 84
13 16 83 83
13 17 75 55
13 18 47 40
13 19 49 78
13 20 55 40
13 21 86 35
13 22 27 21
13 23 48 89
13 24 40 83
13 25 83 54
13 26 35 29
13 27 26 59
13 28 64 86
13 29 49 27
13 30 88 53
13 31 53 14
13 32 17 35
13 33 36 80
13 34 50 73
13 35 60 55
13 36 58 65
13 37 64 32
13 38 29 31
13 39 19 35
13 40 86 77
13 41 60 26
13 42 43 28
13 43 43 59
13 44 80 65
13 45 89 53
13 46 34 76
13 47 42 46
14 15 65 40
14 16 33 51
14 17 81 53
14 18 48 75
14 19 41 61
14 20 88 33
14 21 83 71
14 22 41 86
14 23 32 18
14 24 27 15
14 25 55 81
14 26 22 40
14 27 44 51
14 28 57 45
14 29 75 50
14 30 79 55
14 31 15 41
14 32 24 84
14 33 17 88
14 34 18 24
14 35 67 48
14 36 30 65
14 37 43 55
14 38 19 41
14 39 63 45
14 40 52 87
14 41 15 48
14 42 54 49
14 43 47 74
14 44 78 49
14 45 61 35
14 46 80 36
14 47 57 43
15 16 77 83
15 17 30 25
15 18 33 79
15 19 67 79
15 20 24 72
15 21 19 41
15 22 60 15
15 23 24 58
15 24 78 58
15 25 85 19
15 26 81 61
15 27 23 29
15 28 38 70
15 29 60 50
15 30 76 89
15 31 57 55
15 32 48 78
15 33 85 14
15 34 58 53
15 35 20 40
15 36 52 23
15 37 21 18
15 38 26 84
15 39 26 49
15 40 80 14
15 41 63 40
15 42 45 74
15 43 40 40
15 44 71 19
15 45 45 65
15 46 17 53
15 47 32 87
16 17 43 65
16 18 87 56
16 19 76 68
16 20 42 43
16 21 14 85
16 22 89 60
16 23 39 44
16 24 59 32
16 25 88 73
16 26 59 61
16 27 79 37
16 28 41 14
16 29 80 76
16 30 38 32
16 31 34 73
16 32 72 49
16 33 33 26
16 34 60 61
16 35 80 38
16 36 19 73
16 37 55 81
16 38 88 62
16 39 19 27
16 40 44 50
16 41 53 88
16 42 49 59
16 43 27 45
16 44 84 72
16 45 75 59
16 46 80 44
16 47 81 20
17 18 75 16
17 19 57 29
17 20 88 15
17 21 55 69
17 22 35 66
17 23 14 50
17 24 42 87
17 25 29 30
17 26 56 24
17 27 30 63
17 28 83 63
17 29 15 62
17 30 24 50
17 31 64 27
17 32 34 28
17 33 59 65
17 34 70 14
17 35 36 74
17 36 25 59
17 37 80 83
17 38 17 47
17 39 52 75
17 40 30 84
17 41 66 51
17 42 48 37
17 43 80 63
17 44 86 76
17 45 69 73
17 46 36 18
17 47 60 15
18 19 45 21
18 20 37 71
18 21 83 79
18 22 39 35
18 23 41 22
18 24 29 45
18 25 54 27
18 26 83 23
18 27 44 28
18 28 41 29
18 29 43 42
18 30 22 77
18 31 67 58
18 32 86 68
18 33 15 61
18 34 65 29
18 35 67 40
18 36 41 37
18 37 60 82
18 38 26 80
18 39 41 41
18 40 44 87
18 41 77 86
18 42 62 17
18 43 54 29
18 44 32 87
18 45 42 24
18 46 70 63
18 47 86 54
19 20 70 21
19 21 15 70
19 22 29 61
19 23 78 35
19 24 74 85
19 25 33 49
19 26 61 31
19 27 70 83
19 28 81 62
19 29 65 43
19 30 34 58
19 31 84 80
19 32 88 14
19 33 86 21
19 34 38 54
19 35 60 17
19 36 54 41
19 37 58 29
19 38 36 23
19 39 51 88
19 40 35 43
19 41 68 74
19 42 26 76
19 43 88 24
19 44 82 85
19 45 65 45
19 46 66 21
19 47 70 34
20 21 17 72
20 22 37 35
20 23 69 30
20 24 70 18
20 25 32 16
20 26 84 27
20 27 76 62
20 28 75 15
20 29 76 68
20 30 21 56
20 31 64 21
20 32 36 36
20 33 78 39
20 34 59 79
20 35 47 65
20 36 26 44
20 37 57 38
20 38 21 30
20 39 14 72
20 40 66 46
20 41 50 44
20 42 67 42
20 43 73 88
20 44 63 46
20 45 39 89
20 46 19 62
20 47 28 28
21 22 31 77
21 23 87 71
21 24 81 16
21 25 42 86
21 26 16 20
21 27 15 49
21 28 69 46
21 29 31 70
21 30 20 60
21 31 59 58
21 32 59 82
21 33 78 75
21 34 35 24
21 35 41 62
21 36 68 51
21 37 80 63
21 38 54 57
21 39 75 19
21 40 62 79
21 41 77 43
21 42 63 74
21 43 18 51
21 44 17 77
21 45 56 81
21 46 60 66
21 47 26 40
22 23 82 70
22 24 28 46
22 25 34 43
22 26 71 45
22 27 68 36
22 28 82 40
22 29 79 29
22 30 60 72
22 31 71 80
22 32 46 87
22 33 84 25
22 34 35 85
22 35 26 62
22 36 57 79
22 37 89 67
22 38 54 33
22 39 88 42
22 40 42 67
22 41 64 35
22 42 21 63
22 43 22 43
22 44 57 53
22 45 73 88
22 46 60 62
22 47 76 81
23 24 64 65
23 25 52 62
23 26 62 19
23 27 75 14
23 28 45 35
23 29 72 77
23 30 29 26
23 31 47 36
23 32 46 51
23 33 65 49
23 34 59 55
23 35 63 62
23 36 63 48
23 37 41 75
23 38 47 79
23 39 80 56
23 40 80 61
23 41 89 64
23 42 22 79
23 43 87 50
23 44 39 42
23 45 26 23
23 46 51 64
23 47 62 69
24 25 25 23
24 26 36 44
24 27 45 15
24 28 87 75
24 29 71 57
24 30 82 27
24 31 18 51
24 32 83 74
24 33 54 23
24 34 87 70
24 35 58 85
24 36 55 37
24 37 53 46
24 38 30 50
24 39 21 24
24 40 17 71
24 41 24 66
24 42 47 25
24 43 81 22
24 44 88 39
24 45 14 37
24 46 57 60
24 47 87 36
25 26 40 19
25 27 64 53
25 28 28 55
25 29 68 26
25 30 78 21
25 31 35 81
25 32 35 45
25 33 38 46
25 34 74 36
25 35 74 17
25 36 42 59
25 37 16 34
25 38 17 33
25 39 68 89
25 40 48 25
25 41 88 20
25 42 23 50
25 43 31 70
25 44 16 17
25 45 39 33
25 46 25 33
25 47 46 27
26 27 29 33
26 28 71 81
26 29 64 78
26 30 43 64
26 31 26 32
26 32 79 56
26 33 62 29
26 34 45 75
26 35 39 76
26 36 89 69
26 37 89 78
26 38 14 74
26 39 68 84
26 40 82 26
26 41 75 69
26 42 73 67
26 43 69 77
26 44 27 38
26 45 62 19
26 46 33 17
26 47 87 89
27 28 73 43
27 29 20 57
27 30 30 85
27 31 64 62
27 32 32 66
27 33 23 30
27 34 40 40
27 35 79 76
27 36 70 40
27 37 70 63
27 38 39 78
27 39 37 38
27 40 22 63
27 41 70 19
27 42 69 25
27 43 24 55
27 44 30 75
27 45 80 46
27 46 65 82
27 47 84 73
28 29 81 60
28 30 80 39
28 31 56 60
28 32 43 26
28 33 17 46
28 34 24 68
28 35 39 57
28 36 42 46
28 37 38 82
28 38 89 35
28 39 59 68
28 40 51 81
28 41 58 82
28 42 48 17
28 43 88 69
28 44 23 72
28 45 88 22
28 46 14 70
28 47 52 74
29 30 71 82
29 31 78 65
29 32 71 29
29 33 26 41
29 34 81 78
29 35 18 18
29 36 30 29
29 37 74 45
29 38 41 40
29 39 27 49
29 40 15 41
29 41 31 55
29 42 21 31
29 43 28 36
29 44 58 41
29 45 47 72
29 46 77 58
29 47 77 14
30 31 84 39
30 32 31 64
30 33 45 37
30 34 37 31
30 35 53 83
30 36 56 42
30 37 22 77
30 38 82 71
30 39 43 66
30 40 70 85
30 41 30 46
30 42 47 83
30 43 88 71
30 44 72 85
30 45 21 84
30 46 29 70
30 47 88 69
31 32 71 20
31 33 54 82
31 34 29 78
31 35 27 63
31 36 51 36
31 37 56 27
31 38 88 66
31 39 80 32
31 40 57 87
31 41 36 29
31 42 78 23
31 43 76 37
31 44 23 84
31 45 20 64
31 46 29 22
31 47 41 72
32 33 62 67
32 34 56 38
32 35 47 58
32 36 71 71
32 37 67 88
32 38 26 72
32 39 31 24
32 40 64 41
32 41 60 47
32 42 25 80
32 43 39 61
32 44 86 45
32 45 31 45
32 46 61 77
32 47 30 49
33 34 17 24
33 35 60 29
33 36 77 75
33 37 26 68
33 38 43 73
33 39 21 77
33 40 56 65
33 41 76 48
33 42 33 40
33 43 23 44
33 44 63 14
33 45 25 68
33 46 57 76
33 47 49 72
34 35 45 66
34 36 32 78
34 37 46 23
34 38 80 58
34 39 41 87
34 40 80 76
34 41 68 88
34 42 26 57
34 43 39 39
34 44 40 83
34 45 17 85
34 46 61 78
34 47 77 58
35 36 30 52
35 37 55 45
35 38 32 81
35 39 81 44
35 40 36 43
35 41 71 83
35 42 79 37
35 43 56 66
35 44 44 81
35 45 57 41
35 46 77 39
35 47 43 54
36 37 15 70
36 38 73 47
36 39 51 64
36 40 54 29
36 41 18 50
36 42 19 59
36 43 32 16
36 44 25 29
36 45 87 34
36 46 82 60
36 47 77 33
37 38 62 49
37 39 26 27
37 40 68 75
37 41 55 50
37 42 75 27
37 43 51 23
37 44 42 18
37 45 74 28
37 46 78 22
37 47 14 17
38 39 80 68
38 40 72 45
38 41 71 55
38 42 85 15
38 43 71 18
38 44 56 52
38 45 22 72
38 46 63 24
38 47 40 33
39 40 17 43
39 41 14 84
39 42 40 64
39 43 19 79
39 44 46 31
39 45 84 69
39 46 40 59
39 47 67 61
40 41 32 63
40 42 73 89
40 43 35 59
40 44 71 85
40 45 38 29
40 46 42 63
40 47 17 53
41 42 28 39
41 43 25 53
41 44 35 47
41 45 34 88
41 46 26 14
41 47 27 42
42 43 17 72
42 44 34 54
42 45 78 25
42 46 18 84
42 47 32 65
43 44 73 86
43 45 77 65
43 46 35 33
43 47 35 85
44 45 89 50
44 46 75 85
44 47 60 59
45 46 64 18
45 47 23 58
46 47 36 82
