50
0 1 10 10
0 2 0 990
0 3 998 991
0 4 990 999
0 5 998 996
0 6 999 998
0 7 990 995
0 8 996 995
0 9 999 996
0 10 992 990
0 11 999 994
0 12 996 991
0 13 991 990
0 14 999 992
0 15 991 991
0 16 991 992
0 17 996 998
0 18 996 990
0 19 992 994
0 20 998 998
0 21 997 991
0 22 992 990
0 23 991 998
0 24 997 993
0 25 998 992
0 26 994 996
0 27 992 991
0 28 993 991
0 29 995 999
0 30 997 992
0 31 997 995
0 32 998 994
0 33 996 999
0 34 994 992
0 35 994 993
0 36 998 991
0 37 994 995
0 38 994 994
0 39 990 998
0 40 991 991
0 41 995 996
0 42 994 990
0 43 995 999
0 44 998 998
0 45 999 996
0 46 998 999
0 47 994 991
0 48 992 992
0 49 999 999
1 2 990 0
1 3 999 996
1 4 994 993
1 5 998 995
1 6 991 996
1 7 996 994
1 8 997 999
1 9 999 991
1 10 997 997
1 11 999 994
1 12 998 996
1 13 991 994
1 14 995 994
1 15 999 995
1 16 996 998
1 17 991 990
1 18 994 996
1 19 991 999
1 20 993 999
1 21 998 999
1 22 995 997
1 23 996 998
1 24 999 996
1 25 996 996
1 26 996 990
1 27 990 994
1 28 995 992
1 29 992 990
1 30 995 991
1 31 997 997
1 32 996 992
1 33 990 992
1 34 997 998
1 35 995 995
1 36 990 990
1 37 998 999
1 38 995 995
1 39 994 996
1 40 998 991
1 41 993 995
1 42 998 997
1 43 991 996
1 44 995 992
1 45 996 996
1 46 991 998
1 47 992 996
1 48 996 996
1 49 991 990
2 3 993 997
2 4 998 996
2 5 993 991
2 6 999 995
2 7 996 990
2 8 994 995
2 9 997 990
2 10 992 990
2 11 992 994
2 12 993 992
2 13 995 998
2 14 994 997
2 15 998 999
2 16 991 995
2 17 999 994
2 18 999 991
2 19 999 1000
2 20 995 999
2 21 992 993
2 22 993 999
2 23 996 997
2 24 996 997
2 25 995 995
2 26 998 994
2 27 990 990
2 28 992 993
2 29 996 995
2 30 999 992
2 31 998 990
2 32 995 995
2 33 990 997
2 34 996 998
2 35 994 992
2 36 996 998
2 37 992 993
2 38 999 995
2 39 997 997
2 40 990 995
2 41 995 998
2 42 998 998
2 43 999 998
2 44 999 995
2 45 994 998
2 46 998 999
2 47 992 991
2 48 993 997
2 49 998 992
3 4 102 120
3 5 70 43
3 6 28 116
3 7 135 44
3 8 20 13
3 9 94 70
3 10 142 117
3 11 64 137
3 12 88 55
3 13 145 49
3 14 60 47
3 15 19 144
3 16 80 55
3 17 53 140
3 18 94 38
3 19 48 145
3 20 53 73
3 21 71 40
3 22 120 109
3 23 62 21
3 24 118 106
3 25 12 55
3 26 148 102
3 27 126 84
3 28 133 47
3 29 63 101
3 30 35 67
3 31 132 112
3 32 129 50
3 33 99 59
3 34 99 45
3 35 17 99
3 36 111 106
3 37 34 45
3 38 14 104
3 39 99 20
3 40 10 96
3 41 112 75
3 42 113 87
3 43 74 115
3 44 18 127
3 45 110 74
3 46 47 125
3 47 79 111
3 48 144 25
3 49 35 38
4 5 81 12
4 6 101 18
4 7 51 119
4 8 48 136
4 9 131 14
4 10 147 117
4 11 36 114
4 12 53 69
4 13 46 19
4 14 30 122
4 15 76 75
4 16 79 73
4 17 135 80
4 18 10 44
4 19 61 12
4 20 66 16
4 21 31 74
4 22 24 83
4 23 96 75
4 24 144 94
4 25 62 65
4 26 145 92
4 27 75 108
4 28 56 21
4 29 136 47
4 30 110 99
4 31 105 117
4 32 110 147
4 33 22 128
4 34 50 108
4 35 121 66
4 36 28 15
4 37 64 40
4 38 106 20
4 39 24 107
4 40 102 18
4 41 137 128
4 42 120 89
4 43 11 77
4 44 60 63
4 45 122 48
4 46 118 147
4 47 69 125
4 48 59 31
4 49 107 59
5 6 21 33
5 7 122 11
5 8 90 75
5 9 101 37
5 10 80 104
5 11 21 132
5 12 84 61
5 13 102 122
5 14 44 93
5 15 147 21
5 16 134 54
5 17 129 55
5 18 99 37
5 19 132 99
5 20 15 127
5 21 75 88
5 22 122 17
5 23 80 27
5 24 125 95
5 25 99 64
5 26 148 104
5 27 34 131
5 28 43 65
5 29 33 142
5 30 46 45
5 31 145 63
5 32 28 123
5 33 117 13
5 34 86 54
5 35 96 97
5 36 13 87
5 37 82 32
5 38 144 80
5 39 50 126
5 40 88 123
5 41 31 77
5 42 54 124
5 43 15 23
5 44 15 55
5 45 135 90
5 46 41 21
5 47 82 126
5 48 111 112
5 49 117 56
6 7 58 35
6 8 50 50
6 9 66 117
6 10 94 60
6 11 96 146
6 12 138 26
6 13 110 138
6 14 13 103
6 15 24 88
6 16 77 132
6 17 109 10
6 18 144 20
6 19 89 142
6 20 140 38
6 21 140 26
6 22 118 106
6 23 40 59
6 24 133 144
6 25 27 102
6 26 78 117
6 27 79 41
6 28 20 118
6 29 29 20
6 30 20 70
6 31 104 106
6 32 40 136
6 33 83 128
6 34 140 55
6 35 34 146
6 36 83 116
6 37 87 97
6 38 110 118
6 39 87 98
6 40 149 110
6 41 31 84
6 42 115 30
6 43 126 112
6 44 56 31
6 45 75 61
6 46 103 42
6 47 83 83
6 48 42 48
6 49 33 43
7 8 113 106
7 9 103 102
7 10 78 15
7 11 82 82
7 12 35 10
7 13 96 114
7 14 95 19
7 15 54 42
7 16 45 22
7 17 11 74
7 18 94 65
7 19 25 67
7 20 120 11
7 21 27 139
7 22 141 16
7 23 42 29
7 24 12 51
7 25 59 18
7 26 32 148
7 27 68 70
7 28 95 53
7 29 31 72
7 30 76 11
7 31 107 142
7 32 140 64
7 33 62 88
7 34 149 24
7 35 23 96
7 36 16 87
7 37 127 149
7 38 100 73
7 39 10 134
7 40 95 147
7 41 130 24
7 42 68 135
7 43 57 88
7 44 131 22
7 45 24 61
7 46 139 85
7 47 112 12
7 48 143 53
7 49 69 124
8 9 38 121
8 10 68 144
8 11 59 134
8 12 81 116
8 13 35 46
8 14 87 63
8 15 63 106
8 16 81 15
8 17 55 53
8 18 109 134
8 19 97 61
8 20 89 87
8 21 74 56
8 22 75 118
8 23 104 81
8 24 77 134
8 25 148 53
8 26 99 21
8 27 26 65
8 28 130 72
8 29 68 90
8 30 82 107
8 31 60 145
8 32 56 95
8 33 20 66
8 34 74 104
8 35 24 94
8 36 121 13
8 37 99 129
8 38 84 106
8 39 45 60
8 40 27 133
8 41 14 65
8 42 32 57
8 43 32 31
8 44 86 145
8 45 145 59
8 46 10 43
8 47 73 120
8 48 50 66
8 49 111 106
9 10 15 80
9 11 35 72
9 12 106 70
9 13 56 139
9 14 141 131
9 15 92 66
9 16 112 49
9 17 84 148
9 18 112 101
9 19 63 72
9 20 21 109
9 21 97 96
9 22 146 131
9 23 122 89
9 24 53 16
9 25 37 70
9 26 105 147
9 27 40 76
9 28 15 99
9 29 68 141
9 30 149 147
9 31 57 143
9 32 148 77
9 33 33 73
9 34 22 133
9 35 83 13
9 36 24 96
9 37 30 52
9 38 21 102
9 39 95 43
9 40 13 102
9 41 67 12
9 42 60 132
9 43 77 111
9 44 117 68
9 45 41 23
9 46 59 43
9 47 55 27
9 48 67 106
9 49 134 124
10 11 133 63
10 12 43 63
10 13 147 109
10 14 139 120
10 15 44 13
10 16 109 66
10 17 105 119
10 18 47 108
10 19 148 111
10 20 105 77
10 21 58 11
10 22 123 41
10 23 132 57
10 24 24 144
10 25 144 93
10 26 124 100
10 27 13 128
10 28 54 42
10 29 130 114
10 30 140 77
10 31 29 117
10 32 137 95
10 33 12 12
10 34 127 62
10 35 75 70
10 36 77 11
10 37 88 54
10 38 97 65
10 39 25 120
10 40 123 139
10 41 116 60
10 42 127 99
10 43 78 122
10 44 52 95
10 45 57 66
10 46 21 75
10 47 113 40
10 48 25 87
10 49 34 69
11 12 124 141
11 13 124 29
11 14 115 48
11 15 55 112
11 16 126 80
11 17 84 112
11 18 104 50
11 19 132 33
11 20 121 75
11 21 132 35
11 22 147 20
11 23 125 117
11 24 22 51
11 25 121 77
11 26 53 143
11 27 100 102
11 28 92 106
11 29 11 28
11 30 90 55
11 31 48 26
11 32 70 70
11 33 113 136
11 34 91 101
11 35 132 46
11 36 62 42
11 37 26 91
11 38 61 86
11 39 121 82
11 40 92 90
11 41 74 96
11 42 45 23
11 43 73 79
11 44 126 124
11 45 100 85
11 46 48 80
11 47 30 133
11 48 33 97
11 49 95 82
12 13 63 29
12 14 86 138
12 15 124 47
12 16 137 54
12 17 115 25
12 18 105 117
12 19 137 140
12 20 54 142
12 21 27 17
12 22 33 11
12 23 59 57
12 24 81 106
12 25 81 143
12 26 38 45
12 27 75 21
12 28 28 43
12 29 91 113
12 30 125 78
12 31 17 46
12 32 29 47
12 33 47 144
12 34 68 45
12 35 15 51
12 36 82 16
12 37 55 143
12 38 12 81
12 39 51 91
12 40 19 121
12 41 93 90
12 42 138 34
12 43 34 138
12 44 116 143
12 45 147 66
12 46 110 87
12 47 149 91
12 48 130 29
12 49 37 98
13 14 112 128
13 15 30 15
13 16 60 54
13 17 35 17
13 18 131 142
13 19 46 143
13 20 117 130
13 21 49 134
13 22 61 36
13 23 18 98
13 24 21 45
13 25 120 45
13 26 107 87
13 27 83 125
13 28 89 78
13 29 33 31
13 30 76 10
13 31 46 13
13 32 122 95
13 33 92 141
13 34 105 134
13 35 114 12
13 36 32 37
13 37 34 74
13 38 119 45
13 39 106 21
13 40 21 140
13 41 17 62
13 42 40 103
13 43 142 21
13 44 95 149
13 45 12 61
13 46 83 106
13 47 112 76
13 48 146 64
13 49 60 74
14 15 75 92
14 16 81 22
14 17 98 57
14 18 105 100
14 19 133 13
14 20 116 125
14 21 77 76
14 22 56 28
14 23 137 77
14 24 13 67
14 25 116 59
14 26 142 76
14 27 32 56
14 28 81 61
14 29 83 122
14 30 143 148
14 31 146 131
14 32 108 106
14 33 132 85
14 34 15 127
14 35 86 60
14 36 73 45
14 37 67 105
14 38 104 127
14 39 80 116
14 40 24 107
14 41 25 100
14 42 84 119
14 43 78 69
14 44 104 28
14 45 59 91
14 46 45 108
14 47 132 140
14 48 45 147
14 49 109 121
15 16 144 132
15 17 34 45
15 18 101 87
15 19 54 58
15 20 88 123
15 21 58 28
15 22 28 27
15 23 10 65
15 24 78 16
15 25 45 57
15 26 64 63
15 27 21 46
15 28 131 110
15 29 74 92
15 30 37 89
15 31 14 93
15 32 47 144
15 33 11 37
15 34 103 136
15 35 137 106
15 36 99 94
15 37 133 41
15 38 46 115
15 39 59 132
15 40 132 108
15 41 142 97
15 42 87 148
15 43 136 125
15 44 92 41
15 45 96 113
15 46 142 28
15 47 29 37
15 48 86 13
15 49 128 142
16 17 24 90
16 18 98 78
16 19 101 101
16 20 129 12
16 21 100 94
16 22 12 79
16 23 24 53
16 24 65 95
16 25 110 18
16 26 110 114
16 27 122 137
16 28 72 36
16 29 21 126
16 30 109 22
16 31 116 65
16 32 120 34
16 33 30 146
16 34 111 132
16 35 56 136
16 36 54 111
16 37 39 68
16 38 90 106
16 39 32 96
16 40 87 146
16 41 48 40
16 42 119 112
16 43 23 101
16 44 33 141
16 45 141 14
16 46 67 41
16 47 80 74
16 48 106 53
16 49 135 31
17 18 43 73
17 19 85 135
17 20 17 96
17 21 114 108
17 22 126 23
17 23 101 102
17 24 123 139
17 25 107 106
17 26 108 24
17 27 103 58
17 28 108 106
17 29 44 109
17 30 126 121
17 31 80 103
17 32 16 122
17 33 110 123
17 34 43 119
17 35 133 69
17 36 21 108
17 37 80 26
17 38 58 56
17 39 129 137
17 40 30 50
17 41 109 39
17 42 69 14
17 43 80 124
17 44 114 132
17 45 95 149
17 46 134 48
17 47 12 37
17 48 99 36
17 49 123 72
18 19 121 138
18 20 136 91
18 21 122 114
18 22 127 13
18 23 90 85
18 24 57 31
18 25 17 123
18 26 105 57
18 27 98 86
18 28 71 96
18 29 98 118
18 30 23 97
18 31 86 15
18 32 87 140
18 33 137 115
18 34 119 104
18 35 47 84
18 36 94 97
18 37 130 47
18 38 52 109
18 39 52 78
18 40 133 61
18 41 122 131
18 42 14 129
18 43 98 93
18 44 100 98
18 45 79 86
18 46 131 116
18 47 40 36
18 48 131 82
18 49 37 14
19 20 122 92
19 21 78 30
19 22 42 75
19 23 100 127
19 24 144 123
19 25 77 56
19 26 25 116
19 27 32 128
19 28 96 84
19 29 55 56
19 30 16 88
19 31 18 120
19 32 111 58
19 33 22 79
19 34 50 102
19 35 128 100
19 36 120 11
19 37 148 38
19 38 141 123
19 39 29 133
19 40 47 77
19 41 117 18
19 42 119 10
19 43 127 72
19 44 123 61
19 45 110 99
19 46 124 116
19 47 119 30
19 48 128 30
19 49 97 58
20 21 83 94
20 22 64 93
20 23 11 77
20 24 60 40
20 25 50 59
20 26 49 29
20 27 113 54
20 28 139 21
20 29 115 22
20 30 20 51
20 31 13 123
20 32 118 68
20 33 51 64
20 34 101 45
20 35 134 94
20 36 108 27
20 37 145 88
20 38 117 121
20 39 132 29
20 40 146 22
20 41 31 120
20 42 77 123
20 43 100 98
20 44 88 74
20 45 105 95
20 46 103 69
20 47 109 96
20 48 116 110
20 49 32 14
21 22 92 70
21 23 40 55
21 24 78 107
21 25 40 83
21 26 118 22
21 27 108 65
21 28 137 126
21 29 106 99
21 30 115 117
21 31 91 43
21 32 19 75
21 33 22 92
21 34 118 73
21 35 53 101
21 36 39 62
21 37 35 82
21 38 29 33
21 39 136 40
21 40 76 148
21 41 49 104
21 42 20 90
21 43 93 19
21 44 103 17
21 45 90 80
21 46 70 63
21 47 77 58
21 48 120 92
21 49 68 72
22 23 90 145
22 24 112 125
22 25 44 106
22 26 102 129
22 27 52 116
22 28 99 127
22 29 76 126
22 30 135 88
22 31 71 32
22 32 37 51
22 33 114 22
22 34 77 117
22 35 40 114
22 36 105 84
22 37 78 64
22 38 88 74
22 39 62 18
22 40 85 95
22 41 63 122
22 42 106 53
22 43 126 108
22 44 29 101
22 45 123 52
22 46 119 126
22 47 105 73
22 48 132 91
22 49 132 107
23 24 121 36
23 25 134 100
23 26 114 101
23 27 32 17
23 28 92 105
23 29 11 54
23 30 126 48
23 31 129 11
23 32 149 59
23 33 19 137
23 34 95 149
23 35 32 60
23 36 147 86
23 37 110 54
23 38 48 49
23 39 12 96
23 40 77 135
23 41 82 85
23 42 83 49
23 43 98 99
23 44 137 110
23 45 99 110
23 46 72 17
23 47 68 121
23 48 68 143
23 49 111 129
24 25 43 19
24 26 112 102
24 27 84 38
24 28 23 128
24 29 117 64
24 30 113 135
24 31 31 46
24 32 35 52
24 33 52 89
24 34 14 70
24 35 70 57
24 36 110 128
24 37 45 91
24 38 137 133
24 39 117 70
24 40 59 127
24 41 132 144
24 42 40 77
24 43 105 102
24 44 134 94
24 45 73 25
24 46 41 133
24 47 105 112
24 48 19 112
24 49 120 83
25 26 62 21
25 27 15 66
25 28 143 28
25 29 88 130
25 30 123 137
25 31 81 113
25 32 135 34
25 33 97 72
25 34 12 55
25 35 14 126
25 36 144 102
25 37 75 67
25 38 10 117
25 39 98 143
25 40 71 74
25 41 25 57
25 42 130 85
25 43 133 109
25 44 13 13
25 45 56 71
25 46 61 70
25 47 25 67
25 48 113 69
25 49 138 134
26 27 32 58
26 28 108 38
26 29 102 137
26 30 30 124
26 31 60 18
26 32 67 138
26 33 63 51
26 34 142 116
26 35 118 32
26 36 149 21
26 37 130 54
26 38 81 85
26 39 22 81
26 40 34 121
26 41 134 53
26 42 91 63
26 43 132 58
26 44 58 104
26 45 49 137
26 46 107 34
26 47 51 92
26 48 36 74
26 49 106 134
27 28 40 14
27 29 25 44
27 30 129 23
27 31 128 135
27 32 31 136
27 33 23 141
27 34 74 83
27 35 44 101
27 36 44 29
27 37 110 49
27 38 102 127
27 39 113 27
27 40 130 95
27 41 19 18
27 42 95 46
27 43 85 34
27 44 129 15
27 45 99 148
27 46 75 42
27 47 107 64
27 48 135 78
27 49 149 68
28 29 141 103
28 30 26 110
28 31 83 120
28 32 129 95
28 33 64 85
28 34 104 131
28 35 148 146
28 36 134 45
28 37 46 57
28 38 58 62
28 39 34 73
28 40 69 56
28 41 43 95
28 42 50 68
28 43 148 90
28 44 47 37
28 45 147 47
28 46 16 138
28 47 54 51
28 48 74 100
28 49 39 67
29 30 126 56
29 31 35 35
29 32 130 112
29 33 116 103
29 34 38 62
29 35 12 104
29 36 116 63
29 37 48 75
29 38 146 69
29 39 59 21
29 40 86 113
29 41 121 147
29 42 87 148
29 43 38 134
29 44 103 95
29 45 35 142
29 46 60 75
29 47 117 50
29 48 89 106
29 49 72 136
30 31 14 70
30 32 29 46
30 33 136 27
30 34 52 29
30 35 80 114
30 36 49 43
30 37 100 11
30 38 45 50
30 39 59 15
30 40 33 19
30 41 141 110
30 42 98 55
30 43 76 35
30 44 112 95
30 45 138 95
30 46 64 109
30 47 75 142
30 48 50 93
30 49 80 115
31 32 122 51
31 33 93 80
31 34 73 137
31 35 65 107
31 36 94 120
31 37 66 12
31 38 87 64
31 39 144 81
31 40 115 126
31 41 39 27
31 42 135 25
31 43 16 143
31 44 76 51
31 45 88 76
31 46 49 97
31 47 20 17
31 48 32 113
31 49 21 11
32 33 91 30
32 34 18 98
32 35 11 25
32 36 143 17
32 37 59 142
32 38 135 60
32 39 103 77
32 40 115 40
32 41 16 29
32 42 107 65
32 43 109 78
32 44 128 51
32 45 75 148
32 46 133 108
32 47 79 54
32 48 112 58
32 49 67 129
33 34 37 12
33 35 123 96
33 36 134 89
33 37 137 61
33 38 106 65
33 39 146 55
33 40 63 109
33 41 129 28
33 42 126 97
33 43 118 146
33 44 33 29
33 45 92 119
33 46 122 148
33 47 57 117
33 48 58 135
33 49 143 99
34 35 126 126
34 36 53 34
34 37 35 24
34 38 122 48
34 39 64 57
34 40 38 147
34 41 93 59
34 42 26 12
34 43 97 79
34 44 72 84
34 45 111 146
34 46 14 53
34 47 82 38
34 48 83 147
34 49 93 67
35 36 49 137
35 37 34 67
35 38 29 124
35 39 127 55
35 40 73 103
35 41 81 81
35 42 107 48
35 43 96 80
35 44 133 46
35 45 51 60
35 46 43 22
35 47 54 44
35 48 137 112
35 49 30 51
36 37 100 15
36 38 71 133
36 39 29 99
36 40 45 84
36 41 127 42
36 42 17 12
36 43 134 125
36 44 137 86
36 45 87 129
36 46 128 146
36 47 52 81
36 48 116 19
36 49 46 29
37 38 111 124
37 39 144 120
37 40 48 61
37 41 146 123
37 42 64 146
37 43 134 100
37 44 56 44
37 45 63 92
37 46 132 44
37 47 65 75
37 48 29 129
37 49 147 16
38 39 107 51
38 40 45 55
38 41 14 86
38 42 19 102
38 43 14 122
38 44 40 125
38 45 77 148
38 46 55 54
38 47 83 95
38 48 11 87
38 49 66 57
39 40 18 101
39 41 83 47
39 42 135 133
39 43 123 122
39 44 121 95
39 45 66 30
39 46 146 124
39 47 116 107
39 48 51 116
39 49 64 28
40 41 44 104
40 42 113 34
40 43 97 77
40 44 44 141
40 45 53 27
40 46 62 39
40 47 114 43
40 48 110 105
40 49 10 126
41 42 18 84
41 43 149 37
41 44 87 14
41 45 16 23
41 46 68 145
41 47 85 112
41 48 53 63
41 49 60 46
42 43 31 24
42 44 136 28
42 45 34 115
42 46 109 33
42 47 137 32
42 48 37 144
42 49 66 61
43 44 138 28
43 45 79 35
43 46 131 105
43 47 63 85
43 48 69 123
43 49 46 33
44 45 148 108
44 46 102 31
44 47 104 143
44 48 52 90
44 49 36 53
45 46 147 132
45 47 42 110
45 48 14 36
45 49 137 62
46 47 40 84
46 48 28 41
46 49 149 43
47 48 55 45
47 49 14 144
48 49 113 36
