50
0 1 30 30
0 2 0 970
0 3 973 988
0 4 985 999
0 5 973 990
0 6 979 983
0 7 988 998
0 8 990 973
0 9 999 971
0 10 984 999
0 11 983 971
0 12 987 992
0 13 999 992
0 14 987 993
0 15 988 995
0 16 971 983
0 17 976 972
0 18 979 988
0 19 985 987
0 20 986 992
0 21 972 974
0 22 991 973
0 23 985 973
0 24 973 972
0 25 983 986
0 26 981 985
0 27 977 979
0 28 977 995
0 29 993 985
0 30 983 987
0 31 974 975
0 32 992 996
0 33 970 992
0 34 970 989
0 35 995 999
0 36 980 988
0 37 987 985
0 38 988 979
0 39 995 994
0 40 994 986
0 41 982 988
0 42 996 990
0 43 971 980
0 44 997 994
0 45 972 973
0 46 992 976
0 47 989 970
0 48 986 986
0 49 972 998
1 2 970 0
1 3 992 971
1 4 997 974
1 5 978 982
1 6 999 991
1 7 977 983
1 8 983 980
1 9 970 975
1 10 994 978
1 11 970 981
1 12 975 978
1 13 976 978
1 14 999 993
1 15 999 981
1 16 992 971
1 17 987 973
1 18 971 975
1 19 984 973
1 20 999 984
1 21 973 972
1 22 993 971
1 23 988 992
1 24 993 997
1 25 974 995
1 26 970 992
1 27 989 985
1 28 989 988
1 29 999 985
1 30 977 988
1 31 983 988
1 32 997 980
1 33 993 972
1 34 980 979
1 35 995 970
1 36 976 973
1 37 982 976
1 38 987 992
1 39 976 990
1 40 971 990
1 41 992 977
1 42 991 998
1 43 997 989
1 44 980 970
1 45 985 985
1 46 996 995
1 47 979 980
1 48 997 990
1 49 973 982
2 3 972 984
2 4 975 985
2 5 990 980
2 6 976 985
2 7 977 987
2 8 985 984
2 9 983 994
2 10 972 979
2 11 996 977
2 12 981 985
2 13 988 973
2 14 979 984
2 15 972 999
2 16 986 984
2 17 989 986
2 18 997 990
2 19 991 989
2 20 999 985
2 21 976 971
2 22 991 981
2 23 976 990
2 24 981 980
2 25 999 972
2 26 997 982
2 27 981 989
2 28 996 974
2 29 975 997
2 30 992 992
2 31 984 976
2 32 972 990
2 33 979 996
2 34 980 982
2 35 994 978
2 36 986 978
2 37 974 993
2 38 989 989
2 39 993 994
2 40 983 981
2 41 970 998
2 42 980 985
2 43 999 984
2 44 995 976
2 45 973 978
2 46 975 998
2 47 996 979
2 48 983 993
2 49 980 994
3 4 143 85
3 5 242 44
3 6 101 211
3 7 277 197
3 8 197 227
3 9 57 149
3 10 243 218
3 11 99 116
3 12 47 263
3 13 299 170
3 14 75 166
3 15 99 144
3 16 214 145
3 17 62 298
3 18 273 159
3 19 75 120
3 20 229 39
3 21 277 58
3 22 159 169
3 23 84 227
3 24 156 171
3 25 266 102
3 26 224 285
3 27 241 161
3 28 249 230
3 29 31 38
3 30 51 223
3 31 71 45
3 32 59 113
3 33 269 183
3 34 235 46
3 35 117 214
3 36 212 186
3 37 217 158
3 38 288 81
3 39 175 142
3 40 206 232
3 41 140 31
3 42 112 62
3 43 247 132
3 44 275 257
3 45 195 130
3 46 276 199
3 47 60 154
3 48 37 274
3 49 153 149
4 5 49 140
4 6 224 92
4 7 268 70
4 8 33 133
4 9 211 214
4 10 44 144
4 11 43 61
4 12 123 246
4 13 198 41
4 14 107 227
4 15 55 124
4 16 250 55
4 17 240 108
4 18 169 272
4 19 78 150
4 20 280 278
4 21 70 205
4 22 147 43
4 23 57 95
4 24 248 85
4 25 78 51
4 26 92 54
4 27 274 182
4 28 131 139
4 29 65 214
4 30 92 200
4 31 120 241
4 32 260 224
4 33 242 60
4 34 215 58
4 35 32 211
4 36 237 61
4 37 163 60
4 38 227 67
4 39 197 70
4 40 280 135
4 41 275 246
4 42 56 173
4 43 142 133
4 44 106 167
4 45 189 164
4 46 115 112
4 47 245 181
4 48 192 47
4 49 204 297
5 6 261 85
5 7 95 252
5 8 92 43
5 9 247 295
5 10 142 98
5 11 62 180
5 12 185 44
5 13 125 123
5 14 268 184
5 15 220 36
5 16 127 219
5 17 146 144
5 18 57 161
5 19 170 189
5 20 99 91
5 21 242 253
5 22 257 115
5 23 60 235
5 24 36 116
5 25 131 91
5 26 75 158
5 27 73 138
5 28 209 145
5 29 170 206
5 30 289 116
5 31 47 251
5 32 103 224
5 33 109 137
5 34 56 164
5 35 266 201
5 36 288 65
5 37 43 227
5 38 298 86
5 39 48 116
5 40 115 52
5 41 262 51
5 42 122 89
5 43 214 298
5 44 261 279
5 45 138 203
5 46 44 67
5 47 89 255
5 48 234 241
5 49 83 84
6 7 81 40
6 8 177 92
6 9 166 35
6 10 37 194
6 11 175 76
6 12 123 293
6 13 100 107
6 14 184 272
6 15 210 47
6 16 182 128
6 17 271 212
6 18 101 133
6 19 56 45
6 20 85 187
6 21 225 294
6 22 85 266
6 23 271 69
6 24 72 285
6 25 297 267
6 26 256 147
6 27 265 272
6 28 144 125
6 29 244 115
6 30 227 247
6 31 110 203
6 32 45 200
6 33 78 109
6 34 117 161
6 35 229 33
6 36 253 62
6 37 292 258
6 38 209 237
6 39 162 297
6 40 291 33
6 41 232 116
6 42 34 188
6 43 281 52
6 44 274 191
6 45 98 56
6 46 280 236
6 47 272 97
6 48 175 222
6 49 150 145
7 8 112 203
7 9 145 154
7 10 198 96
7 11 165 168
7 12 282 197
7 13 112 256
7 14 106 234
7 15 154 284
7 16 86 50
7 17 243 263
7 18 294 70
7 19 121 91
7 20 203 286
7 21 90 222
7 22 288 295
7 23 71 198
7 24 269 133
7 25 95 231
7 26 70 260
7 27 142 248
7 28 203 225
7 29 112 141
7 30 248 257
7 31 136 269
7 32 236 240
7 33 88 293
7 34 215 246
7 35 168 280
7 36 39 89
7 37 134 98
7 38 183 112
7 39 248 191
7 40 192 46
7 41 55 43
7 42 267 273
7 43 86 260
7 44 143 149
7 45 34 101
7 46 204 37
7 47 83 71
7 48 153 278
7 49 117 265
8 9 126 65
8 10 197 76
8 11 260 236
8 12 120 149
8 13 98 161
8 14 35 186
8 15 50 259
8 16 259 42
8 17 122 219
8 18 107 244
8 19 52 180
8 20 158 239
8 21 129 110
8 22 296 85
8 23 295 201
8 24 52 171
8 25 140 167
8 26 261 263
8 27 162 243
8 28 211 84
8 29 243 54
8 30 78 103
8 31 153 32
8 32 241 90
8 33 180 84
8 34 118 169
8 35 157 42
8 36 243 126
8 37 64 146
8 38 164 42
8 39 139 40
8 40 187 203
8 41 245 48
8 42 84 281
8 43 127 140
8 44 297 258
8 45 286 168
8 46 140 166
8 47 135 59
8 48 56 223
8 49 55 85
9 10 131 226
9 11 126 138
9 12 143 199
9 13 193 69
9 14 158 32
9 15 160 270
9 16 38 259
9 17 296 69
9 18 224 180
9 19 130 230
9 20 194 264
9 21 153 230
9 22 128 162
9 23 99 247
9 24 158 282
9 25 132 229
9 26 74 278
9 27 215 206
9 28 153 90
9 29 97 118
9 30 82 83
9 31 113 115
9 32 67 39
9 33 185 286
9 34 127 121
9 35 163 202
9 36 178 109
9 37 188 128
9 38 65 106
9 39 211 292
9 40 113 250
9 41 119 209
9 42 56 258
9 43 156 92
9 44 37 160
9 45 237 83
9 46 53 272
9 47 105 59
9 48 293 250
9 49 219 110
10 11 175 171
10 12 57 167
10 13 34 47
10 14 146 100
10 15 220 47
10 16 275 155
10 17 129 33
10 18 102 88
10 19 209 155
10 20 286 238
10 21 274 197
10 22 109 50
10 23 263 232
10 24 114 130
10 25 298 162
10 26 195 223
10 27 71 33
10 28 80 73
10 29 103 75
10 30 104 131
10 31 136 127
10 32 172 232
10 33 33 241
10 34 78 278
10 35 100 288
10 36 220 139
10 37 121 71
10 38 205 65
10 39 129 30
10 40 124 183
10 41 223 124
10 42 118 119
10 43 147 33
10 44 173 112
10 45 65 215
10 46 122 280
10 47 112 194
10 48 158 261
10 49 296 95
11 12 57 233
11 13 298 79
11 14 109 251
11 15 175 246
11 16 197 106
11 17 240 202
11 18 85 166
11 19 246 102
11 20 197 78
11 21 137 220
11 22 132 233
11 23 299 284
11 24 36 45
11 25 75 119
11 26 285 240
11 27 184 243
11 28 164 143
11 29 177 271
11 30 299 242
11 31 85 140
11 32 235 173
11 33 162 251
11 34 223 90
11 35 200 193
11 36 186 298
11 37 122 189
11 38 141 247
11 39 226 236
11 40 172 48
11 41 227 145
11 42 237 62
11 43 228 39
11 44 174 87
11 45 225 248
11 46 134 40
11 47 58 33
11 48 270 52
11 49 173 253
12 13 216 30
12 14 56 72
12 15 225 159
12 16 87 113
12 17 178 178
12 18 43 151
12 19 97 174
12 20 293 256
12 21 248 58
12 22 73 115
12 23 136 294
12 24 144 137
12 25 216 272
12 26 188 186
12 27 249 229
12 28 290 244
12 29 252 214
12 30 269 259
12 31 70 40
12 32 194 173
12 33 140 34
12 34 211 201
12 35 85 250
12 36 200 129
12 37 243 108
12 38 202 210
12 39 82 151
12 40 60 287
12 41 120 287
12 42 161 78
12 43 299 224
12 44 250 62
12 45 222 125
12 46 292 289
12 47 102 93
12 48 261 200
12 49 103 148
13 14 124 35
13 15 157 32
13 16 166 80
13 17 32 184
13 18 277 86
13 19 156 267
13 20 237 286
13 21 154 260
13 22 100 125
13 23 247 178
13 24 98 71
13 25 174 77
13 26 225 199
13 27 61 83
13 28 206 54
13 29 110 199
13 30 274 232
13 31 166 112
13 32 149 140
13 33 238 222
13 34 258 199
13 35 71 142
13 36 164 31
13 37 106 163
13 38 88 263
13 39 129 96
13 40 209 223
13 41 117 100
13 42 297 76
13 43 169 207
13 44 92 95
13 45 191 112
13 46 150 143
13 47 256 111
13 48 42 267
13 49 251 259
14 15 136 223
14 16 204 128
14 17 88 76
14 18 176 239
14 19 293 158
14 20 213 279
14 21 55 80
14 22 101 264
14 23 156 67
14 24 276 38
14 25 84 90
14 26 214 167
14 27 107 151
14 28 155 245
14 29 158 140
14 30 162 298
14 31 175 190
14 32 241 236
14 33 227 38
14 34 261 109
14 35 141 207
14 36 226 235
14 37 117 101
14 38 191 259
14 39 191 250
14 40 242 30
14 41 44 145
14 42 145 108
14 43 112 67
14 44 232 232
14 45 109 69
14 46 194 205
14 47 43 61
14 48 206 76
14 49 154 41
15 16 176 203
15 17 176 45
15 18 228 186
15 19 245 191
15 20 255 37
15 21 214 63
15 22 246 232
15 23 136 125
15 24 216 82
15 25 146 233
15 26 280 202
15 27 131 198
15 28 137 200
15 29 88 274
15 30 75 145
15 31 232 124
15 32 252 99
15 33 196 65
15 34 37 95
15 35 117 144
15 36 297 117
15 37 276 128
15 38 292 187
15 39 187 230
15 40 93 122
15 41 218 240
15 42 146 121
15 43 202 33
15 44 32 168
15 45 114 68
15 46 164 61
15 47 109 242
15 48 66 178
15 49 61 114
16 17 286 112
16 18 290 178
16 19 279 279
16 20 47 33
16 21 99 53
16 22 99 135
16 23 285 130
16 24 155 30
16 25 59 130
16 26 126 281
16 27 193 66
16 28 238 153
16 29 171 101
16 30 83 139
16 31 133 195
16 32 298 91
16 33 235 191
16 34 105 84
16 35 298 222
16 36 55 203
16 37 262 55
16 38 263 229
16 39 45 221
16 40 51 166
16 41 75 236
16 42 294 244
16 43 135 160
16 44 121 190
16 45 216 184
16 46 251 292
16 47 92 269
16 48 275 95
16 49 142 259
17 18 236 291
17 19 171 233
17 20 75 68
17 21 275 251
17 22 162 168
17 23 159 130
17 24 100 283
17 25 181 62
17 26 194 223
17 27 70 253
17 28 43 50
17 29 76 81
17 30 121 41
17 31 178 299
17 32 98 185
17 33 199 152
17 34 134 154
17 35 203 151
17 36 286 213
17 37 161 223
17 38 86 59
17 39 236 43
17 40 238 32
17 41 292 127
17 42 176 50
17 43 194 83
17 44 90 228
17 45 99 191
17 46 160 105
17 47 295 116
17 48 249 128
17 49 193 89
18 19 255 170
18 20 210 135
18 21 234 234
18 22 269 157
18 23 197 101
18 24 104 71
18 25 107 79
18 26 60 66
18 27 258 240
18 28 189 80
18 29 82 108
18 30 289 237
18 31 227 191
18 32 267 107
18 33 196 278
18 34 51 41
18 35 194 178
18 36 148 105
18 37 183 249
18 38 56 280
18 39 36 243
18 40 60 271
18 41 60 84
18 42 201 277
18 43 286 287
18 44 197 206
18 45 70 140
18 46 36 158
18 47 170 126
18 48 32 127
18 49 290 149
19 20 276 156
19 21 274 70
19 22 89 135
19 23 211 78
19 24 154 196
19 25 275 287
19 26 66 269
19 27 94 200
19 28 182 183
19 29 271 215
19 30 81 51
19 31 194 73
19 32 148 46
19 33 209 50
19 34 83 203
19 35 165 287
19 36 47 261
19 37 152 172
19 38 106 31
19 39 128 281
19 40 276 292
19 41 277 33
19 42 297 34
19 43 86 50
19 44 150 272
19 45 252 230
19 46 76 239
19 47 231 297
19 48 266 243
19 49 77 88
20 21 267 156
20 22 170 162
20 23 243 278
20 24 35 217
20 25 81 243
20 26 134 62
20 27 219 224
20 28 165 58
20 29 96 129
20 30 144 249
20 31 258 217
20 32 283 137
20 33 283 90
20 34 140 102
20 35 204 296
20 36 91 195
20 37 246 86
20 38 48 50
20 39 298 114
20 40 244 175
20 41 114 274
20 42 44 242
20 43 75 147
20 44 260 189
20 45 113 256
20 46 161 118
20 47 258 181
20 48 111 268
20 49 124 271
21 22 33 267
21 23 195 219
21 24 137 186
21 25 159 297
21 26 130 107
21 27 121 205
21 28 105 209
21 29 216 150
21 30 102 107
21 31 120 176
21 32 40 139
21 33 61 57
21 34 37 50
21 35 296 146
21 36 161 287
21 37 187 47
21 38 54 284
21 39 260 61
21 40 242 227
21 41 298 42
21 42 252 60
21 43 186 279
21 44 131 105
21 45 45 202
21 46 103 140
21 47 295 210
21 48 283 113
21 49 158 259
22 23 123 236
22 24 171 248
22 25 272 164
22 26 86 112
22 27 44 44
22 28 173 198
22 29 83 54
22 30 199 85
22 31 252 163
22 32 222 31
22 33 269 142
22 34 58 88
22 35 270 283
22 36 170 101
22 37 197 71
22 38 31 176
22 39 229 174
22 40 298 152
22 41 104 88
22 42 245 207
22 43 128 273
22 44 57 131
22 45 266 282
22 46 152 138
22 47 260 290
22 48 274 183
22 49 242 287
23 24 258 101
23 25 58 31
23 26 230 137
23 27 283 252
23 28 126 37
23 29 59 222
23 30 75 70
23 31 115 38
23 32 275 102
23 33 206 153
23 34 173 131
23 35 186 295
23 36 211 288
23 37 99 77
23 38 279 233
23 39 161 152
23 40 259 216
23 41 75 88
23 42 49 256
23 43 56 136
23 44 239 251
23 45 279 52
23 46 280 134
23 47 49 145
23 48 276 134
23 49 144 48
24 25 156 128
24 26 176 95
24 27 87 175
24 28 242 170
24 29 161 280
24 30 299 230
24 31 268 155
24 32 147 89
24 33 160 243
24 34 273 64
24 35 255 197
24 36 257 270
24 37 111 169
24 38 137 47
24 39 197 30
24 40 164 212
24 41 162 295
24 42 229 198
24 43 40 140
24 44 71 175
24 45 299 37
24 46 161 259
24 47 78 220
24 48 121 189
24 49 32 81
25 26 230 83
25 27 273 253
25 28 296 107
25 29 192 139
25 30 125 142
25 31 235 119
25 32 175 96
25 33 36 219
25 34 255 274
25 35 105 116
25 36 117 46
25 37 149 118
25 38 250 168
25 39 261 140
25 40 143 41
25 41 142 42
25 42 208 90
25 43 250 175
25 44 147 145
25 45 129 144
25 46 255 286
25 47 88 45
25 48 90 228
25 49 44 37
26 27 150 75
26 28 249 151
26 29 204 133
26 30 271 229
26 31 203 61
26 32 83 277
26 33 152 74
26 34 179 248
26 35 217 46
26 36 91 129
26 37 54 246
26 38 128 142
26 39 230 160
26 40 280 42
26 41 78 140
26 42 162 82
26 43 115 179
26 44 281 46
26 45 150 198
26 46 70 190
26 47 107 121
26 48 45 164
26 49 282 77
27 28 137 267
27 29 181 142
27 30 95 259
27 31 108 293
27 32 214 163
27 33 221 186
27 34 130 98
27 35 91 199
27 36 206 270
27 37 43 214
27 38 128 181
27 39 250 283
27 40 161 39
27 41 174 177
27 42 208 157
27 43 146 238
27 44 65 122
27 45 82 242
27 46 30 297
27 47 191 33
27 48 267 45
27 49 181 166
28 29 213 116
28 30 38 50
28 31 154 203
28 32 152 107
28 33 160 119
28 34 281 218
28 35 30 165
28 36 286 134
28 37 224 159
28 38 50 211
28 39 163 42
28 40 116 72
28 41 59 255
28 42 34 127
28 43 215 153
28 44 240 46
28 45 269 31
28 46 62 296
28 47 218 74
28 48 248 260
28 49 204 155
29 30 226 225
29 31 166 49
29 32 44 246
29 33 135 130
29 34 211 234
29 35 57 73
29 36 299 118
29 37 278 59
29 38 258 181
29 39 275 224
29 40 80 289
29 41 127 291
29 42 131 128
29 43 157 246
29 44 254 61
29 45 196 252
29 46 232 140
29 47 198 299
29 48 114 205
29 49 30 60
30 31 181 255
30 32 111 255
30 33 270 65
30 34 39 160
30 35 195 187
30 36 140 48
30 37 103 290
30 38 252 33
30 39 81 161
30 40 51 62
30 41 196 281
30 42 135 78
30 43 226 194
30 44 55 91
30 45 274 166
30 46 250 38
30 47 258 52
30 48 217 288
30 49 105 124
31 32 250 168
31 33 271 235
31 34 37 254
31 35 48 111
31 36 282 264
31 37 289 204
31 38 251 268
31 39 72 102
31 40 208 120
31 41 150 62
31 42 145 284
31 43 213 260
31 44 243 208
31 45 133 144
31 46 277 79
31 47 173 218
31 48 141 254
31 49 289 260
32 33 274 97
32 34 158 73
32 35 138 74
32 36 228 151
32 37 261 103
32 38 175 134
32 39 118 103
32 40 131 298
32 41 224 32
32 42 131 48
32 43 143 96
32 44 272 237
32 45 280 280
32 46 274 76
32 47 227 138
32 48 84 214
32 49 185 244
33 34 286 275
33 35 245 274
33 36 285 33
33 37 149 156
33 38 205 264
33 39 154 209
33 40 291 229
33 41 228 289
33 42 65 78
33 43 43 203
33 44 78 169
33 45 112 202
33 46 136 211
33 47 257 134
33 48 49 253
33 49 104 212
34 35 60 178
34 36 198 35
34 37 271 284
34 38 68 200
34 39 239 262
34 40 56 193
34 41 272 176
34 42 194 155
34 43 251 133
34 44 58 238
34 45 60 87
34 46 282 86
34 47 220 284
34 48 252 52
34 49 68 191
35 36 89 58
35 37 85 112
35 38 291 288
35 39 63 281
35 40 172 233
35 41 192 31
35 42 144 264
35 43 118 207
35 44 131 59
35 45 41 177
35 46 273 227
35 47 184 255
35 48 131 217
35 49 171 106
36 37 190 117
36 38 117 189
36 39 231 106
36 40 130 217
36 41 198 250
36 42 183 35
36 43 193 137
36 44 240 274
36 45 291 177
36 46 292 290
36 47 66 203
36 48 43 123
36 49 273 212
37 38 60 121
37 39 215 215
37 40 279 146
37 41 189 203
37 42 177 291
37 43 241 87
37 44 136 148
37 45 74 135
37 46 52 61
37 47 172 57
37 48 53 77
37 49 66 119
38 39 98 56
38 40 74 83
38 41 84 289
38 42 89 79
38 43 192 165
38 44 197 125
38 45 265 196
38 46 94 209
38 47 135 286
38 48 45 189
38 49 36 204
39 40 65 218
39 41 119 257
39 42 208 90
39 43 135 228
39 44 227 38
39 45 191 67
39 46 150 188
39 47 104 219
39 48 75 215
39 49 243 52
40 41 227 226
40 42 86 52
40 43 188 195
40 44 143 61
40 45 183 145
40 46 299 101
40 47 173 102
40 48 92 244
40 49 64 205
41 42 220 241
41 43 157 122
41 44 268 160
41 45 285 258
41 46 169 56
41 47 271 174
41 48 265 86
41 49 121 293
42 43 256 60
42 44 34 105
42 45 37 137
42 46 111 137
42 47 111 91
42 48 90 207
42 49 53 127
43 44 223 181
43 45 269 203
43 46 149 92
43 47 205 197
43 48 159 226
43 49 155 152
44 45 171 234
44 46 291 221
44 47 256 131
44 48 53 51
44 49 203 185
45 46 159 152
45 47 92 138
45 48 52 105
45 49 31 269
46 47 146 122
46 48 133 43
46 49 86 126
47 48 47 132
47 49 190 268
48 49 240 169
