0 1 8 83
0 10 43 50
1 2 84 15
1 11 16 86
2 3 48 55
2 12 81 24
3 4 3 91
3 13 30 66
4 5 38 57
4 14 8 84
5 6 47 47
5 15 69 37
6 7 31 63
6 16 1 92
7 8 0 98
7 17 51 52
8 9 64 32
8 18 87 13
9 19 97 7
10 11 30 63
10 20 48 45
11 12 5 84
11 21 66 36
12 13 90 21
12 22 6 94
13 14 82 29
13 23 31 65
14 15 0 89
14 24 64 37
15 16 97 2
15 25 49 48
16 17 28 69
16 26 77 30
17 18 82 28
17 27 58 43
18 19 54 39
18 28 51 45
19 29 52 53
20 21 89 15
20 30 98 2
21 22 88 23
21 31 8 86
22 23 26 63
22 32 75 33
23 24 56 47
23 33 70 31
24 25 69 33
24 34 16 71
25 26 99 11
25 35 16 77
26 27 95 12
26 36 87 13
27 28 96 5
27 37 88 22
28 29 53 48
28 38 98 6
29 39 7 80
30 31 9 77
30 40 6 93
31 32 63 31
31 41 76 21
32 33 96 16
32 42 50 41
33 34 17 84
33 43 79 20
34 35 94 17
34 44 17 83
35 36 97 3
35 45 89 9
36 37 82 20
36 46 74 32
37 38 53 50
37 47 28 63
38 39 26 73
38 48 22 73
39 49 72 27
40 41 47 52
40 50 17 72
41 42 97 6
41 51 89 21
42 43 7 80
42 52 48 58
43 44 99 11
43 53 57 45
44 45 9 78
44 54 10 81
45 46 58 35
45 55 61 36
46 47 27 68
46 56 63 34
47 48 34 67
47 57 15 81
48 49 2 88
48 58 47 49
49 59 67 41
50 51 43 55
50 60 68 29
51 52 61 36
51 61 19 77
52 53 31 58
52 62 81 18
53 54 43 61
53 63 71 32
54 55 92 6
54 64 35 56
55 56 22 67
55 65 23 69
56 57 88 13
56 66 32 64
57 58 55 46
57 67 44 58
58 59 8 83
58 68 95 17
59 69 4 95
60 61 92 9
60 70 69 40
61 62 45 59
61 71 80 21
62 63 35 62
62 72 36 61
63 64 48 57
63 73 5 86
64 65 23 73
64 74 3 89
65 66 94 14
65 75 62 33
66 67 51 44
66 76 30 64
67 68 61 41
67 77 61 44
68 69 64 33
68 78 50 53
69 79 64 41
70 71 76 31
70 80 80 27
71 72 12 80
71 81 93 10
72 73 48 50
72 82 64 34
73 74 75 28
73 83 35 63
74 75 89 18
74 84 46 58
75 76 2 92
75 85 60 36
76 77 13 85
76 86 29 68
77 78 55 52
77 87 72 27
78 79 14 83
78 88 19 76
79 89 36 64
80 81 70 30
80 90 45 60
81 82 64 35
81 91 22 80
82 83 80 26
82 92 92 16
83 84 87 18
83 93 27 66
84 85 74 27
84 94 93 7
85 86 33 57
85 95 59 34
86 87 49 56
86 96 82 26
87 88 71 37
87 97 11 86
88 89 48 44
88 98 49 53
89 99 88 18
90 91 1 93
91 92 78 27
92 93 65 41
93 94 64 41
94 95 37 55
95 96 95 6
96 97 68 38
97 98 13 83
98 99 2 93
