0 1 23 40
0 10 11 59
1 2 48 28
1 11 57 38
2 3 8 70
2 12 35 35
3 4 84 49
3 13 49 68
4 5 65 39
4 14 88 21
5 6 36 48
5 15 27 37
6 7 67 34
6 16 57 63
7 8 88 49
7 17 90 49
8 9 77 28
8 18 42 68
9 19 14 75
10 11 26 84
10 20 63 61
11 12 96 43
11 21 91 31
12 13 19 67
12 22 89 25
13 14 63 58
13 23 42 76
14 15 75 54
14 24 33 61
15 16 63 31
15 25 53 52
16 17 25 65
16 26 91 10
17 18 99 48
17 27 9 69
18 19 27 62
18 28 90 50
19 29 82 34
20 21 52 58
20 30 65 17
21 22 11 75
21 31 25 50
22 23 36 71
22 32 11 46
23 24 6 75
23 33 10 69
24 25 15 59
24 34 98 17
25 26 1 91
25 35 39 73
26 27 38 49
26 36 62 42
27 28 8 90
27 37 67 53
28 29 59 38
28 38 74 29
29 39 74 29
30 31 3 70
30 40 35 68
31 32 6 82
31 41 78 48
32 33 5 93
32 42 11 54
33 34 88 20
33 43 36 63
34 35 64 35
34 44 99 14
35 36 31 44
35 45 44 34
36 37 89 23
36 46 31 54
37 38 82 52
37 47 69 30
38 39 26 79
38 48 66 57
39 49 95 19
40 41 24 79
40 50 68 43
41 42 25 84
41 51 98 44
42 43 26 71
42 52 46 53
43 44 22 86
43 53 62 58
44 45 34 74
44 54 97 35
45 46 25 64
45 55 93 26
46 47 4 86
46 56 94 50
47 48 69 55
47 57 9 72
48 49 18 73
48 58 8 51
49 59 69 62
50 51 36 32
50 60 74 29
51 52 81 25
51 61 91 45
52 53 46 73
52 62 38 45
53 54 98 36
53 63 8 87
54 55 37 68
54 64 13 50
55 56 3 51
55 65 2 81
56 57 34 74
56 66 69 39
57 58 31 68
57 67 20 75
58 59 62 30
58 68 4 51
59 69 69 34
60 61 21 56
60 70 92 10
61 62 80 11
61 71 10 46
62 63 75 15
62 72 80 40
63 64 19 90
63 73 60 63
64 65 14 82
64 74 98 45
65 66 21 67
65 75 52 36
66 67 27 83
66 76 21 80
67 68 15 65
67 77 0 95
68 69 23 43
68 78 23 54
69 79 97 50
70 71 54 55
70 80 32 37
71 72 44 60
71 81 94 13
72 73 83 10
72 82 47 52
73 74 55 22
73 83 39 57
74 75 17 86
74 84 53 30
75 76 52 62
75 85 84 16
76 77 69 46
76 86 99 28
77 78 55 52
77 87 48 62
78 79 52 31
78 88 49 54
79 89 59 23
80 81 42 39
80 90 12 48
81 82 69 30
81 91 34 48
82 83 59 37
82 92 71 36
83 84 92 19
83 93 37 60
84 85 7 61
84 94 25 81
85 86 14 50
85 95 72 42
86 87 53 37
86 96 91 39
87 88 28 70
87 97 60 68
88 89 69 16
88 98 5 60
89 99 22 76
90 91 61 40
91 92 38 61
92 93 8 81
93 94 22 70
94 95 66 28
95 96 8 79
96 97 47 72
97 98 40 46
98 99 35 53
