0 1 99 4
0 10 79 20
1 2 55 44
1 11 64 37
2 3 58 43
2 12 93 19
3 4 15 83
3 13 37 64
4 5 70 34
4 14 2 90
5 6 54 46
5 15 96 12
6 7 57 42
6 16 75 30
7 8 77 33
7 17 93 17
8 9 71 38
8 18 37 62
9 19 89 16
10 11 7 84
10 20 10 85
11 12 19 76
11 21 42 60
12 13 56 48
12 22 90 16
13 14 86 24
13 23 56 48
14 15 52 43
14 24 81 20
15 16 89 14
15 25 4 93
16 17 26 70
16 26 33 56
17 18 82 27
17 27 35 62
18 19 54 42
18 28 30 71
19 29 80 24
20 21 42 52
21 22 85 19
22 23 13 76
23 24 81 20
24 25 83 17
25 26 78 22
26 27 43 56
27 28 53 51
28 29 5 82
