0 1 13 70
0 10 96 16
1 2 69 49
1 11 6 80
2 3 18 70
2 12 96 27
3 4 46 49
3 13 56 30
4 5 96 14
4 14 82 51
5 6 92 6
5 15 3 87
6 7 43 48
6 16 80 56
7 8 16 42
7 17 33 58
8 9 35 41
8 18 44 46
9 19 9 84
10 11 57 47
10 20 29 44
11 12 16 72
11 21 74 50
12 13 94 48
12 22 82 25
13 14 78 15
13 23 79 54
14 15 40 61
14 24 65 23
15 16 21 66
15 25 24 70
16 17 88 16
16 26 10 76
17 18 60 25
17 27 42 65
18 19 76 25
18 28 58 24
19 29 35 73
20 21 64 29
21 22 40 53
22 23 48 30
23 24 79 54
24 25 37 67
25 26 64 40
26 27 43 40
27 28 89 11
28 29 35 37
