0 1 35 61
0 11 60 81
1 2 41 71
1 12 22 82
2 3 48 56
2 13 88 40
3 4 84 34
3 14 16 91
4 5 91 56
4 15 20 88
5 6 64 59
5 16 85 77
6 7 68 49
6 17 17 87
7 8 84 5
7 18 99 25
8 9 3 90
8 19 25 42
9 10 14 34
9 20 51 21
10 21 34 61
11 12 65 59
11 22 52 16
12 13 60 70
12 23 38 84
13 14 33 89
13 24 69 79
14 15 47 89
14 25 77 44
15 16 34 62
15 26 5 64
16 17 27 89
16 27 58 60
17 18 41 87
17 28 98 54
18 19 77 76
18 29 67 57
19 20 52 9
19 30 49 84
20 21 49 39
20 31 74 5
21 32 87 58
22 23 74 32
23 24 4 25
24 25 94 70
25 26 29 14
26 27 8 21
27 28 34 66
28 29 34 31
29 30 21 52
30 31 47 22
31 32 47 27
