0 1 21 51
0 11 42 39
1 2 77 16
1 12 31 51
2 3 38 39
2 13 34 37
3 4 3 80
3 14 47 57
4 5 14 82
4 15 90 13
5 6 25 61
5 16 77 22
6 7 33 59
6 17 12 62
7 8 46 40
7 18 10 68
8 9 90 45
8 19 20 86
9 10 46 54
9 20 5 63
10 21 70 60
11 12 74 20
11 22 27 52
12 13 32 51
12 23 57 61
13 14 5 64
13 24 12 69
14 15 77 30
14 25 64 28
15 16 77 15
15 26 13 76
16 17 94 12
16 27 62 37
17 18 96 51
17 28 25 57
18 19 88 42
18 29 20 81
19 20 24 64
19 30 48 26
20 21 6 49
20 31 88 17
21 32 22 86
22 23 83 18
23 24 7 85
24 25 4 75
25 26 21 46
26 27 69 51
27 28 37 80
28 29 46 54
29 30 44 53
30 31 34 55
31 32 88 28
