0 1 57 41
0 11 24 77
1 2 63 34
1 12 39 66
2 3 78 20
2 13 80 23
3 4 23 75
3 14 27 73
4 5 37 62
4 15 59 44
5 6 37 66
5 16 69 38
6 7 46 48
6 17 6 81
7 8 5 94
7 18 68 39
8 9 75 24
8 19 12 89
9 10 74 30
9 20 4 92
10 21 49 47
11 12 25 66
11 22 94 14
12 13 43 51
12 23 14 83
13 14 13 79
13 24 89 14
14 15 39 62
14 25 33 65
15 16 49 53
15 26 99 6
16 17 40 61
16 27 96 8
17 18 30 67
17 28 83 21
18 19 33 59
18 29 60 40
19 20 88 13
19 30 45 48
20 21 67 42
20 31 17 83
21 32 29 61
22 23 75 22
23 24 1 89
24 25 13 85
25 26 17 74
26 27 82 29
27 28 84 27
28 29 33 61
29 30 6 87
30 31 6 93
31 32 82 22
