0 1 14 81
0 12 20 71
1 2 21 74
1 13 64 44
2 3 98 7
2 14 68 41
3 4 30 66
3 15 68 39
4 5 56 51
4 16 18 74
5 6 21 77
5 17 44 53
6 7 88 14
6 18 88 17
7 8 87 18
7 19 97 16
8 9 83 21
8 20 91 15
9 10 65 39
9 21 57 50
10 11 97 5
10 22 41 52
11 23 58 48
12 13 94 16
12 24 4 85
13 14 8 78
13 25 94 17
14 15 2 89
14 26 14 78
15 16 43 59
15 27 32 71
16 17 97 15
16 28 58 47
17 18 37 57
17 29 99 1
18 19 42 53
18 30 34 68
19 20 7 93
19 31 29 60
20 21 57 40
20 32 8 78
21 22 5 82
21 33 91 12
22 23 56 39
22 34 88 17
23 35 73 34
24 25 11 83
25 26 83 16
26 27 82 24
27 28 73 27
28 29 13 86
29 30 0 92
30 31 76 28
31 32 98 12
32 33 61 46
33 34 69 28
34 35 32 59
