0 1 28 71
0 12 38 50
1 2 85 37
1 13 6 79
2 3 58 61
2 14 21 66
3 4 60 44
3 15 87 52
4 5 32 76
4 16 97 27
5 6 58 28
5 17 1 86
6 7 22 85
6 18 42 38
7 8 74 26
7 19 34 42
8 9 43 57
8 20 43 28
9 10 29 56
9 21 99 20
10 11 6 60
10 22 75 40
11 23 24 46
12 13 12 63
12 24 73 47
13 14 21 44
13 25 82 52
14 15 99 40
14 26 98 5
15 16 15 42
15 27 32 77
16 17 77 49
16 28 89 42
17 18 54 70
17 29 76 38
18 19 15 52
18 30 92 41
19 20 68 18
19 31 31 73
20 21 12 62
20 32 10 93
21 22 84 44
21 33 35 52
22 23 85 30
22 34 77 19
23 35 84 20
24 25 42 49
25 26 94 7
26 27 84 43
27 28 41 59
28 29 65 34
29 30 62 48
30 31 9 46
31 32 30 52
32 33 37 46
33 34 6 56
34 35 56 66
