0 1 92 16
0 12 56 28
1 2 48 34
1 13 97 46
2 3 18 81
2 14 75 57
3 4 91 24
3 15 7 18
4 5 9 18
4 16 78 14
5 6 47 89
5 17 9 91
6 7 59 65
6 18 98 66
7 8 14 38
7 19 76 27
8 9 8 90
8 20 52 31
9 10 51 44
9 21 51 71
10 11 26 90
10 22 24 23
11 23 7 65
12 13 50 28
12 24 16 60
13 14 63 63
13 25 6 34
14 15 87 78
14 26 32 41
15 16 46 69
15 27 1 54
16 17 89 77
16 28 68 55
17 18 85 64
17 29 40 52
18 19 49 40
18 30 88 64
19 20 50 34
19 31 41 21
20 21 71 21
20 32 19 27
21 22 32 57
21 33 20 77
22 23 42 71
22 34 96 65
23 35 98 55
24 25 22 47
25 26 78 8
26 27 18 92
27 28 92 57
28 29 53 13
29 30 25 43
30 31 35 67
31 32 89 30
32 33 39 26
33 34 1 41
34 35 38 45
