0 1 57 46
0 19 48 49
1 2 65 38
1 20 98 8
2 3 8 84
2 21 51 42
3 4 57 41
3 22 39 64
4 5 46 46
4 23 94 10
5 6 66 33
5 24 9 90
6 7 41 52
6 25 64 31
7 8 76 27
7 26 82 26
8 9 73 26
8 27 9 86
9 10 80 26
9 28 55 51
10 11 68 40
10 29 1 88
11 12 80 27
11 30 46 47
12 13 39 51
12 31 45 59
13 14 5 88
13 32 51 54
14 15 81 15
14 33 18 76
15 16 1 97
15 34 87 11
16 17 26 70
16 35 82 22
17 18 54 40
17 36 49 52
18 37 21 70
19 20 24 64
20 21 0 91
21 22 94 18
22 23 3 87
23 24 91 8
24 25 70 33
25 26 79 19
26 27 84 26
27 28 61 37
28 29 92 14
29 30 51 50
30 31 47 53
31 32 61 41
32 33 50 53
33 34 81 26
34 35 57 49
35 36 59 35
36 37 32 68
