0 1 0 61
0 19 2 53
1 2 57 36
1 20 73 19
2 3 88 45
2 21 63 71
3 4 99 14
3 22 98 36
4 5 28 49
4 23 36 24
5 6 82 49
5 24 85 30
6 7 0 48
6 25 31 51
7 8 95 39
7 26 5 59
8 9 66 10
8 27 31 79
9 10 41 82
9 28 54 30
10 11 24 49
10 29 39 86
11 12 71 39
11 30 0 66
12 13 5 55
12 31 7 33
13 14 9 52
13 32 99 13
14 15 63 28
14 33 39 25
15 16 85 69
15 34 99 19
16 17 86 27
16 35 1 81
17 18 17 28
17 36 25 19
18 37 86 71
19 20 1 95
20 21 68 66
21 22 16 82
22 23 82 42
23 24 48 81
24 25 99 28
25 26 36 21
26 27 91 28
27 28 59 9
28 29 47 78
29 30 20 39
30 31 10 27
31 32 60 68
32 33 23 60
33 34 25 25
34 35 4 51
35 36 32 26
36 37 9 45
