0 1 79 48
0 10 12 62
1 2 37 35
1 11 65 31
2 3 89 16
2 12 93 39
3 4 46 64
3 13 50 38
4 5 43 70
4 14 84 39
5 6 40 47
5 15 94 24
6 7 20 62
6 16 4 50
7 8 49 47
7 17 4 72
8 9 48 55
8 18 99 1
9 19 45 27
10 11 12 72
10 20 39 57
11 12 68 44
11 21 80 19
12 13 88 12
12 22 76 18
13 14 87 47
13 23 89 31
14 15 9 94
14 24 5 64
15 16 4 60
15 25 18 63
16 17 27 76
16 26 44 44
17 18 5 68
17 27 78 25
18 19 50 68
18 28 15 53
19 29 20 74
20 21 15 51
20 30 44 53
21 22 92 48
21 31 99 31
22 23 60 31
22 32 95 44
23 24 10 84
23 33 52 58
24 25 27 62
24 34 84 12
25 26 21 80
25 35 84 46
26 27 85 46
26 36 64 65
27 28 90 46
27 37 43 66
28 29 11 65
28 38 71 45
29 39 9 82
30 31 15 91
31 32 99 40
32 33 64 59
33 34 17 49
34 35 76 20
35 36 67 47
36 37 36 77
37 38 88 42
38 39 2 57
