0 1 22 71
0 14 40 53
1 2 82 26
1 15 99 8
2 3 99 7
2 16 77 23
3 4 73 32
3 17 22 66
4 5 35 62
4 18 62 42
5 6 86 13
5 19 12 80
6 7 76 30
6 20 32 70
7 8 42 61
7 21 43 52
8 9 93 8
8 22 23 70
9 10 17 72
9 23 19 81
10 11 71 24
10 24 41 61
11 12 68 33
11 25 8 80
12 13 83 22
12 26 51 50
13 27 83 23
14 15 48 47
14 28 70 25
15 16 37 59
15 29 6 85
16 17 0 95
16 30 60 43
17 18 68 29
17 31 23 74
18 19 26 73
18 32 52 44
19 20 76 22
19 33 20 73
20 21 19 82
20 34 37 62
21 22 60 41
21 35 0 88
22 23 33 64
22 36 93 16
23 24 20 71
23 37 60 42
24 25 5 85
24 38 78 22
25 26 99 3
25 39 85 19
26 27 10 86
26 40 14 76
27 41 67 35
28 29 77 19
29 30 27 70
30 31 70 26
31 32 87 20
32 33 29 75
33 34 64 43
34 35 31 65
35 36 36 68
36 37 78 30
37 38 20 81
38 39 28 60
39 40 28 66
40 41 44 56
