0 1 37 67
0 14 58 56
1 2 46 70
1 15 41 77
2 3 10 69
2 16 31 77
3 4 54 66
3 17 93 13
4 5 63 51
4 18 94 9
5 6 77 11
5 19 22 60
6 7 65 66
6 20 41 62
7 8 35 39
7 21 39 51
8 9 13 47
8 22 87 13
9 10 46 56
9 23 78 39
10 11 51 37
10 24 50 58
11 12 64 61
11 25 62 31
12 13 93 38
12 26 64 57
13 27 80 43
14 15 65 43
14 28 37 47
15 16 57 30
15 29 71 56
16 17 17 89
16 30 53 69
17 18 27 66
17 31 78 58
18 19 18 90
18 32 78 30
19 20 13 60
19 33 17 44
20 21 52 53
20 34 15 65
21 22 83 22
21 35 77 47
22 23 63 41
22 36 83 48
23 24 72 59
23 37 70 60
24 25 90 16
24 38 20 50
25 26 6 67
25 39 26 49
26 27 32 83
26 40 74 36
27 41 17 74
28 29 23 52
29 30 86 50
30 31 68 20
31 32 52 73
32 33 3 82
33 34 57 39
34 35 74 30
35 36 22 68
36 37 22 42
37 38 25 65
38 39 60 51
39 40 4 76
40 41 76 54
