0 1 51 23
0 14 26 82
1 2 60 9
1 15 32 84
2 3 69 24
2 16 35 13
3 4 35 79
3 17 62 75
4 5 90 66
4 18 25 18
5 6 15 67
5 19 80 62
6 7 50 50
6 20 46 17
7 8 24 82
7 21 78 26
8 9 75 63
8 22 42 46
9 10 13 82
9 23 74 6
10 11 65 79
10 24 91 79
11 12 38 25
11 25 39 22
12 13 23 35
12 26 90 18
13 27 36 50
14 15 82 49
14 28 95 46
15 16 58 33
15 29 55 17
16 17 37 91
16 30 33 26
17 18 1 26
17 31 74 55
18 19 22 73
18 32 82 59
19 20 87 11
19 33 2 47
20 21 16 79
20 34 54 68
21 22 31 66
21 35 28 76
22 23 96 47
22 36 80 42
23 24 5 26
23 37 50 86
24 25 90 6
24 38 68 77
25 26 97 29
25 39 53 36
26 27 1 30
26 40 34 33
27 41 89 52
28 29 6 89
29 30 9 37
30 31 89 39
31 32 81 23
32 33 69 7
33 34 47 26
34 35 75 75
35 36 7 47
36 37 81 45
37 38 30 85
38 39 56 62
39 40 32 15
40 41 83 45
