0 1 44 31
0 11 4 87
1 2 54 30
1 12 16 56
2 3 80 22
2 13 69 40
3 4 12 44
3 14 34 75
4 5 82 22
4 15 3 56
5 6 61 60
5 16 47 54
6 7 6 51
6 17 73 55
7 8 16 85
7 18 66 22
8 9 69 17
8 19 64 32
9 10 34 78
9 20 78 48
10 21 44 35
11 12 11 46
11 22 22 46
12 13 5 56
12 23 75 46
13 14 49 69
13 24 24 54
14 15 15 60
14 25 55 23
15 16 36 74
15 26 89 32
16 17 59 68
16 27 51 70
17 18 19 53
17 28 80 27
18 19 15 85
18 29 93 5
19 20 27 43
19 30 51 70
20 21 47 30
20 31 20 69
21 32 29 43
22 23 22 53
22 33 5 67
23 24 53 66
23 34 81 15
24 25 55 47
24 35 45 63
25 26 17 77
25 36 4 92
26 27 84 32
26 37 4 94
27 28 73 43
27 38 14 48
28 29 34 55
28 39 6 87
29 30 81 35
29 40 82 14
30 31 27 60
30 41 70 57
31 32 48 66
31 42 50 28
32 43 35 63
33 34 56 65
34 35 32 78
35 36 42 68
36 37 4 97
37 38 10 90
38 39 88 9
39 40 89 7
40 41 61 23
41 42 24 42
42 43 8 58
