0 1 37 60
0 12 82 29
1 2 98 1
1 13 0 92
2 3 90 22
2 14 53 43
3 4 39 53
3 15 5 82
4 5 23 66
4 16 30 73
5 6 56 44
5 17 63 36
6 7 60 45
6 18 50 50
7 8 57 37
7 19 54 46
8 9 12 88
8 20 86 23
9 10 53 53
9 21 31 69
10 11 22 69
10 22 29 65
11 23 53 46
12 13 18 82
12 24 23 69
13 14 2 84
13 25 5 85
14 15 88 24
14 26 50 56
15 16 44 55
15 27 96 3
16 17 45 55
16 28 72 28
17 18 77 20
17 29 60 47
18 19 10 86
18 30 82 23
19 20 14 85
19 31 13 73
20 21 0 94
20 32 8 84
21 22 92 14
21 33 16 73
22 23 41 59
22 34 17 75
23 35 1 92
24 25 47 49
24 36 68 32
25 26 50 53
25 37 46 49
26 27 89 14
26 38 1 87
27 28 11 86
27 39 74 26
28 29 8 90
28 40 36 63
29 30 60 36
29 41 87 10
30 31 5 92
30 42 63 39
31 32 6 93
31 43 32 61
32 33 86 17
32 44 40 54
33 34 72 37
33 45 43 53
34 35 63 39
34 46 15 74
35 47 14 75
36 37 72 32
37 38 91 19
38 39 79 25
39 40 29 61
40 41 57 43
41 42 5 90
42 43 90 16
43 44 14 83
44 45 25 64
45 46 92 13
46 47 66 43
