0 1 2 54
0 12 1 93
1 2 63 40
1 13 42 30
2 3 51 37
2 14 8 62
3 4 71 34
3 15 26 53
4 5 2 88
4 16 13 71
5 6 97 16
5 17 75 21
6 7 50 31
6 18 60 41
7 8 52 69
7 19 1 51
8 9 34 71
8 20 52 44
9 10 84 45
9 21 44 66
10 11 56 32
10 22 93 43
11 23 55 39
12 13 29 49
12 24 42 52
13 14 27 43
13 25 17 62
14 15 73 17
14 26 89 43
15 16 41 45
15 27 95 31
16 17 53 29
16 28 15 46
17 18 45 39
17 29 87 48
18 19 90 52
18 30 63 32
19 20 77 49
19 31 60 56
20 21 13 47
20 32 49 31
21 22 67 57
21 33 41 52
22 23 23 83
22 34 72 63
23 35 41 64
24 25 30 60
24 36 75 46
25 26 28 75
25 37 74 44
26 27 57 24
26 38 34 57
27 28 98 33
27 39 6 73
28 29 88 48
28 40 85 38
29 30 26 71
29 41 27 52
30 31 64 64
30 42 24 76
31 32 50 31
31 43 37 42
32 33 39 75
32 44 70 31
33 34 78 49
33 45 48 46
34 35 71 41
34 46 11 89
35 47 44 33
36 37 31 46
37 38 86 51
38 39 58 33
39 40 15 64
40 41 98 5
41 42 30 70
42 43 83 11
43 44 99 39
44 45 9 83
45 46 88 26
46 47 65 43
