0 1 59 40
0 10 96 36
1 2 21 77
1 11 17 56
2 3 21 75
2 12 45 49
3 4 78 45
3 13 17 56
4 5 70 44
4 14 20 65
5 6 31 58
5 15 49 64
6 7 90 28
6 16 41 66
7 8 81 26
7 17 26 84
8 9 38 57
8 18 76 42
9 19 18 79
10 11 38 63
10 20 43 36
11 12 45 52
11 21 2 59
12 13 8 63
12 22 56 52
13 14 90 13
13 23 83 12
14 15 89 26
14 24 14 73
15 16 68 53
15 25 0 76
16 17 68 44
16 26 71 42
17 18 28 47
17 27 58 63
18 19 83 37
18 28 46 51
19 29 29 75
20 21 46 41
20 30 69 55
21 22 19 60
21 31 26 54
22 23 41 44
22 32 53 34
23 24 4 65
23 33 75 61
24 25 91 18
24 34 92 48
25 26 54 55
25 35 96 13
26 27 56 28
26 36 77 20
27 28 6 66
27 37 44 50
28 29 0 60
28 38 31 37
29 39 26 78
30 31 69 21
30 40 49 43
31 32 81 21
31 41 33 35
32 33 5 87
32 42 65 59
33 34 86 40
33 43 96 26
34 35 53 36
34 44 41 33
35 36 7 68
35 45 80 58
36 37 6 53
36 46 55 45
37 38 46 46
37 47 7 81
38 39 77 35
38 48 12 51
39 49 15 51
40 41 62 65
41 42 44 71
42 43 55 42
43 44 48 40
44 45 20 39
45 46 28 75
46 47 49 72
47 48 89 30
48 49 93 25
