0 1 30 42
0 26 10 71
1 2 93 16
1 27 33 44
2 3 0 76
2 28 86 68
3 4 16 77
3 29 76 50
4 5 14 61
4 30 7 84
5 6 2 21
5 31 29 39
6 7 64 9
6 32 25 89
7 8 47 83
7 33 90 73
8 9 53 40
8 34 5 91
9 10 19 58
9 35 30 73
10 11 95 30
10 36 91 37
11 12 27 90
11 37 22 56
12 13 9 51
12 38 92 47
13 14 70 32
13 39 93 51
14 15 75 32
14 40 80 25
15 16 30 28
15 41 55 53
16 17 65 37
16 42 55 24
17 18 58 30
17 43 74 53
18 19 90 22
18 44 22 88
19 20 47 65
19 45 79 35
20 21 26 54
20 46 91 13
21 22 2 87
21 47 26 90
22 23 86 50
22 48 32 71
23 24 53 33
23 49 2 49
24 25 84 78
24 50 21 68
25 51 41 54
26 27 41 65
27 28 12 45
28 29 82 11
29 30 72 9
30 31 93 12
31 32 38 70
32 33 76 27
33 34 2 25
34 35 92 38
35 36 25 31
36 37 31 93
37 38 67 64
38 39 96 35
39 40 77 72
40 41 66 70
41 42 39 50
42 43 85 62
43 44 27 85
44 45 12 69
45 46 20 47
46 47 79 21
47 48 78 45
48 49 22 68
49 50 36 39
50 51 7 70
