0 1 24 75
0 11 89 48
1 2 38 47
1 12 18 43
2 3 12 46
2 13 71 33
3 4 95 35
3 14 49 66
4 5 58 70
4 15 88 6
5 6 2 84
5 16 51 63
6 7 25 70
6 17 60 52
7 8 47 38
7 18 39 72
8 9 60 37
8 19 93 45
9 10 59 54
9 20 57 28
10 21 51 41
11 12 93 9
11 22 49 66
12 13 82 16
12 23 13 89
13 14 62 25
13 24 29 73
14 15 58 23
14 25 28 40
15 16 66 56
15 26 38 66
16 17 68 21
16 27 46 60
17 18 10 55
17 28 77 30
18 19 61 36
18 29 33 33
19 20 88 45
19 30 76 56
20 21 55 33
20 31 14 89
21 32 56 44
22 23 32 78
22 33 68 32
23 24 24 63
23 34 48 59
24 25 79 11
24 35 77 39
25 26 36 41
25 36 15 86
26 27 71 32
26 37 58 57
27 28 66 45
27 38 47 28
28 29 82 46
28 39 84 16
29 30 18 61
29 40 12 82
30 31 25 44
30 41 85 43
31 32 60 52
31 42 87 12
32 43 35 70
33 34 50 25
33 44 43 37
34 35 91 8
34 45 56 26
35 36 73 25
35 46 29 75
36 37 1 96
36 47 46 73
37 38 76 26
37 48 51 64
38 39 2 66
38 49 97 46
39 40 62 48
39 50 45 70
40 41 24 52
40 51 77 28
41 42 40 52
41 52 28 48
42 43 12 87
42 53 53 57
43 54 15 55
44 45 46 52
45 46 28 49
46 47 46 39
47 48 19 71
48 49 59 52
49 50 91 38
50 51 1 52
51 52 50 45
52 53 25 37
53 54 60 24
