0 1 67 40
0 29 66 40
1 2 82 22
1 30 1 91
2 3 71 37
2 31 4 86
3 4 71 27
3 32 20 76
4 5 48 53
4 33 65 32
5 6 45 59
5 34 15 83
6 7 77 31
6 35 83 20
7 8 84 16
7 36 71 35
8 9 96 5
8 37 56 41
9 10 68 41
9 38 97 5
10 11 64 45
10 39 42 56
11 12 8 78
11 40 68 39
12 13 79 27
12 41 28 75
13 14 66 33
13 42 29 73
14 15 64 31
14 43 55 49
15 16 16 73
15 44 13 80
16 17 14 79
16 45 0 92
17 18 73 36
17 46 5 90
18 19 0 86
18 47 30 71
19 20 15 82
19 48 4 89
20 21 61 37
20 49 34 63
21 22 36 54
21 50 47 49
22 23 50 54
22 51 29 66
23 24 54 49
23 52 23 72
24 25 92 15
24 53 29 60
25 26 32 58
25 54 65 42
26 27 71 31
26 55 57 44
27 28 93 11
27 56 59 41
28 57 81 23
29 30 28 65
30 31 28 73
31 32 46 54
32 33 37 63
33 34 18 82
34 35 3 84
35 36 6 79
36 37 28 62
37 38 42 50
38 39 53 43
39 40 62 41
40 41 99 7
41 42 79 26
42 43 7 90
43 44 44 59
44 45 25 67
45 46 87 12
46 47 77 25
47 48 46 52
48 49 23 78
49 50 63 44
50 51 90 15
51 52 96 4
52 53 11 89
53 54 69 31
54 55 34 58
55 56 78 26
56 57 60 47
