0 1 81 11
0 29 34 35
1 2 45 33
1 30 93 49
2 3 31 80
2 31 8 46
3 4 51 62
3 32 39 73
4 5 25 47
4 33 95 18
5 6 34 56
5 34 23 62
6 7 13 71
6 35 89 34
7 8 73 62
7 36 61 27
8 9 60 51
8 37 13 75
9 10 88 52
9 38 46 27
10 11 82 56
10 39 87 34
11 12 88 9
11 40 3 86
12 13 18 78
12 41 15 80
13 14 84 30
13 42 11 71
14 15 40 62
14 43 28 73
15 16 25 62
15 44 14 86
16 17 29 43
16 45 16 54
17 18 68 15
17 46 17 62
18 19 71 17
18 47 83 14
19 20 91 42
19 48 22 45
20 21 71 19
20 49 72 20
21 22 50 63
21 50 17 56
22 23 63 53
22 51 62 58
23 24 76 53
23 52 63 23
24 25 39 46
24 53 90 34
25 26 65 49
25 54 45 39
26 27 18 67
26 55 73 57
27 28 13 63
27 56 56 65
28 57 18 67
29 30 83 38
30 31 62 49
31 32 97 39
32 33 15 80
33 34 43 47
34 35 95 38
35 36 2 95
36 37 80 12
37 38 98 39
38 39 75 12
39 40 82 32
40 41 2 60
41 42 27 82
42 43 80 57
43 44 32 67
44 45 55 46
45 46 0 84
46 47 86 55
47 48 75 37
48 49 31 66
49 50 29 70
50 51 35 60
51 52 86 10
52 53 74 19
53 54 63 42
54 55 99 32
55 56 1 88
56 57 41 37
