0 1 75 24
0 10 12 83
1 2 90 8
1 11 26 73
2 3 92 11
2 12 42 56
3 4 28 61
3 13 61 38
4 5 67 42
4 14 23 77
5 6 80 31
5 15 40 58
6 7 68 37
6 16 65 29
7 8 15 79
7 17 48 43
8 9 53 45
8 18 34 62
9 19 57 39
10 11 48 54
10 20 9 83
11 12 4 88
11 21 18 82
12 13 64 31
12 22 63 43
13 14 65 35
13 23 62 44
14 15 81 15
14 24 83 28
15 16 35 63
15 25 83 21
16 17 2 92
16 26 6 90
17 18 83 20
17 27 62 46
18 19 34 66
18 28 40 59
19 29 11 79
20 21 8 87
20 30 97 5
21 22 2 97
21 31 2 87
22 23 39 65
22 32 81 21
23 24 94 13
23 33 92 18
24 25 26 76
24 34 47 58
25 26 90 10
25 35 14 86
26 27 67 41
26 36 58 36
27 28 92 20
27 37 87 11
28 29 8 81
28 38 18 79
29 39 83 26
30 31 66 35
30 40 47 56
31 32 11 82
31 41 93 17
32 33 75 29
32 42 60 41
33 34 55 51
33 43 43 59
34 35 87 18
34 44 22 73
35 36 87 15
35 45 96 15
36 37 56 44
36 46 65 38
37 38 24 77
37 47 38 56
38 39 45 47
38 48 27 65
39 49 79 26
40 41 92 8
40 50 93 20
41 42 30 71
41 51 92 9
42 43 96 8
42 52 7 79
43 44 86 26
43 53 23 68
44 45 8 80
44 54 48 56
45 46 62 46
45 55 33 71
46 47 29 67
46 56 96 6
47 48 46 59
47 57 73 32
48 49 53 44
48 58 44 49
49 59 3 87
50 51 72 35
51 52 40 58
52 53 29 64
53 54 27 76
54 55 29 70
55 56 92 6
56 57 82 18
57 58 23 66
58 59 53 43
