0 1 89 22
0 10 80 48
1 2 4 89
1 11 68 20
2 3 1 82
2 12 46 58
3 4 59 63
3 13 80 25
4 5 94 33
4 14 53 40
5 6 18 60
5 15 48 75
6 7 4 85
6 16 71 40
7 8 54 47
7 17 89 11
8 9 17 57
8 18 91 17
9 19 27 85
10 11 48 59
10 20 77 20
11 12 0 57
11 21 98 6
12 13 49 35
12 22 52 38
13 14 53 64
13 23 31 46
14 15 65 37
14 24 10 89
15 16 9 94
15 25 44 45
16 17 6 74
16 26 74 13
17 18 53 34
17 27 12 85
18 19 51 66
18 28 17 87
19 29 69 63
20 21 89 38
20 30 70 35
21 22 66 21
21 31 95 16
22 23 6 70
22 32 2 69
23 24 57 26
23 33 23 38
24 25 90 41
24 34 75 52
25 26 70 17
25 35 3 68
26 27 20 64
26 36 1 52
27 28 44 64
27 37 50 34
28 29 67 19
28 38 47 68
29 39 45 67
30 31 92 21
30 40 54 27
31 32 40 56
31 41 61 44
32 33 61 21
32 42 48 30
33 34 95 7
33 43 57 54
34 35 46 54
34 44 14 87
35 36 76 31
35 45 4 63
36 37 87 44
36 46 96 49
37 38 96 33
37 47 85 35
38 39 67 29
38 48 46 39
39 49 79 10
40 41 89 6
40 50 67 20
41 42 88 36
41 51 23 61
42 43 75 49
42 52 66 56
43 44 95 29
43 53 9 85
44 45 57 28
44 54 8 76
45 46 7 48
45 55 1 65
46 47 83 11
46 56 7 77
47 48 13 53
47 57 64 65
48 49 21 65
48 58 31 36
49 59 92 23
50 51 61 52
51 52 83 40
52 53 74 12
53 54 11 82
54 55 98 34
55 56 22 41
56 57 81 31
57 58 70 33
58 59 75 50
