0 1 53 9
0 10 98 53
1 2 67 12
1 11 59 54
2 3 61 33
2 12 99 40
3 4 39 78
3 13 99 59
4 5 70 6
4 14 32 14
5 6 5 78
5 15 5 91
6 7 38 50
6 16 24 57
7 8 41 12
7 17 76 42
8 9 76 82
8 18 43 85
9 19 91 5
10 11 90 68
10 20 87 3
11 12 36 63
11 21 17 65
12 13 21 24
12 22 26 92
13 14 24 60
13 23 29 81
14 15 24 64
14 24 11 37
15 16 1 63
15 25 69 17
16 17 67 29
16 26 93 21
17 18 16 89
17 27 94 19
18 19 89 40
18 28 1 47
19 29 70 45
20 21 94 66
20 30 43 45
21 22 52 27
21 31 25 42
22 23 66 35
22 32 16 73
23 24 98 6
23 33 53 69
24 25 58 66
24 34 89 68
25 26 90 80
25 35 53 61
26 27 68 58
26 36 24 54
27 28 56 23
27 37 83 60
28 29 25 61
28 38 9 89
29 39 60 65
30 31 5 27
30 40 71 42
31 32 68 78
31 41 98 37
32 33 30 31
32 42 31 24
33 34 95 37
33 43 38 36
34 35 54 39
34 44 33 80
35 36 77 44
35 45 56 39
36 37 64 86
36 46 45 68
37 38 52 44
37 47 8 74
38 39 82 24
38 48 89 8
39 49 29 43
40 41 53 36
40 50 21 38
41 42 22 46
41 51 46 21
42 43 45 60
42 52 90 40
43 44 4 64
43 53 43 59
44 45 92 66
44 54 75 69
45 46 3 21
45 55 35 54
46 47 77 72
46 56 0 60
47 48 74 76
47 57 98 37
48 49 0 41
48 58 14 30
49 59 33 22
50 51 97 46
51 52 59 51
52 53 53 58
53 54 56 72
54 55 26 37
55 56 27 25
56 57 5 22
57 58 13 51
58 59 59 15
