0 1 68 13
0 11 91 48
1 2 84 34
1 12 11 31
2 3 3 26
2 13 26 58
3 4 57 73
3 14 83 52
4 5 10 47
4 15 52 14
5 6 28 69
5 16 10 89
6 7 26 22
6 17 46 35
7 8 11 62
7 18 92 29
8 9 2 32
8 19 64 14
9 10 86 53
9 20 12 61
10 21 0 85
11 12 37 49
11 22 17 71
12 13 98 71
12 23 36 43
13 14 49 87
13 24 78 52
14 15 47 63
14 25 29 32
15 16 55 60
15 26 65 59
16 17 29 71
16 27 38 18
17 18 75 16
17 28 54 76
18 19 76 21
18 29 68 25
19 20 89 45
19 30 21 34
20 21 74 48
20 31 3 32
21 32 34 77
22 23 79 14
22 33 64 13
23 24 35 40
23 34 4 47
24 25 63 45
24 35 15 68
25 26 24 87
25 36 77 80
26 27 86 67
26 37 52 76
27 28 13 53
27 38 87 31
28 29 71 85
28 39 3 40
29 30 32 27
29 40 37 81
30 31 65 86
30 41 46 51
31 32 35 49
31 42 98 59
32 43 65 19
33 34 74 66
33 44 2 89
34 35 1 98
34 45 49 84
35 36 15 21
35 46 87 35
36 37 87 34
36 47 89 37
37 38 97 63
37 48 47 56
38 39 16 80
38 49 70 15
39 40 45 89
39 50 43 71
40 41 29 70
40 51 17 95
41 42 34 53
41 52 55 65
42 43 68 77
42 53 24 22
43 54 39 27
44 45 99 56
44 55 76 54
45 46 73 22
45 56 23 56
46 47 64 31
46 57 62 23
47 48 64 18
47 58 5 91
48 49 84 27
48 59 66 42
49 50 27 32
49 60 68 64
50 51 92 72
50 61 48 66
51 52 51 42
51 62 89 55
52 53 49 49
52 63 21 71
53 54 3 60
53 64 41 50
54 65 53 46
55 56 9 91
56 57 54 63
57 58 31 58
58 59 70 24
59 60 89 19
60 61 22 65
61 62 24 16
62 63 64 25
63 64 66 14
64 65 70 58
