0 1 4 69
0 11 22 73
1 2 20 64
1 12 69 32
2 3 93 48
2 13 72 29
3 4 76 19
3 14 14 65
4 5 82 21
4 15 22 81
5 6 39 70
5 16 51 60
6 7 90 23
6 17 90 8
7 8 21 60
7 18 1 99
8 9 38 54
8 19 6 49
9 10 16 46
9 20 63 48
10 21 32 76
11 12 93 39
11 22 39 64
12 13 65 66
12 23 50 62
13 14 64 62
13 24 64 63
14 15 69 40
14 25 57 45
15 16 37 61
15 26 61 22
16 17 33 33
16 27 76 35
17 18 12 93
17 28 9 73
18 19 61 36
18 29 40 33
19 20 22 51
19 30 23 56
20 21 24 80
20 31 47 62
21 32 33 62
22 23 32 52
22 33 35 32
23 24 32 53
23 34 45 54
24 25 76 53
24 35 62 21
25 26 11 86
25 36 39 33
26 27 11 53
26 37 58 65
27 28 75 20
27 38 99 7
28 29 97 46
28 39 20 78
29 30 31 42
29 40 96 27
30 31 84 48
30 41 52 37
31 32 37 36
31 42 3 83
32 43 82 43
33 34 50 67
33 44 21 72
34 35 4 61
34 45 59 53
35 36 26 41
35 46 30 49
36 37 93 39
36 47 39 41
37 38 16 73
37 48 57 28
38 39 95 31
38 49 65 57
39 40 0 68
39 50 45 47
40 41 78 33
40 51 60 66
41 42 2 77
41 52 46 71
42 43 2 86
42 53 29 60
43 54 1 74
44 45 19 58
44 55 80 48
45 46 3 83
45 56 22 77
46 47 32 58
46 57 18 75
47 48 32 54
47 58 12 66
48 49 61 28
48 59 62 42
49 50 65 37
49 60 91 21
50 51 46 74
50 61 88 24
51 52 44 58
51 62 46 57
52 53 85 48
52 63 1 70
53 54 12 92
53 64 72 20
54 65 80 52
55 56 99 13
56 57 30 67
57 58 20 73
58 59 45 70
59 60 67 34
60 61 88 35
61 62 55 42
62 63 69 19
63 64 62 41
64 65 33 58
