0 1 47 57
0 34 1 85
1 2 65 42
1 35 3 96
2 3 54 52
2 36 6 79
3 4 3 81
3 37 36 62
4 5 25 73
4 38 1 88
5 6 36 57
5 39 20 76
6 7 97 14
6 40 70 38
7 8 66 30
7 41 43 61
8 9 36 57
8 42 34 58
9 10 42 48
9 43 74 27
10 11 19 75
10 44 70 38
11 12 81 25
11 45 41 50
12 13 13 74
12 46 85 27
13 14 65 35
13 47 15 83
14 15 81 26
14 48 80 25
15 16 11 80
15 49 20 70
16 17 10 76
16 50 45 53
17 18 31 71
17 51 19 69
18 19 18 74
18 52 32 65
19 20 96 8
19 53 36 64
20 21 53 50
20 54 85 16
21 22 52 47
21 55 50 47
22 23 51 45
22 56 20 79
23 24 1 93
23 57 30 68
24 25 42 56
24 58 77 31
25 26 12 79
25 59 65 35
26 27 7 87
26 60 19 80
27 28 44 57
27 61 95 8
28 29 58 45
28 62 98 1
29 30 32 67
29 63 41 56
30 31 5 90
30 64 37 65
31 32 56 47
31 65 72 26
32 33 32 66
32 66 67 35
33 67 97 10
34 35 41 54
35 36 30 66
36 37 62 43
37 38 72 31
38 39 15 81
39 40 75 32
40 41 6 87
41 42 57 43
42 43 81 16
43 44 96 6
44 45 7 79
45 46 42 50
46 47 45 46
47 48 93 14
48 49 99 1
49 50 28 67
50 51 88 17
51 52 98 11
52 53 2 88
53 54 97 10
54 55 41 53
55 56 34 62
56 57 6 83
57 58 1 87
58 59 24 76
59 60 11 86
60 61 20 71
61 62 23 64
62 63 53 49
63 64 79 30
64 65 97 10
65 66 48 44
66 67 65 37
