0 1 62 44
0 34 19 66
1 2 29 36
1 35 95 19
2 3 14 87
2 36 61 39
3 4 85 9
3 37 56 40
4 5 53 45
4 38 82 37
5 6 76 56
5 39 80 22
6 7 85 15
6 40 78 43
7 8 9 64
7 41 87 14
8 9 5 54
8 42 97 43
9 10 19 66
9 43 32 39
10 11 48 47
10 44 29 42
11 12 77 22
11 45 45 43
12 13 75 44
12 46 0 96
13 14 66 34
13 47 37 62
14 15 5 92
14 48 9 73
15 16 87 24
15 49 1 69
16 17 71 15
16 50 25 75
17 18 60 39
17 51 91 11
18 19 77 43
18 52 6 50
19 20 33 42
19 53 12 51
20 21 26 55
20 54 53 45
21 22 71 57
21 55 67 20
22 23 20 81
22 56 39 68
23 24 11 68
23 57 41 31
24 25 27 39
24 58 89 7
25 26 58 66
25 59 84 13
26 27 95 16
26 60 70 48
27 28 53 69
27 61 20 57
28 29 71 27
28 62 73 56
29 30 65 51
29 63 50 51
30 31 40 56
30 64 23 78
31 32 99 46
31 65 41 34
32 33 74 14
32 66 59 34
33 67 87 33
34 35 35 60
35 36 10 81
36 37 46 35
37 38 54 35
38 39 63 39
39 40 24 43
40 41 10 67
41 42 89 53
42 43 80 34
43 44 24 42
44 45 31 51
45 46 44 65
46 47 89 25
47 48 57 39
48 49 6 57
49 50 20 86
50 51 96 10
51 52 5 75
52 53 99 20
53 54 99 28
54 55 78 24
55 56 10 91
56 57 59 27
57 58 76 33
58 59 1 69
59 60 59 33
60 61 49 28
61 62 12 73
62 63 23 70
63 64 41 69
64 65 54 54
65 66 98 15
66 67 83 43
