0 1 26 25
0 34 37 85
1 2 93 16
1 35 37 26
2 3 24 66
2 36 65 63
3 4 16 22
3 37 26 20
4 5 31 90
4 38 13 90
5 6 15 53
5 39 89 74
6 7 72 74
6 40 35 86
7 8 99 10
7 41 28 92
8 9 70 60
8 42 54 73
9 10 40 31
9 43 32 47
10 11 16 59
10 44 25 69
11 12 7 35
11 45 79 36
12 13 62 46
12 46 36 73
13 14 33 61
13 47 68 41
14 15 29 69
14 48 80 13
15 16 96 28
15 49 2 29
16 17 38 88
16 50 96 23
17 18 14 94
17 51 17 85
18 19 70 36
18 52 90 53
19 20 3 89
19 53 41 72
20 21 17 75
20 54 48 77
21 22 23 93
21 55 14 55
22 23 56 19
22 56 50 17
23 24 23 63
23 57 47 61
24 25 76 18
24 58 51 84
25 26 4 58
25 59 51 41
26 27 19 86
26 60 15 68
27 28 18 94
27 61 92 73
28 29 72 59
28 62 91 73
29 30 20 67
29 63 86 49
30 31 72 55
30 64 73 13
31 32 92 18
31 65 68 66
32 33 96 40
32 66 91 81
33 67 71 54
34 35 6 21
35 36 86 58
36 37 14 41
37 38 32 70
38 39 57 9
39 40 37 81
40 41 96 15
41 42 47 21
42 43 47 21
43 44 47 69
44 45 69 41
45 46 63 8
46 47 3 87
47 48 43 57
48 49 85 56
49 50 82 25
50 51 54 39
51 52 16 96
52 53 88 69
53 54 61 45
54 55 9 78
55 56 21 22
56 57 19 43
57 58 90 46
58 59 5 39
59 60 39 61
60 61 84 5
61 62 8 63
62 63 8 90
63 64 75 81
64 65 81 74
65 66 32 62
66 67 16 85
