0 1 84 48
0 10 33 33
1 2 51 51
1 11 12 52
2 3 94 51
2 12 53 57
3 4 23 57
3 13 17 17
4 5 99 18
4 14 71 76
5 6 49 80
5 15 63 35
6 7 12 80
6 16 16 65
7 8 29 85
7 17 55 26
8 9 76 61
8 18 82 32
9 19 78 48
10 11 32 54
10 20 10 89
11 12 86 77
11 21 15 37
12 13 73 53
12 22 95 76
13 14 72 49
13 23 27 32
14 15 68 53
14 24 96 8
15 16 6 63
15 25 9 96
16 17 87 59
16 26 74 44
17 18 22 24
17 27 44 18
18 19 33 35
18 28 44 18
19 29 0 59
20 21 18 16
20 30 97 28
21 22 10 29
21 31 6 19
22 23 48 34
22 32 49 27
23 24 27 27
23 33 9 37
24 25 54 74
24 34 35 36
25 26 36 59
25 35 35 52
26 27 64 83
26 36 34 81
27 28 32 63
27 37 72 45
28 29 28 45
28 38 96 71
29 39 48 80
30 31 10 87
30 40 52 12
31 32 70 42
31 41 70 59
32 33 62 74
32 42 33 33
33 34 58 80
33 43 60 63
34 35 82 40
34 44 58 60
35 36 33 18
35 45 8 91
36 37 0 64
36 46 8 55
37 38 43 65
37 47 10 19
38 39 59 35
38 48 39 14
39 49 78 22
40 41 85 18
40 50 14 25
41 42 2 79
41 51 83 6
42 43 95 42
42 52 1 28
43 44 36 87
43 53 33 31
44 45 65 13
44 54 59 11
45 46 12 81
45 55 73 70
46 47 53 20
46 56 4 92
47 48 96 41
47 57 1 34
48 49 80 29
48 58 68 19
49 59 23 39
50 51 6 94
50 60 99 51
51 52 59 16
51 61 21 68
52 53 93 69
52 62 75 45
53 54 76 29
53 63 39 55
54 55 75 49
54 64 42 18
55 56 82 39
55 65 73 24
56 57 0 33
56 66 79 30
57 58 11 55
57 67 81 73
58 59 84 60
58 68 21 93
59 69 28 59
60 61 41 29
61 62 23 57
62 63 33 75
63 64 85 17
64 65 51 87
65 66 85 35
66 67 91 49
67 68 65 8
68 69 9 62
