0 1 13 80
0 15 93 13
1 2 32 64
1 16 54 38
2 3 95 6
2 17 82 18
3 4 70 29
3 18 69 30
4 5 14 76
4 19 19 78
5 6 7 83
5 20 22 73
6 7 32 71
6 21 39 59
7 8 32 67
7 22 4 84
8 9 56 45
8 23 98 8
9 10 30 68
9 24 88 11
10 11 22 74
10 25 62 44
11 12 71 29
11 26 55 39
12 13 59 34
12 27 93 13
13 14 46 46
13 28 66 38
14 29 74 29
15 16 4 94
15 30 72 36
16 17 90 22
16 31 53 44
17 18 92 14
17 32 63 40
18 19 61 35
18 33 68 31
19 20 55 44
19 34 92 15
20 21 92 12
20 35 75 30
21 22 49 52
21 36 36 56
22 23 68 27
22 37 86 15
23 24 21 73
23 38 78 24
24 25 13 73
24 39 26 66
25 26 47 44
25 40 64 35
26 27 1 88
26 41 19 76
27 28 91 9
27 42 70 32
28 29 18 83
28 43 28 64
29 44 47 56
30 31 41 52
30 45 85 24
31 32 84 23
31 46 8 89
32 33 50 50
32 47 62 36
33 34 36 56
33 48 38 52
34 35 28 68
34 49 75 30
35 36 35 69
35 50 0 85
36 37 62 43
36 51 98 10
37 38 57 42
37 52 74 21
38 39 19 72
38 53 78 24
39 40 72 31
39 54 81 18
40 41 17 73
40 55 8 83
41 42 2 96
41 56 62 36
42 43 91 19
42 57 8 88
43 44 4 92
43 58 51 47
44 59 68 27
45 46 82 18
45 60 42 59
46 47 90 18
46 61 11 75
47 48 89 12
47 62 34 68
48 49 96 14
48 63 36 66
49 50 92 10
49 64 2 90
50 51 95 7
50 65 47 52
51 52 93 18
51 66 33 61
52 53 30 61
52 67 83 28
53 54 51 47
53 68 6 82
54 55 69 29
54 69 18 77
55 56 26 73
55 70 73 28
56 57 79 32
56 71 50 54
57 58 90 18
57 72 61 43
58 59 55 49
58 73 78 18
59 74 38 58
60 61 85 24
61 62 87 11
62 63 27 63
63 64 48 54
64 65 39 62
65 66 11 87
66 67 55 38
67 68 6 82
68 69 58 45
69 70 50 55
70 71 73 26
71 72 30 69
72 73 17 70
73 74 81 26
