0 1 84 26
0 11 56 45
1 2 3 56
1 12 20 70
2 3 74 55
2 13 23 49
3 4 7 69
3 14 28 59
4 5 7 95
4 15 55 23
5 6 27 52
5 16 53 58
6 7 56 52
6 17 23 86
7 8 48 71
7 18 18 87
8 9 72 17
8 19 77 52
9 10 82 26
9 20 81 13
10 21 76 31
11 12 8 65
11 22 47 46
12 13 71 48
12 23 64 34
13 14 48 63
13 24 36 75
14 15 22 56
14 25 86 55
15 16 16 69
15 26 0 60
16 17 22 49
16 27 41 51
17 18 58 68
17 28 96 31
18 19 29 43
18 29 79 56
19 20 56 67
19 30 87 16
20 21 80 39
20 31 91 42
21 32 49 75
22 23 6 94
22 33 19 78
23 24 12 89
23 34 32 73
24 25 99 43
24 35 84 34
25 26 65 49
25 36 24 79
26 27 42 52
26 37 96 42
27 28 95 43
27 38 86 38
28 29 41 33
28 39 23 45
29 30 82 43
29 40 54 32
30 31 62 26
30 41 90 14
31 32 57 56
31 42 61 26
32 43 26 59
33 34 92 12
33 44 20 73
34 35 4 81
34 45 76 46
35 36 14 61
35 46 74 56
36 37 45 65
36 47 5 89
37 38 46 72
37 48 18 41
38 39 28 37
38 49 94 20
39 40 29 37
39 50 66 51
40 41 4 63
40 51 28 85
41 42 3 86
41 52 54 32
42 43 23 55
42 53 7 63
43 54 2 68
44 45 94 20
44 55 24 74
45 46 16 56
45 56 54 36
46 47 92 35
46 57 91 16
47 48 43 32
47 58 6 86
48 49 40 40
48 59 71 18
49 50 92 29
49 60 24 50
50 51 70 56
50 61 9 48
51 52 53 39
51 62 78 58
52 53 29 36
52 63 11 62
53 54 71 55
53 64 27 60
54 65 9 61
55 56 11 45
55 66 62 60
56 57 29 84
56 67 17 70
57 58 54 55
57 68 44 74
58 59 41 67
58 69 68 54
59 60 31 66
59 70 34 33
60 61 70 62
60 71 63 56
61 62 32 52
61 72 29 72
62 63 48 37
62 73 79 56
63 64 67 48
63 74 19 54
64 65 73 16
64 75 3 83
65 76 0 75
66 67 89 22
67 68 41 32
68 69 66 26
69 70 15 44
70 71 68 57
71 72 54 27
72 73 83 49
73 74 27 40
74 75 14 75
75 76 53 35
