0 1 6 44
0 10 21 94
1 2 76 13
1 11 88 39
2 3 55 76
2 12 16 59
3 4 47 58
3 13 40 63
4 5 55 65
4 14 96 37
5 6 52 80
5 15 88 13
6 7 86 36
6 16 64 12
7 8 72 10
7 17 40 20
8 9 47 54
8 18 67 77
9 19 96 56
10 11 37 57
10 20 46 13
11 12 24 92
11 21 95 12
12 13 9 42
12 22 96 64
13 14 84 4
13 23 62 79
14 15 71 48
14 24 48 15
15 16 88 67
15 25 1 96
16 17 95 36
16 26 89 35
17 18 61 81
17 27 99 29
18 19 58 52
18 28 54 33
19 29 35 67
20 21 41 64
20 30 27 80
21 22 90 24
21 31 82 24
22 23 93 23
22 32 8 36
23 24 93 64
23 33 20 74
24 25 29 92
24 34 69 53
25 26 6 23
25 35 39 70
26 27 4 56
26 36 49 75
27 28 96 37
27 37 41 57
28 29 94 48
28 38 52 15
29 39 98 38
30 31 95 17
30 40 13 35
31 32 1 27
31 41 48 12
32 33 55 86
32 42 17 22
33 34 24 21
33 43 38 20
34 35 58 85
34 44 42 37
35 36 46 69
35 45 5 32
36 37 61 58
36 46 41 15
37 38 36 51
37 47 29 49
38 39 14 31
38 48 99 43
39 49 77 41
40 41 69 48
40 50 4 19
41 42 52 47
41 51 19 61
42 43 44 78
42 52 34 85
43 44 37 47
43 53 49 76
44 45 13 81
44 54 22 50
45 46 30 57
45 55 35 72
46 47 33 92
46 56 37 54
47 48 50 72
47 57 19 39
48 49 1 83
48 58 13 21
49 59 80 35
50 51 41 40
50 60 53 51
51 52 61 12
51 61 11 49
52 53 8 28
52 62 14 86
53 54 70 43
53 63 12 88
54 55 71 6
54 64 60 35
55 56 80 9
55 65 8 87
56 57 13 19
56 66 0 80
57 58 22 72
57 67 97 5
58 59 70 25
58 68 76 50
59 69 53 87
60 61 51 71
60 70 81 65
61 62 68 41
61 71 41 62
62 63 37 74
62 72 87 5
63 64 31 71
63 73 18 30
64 65 68 6
64 74 84 44
65 66 79 15
65 75 34 46
66 67 89 70
66 76 0 44
67 68 28 51
67 77 83 3
68 69 76 80
68 78 20 75
69 79 85 76
70 71 85 72
71 72 89 35
72 73 60 32
73 74 76 56
74 75 47 75
75 76 87 56
76 77 95 3
77 78 95 8
78 79 83 78
