0 1 0 89
0 41 99 15
1 2 71 52
1 42 22 81
2 3 66 58
2 43 50 65
3 4 75 37
3 44 13 60
4 5 48 31
4 45 26 52
5 6 1 79
5 46 59 67
6 7 95 14
6 47 47 58
7 8 20 77
7 48 86 15
8 9 50 46
8 49 51 45
9 10 80 29
9 50 58 24
10 11 94 39
10 51 17 64
11 12 6 82
11 52 58 45
12 13 87 37
12 53 39 79
13 14 4 84
13 54 17 63
14 15 32 64
14 55 52 64
15 16 36 56
15 56 82 33
16 17 91 4
16 57 34 47
17 18 34 56
17 58 58 58
18 19 56 59
18 59 4 72
19 20 15 58
19 60 38 49
20 21 0 76
20 61 3 70
21 22 5 77
21 62 2 95
22 23 42 43
22 63 44 43
23 24 96 17
23 64 48 37
24 25 50 49
24 65 84 33
25 26 8 80
25 66 17 81
26 27 28 42
26 67 48 55
27 28 35 57
27 68 78 46
28 29 15 77
28 69 51 59
29 30 3 86
29 70 5 74
30 31 8 54
30 71 50 56
31 32 11 91
31 72 85 18
32 33 5 55
32 73 8 65
33 34 50 32
33 74 89 12
34 35 29 65
34 75 84 45
35 36 94 3
35 76 60 30
36 37 85 20
36 77 74 16
37 38 30 73
37 78 96 24
38 39 16 85
38 79 87 7
39 40 56 42
39 80 75 48
40 81 28 81
41 42 23 80
42 43 79 52
43 44 25 75
44 45 8 80
45 46 65 51
46 47 75 15
47 48 52 42
48 49 47 74
49 50 65 31
50 51 10 46
51 52 92 3
52 53 61 21
53 54 29 75
54 55 80 19
55 56 22 50
56 57 61 27
57 58 48 67
58 59 74 32
59 60 67 54
60 61 11 66
61 62 3 49
62 63 2 59
63 64 94 38
64 65 54 57
65 66 14 68
66 67 69 30
67 68 36 49
68 69 2 90
69 70 24 45
70 71 77 56
71 72 89 8
72 73 84 46
73 74 41 41
74 75 86 24
75 76 27 54
76 77 30 37
77 78 71 14
78 79 2 53
79 80 69 32
80 81 38 79
