0 1 93 35
0 43 77 42
1 2 15 85
1 44 56 68
2 3 26 77
2 45 34 75
3 4 51 56
3 46 84 13
4 5 89 45
4 47 3 58
5 6 46 54
5 48 74 37
6 7 99 5
6 49 72 53
7 8 59 58
7 50 21 41
8 9 90 17
8 51 19 57
9 10 96 7
9 52 55 40
10 11 16 50
10 53 26 40
11 12 27 65
11 54 8 68
12 13 69 46
12 55 22 44
13 14 11 49
13 56 61 27
14 15 92 18
14 57 70 45
15 16 95 15
15 58 62 56
16 17 46 63
16 59 65 47
17 18 74 51
17 60 99 27
18 19 75 51
18 61 53 53
19 20 18 45
19 62 60 20
20 21 81 26
20 63 29 83
21 22 78 55
21 64 27 79
22 23 50 39
22 65 5 64
23 24 15 74
23 66 71 15
24 25 92 40
24 67 73 56
25 26 72 62
25 68 3 92
26 27 94 29
26 69 73 39
27 28 48 69
27 70 89 41
28 29 19 87
28 71 49 71
29 30 41 53
29 72 90 10
30 31 63 52
30 73 58 51
31 32 36 33
31 74 45 31
32 33 49 57
32 75 22 83
33 34 66 30
33 76 53 27
34 35 39 51
34 77 40 59
35 36 19 41
35 78 56 65
36 37 81 46
36 79 71 63
37 38 56 70
37 80 85 11
38 39 65 63
38 81 11 58
39 40 95 17
39 82 10 75
40 41 28 79
40 83 23 42
41 42 98 18
41 84 48 55
42 85 47 36
43 44 42 47
44 45 23 76
45 46 10 79
46 47 51 64
47 48 88 36
48 49 12 67
49 50 86 43
50 51 69 24
51 52 98 11
52 53 18 67
53 54 80 24
54 55 4 62
55 56 58 32
56 57 95 11
57 58 55 67
58 59 78 29
59 60 83 57
60 61 29 43
61 62 94 48
62 63 52 35
63 64 59 59
64 65 1 96
65 66 43 61
66 67 97 19
67 68 59 47
68 69 39 55
69 70 66 62
70 71 63 35
71 72 29 79
72 73 14 78
73 74 65 65
74 75 24 52
75 76 15 80
76 77 48 36
77 78 74 33
78 79 82 47
79 80 84 52
80 81 67 33
81 82 98 45
82 83 77 16
83 84 22 54
84 85 14 43
