0 1 50 44
0 10 73 28
1 2 23 59
1 11 31 37
2 3 96 28
2 12 21 76
3 4 59 70
3 13 25 52
4 5 57 40
4 14 61 57
5 6 80 27
5 15 99 12
6 7 40 38
6 16 54 22
7 8 40 52
7 17 49 38
8 9 97 24
8 18 97 1
9 19 35 79
10 11 57 29
10 20 11 92
11 12 39 32
11 21 88 26
12 13 56 64
12 22 55 52
13 14 64 66
13 23 12 75
14 15 20 86
14 24 20 63
15 16 10 90
15 25 76 46
16 17 69 65
16 26 61 19
17 18 77 23
17 27 48 39
18 19 70 17
18 28 66 49
19 29 95 10
20 21 83 22
20 30 87 12
21 22 70 36
21 31 11 93
22 23 11 52
22 32 9 46
23 24 61 63
23 33 6 77
24 25 95 48
24 34 25 46
25 26 93 44
25 35 35 37
26 27 8 54
26 36 23 68
27 28 21 54
27 37 89 20
28 29 84 53
28 38 62 68
29 39 86 51
30 31 71 24
30 40 35 52
31 32 1 91
31 41 77 57
32 33 42 49
32 42 65 56
33 34 6 69
33 43 44 47
34 35 26 52
34 44 24 75
35 36 4 95
35 45 62 50
36 37 80 11
36 46 47 68
37 38 33 76
37 47 49 26
38 39 6 73
38 48 14 68
39 49 34 73
40 41 71 40
40 50 23 57
41 42 14 86
41 51 39 62
42 43 33 73
42 52 4 81
43 44 77 54
43 53 73 33
44 45 80 37
44 54 83 26
45 46 44 70
45 55 50 53
46 47 72 44
46 56 47 47
47 48 75 50
47 57 35 63
48 49 69 51
48 58 43 35
49 59 62 47
50 51 72 15
50 60 98 15
51 52 67 37
51 61 82 33
52 53 7 64
52 62 22 86
53 54 74 51
53 63 97 1
54 55 42 50
54 64 15 69
55 56 30 81
55 65 23 66
56 57 64 20
56 66 78 43
57 58 79 41
57 67 8 46
58 59 96 26
58 68 50 69
59 69 46 27
60 61 59 64
60 70 68 47
61 62 56 66
61 71 69 16
62 63 55 22
62 72 89 28
63 64 16 76
63 73 13 79
64 65 15 55
64 74 92 52
65 66 87 17
65 75 62 55
66 67 89 45
66 76 68 30
67 68 65 43
67 77 63 32
68 69 71 17
68 78 9 61
69 79 54 54
70 71 1 56
70 80 95 9
71 72 49 59
71 81 96 43
72 73 58 30
72 82 1 77
73 74 4 59
73 83 46 54
74 75 35 37
74 84 69 57
75 76 97 14
75 85 66 38
76 77 37 45
76 86 77 21
77 78 43 41
77 87 4 48
78 79 17 69
78 88 70 14
79 89 81 57
80 81 62 32
81 82 29 36
82 83 75 26
83 84 88 40
84 85 29 51
85 86 89 51
86 87 35 47
87 88 32 33
88 89 45 53
