0 1 79 72
0 48 33 73
1 2 53 22
1 49 73 38
2 3 96 18
2 50 50 61
3 4 5 92
3 51 76 53
4 5 21 45
4 52 58 24
5 6 37 16
5 53 7 89
6 7 57 85
6 54 24 43
7 8 40 26
7 55 95 78
8 9 24 68
8 56 10 68
9 10 32 31
9 57 58 78
10 11 17 26
10 58 8 55
11 12 85 5
11 59 78 66
12 13 7 53
12 60 70 53
13 14 64 33
13 61 97 49
14 15 22 69
14 62 76 46
15 16 50 54
15 63 25 65
16 17 32 92
16 64 27 92
17 18 81 57
17 65 93 14
18 19 12 47
18 66 45 13
19 20 68 8
19 67 2 37
20 21 7 71
20 68 18 49
21 22 44 15
21 69 42 36
22 23 38 90
22 70 71 36
23 24 39 58
23 71 64 45
24 25 58 55
24 72 54 51
25 26 8 40
25 73 41 48
26 27 59 50
26 74 48 38
27 28 86 56
27 75 81 30
28 29 4 76
28 76 20 16
29 30 25 45
29 77 42 72
30 31 48 84
30 78 92 56
31 32 0 45
31 79 5 28
32 33 34 31
32 80 68 43
33 34 1 21
33 81 44 30
34 35 44 25
34 82 68 58
35 36 20 53
35 83 5 68
36 37 44 50
36 84 79 33
37 38 56 63
37 85 11 45
38 39 17 45
38 86 13 75
39 40 63 82
39 87 27 24
40 41 58 51
40 88 66 33
41 42 91 17
41 89 93 4
42 43 19 79
42 90 56 11
43 44 86 31
43 91 13 60
44 45 58 61
44 92 46 61
45 46 20 72
45 93 27 78
46 47 61 57
46 94 21 28
47 95 13 84
48 49 71 77
49 50 64 44
50 51 92 21
51 52 1 36
52 53 35 16
53 54 63 13
54 55 5 41
55 56 66 84
56 57 91 26
57 58 59 48
58 59 27 46
59 60 6 69
60 61 13 76
61 62 64 36
62 63 20 76
63 64 11 18
64 65 95 69
65 66 38 55
66 67 32 79
67 68 69 32
68 69 69 16
69 70 89 10
70 71 16 87
71 72 63 77
72 73 89 37
73 74 41 55
74 75 40 57
75 76 12 92
76 77 20 75
77 78 84 14
78 79 18 47
79 80 92 10
80 81 71 64
81 82 48 82
82 83 24 68
83 84 36 53
84 85 46 76
85 86 61 21
86 87 47 90
87 88 97 41
88 89 68 76
89 90 89 58
90 91 66 54
91 92 12 82
92 93 92 2
93 94 27 25
94 95 28 19
