24 38
0 1 92 66
0 6 56 49
1 2 38 47
1 7 73 60
2 3 81 58
2 8 10 11
3 4 37 43
3 9 27 30
4 5 9 10
4 10 97 84
5 11 30 55
6 7 72 64
6 12 93 66
7 8 12 25
7 13 31 29
8 9 81 80
8 14 54 52
9 10 61 70
9 15 90 72
10 11 68 69
10 16 97 63
11 17 83 81
12 13 86 88
12 18 34 24
13 14 42 57
13 19 86 81
14 15 45 62
14 20 46 42
15 16 14 10
15 21 21 22
16 17 64 50
16 22 36 40
17 23 94 89
18 19 76 72
19 20 55 46
20 21 13 24
21 22 61 46
22 23 35 30
0 9
0 12
0 32
1 0
1 3
1 4
1 9
1 11
1 12
1 15
1 17
1 18
1 19
1 20
1 21
1 22
1 25
1 30
1 32
1 33
2 0
2 1
2 3
2 4
2 9
2 11
2 12
2 15
2 16
2 17
2 18
2 19
2 20
2 21
2 22
2 24
2 25
2 26
2 30
2 32
2 33
3 0
3 9
3 12
3 15
3 18
3 20
3 21
3 22
3 25
3 32
3 33
4 0
4 9
4 12
4 15
4 18
4 20
4 21
4 22
4 25
4 32
5 0
5 1
5 2
5 3
5 4
5 6
5 7
5 9
5 10
5 11
5 12
5 13
5 14
5 15
5 16
5 17
5 18
5 19
5 20
5 21
5 22
5 23
5 24
5 25
5 26
5 27
5 29
5 30
5 31
5 32
5 33
5 34
5 35
5 36
5 37
6 0
6 1
6 2
6 3
6 4
6 9
6 11
6 12
6 15
6 16
6 17
6 18
6 19
6 20
6 21
6 22
6 24
6 25
6 26
6 30
6 32
6 33
6 34
6 36
7 0
7 1
7 2
7 3
7 4
7 6
7 9
7 10
7 11
7 12
7 15
7 16
7 17
7 18
7 19
7 20
7 21
7 22
7 24
7 25
7 26
7 27
7 30
7 31
7 32
7 33
7 34
7 36
7 37
8 0
8 1
8 2
8 3
8 4
8 5
8 6
8 7
8 9
8 10
8 11
8 12
8 13
8 14
8 15
8 16
8 17
8 18
8 19
8 20
8 21
8 22
8 23
8 24
8 25
8 26
8 27
8 28
8 29
8 30
8 31
8 32
8 33
8 34
8 35
8 36
8 37
10 0
10 3
10 4
10 9
10 11
10 12
10 15
10 17
10 18
10 19
10 20
10 21
10 22
10 24
10 25
10 26
10 32
10 33
11 0
11 9
11 12
11 15
11 18
11 21
11 22
11 25
11 32
11 33
12 9
12 32
13 0
13 1
13 2
13 3
13 4
13 6
13 7
13 9
13 10
13 11
13 12
13 14
13 15
13 16
13 17
13 18
13 19
13 20
13 21
13 22
13 24
13 25
13 26
13 27
13 30
13 31
13 32
13 33
13 34
13 36
13 37
14 0
14 1
14 2
14 3
14 4
14 6
14 9
14 11
14 12
14 15
14 16
14 17
14 18
14 19
14 20
14 21
14 22
14 24
14 25
14 26
14 27
14 30
14 31
14 32
14 33
14 34
14 36
14 37
15 9
15 21
15 22
15 25
15 32
16 0
16 3
16 4
16 9
16 11
16 12
16 15
16 17
16 18
16 19
16 20
16 21
16 22
16 25
16 32
16 33
17 9
17 15
17 18
17 21
17 22
17 25
17 32
17 33
18 9
18 32
19 9
19 15
19 18
19 21
19 22
19 25
19 32
19 33
20 9
21 9
21 22
21 25
21 32
22 32
23 0
23 1
23 2
23 3
23 4
23 6
23 9
23 11
23 12
23 15
23 16
23 17
23 18
23 19
23 20
23 21
23 22
23 24
23 25
23 26
23 27
23 30
23 31
23 32
23 33
23 34
23 36
23 37
24 0
24 3
24 4
24 9
24 11
24 12
24 15
24 17
24 18
24 19
24 20
24 21
24 22
24 25
24 26
24 32
24 33
25 9
25 22
25 32
26 0
26 9
26 11
26 12
26 15
26 17
26 18
26 19
26 20
26 21
26 22
26 25
26 32
26 33
27 0
27 1
27 3
27 4
27 9
27 11
27 12
27 15
27 16
27 17
27 18
27 19
27 20
27 21
27 22
27 25
27 30
27 32
27 33
27 34
27 36
28 0
28 1
28 2
28 3
28 4
28 6
28 7
28 9
28 10
28 11
28 12
28 14
28 15
28 16
28 17
28 18
28 19
28 20
28 21
28 22
28 23
28 24
28 25
28 26
28 27
28 29
28 30
28 31
28 32
28 33
28 34
28 36
28 37
29 0
29 1
29 2
29 3
29 4
29 6
29 7
29 9
29 10
29 11
29 12
29 14
29 15
29 16
29 17
29 18
29 19
29 20
29 21
29 22
29 23
29 24
29 25
29 26
29 27
29 30
29 31
29 32
29 33
29 34
29 36
29 37
30 0
30 3
30 4
30 9
30 11
30 12
30 15
30 18
30 19
30 20
30 21
30 22
30 25
30 32
30 33
31 0
31 1
31 2
31 3
31 4
31 6
31 9
31 11
31 12
31 15
31 16
31 17
31 18
31 19
31 20
31 21
31 22
31 24
31 25
31 26
31 27
31 30
31 32
31 33
31 34
31 36
33 9
33 15
33 18
33 21
33 22
33 25
33 32
34 0
34 1
34 3
34 4
34 9
34 11
34 12
34 15
34 17
34 18
34 19
34 20
34 21
34 22
34 25
34 30
34 32
34 33
34 36
35 0
35 1
35 2
35 3
35 4
35 6
35 7
35 9
35 10
35 11
35 12
35 14
35 15
35 16
35 17
35 18
35 19
35 20
35 21
35 22
35 23
35 24
35 25
35 26
35 27
35 30
35 31
35 32
35 33
35 34
35 36
35 37
36 0
36 3
36 4
36 9
36 11
36 12
36 15
36 17
36 18
36 19
36 20
36 21
36 22
36 25
36 30
36 32
36 33
37 0
37 1
37 2
37 3
37 4
37 6
37 9
37 11
37 12
37 15
37 16
37 17
37 18
37 19
37 20
37 21
37 22
37 24
37 25
37 26
37 27
37 30
37 31
37 32
37 33
37 34
37 36
