93 152
0 1 44 53
0 31 72 58
1 2 24 54
1 32 99 64
2 3 28 55
2 33 98 62
3 4 92 90
3 34 43 27
4 5 77 75
4 35 83 83
5 6 7 20
5 36 43 26
6 7 68 69
6 37 67 75
7 8 42 58
7 38 37 59
8 9 16 47
8 39 93 82
9 10 86 70
9 40 29 33
10 11 95 61
10 41 14 26
11 12 13 41
11 42 54 56
12 13 26 35
12 43 91 58
13 14 78 78
13 44 65 73
14 15 95 89
14 45 3 30
15 16 26 41
15 46 7 35
16 17 19 41
16 47 85 67
17 18 4 27
17 48 5 9
18 19 87 78
18 49 42 62
19 20 12 33
19 50 76 46
20 21 18 17
20 51 44 56
21 22 98 70
21 52 50 31
22 23 67 46
22 53 91 67
23 24 60 73
23 54 91 94
24 25 77 66
24 55 5 20
25 26 4 33
25 56 71 43
26 27 20 43
26 57 64 56
27 28 58 67
27 58 29 33
28 29 67 74
28 59 51 39
29 30 47 60
29 60 49 42
30 61 62 64
31 32 12 12
31 62 8 21
32 33 67 59
32 63 76 52
33 34 38 40
33 64 60 60
34 35 29 42
34 65 88 72
35 36 48 32
35 66 87 87
36 37 22 40
36 67 98 76
37 38 14 17
37 68 21 20
38 39 84 51
38 69 97 59
39 40 18 22
39 70 41 36
40 41 41 27
40 71 26 36
41 42 0 15
41 72 35 30
42 43 50 39
42 73 10 19
43 44 73 54
43 74 68 64
44 45 63 53
44 75 8 27
45 46 51 40
45 76 42 29
46 47 43 52
46 77 67 76
47 48 23 42
47 78 78 73
48 49 9 5
48 79 53 39
49 50 71 73
49 80 93 60
50 51 6 33
50 81 59 64
51 52 40 36
51 82 70 48
52 53 49 39
52 83 93 84
53 54 21 30
53 84 19 22
54 55 85 62
54 85 36 50
55 56 13 27
55 86 60 56
56 57 2 30
56 87 41 55
57 58 12 10
57 88 65 59
58 59 11 31
58 89 22 53
59 60 66 69
59 90 7 7
60 61 53 45
60 91 56 45
61 92 58 37
62 63 2 22
63 64 56 68
64 65 44 39
65 66 44 50
66 67 67 64
67 68 66 60
68 69 12 32
69 70 99 67
70 71 34 28
71 72 76 77
72 73 64 58
73 74 71 51
74 75 44 62
75 76 78 69
76 77 94 89
77 78 11 9
78 79 15 31
79 80 41 25
80 81 4 15
81 82 64 65
82 83 24 41
83 84 26 53
84 85 83 88
85 86 61 50
86 87 72 53
87 88 36 47
88 89 22 29
89 90 36 43
90 91 33 47
91 92 69 69
0 1
0 3
0 5
0 6
0 8
0 9
0 12
0 13
0 17
0 18
0 20
0 23
0 25
0 26
0 27
0 28
0 33
0 36
0 41
0 42
0 45
0 46
0 47
0 48
0 53
0 54
0 56
0 58
0 60
0 63
0 66
0 68
0 70
0 72
0 76
0 85
0 86
0 87
0 92
0 94
0 97
0 98
0 100
0 104
0 107
0 110
0 114
0 117
0 123
0 126
0 127
0 129
0 131
0 132
0 134
0 135
0 136
0 141
0 144
0 146
0 151
1 3
1 5
1 6
1 8
1 9
1 17
1 18
1 20
1 25
1 26
1 28
1 33
1 36
1 42
1 45
1 47
1 48
1 68
1 70
1 72
1 76
1 94
1 98
1 104
1 107
1 129
1 131
1 135
1 136
1 144
2 1
2 3
2 4
2 5
2 6
2 8
2 9
2 12
2 13
2 14
2 15
2 17
2 18
2 20
2 23
2 25
2 26
2 27
2 28
2 33
2 36
2 37
2 41
2 42
2 45
2 46
2 47
2 48
2 53
2 54
2 56
2 58
2 60
2 63
2 66
2 68
2 70
2 72
2 76
2 85
2 86
2 92
2 94
2 97
2 98
2 100
2 104
2 107
2 110
2 112
2 114
2 117
2 123
2 126
2 127
2 129
2 131
2 132
2 134
2 135
2 136
2 141
2 144
2 151
3 129
4 1
4 3
4 5
4 6
4 8
4 9
4 12
4 13
4 14
4 15
4 17
4 18
4 20
4 23
4 25
4 26
4 27
4 28
4 33
4 36
4 37
4 41
4 42
4 45
4 46
4 47
4 48
4 53
4 54
4 56
4 58
4 60
4 63
4 66
4 68
4 70
4 72
4 76
4 86
4 92
4 94
4 97
4 98
4 100
4 104
4 107
4 110
4 112
4 114
4 117
4 123
4 126
4 127
4 129
4 131
4 132
4 134
4 135
4 136
4 141
4 144
4 151
5 3
5 42
5 72
5 129
7 0
7 1
7 3
7 5
7 6
7 8
7 9
7 12
7 13
7 17
7 18
7 20
7 23
7 25
7 26
7 27
7 28
7 33
7 36
7 39
7 41
7 42
7 43
7 44
7 45
7 46
7 47
7 48
7 51
7 53
7 54
7 56
7 57
7 58
7 59
7 60
7 63
7 64
7 66
7 68
7 69
7 70
7 72
7 75
7 76
7 83
7 85
7 86
7 87
7 89
7 91
7 92
7 94
7 96
7 97
7 98
7 100
7 102
7 103
7 104
7 107
7 110
7 114
7 117
7 119
7 120
7 121
7 123
7 124
7 125
7 126
7 127
7 129
7 131
7 132
7 133
7 134
7 135
7 136
7 141
7 144
7 145
7 146
7 151
8 6
8 9
8 17
8 26
8 28
8 36
8 47
8 70
8 72
8 104
8 136
8 144
9 6
9 28
9 47
9 70
9 104
9 136
9 144
10 0
10 1
10 2
10 3
10 4
10 5
10 6
10 7
10 8
10 9
10 11
10 12
10 13
10 14
10 15
10 16
10 17
10 18
10 19
10 20
10 21
10 22
10 23
10 24
10 25
10 26
10 27
10 28
10 30
10 31
10 32
10 33
10 36
10 37
10 38
10 39
10 41
10 42
10 43
10 44
10 45
10 46
10 47
10 48
10 51
10 52
10 53
10 54
10 55
10 56
10 57
10 58
10 59
10 60
10 62
10 63
10 64
10 65
10 66
10 67
10 68
10 69
10 70
10 71
10 72
10 74
10 75
10 76
10 77
10 78
10 79
10 80
10 82
10 83
10 85
10 86
10 87
10 88
10 89
10 90
10 91
10 92
10 93
10 94
10 96
10 97
10 98
10 100
10 101
10 102
10 103
10 104
10 105
10 106
10 107
10 108
10 109
10 110
10 112
10 114
10 115
10 116
10 117
10 119
10 120
10 121
10 123
10 124
10 125
10 126
10 127
10 128
10 129
10 130
10 131
10 132
10 133
10 134
10 135
10 136
10 138
10 139
10 141
10 142
10 143
10 144
10 145
10 146
10 147
10 148
10 149
10 150
10 151
11 0
11 1
11 3
11 5
11 6
11 7
11 8
11 9
11 12
11 13
11 17
11 18
11 20
11 23
11 25
11 26
11 27
11 28
11 33
11 36
11 39
11 41
11 42
11 43
11 44
11 45
11 46
11 47
11 48
11 51
11 53
11 54
11 56
11 57
11 58
11 59
11 60
11 63
11 64
11 66
11 68
11 69
11 70
11 72
11 75
11 76
11 83
11 85
11 86
11 87
11 89
11 91
11 92
11 94
11 96
11 97
11 98
11 100
11 102
11 103
11 104
11 107
11 110
11 114
11 117
11 119
11 120
11 121
11 123
11 124
11 125
11 126
11 127
11 129
11 131
11 132
11 133
11 134
11 135
11 136
11 141
11 144
11 145
11 146
11 151
12 6
12 8
12 9
12 17
12 18
12 26
12 28
12 36
12 42
12 47
12 68
12 70
12 72
12 94
12 97
12 104
12 131
12 135
12 136
12 144
12 151
13 6
13 8
13 9
13 17
13 26
13 28
13 36
13 47
13 70
13 72
13 92
13 104
13 131
13 136
13 144
14 1
14 3
14 5
14 6
14 8
14 9
14 12
14 13
14 17
14 18
14 20
14 25
14 26
14 27
14 28
14 33
14 36
14 37
14 42
14 45
14 46
14 47
14 48
14 54
14 56
14 58
14 60
14 63
14 66
14 68
14 70
14 72
14 76
14 86
14 92
14 94
14 97
14 98
14 100
14 104
14 107
14 114
14 117
14 123
14 126
14 127
14 129
14 131
14 132
14 134
14 135
14 136
14 141
14 144
14 151
15 3
15 5
15 6
15 8
15 9
15 12
15 13
15 17
15 18
15 20
15 26
15 27
15 28
15 33
15 36
15 37
15 42
15 45
15 46
15 47
15 48
15 54
15 56
15 58
15 60
15 63
15 66
15 68
15 70
15 72
15 76
15 86
15 92
15 94
15 97
15 98
15 100
15 104
15 107
15 114
15 117
15 123
15 126
15 127
15 129
15 131
15 134
15 135
15 136
15 141
15 144
15 151
16 0
16 1
16 2
16 3
16 4
16 5
16 6
16 8
16 9
16 12
16 13
16 14
16 15
16 17
16 18
16 20
16 23
16 25
16 26
16 27
16 28
16 33
16 36
16 37
16 41
16 42
16 45
16 46
16 47
16 48
16 53
16 54
16 56
16 58
16 60
16 63
16 64
16 66
16 68
16 70
16 72
16 75
16 76
16 85
16 86
16 87
16 91
16 92
16 94
16 97
16 98
16 100
16 102
16 104
16 107
16 108
16 110
16 112
16 114
16 116
16 117
16 123
16 125
16 126
16 127
16 129
16 131
16 132
16 133
16 134
16 135
16 136
16 141
16 143
16 144
16 145
16 146
16 147
16 150
16 151
17 28
17 104
17 136
18 6
18 17
18 28
18 36
18 42
18 47
18 68
18 70
18 72
18 104
18 136
19 0
19 1
19 3
19 5
19 6
19 8
19 9
19 12
19 13
19 14
19 15
19 17
19 18
19 20
19 23
19 25
19 26
19 27
19 28
19 33
19 36
19 37
19 39
19 41
19 42
19 44
19 45
19 46
19 47
19 48
19 51
19 53
19 54
19 56
19 57
19 58
19 59
19 60
19 63
19 64
19 65
19 66
19 67
19 68
19 70
19 72
19 75
19 76
19 78
19 83
19 85
19 86
19 87
19 89
19 91
19 92
19 94
19 96
19 97
19 98
19 100
19 101
19 102
19 103
19 104
19 107
19 108
19 110
19 112
19 114
19 117
19 119
19 120
19 121
19 123
19 124
19 125
19 126
19 127
19 129
19 131
19 132
19 133
19 134
19 135
19 136
19 141
19 144
19 145
19 146
19 147
19 149
19 150
19 151
20 3
20 5
20 28
20 42
20 72
20 129
21 0
21 1
21 2
21 3
21 4
21 5
21 6
21 7
21 8
21 9
21 11
21 12
21 13
21 14
21 15
21 16
21 17
21 18
21 19
21 20
21 23
21 24
21 25
21 26
21 27
21 28
21 30
21 32
21 33
21 36
21 37
21 39
21 41
21 42
21 43
21 44
21 45
21 46
21 47
21 48
21 51
21 52
21 53
21 54
21 55
21 56
21 57
21 58
21 59
21 60
21 63
21 64
21 65
21 66
21 67
21 68
21 69
21 70
21 71
21 72
21 75
21 76
21 78
21 79
21 80
21 82
21 83
21 85
21 86
21 87
21 89
21 90
21 91
21 92
21 93
21 94
21 96
21 97
21 98
21 100
21 101
21 102
21 103
21 104
21 105
21 107
21 108
21 110
21 112
21 114
21 116
21 117
21 119
21 120
21 121
21 123
21 124
21 125
21 126
21 127
21 129
21 130
21 131
21 132
21 133
21 134
21 135
21 136
21 138
21 141
21 142
21 143
21 144
21 145
21 146
21 147
21 148
21 149
21 150
21 151
22 0
22 1
22 2
22 3
22 4
22 5
22 6
22 8
22 9
22 12
22 13
22 14
22 15
22 16
22 17
22 18
22 20
22 23
22 25
22 26
22 27
22 28
22 30
22 32
22 33
22 36
22 37
22 39
22 41
22 42
22 44
22 45
22 46
22 47
22 48
22 51
22 52
22 53
22 54
22 56
22 58
22 59
22 60
22 63
22 64
22 66
22 67
22 68
22 70
22 72
22 75
22 76
22 85
22 86
22 87
22 91
22 92
22 93
22 94
22 97
22 98
22 100
22 102
22 104
22 107
22 108
22 110
22 112
22 114
22 116
22 117
22 119
22 120
22 123
22 125
22 126
22 127
22 129
22 131
22 132
22 133
22 134
22 135
22 136
22 141
22 142
22 143
22 144
22 145
22 146
22 147
22 149
22 150
22 151
23 1
23 3
23 5
23 6
23 8
23 9
23 12
23 13
23 17
23 18
23 20
23 25
23 26
23 27
23 28
23 33
23 36
23 42
23 45
23 46
23 47
23 48
23 53
23 54
23 56
23 60
23 63
23 66
23 68
23 70
23 72
23 76
23 86
23 92
23 94
23 97
23 98
23 100
23 104
23 107
23 110
23 114
23 117
23 123
23 126
23 127
23 129
23 131
23 132
23 135
23 136
23 141
23 144
23 151
24 0
24 1
24 3
24 4
24 5
24 6
24 8
24 9
24 12
24 13
24 14
24 15
24 17
24 18
24 20
24 23
24 25
24 26
24 27
24 28
24 30
24 33
24 36
24 37
24 39
24 41
24 42
24 44
24 45
24 46
24 47
24 48
24 51
24 53
24 54
24 56
24 57
24 58
24 59
24 60
24 63
24 64
24 65
24 66
24 67
24 68
24 70
24 72
24 75
24 76
24 78
24 80
24 83
24 85
24 86
24 87
24 89
24 91
24 92
24 94
24 96
24 97
24 98
24 100
24 101
24 102
24 103
24 104
24 107
24 108
24 110
24 112
24 114
24 117
24 119
24 120
24 121
24 123
24 124
24 125
24 126
24 127
24 129
24 131
24 132
24 133
24 134
24 135
24 136
24 141
24 143
24 144
24 145
24 146
24 147
24 149
24 150
24 151
25 3
25 5
25 6
25 17
25 20
25 28
25 42
25 45
25 47
25 72
25 76
25 98
25 104
25 129
25 136
26 6
26 9
26 17
26 28
26 36
26 47
26 70
26 104
26 136
26 144
27 6
27 8
27 9
27 13
27 17
27 26
27 28
27 36
27 47
27 56
27 70
27 72
27 92
27 94
27 97
27 104
27 131
27 136
27 144
29 0
29 1
29 2
29 3
29 4
29 5
29 6
29 8
29 9
29 12
29 13
29 14
29 15
29 16
29 17
29 18
29 19
29 20
29 22
29 23
29 24
29 25
29 26
29 27
29 28
29 30
29 31
29 32
29 33
29 36
29 37
29 38
29 39
29 41
29 42
29 43
29 44
29 45
29 46
29 47
29 48
29 50
29 51
29 52
29 53
29 54
29 55
29 56
29 57
29 58
29 59
29 60
29 63
29 64
29 65
29 66
29 67
29 68
29 69
29 70
29 71
29 72
29 75
29 76
29 78
29 80
29 82
29 83
29 85
29 86
29 87
29 89
29 91
29 92
29 93
29 94
29 96
29 97
29 98
29 99
29 100
29 101
29 102
29 103
29 104
29 105
29 107
29 108
29 110
29 112
29 114
29 115
29 116
29 117
29 119
29 120
29 121
29 123
29 124
29 125
29 126
29 127
29 128
29 129
29 131
29 132
29 133
29 134
29 135
29 136
29 138
29 141
29 142
29 143
29 144
29 145
29 146
29 147
29 149
29 150
29 151
30 0
30 1
30 3
30 4
30 5
30 6
30 8
30 9
30 12
30 13
30 14
30 15
30 17
30 18
30 20
30 23
30 25
30 26
30 27
30 28
30 33
30 36
30 37
30 39
30 41
30 42
30 44
30 45
30 46
30 47
30 48
30 51
30 53
30 54
30 56
30 58
30 59
30 60
30 63
30 64
30 66
30 67
30 68
30 70
30 72
30 75
30 76
30 85
30 86
30 87
30 91
30 92
30 94
30 97
30 98
30 100
30 102
30 104
30 107
30 108
30 110
30 112
30 114
30 117
30 119
30 120
30 123
30 125
30 126
30 127
30 129
30 131
30 132
30 133
30 134
30 135
30 136
30 141
30 143
30 144
30 145
30 146
30 147
30 149
30 150
30 151
31 0
31 1
31 2
31 3
31 4
31 5
31 6
31 8
31 9
31 12
31 13
31 14
31 15
31 16
31 17
31 18
31 20
31 22
31 23
31 24
31 25
31 26
31 27
31 28
31 30
31 32
31 33
31 36
31 37
31 39
31 41
31 42
31 44
31 45
31 46
31 47
31 48
31 51
31 52
31 53
31 54
31 56
31 57
31 58
31 59
31 60
31 63
31 64
31 65
31 66
31 67
31 68
31 70
31 71
31 72
31 75
31 76
31 78
31 80
31 83
31 85
31 86
31 87
31 89
31 91
31 92
31 93
31 94
31 96
31 97
31 98
31 100
31 101
31 102
31 103
31 104
31 107
31 108
31 110
31 112
31 114
31 116
31 117
31 119
31 120
31 121
31 123
31 124
31 125
31 126
31 127
31 129
31 131
31 132
31 133
31 134
31 135
31 136
31 141
31 142
31 143
31 144
31 145
31 146
31 147
31 149
31 150
31 151
32 0
32 1
32 2
32 3
32 4
32 5
32 6
32 8
32 9
32 12
32 13
32 14
32 15
32 17
32 18
32 20
32 23
32 25
32 26
32 27
32 28
32 30
32 33
32 36
32 37
32 39
32 41
32 42
32 44
32 45
32 46
32 47
32 48
32 51
32 52
32 53
32 54
32 56
32 58
32 59
32 60
32 63
32 64
32 66
32 67
32 68
32 70
32 72
32 75
32 76
32 85
32 86
32 87
32 91
32 92
32 93
32 94
32 97
32 98
32 100
32 102
32 104
32 107
32 108
32 110
32 112
32 114
32 116
32 117
32 119
32 120
32 123
32 125
32 126
32 127
32 129
32 131
32 132
32 133
32 134
32 135
32 136
32 141
32 142
32 143
32 144
32 145
32 146
32 147
32 149
32 150
32 151
33 6
33 17
33 18
33 28
33 36
33 42
33 45
33 47
33 68
33 70
33 72
33 104
33 129
33 136
34 0
34 1
34 2
34 3
34 4
34 5
34 6
34 7
34 8
34 9
34 12
34 13
34 14
34 15
34 16
34 17
34 18
34 19
34 20
34 22
34 23
34 24
34 25
34 26
34 27
34 28
34 30
34 31
34 32
34 33
34 36
34 37
34 38
34 39
34 41
34 42
34 43
34 44
34 45
34 46
34 47
34 48
34 50
34 51
34 52
34 53
34 54
34 55
34 56
34 57
34 58
34 59
34 60
34 63
34 64
34 65
34 66
34 67
34 68
34 69
34 70
34 71
34 72
34 75
34 76
34 78
34 79
34 80
34 82
34 83
34 85
34 86
34 87
34 88
34 89
34 90
34 91
34 92
34 93
34 94
34 96
34 97
34 98
34 99
34 100
34 101
34 102
34 103
34 104
34 105
34 107
34 108
34 109
34 110
34 112
34 114
34 115
34 116
34 117
34 119
34 120
34 121
34 123
34 124
34 125
34 126
34 127
34 128
34 129
34 130
34 131
34 132
34 133
34 134
34 135
34 136
34 138
34 141
34 142
34 143
34 144
34 145
34 146
34 147
34 148
34 149
34 150
34 151
35 0
35 1
35 2
35 3
35 4
35 5
35 6
35 7
35 8
35 9
35 10
35 11
35 12
35 13
35 14
35 15
35 16
35 17
35 18
35 19
35 20
35 21
35 22
35 23
35 24
35 25
35 26
35 27
35 28
35 30
35 31
35 32
35 33
35 36
35 37
35 38
35 39
35 40
35 41
35 42
35 43
35 44
35 45
35 46
35 47
35 48
35 49
35 51
35 52
35 53
35 54
35 55
35 56
35 57
35 58
35 59
35 60
35 61
35 62
35 63
35 64
35 65
35 66
35 67
35 68
35 69
35 70
35 71
35 72
35 73
35 74
35 75
35 76
35 77
35 78
35 79
35 80
35 82
35 83
35 84
35 85
35 86
35 87
35 88
35 89
35 90
35 91
35 92
35 93
35 94
35 96
35 97
35 98
35 99
35 100
35 101
35 102
35 103
35 104
35 105
35 106
35 107
35 108
35 109
35 110
35 112
35 113
35 114
35 115
35 116
35 117
35 119
35 120
35 121
35 123
35 124
35 125
35 126
35 127
35 128
35 129
35 130
35 131
35 132
35 133
35 134
35 135
35 136
35 137
35 138
35 139
35 141
35 142
35 143
35 144
35 145
35 146
35 147
35 148
35 149
35 150
35 151
36 6
36 17
36 28
36 47
36 70
36 104
36 136
37 3
37 5
37 6
37 8
37 9
37 12
37 13
37 17
37 18
37 26
37 27
37 28
37 33
37 36
37 42
37 45
37 46
37 47
37 48
37 54
37 56
37 60
37 68
37 70
37 72
37 86
37 92
37 94
37 97
37 100
37 104
37 107
37 117
37 123
37 126
37 129
37 131
37 134
37 135
37 136
37 141
37 144
37 151
38 0
38 1
38 2
38 3
38 4
38 5
38 6
38 8
38 9
38 12
38 13
38 14
38 15
38 16
38 17
38 18
38 19
38 20
38 22
38 23
38 24
38 25
38 26
38 27
38 28
38 30
38 32
38 33
38 36
38 37
38 39
38 41
38 42
38 44
38 45
38 46
38 47
38 48
38 51
38 52
38 53
38 54
38 55
38 56
38 57
38 58
38 59
38 60
38 63
38 64
38 65
38 66
38 67
38 68
38 70
38 71
38 72
38 75
38 76
38 78
38 80
38 83
38 85
38 86
38 87
38 89
38 91
38 92
38 93
38 94
38 96
38 97
38 98
38 100
38 101
38 102
38 103
38 104
38 107
38 108
38 110
38 112
38 114
38 116
38 117
38 119
38 120
38 121
38 123
38 124
38 125
38 126
38 127
38 129
38 131
38 132
38 133
38 134
38 135
38 136
38 141
38 142
38 143
38 144
38 145
38 146
38 147
38 149
38 150
38 151
39 3
39 5
39 6
39 8
39 9
39 17
39 18
39 20
39 25
39 26
39 28
39 33
39 36
39 42
39 45
39 47
39 48
39 64
39 68
39 70
39 72
39 75
39 76
39 94
39 98
39 104
39 107
39 129
39 131
39 135
39 136
39 144
40 0
40 1
40 2
40 3
40 4
40 5
40 6
40 7
40 8
40 9
40 11
40 12
40 13
40 14
40 15
40 17
40 18
40 19
40 20
40 23
40 24
40 25
40 26
40 27
40 28
40 30
40 32
40 33
40 36
40 37
40 39
40 41
40 42
40 43
40 44
40 45
40 46
40 47
40 48
40 51
40 52
40 53
40 54
40 55
40 56
40 57
40 58
40 59
40 60
40 63
40 64
40 65
40 66
40 67
40 68
40 69
40 70
40 71
40 72
40 74
40 75
40 76
40 77
40 78
40 79
40 80
40 82
40 83
40 85
40 86
40 87
40 89
40 90
40 91
40 92
40 93
40 94
40 96
40 97
40 98
40 100
40 101
40 102
40 103
40 104
40 105
40 106
40 107
40 108
40 110
40 112
40 114
40 116
40 117
40 119
40 120
40 121
40 123
40 124
40 125
40 126
40 127
40 129
40 130
40 131
40 132
40 133
40 134
40 135
40 136
40 139
40 141
40 142
40 143
40 144
40 145
40 146
40 147
40 148
40 149
40 150
40 151
41 1
41 3
41 5
41 6
41 8
41 9
41 12
41 13
41 17
41 18
41 20
41 23
41 25
41 26
41 27
41 28
41 33
41 36
41 42
41 45
41 46
41 47
41 48
41 53
41 54
41 56
41 58
41 60
41 63
41 66
41 68
41 70
41 72
41 76
41 86
41 92
41 94
41 97
41 98
41 100
41 104
41 107
41 110
41 114
41 117
41 123
41 126
41 127
41 129
41 131
41 132
41 134
41 135
41 136
41 141
41 144
41 151
42 72
43 1
43 3
43 5
43 6
43 8
43 9
43 12
43 13
43 17
43 18
43 20
43 23
43 25
43 26
43 27
43 28
43 33
43 36
43 39
43 42
43 44
43 45
43 46
43 47
43 48
43 51
43 53
43 54
43 56
43 57
43 60
43 63
43 64
43 66
43 68
43 70
43 72
43 75
43 76
43 83
43 85
43 86
43 87
43 89
43 92
43 94
43 96
43 97
43 98
43 100
43 102
43 104
43 107
43 110
43 114
43 117
43 119
43 120
43 121
43 123
43 126
43 127
43 129
43 131
43 132
43 133
43 135
43 136
43 141
43 144
43 145
43 146
43 151
44 1
44 3
44 5
44 6
44 8
44 9
44 12
44 13
44 17
44 18
44 20
44 25
44 26
44 28
44 33
44 36
44 39
44 42
44 45
44 47
44 48
44 56
44 63
44 64
44 68
44 70
44 72
44 75
44 76
44 85
44 86
44 92
44 94
44 97
44 98
44 102
44 104
44 107
44 126
44 129
44 131
44 133
44 135
44 136
44 144
44 146
44 151
45 6
45 17
45 28
45 42
45 47
45 72
45 104
45 129
45 136
46 6
46 8
46 9
46 13
46 17
46 26
46 27
46 28
46 36
46 47
46 56
46 70
46 72
46 92
46 94
46 97
46 104
46 131
46 136
46 144
48 6
48 8
48 9
48 17
48 18
48 26
48 28
48 33
48 36
48 42
48 45
48 47
48 68
48 70
48 72
48 94
48 104
48 129
48 135
48 136
48 144
49 0
49 1
49 2
49 3
49 4
49 5
49 6
49 7
49 8
49 9
49 10
49 11
49 12
49 13
49 14
49 15
49 16
49 17
49 18
49 19
49 20
49 21
49 22
49 23
49 24
49 25
49 26
49 27
49 28
49 30
49 31
49 32
49 33
49 36
49 37
49 38
49 39
49 41
49 42
49 43
49 44
49 45
49 46
49 47
49 48
49 51
49 52
49 53
49 54
49 55
49 56
49 57
49 58
49 59
49 60
49 62
49 63
49 64
49 65
49 66
49 67
49 68
49 69
49 70
49 71
49 72
49 74
49 75
49 76
49 77
49 78
49 79
49 80
49 82
49 83
49 85
49 86
49 87
49 88
49 89
49 90
49 91
49 92
49 93
49 94
49 96
49 97
49 98
49 99
49 100
49 101
49 102
49 103
49 104
49 105
49 106
49 107
49 108
49 109
49 110
49 112
49 114
49 115
49 116
49 117
49 119
49 120
49 121
49 123
49 124
49 125
49 126
49 127
49 128
49 129
49 130
49 131
49 132
49 133
49 134
49 135
49 136
49 138
49 139
49 141
49 142
49 143
49 144
49 145
49 146
49 147
49 148
49 149
49 150
49 151
50 0
50 1
50 2
50 3
50 4
50 5
50 6
50 8
50 9
50 12
50 13
50 14
50 15
50 16
50 17
50 18
50 19
50 20
50 22
50 23
50 24
50 25
50 26
50 27
50 28
50 30
50 31
50 32
50 33
50 36
50 37
50 38
50 39
50 41
50 42
50 44
50 45
50 46
50 47
50 48
50 51
50 52
50 53
50 54
50 55
50 56
50 57
50 58
50 59
50 60
50 63
50 64
50 65
50 66
50 67
50 68
50 70
50 71
50 72
50 75
50 76
50 78
50 80
50 83
50 85
50 86
50 87
50 89
50 91
50 92
50 93
50 94
50 96
50 97
50 98
50 99
50 100
50 101
50 102
50 103
50 104
50 107
50 108
50 110
50 112
50 114
50 116
50 117
50 119
50 120
50 121
50 123
50 124
50 125
50 126
50 127
50 129
50 131
50 132
50 133
50 134
50 135
50 136
50 141
50 142
50 143
50 144
50 145
50 146
50 147
50 149
50 150
50 151
51 1
51 3
51 5
51 6
51 8
51 9
51 17
51 18
51 20
51 25
51 26
51 28
51 33
51 36
51 39
51 42
51 45
51 47
51 48
51 64
51 68
51 70
51 72
51 75
51 76
51 85
51 94
51 97
51 98
51 104
51 107
51 129
51 131
51 133
51 135
51 136
51 144
51 146
52 0
52 1
52 2
52 3
52 4
52 5
52 6
52 8
52 9
52 12
52 13
52 14
52 15
52 17
52 18
52 20
52 23
52 25
52 26
52 27
52 28
52 33
52 36
52 37
52 39
52 41
52 42
52 44
52 45
52 46
52 47
52 48
52 51
52 53
52 54
52 56
52 58
52 60
52 63
52 64
52 66
52 68
52 70
52 72
52 75
52 76
52 85
52 86
52 87
52 91
52 92
52 94
52 97
52 98
52 100
52 102
52 104
52 107
52 108
52 110
52 112
52 114
52 116
52 117
52 119
52 120
52 123
52 125
52 126
52 127
52 129
52 131
52 132
52 133
52 134
52 135
52 136
52 141
52 143
52 144
52 145
52 146
52 147
52 149
52 150
52 151
53 1
53 3
53 5
53 6
53 8
53 9
53 12
53 13
53 17
53 18
53 20
53 25
53 26
53 27
53 28
53 33
53 36
53 42
53 45
53 47
53 48
53 56
53 63
53 68
53 70
53 72
53 76
53 86
53 92
53 94
53 97
53 98
53 104
53 107
53 114
53 117
53 126
53 127
53 129
53 131
53 132
53 135
53 136
53 141
53 144
53 151
54 6
54 8
54 9
54 12
54 13
54 17
54 18
54 26
54 27
54 28
54 33
54 36
54 42
54 45
54 46
54 47
54 56
54 68
54 70
54 72
54 92
54 94
54 97
54 104
54 117
54 129
54 131
54 135
54 136
54 144
54 151
55 0
55 1
55 3
55 5
55 6
55 8
55 9
55 12
55 13
55 14
55 15
55 17
55 18
55 20
55 23
55 25
55 26
55 27
55 28
55 33
55 36
55 37
55 39
55 41
55 42
55 44
55 45
55 46
55 47
55 48
55 51
55 53
55 54
55 56
55 57
55 58
55 59
55 60
55 63
55 64
55 65
55 66
55 67
55 68
55 70
55 72
55 75
55 76
55 78
55 83
55 85
55 86
55 87
55 89
55 91
55 92
55 94
55 96
55 97
55 98
55 100
55 101
55 102
55 103
55 104
55 107
55 108
55 110
55 112
55 114
55 117
55 119
55 120
55 121
55 123
55 124
55 125
55 126
55 127
55 129
55 131
55 132
55 133
55 134
55 135
55 136
55 141
55 144
55 145
55 146
55 147
55 149
55 150
55 151
56 6
56 8
56 9
56 13
56 17
56 26
56 28
56 36
56 47
56 70
56 72
56 92
56 104
56 131
56 136
56 144
57 1
57 3
57 5
57 6
57 8
57 9
57 12
57 13
57 17
57 18
57 20
57 23
57 25
57 26
57 27
57 28
57 33
57 36
57 39
57 42
57 44
57 45
57 46
57 47
57 48
57 51
57 53
57 54
57 56
57 60
57 63
57 64
57 66
57 68
57 70
57 72
57 75
57 76
57 85
57 86
57 87
57 89
57 92
57 94
57 96
57 97
57 98
57 100
57 102
57 104
57 107
57 110
57 114
57 117
57 119
57 120
57 123
57 126
57 127
57 129
57 131
57 132
57 133
57 135
57 136
57 141
57 144
57 145
57 146
57 151
58 3
58 5
58 6
58 8
58 9
58 12
58 13
58 17
58 18
58 20
58 26
58 27
58 28
58 33
58 36
58 42
58 45
58 46
58 47
58 48
58 54
58 56
58 60
58 66
58 68
58 70
58 72
58 86
58 92
58 94
58 97
58 98
58 100
58 104
58 107
58 117
58 123
58 126
58 127
58 129
58 131
58 135
58 136
58 141
58 144
58 151
59 1
59 3
59 5
59 6
59 8
59 9
59 12
59 13
59 17
59 18
59 20
59 23
59 25
59 26
59 27
59 28
59 33
59 36
59 39
59 42
59 44
59 45
59 46
59 47
59 48
59 51
59 53
59 54
59 56
59 60
59 63
59 64
59 66
59 68
59 70
59 72
59 75
59 76
59 85
59 86
59 87
59 92
59 94
59 97
59 98
59 100
59 102
59 104
59 107
59 110
59 114
59 117
59 119
59 120
59 123
59 126
59 127
59 129
59 131
59 132
59 133
59 135
59 136
59 141
59 144
59 145
59 146
59 151
60 3
60 6
60 8
60 9
60 12
60 13
60 17
60 18
60 26
60 27
60 28
60 33
60 36
60 42
60 45
60 47
60 48
60 56
60 68
60 70
60 72
60 86
60 92
60 94
60 97
60 104
60 117
60 126
60 129
60 131
60 135
60 136
60 141
60 144
60 151
61 0
61 1
61 2
61 3
61 4
61 5
61 6
61 7
61 8
61 9
61 11
61 12
61 13
61 14
61 15
61 16
61 17
61 18
61 19
61 20
61 21
61 22
61 23
61 24
61 25
61 26
61 27
61 28
61 30
61 32
61 33
61 36
61 37
61 38
61 39
61 40
61 41
61 42
61 43
61 44
61 45
61 46
61 47
61 48
61 51
61 52
61 53
61 54
61 55
61 56
61 57
61 58
61 59
61 60
61 63
61 64
61 65
61 66
61 67
61 68
61 69
61 70
61 71
61 72
61 73
61 74
61 75
61 76
61 77
61 78
61 79
61 80
61 82
61 83
61 85
61 86
61 87
61 89
61 90
61 91
61 92
61 93
61 94
61 96
61 97
61 98
61 100
61 101
61 102
61 103
61 104
61 105
61 106
61 107
61 108
61 109
61 110
61 112
61 114
61 116
61 117
61 119
61 120
61 121
61 123
61 124
61 125
61 126
61 127
61 128
61 129
61 130
61 131
61 132
61 133
61 134
61 135
61 136
61 138
61 139
61 141
61 142
61 143
61 144
61 145
61 146
61 147
61 148
61 149
61 150
61 151
62 0
62 1
62 2
62 3
62 4
62 5
62 6
62 7
62 8
62 9
62 11
62 12
62 13
62 14
62 15
62 16
62 17
62 18
62 19
62 20
62 21
62 22
62 23
62 24
62 25
62 26
62 27
62 28
62 30
62 32
62 33
62 36
62 37
62 38
62 39
62 41
62 42
62 43
62 44
62 45
62 46
62 47
62 48
62 51
62 52
62 53
62 54
62 55
62 56
62 57
62 58
62 59
62 60
62 63
62 64
62 65
62 66
62 67
62 68
62 69
62 70
62 71
62 72
62 75
62 76
62 77
62 78
62 79
62 80
62 82
62 83
62 85
62 86
62 87
62 88
62 89
62 90
62 91
62 92
62 93
62 94
62 96
62 97
62 98
62 100
62 101
62 102
62 103
62 104
62 105
62 106
62 107
62 108
62 109
62 110
62 112
62 114
62 115
62 116
62 117
62 119
62 120
62 121
62 123
62 124
62 125
62 126
62 127
62 128
62 129
62 130
62 131
62 132
62 133
62 134
62 135
62 136
62 138
62 139
62 141
62 142
62 143
62 144
62 145
62 146
62 147
62 148
62 149
62 150
62 151
63 3
63 5
63 6
63 8
63 9
63 12
63 13
63 17
63 18
63 20
63 26
63 28
63 33
63 36
63 42
63 45
63 47
63 48
63 56
63 68
63 70
63 72
63 76
63 86
63 92
63 94
63 97
63 98
63 104
63 107
63 126
63 129
63 131
63 135
63 136
63 144
63 151
64 3
64 5
64 6
64 8
64 9
64 17
64 18
64 20
64 25
64 26
64 28
64 33
64 36
64 42
64 45
64 47
64 48
64 68
64 70
64 72
64 76
64 94
64 98
64 104
64 107
64 129
64 131
64 135
64 136
64 144
65 0
65 1
65 3
65 5
65 6
65 8
65 9
65 12
65 13
65 14
65 17
65 18
65 20
65 23
65 25
65 26
65 27
65 28
65 33
65 36
65 37
65 39
65 41
65 42
65 44
65 45
65 46
65 47
65 48
65 51
65 53
65 54
65 56
65 58
65 59
65 60
65 63
65 64
65 66
65 68
65 70
65 72
65 75
65 76
65 85
65 86
65 87
65 89
65 91
65 92
65 94
65 97
65 98
65 100
65 102
65 104
65 107
65 110
65 112
65 114
65 117
65 119
65 120
65 123
65 125
65 126
65 127
65 129
65 131
65 132
65 133
65 134
65 135
65 136
65 141
65 144
65 145
65 146
65 151
66 3
66 5
66 6
66 8
66 9
66 12
66 13
66 17
66 18
66 20
66 26
66 27
66 28
66 33
66 36
66 42
66 45
66 46
66 47
66 48
66 56
66 60
66 68
66 70
66 72
66 86
66 92
66 94
66 97
66 98
66 104
66 107
66 117
66 126
66 127
66 129
66 131
66 135
66 136
66 141
66 144
66 151
67 0
67 1
67 3
67 5
67 6
67 8
67 9
67 12
67 13
67 14
67 15
67 17
67 18
67 20
67 23
67 25
67 26
67 27
67 28
67 33
67 36
67 37
67 39
67 41
67 42
67 44
67 45
67 46
67 47
67 48
67 51
67 53
67 54
67 56
67 58
67 59
67 60
67 63
67 64
67 66
67 68
67 70
67 72
67 75
67 76
67 85
67 86
67 87
67 91
67 92
67 94
67 97
67 98
67 100
67 102
67 104
67 107
67 108
67 110
67 112
67 114
67 117
67 119
67 120
67 123
67 125
67 126
67 127
67 129
67 131
67 132
67 133
67 134
67 135
67 136
67 141
67 144
67 145
67 146
67 147
67 149
67 150
67 151
68 6
68 17
68 28
68 47
68 72
68 104
68 136
69 1
69 3
69 5
69 6
69 8
69 9
69 12
69 13
69 17
69 18
69 20
69 23
69 25
69 26
69 27
69 28
69 33
69 36
69 39
69 42
69 44
69 45
69 46
69 47
69 48
69 51
69 53
69 54
69 56
69 57
69 59
69 60
69 63
69 64
69 66
69 68
69 70
69 72
69 75
69 76
69 83
69 85
69 86
69 87
69 89
69 92
69 94
69 96
69 97
69 98
69 100
69 102
69 103
69 104
69 107
69 110
69 114
69 117
69 119
69 120
69 121
69 123
69 126
69 127
69 129
69 131
69 132
69 133
69 135
69 136
69 141
69 144
69 145
69 146
69 151
70 6
70 28
70 47
70 136
71 0
71 1
71 2
71 3
71 4
71 5
71 6
71 8
71 9
71 12
71 13
71 14
71 15
71 17
71 18
71 20
71 23
71 25
71 26
71 27
71 28
71 30
71 33
71 36
71 37
71 39
71 41
71 42
71 44
71 45
71 46
71 47
71 48
71 51
71 53
71 54
71 56
71 58
71 59
71 60
71 63
71 64
71 65
71 66
71 67
71 68
71 70
71 72
71 75
71 76
71 85
71 86
71 87
71 89
71 91
71 92
71 93
71 94
71 97
71 98
71 100
71 102
71 104
71 107
71 108
71 110
71 112
71 114
71 116
71 117
71 119
71 120
71 123
71 125
71 126
71 127
71 129
71 131
71 132
71 133
71 134
71 135
71 136
71 141
71 142
71 143
71 144
71 145
71 146
71 147
71 149
71 150
71 151
73 0
73 1
73 2
73 3
73 4
73 5
73 6
73 7
73 8
73 9
73 11
73 12
73 13
73 14
73 15
73 16
73 17
73 18
73 19
73 20
73 21
73 23
73 24
73 25
73 26
73 27
73 28
73 30
73 32
73 33
73 36
73 37
73 39
73 40
73 41
73 42
73 43
73 44
73 45
73 46
73 47
73 48
73 51
73 52
73 53
73 54
73 55
73 56
73 57
73 58
73 59
73 60
73 63
73 64
73 65
73 66
73 67
73 68
73 69
73 70
73 71
73 72
73 74
73 75
73 76
73 77
73 78
73 79
73 80
73 82
73 83
73 85
73 86
73 87
73 89
73 90
73 91
73 92
73 93
73 94
73 96
73 97
73 98
73 100
73 101
73 102
73 103
73 104
73 105
73 106
73 107
73 108
73 110
73 112
73 114
73 116
73 117
73 119
73 120
73 121
73 123
73 124
73 125
73 126
73 127
73 129
73 130
73 131
73 132
73 133
73 134
73 135
73 136
73 138
73 139
73 141
73 142
73 143
73 144
73 145
73 146
73 147
73 148
73 149
73 150
73 151
74 0
74 1
74 2
74 3
74 4
74 5
74 6
74 7
74 8
74 9
74 11
74 12
74 13
74 14
74 15
74 17
74 18
74 19
74 20
74 23
74 24
74 25
74 26
74 27
74 28
74 30
74 33
74 36
74 37
74 39
74 41
74 42
74 43
74 44
74 45
74 46
74 47
74 48
74 51
74 53
74 54
74 55
74 56
74 57
74 58
74 59
74 60
74 63
74 64
74 65
74 66
74 67
74 68
74 69
74 70
74 71
74 72
74 75
74 76
74 78
74 79
74 80
74 82
74 83
74 85
74 86
74 87
74 89
74 90
74 91
74 92
74 93
74 94
74 96
74 97
74 98
74 100
74 101
74 102
74 103
74 104
74 105
74 107
74 108
74 110
74 112
74 114
74 116
74 117
74 119
74 120
74 121
74 123
74 124
74 125
74 126
74 127
74 129
74 130
74 131
74 132
74 133
74 134
74 135
74 136
74 139
74 141
74 142
74 143
74 144
74 145
74 146
74 147
74 148
74 149
74 150
74 151
75 3
75 5
75 6
75 17
75 18
75 20
75 25
75 28
75 33
75 36
75 42
75 45
75 47
75 68
75 70
75 72
75 76
75 98
75 104
75 107
75 129
75 136
76 3
76 5
76 42
76 72
76 129
77 0
77 1
77 2
77 3
77 4
77 5
77 6
77 7
77 8
77 9
77 11
77 12
77 13
77 14
77 15
77 17
77 18
77 19
77 20
77 23
77 24
77 25
77 26
77 27
77 28
77 30
77 32
77 33
77 36
77 37
77 39
77 41
77 42
77 43
77 44
77 45
77 46
77 47
77 48
77 51
77 52
77 53
77 54
77 55
77 56
77 57
77 58
77 59
77 60
77 63
77 64
77 65
77 66
77 67
77 68
77 69
77 70
77 71
77 72
77 75
77 76
77 78
77 79
77 80
77 82
77 83
77 85
77 86
77 87
77 89
77 90
77 91
77 92
77 93
77 94
77 96
77 97
77 98
77 100
77 101
77 102
77 103
77 104
77 105
77 106
77 107
77 108
77 110
77 112
77 114
77 116
77 117
77 119
77 120
77 121
77 123
77 124
77 125
77 126
77 127
77 129
77 130
77 131
77 132
77 133
77 134
77 135
77 136
77 139
77 141
77 142
77 143
77 144
77 145
77 146
77 147
77 148
77 149
77 150
77 151
78 0
78 1
78 3
78 5
78 6
78 8
78 9
78 12
78 13
78 14
78 17
78 18
78 20
78 23
78 25
78 26
78 27
78 28
78 33
78 36
78 37
78 39
78 41
78 42
78 44
78 45
78 46
78 47
78 48
78 51
78 53
78 54
78 56
78 57
78 58
78 59
78 60
78 63
78 64
78 66
78 68
78 70
78 72
78 75
78 76
78 83
78 85
78 86
78 87
78 89
78 91
78 92
78 94
78 96
78 97
78 98
78 100
78 102
78 103
78 104
78 107
78 110
78 112
78 114
78 117
78 119
78 120
78 121
78 123
78 124
78 125
78 126
78 127
78 129
78 131
78 132
78 133
78 134
78 135
78 136
78 141
78 144
78 145
78 146
78 151
79 0
79 1
79 3
79 5
79 6
79 7
79 8
79 9
79 12
79 13
79 14
79 17
79 18
79 20
79 23
79 25
79 26
79 27
79 28
79 33
79 36
79 37
79 39
79 41
79 42
79 43
79 44
79 45
79 46
79 47
79 48
79 51
79 53
79 54
79 56
79 57
79 58
79 59
79 60
79 63
79 64
79 66
79 68
79 69
79 70
79 72
79 75
79 76
79 78
79 83
79 85
79 86
79 87
79 89
79 90
79 91
79 92
79 94
79 96
79 97
79 98
79 100
79 102
79 103
79 104
79 107
79 110
79 112
79 114
79 117
79 119
79 120
79 121
79 123
79 124
79 125
79 126
79 127
79 129
79 131
79 132
79 133
79 134
79 135
79 136
79 141
79 144
79 145
79 146
79 151
80 0
80 1
80 3
80 4
80 5
80 6
80 8
80 9
80 12
80 13
80 14
80 15
80 17
80 18
80 20
80 23
80 25
80 26
80 27
80 28
80 30
80 33
80 36
80 37
80 39
80 41
80 42
80 44
80 45
80 46
80 47
80 48
80 51
80 53
80 54
80 56
80 57
80 58
80 59
80 60
80 63
80 64
80 65
80 66
80 67
80 68
80 70
80 72
80 75
80 76
80 78
80 83
80 85
80 86
80 87
80 89
80 91
80 92
80 94
80 96
80 97
80 98
80 100
80 101
80 102
80 103
80 104
80 107
80 108
80 110
80 112
80 114
80 117
80 119
80 120
80 121
80 123
80 124
80 125
80 126
80 127
80 129
80 131
80 132
80 133
80 134
80 135
80 136
80 141
80 143
80 144
80 145
80 146
80 147
80 149
80 150
80 151
81 0
81 1
81 2
81 3
81 4
81 5
81 6
81 7
81 8
81 9
81 10
81 11
81 12
81 13
81 14
81 15
81 16
81 17
81 18
81 19
81 20
81 21
81 22
81 23
81 24
81 25
81 26
81 27
81 28
81 29
81 30
81 31
81 32
81 33
81 34
81 36
81 37
81 38
81 39
81 40
81 41
81 42
81 43
81 44
81 45
81 46
81 47
81 48
81 49
81 50
81 51
81 52
81 53
81 54
81 55
81 56
81 57
81 58
81 59
81 60
81 62
81 63
81 64
81 65
81 66
81 67
81 68
81 69
81 70
81 71
81 72
81 73
81 74
81 75
81 76
81 77
81 78
81 79
81 80
81 82
81 83
81 84
81 85
81 86
81 87
81 88
81 89
81 90
81 91
81 92
81 93
81 94
81 96
81 97
81 98
81 99
81 100
81 101
81 102
81 103
81 104
81 105
81 106
81 107
81 108
81 109
81 110
81 111
81 112
81 114
81 115
81 116
81 117
81 119
81 120
81 121
81 122
81 123
81 124
81 125
81 126
81 127
81 128
81 129
81 130
81 131
81 132
81 133
81 134
81 135
81 136
81 138
81 139
81 140
81 141
81 142
81 143
81 144
81 145
81 146
81 147
81 148
81 149
81 150
81 151
82 0
82 1
82 3
82 5
82 6
82 8
82 9
82 12
82 13
82 14
82 15
82 17
82 18
82 20
82 23
82 25
82 26
82 27
82 28
82 33
82 36
82 37
82 39
82 41
82 42
82 43
82 44
82 45
82 46
82 47
82 48
82 51
82 53
82 54
82 56
82 57
82 58
82 59
82 60
82 63
82 64
82 65
82 66
82 68
82 69
82 70
82 72
82 75
82 76
82 78
82 83
82 85
82 86
82 87
82 89
82 91
82 92
82 94
82 96
82 97
82 98
82 100
82 101
82 102
82 103
82 104
82 107
82 108
82 110
82 112
82 114
82 117
82 119
82 120
82 121
82 123
82 124
82 125
82 126
82 127
82 129
82 131
82 132
82 133
82 134
82 135
82 136
82 141
82 144
82 145
82 146
82 147
82 149
82 151
83 1
83 3
83 5
83 6
83 8
83 9
83 12
83 13
83 17
83 18
83 20
83 23
83 25
83 26
83 27
83 28
83 33
83 36
83 39
83 42
83 44
83 45
83 46
83 47
83 48
83 51
83 53
83 54
83 56
83 57
83 60
83 63
83 64
83 66
83 68
83 70
83 72
83 75
83 76
83 85
83 86
83 87
83 89
83 92
83 94
83 96
83 97
83 98
83 100
83 102
83 104
83 107
83 110
83 114
83 117
83 119
83 120
83 123
83 126
83 127
83 129
83 131
83 132
83 133
83 135
83 136
83 141
83 144
83 145
83 146
83 151
84 0
84 1
84 2
84 3
84 4
84 5
84 6
84 7
84 8
84 9
84 11
84 12
84 13
84 14
84 15
84 16
84 17
84 18
84 19
84 20
84 21
84 22
84 23
84 24
84 25
84 26
84 27
84 28
84 30
84 32
84 33
84 36
84 37
84 38
84 39
84 41
84 42
84 43
84 44
84 45
84 46
84 47
84 48
84 51
84 52
84 53
84 54
84 55
84 56
84 57
84 58
84 59
84 60
84 63
84 64
84 65
84 66
84 67
84 68
84 69
84 70
84 71
84 72
84 74
84 75
84 76
84 77
84 78
84 79
84 80
84 82
84 83
84 85
84 86
84 87
84 89
84 90
84 91
84 92
84 93
84 94
84 96
84 97
84 98
84 100
84 101
84 102
84 103
84 104
84 105
84 106
84 107
84 108
84 109
84 110
84 112
84 114
84 115
84 116
84 117
84 119
84 120
84 121
84 123
84 124
84 125
84 126
84 127
84 128
84 129
84 130
84 131
84 132
84 133
84 134
84 135
84 136
84 138
84 139
84 141
84 142
84 143
84 144
84 145
84 146
84 147
84 148
84 149
84 150
84 151
85 3
85 5
85 6
85 8
85 9
85 17
85 18
85 20
85 25
85 26
85 28
85 33
85 36
85 42
85 45
85 47
85 48
85 68
85 70
85 72
85 76
85 94
85 98
85 104
85 107
85 129
85 131
85 135
85 136
85 144
86 3
86 6
86 8
86 9
86 12
86 17
86 18
86 26
86 28
86 33
86 36
86 42
86 45
86 47
86 48
86 68
86 70
86 72
86 94
86 97
86 104
86 129
86 131
86 135
86 136
86 144
86 151
87 1
87 3
87 5
87 6
87 8
87 9
87 12
87 13
87 17
87 18
87 20
87 25
87 26
87 27
87 28
87 33
87 36
87 42
87 45
87 47
87 48
87 53
87 56
87 63
87 68
87 70
87 72
87 76
87 85
87 86
87 92
87 94
87 97
87 98
87 104
87 107
87 114
87 117
87 126
87 127
87 129
87 131
87 132
87 135
87 136
87 141
87 144
87 146
87 151
88 0
88 1
88 2
88 3
88 4
88 5
88 6
88 7
88 8
88 9
88 12
88 13
88 14
88 15
88 16
88 17
88 18
88 19
88 20
88 22
88 23
88 24
88 25
88 26
88 27
88 28
88 30
88 32
88 33
88 36
88 37
88 38
88 39
88 41
88 42
88 43
88 44
88 45
88 46
88 47
88 48
88 51
88 52
88 53
88 54
88 55
88 56
88 57
88 58
88 59
88 60
88 63
88 64
88 65
88 66
88 67
88 68
88 69
88 70
88 71
88 72
88 75
88 76
88 78
88 79
88 80
88 82
88 83
88 85
88 86
88 87
88 89
88 90
88 91
88 92
88 93
88 94
88 96
88 97
88 98
88 100
88 101
88 102
88 103
88 104
88 105
88 107
88 108
88 109
88 110
88 112
88 114
88 115
88 116
88 117
88 119
88 120
88 121
88 123
88 124
88 125
88 126
88 127
88 128
88 129
88 130
88 131
88 132
88 133
88 134
88 135
88 136
88 138
88 141
88 142
88 143
88 144
88 145
88 146
88 147
88 148
88 149
88 150
88 151
89 1
89 3
89 5
89 6
89 8
89 9
89 12
89 13
89 17
89 18
89 20
89 23
89 25
89 26
89 27
89 28
89 33
89 36
89 39
89 42
89 44
89 45
89 46
89 47
89 48
89 51
89 53
89 54
89 56
89 60
89 63
89 64
89 66
89 68
89 70
89 72
89 75
89 76
89 85
89 86
89 87
89 92
89 94
89 97
89 98
89 100
89 102
89 104
89 107
89 110
89 114
89 117
89 119
89 120
89 123
89 126
89 127
89 129
89 131
89 132
89 133
89 135
89 136
89 141
89 144
89 145
89 146
89 151
90 0
90 1
90 3
90 5
90 6
90 8
90 9
90 12
90 13
90 14
90 17
90 18
90 20
90 23
90 25
90 26
90 27
90 28
90 33
90 36
90 37
90 39
90 41
90 42
90 43
90 44
90 45
90 46
90 47
90 48
90 51
90 53
90 54
90 56
90 57
90 58
90 59
90 60
90 63
90 64
90 66
90 68
90 69
90 70
90 72
90 75
90 76
90 83
90 85
90 86
90 87
90 89
90 91
90 92
90 94
90 96
90 97
90 98
90 100
90 102
90 103
90 104
90 107
90 110
90 114
90 117
90 119
90 120
90 121
90 123
90 124
90 125
90 126
90 127
90 129
90 131
90 132
90 133
90 134
90 135
90 136
90 141
90 144
90 145
90 146
90 151
91 0
91 1
91 3
91 5
91 6
91 8
91 9
91 12
91 13
91 17
91 18
91 20
91 23
91 25
91 26
91 27
91 28
91 33
91 36
91 41
91 42
91 45
91 46
91 47
91 48
91 53
91 54
91 56
91 58
91 60
91 63
91 64
91 66
91 68
91 70
91 72
91 76
91 85
91 86
91 87
91 92
91 94
91 97
91 98
91 100
91 104
91 107
91 110
91 114
91 117
91 123
91 126
91 127
91 129
91 131
91 132
91 134
91 135
91 136
91 141
91 144
91 146
91 151
92 6
92 9
92 17
92 26
92 28
92 36
92 47
92 70
92 72
92 104
92 131
92 136
92 144
93 0
93 1
93 2
93 3
93 4
93 5
93 6
93 8
93 9
93 12
93 13
93 14
93 15
93 17
93 18
93 20
93 23
93 25
93 26
93 27
93 28
93 33
93 36
93 37
93 39
93 41
93 42
93 44
93 45
93 46
93 47
93 48
93 51
93 53
93 54
93 56
93 58
93 59
93 60
93 63
93 64
93 66
93 67
93 68
93 70
93 72
93 75
93 76
93 85
93 86
93 87
93 91
93 92
93 94
93 97
93 98
93 100
93 102
93 104
93 107
93 108
93 110
93 112
93 114
93 117
93 119
93 120
93 123
93 125
93 126
93 127
93 129
93 131
93 132
93 133
93 134
93 135
93 136
93 141
93 143
93 144
93 145
93 146
93 147
93 149
93 150
93 151
94 6
94 9
94 17
94 26
94 28
94 36
94 47
94 70
94 72
94 104
94 136
94 144
95 0
95 1
95 2
95 3
95 4
95 5
95 6
95 7
95 8
95 9
95 11
95 12
95 13
95 14
95 15
95 16
95 17
95 18
95 19
95 20
95 21
95 22
95 23
95 24
95 25
95 26
95 27
95 28
95 30
95 32
95 33
95 36
95 37
95 38
95 39
95 40
95 41
95 42
95 43
95 44
95 45
95 46
95 47
95 48
95 51
95 52
95 53
95 54
95 55
95 56
95 57
95 58
95 59
95 60
95 61
95 63
95 64
95 65
95 66
95 67
95 68
95 69
95 70
95 71
95 72
95 73
95 74
95 75
95 76
95 77
95 78
95 79
95 80
95 82
95 83
95 84
95 85
95 86
95 87
95 89
95 90
95 91
95 92
95 93
95 94
95 96
95 97
95 98
95 100
95 101
95 102
95 103
95 104
95 105
95 106
95 107
95 108
95 109
95 110
95 112
95 113
95 114
95 115
95 116
95 117
95 119
95 120
95 121
95 123
95 124
95 125
95 126
95 127
95 128
95 129
95 130
95 131
95 132
95 133
95 134
95 135
95 136
95 137
95 138
95 139
95 141
95 142
95 143
95 144
95 145
95 146
95 147
95 148
95 149
95 150
95 151
96 1
96 3
96 5
96 6
96 8
96 9
96 12
96 13
96 17
96 18
96 20
96 23
96 25
96 26
96 27
96 28
96 33
96 36
96 39
96 42
96 44
96 45
96 46
96 47
96 48
96 51
96 53
96 54
96 56
96 60
96 63
96 64
96 66
96 68
96 70
96 72
96 75
96 76
96 85
96 86
96 87
96 92
96 94
96 97
96 98
96 100
96 102
96 104
96 107
96 110
96 114
96 117
96 119
96 120
96 123
96 126
96 127
96 129
96 131
96 132
96 133
96 135
96 136
96 141
96 144
96 145
96 146
96 151
97 6
97 8
97 9
97 17
97 26
97 28
97 36
97 47
97 70
97 72
97 94
97 104
97 131
97 136
97 144
98 3
98 5
98 17
98 20
98 28
98 42
98 72
98 104
98 129
98 136
99 0
99 1
99 2
99 3
99 4
99 5
99 6
99 8
99 9
99 12
99 13
99 14
99 15
99 16
99 17
99 18
99 19
99 20
99 22
99 23
99 24
99 25
99 26
99 27
99 28
99 30
99 31
99 32
99 33
99 36
99 37
99 38
99 39
99 41
99 42
99 44
99 45
99 46
99 47
99 48
99 51
99 52
99 53
99 54
99 55
99 56
99 57
99 58
99 59
99 60
99 63
99 64
99 65
99 66
99 67
99 68
99 70
99 71
99 72
99 75
99 76
99 78
99 80
99 83
99 85
99 86
99 87
99 89
99 91
99 92
99 93
99 94
99 96
99 97
99 98
99 100
99 101
99 102
99 103
99 104
99 107
99 108
99 110
99 112
99 114
99 116
99 117
99 119
99 120
99 121
99 123
99 124
99 125
99 126
99 127
99 129
99 131
99 132
99 133
99 134
99 135
99 136
99 141
99 142
99 143
99 144
99 145
99 146
99 147
99 149
99 150
99 151
100 3
100 6
100 8
100 9
100 12
100 13
100 17
100 18
100 26
100 27
100 28
100 33
100 36
100 42
100 45
100 46
100 47
100 48
100 56
100 60
100 68
100 70
100 72
100 86
100 92
100 94
100 97
100 104
100 117
100 126
100 129
100 131
100 135
100 136
100 141
100 144
100 151
101 0
101 1
101 3
101 5
101 6
101 8
101 9
101 12
101 13
101 14
101 17
101 18
101 20
101 23
101 25
101 26
101 27
101 28
101 33
101 36
101 37
101 39
101 41
101 42
101 44
101 45
101 46
101 47
101 48
101 51
101 53
101 54
101 56
101 57
101 58
101 59
101 60
101 63
101 64
101 66
101 68
101 70
101 72
101 75
101 76
101 78
101 83
101 85
101 86
101 87
101 89
101 91
101 92
101 94
101 96
101 97
101 98
101 100
101 102
101 103
101 104
101 107
101 110
101 112
101 114
101 117
101 119
101 120
101 121
101 123
101 124
101 125
101 126
101 127
101 129
101 131
101 132
101 133
101 134
101 135
101 136
101 141
101 144
101 145
101 146
101 151
102 1
102 3
102 5
102 6
102 8
102 9
102 17
102 18
102 20
102 25
102 26
102 28
102 33
102 36
102 42
102 45
102 47
102 48
102 64
102 68
102 70
102 72
102 75
102 76
102 85
102 94
102 97
102 98
102 104
102 107
102 129
102 131
102 133
102 135
102 136
102 144
102 146
103 1
103 3
103 5
103 6
103 8
103 9
103 12
103 13
103 17
103 18
103 20
103 23
103 25
103 26
103 27
103 28
103 33
103 36
103 39
103 42
103 44
103 45
103 46
103 47
103 48
103 51
103 53
103 54
103 56
103 57
103 59
103 60
103 63
103 64
103 66
103 68
103 70
103 72
103 75
103 76
103 83
103 85
103 86
103 87
103 89
103 92
103 94
103 96
103 97
103 98
103 100
103 102
103 104
103 107
103 110
103 114
103 117
103 119
103 120
103 123
103 126
103 127
103 129
103 131
103 132
103 133
103 135
103 136
103 141
103 144
103 145
103 146
103 151
104 28
104 136
105 0
105 1
105 2
105 3
105 4
105 5
105 6
105 8
105 9
105 12
105 13
105 14
105 15
105 17
105 18
105 19
105 20
105 23
105 24
105 25
105 26
105 27
105 28
105 30
105 33
105 36
105 37
105 39
105 41
105 42
105 43
105 44
105 45
105 46
105 47
105 48
105 51
105 53
105 54
105 55
105 56
105 57
105 58
105 59
105 60
105 63
105 64
105 65
105 66
105 67
105 68
105 69
105 70
105 71
105 72
105 75
105 76
105 78
105 80
105 82
105 83
105 85
105 86
105 87
105 89
105 91
105 92
105 93
105 94
105 96
105 97
105 98
105 100
105 101
105 102
105 103
105 104
105 107
105 108
105 110
105 112
105 114
105 116
105 117
105 119
105 120
105 121
105 123
105 124
105 125
105 126
105 127
105 129
105 131
105 132
105 133
105 134
105 135
105 136
105 141
105 142
105 143
105 144
105 145
105 146
105 147
105 149
105 150
105 151
106 0
106 1
106 2
106 3
106 4
106 5
106 6
106 7
106 8
106 9
106 11
106 12
106 13
106 14
106 15
106 17
106 18
106 19
106 20
106 23
106 24
106 25
106 26
106 27
106 28
106 30
106 32
106 33
106 36
106 37
106 39
106 41
106 42
106 43
106 44
106 45
106 46
106 47
106 48
106 51
106 52
106 53
106 54
106 55
106 56
106 57
106 58
106 59
106 60
106 63
106 64
106 65
106 66
106 67
106 68
106 69
106 70
106 71
106 72
106 75
106 76
106 78
106 79
106 80
106 82
106 83
106 85
106 86
106 87
106 89
106 90
106 91
106 92
106 93
106 94
106 96
106 97
106 98
106 100
106 101
106 102
106 103
106 104
106 105
106 107
106 108
106 110
106 112
106 114
106 116
106 117
106 119
106 120
106 121
106 123
106 124
106 125
106 126
106 127
106 129
106 130
106 131
106 132
106 133
106 134
106 135
106 136
106 139
106 141
106 142
106 143
106 144
106 145
106 146
106 147
106 148
106 149
106 150
106 151
107 3
107 5
107 6
107 17
107 18
107 28
107 33
107 36
107 42
107 45
107 47
107 68
107 70
107 72
107 104
107 129
107 136
108 0
108 1
108 3
108 5
108 6
108 8
108 9
108 12
108 13
108 14
108 15
108 17
108 18
108 20
108 23
108 25
108 26
108 27
108 28
108 33
108 36
108 37
108 41
108 42
108 45
108 46
108 47
108 48
108 53
108 54
108 56
108 58
108 60
108 63
108 64
108 66
108 68
108 70
108 72
108 75
108 76
108 85
108 86
108 87
108 91
108 92
108 94
108 97
108 98
108 100
108 104
108 107
108 110
108 112
108 114
108 117
108 123
108 125
108 126
108 127
108 129
108 131
108 132
108 133
108 134
108 135
108 136
108 141
108 144
108 145
108 146
108 151
109 0
109 1
109 2
109 3
109 4
109 5
109 6
109 7
109 8
109 9
109 12
109 13
109 14
109 15
109 16
109 17
109 18
109 19
109 20
109 22
109 23
109 24
109 25
109 26
109 27
109 28
109 30
109 32
109 33
109 36
109 37
109 39
109 41
109 42
109 43
109 44
109 45
109 46
109 47
109 48
109 51
109 52
109 53
109 54
109 55
109 56
109 57
109 58
109 59
109 60
109 63
109 64
109 65
109 66
109 67
109 68
109 69
109 70
109 71
109 72
109 75
109 76
109 78
109 79
109 80
109 82
109 83
109 85
109 86
109 87
109 89
109 90
109 91
109 92
109 93
109 94
109 96
109 97
109 98
109 100
109 101
109 102
109 103
109 104
109 105
109 107
109 108
109 110
109 112
109 114
109 116
109 117
109 119
109 120
109 121
109 123
109 124
109 125
109 126
109 127
109 129
109 130
109 131
109 132
109 133
109 134
109 135
109 136
109 138
109 141
109 142
109 143
109 144
109 145
109 146
109 147
109 148
109 149
109 150
109 151
110 1
110 3
110 5
110 6
110 8
110 9
110 12
110 13
110 17
110 18
110 20
110 25
110 26
110 27
110 28
110 33
110 36
110 42
110 45
110 46
110 47
110 48
110 53
110 56
110 60
110 63
110 66
110 68
110 70
110 72
110 76
110 86
110 92
110 94
110 97
110 98
110 104
110 107
110 114
110 117
110 126
110 127
110 129
110 131
110 132
110 135
110 136
110 141
110 144
110 151
111 0
111 1
111 2
111 3
111 4
111 5
111 6
111 8
111 9
111 12
111 13
111 14
111 15
111 16
111 17
111 18
111 19
111 20
111 22
111 23
111 24
111 25
111 26
111 27
111 28
111 29
111 30
111 31
111 32
111 33
111 36
111 37
111 38
111 39
111 41
111 42
111 43
111 44
111 45
111 46
111 47
111 48
111 50
111 51
111 52
111 53
111 54
111 55
111 56
111 57
111 58
111 59
111 60
111 63
111 64
111 65
111 66
111 67
111 68
111 69
111 70
111 71
111 72
111 75
111 76
111 78
111 80
111 82
111 83
111 85
111 86
111 87
111 89
111 91
111 92
111 93
111 94
111 96
111 97
111 98
111 99
111 100
111 101
111 102
111 103
111 104
111 105
111 107
111 108
111 110
111 112
111 114
111 115
111 116
111 117
111 119
111 120
111 121
111 123
111 124
111 125
111 126
111 127
111 128
111 129
111 131
111 132
111 133
111 134
111 135
111 136
111 138
111 141
111 142
111 143
111 144
111 145
111 146
111 147
111 149
111 150
111 151
112 1
112 3
112 5
112 6
112 8
112 9
112 12
112 13
112 14
112 17
112 18
112 20
112 23
112 25
112 26
112 27
112 28
112 33
112 36
112 37
112 41
112 42
112 45
112 46
112 47
112 48
112 53
112 54
112 56
112 58
112 60
112 63
112 66
112 68
112 70
112 72
112 76
112 86
112 92
112 94
112 97
112 98
112 100
112 104
112 107
112 110
112 114
112 117
112 123
112 126
112 127
112 129
112 131
112 132
112 134
112 135
112 136
112 141
112 144
112 151
113 0
113 1
113 2
113 3
113 4
113 5
113 6
113 7
113 8
113 9
113 11
113 12
113 13
113 14
113 15
113 16
113 17
113 18
113 19
113 20
113 21
113 22
113 23
113 24
113 25
113 26
113 27
113 28
113 30
113 32
113 33
113 36
113 37
113 38
113 39
113 40
113 41
113 42
113 43
113 44
113 45
113 46
113 47
113 48
113 51
113 52
113 53
113 54
113 55
113 56
113 57
113 58
113 59
113 60
113 61
113 63
113 64
113 65
113 66
113 67
113 68
113 69
113 70
113 71
113 72
113 73
113 74
113 75
113 76
113 77
113 78
113 79
113 80
113 82
113 83
113 85
113 86
113 87
113 89
113 90
113 91
113 92
113 93
113 94
113 96
113 97
113 98
113 100
113 101
113 102
113 103
113 104
113 105
113 106
113 107
113 108
113 109
113 110
113 112
113 114
113 116
113 117
113 119
113 120
113 121
113 123
113 124
113 125
113 126
113 127
113 128
113 129
113 130
113 131
113 132
113 133
113 134
113 135
113 136
113 138
113 139
113 141
113 142
113 143
113 144
113 145
113 146
113 147
113 148
113 149
113 150
113 151
114 3
114 5
114 6
114 8
114 9
114 12
114 13
114 17
114 18
114 20
114 26
114 27
114 28
114 33
114 36
114 42
114 45
114 47
114 48
114 56
114 63
114 68
114 70
114 72
114 76
114 86
114 92
114 94
114 97
114 98
114 104
114 107
114 117
114 126
114 127
114 129
114 131
114 135
114 136
114 144
114 151
115 0
115 1
115 2
115 3
115 4
115 5
115 6
115 8
115 9
115 12
115 13
115 14
115 15
115 16
115 17
115 18
115 19
115 20
115 22
115 23
115 24
115 25
115 26
115 27
115 28
115 30
115 32
115 33
115 36
115 37
115 38
115 39
115 41
115 42
115 43
115 44
115 45
115 46
115 47
115 48
115 51
115 52
115 53
115 54
115 55
115 56
115 57
115 58
115 59
115 60
115 63
115 64
115 65
115 66
115 67
115 68
115 69
115 70
115 71
115 72
115 75
115 76
115 78
115 80
115 83
115 85
115 86
115 87
115 89
115 91
115 92
115 93
115 94
115 96
115 97
115 98
115 100
115 101
115 102
115 103
115 104
115 107
115 108
115 110
115 112
115 114
115 116
115 117
115 119
115 120
115 121
115 123
115 124
115 125
115 126
115 127
115 128
115 129
115 131
115 132
115 133
115 134
115 135
115 136
115 138
115 141
115 142
115 143
115 144
115 145
115 146
115 147
115 149
115 150
115 151
116 0
116 1
116 2
116 3
116 4
116 5
116 6
116 8
116 9
116 12
116 13
116 14
116 15
116 17
116 18
116 20
116 23
116 25
116 26
116 27
116 28
116 33
116 36
116 37
116 41
116 42
116 45
116 46
116 47
116 48
116 53
116 54
116 56
116 58
116 60
116 63
116 66
116 68
116 70
116 72
116 76
116 85
116 86
116 87
116 92
116 94
116 97
116 98
116 100
116 104
116 107
116 110
116 112
116 114
116 117
116 123
116 126
116 127
116 129
116 131
116 132
116 134
116 135
116 136
116 141
116 143
116 144
116 146
116 151
117 6
117 8
117 9
117 12
117 13
117 17
117 18
117 26
117 28
117 36
117 42
117 47
117 56
117 68
117 70
117 72
117 92
117 94
117 97
117 104
117 131
117 135
117 136
117 144
117 151
118 0
118 1
118 2
118 3
118 4
118 5
118 6
118 7
118 8
118 9
118 10
118 11
118 12
118 13
118 14
118 15
118 16
118 17
118 18
118 19
118 20
118 21
118 22
118 23
118 24
118 25
118 26
118 27
118 28
118 30
118 31
118 32
118 33
118 36
118 37
118 38
118 39
118 40
118 41
118 42
118 43
118 44
118 45
118 46
118 47
118 48
118 51
118 52
118 53
118 54
118 55
118 56
118 57
118 58
118 59
118 60
118 61
118 62
118 63
118 64
118 65
118 66
118 67
118 68
118 69
118 70
118 71
118 72
118 73
118 74
118 75
118 76
118 77
118 78
118 79
118 80
118 82
118 83
118 84
118 85
118 86
118 87
118 88
118 89
118 90
118 91
118 92
118 93
118 94
118 96
118 97
118 98
118 100
118 101
118 102
118 103
118 104
118 105
118 106
118 107
118 108
118 109
118 110
118 112
118 113
118 114
118 115
118 116
118 117
118 119
118 120
118 121
118 123
118 124
118 125
118 126
118 127
118 128
118 129
118 130
118 131
118 132
118 133
118 134
118 135
118 136
118 137
118 138
118 139
118 141
118 142
118 143
118 144
118 145
118 146
118 147
118 148
118 149
118 150
118 151
119 1
119 3
119 5
119 6
119 8
119 9
119 12
119 13
119 17
119 18
119 20
119 23
119 25
119 26
119 27
119 28
119 33
119 36
119 39
119 42
119 44
119 45
119 46
119 47
119 48
119 53
119 54
119 56
119 60
119 63
119 64
119 66
119 68
119 70
119 72
119 75
119 76
119 85
119 86
119 87
119 92
119 94
119 97
119 98
119 100
119 102
119 104
119 107
119 110
119 114
119 117
119 120
119 123
119 126
119 127
119 129
119 131
119 132
119 133
119 135
119 136
119 141
119 144
119 145
119 146
119 151
120 1
120 3
120 5
120 6
120 8
120 9
120 12
120 13
120 17
120 18
120 20
120 25
120 26
120 27
120 28
120 33
120 36
120 39
120 42
120 44
120 45
120 46
120 47
120 48
120 53
120 54
120 56
120 60
120 63
120 64
120 66
120 68
120 70
120 72
120 75
120 76
120 85
120 86
120 87
120 92
120 94
120 97
120 98
120 100
120 102
120 104
120 107
120 110
120 114
120 117
120 123
120 126
120 127
120 129
120 131
120 132
120 133
120 135
120 136
120 141
120 144
120 145
120 146
120 151
121 1
121 3
121 5
121 6
121 8
121 9
121 12
121 13
121 17
121 18
121 20
121 25
121 26
121 27
121 28
121 33
121 36
121 39
121 42
121 44
121 45
121 46
121 47
121 48
121 51
121 53
121 54
121 56
121 60
121 63
121 64
121 66
121 68
121 70
121 72
121 75
121 76
121 85
121 86
121 87
121 92
121 94
121 97
121 98
121 100
121 102
121 104
121 107
121 110
121 114
121 117
121 126
121 127
121 129
121 131
121 132
121 133
121 135
121 136
121 141
121 144
121 145
121 146
121 151
122 0
122 1
122 2
122 3
122 4
122 5
122 6
122 7
122 8
122 9
122 11
122 12
122 13
122 14
122 15
122 16
122 17
122 18
122 19
122 20
122 21
122 22
122 23
122 24
122 25
122 26
122 27
122 28
122 29
122 30
122 31
122 32
122 33
122 34
122 36
122 37
122 38
122 39
122 41
122 42
122 43
122 44
122 45
122 46
122 47
122 48
122 50
122 51
122 52
122 53
122 54
122 55
122 56
122 57
122 58
122 59
122 60
122 63
122 64
122 65
122 66
122 67
122 68
122 69
122 70
122 71
122 72
122 75
122 76
122 77
122 78
122 79
122 80
122 82
122 83
122 85
122 86
122 87
122 88
122 89
122 90
122 91
122 92
122 93
122 94
122 96
122 97
122 98
122 99
122 100
122 101
122 102
122 103
122 104
122 105
122 106
122 107
122 108
122 109
122 110
122 111
122 112
122 114
122 115
122 116
122 117
122 119
122 120
122 121
122 123
122 124
122 125
122 126
122 127
122 128
122 129
122 130
122 131
122 132
122 133
122 134
122 135
122 136
122 138
122 139
122 141
122 142
122 143
122 144
122 145
122 146
122 147
122 148
122 149
122 150
122 151
123 6
123 8
123 9
123 12
123 13
123 17
123 18
123 26
123 27
123 28
123 36
123 42
123 46
123 47
123 56
123 68
123 70
123 72
123 92
123 94
123 97
123 104
123 117
123 131
123 135
123 136
123 144
123 151
124 0
124 1
124 3
124 5
124 6
124 8
124 9
124 12
124 13
124 17
124 18
124 20
124 23
124 25
124 26
124 27
124 28
124 33
124 36
124 39
124 41
124 42
124 44
124 45
124 46
124 47
124 48
124 51
124 53
124 54
124 56
124 57
124 58
124 59
124 60
124 63
124 64
124 66
124 68
124 70
124 72
124 75
124 76
124 83
124 85
124 86
124 87
124 89
124 92
124 94
124 96
124 97
124 98
124 100
124 102
124 103
124 104
124 107
124 110
124 114
124 117
124 119
124 120
124 123
124 125
124 126
124 127
124 129
124 131
124 132
124 133
124 134
124 135
124 136
124 141
124 144
124 145
124 146
124 151
125 0
125 1
125 3
125 5
125 6
125 8
125 9
125 12
125 13
125 17
125 18
125 20
125 23
125 25
125 26
125 27
125 28
125 33
125 36
125 41
125 42
125 45
125 46
125 47
125 48
125 53
125 54
125 56
125 58
125 60
125 63
125 64
125 66
125 68
125 70
125 72
125 75
125 76
125 85
125 86
125 87
125 92
125 94
125 97
125 98
125 100
125 104
125 107
125 110
125 114
125 117
125 123
125 126
125 127
125 129
125 131
125 132
125 133
125 134
125 135
125 136
125 141
125 144
125 145
125 146
125 151
126 3
126 6
126 8
126 9
126 12
126 13
126 17
126 18
126 26
126 28
126 33
126 36
126 42
126 45
126 47
126 48
126 56
126 68
126 70
126 72
126 86
126 92
126 94
126 97
126 104
126 129
126 131
126 135
126 136
126 144
126 151
127 3
127 5
127 6
127 8
127 9
127 12
127 13
127 17
127 18
127 20
127 26
127 28
127 33
127 36
127 42
127 45
127 47
127 48
127 56
127 68
127 70
127 72
127 86
127 92
127 94
127 97
127 98
127 104
127 107
127 117
127 126
127 129
127 131
127 135
127 136
127 144
127 151
128 0
128 1
128 2
128 3
128 4
128 5
128 6
128 8
128 9
128 12
128 13
128 14
128 15
128 16
128 17
128 18
128 19
128 20
128 22
128 23
128 24
128 25
128 26
128 27
128 28
128 30
128 32
128 33
128 36
128 37
128 38
128 39
128 41
128 42
128 44
128 45
128 46
128 47
128 48
128 51
128 52
128 53
128 54
128 55
128 56
128 57
128 58
128 59
128 60
128 63
128 64
128 65
128 66
128 67
128 68
128 69
128 70
128 71
128 72
128 75
128 76
128 78
128 80
128 83
128 85
128 86
128 87
128 89
128 91
128 92
128 93
128 94
128 96
128 97
128 98
128 100
128 101
128 102
128 103
128 104
128 107
128 108
128 110
128 112
128 114
128 116
128 117
128 119
128 120
128 121
128 123
128 124
128 125
128 126
128 127
128 129
128 131
128 132
128 133
128 134
128 135
128 136
128 141
128 142
128 143
128 144
128 145
128 146
128 147
128 149
128 150
128 151
130 0
130 1
130 3
130 5
130 6
130 8
130 9
130 12
130 13
130 14
130 15
130 17
130 18
130 20
130 23
130 25
130 26
130 27
130 28
130 33
130 36
130 37
130 39
130 41
130 42
130 43
130 44
130 45
130 46
130 47
130 48
130 51
130 53
130 54
130 56
130 57
130 58
130 59
130 60
130 63
130 64
130 65
130 66
130 68
130 69
130 70
130 72
130 75
130 76
130 78
130 82
130 83
130 85
130 86
130 87
130 89
130 90
130 91
130 92
130 94
130 96
130 97
130 98
130 100
130 101
130 102
130 103
130 104
130 107
130 108
130 110
130 112
130 114
130 117
130 119
130 120
130 121
130 123
130 124
130 125
130 126
130 127
130 129
130 131
130 132
130 133
130 134
130 135
130 136
130 141
130 144
130 145
130 146
130 147
130 149
130 151
131 6
131 9
131 17
131 26
131 28
131 36
131 47
131 70
131 104
131 136
131 144
132 1
132 3
132 5
132 6
132 8
132 9
132 12
132 13
132 17
132 18
132 20
132 25
132 26
132 27
132 28
132 33
132 36
132 42
132 45
132 47
132 48
132 56
132 63
132 68
132 70
132 72
132 76
132 86
132 92
132 94
132 97
132 98
132 104
132 107
132 114
132 117
132 126
132 127
132 129
132 131
132 135
132 136
132 141
132 144
132 151
133 1
133 3
133 5
133 6
133 8
133 9
133 17
133 18
133 20
133 25
133 26
133 28
133 33
133 36
133 42
133 45
133 47
133 48
133 64
133 68
133 70
133 72
133 75
133 76
133 85
133 94
133 97
133 98
133 104
133 107
133 129
133 131
133 135
133 136
133 144
133 146
134 3
134 5
134 6
134 8
134 9
134 12
134 13
134 17
134 18
134 26
134 27
134 28
134 33
134 36
134 42
134 45
134 46
134 47
134 48
134 54
134 56
134 60
134 68
134 70
134 72
134 86
134 92
134 94
134 97
134 100
134 104
134 107
134 117
134 123
134 126
134 129
134 131
134 135
134 136
134 141
134 144
134 151
135 6
135 9
135 17
135 18
135 26
135 28
135 36
135 42
135 47
135 68
135 70
135 72
135 94
135 104
135 136
135 144
136 28
137 0
137 1
137 2
137 3
137 4
137 5
137 6
137 7
137 8
137 9
137 11
137 12
137 13
137 14
137 15
137 16
137 17
137 18
137 19
137 20
137 21
137 22
137 23
137 24
137 25
137 26
137 27
137 28
137 30
137 32
137 33
137 36
137 37
137 38
137 39
137 40
137 41
137 42
137 43
137 44
137 45
137 46
137 47
137 48
137 51
137 52
137 53
137 54
137 55
137 56
137 57
137 58
137 59
137 60
137 61
137 63
137 64
137 65
137 66
137 67
137 68
137 69
137 70
137 71
137 72
137 73
137 74
137 75
137 76
137 77
137 78
137 79
137 80
137 82
137 83
137 85
137 86
137 87
137 89
137 90
137 91
137 92
137 93
137 94
137 96
137 97
137 98
137 100
137 101
137 102
137 103
137 104
137 105
137 106
137 107
137 108
137 109
137 110
137 112
137 113
137 114
137 115
137 116
137 117
137 119
137 120
137 121
137 123
137 124
137 125
137 126
137 127
137 128
137 129
137 130
137 131
137 132
137 133
137 134
137 135
137 136
137 138
137 139
137 141
137 142
137 143
137 144
137 145
137 146
137 147
137 148
137 149
137 150
137 151
138 0
138 1
138 2
138 3
138 4
138 5
138 6
138 8
138 9
138 12
138 13
138 14
138 15
138 16
138 17
138 18
138 19
138 20
138 23
138 24
138 25
138 26
138 27
138 28
138 30
138 32
138 33
138 36
138 37
138 39
138 41
138 42
138 43
138 44
138 45
138 46
138 47
138 48
138 51
138 52
138 53
138 54
138 55
138 56
138 57
138 58
138 59
138 60
138 63
138 64
138 65
138 66
138 67
138 68
138 69
138 70
138 71
138 72
138 75
138 76
138 78
138 80
138 83
138 85
138 86
138 87
138 89
138 91
138 92
138 93
138 94
138 96
138 97
138 98
138 100
138 101
138 102
138 103
138 104
138 107
138 108
138 110
138 112
138 114
138 116
138 117
138 119
138 120
138 121
138 123
138 124
138 125
138 126
138 127
138 129
138 131
138 132
138 133
138 134
138 135
138 136
138 141
138 142
138 143
138 144
138 145
138 146
138 147
138 149
138 150
138 151
139 0
139 1
139 3
139 5
139 6
139 7
139 8
139 9
139 11
139 12
139 13
139 14
139 17
139 18
139 20
139 23
139 25
139 26
139 27
139 28
139 33
139 36
139 37
139 39
139 41
139 42
139 43
139 44
139 45
139 46
139 47
139 48
139 51
139 53
139 54
139 56
139 57
139 58
139 59
139 60
139 63
139 64
139 66
139 68
139 69
139 70
139 72
139 75
139 76
139 78
139 79
139 83
139 85
139 86
139 87
139 89
139 90
139 91
139 92
139 94
139 96
139 97
139 98
139 100
139 102
139 103
139 104
139 107
139 110
139 112
139 114
139 117
139 119
139 120
139 121
139 123
139 124
139 125
139 126
139 127
139 129
139 131
139 132
139 133
139 134
139 135
139 136
139 141
139 144
139 145
139 146
139 151
140 0
140 1
140 2
140 3
140 4
140 5
140 6
140 7
140 8
140 9
140 10
140 11
140 12
140 13
140 14
140 15
140 16
140 17
140 18
140 19
140 20
140 21
140 22
140 23
140 24
140 25
140 26
140 27
140 28
140 30
140 31
140 32
140 33
140 34
140 36
140 37
140 38
140 39
140 40
140 41
140 42
140 43
140 44
140 45
140 46
140 47
140 48
140 49
140 50
140 51
140 52
140 53
140 54
140 55
140 56
140 57
140 58
140 59
140 60
140 62
140 63
140 64
140 65
140 66
140 67
140 68
140 69
140 70
140 71
140 72
140 73
140 74
140 75
140 76
140 77
140 78
140 79
140 80
140 82
140 83
140 84
140 85
140 86
140 87
140 88
140 89
140 90
140 91
140 92
140 93
140 94
140 96
140 97
140 98
140 99
140 100
140 101
140 102
140 103
140 104
140 105
140 106
140 107
140 108
140 109
140 110
140 112
140 114
140 115
140 116
140 117
140 119
140 120
140 121
140 123
140 124
140 125
140 126
140 127
140 128
140 129
140 130
140 131
140 132
140 133
140 134
140 135
140 136
140 138
140 139
140 141
140 142
140 143
140 144
140 145
140 146
140 147
140 148
140 149
140 150
140 151
141 6
141 8
141 9
141 12
141 13
141 17
141 18
141 26
141 27
141 28
141 33
141 36
141 42
141 45
141 47
141 48
141 56
141 68
141 70
141 72
141 92
141 94
141 97
141 104
141 117
141 129
141 131
141 135
141 136
141 144
141 151
142 0
142 1
142 2
142 3
142 4
142 5
142 6
142 8
142 9
142 12
142 13
142 14
142 15
142 17
142 18
142 20
142 23
142 25
142 26
142 27
142 28
142 30
142 33
142 36
142 37
142 39
142 41
142 42
142 44
142 45
142 46
142 47
142 48
142 51
142 53
142 54
142 56
142 58
142 59
142 60
142 63
142 64
142 66
142 67
142 68
142 70
142 72
142 75
142 76
142 85
142 86
142 87
142 91
142 92
142 94
142 97
142 98
142 100
142 102
142 104
142 107
142 108
142 110
142 112
142 114
142 117
142 119
142 120
142 123
142 125
142 126
142 127
142 129
142 131
142 132
142 133
142 134
142 135
142 136
142 141
142 143
142 144
142 145
142 146
142 147
142 149
142 150
142 151
143 0
143 1
143 3
143 4
143 5
143 6
143 8
143 9
143 12
143 13
143 14
143 15
143 17
143 18
143 20
143 23
143 25
143 26
143 27
143 28
143 33
143 36
143 37
143 41
143 42
143 45
143 46
143 47
143 48
143 53
143 54
143 56
143 58
143 60
143 63
143 66
143 68
143 70
143 72
143 76
143 85
143 86
143 87
143 92
143 94
143 97
143 98
143 100
143 104
143 107
143 110
143 112
143 114
143 117
143 123
143 126
143 127
143 129
143 131
143 132
143 134
143 135
143 136
143 141
143 144
143 146
143 151
144 6
144 28
144 47
144 136
145 1
145 3
145 5
145 6
145 8
145 9
145 12
145 13
145 17
145 18
145 20
145 25
145 26
145 27
145 28
145 33
145 36
145 42
145 45
145 47
145 48
145 53
145 56
145 60
145 63
145 64
145 68
145 70
145 72
145 75
145 76
145 85
145 86
145 87
145 92
145 94
145 97
145 98
145 104
145 107
145 114
145 117
145 126
145 127
145 129
145 131
145 132
145 133
145 135
145 136
145 141
145 144
145 146
145 151
146 1
146 3
146 5
146 6
146 8
146 9
146 17
146 18
146 20
146 25
146 26
146 28
146 33
146 36
146 42
146 45
146 47
146 48
146 68
146 70
146 72
146 76
146 85
146 94
146 98
146 104
146 107
146 129
146 131
146 135
146 136
146 144
147 0
147 1
147 3
147 5
147 6
147 8
147 9
147 12
147 13
147 14
147 15
147 17
147 18
147 20
147 23
147 25
147 26
147 27
147 28
147 33
147 36
147 37
147 41
147 42
147 45
147 46
147 47
147 48
147 53
147 54
147 56
147 58
147 60
147 63
147 64
147 66
147 68
147 70
147 72
147 75
147 76
147 85
147 86
147 87
147 91
147 92
147 94
147 97
147 98
147 100
147 102
147 104
147 107
147 108
147 110
147 112
147 114
147 117
147 123
147 125
147 126
147 127
147 129
147 131
147 132
147 133
147 134
147 135
147 136
147 141
147 144
147 145
147 146
147 151
148 0
148 1
148 2
148 3
148 4
148 5
148 6
148 8
148 9
148 12
148 13
148 14
148 15
148 17
148 18
148 19
148 20
148 23
148 24
148 25
148 26
148 27
148 28
148 30
148 33
148 36
148 37
148 39
148 41
148 42
148 43
148 44
148 45
148 46
148 47
148 48
148 51
148 53
148 54
148 55
148 56
148 57
148 58
148 59
148 60
148 63
148 64
148 65
148 66
148 67
148 68
148 69
148 70
148 71
148 72
148 75
148 76
148 78
148 80
148 82
148 83
148 85
148 86
148 87
148 89
148 90
148 91
148 92
148 93
148 94
148 96
148 97
148 98
148 100
148 101
148 102
148 103
148 104
148 107
148 108
148 110
148 112
148 114
148 116
148 117
148 119
148 120
148 121
148 123
148 124
148 125
148 126
148 127
148 129
148 131
148 132
148 133
148 134
148 135
148 136
148 141
148 142
148 143
148 144
148 145
148 146
148 147
148 149
148 150
148 151
149 0
149 1
149 3
149 5
149 6
149 8
149 9
149 12
149 13
149 14
149 15
149 17
149 18
149 20
149 23
149 25
149 26
149 27
149 28
149 33
149 36
149 37
149 39
149 41
149 42
149 44
149 45
149 46
149 47
149 48
149 51
149 53
149 54
149 56
149 58
149 60
149 63
149 64
149 66
149 68
149 70
149 72
149 75
149 76
149 85
149 86
149 87
149 91
149 92
149 94
149 97
149 98
149 100
149 102
149 104
149 107
149 108
149 110
149 112
149 114
149 117
149 119
149 120
149 123
149 125
149 126
149 127
149 129
149 131
149 132
149 133
149 134
149 135
149 136
149 141
149 144
149 145
149 146
149 147
149 151
150 0
150 1
150 3
150 5
150 6
150 8
150 9
150 12
150 13
150 14
150 15
150 17
150 18
150 20
150 23
150 25
150 26
150 27
150 28
150 33
150 36
150 37
150 41
150 42
150 45
150 46
150 47
150 48
150 53
150 54
150 56
150 58
150 60
150 63
150 64
150 66
150 68
150 70
150 72
150 75
150 76
150 85
150 86
150 87
150 91
150 92
150 94
150 97
150 98
150 100
150 102
150 104
150 107
150 108
150 110
150 112
150 114
150 117
150 123
150 125
150 126
150 127
150 129
150 131
150 132
150 133
150 134
150 135
150 136
150 141
150 144
150 145
150 146
150 147
150 151
151 6
151 8
151 9
151 17
151 18
151 26
151 28
151 36
151 42
151 47
151 68
151 70
151 72
151 94
151 97
151 104
151 131
151 135
151 136
151 144
