12
0 1 16 37
0 2 10 73
0 3 43 38
0 4 44 83
0 5 22 29
0 6 11 25
0 7 83 61
0 8 66 30
0 9 37 10
0 10 52 79
0 11 88 90
1 2 3 28
1 3 80 71
1 4 7 46
1 5 94 96
1 6 32 21
1 7 73 60
1 8 86 92
1 9 44 34
1 10 37 33
1 11 10 62
2 3 93 90
2 4 24 24
2 5 62 78
2 6 76 56
2 7 69 75
2 8 31 11
2 9 45 84
2 10 33 36
2 11 68 46
3 4 3 2
3 5 55 19
3 6 34 63
3 7 84 61
3 8 50 19
3 9 54 20
3 10 8 23
3 11 96 60
4 5 84 54
4 6 11 24
4 7 29 7
4 8 25 60
4 9 3 38
4 10 45 34
4 11 57 68
5 6 34 39
5 7 8 52
5 8 54 19
5 9 58 77
5 10 64 60
5 11 9 73
6 7 3 77
6 8 42 64
6 9 48 20
6 10 85 79
6 11 28 8
7 8 46 64
7 9 72 23
7 10 50 48
7 11 16 26
8 9 36 50
8 10 15 83
8 11 8 79
9 10 49 35
9 11 21 30
10 11 76 81
