12
0 1 37 37
0 2 74 44
0 3 65 67
0 4 11 48
0 5 52 29
0 6 3 3
0 7 72 54
0 8 27 46
0 9 83 87
0 10 40 36
0 11 60 36
1 2 86 71
1 3 57 34
1 4 94 71
1 5 64 46
1 6 50 62
1 7 43 25
1 8 69 84
1 9 1 35
1 10 85 53
1 11 20 38
2 3 97 84
2 4 8 39
2 5 85 79
2 6 90 72
2 7 34 60
2 8 82 64
2 9 66 40
2 10 62 51
2 11 1 24
3 4 58 40
3 5 70 82
3 6 14 12
3 7 54 35
3 8 2 30
3 9 11 25
3 10 83 51
3 11 91 51
4 5 63 79
4 6 81 42
4 7 87 65
4 8 40 37
4 9 28 53
4 10 8 12
4 11 75 45
5 6 92 69
5 7 10 23
5 8 73 64
5 9 49 35
5 10 41 43
5 11 33 45
6 7 45 71
6 8 75 85
6 9 32 50
6 10 0 3
6 11 69 47
7 8 76 39
7 9 1 17
7 10 12 39
7 11 71 57
8 9 79 44
8 10 96 96
8 11 92 79
9 10 81 85
9 11 18 33
10 11 6 33
