15
0 1 74 76
0 2 30 30
0 3 54 60
0 4 29 28
0 5 73 75
0 6 21 25
0 7 26 36
0 8 21 19
0 9 67 60
0 10 47 54
0 11 4 10
0 12 72 65
0 13 19 17
0 14 1 6
1 2 50 51
1 3 30 37
1 4 35 39
1 5 19 16
1 6 98 93
1 7 51 55
1 8 37 45
1 9 46 49
1 10 87 84
1 11 80 80
1 12 7 19
1 13 16 14
1 14 75 67
2 3 98 92
2 4 96 84
2 5 21 29
2 6 87 78
2 7 71 67
2 8 2 16
2 9 36 44
2 10 1 10
2 11 71 75
2 12 68 72
2 13 18 22
2 14 43 41
3 4 9 14
3 5 64 63
3 6 11 11
3 7 24 30
3 8 22 23
3 9 7 8
3 10 29 34
3 11 19 20
3 12 12 12
3 13 29 25
3 14 66 61
4 5 77 68
4 6 97 86
4 7 75 66
4 8 97 90
4 9 42 40
4 10 21 29
4 11 48 50
4 12 99 94
4 13 72 74
4 14 65 61
5 6 98 87
5 7 59 63
5 8 20 26
5 9 82 84
5 10 83 84
5 11 23 34
5 12 75 73
5 13 7 18
5 14 38 37
6 7 11 23
6 8 36 38
6 9 76 71
6 10 44 44
6 11 64 54
6 12 59 60
6 13 37 33
6 14 28 37
7 8 51 57
7 9 18 27
7 10 60 52
7 11 44 42
7 12 45 44
7 13 63 64
7 14 72 66
8 9 71 69
8 10 1 10
8 11 84 78
8 12 67 72
8 13 51 49
8 14 7 18
9 10 1 6
9 11 31 40
9 12 56 48
9 13 96 92
9 14 34 32
10 11 54 55
10 12 79 74
10 13 85 76
10 14 79 75
11 12 0 6
11 13 60 52
11 14 94 80
12 13 81 81
12 14 64 61
13 14 8 16
