15
0 1 52 49
0 2 66 71
0 3 82 48
0 4 61 39
0 5 42 54
0 6 78 64
0 7 37 61
0 8 59 53
0 9 70 45
0 10 7 10
0 11 79 67
0 12 86 54
0 13 40 20
0 14 10 9
1 2 76 50
1 3 7 45
1 4 9 17
1 5 78 43
1 6 82 81
1 7 41 37
1 8 14 17
1 9 26 51
1 10 83 73
1 11 83 51
1 12 66 47
1 13 18 59
1 14 84 90
2 3 31 53
2 4 13 50
2 5 74 60
2 6 7 23
2 7 66 62
2 8 17 48
2 9 42 48
2 10 4 35
2 11 45 30
2 12 43 49
2 13 37 52
2 14 86 58
3 4 61 76
3 5 68 70
3 6 87 60
3 7 5 26
3 8 63 41
3 9 70 80
3 10 4 32
3 11 73 50
3 12 85 68
3 13 19 52
3 14 57 49
4 5 42 63
4 6 87 90
4 7 20 28
4 8 24 38
4 9 83 44
4 10 64 52
4 11 84 89
4 12 30 15
4 13 32 65
4 14 4 13
5 6 21 56
5 7 90 45
5 8 78 59
5 9 3 27
5 10 6 43
5 11 94 67
5 12 10 43
5 13 0 7
5 14 0 22
6 7 97 72
6 8 53 62
6 9 37 60
6 10 35 45
6 11 54 31
6 12 57 45
6 13 15 20
6 14 33 28
7 8 85 88
7 9 55 64
7 10 63 52
7 11 67 60
7 12 8 51
7 13 74 50
7 14 86 70
8 9 66 38
8 10 99 86
8 11 50 45
8 12 2 49
8 13 85 50
8 14 32 30
9 10 48 31
9 11 54 61
9 12 40 36
9 13 87 90
9 14 97 98
10 11 77 57
10 12 21 56
10 13 41 38
10 14 37 36
11 12 8 6
11 13 52 45
11 14 24 52
12 13 60 74
12 14 95 53
13 14 84 56
