17
0 1 89 80
0 2 22 33
0 3 71 73
0 4 80 82
0 5 14 25
0 6 97 94
0 7 93 92
0 8 53 53
0 9 54 60
0 10 15 22
0 11 23 31
0 12 73 63
0 13 53 48
0 14 18 22
0 15 14 21
0 16 89 77
1 2 52 49
1 3 30 30
1 4 31 26
1 5 9 8
1 6 33 42
1 7 78 67
1 8 65 68
1 9 31 36
1 10 37 40
1 11 55 48
1 12 32 31
1 13 70 61
1 14 6 16
1 15 5 14
1 16 1 12
2 3 85 77
2 4 80 81
2 5 56 52
2 6 94 88
2 7 8 20
2 8 95 95
2 9 49 52
2 10 22 27
2 11 70 67
2 12 8 16
2 13 60 57
2 14 99 85
2 15 79 68
2 16 18 24
3 4 31 34
3 5 7 16
3 6 0 6
3 7 38 41
3 8 55 56
3 9 58 59
3 10 82 79
3 11 6 6
3 12 95 87
3 13 80 73
3 14 98 96
3 15 5 18
3 16 33 40
4 5 53 47
4 6 71 70
4 7 92 85
4 8 18 19
4 9 35 31
4 10 23 35
4 11 39 43
4 12 75 71
4 13 42 38
4 14 34 33
4 15 1 13
4 16 65 65
5 6 97 86
5 7 6 17
5 8 52 58
5 9 35 31
5 10 35 44
5 11 70 72
5 12 70 61
5 13 44 44
5 14 91 91
5 15 52 48
5 16 80 69
6 7 35 41
6 8 0 11
6 9 80 70
6 10 74 67
6 11 59 52
6 12 36 33
6 13 9 9
6 14 11 10
6 15 96 83
6 16 34 32
7 8 18 20
7 9 67 71
7 10 17 17
7 11 90 90
7 12 28 35
7 13 5 11
7 14 63 69
7 15 39 47
7 16 32 33
8 9 9 11
8 10 66 63
8 11 10 12
8 12 94 80
8 13 53 52
8 14 23 21
8 15 74 64
8 16 77 66
9 10 75 73
9 11 61 63
9 12 86 81
9 13 31 28
9 14 32 37
9 15 88 89
9 16 81 79
10 11 84 80
10 12 57 55
10 13 36 34
10 14 31 31
10 15 54 58
10 16 99 92
11 12 3 18
11 13 84 78
11 14 10 17
11 15 98 85
11 16 38 43
12 13 60 65
12 14 67 67
12 15 25 31
12 16 73 69
13 14 42 39
13 15 43 47
13 16 41 37
14 15 47 42
14 16 56 60
15 16 21 23
