22
0 1 76 72
0 2 29 48
0 3 60 28
0 4 48 60
0 5 35 39
0 6 65 63
0 7 98 25
0 8 47 89
0 9 39 29
0 10 72 85
0 11 67 22
0 12 9 48
0 13 17 10
0 14 77 43
0 15 3 6
0 16 21 79
0 17 46 17
0 18 33 30
0 19 32 61
0 20 79 32
0 21 55 27
1 2 33 12
1 3 50 80
1 4 32 51
1 5 63 86
1 6 47 58
1 7 36 24
1 8 15 59
1 9 55 25
1 10 92 81
1 11 52 41
1 12 10 80
1 13 97 93
1 14 72 76
1 15 83 46
1 16 67 60
1 17 89 35
1 18 46 37
1 19 86 43
1 20 49 42
1 21 8 18
2 3 30 58
2 4 25 23
2 5 11 38
2 6 66 41
2 7 91 96
2 8 8 80
2 9 65 46
2 10 94 22
2 11 28 68
2 12 46 18
2 13 3 38
2 14 33 34
2 15 87 45
2 16 97 64
2 17 26 70
2 18 21 43
2 19 19 79
2 20 36 71
2 21 27 78
3 4 84 52
3 5 60 80
3 6 65 30
3 7 97 80
3 8 27 51
3 9 40 20
3 10 4 27
3 11 7 17
3 12 95 26
3 13 56 37
3 14 37 35
3 15 48 61
3 16 19 18
3 17 75 21
3 18 27 44
3 19 43 29
3 20 14 48
3 21 46 89
4 5 7 50
4 6 90 86
4 7 23 42
4 8 52 90
4 9 82 79
4 10 45 55
4 11 30 6
4 12 33 36
4 13 80 77
4 14 94 94
4 15 93 50
4 16 15 39
4 17 86 71
4 18 91 54
4 19 90 57
4 20 49 78
4 21 64 80
5 6 64 49
5 7 88 32
5 8 42 22
5 9 31 76
5 10 52 20
5 11 61 13
5 12 96 29
5 13 5 53
5 14 8 55
5 15 80 83
5 16 48 35
5 17 57 84
5 18 21 54
5 19 86 81
5 20 61 56
5 21 36 66
6 7 33 15
6 8 7 1
6 9 38 75
6 10 73 55
6 11 42 48
6 12 78 90
6 13 61 45
6 14 86 26
6 15 47 13
6 16 58 25
6 17 7 56
6 18 85 51
6 19 84 57
6 20 53 23
6 21 55 18
7 8 56 72
7 9 43 67
7 10 59 62
7 11 36 74
7 12 26 63
7 13 92 81
7 14 29 14
7 15 45 63
7 16 46 22
7 17 13 26
7 18 94 96
7 19 47 52
7 20 93 54
7 21 20 67
8 9 88 31
8 10 35 15
8 11 93 27
8 12 71 78
8 13 6 2
8 14 73 91
8 15 14 58
8 16 7 54
8 17 15 8
8 18 25 74
8 19 83 92
8 20 47 88
8 21 25 59
9 10 3 33
9 11 64 34
9 12 63 87
9 13 54 60
9 14 94 56
9 15 27 79
9 16 13 10
9 17 88 84
9 18 78 20
9 19 76 56
9 20 11 6
9 21 29 13
10 11 75 36
10 12 63 63
10 13 86 51
10 14 94 66
10 15 78 75
10 16 60 76
10 17 27 36
10 18 15 46
10 19 17 82
10 20 5 19
10 21 86 28
11 12 33 29
11 13 61 48
11 14 77 53
11 15 96 64
11 16 46 45
11 17 8 75
11 18 30 31
11 19 39 47
11 20 37 84
11 21 90 34
12 13 61 88
12 14 4 44
12 15 14 34
12 16 19 39
12 17 32 22
12 18 42 64
12 19 27 58
12 20 65 35
12 21 65 29
13 14 57 26
13 15 17 43
13 16 8 41
13 17 16 73
13 18 36 27
13 19 46 76
13 20 7 3
13 21 46 28
14 15 78 35
14 16 21 78
14 17 80 51
14 18 44 9
14 19 45 12
14 20 45 88
14 21 21 34
15 16 70 20
15 17 38 82
15 18 33 53
15 19 86 62
15 20 36 18
15 21 21 8
16 17 32 35
16 18 30 18
16 19 20 31
16 20 17 54
16 21 42 76
17 18 26 36
17 19 12 35
17 20 29 8
17 21 41 84
18 19 13 69
18 20 4 5
18 21 30 68
19 20 0 12
19 21 30 47
20 21 57 48
