22
0 1 19 23
0 2 56 59
0 3 54 59
0 4 31 37
0 5 45 47
0 6 48 51
0 7 74 75
0 8 18 30
0 9 30 35
0 10 49 49
0 11 13 19
0 12 25 23
0 13 71 66
0 14 52 53
0 15 93 83
0 16 7 19
0 17 38 42
0 18 3 5
0 19 0 11
0 20 30 29
0 21 32 28
1 2 50 44
1 3 31 32
1 4 45 53
1 5 61 59
1 6 2 15
1 7 70 68
1 8 93 81
1 9 57 51
1 10 11 16
1 11 73 73
1 12 64 59
1 13 41 36
1 14 58 50
1 15 47 42
1 16 54 60
1 17 27 33
1 18 41 37
1 19 14 21
1 20 78 81
1 21 81 75
2 3 36 43
2 4 70 71
2 5 54 46
2 6 40 34
2 7 21 33
2 8 6 8
2 9 33 38
2 10 6 17
2 11 26 36
2 12 22 33
2 13 28 36
2 14 94 81
2 15 51 47
2 16 46 52
2 17 40 45
2 18 36 42
2 19 3 3
2 20 36 42
2 21 92 92
3 4 82 77
3 5 79 79
3 6 48 42
3 7 30 38
3 8 84 85
3 9 58 59
3 10 6 18
3 11 57 52
3 12 50 47
3 13 2 14
3 14 91 78
3 15 97 86
3 16 57 55
3 17 42 41
3 18 6 7
3 19 90 78
3 20 14 18
3 21 85 76
4 5 38 42
4 6 79 81
4 7 34 40
4 8 26 35
4 9 83 74
4 10 98 87
4 11 24 24
4 12 7 13
4 13 88 77
4 14 2 3
4 15 54 57
4 16 81 77
4 17 75 66
4 18 17 20
4 19 89 86
4 20 38 40
4 21 94 83
5 6 44 46
5 7 45 53
5 8 4 8
5 9 79 71
5 10 20 23
5 11 30 31
5 12 0 11
5 13 28 36
5 14 71 61
5 15 73 71
5 16 40 47
5 17 62 59
5 18 53 57
5 19 0 11
5 20 41 41
5 21 54 58
6 7 74 73
6 8 28 24
6 9 99 98
6 10 86 86
6 11 14 20
6 12 89 90
6 13 0 2
6 14 50 53
6 15 93 89
6 16 11 20
6 17 78 78
6 18 13 12
6 19 5 13
6 20 93 86
6 21 70 65
7 8 82 78
7 9 74 75
7 10 50 50
7 11 91 78
7 12 17 19
7 13 57 60
7 14 12 11
7 15 11 13
7 16 24 33
7 17 25 30
7 18 55 58
7 19 75 65
7 20 39 36
7 21 49 46
8 9 45 43
8 10 82 76
8 11 34 43
8 12 29 26
8 13 68 61
8 14 37 40
8 15 51 54
8 16 97 95
8 17 78 76
8 18 44 51
8 19 89 80
8 20 25 24
8 21 30 32
9 10 19 19
9 11 97 87
9 12 58 60
9 13 72 76
9 14 21 28
9 15 80 76
9 16 0 9
9 17 72 62
9 18 15 17
9 19 85 78
9 20 95 91
9 21 57 55
10 11 95 92
10 12 35 38
10 13 32 41
10 14 61 57
10 15 63 63
10 16 87 82
10 17 79 76
10 18 21 29
10 19 46 46
10 20 85 85
10 21 6 18
11 12 47 42
11 13 59 63
11 14 40 37
11 15 69 62
11 16 91 84
11 17 96 96
11 18 9 19
11 19 61 61
11 20 72 71
11 21 38 43
12 13 19 31
12 14 86 87
12 15 62 62
12 16 27 32
12 17 81 78
12 18 98 98
12 19 93 80
12 20 52 54
12 21 69 62
13 14 4 4
13 15 52 58
13 16 49 48
13 17 27 38
13 18 48 52
13 19 75 64
13 20 96 87
13 21 92 91
14 15 83 72
14 16 16 16
14 17 77 66
14 18 71 66
14 19 46 43
14 20 62 57
14 21 58 61
15 16 5 16
15 17 95 92
15 18 23 30
15 19 98 85
15 20 83 71
15 21 49 49
16 17 35 31
16 18 61 66
16 19 12 21
16 20 52 55
16 21 9 15
17 18 62 66
17 19 12 20
17 20 52 57
17 21 33 33
18 19 26 24
18 20 35 31
18 21 12 21
19 20 9 11
19 21 52 49
20 21 89 84
