25
0 1 20 30
0 2 81 76
0 3 57 52
0 4 41 42
0 5 27 29
0 6 71 72
0 7 61 64
0 8 32 39
0 9 42 41
0 10 88 81
0 11 46 45
0 12 21 33
0 13 22 29
0 14 68 58
0 15 73 65
0 16 82 78
0 17 49 47
0 18 16 20
0 19 74 68
0 20 3 11
0 21 27 31
0 22 56 48
0 23 51 50
0 24 88 89
1 2 83 78
1 3 39 46
1 4 50 49
1 5 80 81
1 6 94 80
1 7 33 29
1 8 47 50
1 9 57 56
1 10 44 52
1 11 65 59
1 12 63 54
1 13 64 62
1 14 39 46
1 15 50 46
1 16 29 33
1 17 19 29
1 18 9 11
1 19 46 47
1 20 51 58
1 21 47 41
1 22 2 6
1 23 91 80
1 24 95 89
2 3 65 58
2 4 17 15
2 5 26 26
2 6 97 85
2 7 56 53
2 8 60 61
2 9 59 56
2 10 43 39
2 11 95 83
2 12 55 52
2 13 71 69
2 14 24 25
2 15 9 22
2 16 59 61
2 17 22 23
2 18 54 46
2 19 0 7
2 20 24 28
2 21 92 93
2 22 65 70
2 23 85 76
2 24 2 7
3 4 44 46
3 5 31 33
3 6 74 65
3 7 19 30
3 8 18 18
3 9 18 29
3 10 22 33
3 11 22 21
3 12 12 17
3 13 58 62
3 14 78 70
3 15 98 97
3 16 16 18
3 17 88 79
3 18 76 76
3 19 37 39
3 20 17 24
3 21 11 15
3 22 75 71
3 23 80 82
3 24 49 51
4 5 95 82
4 6 76 73
4 7 14 15
4 8 66 60
4 9 29 30
4 10 31 37
4 11 62 66
4 12 88 81
4 13 96 92
4 14 88 84
4 15 7 13
4 16 85 80
4 17 97 97
4 18 63 57
4 19 1 14
4 20 30 27
4 21 72 68
4 22 50 52
4 23 77 71
4 24 11 12
5 6 30 27
5 7 35 45
5 8 40 40
5 9 36 39
5 10 97 87
5 11 62 67
5 12 48 48
5 13 68 65
5 14 96 89
5 15 12 11
5 16 67 71
5 17 56 50
5 18 55 58
5 19 79 68
5 20 94 85
5 21 29 33
5 22 17 26
5 23 18 27
5 24 22 24
6 7 26 28
6 8 18 26
6 9 6 5
6 10 74 77
6 11 22 27
6 12 12 14
6 13 47 44
6 14 58 51
6 15 17 29
6 16 76 65
6 17 11 18
6 18 33 43
6 19 75 74
6 20 70 64
6 21 60 59
6 22 81 70
6 23 32 28
6 24 73 70
7 8 56 52
7 9 47 47
7 10 43 50
7 11 56 48
7 12 54 53
7 13 94 94
7 14 30 40
7 15 44 46
7 16 29 25
7 17 14 19
7 18 18 27
7 19 59 63
7 20 59 57
7 21 45 41
7 22 37 38
7 23 40 43
7 24 28 39
8 9 24 25
8 10 41 44
8 11 24 35
8 12 35 36
8 13 89 88
8 14 63 67
8 15 69 63
8 16 40 37
8 17 51 57
8 18 74 72
8 19 69 66
8 20 17 20
8 21 50 54
8 22 43 37
8 23 52 52
8 24 24 23
9 10 4 17
9 11 46 50
9 12 6 15
9 13 79 78
9 14 94 95
9 15 96 83
9 16 15 27
9 17 64 65
9 18 63 67
9 19 71 62
9 20 46 50
9 21 34 41
9 22 74 72
9 23 6 9
9 24 58 53
10 11 55 49
10 12 39 43
10 13 33 31
10 14 74 68
10 15 50 52
10 16 26 28
10 17 69 62
10 18 21 26
10 19 33 32
10 20 80 80
10 21 31 40
10 22 3 12
10 23 47 46
10 24 6 19
11 12 33 34
11 13 53 52
11 14 70 65
11 15 30 32
11 16 41 41
11 17 81 82
11 18 45 53
11 19 31 36
11 20 52 50
11 21 75 78
11 22 63 54
11 23 88 80
11 24 95 85
12 13 19 19
12 14 36 36
12 15 52 57
12 16 26 33
12 17 12 16
12 18 51 47
12 19 75 76
12 20 59 54
12 21 54 49
12 22 86 77
12 23 25 33
12 24 92 87
13 14 20 30
13 15 91 80
13 16 34 42
13 17 54 50
13 18 98 98
13 19 72 68
13 20 11 16
13 21 68 65
13 22 14 21
13 23 79 80
13 24 4 17
14 15 72 68
14 16 28 27
14 17 3 13
14 18 50 48
14 19 45 49
14 20 51 53
14 21 58 49
14 22 60 51
14 23 77 66
14 24 46 53
15 16 20 18
15 17 26 28
15 18 77 71
15 19 22 26
15 20 38 35
15 21 84 77
15 22 14 14
15 23 14 17
15 24 9 20
16 17 91 85
16 18 83 77
16 19 74 75
16 20 0 1
16 21 15 14
16 22 17 20
16 23 79 74
16 24 12 22
17 18 86 75
17 19 14 16
17 20 77 79
17 21 78 71
17 22 91 84
17 23 44 39
17 24 38 43
18 19 25 34
18 20 50 45
18 21 63 55
18 22 24 27
18 23 93 82
18 24 45 39
19 20 29 32
19 21 65 70
19 22 80 82
19 23 50 43
19 24 99 90
20 21 65 61
20 22 33 38
20 23 18 26
20 24 34 41
21 22 89 79
21 23 77 75
21 24 81 83
22 23 75 70
22 24 60 62
23 24 52 54
