30
0 1 50 44
0 2 15 15
0 3 40 37
0 4 42 51
0 5 58 53
0 6 72 75
0 7 42 43
0 8 97 90
0 9 17 24
0 10 22 22
0 11 84 86
0 12 72 71
0 13 37 45
0 14 99 92
0 15 98 89
0 16 46 50
0 17 30 28
0 18 32 28
0 19 35 30
0 20 64 60
0 21 13 18
0 22 13 17
0 23 50 54
0 24 32 31
0 25 33 42
0 26 58 57
0 27 6 17
0 28 66 65
0 29 55 47
1 2 43 50
1 3 67 70
1 4 78 72
1 5 91 86
1 6 48 48
1 7 89 76
1 8 75 73
1 9 78 80
1 10 39 47
1 11 56 53
1 12 48 50
1 13 35 40
1 14 3 15
1 15 25 25
1 16 37 43
1 17 40 35
1 18 32 42
1 19 60 59
1 20 55 48
1 21 48 49
1 22 76 78
1 23 3 8
1 24 42 46
1 25 7 17
1 26 49 49
1 27 99 96
1 28 92 79
1 29 85 86
2 3 87 79
2 4 62 62
2 5 66 59
2 6 43 41
2 7 61 62
2 8 97 86
2 9 43 51
2 10 49 43
2 11 3 10
2 12 81 69
2 13 61 61
2 14 82 77
2 15 2 15
2 16 69 69
2 17 17 18
2 18 51 56
2 19 96 91
2 20 90 91
2 21 73 73
2 22 78 81
2 23 65 61
2 24 90 83
2 25 2 15
2 26 76 66
2 27 15 17
2 28 62 60
2 29 26 29
3 4 54 49
3 5 48 50
3 6 98 86
3 7 91 89
3 8 14 16
3 9 29 30
3 10 3 4
3 11 81 80
3 12 22 21
3 13 26 22
3 14 34 36
3 15 98 83
3 16 19 28
3 17 78 68
3 18 38 40
3 19 80 74
3 20 9 17
3 21 92 88
3 22 46 46
3 23 25 27
3 24 24 22
3 25 34 30
3 26 28 38
3 27 85 73
3 28 71 60
3 29 76 69
4 5 3 4
4 6 28 32
4 7 67 61
4 8 83 76
4 9 2 7
4 10 79 72
4 11 62 56
4 12 51 56
4 13 35 38
4 14 30 36
4 15 66 58
4 16 44 52
4 17 48 53
4 18 99 86
4 19 24 34
4 20 57 53
4 21 98 88
4 22 64 62
4 23 36 41
4 24 51 55
4 25 90 77
4 26 62 57
4 27 59 54
4 28 29 36
4 29 96 94
5 6 86 83
5 7 31 27
5 8 62 67
5 9 62 62
5 10 5 5
5 11 65 64
5 12 47 40
5 13 79 77
5 14 30 30
5 15 83 85
5 16 42 50
5 17 84 79
5 18 75 66
5 19 64 68
5 20 88 80
5 21 77 79
5 22 98 84
5 23 94 84
5 24 16 25
5 25 61 63
5 26 53 51
5 27 51 48
5 28 53 54
5 29 23 23
6 7 99 99
6 8 31 34
6 9 10 11
6 10 97 97
6 11 52 57
6 12 6 11
6 13 53 52
6 14 82 83
6 15 23 24
6 16 38 44
6 17 91 89
6 18 86 78
6 19 90 82
6 20 50 50
6 21 46 53
6 22 8 11
6 23 21 21
6 24 27 31
6 25 10 14
6 26 46 42
6 27 0 0
6 28 59 52
6 29 1 5
7 8 25 30
7 9 25 32
7 10 18 28
7 11 64 67
7 12 18 20
7 13 31 36
7 14 57 51
7 15 19 30
7 16 18 16
7 17 85 72
7 18 29 29
7 19 48 45
7 20 96 85
7 21 77 78
7 22 46 49
7 23 85 73
7 24 17 22
7 25 80 75
7 26 66 70
7 27 62 64
7 28 57 60
7 29 4 16
8 9 47 46
8 10 95 90
8 11 70 71
8 12 99 84
8 13 92 87
8 14 96 86
8 15 10 9
8 16 95 86
8 17 51 43
8 18 4 10
8 19 80 77
8 20 96 90
8 21 17 25
8 22 62 55
8 23 61 67
8 24 73 71
8 25 17 22
8 26 11 13
8 27 42 47
8 28 37 35
8 29 47 49
9 10 68 60
9 11 76 79
9 12 19 23
9 13 81 75
9 14 81 73
9 15 98 95
9 16 0 13
9 17 49 52
9 18 1 7
9 19 63 55
9 20 80 77
9 21 48 55
9 22 39 42
9 23 51 52
9 24 79 80
9 25 17 18
9 26 77 76
9 27 54 47
9 28 0 3
9 29 19 29
10 11 90 89
10 12 11 15
10 13 0 9
10 14 17 29
10 15 26 27
10 16 0 1
10 17 55 57
10 18 4 13
10 19 88 85
10 20 47 40
10 21 26 27
10 22 95 86
10 23 31 29
10 24 52 55
10 25 41 42
10 26 79 68
10 27 64 59
10 28 98 94
10 29 29 36
11 12 59 64
11 13 52 52
11 14 87 78
11 15 13 13
11 16 70 69
11 17 9 15
11 18 10 9
11 19 89 84
11 20 25 24
11 21 71 62
11 22 29 28
11 23 16 17
11 24 25 25
11 25 67 70
11 26 42 39
11 27 69 60
11 28 72 75
11 29 54 50
12 13 69 66
12 14 21 18
12 15 99 96
12 16 52 56
12 17 4 8
12 18 53 56
12 19 28 29
12 20 83 79
12 21 59 59
12 22 35 45
12 23 76 73
12 24 81 83
12 25 78 66
12 26 28 29
12 27 82 71
12 28 29 32
12 29 82 82
13 14 11 10
13 15 26 30
13 16 36 43
13 17 32 42
13 18 38 43
13 19 25 22
13 20 24 28
13 21 50 51
13 22 31 28
13 23 32 39
13 24 98 93
13 25 97 95
13 26 3 13
13 27 70 60
13 28 66 64
13 29 13 20
14 15 12 22
14 16 14 14
14 17 24 26
14 18 96 93
14 19 58 50
14 20 95 92
14 21 65 58
14 22 5 11
14 23 91 79
14 24 6 18
14 25 26 29
14 26 81 82
14 27 53 59
14 28 72 71
14 29 21 31
15 16 12 18
15 17 70 71
15 18 34 41
15 19 35 35
15 20 12 16
15 21 90 86
15 22 95 91
15 23 76 66
15 24 65 65
15 25 95 87
15 26 64 63
15 27 70 62
15 28 17 24
15 29 73 63
16 17 7 10
16 18 31 36
16 19 58 57
16 20 3 8
16 21 89 84
16 22 13 21
16 23 35 42
16 24 48 44
16 25 19 31
16 26 52 57
16 27 40 37
16 28 87 80
16 29 22 19
17 18 25 25
17 19 50 46
17 20 70 62
17 21 6 10
17 22 71 63
17 23 36 36
17 24 36 33
17 25 5 12
17 26 57 62
17 27 83 78
17 28 77 76
17 29 17 17
18 19 68 72
18 20 25 23
18 21 53 59
18 22 24 30
18 23 54 55
18 24 17 26
18 25 20 30
18 26 95 90
18 27 0 1
18 28 39 41
18 29 1 16
19 20 0 0
19 21 70 62
19 22 61 64
19 23 92 86
19 24 17 18
19 25 74 74
19 26 53 55
19 27 74 71
19 28 64 56
19 29 73 72
20 21 70 68
20 22 62 57
20 23 22 33
20 24 85 80
20 25 89 81
20 26 37 45
20 27 90 83
20 28 29 28
20 29 32 32
21 22 19 25
21 23 55 47
21 24 67 61
21 25 9 10
21 26 4 16
21 27 6 20
21 28 34 29
21 29 7 10
22 23 20 19
22 24 75 66
22 25 10 13
22 26 27 25
22 27 26 34
22 28 78 67
22 29 43 51
23 24 16 14
23 25 13 20
23 26 9 11
23 27 56 55
23 28 31 40
23 29 98 84
24 25 30 29
24 26 98 97
24 27 65 61
24 28 53 48
24 29 47 47
25 26 37 46
25 27 62 66
25 28 9 8
25 29 10 22
26 27 97 84
26 28 88 82
26 29 41 38
27 28 22 32
27 29 40 38
28 29 0 11
