30
0 1 29 32
0 2 51 68
0 3 18 47
0 4 75 46
0 5 28 26
0 6 80 45
0 7 53 42
0 8 36 36
0 9 21 26
0 10 33 62
0 11 61 56
0 12 88 55
0 13 59 64
0 14 10 32
0 15 76 58
0 16 27 40
0 17 7 19
0 18 45 41
0 19 73 69
0 20 10 42
0 21 96 50
0 22 0 48
0 23 55 54
0 24 95 48
0 25 4 22
0 26 25 42
0 27 31 22
0 28 69 43
0 29 94 52
1 2 23 30
1 3 70 51
1 4 62 63
1 5 53 73
1 6 60 68
1 7 59 78
1 8 79 48
1 9 0 13
1 10 75 45
1 11 42 62
1 12 22 17
1 13 47 68
1 14 81 44
1 15 10 41
1 16 95 71
1 17 48 65
1 18 44 33
1 19 10 12
1 20 55 37
1 21 24 26
1 22 89 57
1 23 64 64
1 24 43 29
1 25 29 24
1 26 75 66
1 27 80 72
1 28 46 53
1 29 99 78
2 3 70 81
2 4 30 15
2 5 74 70
2 6 24 33
2 7 52 31
2 8 20 48
2 9 81 60
2 10 96 63
2 11 25 37
2 12 48 67
2 13 64 56
2 14 50 36
2 15 48 25
2 16 81 66
2 17 96 59
2 18 74 70
2 19 26 60
2 20 48 55
2 21 87 67
2 22 89 91
2 23 63 46
2 24 66 64
2 25 21 56
2 26 18 18
2 27 22 11
2 28 76 76
2 29 9 7
3 4 98 80
3 5 23 57
3 6 29 17
3 7 18 18
3 8 59 33
3 9 83 80
3 10 64 59
3 11 28 25
3 12 26 58
3 13 80 57
3 14 70 53
3 15 94 69
3 16 77 84
3 17 67 64
3 18 29 47
3 19 13 45
3 20 69 59
3 21 76 80
3 22 33 38
3 23 12 47
3 24 40 40
3 25 66 81
3 26 77 63
3 27 62 62
3 28 86 66
3 29 15 51
4 5 71 62
4 6 72 77
4 7 40 31
4 8 52 56
4 9 19 49
4 10 38 21
4 11 32 66
4 12 33 60
4 13 58 74
4 14 66 58
4 15 41 68
4 16 49 64
4 17 16 47
4 18 71 77
4 19 93 66
4 20 52 41
4 21 43 55
4 22 43 70
4 23 19 24
4 24 2 26
4 25 4 36
4 26 95 83
4 27 53 73
4 28 10 51
4 29 79 65
5 6 1 40
5 7 41 57
5 8 78 46
5 9 74 49
5 10 15 8
5 11 19 13
5 12 55 58
5 13 97 54
5 14 83 66
5 15 69 54
5 16 71 84
5 17 30 38
5 18 77 79
5 19 46 38
5 20 96 78
5 21 92 70
5 22 77 84
5 23 0 20
5 24 77 48
5 25 79 43
5 26 0 27
5 27 92 52
5 28 99 68
5 29 63 67
6 7 4 7
6 8 25 46
6 9 29 28
6 10 12 44
6 11 29 50
6 12 90 71
6 13 75 71
6 14 86 43
6 15 63 47
6 16 87 61
6 17 30 37
6 18 10 8
6 19 44 57
6 20 88 44
6 21 40 37
6 22 83 56
6 23 87 82
6 24 24 51
6 25 23 52
6 26 62 48
6 27 89 68
6 28 0 24
6 29 88 77
7 8 31 58
7 9 29 29
7 10 59 55
7 11 1 35
7 12 54 67
7 13 14 20
7 14 77 68
7 15 10 36
7 16 15 22
7 17 18 9
7 18 49 38
7 19 20 43
7 20 61 57
7 21 63 40
7 22 1 14
7 23 62 42
7 24 8 23
7 25 28 59
7 26 52 62
7 27 90 93
7 28 87 50
7 29 32 62
8 9 65 71
8 10 69 53
8 11 33 54
8 12 81 43
8 13 36 45
8 14 60 64
8 15 43 66
8 16 87 58
8 17 80 78
8 18 54 73
8 19 38 63
8 20 92 80
8 21 17 57
8 22 67 63
8 23 58 66
8 24 66 59
8 25 2 22
8 26 82 70
8 27 23 35
8 28 76 55
8 29 61 59
9 10 39 63
9 11 75 78
9 12 71 69
9 13 89 58
9 14 37 46
9 15 43 40
9 16 60 61
9 17 79 63
9 18 86 78
9 19 16 36
9 20 32 20
9 21 5 43
9 22 68 63
9 23 4 33
9 24 47 49
9 25 59 34
9 26 84 77
9 27 8 36
9 28 14 9
9 29 55 56
10 11 70 79
10 12 51 46
10 13 15 26
10 14 31 34
10 15 57 37
10 16 59 66
10 17 40 23
10 18 83 69
10 19 11 26
10 20 1 15
10 21 15 8
10 22 92 86
10 23 8 52
10 24 35 35
10 25 62 52
10 26 26 52
10 27 72 82
10 28 60 60
10 29 70 42
11 12 88 50
11 13 30 27
11 14 29 59
11 15 91 75
11 16 85 91
11 17 14 39
11 18 27 43
11 19 83 54
11 20 67 75
11 21 86 91
11 22 56 58
11 23 31 57
11 24 82 67
11 25 60 42
11 26 80 72
11 27 74 81
11 28 1 36
11 29 19 12
12 13 70 37
12 14 36 59
12 15 29 46
12 16 51 55
12 17 18 44
12 18 22 49
12 19 72 47
12 20 4 10
12 21 80 62
12 22 25 28
12 23 12 24
12 24 3 24
12 25 67 70
12 26 93 67
12 27 12 47
12 28 52 71
12 29 7 10
13 14 61 65
13 15 30 41
13 16 40 22
13 17 77 76
13 18 7 17
13 19 17 50
13 20 64 47
13 21 80 57
13 22 48 60
13 23 27 47
13 24 99 80
13 25 36 67
13 26 41 69
13 27 34 40
13 28 83 71
13 29 26 37
14 15 92 51
14 16 32 24
14 17 63 55
14 18 9 43
14 19 43 30
14 20 68 60
14 21 66 37
14 22 61 45
14 23 66 57
14 24 86 90
14 25 88 61
14 26 66 73
14 27 32 32
14 28 39 54
14 29 93 61
15 16 57 73
15 17 60 70
15 18 43 28
15 19 84 48
15 20 89 44
15 21 75 58
15 22 8 46
15 23 68 39
15 24 3 27
15 25 41 63
15 26 81 64
15 27 61 53
15 28 21 53
15 29 96 73
16 17 70 64
16 18 70 65
16 19 87 92
16 20 53 27
16 21 33 31
16 22 36 23
16 23 6 46
16 24 11 38
16 25 18 41
16 26 88 66
16 27 88 90
16 28 5 19
16 29 27 61
17 18 22 31
17 19 20 46
17 20 62 51
17 21 40 63
17 22 14 53
17 23 43 41
17 24 71 47
17 25 82 51
17 26 66 50
17 27 98 97
17 28 88 67
17 29 5 41
18 19 51 39
18 20 68 68
18 21 39 54
18 22 24 21
18 23 45 29
18 24 99 93
18 25 57 34
18 26 88 72
18 27 81 49
18 28 89 80
18 29 46 28
19 20 88 84
19 21 24 24
19 22 63 78
19 23 25 61
19 24 99 96
19 25 71 50
19 26 50 25
19 27 61 66
19 28 28 15
19 29 71 36
20 21 51 66
20 22 9 48
20 23 61 53
20 24 49 71
20 25 45 64
20 26 31 42
20 27 74 54
20 28 74 52
20 29 18 43
21 22 12 51
21 23 8 26
21 24 74 44
21 25 49 27
21 26 58 63
21 27 47 28
21 28 16 57
21 29 23 20
22 23 55 29
22 24 94 59
22 25 31 21
22 26 11 16
22 27 24 25
22 28 93 47
22 29 82 41
23 24 17 44
23 25 97 68
23 26 94 54
23 27 58 30
23 28 51 41
23 29 2 49
24 25 81 80
24 26 39 20
24 27 87 90
24 28 85 75
24 29 83 73
25 26 26 47
25 27 45 29
25 28 16 17
25 29 11 19
26 27 50 34
26 28 45 25
26 29 5 37
27 28 3 5
27 29 90 66
28 29 22 50
