33
0 1 65 58
0 2 7 17
0 3 57 49
0 4 93 83
0 5 99 98
0 6 48 51
0 7 8 11
0 8 80 77
0 9 55 54
0 10 39 34
0 11 4 14
0 12 74 68
0 13 21 26
0 14 17 25
0 15 63 58
0 16 57 54
0 17 99 93
0 18 45 40
0 19 71 69
0 20 76 76
0 21 64 57
0 22 0 1
0 23 34 33
0 24 40 40
0 25 71 62
0 26 7 20
0 27 23 28
0 28 51 49
0 29 27 25
0 30 41 37
0 31 97 95
0 32 60 55
1 2 37 36
1 3 87 76
1 4 2 6
1 5 82 83
1 6 75 72
1 7 90 91
1 8 6 16
1 9 79 81
1 10 50 45
1 11 23 32
1 12 72 76
1 13 19 19
1 14 83 77
1 15 26 34
1 16 6 14
1 17 22 22
1 18 20 24
1 19 71 60
1 20 52 58
1 21 27 33
1 22 96 87
1 23 95 88
1 24 63 67
1 25 72 72
1 26 29 38
1 27 58 57
1 28 11 14
1 29 15 16
1 30 12 16
1 31 0 7
1 32 39 36
2 3 67 67
2 4 71 67
2 5 54 46
2 6 97 83
2 7 77 73
2 8 84 82
2 9 23 31
2 10 76 71
2 11 91 92
2 12 94 81
2 13 57 51
2 14 98 92
2 15 3 8
2 16 96 94
2 17 84 84
2 18 89 76
2 19 31 32
2 20 81 72
2 21 92 85
2 22 91 78
2 23 74 73
2 24 38 44
2 25 46 49
2 26 69 66
2 27 38 35
2 28 11 23
2 29 99 95
2 30 18 29
2 31 79 74
2 32 84 76
3 4 71 69
3 5 8 21
3 6 66 58
3 7 99 95
3 8 4 11
3 9 61 64
3 10 53 55
3 11 3 10
3 12 89 88
3 13 1 7
3 14 35 40
3 15 48 55
3 16 38 39
3 17 9 8
3 18 57 56
3 19 66 62
3 20 27 26
3 21 71 75
3 22 79 76
3 23 44 48
3 24 58 56
3 25 95 88
3 26 95 92
3 27 2 10
3 28 87 76
3 29 87 75
3 30 15 26
3 31 69 63
3 32 69 67
4 5 93 80
4 6 27 23
4 7 42 46
4 8 46 50
4 9 7 16
4 10 22 19
4 11 98 89
4 12 95 94
4 13 67 57
4 14 17 14
4 15 34 33
4 16 21 29
4 17 13 22
4 18 58 53
4 19 95 92
4 20 32 32
4 21 27 30
4 22 47 47
4 23 18 18
4 24 13 12
4 25 10 17
4 26 54 58
4 27 4 15
4 28 56 48
4 29 4 8
4 30 52 52
4 31 87 76
4 32 97 87
5 6 97 85
5 7 57 55
5 8 47 40
5 9 59 51
5 10 21 26
5 11 74 77
5 12 66 68
5 13 4 6
5 14 10 23
5 15 84 84
5 16 20 19
5 17 86 86
5 18 99 99
5 19 94 93
5 20 92 90
5 21 6 6
5 22 96 91
5 23 55 53
5 24 18 23
5 25 11 23
5 26 81 81
5 27 48 49
5 28 25 22
5 29 23 29
5 30 96 82
5 31 49 52
5 32 40 38
6 7 72 72
6 8 99 86
6 9 8 9
6 10 97 97
6 11 63 62
6 12 65 61
6 13 49 52
6 14 77 75
6 15 68 63
6 16 99 95
6 17 36 31
6 18 84 84
6 19 52 47
6 20 25 27
6 21 24 25
6 22 35 31
6 23 58 61
6 24 88 81
6 25 16 23
6 26 50 44
6 27 86 80
6 28 79 72
6 29 49 44
6 30 5 5
6 31 31 40
6 32 75 74
7 8 62 57
7 9 16 18
7 10 32 28
7 11 60 62
7 12 41 45
7 13 46 48
7 14 75 68
7 15 36 45
7 16 26 24
7 17 9 21
7 18 51 55
7 19 2 8
7 20 38 33
7 21 29 31
7 22 75 69
7 23 13 20
7 24 25 34
7 25 66 62
7 26 59 51
7 27 31 30
7 28 17 27
7 29 74 71
7 30 92 80
7 31 86 88
7 32 7 18
8 9 41 36
8 10 67 69
8 11 34 29
8 12 48 52
8 13 42 42
8 14 91 83
8 15 57 53
8 16 57 49
8 17 24 22
8 18 18 20
8 19 81 75
8 20 59 57
8 21 28 26
8 22 24 28
8 23 73 74
8 24 84 82
8 25 10 9
8 26 51 53
8 27 47 43
8 28 29 25
8 29 70 62
8 30 86 81
8 31 1 1
8 32 81 75
9 10 87 88
9 11 50 54
9 12 88 77
9 13 75 68
9 14 4 8
9 15 61 54
9 16 53 57
9 17 22 28
9 18 35 36
9 19 25 31
9 20 43 43
9 21 29 26
9 22 77 67
9 23 42 43
9 24 83 85
9 25 25 21
9 26 86 74
9 27 48 44
9 28 70 69
9 29 82 83
9 30 8 13
9 31 22 26
9 32 10 22
10 11 80 72
10 12 85 80
10 13 73 71
10 14 72 76
10 15 54 60
10 16 5 10
10 17 27 24
10 18 1 2
10 19 16 20
10 20 21 23
10 21 6 19
10 22 47 48
10 23 47 53
10 24 69 64
10 25 65 61
10 26 59 64
10 27 85 77
10 28 70 74
10 29 57 61
10 30 75 67
10 31 3 7
10 32 82 70
11 12 97 88
11 13 72 70
11 14 94 81
11 15 12 15
11 16 97 93
11 17 31 36
11 18 23 30
11 19 97 85
11 20 61 60
11 21 97 83
11 22 90 82
11 23 12 19
11 24 36 45
11 25 18 21
11 26 62 62
11 27 96 90
11 28 23 30
11 29 58 52
11 30 24 34
11 31 27 37
11 32 15 27
12 13 36 42
12 14 58 55
12 15 48 41
12 16 64 56
12 17 93 92
12 18 3 11
12 19 54 56
12 20 19 21
12 21 4 9
12 22 90 76
12 23 75 78
12 24 31 32
12 25 52 56
12 26 51 56
12 27 26 24
12 28 9 15
12 29 24 34
12 30 67 72
12 31 1 10
12 32 22 33
13 14 21 20
13 15 11 15
13 16 28 32
13 17 90 78
13 18 59 60
13 19 33 42
13 20 33 28
13 21 18 21
13 22 13 23
13 23 45 39
13 24 29 39
13 25 2 11
13 26 22 27
13 27 38 36
13 28 14 20
13 29 43 50
13 30 30 27
13 31 27 34
13 32 56 55
14 15 19 17
14 16 9 14
14 17 99 94
14 18 21 20
14 19 28 30
14 20 71 69
14 21 76 68
14 22 54 55
14 23 29 33
14 24 70 67
14 25 76 75
14 26 70 69
14 27 76 64
14 28 3 17
14 29 80 78
14 30 99 97
14 31 17 28
14 32 69 66
15 16 88 86
15 17 92 91
15 18 95 81
15 19 42 45
15 20 62 54
15 21 58 55
15 22 54 51
15 23 87 75
15 24 71 66
15 25 51 50
15 26 56 57
15 27 14 21
15 28 82 84
15 29 80 73
15 30 15 24
15 31 90 88
15 32 24 32
16 17 47 43
16 18 31 39
16 19 51 47
16 20 63 63
16 21 95 96
16 22 20 20
16 23 12 13
16 24 41 41
16 25 86 77
16 26 47 46
16 27 7 20
16 28 65 61
16 29 37 40
16 30 94 92
16 31 24 29
16 32 18 27
17 18 73 75
17 19 30 31
17 20 51 55
17 21 97 97
17 22 20 17
17 23 8 17
17 24 33 35
17 25 46 42
17 26 3 10
17 27 19 18
17 28 76 69
17 29 55 59
17 30 73 74
17 31 18 23
17 32 15 15
18 19 14 26
18 20 44 41
18 21 57 55
18 22 17 29
18 23 19 30
18 24 84 74
18 25 24 23
18 26 80 74
18 27 40 46
18 28 50 53
18 29 18 21
18 30 10 14
18 31 64 69
18 32 74 75
19 20 65 66
19 21 53 52
19 22 14 18
19 23 77 72
19 24 94 86
19 25 63 58
19 26 3 16
19 27 25 24
19 28 61 67
19 29 58 61
19 30 19 26
19 31 64 69
19 32 69 60
20 21 90 88
20 22 0 12
20 23 18 22
20 24 59 51
20 25 38 45
20 26 98 93
20 27 98 95
20 28 55 57
20 29 89 89
20 30 84 75
20 31 64 68
20 32 11 18
21 22 64 63
21 23 75 70
21 24 60 60
21 25 31 35
21 26 53 48
21 27 1 10
21 28 40 38
21 29 23 31
21 30 66 66
21 31 46 48
21 32 57 54
22 23 64 69
22 24 69 65
22 25 98 91
22 26 12 17
22 27 70 62
22 28 91 87
22 29 41 38
22 30 88 86
22 31 24 23
22 32 48 51
23 24 81 82
23 25 81 83
23 26 86 83
23 27 96 91
23 28 10 14
23 29 82 82
23 30 3 11
23 31 57 59
23 32 7 15
24 25 66 60
24 26 98 88
24 27 79 75
24 28 68 70
24 29 97 93
24 30 20 18
24 31 38 41
24 32 92 85
25 26 5 17
25 27 45 41
25 28 58 64
25 29 1 10
25 30 39 39
25 31 41 43
25 32 6 5
26 27 45 52
26 28 29 27
26 29 51 55
26 30 51 58
26 31 19 27
26 32 77 68
27 28 75 77
27 29 94 92
27 30 15 18
27 31 26 23
27 32 23 22
28 29 16 28
28 30 89 76
28 31 45 47
28 32 42 48
29 30 87 89
29 31 48 48
29 32 23 22
30 31 92 91
30 32 22 20
31 32 11 19
