33
0 1 44 49
0 2 43 45
0 3 35 33
0 4 76 60
0 5 18 58
0 6 6 50
0 7 19 42
0 8 69 46
0 9 59 57
0 10 0 19
0 11 81 88
0 12 90 70
0 13 93 87
0 14 27 48
0 15 40 25
0 16 36 24
0 17 25 36
0 18 56 37
0 19 7 27
0 20 20 42
0 21 45 24
0 22 35 43
0 23 37 31
0 24 0 43
0 25 38 41
0 26 19 20
0 27 95 78
0 28 99 89
0 29 62 69
0 30 66 45
0 31 93 78
0 32 86 91
1 2 90 83
1 3 39 34
1 4 10 13
1 5 21 43
1 6 79 70
1 7 4 9
1 8 64 62
1 9 18 59
1 10 68 64
1 11 94 91
1 12 87 85
1 13 39 59
1 14 78 87
1 15 46 36
1 16 78 87
1 17 0 34
1 18 69 71
1 19 93 66
1 20 92 93
1 21 11 20
1 22 87 46
1 23 55 34
1 24 17 17
1 25 10 50
1 26 55 33
1 27 46 66
1 28 83 76
1 29 29 35
1 30 50 32
1 31 38 48
1 32 81 77
2 3 68 54
2 4 39 62
2 5 5 11
2 6 85 58
2 7 61 59
2 8 35 27
2 9 73 37
2 10 92 78
2 11 61 38
2 12 76 63
2 13 24 59
2 14 43 24
2 15 12 30
2 16 77 81
2 17 17 12
2 18 32 62
2 19 92 67
2 20 90 93
2 21 19 32
2 22 91 72
2 23 92 90
2 24 79 44
2 25 69 83
2 26 72 84
2 27 43 59
2 28 28 27
2 29 13 27
2 30 27 19
2 31 19 9
2 32 28 14
3 4 37 49
3 5 12 53
3 6 95 54
3 7 90 77
3 8 82 67
3 9 35 39
3 10 82 69
3 11 98 75
3 12 74 58
3 13 73 65
3 14 71 58
3 15 94 50
3 16 84 74
3 17 55 41
3 18 84 68
3 19 89 92
3 20 3 3
3 21 16 28
3 22 21 52
3 23 35 54
3 24 51 35
3 25 62 34
3 26 46 50
3 27 75 57
3 28 19 38
3 29 22 47
3 30 13 46
3 31 6 45
3 32 27 52
4 5 96 77
4 6 42 34
4 7 2 8
4 8 89 89
4 9 98 62
4 10 19 58
4 11 35 34
4 12 81 47
4 13 40 53
4 14 11 27
4 15 67 51
4 16 81 41
4 17 27 32
4 18 98 74
4 19 78 50
4 20 22 29
4 21 16 28
4 22 49 42
4 23 24 48
4 24 57 75
4 25 70 54
4 26 99 73
4 27 96 95
4 28 22 19
4 29 25 28
4 30 80 58
4 31 7 42
4 32 28 54
5 6 58 51
5 7 2 8
5 8 89 93
5 9 14 33
5 10 21 46
5 11 13 12
5 12 78 42
5 13 16 27
5 14 44 28
5 15 98 93
5 16 60 54
5 17 70 38
5 18 40 56
5 19 37 19
5 20 43 34
5 21 84 73
5 22 60 50
5 23 49 24
5 24 72 82
5 25 48 24
5 26 26 56
5 27 30 28
5 28 19 37
5 29 62 79
5 30 61 78
5 31 10 28
5 32 32 16
6 7 53 49
6 8 52 35
6 9 37 39
6 10 36 50
6 11 8 32
6 12 55 62
6 13 66 58
6 14 57 51
6 15 48 74
6 16 54 65
6 17 53 65
6 18 62 63
6 19 25 50
6 20 40 45
6 21 68 39
6 22 81 86
6 23 19 45
6 24 20 18
6 25 28 39
6 26 27 21
6 27 78 42
6 28 30 55
6 29 57 36
6 30 8 25
6 31 8 46
6 32 89 88
7 8 70 47
7 9 14 52
7 10 81 81
7 11 82 66
7 12 50 73
7 13 38 33
7 14 97 68
7 15 65 68
7 16 79 71
7 17 46 72
7 18 21 14
7 19 72 37
7 20 55 60
7 21 20 59
7 22 20 45
7 23 12 27
7 24 55 41
7 25 77 42
7 26 18 43
7 27 45 29
7 28 42 66
7 29 27 37
7 30 22 33
7 31 55 77
7 32 53 61
8 9 94 75
8 10 9 51
8 11 56 46
8 12 43 58
8 13 79 61
8 14 53 52
8 15 36 27
8 16 42 26
8 17 53 54
8 18 51 68
8 19 88 79
8 20 2 42
8 21 90 54
8 22 19 13
8 23 67 45
8 24 81 49
8 25 82 41
8 26 44 32
8 27 21 17
8 28 34 31
8 29 3 25
8 30 42 65
8 31 4 25
8 32 70 80
9 10 56 44
9 11 9 19
9 12 71 81
9 13 70 43
9 14 29 38
9 15 3 50
9 16 46 30
9 17 52 37
9 18 32 34
9 19 41 49
9 20 24 55
9 21 59 58
9 22 0 16
9 23 83 66
9 24 50 27
9 25 54 55
9 26 48 40
9 27 21 36
9 28 74 42
9 29 99 69
9 30 15 38
9 31 90 77
9 32 3 29
10 11 38 29
10 12 39 55
10 13 28 33
10 14 40 31
10 15 77 54
10 16 82 78
10 17 60 53
10 18 81 44
10 19 1 19
10 20 30 56
10 21 40 23
10 22 0 40
10 23 41 67
10 24 65 41
10 25 19 50
10 26 55 61
10 27 5 30
10 28 11 54
10 29 96 54
10 30 21 50
10 31 85 87
10 32 72 51
11 12 32 33
11 13 20 20
11 14 85 84
11 15 49 63
11 16 85 66
11 17 93 62
11 18 90 87
11 19 66 66
11 20 23 46
11 21 2 15
11 22 41 23
11 23 70 60
11 24 29 31
11 25 95 67
11 26 50 46
11 27 55 57
11 28 91 75
11 29 60 44
11 30 92 58
11 31 29 47
11 32 70 71
12 13 59 74
12 14 59 79
12 15 92 87
12 16 12 36
12 17 25 21
12 18 43 48
12 19 63 59
12 20 6 18
12 21 57 36
12 22 89 59
12 23 35 21
12 24 14 46
12 25 12 37
12 26 79 54
12 27 99 78
12 28 67 78
12 29 73 60
12 30 83 71
12 31 22 52
12 32 92 91
13 14 34 27
13 15 19 10
13 16 76 57
13 17 0 8
13 18 41 53
13 19 56 63
13 20 34 37
13 21 36 67
13 22 55 43
13 23 21 19
13 24 3 33
13 25 62 56
13 26 57 76
13 27 81 81
13 28 46 55
13 29 78 47
13 30 21 54
13 31 38 61
13 32 36 22
14 15 72 84
14 16 35 34
14 17 61 32
14 18 64 49
14 19 57 36
14 20 19 22
14 21 50 28
14 22 18 19
14 23 94 88
14 24 64 63
14 25 48 46
14 26 40 20
14 27 74 49
14 28 68 45
14 29 1 14
14 30 71 80
14 31 21 58
14 32 7 35
15 16 64 57
15 17 27 41
15 18 54 74
15 19 65 55
15 20 64 78
15 21 12 38
15 22 68 66
15 23 13 44
15 24 93 77
15 25 86 70
15 26 14 55
15 27 14 21
15 28 23 46
15 29 13 50
15 30 20 56
15 31 5 11
15 32 34 30
16 17 62 31
16 18 12 49
16 19 32 28
16 20 42 21
16 21 35 25
16 22 77 39
16 23 15 10
16 24 89 58
16 25 75 66
16 26 41 32
16 27 87 67
16 28 85 80
16 29 57 32
16 30 9 37
16 31 6 50
16 32 75 81
17 18 72 79
17 19 61 33
17 20 6 25
17 21 21 53
17 22 74 84
17 23 78 58
17 24 29 17
17 25 12 6
17 26 41 56
17 27 32 25
17 28 6 3
17 29 79 70
17 30 68 52
17 31 82 83
17 32 53 26
18 19 44 43
18 20 68 81
18 21 57 36
18 22 54 37
18 23 95 66
18 24 57 69
18 25 55 67
18 26 79 81
18 27 5 4
18 28 75 86
18 29 74 44
18 30 90 49
18 31 79 63
18 32 50 66
19 20 10 45
19 21 35 58
19 22 97 63
19 23 58 77
19 24 24 43
19 25 17 36
19 26 11 40
19 27 85 76
19 28 67 81
19 29 69 59
19 30 34 44
19 31 94 90
19 32 56 29
20 21 98 97
20 22 91 94
20 23 15 13
20 24 24 45
20 25 63 76
20 26 0 24
20 27 93 91
20 28 96 57
20 29 5 6
20 30 79 65
20 31 72 41
20 32 64 36
21 22 61 55
21 23 38 52
21 24 71 48
21 25 49 57
21 26 52 30
21 27 30 58
21 28 94 85
21 29 78 41
21 30 81 58
21 31 60 69
21 32 42 46
22 23 43 64
22 24 74 61
22 25 22 27
22 26 53 67
22 27 37 22
22 28 8 32
22 29 62 61
22 30 54 76
22 31 83 77
22 32 41 57
23 24 42 23
23 25 13 30
23 26 15 15
23 27 51 72
23 28 13 41
23 29 97 53
23 30 9 30
23 31 29 38
23 32 28 56
24 25 71 79
24 26 18 40
24 27 9 18
24 28 15 56
24 29 86 91
24 30 75 70
24 31 13 12
24 32 94 50
25 26 97 60
25 27 1 1
25 28 70 81
25 29 44 50
25 30 66 43
25 31 13 35
25 32 5 34
26 27 99 61
26 28 30 58
26 29 8 30
26 30 96 57
26 31 46 61
26 32 43 43
27 28 28 16
27 29 43 66
27 30 1 4
27 31 19 15
27 32 47 59
28 29 98 80
28 30 71 60
28 31 73 80
28 32 36 31
29 30 87 45
29 31 99 53
29 32 89 79
30 31 69 57
30 32 54 72
31 32 30 54
