35
0 1 80 79
0 2 48 43
0 3 23 29
0 4 93 93
0 5 88 89
0 6 22 30
0 7 72 62
0 8 10 20
0 9 91 87
0 10 4 13
0 11 21 20
0 12 71 62
0 13 51 56
0 14 79 79
0 15 71 70
0 16 58 63
0 17 7 16
0 18 95 89
0 19 42 41
0 20 71 69
0 21 93 94
0 22 62 59
0 23 39 36
0 24 13 19
0 25 68 67
0 26 6 7
0 27 84 78
0 28 18 26
0 29 20 19
0 30 45 46
0 31 65 67
0 32 59 52
0 33 76 68
0 34 40 41
1 2 43 47
1 3 76 73
1 4 60 59
1 5 68 58
1 6 11 15
1 7 81 74
1 8 82 75
1 9 35 31
1 10 12 24
1 11 64 55
1 12 71 62
1 13 5 16
1 14 23 24
1 15 33 38
1 16 33 38
1 17 64 55
1 18 97 89
1 19 25 22
1 20 12 21
1 21 97 93
1 22 94 81
1 23 70 59
1 24 32 29
1 25 66 65
1 26 88 88
1 27 19 22
1 28 6 16
1 29 14 19
1 30 2 15
1 31 47 47
1 32 88 81
1 33 71 70
1 34 71 63
2 3 49 51
2 4 73 67
2 5 55 54
2 6 77 68
2 7 22 30
2 8 25 24
2 9 98 95
2 10 6 17
2 11 22 27
2 12 49 48
2 13 11 11
2 14 42 46
2 15 76 72
2 16 76 66
2 17 41 37
2 18 96 83
2 19 53 54
2 20 11 20
2 21 64 58
2 22 82 79
2 23 98 86
2 24 77 69
2 25 9 16
2 26 13 15
2 27 96 96
2 28 72 64
2 29 46 50
2 30 63 58
2 31 13 15
2 32 67 71
2 33 97 95
2 34 52 46
3 4 5 16
3 5 12 19
3 6 49 52
3 7 41 44
3 8 11 23
3 9 59 54
3 10 92 80
3 11 31 41
3 12 26 29
3 13 89 90
3 14 61 66
3 15 20 24
3 16 42 44
3 17 69 73
3 18 97 89
3 19 80 76
3 20 30 32
3 21 9 10
3 22 2 5
3 23 5 16
3 24 96 96
3 25 86 78
3 26 87 80
3 27 95 92
3 28 83 85
3 29 98 98
3 30 2 3
3 31 9 16
3 32 86 76
3 33 31 34
3 34 96 88
4 5 86 83
4 6 15 13
4 7 32 33
4 8 79 70
4 9 68 59
4 10 57 58
4 11 41 36
4 12 51 48
4 13 13 25
4 14 16 25
4 15 23 27
4 16 54 51
4 17 50 54
4 18 82 83
4 19 48 54
4 20 28 38
4 21 53 51
4 22 32 33
4 23 67 70
4 24 64 62
4 25 20 22
4 26 20 30
4 27 53 55
4 28 12 25
4 29 83 78
4 30 64 55
4 31 58 56
4 32 74 64
4 33 99 97
4 34 65 68
5 6 68 59
5 7 95 93
5 8 61 66
5 9 99 92
5 10 90 79
5 11 1 13
5 12 90 77
5 13 99 97
5 14 79 76
5 15 43 46
5 16 7 18
5 17 96 82
5 18 64 62
5 19 60 57
5 20 68 64
5 21 37 33
5 22 94 95
5 23 93 94
5 24 67 71
5 25 83 82
5 26 6 6
5 27 56 56
5 28 55 61
5 29 55 61
5 30 70 72
5 31 84 76
5 32 61 59
5 33 59 63
5 34 53 51
6 7 44 43
6 8 96 90
6 9 78 75
6 10 86 75
6 11 81 83
6 12 62 54
6 13 21 26
6 14 58 54
6 15 65 58
6 16 41 39
6 17 66 63
6 18 83 84
6 19 1 9
6 20 16 28
6 21 93 84
6 22 92 89
6 23 81 74
6 24 99 99
6 25 38 39
6 26 94 81
6 27 32 42
6 28 37 38
6 29 15 13
6 30 22 31
6 31 13 21
6 32 46 50
6 33 90 77
6 34 29 26
7 8 25 33
7 9 38 36
7 10 21 23
7 11 18 29
7 12 25 26
7 13 21 26
7 14 92 92
7 15 19 27
7 16 65 56
7 17 51 53
7 18 36 39
7 19 85 86
7 20 39 34
7 21 65 60
7 22 46 40
7 23 85 74
7 24 99 86
7 25 81 75
7 26 23 31
7 27 8 14
7 28 35 45
7 29 43 46
7 30 25 34
7 31 15 23
7 32 49 51
7 33 42 47
7 34 18 26
8 9 89 89
8 10 3 15
8 11 49 49
8 12 58 63
8 13 54 57
8 14 78 70
8 15 50 51
8 16 87 79
8 17 17 24
8 18 59 60
8 19 6 12
8 20 79 73
8 21 41 39
8 22 45 39
8 23 28 38
8 24 75 71
8 25 24 25
8 26 42 45
8 27 75 68
8 28 9 22
8 29 44 42
8 30 60 53
8 31 82 73
8 32 20 24
8 33 8 15
8 34 90 91
9 10 93 85
9 11 29 30
9 12 50 45
9 13 98 86
9 14 92 90
9 15 20 21
9 16 88 87
9 17 44 48
9 18 47 50
9 19 51 50
9 20 35 37
9 21 50 54
9 22 84 83
9 23 52 45
9 24 16 25
9 25 82 84
9 26 29 32
9 27 98 93
9 28 36 44
9 29 72 68
9 30 79 77
9 31 85 73
9 32 30 26
9 33 91 85
9 34 79 67
10 11 36 36
10 12 23 29
10 13 23 21
10 14 56 61
10 15 31 32
10 16 39 40
10 17 73 66
10 18 62 65
10 19 58 60
10 20 59 55
10 21 58 57
10 22 76 71
10 23 0 7
10 24 76 75
10 25 50 54
10 26 74 67
10 27 84 80
10 28 31 36
10 29 99 90
10 30 41 49
10 31 73 70
10 32 77 76
10 33 83 71
10 34 90 83
11 12 34 32
11 13 87 78
11 14 29 32
11 15 46 44
11 16 67 65
11 17 85 83
11 18 79 71
11 19 84 77
11 20 25 36
11 21 23 24
11 22 37 43
11 23 98 93
11 24 44 52
11 25 51 57
11 26 79 81
11 27 88 81
11 28 37 41
11 29 85 79
11 30 8 20
11 31 6 15
11 32 56 53
11 33 8 13
11 34 38 38
12 13 30 26
12 14 15 20
12 15 95 90
12 16 10 16
12 17 33 29
12 18 41 36
12 19 19 25
12 20 58 62
12 21 90 86
12 22 4 13
12 23 29 25
12 24 13 16
12 25 22 22
12 26 43 43
12 27 54 57
12 28 40 40
12 29 25 34
12 30 35 44
12 31 6 11
12 32 36 44
12 33 71 62
12 34 61 66
13 14 87 74
13 15 36 37
13 16 46 51
13 17 3 6
13 18 15 25
13 19 88 80
13 20 78 67
13 21 94 92
13 22 75 75
13 23 51 47
13 24 38 46
13 25 31 30
13 26 40 36
13 27 99 95
13 28 49 46
13 29 10 11
13 30 40 49
13 31 30 27
13 32 83 79
13 33 29 33
13 34 81 77
14 15 63 63
14 16 16 22
14 17 95 82
14 18 41 48
14 19 78 69
14 20 43 45
14 21 41 48
14 22 10 16
14 23 22 33
14 24 37 40
14 25 44 49
14 26 77 69
14 27 85 84
14 28 71 61
14 29 50 53
14 30 11 20
14 31 33 31
14 32 9 20
14 33 16 21
14 34 5 13
15 16 15 20
15 17 77 66
15 18 32 28
15 19 80 74
15 20 70 64
15 21 13 11
15 22 48 42
15 23 7 6
15 24 73 72
15 25 75 78
15 26 94 87
15 27 95 81
15 28 93 92
15 29 84 77
15 30 9 17
15 31 48 46
15 32 41 48
15 33 33 33
15 34 33 42
16 17 63 55
16 18 60 63
16 19 70 69
16 20 70 65
16 21 45 45
16 22 68 61
16 23 88 81
16 24 19 26
16 25 92 81
16 26 17 19
16 27 12 16
16 28 80 81
16 29 37 42
16 30 62 67
16 31 87 79
16 32 92 80
16 33 48 54
16 34 69 67
17 18 2 16
17 19 57 49
17 20 5 8
17 21 23 33
17 22 6 18
17 23 47 51
17 24 42 48
17 25 74 74
17 26 53 51
17 27 27 31
17 28 39 34
17 29 21 19
17 30 7 14
17 31 60 65
17 32 40 39
17 33 18 25
17 34 66 63
18 19 28 25
18 20 72 69
18 21 89 76
18 22 96 82
18 23 85 83
18 24 76 72
18 25 80 82
18 26 77 68
18 27 5 13
18 28 28 38
18 29 32 31
18 30 9 19
18 31 10 10
18 32 4 15
18 33 92 82
18 34 34 32
19 20 34 34
19 21 16 19
19 22 87 78
19 23 95 91
19 24 82 73
19 25 22 30
19 26 70 69
19 27 53 52
19 28 10 11
19 29 64 62
19 30 23 25
19 31 45 45
19 32 73 68
19 33 23 31
19 34 63 62
20 21 21 32
20 22 69 61
20 23 96 94
20 24 0 10
20 25 65 67
20 26 68 65
20 27 91 90
20 28 9 17
20 29 30 28
20 30 82 77
20 31 96 85
20 32 83 72
20 33 54 58
20 34 12 21
21 22 51 58
21 23 4 5
21 24 5 19
21 25 72 62
21 26 92 87
21 27 61 52
21 28 62 60
21 29 16 16
21 30 96 85
21 31 53 54
21 32 99 88
21 33 99 87
21 34 76 76
22 23 75 76
22 24 71 75
22 25 86 82
22 26 84 77
22 27 87 79
22 28 63 54
22 29 9 19
22 30 26 25
22 31 80 82
22 32 39 41
22 33 94 88
22 34 55 53
23 24 52 57
23 25 69 72
23 26 1 7
23 27 31 31
23 28 15 22
23 29 65 63
23 30 32 41
23 31 20 28
23 32 35 43
23 33 49 56
23 34 56 61
24 25 17 26
24 26 95 89
24 27 6 9
24 28 47 41
24 29 70 70
24 30 76 66
24 31 64 57
24 32 9 18
24 33 88 88
24 34 73 65
25 26 48 49
25 27 0 3
25 28 16 17
25 29 57 52
25 30 34 35
25 31 74 72
25 32 57 53
25 33 22 33
25 34 63 68
26 27 35 42
26 28 92 82
26 29 1 7
26 30 65 56
26 31 16 23
26 32 68 63
26 33 87 89
26 34 5 15
27 28 43 38
27 29 37 41
27 30 36 35
27 31 96 89
27 32 36 42
27 33 50 47
27 34 45 52
28 29 69 62
28 30 91 78
28 31 90 77
28 32 29 33
28 33 17 21
28 34 45 48
29 30 85 83
29 31 86 75
29 32 49 53
29 33 90 80
29 34 67 66
30 31 14 13
30 32 6 15
30 33 0 11
30 34 20 18
31 32 29 27
31 33 62 63
31 34 12 13
32 33 79 74
32 34 31 36
33 34 84 79
