35
0 1 87 25
0 2 20 7
0 3 78 33
0 4 9 11
0 5 78 39
0 6 38 85
0 7 45 72
0 8 89 97
0 9 49 11
0 10 76 94
0 11 25 13
0 12 4 66
0 13 96 76
0 14 52 58
0 15 29 79
0 16 70 93
0 17 64 89
0 18 23 13
0 19 21 40
0 20 17 36
0 21 14 47
0 22 93 69
0 23 56 60
0 24 98 49
0 25 18 47
0 26 1 27
0 27 0 0
0 28 91 80
0 29 69 78
0 30 80 74
0 31 98 37
0 32 10 69
0 33 38 16
0 34 60 68
1 2 86 70
1 3 96 20
1 4 27 36
1 5 25 15
1 6 80 74
1 7 43 34
1 8 88 74
1 9 43 64
1 10 12 5
1 11 90 39
1 12 31 53
1 13 64 17
1 14 60 77
1 15 83 67
1 16 57 75
1 17 3 70
1 18 39 82
1 19 80 59
1 20 18 71
1 21 11 78
1 22 57 11
1 23 75 56
1 24 64 67
1 25 27 8
1 26 54 38
1 27 14 47
1 28 88 90
1 29 75 93
1 30 84 65
1 31 54 35
1 32 45 14
1 33 45 48
1 34 49 19
2 3 85 70
2 4 77 36
2 5 8 68
2 6 20 33
2 7 2 66
2 8 98 50
2 9 20 6
2 10 59 43
2 11 46 40
2 12 46 13
2 13 21 78
2 14 54 64
2 15 3 79
2 16 70 74
2 17 96 28
2 18 61 16
2 19 84 34
2 20 77 28
2 21 97 49
2 22 20 31
2 23 10 33
2 24 95 23
2 25 30 73
2 26 27 19
2 27 77 28
2 28 55 77
2 29 45 83
2 30 1 13
2 31 68 16
2 32 93 32
2 33 23 68
2 34 44 45
3 4 35 22
3 5 3 74
3 6 69 52
3 7 36 13
3 8 3 60
3 9 90 95
3 10 57 65
3 11 49 88
3 12 13 15
3 13 72 68
3 14 81 69
3 15 41 24
3 16 25 70
3 17 28 54
3 18 12 31
3 19 62 65
3 20 55 53
3 21 89 28
3 22 85 83
3 23 53 50
3 24 88 29
3 25 22 26
3 26 81 21
3 27 44 75
3 28 66 33
3 29 92 67
3 30 25 23
3 31 32 32
3 32 6 52
3 33 72 16
3 34 73 38
4 5 44 36
4 6 89 76
4 7 77 91
4 8 44 67
4 9 94 85
4 10 18 60
4 11 72 57
4 12 6 64
4 13 34 22
4 14 28 24
4 15 69 80
4 16 0 14
4 17 46 50
4 18 36 43
4 19 82 60
4 20 48 63
4 21 90 22
4 22 97 38
4 23 54 15
4 24 15 3
4 25 69 74
4 26 36 85
4 27 0 46
4 28 3 72
4 29 13 26
4 30 21 50
4 31 55 24
4 32 45 40
4 33 98 64
4 34 88 45
5 6 86 64
5 7 38 50
5 8 33 63
5 9 48 54
5 10 28 18
5 11 67 25
5 12 84 31
5 13 50 28
5 14 72 15
5 15 84 32
5 16 15 6
5 17 34 70
5 18 41 38
5 19 84 95
5 20 97 27
5 21 64 87
5 22 33 27
5 23 95 37
5 24 48 26
5 25 47 70
5 26 7 28
5 27 97 39
5 28 55 50
5 29 80 55
5 30 77 43
5 31 57 41
5 32 43 47
5 33 89 71
5 34 43 34
6 7 1 49
6 8 52 60
6 9 83 81
6 10 33 30
6 11 34 45
6 12 34 21
6 13 63 87
6 14 88 75
6 15 92 98
6 16 25 44
6 17 61 31
6 18 84 60
6 19 9 16
6 20 71 24
6 21 11 15
6 22 14 28
6 23 77 80
6 24 64 40
6 25 10 78
6 26 9 4
6 27 11 3
6 28 62 73
6 29 71 90
6 30 35 73
6 31 11 70
6 32 78 61
6 33 14 34
6 34 76 60
7 8 7 81
7 9 98 64
7 10 91 24
7 11 87 74
7 12 39 52
7 13 30 25
7 14 95 58
7 15 66 27
7 16 80 53
7 17 0 45
7 18 13 29
7 19 13 66
7 20 25 83
7 21 10 81
7 22 54 79
7 23 65 84
7 24 16 82
7 25 17 4
7 26 82 59
7 27 90 96
7 28 4 78
7 29 36 12
7 30 95 88
7 31 92 40
7 32 90 35
7 33 61 92
7 34 40 33
8 9 39 64
8 10 36 58
8 11 44 54
8 12 41 43
8 13 34 36
8 14 21 18
8 15 94 53
8 16 40 42
8 17 97 26
8 18 97 86
8 19 34 19
8 20 76 76
8 21 4 29
8 22 17 46
8 23 29 36
8 24 55 65
8 25 19 27
8 26 31 32
8 27 46 12
8 28 29 10
8 29 97 69
8 30 66 14
8 31 20 49
8 32 47 20
8 33 55 24
8 34 78 88
9 10 13 80
9 11 53 68
9 12 88 20
9 13 79 70
9 14 66 46
9 15 90 87
9 16 87 44
9 17 1 44
9 18 74 62
9 19 42 16
9 20 25 69
9 21 18 73
9 22 62 65
9 23 53 41
9 24 90 54
9 25 7 66
9 26 80 41
9 27 13 19
9 28 24 58
9 29 41 84
9 30 21 67
9 31 82 24
9 32 56 15
9 33 90 26
9 34 12 28
10 11 21 11
10 12 83 63
10 13 19 23
10 14 77 80
10 15 11 48
10 16 0 77
10 17 58 87
10 18 38 66
10 19 28 21
10 20 6 15
10 21 41 18
10 22 22 18
10 23 38 75
10 24 90 97
10 25 53 22
10 26 68 29
10 27 61 37
10 28 51 22
10 29 99 23
10 30 60 62
10 31 23 77
10 32 97 50
10 33 62 20
10 34 32 39
11 12 30 19
11 13 99 53
11 14 61 42
11 15 98 31
11 16 68 35
11 17 60 62
11 18 86 77
11 19 69 15
11 20 91 26
11 21 72 76
11 22 90 91
11 23 57 19
11 24 72 38
11 25 96 39
11 26 66 77
11 27 11 53
11 28 38 56
11 29 87 51
11 30 82 29
11 31 63 74
11 32 18 14
11 33 2 76
11 34 82 83
12 13 21 26
12 14 70 90
12 15 30 6
12 16 59 88
12 17 81 35
12 18 96 56
12 19 64 38
12 20 19 22
12 21 91 47
12 22 80 86
12 23 48 41
12 24 94 46
12 25 85 78
12 26 82 50
12 27 73 79
12 28 27 7
12 29 34 11
12 30 69 53
12 31 22 51
12 32 49 44
12 33 25 31
12 34 45 39
13 14 76 37
13 15 30 37
13 16 44 15
13 17 7 25
13 18 2 15
13 19 90 57
13 20 92 72
13 21 8 23
13 22 23 41
13 23 56 26
13 24 79 57
13 25 22 33
13 26 45 58
13 27 28 26
13 28 69 56
13 29 31 60
13 30 33 81
13 31 67 88
13 32 14 47
13 33 22 11
13 34 85 44
14 15 88 54
14 16 15 55
14 17 39 72
14 18 87 20
14 19 94 52
14 20 29 32
14 21 15 19
14 22 2 42
14 23 14 47
14 24 98 22
14 25 29 46
14 26 37 68
14 27 68 40
14 28 29 78
14 29 23 69
14 30 40 17
14 31 73 31
14 32 31 68
14 33 37 18
14 34 48 80
15 16 42 20
15 17 42 16
15 18 94 47
15 19 26 20
15 20 8 78
15 21 70 74
15 22 46 59
15 23 4 42
15 24 58 13
15 25 32 11
15 26 9 38
15 27 80 82
15 28 59 89
15 29 87 37
15 30 49 37
15 31 41 28
15 32 93 40
15 33 19 72
15 34 23 59
16 17 20 24
16 18 7 42
16 19 15 43
16 20 81 93
16 21 74 50
16 22 23 29
16 23 53 64
16 24 4 9
16 25 49 60
16 26 21 57
16 27 58 80
16 28 6 49
16 29 10 22
16 30 11 27
16 31 3 35
16 32 13 26
16 33 51 47
16 34 85 84
17 18 63 72
17 19 88 35
17 20 21 76
17 21 92 53
17 22 11 66
17 23 60 88
17 24 97 22
17 25 11 34
17 26 51 49
17 27 59 17
17 28 28 54
17 29 78 87
17 30 33 84
17 31 13 49
17 32 26 64
17 33 87 94
17 34 77 39
18 19 70 14
18 20 91 53
18 21 92 54
18 22 79 27
18 23 0 32
18 24 79 91
18 25 73 75
18 26 89 46
18 27 37 73
18 28 30 84
18 29 69 37
18 30 69 38
18 31 81 18
18 32 90 26
18 33 60 35
18 34 79 40
19 20 69 73
19 21 22 10
19 22 51 54
19 23 14 38
19 24 11 9
19 25 53 31
19 26 91 59
19 27 86 41
19 28 64 83
19 29 6 78
19 30 45 81
19 31 94 34
19 32 79 25
19 33 89 48
19 34 0 56
20 21 83 67
20 22 30 83
20 23 34 26
20 24 74 27
20 25 50 23
20 26 42 61
20 27 23 54
20 28 83 82
20 29 60 43
20 30 84 92
20 31 24 48
20 32 49 40
20 33 42 57
20 34 93 23
21 22 61 29
21 23 27 15
21 24 60 18
21 25 84 87
21 26 48 72
21 27 69 68
21 28 58 50
21 29 68 92
21 30 91 69
21 31 13 55
21 32 0 74
21 33 58 85
21 34 32 48
22 23 17 39
22 24 93 29
22 25 50 59
22 26 87 96
22 27 89 49
22 28 86 22
22 29 14 24
22 30 46 22
22 31 33 40
22 32 16 33
22 33 20 37
22 34 29 69
23 24 3 12
23 25 27 29
23 26 24 75
23 27 46 51
23 28 33 66
23 29 80 92
23 30 48 12
23 31 63 62
23 32 88 27
23 33 5 49
23 34 64 46
24 25 34 7
24 26 74 82
24 27 51 60
24 28 57 91
24 29 6 34
24 30 98 31
24 31 90 73
24 32 16 32
24 33 92 77
24 34 13 70
25 26 28 37
25 27 25 83
25 28 94 65
25 29 20 15
25 30 19 40
25 31 37 10
25 32 7 26
25 33 46 78
25 34 74 48
26 27 21 52
26 28 91 34
26 29 11 71
26 30 7 26
26 31 24 68
26 32 96 94
26 33 4 34
26 34 95 45
27 28 34 74
27 29 8 79
27 30 23 58
27 31 43 47
27 32 2 78
27 33 74 88
27 34 11 5
28 29 71 46
28 30 60 18
28 31 76 32
28 32 11 12
28 33 79 28
28 34 74 21
29 30 8 76
29 31 10 44
29 32 5 29
29 33 88 27
29 34 79 47
30 31 98 88
30 32 81 63
30 33 37 8
30 34 12 8
31 32 80 16
31 33 63 74
31 34 51 45
32 33 56 68
32 34 84 22
33 34 61 53
