40
0 1 88 68
0 2 69 59
0 3 84 75
0 4 28 52
0 5 40 25
0 6 32 57
0 7 66 61
0 8 16 28
0 9 72 71
0 10 51 41
0 11 89 94
0 12 93 94
0 13 93 80
0 14 28 57
0 15 82 51
0 16 62 76
0 17 27 25
0 18 39 26
0 19 57 73
0 20 98 70
0 21 37 54
0 22 35 33
0 23 26 43
0 24 60 62
0 25 34 22
0 26 95 88
0 27 77 60
0 28 28 19
0 29 2 21
0 30 79 67
0 31 95 50
0 32 38 59
0 33 77 56
0 34 97 68
0 35 27 63
0 36 7 38
0 37 70 58
0 38 83 63
0 39 63 37
1 2 81 76
1 3 90 80
1 4 78 44
1 5 40 34
1 6 67 75
1 7 90 75
1 8 90 89
1 9 30 42
1 10 38 27
1 11 52 58
1 12 31 22
1 13 72 63
1 14 15 53
1 15 93 81
1 16 34 19
1 17 99 57
1 18 22 49
1 19 98 76
1 20 5 40
1 21 72 48
1 22 2 35
1 23 74 65
1 24 83 50
1 25 69 44
1 26 8 23
1 27 98 54
1 28 66 53
1 29 19 11
1 30 28 37
1 31 77 45
1 32 29 56
1 33 66 49
1 34 78 68
1 35 45 71
1 36 6 26
1 37 30 44
1 38 7 41
1 39 27 17
2 3 21 30
2 4 28 47
2 5 99 63
2 6 66 50
2 7 1 24
2 8 19 23
2 9 14 55
2 10 22 26
2 11 40 32
2 12 92 49
2 13 75 51
2 14 97 95
2 15 28 52
2 16 73 39
2 17 4 27
2 18 7 43
2 19 50 44
2 20 43 51
2 21 82 71
2 22 35 55
2 23 20 34
2 24 67 37
2 25 53 35
2 26 7 25
2 27 95 58
2 28 96 79
2 29 54 54
2 30 77 60
2 31 95 58
2 32 16 10
2 33 67 57
2 34 71 64
2 35 55 66
2 36 20 51
2 37 31 20
2 38 89 71
2 39 15 53
3 4 23 12
3 5 35 67
3 6 92 79
3 7 85 45
3 8 91 67
3 9 6 51
3 10 60 36
3 11 26 24
3 12 8 21
3 13 14 47
3 14 96 90
3 15 95 54
3 16 94 49
3 17 28 59
3 18 18 24
3 19 32 27
3 20 23 59
3 21 97 59
3 22 51 54
3 23 81 44
3 24 41 25
3 25 9 26
3 26 81 74
3 27 72 72
3 28 52 62
3 29 92 58
3 30 46 43
3 31 36 40
3 32 93 67
3 33 7 20
3 34 92 59
3 35 73 76
3 36 85 52
3 37 21 12
3 38 65 47
3 39 10 36
4 5 61 64
4 6 80 74
4 7 93 95
4 8 9 21
4 9 43 49
4 10 91 70
4 11 48 66
4 12 8 25
4 13 0 27
4 14 43 71
4 15 70 51
4 16 3 25
4 17 41 63
4 18 34 53
4 19 66 60
4 20 77 75
4 21 77 45
4 22 47 43
4 23 61 47
4 24 70 74
4 25 68 48
4 26 0 26
4 27 4 43
4 28 75 55
4 29 18 44
4 30 27 48
4 31 75 39
4 32 48 61
4 33 69 61
4 34 2 28
4 35 59 74
4 36 0 38
4 37 5 45
4 38 68 53
4 39 98 64
5 6 38 52
5 7 80 66
5 8 71 54
5 9 20 33
5 10 26 53
5 11 34 62
5 12 13 31
5 13 67 65
5 14 38 37
5 15 60 43
5 16 99 98
5 17 33 45
5 18 39 23
5 19 66 64
5 20 74 44
5 21 34 59
5 22 14 13
5 23 15 53
5 24 42 31
5 25 70 68
5 26 17 46
5 27 11 19
5 28 26 40
5 29 12 55
5 30 37 41
5 31 6 14
5 32 78 60
5 33 52 62
5 34 35 45
5 35 94 82
5 36 29 22
5 37 78 70
5 38 21 42
5 39 31 64
6 7 28 30
6 8 37 41
6 9 93 47
6 10 10 54
6 11 55 41
6 12 67 43
6 13 7 4
6 14 74 51
6 15 1 21
6 16 27 14
6 17 20 40
6 18 53 39
6 19 60 40
6 20 56 48
6 21 55 56
6 22 1 26
6 23 64 51
6 24 62 61
6 25 5 37
6 26 20 57
6 27 19 52
6 28 40 23
6 29 90 46
6 30 48 53
6 31 66 34
6 32 79 73
6 33 82 44
6 34 5 30
6 35 25 28
6 36 64 34
6 37 55 68
6 38 25 60
6 39 12 51
7 8 9 35
7 9 26 32
7 10 18 27
7 11 54 28
7 12 40 50
7 13 51 36
7 14 88 66
7 15 78 42
7 16 42 45
7 17 34 45
7 18 14 15
7 19 38 66
7 20 63 78
7 21 88 50
7 22 81 81
7 23 3 46
7 24 59 40
7 25 71 38
7 26 59 42
7 27 62 50
7 28 73 62
7 29 39 47
7 30 28 47
7 31 17 37
7 32 91 62
7 33 54 51
7 34 32 25
7 35 89 69
7 36 80 44
7 37 30 16
7 38 52 57
7 39 54 28
8 9 63 49
8 10 97 85
8 11 10 17
8 12 43 61
8 13 48 54
8 14 11 45
8 15 12 17
8 16 94 68
8 17 91 82
8 18 18 29
8 19 14 37
8 20 42 36
8 21 90 82
8 22 42 49
8 23 98 72
8 24 20 59
8 25 80 80
8 26 35 57
8 27 50 48
8 28 97 71
8 29 17 52
8 30 37 53
8 31 76 59
8 32 24 45
8 33 37 68
8 34 46 28
8 35 41 28
8 36 2 12
8 37 60 63
8 38 66 50
8 39 75 72
9 10 50 72
9 11 90 62
9 12 4 31
9 13 37 43
9 14 37 42
9 15 15 55
9 16 85 65
9 17 42 65
9 18 75 50
9 19 4 19
9 20 42 32
9 21 32 28
9 22 64 38
9 23 81 56
9 24 81 76
9 25 87 46
9 26 76 73
9 27 86 54
9 28 66 65
9 29 13 10
9 30 45 26
9 31 99 94
9 32 51 31
9 33 26 41
9 34 61 34
9 35 3 7
9 36 93 59
9 37 34 25
9 38 87 54
9 39 17 47
10 11 0 48
10 12 86 52
10 13 66 82
10 14 45 51
10 15 58 57
10 16 45 22
10 17 20 50
10 18 69 62
10 19 34 48
10 20 92 84
10 21 46 41
10 22 38 68
10 23 1 31
10 24 99 93
10 25 14 9
10 26 27 37
10 27 26 34
10 28 87 83
10 29 96 95
10 30 20 25
10 31 73 83
10 32 98 80
10 33 97 67
10 34 21 54
10 35 96 94
10 36 85 76
10 37 89 71
10 38 4 39
10 39 62 62
11 12 52 27
11 13 91 68
11 14 79 49
11 15 4 31
11 16 31 59
11 17 7 18
11 18 89 60
11 19 24 52
11 20 31 22
11 21 80 84
11 22 5 26
11 23 99 75
11 24 8 30
11 25 72 60
11 26 91 65
11 27 64 66
11 28 7 19
11 29 46 41
11 30 8 23
11 31 79 84
11 32 56 75
11 33 61 33
11 34 65 40
11 35 69 45
11 36 70 78
11 37 90 94
11 38 25 41
11 39 61 42
12 13 87 62
12 14 7 47
12 15 85 75
12 16 74 83
12 17 64 44
12 18 35 64
12 19 92 74
12 20 66 59
12 21 64 55
12 22 78 77
12 23 31 38
12 24 55 42
12 25 30 48
12 26 61 76
12 27 47 23
12 28 97 95
12 29 84 78
12 30 99 97
12 31 5 44
12 32 12 30
12 33 65 63
12 34 73 75
12 35 15 15
12 36 46 62
12 37 29 36
12 38 29 39
12 39 16 12
13 14 60 47
13 15 53 40
13 16 20 43
13 17 21 21
13 18 45 56
13 19 98 62
13 20 66 54
13 21 25 45
13 22 37 32
13 23 39 56
13 24 23 26
13 25 55 64
13 26 99 90
13 27 34 30
13 28 92 70
13 29 28 20
13 30 72 38
13 31 86 78
13 32 17 29
13 33 63 59
13 34 8 12
13 35 51 68
13 36 98 74
13 37 62 68
13 38 9 41
13 39 12 21
14 15 87 44
14 16 80 86
14 17 21 37
14 18 39 62
14 19 51 36
14 20 16 9
14 21 89 60
14 22 90 73
14 23 41 26
14 24 87 50
14 25 26 48
14 26 24 13
14 27 7 46
14 28 13 33
14 29 82 53
14 30 37 55
14 31 34 52
14 32 71 36
14 33 83 82
14 34 62 45
14 35 36 40
14 36 78 49
14 37 75 68
14 38 45 39
14 39 51 27
15 16 2 43
15 17 50 58
15 18 92 47
15 19 90 47
15 20 55 33
15 21 99 96
15 22 9 23
15 23 66 75
15 24 91 63
15 25 25 20
15 26 18 21
15 27 87 53
15 28 23 48
15 29 15 28
15 30 5 39
15 31 82 69
15 32 71 45
15 33 96 93
15 34 67 47
15 35 95 57
15 36 65 37
15 37 14 19
15 38 77 67
15 39 26 21
16 17 43 64
16 18 91 50
16 19 6 3
16 20 66 38
16 21 46 61
16 22 91 57
16 23 54 34
16 24 35 61
16 25 86 69
16 26 99 86
16 27 64 32
16 28 36 36
16 29 17 25
16 30 13 39
16 31 93 96
16 32 46 32
16 33 98 96
16 34 68 50
16 35 44 33
16 36 49 50
16 37 97 50
16 38 94 53
16 39 23 21
17 18 55 48
17 19 87 64
17 20 86 66
17 21 48 63
17 22 39 53
17 23 73 60
17 24 28 57
17 25 30 41
17 26 23 55
17 27 97 58
17 28 59 39
17 29 74 75
17 30 91 47
17 31 99 67
17 32 54 43
17 33 91 92
17 34 97 95
17 35 70 81
17 36 75 82
17 37 49 26
17 38 9 13
17 39 68 64
18 19 21 18
18 20 12 15
18 21 41 69
18 22 76 64
18 23 63 66
18 24 51 51
18 25 36 66
18 26 12 51
18 27 5 21
18 28 68 47
18 29 90 55
18 30 57 36
18 31 19 43
18 32 15 55
18 33 18 45
18 34 56 71
18 35 60 37
18 36 53 57
18 37 33 62
18 38 58 51
18 39 4 12
19 20 61 61
19 21 29 33
19 22 62 54
19 23 53 39
19 24 98 85
19 25 69 78
19 26 40 40
19 27 62 73
19 28 44 69
19 29 55 28
19 30 15 47
19 31 37 54
19 32 62 45
19 33 68 75
19 34 17 43
19 35 62 36
19 36 37 27
19 37 58 31
19 38 27 20
19 39 14 47
20 21 8 26
20 22 68 37
20 23 12 38
20 24 58 59
20 25 22 39
20 26 62 75
20 27 39 25
20 28 6 17
20 29 98 60
20 30 73 56
20 31 35 42
20 32 44 52
20 33 31 41
20 34 58 66
20 35 79 60
20 36 92 82
20 37 67 55
20 38 45 56
20 39 89 47
21 22 44 60
21 23 64 50
21 24 66 40
21 25 86 75
21 26 86 58
21 27 36 62
21 28 53 70
21 29 98 70
21 30 10 45
21 31 47 49
21 32 36 48
21 33 91 52
21 34 20 52
21 35 93 96
21 36 21 57
21 37 62 69
21 38 40 48
21 39 16 43
22 23 30 36
22 24 89 88
22 25 92 50
22 26 11 17
22 27 83 43
22 28 52 47
22 29 50 57
22 30 36 62
22 31 90 89
22 32 3 7
22 33 44 24
22 34 57 65
22 35 33 31
22 36 16 26
22 37 71 51
22 38 65 66
22 39 82 51
23 24 10 41
23 25 87 51
23 26 64 55
23 27 42 26
23 28 31 30
23 29 78 88
23 30 21 20
23 31 50 48
23 32 86 70
23 33 23 52
23 34 82 53
23 35 25 45
23 36 93 68
23 37 2 36
23 38 82 59
23 39 24 48
24 25 18 14
24 26 77 42
24 27 85 82
24 28 95 76
24 29 57 73
24 30 9 37
24 31 41 33
24 32 55 55
24 33 96 72
24 34 22 18
24 35 66 42
24 36 46 49
24 37 33 33
24 38 93 49
24 39 7 23
25 26 87 89
25 27 19 43
25 28 69 82
25 29 79 57
25 30 81 42
25 31 53 69
25 32 16 41
25 33 22 55
25 34 57 57
25 35 45 44
25 36 67 53
25 37 50 67
25 38 85 49
25 39 77 81
26 27 6 52
26 28 98 95
26 29 71 66
26 30 3 3
26 31 79 78
26 32 94 65
26 33 7 7
26 34 27 22
26 35 96 75
26 36 68 49
26 37 40 32
26 38 35 45
26 39 20 12
27 28 41 22
27 29 33 27
27 30 88 54
27 31 14 23
27 32 99 60
27 33 62 72
27 34 74 75
27 35 14 43
27 36 63 47
27 37 76 63
27 38 67 76
27 39 61 51
28 29 16 18
28 30 76 61
28 31 9 50
28 32 67 44
28 33 33 65
28 34 86 87
28 35 32 18
28 36 70 53
28 37 72 63
28 38 42 42
28 39 59 58
29 30 17 41
29 31 23 47
29 32 6 23
29 33 62 39
29 34 58 46
29 35 34 57
29 36 27 54
29 37 56 44
29 38 63 39
29 39 80 60
30 31 97 85
30 32 27 59
30 33 70 38
30 34 88 63
30 35 56 65
30 36 88 68
30 37 48 57
30 38 13 23
30 39 49 68
31 32 19 53
31 33 39 20
31 34 85 57
31 35 68 81
31 36 54 52
31 37 78 46
31 38 25 57
31 39 29 42
32 33 61 55
32 34 93 58
32 35 68 81
32 36 45 52
32 37 42 65
32 38 82 67
32 39 72 55
33 34 73 37
33 35 45 62
33 36 23 53
33 37 33 18
33 38 33 58
33 39 87 83
34 35 74 84
34 36 93 73
34 37 71 83
34 38 77 55
34 39 0 13
35 36 97 50
35 37 56 69
35 38 25 37
35 39 19 27
36 37 85 61
36 38 44 30
36 39 35 55
37 38 42 41
37 39 34 27
38 39 65 40
