42
0 1 61 65
0 2 57 52
0 3 59 62
0 4 5 8
0 5 52 46
0 6 97 86
0 7 41 48
0 8 40 42
0 9 79 81
0 10 29 33
0 11 95 88
0 12 71 65
0 13 21 32
0 14 80 83
0 15 31 39
0 16 4 12
0 17 56 53
0 18 34 42
0 19 37 37
0 20 17 29
0 21 39 43
0 22 43 42
0 23 79 80
0 24 75 69
0 25 70 64
0 26 48 45
0 27 61 67
0 28 90 90
0 29 75 67
0 30 96 93
0 31 89 87
0 32 18 22
0 33 38 47
0 34 11 11
0 35 40 37
0 36 80 70
0 37 27 32
0 38 22 28
0 39 7 17
0 40 62 60
0 41 15 13
1 2 62 61
1 3 74 68
1 4 73 68
1 5 40 36
1 6 5 6
1 7 73 66
1 8 0 8
1 9 22 23
1 10 74 65
1 11 75 65
1 12 65 61
1 13 86 73
1 14 18 29
1 15 37 38
1 16 12 16
1 17 92 82
1 18 39 39
1 19 43 50
1 20 79 74
1 21 45 49
1 22 29 28
1 23 51 48
1 24 49 56
1 25 34 43
1 26 47 53
1 27 68 69
1 28 25 26
1 29 39 39
1 30 20 17
1 31 28 34
1 32 78 78
1 33 34 32
1 34 69 71
1 35 58 58
1 36 40 35
1 37 22 23
1 38 78 70
1 39 7 20
1 40 32 34
1 41 28 25
2 3 70 73
2 4 24 30
2 5 75 74
2 6 44 40
2 7 67 68
2 8 58 64
2 9 10 10
2 10 61 66
2 11 55 56
2 12 72 76
2 13 58 59
2 14 41 43
2 15 75 75
2 16 9 19
2 17 76 65
2 18 25 24
2 19 24 27
2 20 98 96
2 21 87 85
2 22 11 21
2 23 97 94
2 24 26 25
2 25 30 36
2 26 79 70
2 27 32 30
2 28 29 34
2 29 94 94
2 30 3 12
2 31 66 64
2 32 15 16
2 33 77 68
2 34 25 30
2 35 81 81
2 36 22 26
2 37 92 87
2 38 60 63
2 39 84 77
2 40 74 63
2 41 92 89
3 4 92 84
3 5 49 43
3 6 20 30
3 7 47 55
3 8 7 20
3 9 8 16
3 10 27 23
3 11 89 87
3 12 20 25
3 13 19 21
3 14 72 75
3 15 92 93
3 16 75 68
3 17 48 43
3 18 41 41
3 19 34 41
3 20 60 63
3 21 49 45
3 22 95 89
3 23 2 4
3 24 37 40
3 25 14 20
3 26 12 20
3 27 55 48
3 28 26 24
3 29 45 42
3 30 6 9
3 31 71 64
3 32 23 22
3 33 37 39
3 34 6 11
3 35 21 24
3 36 33 42
3 37 61 58
3 38 53 46
3 39 17 16
3 40 62 57
3 41 14 24
4 5 64 66
4 6 31 39
4 7 35 39
4 8 49 55
4 9 65 67
4 10 58 63
4 11 76 69
4 12 60 55
4 13 45 42
4 14 92 83
4 15 49 47
4 16 13 13
4 17 86 79
4 18 6 6
4 19 87 89
4 20 42 48
4 21 28 25
4 22 69 67
4 23 12 18
4 24 63 60
4 25 94 81
4 26 29 25
4 27 5 8
4 28 28 34
4 29 20 32
4 30 14 20
4 31 71 68
4 32 45 50
4 33 52 56
4 34 57 59
4 35 73 76
4 36 65 66
4 37 64 56
4 38 7 10
4 39 42 37
4 40 35 33
4 41 44 49
5 6 47 50
5 7 3 12
5 8 60 64
5 9 8 13
5 10 98 84
5 11 44 51
5 12 31 41
5 13 67 66
5 14 39 46
5 15 90 90
5 16 48 44
5 17 82 82
5 18 5 15
5 19 81 82
5 20 4 3
5 21 3 16
5 22 85 84
5 23 78 80
5 24 2 12
5 25 72 72
5 26 60 51
5 27 11 12
5 28 76 77
5 29 15 13
5 30 98 92
5 31 93 80
5 32 64 68
5 33 18 19
5 34 97 85
5 35 36 34
5 36 80 75
5 37 76 70
5 38 28 36
5 39 97 84
5 40 90 76
5 41 7 15
6 7 92 88
6 8 76 74
6 9 28 32
6 10 87 76
6 11 43 36
6 12 44 43
6 13 74 67
6 14 38 35
6 15 18 15
6 16 17 23
6 17 39 33
6 18 71 68
6 19 90 92
6 20 0 10
6 21 73 66
6 22 70 70
6 23 2 14
6 24 45 39
6 25 14 12
6 26 10 14
6 27 24 30
6 28 22 27
6 29 22 28
6 30 22 28
6 31 59 52
6 32 12 22
6 33 59 59
6 34 28 29
6 35 17 26
6 36 16 28
6 37 32 29
6 38 57 55
6 39 69 70
6 40 95 88
6 41 22 28
7 8 95 88
7 9 58 63
7 10 85 81
7 11 15 26
7 12 67 63
7 13 58 56
7 14 27 29
7 15 46 49
7 16 5 5
7 17 5 12
7 18 20 26
7 19 21 25
7 20 9 14
7 21 29 29
7 22 97 84
7 23 23 31
7 24 30 40
7 25 43 37
7 26 84 71
7 27 74 69
7 28 75 69
7 29 97 89
7 30 0 2
7 31 13 15
7 32 53 46
7 33 37 45
7 34 96 91
7 35 90 91
7 36 87 87
7 37 82 72
7 38 98 97
7 39 32 35
7 40 40 38
7 41 9 15
8 9 55 48
8 10 45 50
8 11 37 33
8 12 59 61
8 13 58 64
8 14 38 41
8 15 6 12
8 16 81 76
8 17 86 73
8 18 28 32
8 19 39 46
8 20 14 24
8 21 77 78
8 22 59 54
8 23 4 9
8 24 95 82
8 25 8 17
8 26 18 20
8 27 22 22
8 28 22 19
8 29 30 40
8 30 0 10
8 31 70 68
8 32 36 35
8 33 89 80
8 34 17 27
8 35 1 9
8 36 42 40
8 37 71 64
8 38 29 38
8 39 26 25
8 40 17 18
8 41 47 47
9 10 55 51
9 11 98 85
9 12 37 39
9 13 10 19
9 14 22 19
9 15 56 50
9 16 99 86
9 17 78 74
9 18 33 33
9 19 78 77
9 20 92 80
9 21 33 35
9 22 7 17
9 23 9 23
9 24 48 55
9 25 43 41
9 26 15 23
9 27 88 86
9 28 91 91
9 29 25 34
9 30 61 60
9 31 36 41
9 32 40 41
9 33 89 90
9 34 85 72
9 35 71 63
9 36 17 20
9 37 53 57
9 38 4 14
9 39 89 90
9 40 55 52
9 41 58 57
10 11 95 96
10 12 5 19
10 13 98 94
10 14 96 91
10 15 57 59
10 16 80 74
10 17 43 44
10 18 79 76
10 19 68 72
10 20 2 9
10 21 14 16
10 22 12 11
10 23 6 12
10 24 45 45
10 25 73 68
10 26 4 5
10 27 29 28
10 28 38 38
10 29 57 59
10 30 48 49
10 31 48 42
10 32 98 86
10 33 86 83
10 34 99 91
10 35 7 16
10 36 28 34
10 37 15 27
10 38 74 72
10 39 93 84
10 40 29 34
10 41 39 45
11 12 20 19
11 13 77 75
11 14 9 15
11 15 12 22
11 16 44 43
11 17 85 81
11 18 80 78
11 19 7 12
11 20 35 42
11 21 67 61
11 22 16 23
11 23 96 82
11 24 13 14
11 25 13 16
11 26 70 64
11 27 88 78
11 28 98 95
11 29 37 35
11 30 63 66
11 31 25 27
11 32 71 61
11 33 0 11
11 34 98 90
11 35 64 55
11 36 6 14
11 37 52 53
11 38 18 22
11 39 78 73
11 40 25 26
11 41 88 84
12 13 7 10
12 14 3 6
12 15 55 60
12 16 71 69
12 17 63 59
12 18 77 75
12 19 98 89
12 20 6 17
12 21 9 11
12 22 44 38
12 23 76 66
12 24 24 22
12 25 84 73
12 26 68 64
12 27 92 92
12 28 25 28
12 29 57 53
12 30 86 85
12 31 49 49
12 32 10 14
12 33 93 82
12 34 72 69
12 35 45 53
12 36 12 13
12 37 37 46
12 38 27 38
12 39 36 38
12 40 81 75
12 41 42 46
13 14 42 43
13 15 71 71
13 16 36 37
13 17 39 36
13 18 37 45
13 19 0 0
13 20 92 88
13 21 90 82
13 22 94 86
13 23 10 12
13 24 47 54
13 25 50 48
13 26 96 91
13 27 8 21
13 28 72 65
13 29 55 59
13 30 51 58
13 31 86 84
13 32 16 21
13 33 29 39
13 34 74 68
13 35 62 57
13 36 86 74
13 37 18 19
13 38 5 6
13 39 57 63
13 40 13 19
13 41 0 7
14 15 55 54
14 16 59 57
14 17 55 59
14 18 85 85
14 19 20 19
14 20 98 97
14 21 56 60
14 22 34 36
14 23 31 26
14 24 39 46
14 25 49 44
14 26 56 49
14 27 71 62
14 28 40 44
14 29 14 13
14 30 90 80
14 31 75 72
14 32 42 46
14 33 47 53
14 34 41 44
14 35 12 19
14 36 75 65
14 37 59 64
14 38 40 47
14 39 79 82
14 40 63 62
14 41 10 10
15 16 26 23
15 17 68 63
15 18 50 49
15 19 72 71
15 20 90 84
15 21 63 56
15 22 47 43
15 23 27 25
15 24 24 33
15 25 35 41
15 26 19 28
15 27 9 13
15 28 35 35
15 29 38 44
15 30 67 61
15 31 78 81
15 32 44 38
15 33 4 15
15 34 73 77
15 35 42 40
15 36 86 82
15 37 46 43
15 38 71 71
15 39 1 7
15 40 49 44
15 41 91 78
16 17 85 84
16 18 73 73
16 19 34 32
16 20 30 33
16 21 72 63
16 22 87 77
16 23 43 39
16 24 91 87
16 25 3 6
16 26 68 69
16 27 50 50
16 28 96 93
16 29 35 31
16 30 89 86
16 31 96 82
16 32 75 64
16 33 34 31
16 34 10 13
16 35 41 47
16 36 95 83
16 37 51 56
16 38 52 48
16 39 4 6
16 40 80 82
16 41 22 26
17 18 18 23
17 19 14 23
17 20 81 71
17 21 22 27
17 22 85 81
17 23 62 66
17 24 40 43
17 25 90 83
17 26 49 56
17 27 45 51
17 28 52 52
17 29 56 62
17 30 3 16
17 31 82 79
17 32 98 87
17 33 18 21
17 34 93 82
17 35 20 24
17 36 32 37
17 37 21 30
17 38 82 75
17 39 91 77
17 40 82 73
17 41 67 67
18 19 87 74
18 20 37 37
18 21 69 73
18 22 36 42
18 23 42 47
18 24 67 63
18 25 33 37
18 26 59 64
18 27 59 54
18 28 15 13
18 29 49 52
18 30 47 48
18 31 72 74
18 32 64 59
18 33 14 24
18 34 72 62
18 35 83 77
18 36 99 93
18 37 79 74
18 38 24 32
18 39 17 22
18 40 56 62
18 41 62 57
19 20 27 28
19 21 71 73
19 22 29 36
19 23 19 17
19 24 26 36
19 25 40 44
19 26 44 45
19 27 5 13
19 28 11 24
19 29 1 10
19 30 42 46
19 31 74 74
19 32 37 42
19 33 0 6
19 34 95 82
19 35 83 80
19 36 22 27
19 37 30 33
19 38 54 49
19 39 42 48
19 40 68 66
19 41 97 91
20 21 42 39
20 22 77 72
20 23 85 80
20 24 66 61
20 25 98 83
20 26 7 7
20 27 8 19
20 28 59 62
20 29 22 33
20 30 25 22
20 31 39 38
20 32 94 81
20 33 8 12
20 34 9 19
20 35 37 46
20 36 37 34
20 37 13 26
20 38 78 68
20 39 32 36
20 40 19 19
20 41 12 20
21 22 50 43
21 23 33 39
21 24 56 51
21 25 1 13
21 26 93 81
21 27 61 60
21 28 60 65
21 29 32 34
21 30 46 49
21 31 0 8
21 32 37 44
21 33 33 32
21 34 75 74
21 35 29 37
21 36 93 85
21 37 75 64
21 38 83 82
21 39 76 75
21 40 77 76
21 41 13 23
22 23 22 25
22 24 0 5
22 25 53 46
22 26 93 89
22 27 56 48
22 28 81 75
22 29 80 81
22 30 31 27
22 31 68 62
22 32 9 8
22 33 67 71
22 34 93 87
22 35 19 22
22 36 2 6
22 37 44 40
22 38 39 46
22 39 48 52
22 40 31 33
22 41 22 22
23 24 66 64
23 25 66 69
23 26 57 52
23 27 73 76
23 28 91 77
23 29 39 47
23 30 12 20
23 31 84 84
23 32 39 37
23 33 54 60
23 34 6 10
23 35 9 11
23 36 85 75
23 37 36 31
23 38 14 18
23 39 13 11
23 40 90 83
23 41 26 35
24 25 0 2
24 26 46 53
24 27 30 39
24 28 64 64
24 29 15 23
24 30 76 74
24 31 65 56
24 32 87 81
24 33 86 78
24 34 1 12
24 35 81 77
24 36 58 57
24 37 53 51
24 38 34 39
24 39 67 68
24 40 9 8
24 41 34 32
25 26 33 34
25 27 47 54
25 28 87 76
25 29 39 45
25 30 41 42
25 31 49 54
25 32 69 58
25 33 10 12
25 34 59 52
25 35 51 55
25 36 2 6
25 37 24 36
25 38 10 11
25 39 84 80
25 40 48 50
25 41 49 43
26 27 16 26
26 28 15 18
26 29 60 66
26 30 30 33
26 31 88 85
26 32 23 28
26 33 21 18
26 34 85 81
26 35 97 95
26 36 14 14
26 37 89 86
26 38 58 55
26 39 86 86
26 40 84 84
26 41 86 77
27 28 26 24
27 29 51 51
27 30 49 51
27 31 60 52
27 32 25 21
27 33 93 85
27 34 34 31
27 35 58 63
27 36 24 27
27 37 84 76
27 38 39 47
27 39 15 24
27 40 21 26
27 41 43 39
28 29 29 30
28 30 28 25
28 31 57 49
28 32 31 26
28 33 10 22
28 34 25 33
28 35 64 58
28 36 50 51
28 37 5 11
28 38 14 24
28 39 75 68
28 40 3 7
28 41 86 77
29 30 83 77
29 31 81 75
29 32 64 55
29 33 20 25
29 34 74 66
29 35 78 73
29 36 82 76
29 37 46 49
29 38 94 95
29 39 22 28
29 40 64 67
29 41 78 72
30 31 91 85
30 32 85 83
30 33 0 3
30 34 51 46
30 35 60 65
30 36 71 61
30 37 11 23
30 38 11 12
30 39 27 28
30 40 91 91
30 41 14 26
31 32 21 27
31 33 77 70
31 34 34 35
31 35 97 83
31 36 80 75
31 37 59 59
31 38 37 35
31 39 1 12
31 40 33 38
31 41 15 27
32 33 10 13
32 34 40 41
32 35 78 73
32 36 3 5
32 37 98 92
32 38 9 19
32 39 30 34
32 40 84 79
32 41 36 32
33 34 65 68
33 35 61 66
33 36 11 10
33 37 13 18
33 38 20 22
33 39 92 88
33 40 1 8
33 41 58 57
34 35 74 71
34 36 78 70
34 37 60 66
34 38 35 33
34 39 25 34
34 40 7 9
34 41 16 18
35 36 50 48
35 37 88 81
35 38 91 88
35 39 97 86
35 40 6 12
35 41 52 51
36 37 52 58
36 38 15 15
36 39 83 73
36 40 34 30
36 41 72 61
37 38 95 89
37 39 14 26
37 40 58 55
37 41 12 14
38 39 13 16
38 40 25 25
38 41 11 10
39 40 82 74
39 41 52 50
40 41 40 44
