42
0 1 4 18
0 2 11 39
0 3 51 55
0 4 80 64
0 5 32 22
0 6 59 73
0 7 34 40
0 8 50 27
0 9 61 60
0 10 71 67
0 11 11 52
0 12 47 58
0 13 81 63
0 14 99 88
0 15 1 19
0 16 77 62
0 17 51 56
0 18 57 58
0 19 50 65
0 20 68 61
0 21 96 58
0 22 83 61
0 23 23 45
0 24 33 34
0 25 90 55
0 26 15 43
0 27 22 52
0 28 45 38
0 29 65 40
0 30 28 57
0 31 36 20
0 32 95 86
0 33 17 33
0 34 52 62
0 35 82 43
0 36 39 41
0 37 83 44
0 38 48 55
0 39 85 66
0 40 56 66
0 41 31 39
1 2 23 28
1 3 79 86
1 4 80 46
1 5 26 24
1 6 18 45
1 7 33 26
1 8 24 42
1 9 46 35
1 10 51 49
1 11 7 53
1 12 10 51
1 13 45 24
1 14 33 29
1 15 9 7
1 16 63 38
1 17 9 38
1 18 72 73
1 19 96 85
1 20 46 49
1 21 52 28
1 22 51 51
1 23 37 66
1 24 28 54
1 25 77 48
1 26 67 77
1 27 38 50
1 28 74 37
1 29 24 41
1 30 73 84
1 31 78 46
1 32 70 45
1 33 73 37
1 34 65 74
1 35 28 27
1 36 88 47
1 37 63 66
1 38 88 53
1 39 87 89
1 40 7 16
1 41 98 91
2 3 69 49
2 4 30 27
2 5 26 17
2 6 92 46
2 7 37 23
2 8 23 61
2 9 61 32
2 10 23 33
2 11 5 28
2 12 54 34
2 13 24 33
2 14 64 50
2 15 13 29
2 16 98 70
2 17 96 70
2 18 76 46
2 19 75 58
2 20 68 46
2 21 80 41
2 22 83 76
2 23 56 41
2 24 70 82
2 25 98 60
2 26 6 23
2 27 20 31
2 28 30 49
2 29 98 69
2 30 15 26
2 31 68 68
2 32 63 55
2 33 1 49
2 34 49 36
2 35 38 49
2 36 96 94
2 37 14 44
2 38 30 62
2 39 68 60
2 40 88 47
2 41 15 45
3 4 54 77
3 5 59 53
3 6 55 72
3 7 7 42
3 8 26 47
3 9 12 22
3 10 62 72
3 11 50 74
3 12 54 63
3 13 42 31
3 14 94 63
3 15 94 68
3 16 98 85
3 17 78 66
3 18 33 23
3 19 68 71
3 20 4 12
3 21 71 70
3 22 69 58
3 23 13 53
3 24 71 55
3 25 7 24
3 26 22 18
3 27 65 50
3 28 75 66
3 29 48 53
3 30 99 94
3 31 59 76
3 32 97 87
3 33 0 41
3 34 86 51
3 35 8 13
3 36 26 52
3 37 97 81
3 38 26 48
3 39 42 49
3 40 57 77
3 41 33 30
4 5 22 19
4 6 76 63
4 7 39 46
4 8 4 32
4 9 66 44
4 10 24 52
4 11 56 43
4 12 95 88
4 13 9 7
4 14 3 45
4 15 48 63
4 16 13 42
4 17 14 29
4 18 20 12
4 19 41 21
4 20 99 50
4 21 58 61
4 22 95 48
4 23 58 47
4 24 48 71
4 25 23 55
4 26 81 75
4 27 23 46
4 28 35 53
4 29 26 33
4 30 21 39
4 31 19 51
4 32 46 52
4 33 45 66
4 34 72 69
4 35 63 45
4 36 38 60
4 37 75 63
4 38 13 16
4 39 58 69
4 40 75 77
4 41 89 66
5 6 57 70
5 7 73 42
5 8 47 58
5 9 82 71
5 10 25 59
5 11 91 90
5 12 94 71
5 13 55 65
5 14 14 38
5 15 72 66
5 16 87 83
5 17 55 41
5 18 33 66
5 19 72 56
5 20 94 91
5 21 82 69
5 22 59 70
5 23 62 72
5 24 15 20
5 25 41 40
5 26 60 67
5 27 17 47
5 28 60 53
5 29 59 45
5 30 78 40
5 31 56 64
5 32 68 36
5 33 29 17
5 34 96 74
5 35 46 25
5 36 67 41
5 37 17 9
5 38 71 45
5 39 75 38
5 40 12 24
5 41 8 18
6 7 54 47
6 8 44 60
6 9 34 43
6 10 38 19
6 11 30 27
6 12 97 68
6 13 94 85
6 14 55 41
6 15 52 54
6 16 81 56
6 17 25 46
6 18 43 31
6 19 97 93
6 20 2 14
6 21 0 5
6 22 52 59
6 23 75 48
6 24 28 53
6 25 73 45
6 26 86 47
6 27 26 52
6 28 60 36
6 29 18 27
6 30 98 79
6 31 45 37
6 32 27 53
6 33 60 73
6 34 16 44
6 35 71 44
6 36 37 60
6 37 22 60
6 38 81 48
6 39 57 44
6 40 86 65
6 41 5 6
7 8 46 50
7 9 7 26
7 10 81 55
7 11 24 26
7 12 88 77
7 13 56 41
7 14 54 46
7 15 23 32
7 16 63 59
7 17 74 48
7 18 58 48
7 19 68 46
7 20 78 40
7 21 18 31
7 22 61 39
7 23 93 81
7 24 41 21
7 25 65 54
7 26 85 71
7 27 98 79
7 28 52 70
7 29 73 70
7 30 22 16
7 31 16 44
7 32 27 38
7 33 91 74
7 34 32 61
7 35 29 57
7 36 42 40
7 37 56 66
7 38 78 73
7 39 53 28
7 40 90 63
7 41 69 78
8 9 15 10
8 10 17 57
8 11 30 50
8 12 10 43
8 13 80 52
8 14 4 39
8 15 55 28
8 16 92 66
8 17 84 50
8 18 9 22
8 19 85 63
8 20 74 62
8 21 68 55
8 22 9 15
8 23 63 68
8 24 15 55
8 25 64 54
8 26 62 78
8 27 83 80
8 28 50 72
8 29 79 74
8 30 99 72
8 31 0 27
8 32 16 37
8 33 75 60
8 34 21 37
8 35 11 45
8 36 23 37
8 37 11 22
8 38 64 39
8 39 52 74
8 40 92 48
8 41 1 10
9 10 10 20
9 11 29 19
9 12 39 53
9 13 45 62
9 14 3 16
9 15 5 25
9 16 35 36
9 17 5 33
9 18 99 68
9 19 91 65
9 20 52 59
9 21 89 63
9 22 68 68
9 23 3 12
9 24 61 57
9 25 2 9
9 26 11 52
9 27 38 28
9 28 63 64
9 29 85 68
9 30 6 48
9 31 40 67
9 32 65 47
9 33 0 17
9 34 59 62
9 35 66 66
9 36 30 58
9 37 18 29
9 38 80 80
9 39 12 6
9 40 12 10
9 41 93 86
10 11 83 68
10 12 21 21
10 13 54 35
10 14 85 48
10 15 19 35
10 16 92 55
10 17 10 7
10 18 70 60
10 19 67 63
10 20 50 69
10 21 11 55
10 22 17 39
10 23 73 59
10 24 39 58
10 25 17 24
10 26 20 44
10 27 84 71
10 28 73 59
10 29 74 59
10 30 92 74
10 31 69 36
10 32 69 36
10 33 93 59
10 34 1 2
10 35 58 40
10 36 97 71
10 37 34 23
10 38 50 53
10 39 58 57
10 40 71 77
10 41 82 74
11 12 73 65
11 13 67 41
11 14 18 18
11 15 11 11
11 16 66 60
11 17 76 69
11 18 51 47
11 19 62 76
11 20 75 53
11 21 42 30
11 22 74 78
11 23 88 56
11 24 58 65
11 25 22 12
11 26 98 84
11 27 6 21
11 28 30 25
11 29 45 35
11 30 25 34
11 31 64 42
11 32 29 20
11 33 92 87
11 34 45 30
11 35 90 91
11 36 86 50
11 37 29 32
11 38 54 42
11 39 12 34
11 40 61 72
11 41 74 76
12 13 32 47
12 14 10 9
12 15 74 38
12 16 43 38
12 17 28 56
12 18 97 75
12 19 25 17
12 20 65 82
12 21 80 54
12 22 44 59
12 23 1 4
12 24 26 42
12 25 7 5
12 26 3 40
12 27 36 40
12 28 4 49
12 29 12 38
12 30 93 52
12 31 91 92
12 32 33 59
12 33 82 88
12 34 68 55
12 35 84 72
12 36 76 46
12 37 33 51
12 38 42 43
12 39 33 44
12 40 60 73
12 41 35 38
13 14 21 34
13 15 93 94
13 16 82 68
13 17 99 82
13 18 19 20
13 19 85 72
13 20 24 16
13 21 36 27
13 22 45 38
13 23 18 34
13 24 35 17
13 25 39 24
13 26 32 34
13 27 40 60
13 28 70 42
13 29 27 42
13 30 45 46
13 31 29 46
13 32 92 69
13 33 28 44
13 34 28 24
13 35 27 15
13 36 6 26
13 37 34 46
13 38 96 60
13 39 70 42
13 40 87 72
13 41 92 47
14 15 17 38
14 16 22 20
14 17 45 37
14 18 5 42
14 19 97 70
14 20 2 25
14 21 21 51
14 22 73 48
14 23 43 68
14 24 57 66
14 25 49 51
14 26 68 35
14 27 30 42
14 28 72 48
14 29 32 17
14 30 43 66
14 31 44 61
14 32 8 27
14 33 60 65
14 34 47 31
14 35 98 78
14 36 6 7
14 37 99 99
14 38 7 32
14 39 56 61
14 40 52 38
14 41 30 63
15 16 87 67
15 17 93 55
15 18 35 63
15 19 5 39
15 20 21 55
15 21 5 16
15 22 3 47
15 23 20 22
15 24 53 35
15 25 5 22
15 26 98 52
15 27 6 24
15 28 72 82
15 29 53 36
15 30 0 34
15 31 81 61
15 32 26 38
15 33 8 17
15 34 59 64
15 35 22 20
15 36 43 66
15 37 29 61
15 38 42 39
15 39 29 58
15 40 88 57
15 41 27 33
16 17 44 47
16 18 48 74
16 19 93 84
16 20 33 44
16 21 98 90
16 22 77 70
16 23 63 72
16 24 91 83
16 25 67 68
16 26 13 29
16 27 35 44
16 28 36 40
16 29 36 62
16 30 88 53
16 31 98 51
16 32 64 44
16 33 93 85
16 34 56 75
16 35 8 30
16 36 48 35
16 37 58 42
16 38 65 79
16 39 75 57
16 40 50 72
16 41 12 17
17 18 4 51
17 19 57 52
17 20 12 31
17 21 99 90
17 22 6 17
17 23 62 70
17 24 9 27
17 25 97 50
17 26 19 52
17 27 7 40
17 28 61 76
17 29 59 58
17 30 62 57
17 31 62 55
17 32 27 26
17 33 70 47
17 34 27 44
17 35 35 59
17 36 29 24
17 37 0 43
17 38 45 68
17 39 29 26
17 40 46 57
17 41 52 46
18 19 55 54
18 20 3 41
18 21 56 57
18 22 78 83
18 23 45 61
18 24 8 38
18 25 79 43
18 26 63 33
18 27 18 19
18 28 55 29
18 29 74 49
18 30 81 85
18 31 40 53
18 32 59 61
18 33 37 31
18 34 92 88
18 35 31 50
18 36 17 24
18 37 9 9
18 38 69 79
18 39 60 47
18 40 8 50
18 41 86 91
19 20 21 56
19 21 48 53
19 22 97 88
19 23 69 39
19 24 8 12
19 25 45 30
19 26 26 31
19 27 4 42
19 28 32 22
19 29 15 40
19 30 8 40
19 31 91 95
19 32 8 18
19 33 67 53
19 34 48 45
19 35 14 36
19 36 83 43
19 37 11 24
19 38 73 44
19 39 48 73
19 40 79 52
19 41 25 49
20 21 24 48
20 22 67 55
20 23 86 46
20 24 0 26
20 25 18 47
20 26 9 31
20 27 34 19
20 28 2 3
20 29 99 99
20 30 47 73
20 31 95 70
20 32 39 24
20 33 51 48
20 34 37 55
20 35 44 30
20 36 99 73
20 37 6 25
20 38 97 56
20 39 87 68
20 40 86 84
20 41 84 79
21 22 91 70
21 23 75 73
21 24 83 87
21 25 29 29
21 26 98 76
21 27 1 28
21 28 12 27
21 29 79 68
21 30 82 49
21 31 46 51
21 32 97 48
21 33 0 34
21 34 43 44
21 35 26 45
21 36 66 46
21 37 74 80
21 38 84 90
21 39 98 75
21 40 15 57
21 41 83 46
22 23 97 86
22 24 97 98
22 25 34 34
22 26 44 70
22 27 74 49
22 28 22 33
22 29 94 50
22 30 88 79
22 31 92 52
22 32 91 84
22 33 71 51
22 34 23 32
22 35 23 26
22 36 53 29
22 37 45 49
22 38 96 72
22 39 8 9
22 40 94 59
22 41 33 30
23 24 7 32
23 25 63 78
23 26 99 60
23 27 15 17
23 28 56 55
23 29 47 56
23 30 56 33
23 31 56 49
23 32 34 30
23 33 85 51
23 34 28 19
23 35 44 32
23 36 33 58
23 37 90 94
23 38 51 30
23 39 61 53
23 40 93 80
23 41 70 43
24 25 87 92
24 26 32 27
24 27 97 79
24 28 75 48
24 29 35 64
24 30 2 34
24 31 0 16
24 32 80 86
24 33 90 47
24 34 24 23
24 35 92 58
24 36 88 78
24 37 43 35
24 38 67 59
24 39 22 59
24 40 8 10
24 41 40 47
25 26 75 62
25 27 60 77
25 28 51 62
25 29 6 51
25 30 59 37
25 31 95 61
25 32 43 70
25 33 47 28
25 34 41 28
25 35 16 48
25 36 23 44
25 37 24 14
25 38 11 11
25 39 57 39
25 40 47 54
25 41 16 24
26 27 60 57
26 28 54 55
26 29 36 37
26 30 7 46
26 31 67 34
26 32 99 95
26 33 90 76
26 34 68 42
26 35 24 19
26 36 47 66
26 37 80 61
26 38 91 68
26 39 3 36
26 40 25 15
26 41 98 89
27 28 96 88
27 29 80 47
27 30 3 35
27 31 70 72
27 32 41 65
27 33 13 14
27 34 28 43
27 35 35 18
27 36 76 41
27 37 66 68
27 38 30 64
27 39 91 81
27 40 61 70
27 41 97 48
28 29 47 70
28 30 28 52
28 31 98 71
28 32 13 50
28 33 10 14
28 34 96 84
28 35 38 37
28 36 36 66
28 37 81 51
28 38 41 22
28 39 41 27
28 40 28 54
28 41 82 86
29 30 94 82
29 31 68 77
29 32 29 21
29 33 76 62
29 34 4 32
29 35 95 73
29 36 52 71
29 37 46 45
29 38 17 17
29 39 80 69
29 40 63 78
29 41 3 10
30 31 75 53
30 32 46 60
30 33 47 73
30 34 68 66
30 35 70 85
30 36 52 54
30 37 61 69
30 38 25 56
30 39 43 70
30 40 28 19
30 41 91 94
31 32 29 18
31 33 79 84
31 34 77 81
31 35 6 31
31 36 6 26
31 37 18 31
31 38 72 61
31 39 48 35
31 40 41 48
31 41 19 24
32 33 13 36
32 34 97 62
32 35 77 73
32 36 48 48
32 37 63 51
32 38 69 34
32 39 83 67
32 40 85 54
32 41 39 52
33 34 49 24
33 35 89 45
33 36 8 10
33 37 52 58
33 38 90 92
33 39 93 86
33 40 14 43
33 41 14 31
34 35 18 36
34 36 72 46
34 37 2 20
34 38 1 26
34 39 98 53
34 40 72 51
34 41 0 36
35 36 90 73
35 37 48 61
35 38 91 52
35 39 94 91
35 40 2 20
35 41 58 59
36 37 82 67
36 38 86 44
36 39 70 70
36 40 9 9
36 41 53 48
37 38 66 43
37 39 16 29
37 40 88 93
37 41 66 46
38 39 90 94
38 40 9 16
38 41 13 30
39 40 10 37
39 41 54 65
40 41 34 59
