42
0 1 32 16
0 2 47 65
0 3 29 68
0 4 62 24
0 5 1 9
0 6 67 25
0 7 94 95
0 8 88 50
0 9 14 12
0 10 31 52
0 11 87 21
0 12 62 54
0 13 1 47
0 14 58 46
0 15 27 53
0 16 4 35
0 17 75 94
0 18 66 54
0 19 84 17
0 20 59 41
0 21 74 21
0 22 64 89
0 23 71 64
0 24 88 67
0 25 0 30
0 26 19 81
0 27 33 69
0 28 31 43
0 29 34 17
0 30 33 18
0 31 58 74
0 32 42 47
0 33 32 67
0 34 58 75
0 35 83 19
0 36 8 54
0 37 1 59
0 38 57 39
0 39 64 90
0 40 38 39
0 41 9 33
1 2 65 87
1 3 69 62
1 4 21 25
1 5 79 84
1 6 72 48
1 7 5 78
1 8 52 48
1 9 81 36
1 10 75 44
1 11 96 33
1 12 17 26
1 13 3 19
1 14 25 54
1 15 72 85
1 16 44 64
1 17 60 51
1 18 55 60
1 19 60 54
1 20 10 53
1 21 37 22
1 22 1 64
1 23 43 37
1 24 97 65
1 25 20 10
1 26 97 69
1 27 35 18
1 28 37 75
1 29 59 31
1 30 66 50
1 31 96 35
1 32 58 62
1 33 18 44
1 34 45 9
1 35 61 80
1 36 45 14
1 37 70 28
1 38 42 87
1 39 12 6
1 40 62 89
1 41 68 40
2 3 27 15
2 4 54 75
2 5 55 33
2 6 55 32
2 7 27 25
2 8 14 8
2 9 78 79
2 10 74 18
2 11 64 89
2 12 56 15
2 13 88 75
2 14 63 60
2 15 24 29
2 16 68 46
2 17 16 61
2 18 65 69
2 19 50 17
2 20 8 54
2 21 1 59
2 22 94 46
2 23 83 73
2 24 28 42
2 25 46 60
2 26 84 58
2 27 2 36
2 28 46 38
2 29 87 47
2 30 68 15
2 31 0 27
2 32 47 59
2 33 77 53
2 34 19 23
2 35 26 37
2 36 54 27
2 37 59 57
2 38 68 40
2 39 96 57
2 40 21 77
2 41 17 18
3 4 49 65
3 5 73 16
3 6 78 22
3 7 29 52
3 8 49 63
3 9 7 62
3 10 21 36
3 11 54 79
3 12 58 89
3 13 42 54
3 14 5 75
3 15 44 61
3 16 40 87
3 17 23 8
3 18 40 62
3 19 74 72
3 20 27 52
3 21 46 85
3 22 19 76
3 23 13 5
3 24 28 25
3 25 13 76
3 26 45 87
3 27 43 63
3 28 34 35
3 29 71 64
3 30 14 24
3 31 33 38
3 32 22 23
3 33 4 51
3 34 96 56
3 35 47 62
3 36 31 85
3 37 28 80
3 38 65 46
3 39 93 66
3 40 19 23
3 41 64 41
4 5 83 46
4 6 35 32
4 7 63 22
4 8 71 42
4 9 3 30
4 10 1 67
4 11 89 75
4 12 5 4
4 13 25 66
4 14 77 35
4 15 6 14
4 16 33 83
4 17 69 58
4 18 45 80
4 19 73 86
4 20 99 57
4 21 67 13
4 22 11 77
4 23 2 77
4 24 56 77
4 25 5 48
4 26 73 50
4 27 64 27
4 28 76 90
4 29 54 44
4 30 33 65
4 31 39 21
4 32 39 11
4 33 26 62
4 34 20 15
4 35 84 54
4 36 3 70
4 37 13 47
4 38 77 17
4 39 65 73
4 40 81 59
4 41 28 33
5 6 94 33
5 7 85 57
5 8 27 82
5 9 98 96
5 10 3 66
5 11 77 54
5 12 89 51
5 13 83 23
5 14 34 81
5 15 41 58
5 16 70 57
5 17 34 52
5 18 34 63
5 19 27 23
5 20 19 15
5 21 84 56
5 22 86 54
5 23 1 72
5 24 85 70
5 25 71 61
5 26 98 21
5 27 5 64
5 28 20 64
5 29 63 36
5 30 17 57
5 31 87 60
5 32 87 30
5 33 95 54
5 34 74 19
5 35 9 37
5 36 26 45
5 37 22 34
5 38 81 21
5 39 32 76
5 40 73 87
5 41 8 11
6 7 14 64
6 8 81 42
6 9 92 98
6 10 82 41
6 11 92 29
6 12 92 64
6 13 18 12
6 14 4 39
6 15 78 37
6 16 60 21
6 17 34 8
6 18 87 61
6 19 20 4
6 20 20 5
6 21 58 59
6 22 31 19
6 23 46 87
6 24 23 22
6 25 26 9
6 26 72 67
6 27 48 85
6 28 44 59
6 29 53 28
6 30 51 77
6 31 47 78
6 32 68 81
6 33 35 81
6 34 31 48
6 35 87 59
6 36 77 80
6 37 9 19
6 38 98 74
6 39 24 60
6 40 80 80
6 41 49 33
7 8 21 23
7 9 91 54
7 10 76 91
7 11 82 96
7 12 86 88
7 13 49 53
7 14 5 73
7 15 41 51
7 16 79 21
7 17 39 43
7 18 79 53
7 19 31 60
7 20 41 87
7 21 32 27
7 22 31 75
7 23 10 46
7 24 18 61
7 25 0 41
7 26 7 23
7 27 94 72
7 28 6 59
7 29 12 23
7 30 49 39
7 31 47 85
7 32 94 74
7 33 68 39
7 34 78 71
7 35 23 77
7 36 27 48
7 37 71 82
7 38 5 35
7 39 50 85
7 40 97 60
7 41 24 65
8 9 13 30
8 10 51 41
8 11 87 44
8 12 25 28
8 13 8 65
8 14 15 71
8 15 85 92
8 16 98 67
8 17 85 96
8 18 88 47
8 19 40 67
8 20 71 38
8 21 93 62
8 22 24 45
8 23 65 61
8 24 24 39
8 25 94 55
8 26 83 33
8 27 2 41
8 28 1 68
8 29 27 23
8 30 76 19
8 31 16 47
8 32 24 67
8 33 25 50
8 34 46 82
8 35 59 36
8 36 69 90
8 37 26 57
8 38 28 21
8 39 99 71
8 40 53 78
8 41 42 47
9 10 52 73
9 11 9 74
9 12 22 32
9 13 4 12
9 14 43 10
9 15 35 56
9 16 67 73
9 17 27 42
9 18 55 67
9 19 23 80
9 20 25 19
9 21 83 31
9 22 64 56
9 23 93 52
9 24 63 17
9 25 59 88
9 26 82 48
9 27 34 65
9 28 41 60
9 29 81 77
9 30 70 65
9 31 33 40
9 32 96 68
9 33 4 26
9 34 19 7
9 35 8 8
9 36 99 43
9 37 18 32
9 38 66 26
9 39 96 45
9 40 49 40
9 41 79 16
10 11 94 44
10 12 17 16
10 13 52 24
10 14 44 56
10 15 27 21
10 16 68 66
10 17 95 41
10 18 63 68
10 19 96 61
10 20 20 46
10 21 17 44
10 22 54 49
10 23 22 53
10 24 86 78
10 25 7 9
10 26 65 64
10 27 96 75
10 28 41 27
10 29 82 52
10 30 88 77
10 31 94 25
10 32 96 73
10 33 99 75
10 34 22 9
10 35 74 29
10 36 54 47
10 37 81 75
10 38 22 24
10 39 73 34
10 40 84 28
10 41 34 50
11 12 18 44
11 13 53 44
11 14 92 51
11 15 80 66
11 16 43 48
11 17 51 79
11 18 98 94
11 19 48 16
11 20 99 32
11 21 69 72
11 22 78 46
11 23 79 16
11 24 94 97
11 25 12 70
11 26 39 86
11 27 41 49
11 28 14 28
11 29 2 24
11 30 85 44
11 31 52 28
11 32 99 20
11 33 22 6
11 34 20 11
11 35 17 63
11 36 86 31
11 37 81 45
11 38 85 20
11 39 21 43
11 40 62 46
11 41 93 96
12 13 48 70
12 14 46 13
12 15 40 56
12 16 22 71
12 17 74 34
12 18 38 78
12 19 66 45
12 20 57 75
12 21 60 16
12 22 73 26
12 23 67 73
12 24 20 64
12 25 10 11
12 26 32 40
12 27 99 76
12 28 50 70
12 29 28 28
12 30 46 73
12 31 7 56
12 32 97 62
12 33 67 64
12 34 17 80
12 35 69 15
12 36 44 58
12 37 60 62
12 38 2 13
12 39 52 79
12 40 96 45
12 41 55 27
13 14 92 80
13 15 0 32
13 16 27 47
13 17 18 43
13 18 15 54
13 19 40 69
13 20 66 40
13 21 33 61
13 22 5 5
13 23 40 67
13 24 99 57
13 25 54 62
13 26 74 26
13 27 80 88
13 28 80 70
13 29 8 62
13 30 62 80
13 31 94 42
13 32 31 49
13 33 21 32
13 34 70 36
13 35 76 31
13 36 6 41
13 37 76 79
13 38 58 36
13 39 95 80
13 40 47 34
13 41 17 22
14 15 58 21
14 16 65 38
14 17 94 98
14 18 38 54
14 19 96 62
14 20 96 91
14 21 57 64
14 22 94 96
14 23 47 42
14 24 84 43
14 25 37 80
14 26 12 64
14 27 50 11
14 28 50 44
14 29 66 67
14 30 75 69
14 31 55 12
14 32 88 77
14 33 81 36
14 34 98 31
14 35 32 27
14 36 16 6
14 37 70 42
14 38 65 50
14 39 78 87
14 40 14 22
14 41 51 18
15 16 47 50
15 17 96 88
15 18 47 60
15 19 17 51
15 20 65 43
15 21 56 82
15 22 86 24
15 23 93 80
15 24 73 54
15 25 24 43
15 26 3 79
15 27 4 68
15 28 77 71
15 29 3 59
15 30 23 18
15 31 46 26
15 32 24 39
15 33 7 21
15 34 62 52
15 35 63 53
15 36 68 33
15 37 64 14
15 38 33 81
15 39 74 93
15 40 20 73
15 41 86 55
16 17 44 57
16 18 59 65
16 19 9 49
16 20 9 31
16 21 10 26
16 22 61 74
16 23 56 31
16 24 44 67
16 25 41 21
16 26 14 28
16 27 18 55
16 28 41 59
16 29 74 18
16 30 93 65
16 31 20 39
16 32 58 80
16 33 14 17
16 34 64 40
16 35 11 34
16 36 80 93
16 37 16 37
16 38 44 12
16 39 72 22
16 40 64 22
16 41 81 90
17 18 93 37
17 19 65 84
17 20 28 26
17 21 60 27
17 22 78 21
17 23 72 67
17 24 85 64
17 25 77 86
17 26 56 64
17 27 33 49
17 28 17 27
17 29 70 18
17 30 49 50
17 31 98 69
17 32 58 40
17 33 44 29
17 34 76 60
17 35 93 79
17 36 72 75
17 37 5 55
17 38 12 37
17 39 52 28
17 40 41 59
17 41 41 71
18 19 65 80
18 20 94 79
18 21 43 40
18 22 57 78
18 23 8 69
18 24 61 49
18 25 97 35
18 26 10 7
18 27 66 77
18 28 93 45
18 29 51 76
18 30 20 60
18 31 72 92
18 32 93 42
18 33 60 28
18 34 30 13
18 35 37 40
18 36 97 56
18 37 83 41
18 38 43 52
18 39 77 73
18 40 42 79
18 41 83 35
19 20 77 21
19 21 18 53
19 22 76 44
19 23 58 62
19 24 77 41
19 25 84 61
19 26 21 12
19 27 29 45
19 28 74 38
19 29 52 71
19 30 5 17
19 31 90 68
19 32 16 34
19 33 44 71
19 34 70 18
19 35 6 40
19 36 18 68
19 37 98 20
19 38 98 90
19 39 38 31
19 40 92 90
19 41 52 66
20 21 77 85
20 22 0 12
20 23 56 34
20 24 44 88
20 25 47 19
20 26 9 9
20 27 7 66
20 28 84 17
20 29 24 30
20 30 5 67
20 31 44 53
20 32 19 43
20 33 89 82
20 34 31 58
20 35 28 51
20 36 3 1
20 37 85 25
20 38 49 50
20 39 46 55
20 40 83 88
20 41 49 40
21 22 61 79
21 23 63 79
21 24 25 50
21 25 55 53
21 26 70 57
21 27 68 45
21 28 49 43
21 29 50 35
21 30 64 28
21 31 44 61
21 32 67 61
21 33 33 46
21 34 1 35
21 35 14 22
21 36 21 81
21 37 30 55
21 38 50 49
21 39 66 63
21 40 1 54
21 41 62 15
22 23 92 63
22 24 13 4
22 25 13 40
22 26 24 72
22 27 75 56
22 28 69 56
22 29 92 82
22 30 94 84
22 31 21 31
22 32 56 33
22 33 49 40
22 34 62 38
22 35 58 31
22 36 62 20
22 37 31 34
22 38 35 51
22 39 42 65
22 40 3 24
22 41 67 69
23 24 98 58
23 25 42 71
23 26 64 63
23 27 0 43
23 28 50 43
23 29 30 85
23 30 60 32
23 31 71 17
23 32 14 55
23 33 55 15
23 34 97 61
23 35 0 68
23 36 58 12
23 37 85 90
23 38 94 72
23 39 10 36
23 40 8 29
23 41 58 87
24 25 50 70
24 26 81 24
24 27 71 50
24 28 76 86
24 29 47 55
24 30 45 69
24 31 30 31
24 32 63 30
24 33 77 68
24 34 7 73
24 35 96 41
24 36 47 74
24 37 27 14
24 38 36 9
24 39 15 15
24 40 29 33
24 41 79 21
25 26 16 22
25 27 70 65
25 28 2 16
25 29 82 74
25 30 25 40
25 31 87 76
25 32 65 77
25 33 59 43
25 34 28 56
25 35 58 77
25 36 44 23
25 37 95 74
25 38 23 35
25 39 83 55
25 40 28 57
25 41 38 13
26 27 86 26
26 28 46 82
26 29 68 60
26 30 95 72
26 31 58 77
26 32 21 17
26 33 60 80
26 34 84 33
26 35 87 85
26 36 17 15
26 37 2 26
26 38 78 32
26 39 60 56
26 40 78 64
26 41 10 73
27 28 74 67
27 29 40 50
27 30 11 67
27 31 68 73
27 32 38 17
27 33 7 76
27 34 42 30
27 35 1 69
27 36 13 4
27 37 36 17
27 38 15 74
27 39 45 65
27 40 50 85
27 41 13 51
28 29 63 81
28 30 39 37
28 31 26 21
28 32 72 33
28 33 45 39
28 34 40 46
28 35 15 67
28 36 92 81
28 37 33 20
28 38 20 26
28 39 42 71
28 40 15 75
28 41 42 67
29 30 1 46
29 31 53 88
29 32 76 50
29 33 81 39
29 34 42 40
29 35 0 59
29 36 66 16
29 37 10 81
29 38 68 36
29 39 50 56
29 40 97 35
29 41 12 63
30 31 6 74
30 32 17 55
30 33 60 24
30 34 81 73
30 35 31 31
30 36 22 15
30 37 20 34
30 38 63 59
30 39 78 60
30 40 40 71
30 41 92 92
31 32 76 91
31 33 6 56
31 34 76 20
31 35 20 45
31 36 57 39
31 37 30 36
31 38 54 22
31 39 71 49
31 40 82 29
31 41 42 36
32 33 26 49
32 34 16 63
32 35 55 80
32 36 43 37
32 37 47 51
32 38 77 56
32 39 1 65
32 40 71 54
32 41 85 89
33 34 53 71
33 35 84 96
33 36 94 37
33 37 46 14
33 38 20 29
33 39 49 68
33 40 54 16
33 41 56 18
34 35 18 62
34 36 19 81
34 37 99 93
34 38 51 50
34 39 51 36
34 40 6 32
34 41 91 79
35 36 29 33
35 37 76 20
35 38 63 34
35 39 44 78
35 40 90 22
35 41 84 33
36 37 68 57
36 38 69 76
36 39 3 60
36 40 25 70
36 41 78 66
37 38 10 24
37 39 98 67
37 40 43 44
37 41 18 34
38 39 8 54
38 40 66 15
38 41 76 51
39 40 33 34
39 41 83 73
40 41 48 16
