45
0 1 26 29
0 2 99 94
0 3 26 36
0 4 5 19
0 5 93 87
0 6 72 64
0 7 7 12
0 8 73 67
0 9 67 68
0 10 45 47
0 11 64 55
0 12 71 66
0 13 3 5
0 14 96 91
0 15 93 90
0 16 11 23
0 17 72 72
0 18 92 81
0 19 18 26
0 20 73 68
0 21 83 76
0 22 72 71
0 23 4 16
0 24 72 61
0 25 95 90
0 26 32 37
0 27 13 21
0 28 56 57
0 29 27 25
0 30 71 72
0 31 92 88
0 32 19 19
0 33 49 56
0 34 9 14
0 35 6 9
0 36 33 42
0 37 61 52
0 38 98 83
0 39 18 21
0 40 87 83
0 41 52 45
0 42 77 69
0 43 33 28
0 44 25 31
1 2 49 45
1 3 99 92
1 4 86 86
1 5 83 71
1 6 83 74
1 7 4 17
1 8 19 17
1 9 13 16
1 10 56 57
1 11 55 55
1 12 81 78
1 13 30 37
1 14 35 41
1 15 9 11
1 16 8 19
1 17 62 65
1 18 40 40
1 19 37 43
1 20 70 69
1 21 90 83
1 22 6 16
1 23 25 35
1 24 80 77
1 25 32 33
1 26 81 77
1 27 43 46
1 28 8 12
1 29 28 37
1 30 81 80
1 31 0 14
1 32 10 17
1 33 61 53
1 34 51 46
1 35 68 60
1 36 95 82
1 37 16 24
1 38 34 41
1 39 70 68
1 40 36 36
1 41 91 81
1 42 89 78
1 43 11 17
1 44 90 86
2 3 59 64
2 4 29 30
2 5 7 14
2 6 57 49
2 7 19 25
2 8 31 35
2 9 64 61
2 10 8 15
2 11 69 72
2 12 72 68
2 13 99 91
2 14 82 70
2 15 1 2
2 16 2 11
2 17 92 83
2 18 0 1
2 19 8 16
2 20 16 25
2 21 35 43
2 22 25 29
2 23 37 32
2 24 41 42
2 25 33 32
2 26 27 31
2 27 59 58
2 28 98 95
2 29 82 81
2 30 3 6
2 31 48 50
2 32 30 27
2 33 39 42
2 34 34 40
2 35 45 52
2 36 80 74
2 37 96 86
2 38 12 23
2 39 62 59
2 40 8 19
2 41 60 56
2 42 87 86
2 43 61 59
2 44 82 70
3 4 32 36
3 5 13 25
3 6 28 38
3 7 69 59
3 8 37 46
3 9 39 34
3 10 95 85
3 11 37 40
3 12 93 84
3 13 99 97
3 14 97 95
3 15 21 22
3 16 97 89
3 17 86 80
3 18 84 83
3 19 77 72
3 20 66 65
3 21 99 94
3 22 9 8
3 23 33 33
3 24 7 12
3 25 76 72
3 26 20 22
3 27 37 37
3 28 38 36
3 29 86 82
3 30 89 76
3 31 8 7
3 32 31 40
3 33 19 30
3 34 54 48
3 35 70 60
3 36 80 76
3 37 13 19
3 38 39 47
3 39 95 92
3 40 21 20
3 41 13 18
3 42 6 10
3 43 96 89
3 44 82 83
4 5 60 61
4 6 52 53
4 7 58 58
4 8 61 54
4 9 48 48
4 10 96 87
4 11 70 72
4 12 71 66
4 13 8 16
4 14 15 24
4 15 98 96
4 16 34 41
4 17 44 41
4 18 64 70
4 19 35 40
4 20 41 42
4 21 72 74
4 22 37 35
4 23 67 67
4 24 81 83
4 25 33 37
4 26 95 95
4 27 47 49
4 28 3 9
4 29 3 6
4 30 42 36
4 31 43 44
4 32 19 17
4 33 77 78
4 34 12 24
4 35 9 8
4 36 26 31
4 37 16 22
4 38 39 36
4 39 54 51
4 40 12 22
4 41 8 10
4 42 14 12
4 43 0 0
4 44 76 78
5 6 57 63
5 7 42 43
5 8 65 68
5 9 72 71
5 10 27 23
5 11 65 62
5 12 27 26
5 13 86 83
5 14 79 68
5 15 73 66
5 16 50 52
5 17 44 46
5 18 50 52
5 19 16 14
5 20 46 54
5 21 43 43
5 22 51 47
5 23 12 25
5 24 47 44
5 25 32 39
5 26 80 79
5 27 2 4
5 28 22 22
5 29 57 57
5 30 47 55
5 31 47 51
5 32 69 63
5 33 22 19
5 34 20 21
5 35 64 57
5 36 30 30
5 37 75 74
5 38 41 43
5 39 94 80
5 40 6 14
5 41 5 18
5 42 56 54
5 43 87 84
5 44 83 80
6 7 26 26
6 8 87 79
6 9 17 24
6 10 61 56
6 11 69 68
6 12 58 53
6 13 73 68
6 14 59 53
6 15 67 63
6 16 10 15
6 17 34 32
6 18 72 66
6 19 5 5
6 20 34 42
6 21 83 73
6 22 7 18
6 23 56 51
6 24 76 73
6 25 36 43
6 26 59 64
6 27 65 66
6 28 18 29
6 29 48 45
6 30 32 39
6 31 9 19
6 32 75 72
6 33 36 40
6 34 97 91
6 35 15 16
6 36 77 74
6 37 66 63
6 38 9 21
6 39 94 91
6 40 36 43
6 41 99 88
6 42 53 49
6 43 55 55
6 44 80 73
7 8 87 81
7 9 44 47
7 10 61 58
7 11 73 67
7 12 52 45
7 13 4 17
7 14 62 67
7 15 12 12
7 16 60 52
7 17 63 54
7 18 98 93
7 19 2 7
7 20 33 36
7 21 58 50
7 22 94 83
7 23 90 78
7 24 78 67
7 25 67 61
7 26 35 31
7 27 17 16
7 28 12 23
7 29 35 37
7 30 64 61
7 31 65 57
7 32 49 49
7 33 9 13
7 34 83 76
7 35 69 64
7 36 23 20
7 37 99 90
7 38 80 72
7 39 51 57
7 40 59 60
7 41 65 67
7 42 44 39
7 43 47 41
7 44 79 79
8 9 2 10
8 10 30 25
8 11 22 26
8 12 41 44
8 13 87 76
8 14 61 53
8 15 99 86
8 16 56 56
8 17 30 36
8 18 8 19
8 19 70 62
8 20 83 84
8 21 82 85
8 22 86 87
8 23 6 10
8 24 78 70
8 25 67 63
8 26 37 42
8 27 39 41
8 28 82 81
8 29 48 48
8 30 8 20
8 31 85 86
8 32 80 77
8 33 71 72
8 34 11 14
8 35 60 61
8 36 84 73
8 37 26 34
8 38 34 39
8 39 87 89
8 40 89 80
8 41 69 61
8 42 49 54
8 43 71 75
8 44 23 21
9 10 66 67
9 11 99 95
9 12 80 69
9 13 38 39
9 14 81 71
9 15 81 80
9 16 21 26
9 17 82 82
9 18 53 58
9 19 40 41
9 20 21 18
9 21 64 57
9 22 8 19
9 23 91 84
9 24 95 90
9 25 70 69
9 26 23 28
9 27 40 39
9 28 2 6
9 29 80 70
9 30 85 84
9 31 80 72
9 32 48 49
9 33 14 18
9 34 15 22
9 35 37 32
9 36 69 60
9 37 81 72
9 38 22 19
9 39 64 57
9 40 31 29
9 41 88 83
9 42 37 44
9 43 56 58
9 44 85 86
10 11 5 11
10 12 97 94
10 13 84 76
10 14 47 49
10 15 41 35
10 16 5 15
10 17 61 66
10 18 73 64
10 19 50 55
10 20 83 84
10 21 68 63
10 22 75 67
10 23 27 35
10 24 66 57
10 25 93 81
10 26 90 77
10 27 42 43
10 28 29 36
10 29 0 12
10 30 69 63
10 31 53 55
10 32 87 79
10 33 42 43
10 34 99 90
10 35 81 83
10 36 53 48
10 37 45 39
10 38 47 55
10 39 96 93
10 40 48 55
10 41 89 76
10 42 24 33
10 43 50 43
10 44 51 56
11 12 76 69
11 13 64 69
11 14 21 33
11 15 10 13
11 16 2 14
11 17 51 55
11 18 38 41
11 19 33 30
11 20 10 20
11 21 97 92
11 22 59 58
11 23 92 87
11 24 85 86
11 25 80 75
11 26 9 13
11 27 70 61
11 28 36 36
11 29 57 56
11 30 23 25
11 31 74 71
11 32 11 21
11 33 16 16
11 34 42 42
11 35 34 32
11 36 41 42
11 37 60 58
11 38 39 36
11 39 67 66
11 40 69 67
11 41 95 82
11 42 98 93
11 43 52 56
11 44 23 33
12 13 31 40
12 14 88 89
12 15 96 84
12 16 6 7
12 17 57 52
12 18 82 81
12 19 90 82
12 20 80 76
12 21 10 15
12 22 74 74
12 23 57 58
12 24 39 38
12 25 30 34
12 26 0 10
12 27 85 78
12 28 43 38
12 29 98 89
12 30 24 33
12 31 32 40
12 32 40 49
12 33 89 79
12 34 14 12
12 35 56 58
12 36 77 80
12 37 16 28
12 38 38 46
12 39 16 16
12 40 43 45
12 41 18 29
12 42 94 90
12 43 94 90
12 44 49 55
13 14 48 52
13 15 88 81
13 16 75 66
13 17 68 71
13 18 49 55
13 19 8 22
13 20 26 33
13 21 13 22
13 22 44 42
13 23 76 70
13 24 50 43
13 25 95 86
13 26 11 12
13 27 84 84
13 28 58 52
13 29 31 33
13 30 26 35
13 31 76 70
13 32 22 19
13 33 53 53
13 34 83 82
13 35 69 59
13 36 89 84
13 37 58 57
13 38 16 18
13 39 79 68
13 40 90 80
13 41 68 62
13 42 7 19
13 43 2 15
13 44 2 6
14 15 56 62
14 16 53 49
14 17 68 65
14 18 71 67
14 19 11 13
14 20 97 90
14 21 55 58
14 22 99 90
14 23 73 72
14 24 53 55
14 25 90 85
14 26 79 69
14 27 31 27
14 28 32 37
14 29 40 44
14 30 86 77
14 31 97 88
14 32 49 50
14 33 67 57
14 34 2 15
14 35 40 43
14 36 49 51
14 37 20 30
14 38 9 13
14 39 34 31
14 40 74 70
14 41 21 27
14 42 43 43
14 43 47 54
14 44 35 39
15 16 10 14
15 17 29 30
15 18 45 41
15 19 26 32
15 20 46 45
15 21 14 19
15 22 29 40
15 23 45 48
15 24 62 57
15 25 52 48
15 26 69 60
15 27 4 17
15 28 36 38
15 29 98 88
15 30 20 18
15 31 45 44
15 32 58 51
15 33 58 51
15 34 92 84
15 35 30 34
15 36 73 70
15 37 62 58
15 38 47 55
15 39 48 42
15 40 74 73
15 41 60 65
15 42 80 70
15 43 56 55
15 44 32 35
16 17 56 51
16 18 62 56
16 19 63 68
16 20 88 79
16 21 81 69
16 22 70 72
16 23 1 1
16 24 89 89
16 25 63 60
16 26 70 71
16 27 71 67
16 28 19 20
16 29 83 74
16 30 69 59
16 31 12 25
16 32 12 13
16 33 88 75
16 34 87 81
16 35 66 69
16 36 85 74
16 37 37 41
16 38 51 54
16 39 1 11
16 40 51 50
16 41 47 43
16 42 39 35
16 43 2 9
16 44 97 88
17 18 2 10
17 19 76 76
17 20 51 56
17 21 83 77
17 22 34 39
17 23 70 64
17 24 77 70
17 25 37 43
17 26 21 30
17 27 31 37
17 28 54 52
17 29 55 59
17 30 6 9
17 31 77 79
17 32 88 83
17 33 23 27
17 34 52 54
17 35 86 80
17 36 39 47
17 37 98 85
17 38 50 47
17 39 64 69
17 40 24 28
17 41 68 58
17 42 47 49
17 43 62 59
17 44 66 70
18 19 5 19
18 20 19 25
18 21 11 10
18 22 78 74
18 23 23 21
18 24 23 22
18 25 29 31
18 26 25 33
18 27 45 48
18 28 60 62
18 29 46 42
18 30 42 43
18 31 70 70
18 32 61 62
18 33 68 65
18 34 48 55
18 35 7 16
18 36 22 29
18 37 81 84
18 38 9 17
18 39 58 61
18 40 14 18
18 41 16 15
18 42 63 59
18 43 4 5
18 44 6 17
19 20 90 91
19 21 27 32
19 22 62 59
19 23 60 63
19 24 85 85
19 25 44 45
19 26 56 54
19 27 31 40
19 28 48 47
19 29 30 32
19 30 0 7
19 31 88 84
19 32 20 25
19 33 40 39
19 34 8 8
19 35 72 74
19 36 75 66
19 37 86 82
19 38 67 71
19 39 86 76
19 40 92 88
19 41 92 85
19 42 9 20
19 43 25 23
19 44 48 54
20 21 38 41
20 22 9 13
20 23 76 76
20 24 4 12
20 25 96 92
20 26 59 61
20 27 85 76
20 28 99 87
20 29 65 64
20 30 42 49
20 31 16 23
20 32 34 39
20 33 50 47
20 34 96 88
20 35 21 30
20 36 55 53
20 37 98 94
20 38 39 40
20 39 98 96
20 40 15 20
20 41 98 86
20 42 22 29
20 43 60 65
20 44 0 10
21 22 8 21
21 23 71 60
21 24 82 70
21 25 35 30
21 26 38 36
21 27 17 25
21 28 20 20
21 29 87 83
21 30 26 28
21 31 14 18
21 32 54 56
21 33 44 46
21 34 43 50
21 35 36 31
21 36 24 27
21 37 70 69
21 38 17 26
21 39 82 77
21 40 99 93
21 41 19 22
21 42 36 36
21 43 74 68
21 44 86 88
22 23 72 61
22 24 69 63
22 25 77 73
22 26 11 11
22 27 69 70
22 28 74 74
22 29 87 77
22 30 7 15
22 31 43 42
22 32 67 70
22 33 60 64
22 34 59 51
22 35 1 13
22 36 2 14
22 37 85 84
22 38 37 41
22 39 83 80
22 40 38 34
22 41 57 62
22 42 85 73
22 43 64 57
22 44 33 35
23 24 14 21
23 25 79 71
23 26 45 41
23 27 93 89
23 28 26 36
23 29 60 63
23 30 33 30
23 31 20 29
23 32 6 13
23 33 65 62
23 34 66 64
23 35 87 80
23 36 39 41
23 37 92 83
23 38 21 22
23 39 13 11
23 40 75 71
23 41 52 59
23 42 11 13
23 43 12 15
23 44 15 23
24 25 20 27
24 26 32 30
24 27 34 43
24 28 66 61
24 29 9 12
24 30 1 3
24 31 2 12
24 32 94 88
24 33 44 48
24 34 83 82
24 35 27 33
24 36 55 59
24 37 12 11
24 38 92 88
24 39 20 18
24 40 58 58
24 41 39 33
24 42 83 71
24 43 97 90
24 44 45 48
25 26 96 84
25 27 35 40
25 28 2 5
25 29 90 86
25 30 20 23
25 31 5 4
25 32 21 32
25 33 20 19
25 34 14 26
25 35 14 20
25 36 37 35
25 37 2 6
25 38 43 48
25 39 94 91
25 40 20 20
25 41 32 38
25 42 31 39
25 43 19 18
25 44 91 90
26 27 90 85
26 28 0 12
26 29 50 52
26 30 94 88
26 31 44 39
26 32 94 82
26 33 63 65
26 34 11 11
26 35 78 72
26 36 46 42
26 37 15 18
26 38 28 29
26 39 83 76
26 40 15 26
26 41 24 26
26 42 3 3
26 43 71 62
26 44 34 35
27 28 12 22
27 29 27 23
27 30 91 83
27 31 20 29
27 32 51 54
27 33 87 81
27 34 72 66
27 35 99 88
27 36 89 84
27 37 75 71
27 38 89 78
27 39 51 44
27 40 51 50
27 41 79 80
27 42 37 40
27 43 75 76
27 44 87 85
28 29 18 24
28 30 60 53
28 31 79 69
28 32 85 74
28 33 56 55
28 34 39 38
28 35 49 55
28 36 16 26
28 37 23 24
28 38 86 80
28 39 28 36
28 40 55 47
28 41 37 38
28 42 10 14
28 43 86 74
28 44 91 78
29 30 18 17
29 31 88 81
29 32 52 50
29 33 99 92
29 34 0 9
29 35 54 47
29 36 52 48
29 37 69 72
29 38 94 82
29 39 79 75
29 40 75 65
29 41 62 67
29 42 78 73
29 43 98 89
29 44 9 19
30 31 31 37
30 32 24 34
30 33 68 64
30 34 47 51
30 35 19 28
30 36 22 26
30 37 7 16
30 38 90 85
30 39 96 82
30 40 10 21
30 41 62 60
30 42 7 6
30 43 83 81
30 44 1 15
31 32 46 44
31 33 11 14
31 34 14 20
31 35 44 42
31 36 55 47
31 37 44 41
31 38 13 16
31 39 17 18
31 40 7 12
31 41 54 49
31 42 52 51
31 43 79 80
31 44 13 22
32 33 16 20
32 34 65 69
32 35 60 54
32 36 9 22
32 37 45 43
32 38 92 82
32 39 19 30
32 40 73 74
32 41 74 73
32 42 43 47
32 43 90 90
32 44 4 4
33 34 81 74
33 35 31 41
33 36 18 18
33 37 47 44
33 38 3 3
33 39 85 86
33 40 41 39
33 41 82 75
33 42 23 30
33 43 9 15
33 44 94 85
34 35 24 23
34 36 14 23
34 37 79 73
34 38 28 30
34 39 17 28
34 40 97 88
34 41 48 47
34 42 83 85
34 43 20 20
34 44 24 30
35 36 55 56
35 37 22 29
35 38 71 75
35 39 94 84
35 40 12 17
35 41 97 83
35 42 24 23
35 43 36 43
35 44 25 34
36 37 94 92
36 38 24 21
36 39 47 50
36 40 82 73
36 41 75 64
36 42 31 38
36 43 34 38
36 44 26 32
37 38 90 86
37 39 51 47
37 40 17 15
37 41 83 72
37 42 74 78
37 43 4 5
37 44 53 58
38 39 49 54
38 40 10 20
38 41 33 30
38 42 67 62
38 43 95 90
38 44 39 48
39 40 23 20
39 41 2 6
39 42 99 97
39 43 85 85
39 44 55 56
40 41 22 33
40 42 83 84
40 43 63 55
40 44 97 91
41 42 13 13
41 43 4 11
41 44 95 90
42 43 34 33
42 44 4 13
43 44 81 79
