48
0 1 98 32
0 2 13 53
0 3 98 58
0 4 72 42
0 5 23 38
0 6 64 58
0 7 46 35
0 8 34 86
0 9 13 81
0 10 35 75
0 11 37 81
0 12 5 15
0 13 31 69
0 14 35 53
0 15 64 17
0 16 80 84
0 17 94 64
0 18 28 78
0 19 28 24
0 20 25 5
0 21 96 76
0 22 80 57
0 23 44 72
0 24 2 4
0 25 18 26
0 26 7 16
0 27 77 66
0 28 92 47
0 29 75 70
0 30 26 11
0 31 25 16
0 32 68 29
0 33 71 20
0 34 30 63
0 35 20 17
0 36 64 25
0 37 27 18
0 38 54 13
0 39 80 36
0 40 19 55
0 41 5 43
0 42 76 29
0 43 38 73
0 44 22 16
0 45 65 90
0 46 31 55
0 47 0 53
1 2 68 39
1 3 62 56
1 4 11 47
1 5 41 65
1 6 47 65
1 7 10 45
1 8 76 58
1 9 46 37
1 10 40 53
1 11 64 63
1 12 97 96
1 13 31 62
1 14 42 52
1 15 56 18
1 16 98 47
1 17 38 40
1 18 47 60
1 19 55 49
1 20 83 60
1 21 97 66
1 22 24 81
1 23 17 55
1 24 59 19
1 25 68 24
1 26 49 54
1 27 79 31
1 28 97 24
1 29 25 21
1 30 27 16
1 31 37 67
1 32 54 39
1 33 46 35
1 34 76 21
1 35 57 14
1 36 29 84
1 37 40 64
1 38 1 28
1 39 87 27
1 40 47 47
1 41 20 30
1 42 71 20
1 43 98 37
1 44 33 12
1 45 18 11
1 46 9 30
1 47 6 19
2 3 46 80
2 4 76 66
2 5 53 52
2 6 59 43
2 7 93 93
2 8 78 54
2 9 34 8
2 10 18 25
2 11 99 69
2 12 27 27
2 13 82 29
2 14 60 21
2 15 88 44
2 16 93 54
2 17 13 18
2 18 1 43
2 19 5 5
2 20 0 4
2 21 45 9
2 22 69 47
2 23 14 73
2 24 81 49
2 25 57 48
2 26 91 81
2 27 2 41
2 28 63 63
2 29 71 21
2 30 61 28
2 31 51 64
2 32 50 35
2 33 65 44
2 34 42 76
2 35 58 50
2 36 66 40
2 37 24 15
2 38 27 38
2 39 53 24
2 40 36 53
2 41 95 63
2 42 30 16
2 43 67 74
2 44 90 62
2 45 59 63
2 46 62 67
2 47 94 39
3 4 68 44
3 5 85 84
3 6 51 80
3 7 67 67
3 8 77 73
3 9 50 41
3 10 2 56
3 11 14 49
3 12 42 72
3 13 79 67
3 14 26 55
3 15 48 19
3 16 16 18
3 17 91 40
3 18 26 67
3 19 71 39
3 20 92 61
3 21 31 31
3 22 48 38
3 23 8 35
3 24 37 76
3 25 62 47
3 26 37 45
3 27 98 85
3 28 42 48
3 29 98 95
3 30 34 78
3 31 41 14
3 32 77 68
3 33 6 17
3 34 22 49
3 35 93 64
3 36 5 28
3 37 10 58
3 38 74 23
3 39 75 89
3 40 64 87
3 41 43 41
3 42 27 84
3 43 58 86
3 44 17 37
3 45 29 44
3 46 43 35
3 47 75 78
4 5 16 54
4 6 94 96
4 7 79 17
4 8 65 69
4 9 83 81
4 10 81 92
4 11 69 37
4 12 83 22
4 13 88 43
4 14 20 5
4 15 78 68
4 16 5 23
4 17 99 67
4 18 96 44
4 19 36 80
4 20 98 94
4 21 87 61
4 22 28 69
4 23 14 64
4 24 50 40
4 25 46 44
4 26 79 19
4 27 21 64
4 28 39 78
4 29 75 88
4 30 57 81
4 31 44 35
4 32 53 20
4 33 13 39
4 34 68 76
4 35 93 23
4 36 4 31
4 37 95 36
4 38 46 84
4 39 22 66
4 40 7 33
4 41 81 86
4 42 14 65
4 43 90 36
4 44 97 19
4 45 55 13
4 46 43 74
4 47 66 29
5 6 23 82
5 7 11 43
5 8 67 24
5 9 88 23
5 10 63 72
5 11 19 32
5 12 73 85
5 13 72 61
5 14 65 28
5 15 31 47
5 16 91 22
5 17 85 56
5 18 89 50
5 19 60 45
5 20 45 36
5 21 95 73
5 22 24 59
5 23 1 77
5 24 18 6
5 25 80 80
5 26 83 76
5 27 74 34
5 28 74 47
5 29 93 89
5 30 10 3
5 31 42 62
5 32 78 36
5 33 15 29
5 34 9 7
5 35 4 13
5 36 64 35
5 37 14 43
5 38 65 33
5 39 84 33
5 40 60 46
5 41 57 76
5 42 92 43
5 43 41 43
5 44 76 58
5 45 62 19
5 46 30 62
5 47 73 84
6 7 75 22
6 8 25 78
6 9 84 95
6 10 98 39
6 11 61 86
6 12 99 46
6 13 12 79
6 14 19 21
6 15 1 74
6 16 42 38
6 17 17 56
6 18 99 49
6 19 83 88
6 20 79 20
6 21 30 83
6 22 15 28
6 23 49 73
6 24 42 64
6 25 99 81
6 26 83 40
6 27 10 40
6 28 44 11
6 29 70 80
6 30 49 64
6 31 38 75
6 32 30 45
6 33 67 34
6 34 25 50
6 35 66 21
6 36 20 8
6 37 61 58
6 38 65 70
6 39 57 30
6 40 22 27
6 41 59 26
6 42 28 6
6 43 31 80
6 44 78 50
6 45 90 74
6 46 70 32
6 47 59 21
7 8 74 71
7 9 17 12
7 10 70 29
7 11 12 76
7 12 75 71
7 13 74 79
7 14 59 47
7 15 72 45
7 16 14 65
7 17 67 74
7 18 42 42
7 19 83 70
7 20 60 21
7 21 22 75
7 22 8 44
7 23 48 22
7 24 10 45
7 25 20 28
7 26 44 32
7 27 1 0
7 28 54 64
7 29 69 19
7 30 3 37
7 31 79 38
7 32 56 30
7 33 63 38
7 34 32 14
7 35 40 9
7 36 79 45
7 37 19 34
7 38 18 18
7 39 52 15
7 40 38 75
7 41 46 18
7 42 88 20
7 43 41 25
7 44 78 42
7 45 57 40
7 46 53 23
7 47 79 52
8 9 2 42
8 10 65 25
8 11 52 34
8 12 22 79
8 13 99 96
8 14 92 34
8 15 49 26
8 16 81 16
8 17 9 49
8 18 76 32
8 19 85 62
8 20 89 48
8 21 59 80
8 22 99 34
8 23 86 38
8 24 78 27
8 25 37 76
8 26 96 46
8 27 95 40
8 28 13 58
8 29 71 39
8 30 85 17
8 31 9 46
8 32 80 36
8 33 44 14
8 34 91 64
8 35 62 14
8 36 35 25
8 37 68 43
8 38 14 71
8 39 54 52
8 40 90 68
8 41 88 54
8 42 0 75
8 43 50 72
8 44 36 46
8 45 51 84
8 46 45 23
8 47 1 24
9 10 26 33
9 11 99 95
9 12 3 26
9 13 30 82
9 14 38 37
9 15 27 47
9 16 83 88
9 17 86 51
9 18 71 20
9 19 37 38
9 20 76 85
9 21 5 74
9 22 93 25
9 23 28 73
9 24 18 66
9 25 44 86
9 26 50 77
9 27 28 83
9 28 41 22
9 29 25 30
9 30 47 64
9 31 23 58
9 32 8 27
9 33 91 85
9 34 60 67
9 35 18 29
9 36 13 49
9 37 82 89
9 38 76 46
9 39 41 8
9 40 79 76
9 41 15 39
9 42 50 74
9 43 86 74
9 44 55 34
9 45 92 24
9 46 28 13
9 47 43 47
10 11 27 72
10 12 49 26
10 13 47 88
10 14 98 35
10 15 8 53
10 16 70 90
10 17 13 48
10 18 55 28
10 19 41 44
10 20 21 25
10 21 24 68
10 22 93 53
10 23 51 68
10 24 48 11
10 25 8 3
10 26 38 80
10 27 30 36
10 28 45 72
10 29 0 31
10 30 10 53
10 31 56 76
10 32 15 24
10 33 27 76
10 34 74 57
10 35 69 71
10 36 65 73
10 37 48 20
10 38 72 35
10 39 31 19
10 40 53 48
10 41 82 84
10 42 45 38
10 43 90 72
10 44 67 16
10 45 72 30
10 46 15 17
10 47 67 93
11 12 39 79
11 13 87 81
11 14 54 71
11 15 59 12
11 16 28 70
11 17 55 30
11 18 90 64
11 19 84 77
11 20 43 69
11 21 8 81
11 22 7 33
11 23 87 28
11 24 48 18
11 25 0 66
11 26 99 20
11 27 60 43
11 28 12 47
11 29 28 14
11 30 79 33
11 31 30 47
11 32 29 82
11 33 48 75
11 34 20 81
11 35 97 26
11 36 62 13
11 37 60 80
11 38 82 70
11 39 96 91
11 40 73 26
11 41 31 74
11 42 35 16
11 43 26 74
11 44 91 64
11 45 85 80
11 46 67 53
11 47 66 52
12 13 36 40
12 14 70 29
12 15 51 84
12 16 22 60
12 17 93 49
12 18 71 32
12 19 43 51
12 20 58 28
12 21 16 71
12 22 17 26
12 23 19 83
12 24 37 27
12 25 99 29
12 26 84 43
12 27 23 33
12 28 45 30
12 29 0 17
12 30 8 19
12 31 66 60
12 32 36 27
12 33 79 62
12 34 78 77
12 35 29 63
12 36 6 63
12 37 40 72
12 38 67 38
12 39 14 65
12 40 72 40
12 41 27 33
12 42 46 31
12 43 95 28
12 44 12 61
12 45 67 60
12 46 10 13
12 47 65 33
13 14 26 74
13 15 62 91
13 16 19 56
13 17 54 38
13 18 85 83
13 19 28 78
13 20 5 70
13 21 52 11
13 22 70 44
13 23 41 10
13 24 91 46
13 25 65 85
13 26 63 54
13 27 95 36
13 28 26 24
13 29 93 40
13 30 74 75
13 31 49 59
13 32 45 52
13 33 70 76
13 34 63 39
13 35 94 30
13 36 75 66
13 37 81 72
13 38 37 62
13 39 90 83
13 40 36 9
13 41 87 26
13 42 10 29
13 43 18 54
13 44 75 48
13 45 7 68
13 46 79 21
13 47 7 80
14 15 48 35
14 16 85 30
14 17 48 78
14 18 43 59
14 19 21 54
14 20 53 11
14 21 81 68
14 22 97 35
14 23 65 27
14 24 50 69
14 25 47 78
14 26 81 90
14 27 47 35
14 28 18 15
14 29 44 41
14 30 71 88
14 31 68 64
14 32 99 90
14 33 58 49
14 34 22 61
14 35 70 64
14 36 42 9
14 37 27 39
14 38 62 21
14 39 34 70
14 40 53 12
14 41 40 53
14 42 67 41
14 43 45 44
14 44 50 33
14 45 92 50
14 46 19 76
14 47 15 79
15 16 30 52
15 17 7 5
15 18 66 40
15 19 63 34
15 20 77 77
15 21 6 30
15 22 16 50
15 23 58 19
15 24 79 20
15 25 60 43
15 26 50 56
15 27 67 35
15 28 57 39
15 29 90 36
15 30 35 64
15 31 91 25
15 32 17 16
15 33 35 66
15 34 17 62
15 35 4 65
15 36 24 42
15 37 40 24
15 38 86 88
15 39 15 67
15 40 68 62
15 41 12 7
15 42 93 30
15 43 61 56
15 44 9 29
15 45 56 56
15 46 18 26
15 47 26 62
16 17 85 96
16 18 65 71
16 19 26 34
16 20 47 89
16 21 35 11
16 22 5 46
16 23 16 66
16 24 47 51
16 25 60 21
16 26 4 5
16 27 46 84
16 28 45 50
16 29 90 92
16 30 17 76
16 31 16 14
16 32 4 49
16 33 19 10
16 34 76 94
16 35 79 41
16 36 55 90
16 37 44 30
16 38 32 69
16 39 35 86
16 40 22 10
16 41 4 44
16 42 76 69
16 43 98 27
16 44 80 26
16 45 79 45
16 46 14 10
16 47 12 8
17 18 57 37
17 19 15 13
17 20 14 54
17 21 99 60
17 22 8 73
17 23 44 79
17 24 25 64
17 25 98 58
17 26 24 49
17 27 6 66
17 28 91 38
17 29 25 72
17 30 99 64
17 31 29 69
17 32 31 13
17 33 11 40
17 34 88 60
17 35 38 83
17 36 40 83
17 37 51 89
17 38 15 16
17 39 63 72
17 40 33 65
17 41 44 66
17 42 4 60
17 43 87 17
17 44 91 28
17 45 99 40
17 46 89 76
17 47 77 35
18 19 75 36
18 20 40 20
18 21 89 93
18 22 35 30
18 23 78 64
18 24 27 51
18 25 26 84
18 26 1 46
18 27 49 19
18 28 96 23
18 29 48 43
18 30 95 56
18 31 64 41
18 32 54 11
18 33 94 30
18 34 16 55
18 35 31 13
18 36 28 59
18 37 45 78
18 38 22 82
18 39 11 77
18 40 26 35
18 41 32 27
18 42 62 55
18 43 60 70
18 44 31 50
18 45 61 53
18 46 43 86
18 47 77 40
19 20 51 19
19 21 45 75
19 22 34 27
19 23 57 89
19 24 5 80
19 25 13 5
19 26 58 48
19 27 69 74
19 28 71 64
19 29 66 36
19 30 4 74
19 31 81 41
19 32 46 42
19 33 94 70
19 34 90 57
19 35 87 72
19 36 81 57
19 37 88 69
19 38 39 48
19 39 64 72
19 40 8 61
19 41 92 97
19 42 29 76
19 43 45 54
19 44 73 31
19 45 75 60
19 46 11 53
19 47 14 37
20 21 44 21
20 22 46 85
20 23 96 51
20 24 46 38
20 25 42 82
20 26 18 57
20 27 32 76
20 28 89 59
20 29 2 46
20 30 31 41
20 31 43 68
20 32 11 20
20 33 2 66
20 34 20 16
20 35 48 50
20 36 32 14
20 37 67 66
20 38 42 72
20 39 46 88
20 40 60 72
20 41 72 34
20 42 22 6
20 43 76 41
20 44 41 39
20 45 10 63
20 46 12 43
20 47 93 92
21 22 26 67
21 23 87 68
21 24 85 43
21 25 38 80
21 26 88 74
21 27 83 55
21 28 19 78
21 29 42 56
21 30 94 92
21 31 96 53
21 32 80 20
21 33 34 50
21 34 63 16
21 35 97 42
21 36 79 48
21 37 21 72
21 38 25 19
21 39 12 70
21 40 31 12
21 41 15 4
21 42 30 59
21 43 19 67
21 44 29 74
21 45 19 35
21 46 62 75
21 47 80 24
22 23 51 42
22 24 16 43
22 25 85 88
22 26 71 32
22 27 67 50
22 28 2 1
22 29 62 72
22 30 32 46
22 31 52 62
22 32 10 9
22 33 89 34
22 34 8 61
22 35 9 13
22 36 88 54
22 37 42 18
22 38 49 75
22 39 47 81
22 40 97 65
22 41 98 64
22 42 28 82
22 43 11 51
22 44 70 81
22 45 19 44
22 46 90 56
22 47 98 29
23 24 74 34
23 25 37 12
23 26 16 21
23 27 31 77
23 28 44 45
23 29 35 59
23 30 57 75
23 31 26 5
23 32 28 34
23 33 33 85
23 34 9 48
23 35 59 85
23 36 45 68
23 37 1 35
23 38 79 57
23 39 88 59
23 40 19 12
23 41 79 84
23 42 78 77
23 43 5 54
23 44 2 4
23 45 18 10
23 46 3 3
23 47 51 36
24 25 63 44
24 26 66 36
24 27 71 62
24 28 50 39
24 29 21 68
24 30 74 65
24 31 9 43
24 32 0 24
24 33 84 65
24 34 77 53
24 35 12 69
24 36 32 53
24 37 74 19
24 38 94 44
24 39 20 18
24 40 80 94
24 41 6 29
24 42 9 75
24 43 48 65
24 44 69 34
24 45 73 47
24 46 39 70
24 47 57 77
25 26 44 58
25 27 81 54
25 28 45 73
25 29 41 58
25 30 71 90
25 31 55 67
25 32 94 31
25 33 42 52
25 34 60 19
25 35 16 55
25 36 80 27
25 37 4 54
25 38 9 10
25 39 69 64
25 40 95 93
25 41 86 19
25 42 28 16
25 43 97 69
25 44 6 47
25 45 88 32
25 46 18 65
25 47 90 70
26 27 25 64
26 28 3 44
26 29 30 28
26 30 18 55
26 31 13 48
26 32 87 72
26 33 11 51
26 34 26 35
26 35 89 55
26 36 44 86
26 37 74 19
26 38 24 66
26 39 34 41
26 40 77 79
26 41 8 27
26 42 21 47
26 43 59 86
26 44 82 78
26 45 6 57
26 46 13 35
26 47 6 32
27 28 94 69
27 29 47 24
27 30 60 59
27 31 20 9
27 32 55 34
27 33 62 49
27 34 48 49
27 35 2 73
27 36 44 45
27 37 62 48
27 38 83 71
27 39 10 80
27 40 73 41
27 41 91 90
27 42 76 74
27 43 17 12
27 44 25 10
27 45 25 43
27 46 7 55
27 47 16 14
28 29 27 43
28 30 63 86
28 31 59 61
28 32 93 92
28 33 73 14
28 34 22 13
28 35 98 58
28 36 85 43
28 37 90 61
28 38 25 62
28 39 98 85
28 40 2 2
28 41 85 96
28 42 9 3
28 43 92 31
28 44 92 82
28 45 70 84
28 46 74 61
28 47 8 67
29 30 16 30
29 31 60 42
29 32 24 12
29 33 19 4
29 34 18 47
29 35 13 5
29 36 82 56
29 37 41 45
29 38 16 3
29 39 32 79
29 40 97 23
29 41 29 7
29 42 54 48
29 43 36 47
29 44 35 48
29 45 45 48
29 46 39 11
29 47 40 28
30 31 47 83
30 32 46 37
30 33 27 80
30 34 17 39
30 35 13 64
30 36 19 51
30 37 19 44
30 38 22 84
30 39 23 13
30 40 13 3
30 41 63 39
30 42 47 48
30 43 75 27
30 44 64 27
30 45 73 49
30 46 27 6
30 47 46 57
31 32 48 15
31 33 46 12
31 34 24 29
31 35 21 56
31 36 55 23
31 37 57 37
31 38 25 36
31 39 88 64
31 40 1 26
31 41 99 88
31 42 19 55
31 43 4 46
31 44 96 62
31 45 33 19
31 46 63 23
31 47 33 68
32 33 69 53
32 34 89 66
32 35 7 14
32 36 42 73
32 37 13 41
32 38 43 85
32 39 56 52
32 40 65 68
32 41 32 57
32 42 5 71
32 43 61 33
32 44 63 55
32 45 84 28
32 46 52 37
32 47 13 47
33 34 16 82
33 35 8 73
33 36 11 4
33 37 49 79
33 38 77 90
33 39 52 22
33 40 99 76
33 41 8 33
33 42 78 72
33 43 10 73
33 44 22 21
33 45 20 7
33 46 99 22
33 47 94 48
34 35 69 80
34 36 56 24
34 37 25 33
34 38 66 22
34 39 86 26
34 40 28 9
34 41 6 49
34 42 62 76
34 43 55 55
34 44 48 44
34 45 75 18
34 46 40 57
34 47 6 19
35 36 35 84
35 37 12 47
35 38 89 41
35 39 80 19
35 40 1 14
35 41 62 38
35 42 74 55
35 43 86 72
35 44 78 67
35 45 1 58
35 46 55 63
35 47 49 49
36 37 61 12
36 38 2 42
36 39 94 88
36 40 58 13
36 41 94 86
36 42 95 53
36 43 32 47
36 44 61 13
36 45 7 52
36 46 37 76
36 47 38 45
37 38 38 54
37 39 43 61
37 40 16 39
37 41 12 18
37 42 80 16
37 43 95 64
37 44 98 72
37 45 96 61
37 46 25 34
37 47 97 55
38 39 1 1
38 40 18 74
38 41 50 43
38 42 59 72
38 43 19 76
38 44 17 25
38 45 31 18
38 46 63 51
38 47 68 24
39 40 95 91
39 41 6 52
39 42 3 48
39 43 81 66
39 44 98 41
39 45 50 32
39 46 32 30
39 47 77 68
40 41 47 58
40 42 49 34
40 43 22 24
40 44 3 66
40 45 32 85
40 46 52 18
40 47 78 64
41 42 24 78
41 43 69 79
41 44 9 11
41 45 41 27
41 46 64 91
41 47 2 54
42 43 53 83
42 44 17 55
42 45 13 18
42 46 93 94
42 47 15 70
43 44 99 26
43 45 63 23
43 46 38 52
43 47 89 97
44 45 84 60
44 46 19 53
44 47 0 68
45 46 31 73
45 47 91 76
46 47 81 75
