17 136
0 1 9 9
0 2 0 91
0 3 97 95
0 4 18 17
0 5 11 16
0 6 12 11
0 7 10 13
0 8 18 13
0 9 17 12
0 10 16 17
0 11 11 12
0 12 19 17
0 13 20 17
0 14 10 11
0 15 19 16
0 16 13 16
1 2 91 0
1 3 95 92
1 4 14 18
1 5 19 12
1 6 9 10
1 7 16 13
1 8 10 12
1 9 15 16
1 10 20 18
1 11 14 15
1 12 12 9
1 13 9 16
1 14 14 11
1 15 15 13
1 16 15 18
2 3 99 94
2 4 20 14
2 5 11 15
2 6 11 13
2 7 16 11
2 8 18 20
2 9 15 17
2 10 15 15
2 11 16 15
2 12 13 18
2 13 19 19
2 14 12 15
2 15 13 16
2 16 11 10
3 4 16 10
3 5 15 13
3 6 10 13
3 7 13 18
3 8 11 19
3 9 13 18
3 10 10 15
3 11 11 17
3 12 17 19
3 13 14 19
3 14 18 16
3 15 12 16
3 16 20 15
4 5 98 95
4 6 94 97
4 7 96 99
4 8 20 19
4 9 17 13
4 10 19 17
4 11 15 15
4 12 17 19
4 13 14 11
4 14 10 14
4 15 15 9
4 16 17 10
5 6 94 96
5 7 93 92
5 8 9 13
5 9 10 14
5 10 11 10
5 11 14 12
5 12 17 11
5 13 15 19
5 14 15 19
5 15 20 11
5 16 10 12
6 7 97 95
6 8 15 10
6 9 12 12
6 10 10 10
6 11 10 14
6 12 11 11
6 13 14 12
6 14 17 13
6 15 10 15
6 16 16 16
7 8 15 13
7 9 13 14
7 10 19 10
7 11 13 10
7 12 14 14
7 13 16 12
7 14 16 16
7 15 19 19
7 16 16 19
8 9 97 96
8 10 96 96
8 11 91 98
8 12 13 11
8 13 19 12
8 14 19 13
8 15 13 16
8 16 15 10
9 10 93 97
9 11 98 96
9 12 14 17
9 13 20 17
9 14 18 14
9 15 13 15
9 16 13 9
10 11 91 97
10 12 12 18
10 13 14 15
10 14 14 15
10 15 14 11
10 16 17 10
11 12 18 19
11 13 10 16
11 14 11 12
11 15 19 18
11 16 16 10
12 13 95 98
12 14 94 95
12 15 95 98
12 16 15 20
13 14 97 91
13 15 95 94
13 16 17 17
14 15 99 99
14 16 12 13
15 16 11 12
0 2
0 3
0 4
0 5
0 6
0 7
0 8
0 9
0 10
0 11
0 12
0 13
0 14
0 15
0 16
0 17
0 18
0 19
0 20
0 21
0 22
0 23
0 24
0 25
0 26
0 27
0 28
0 29
0 30
0 31
0 32
0 33
0 34
0 35
0 36
0 37
0 38
0 39
0 40
0 41
0 42
0 43
0 44
0 45
0 46
0 47
0 48
0 49
0 50
0 51
0 52
0 53
0 54
0 55
0 56
0 57
0 58
0 59
0 60
0 61
0 62
0 63
0 64
0 65
0 66
0 67
0 68
0 69
0 70
0 71
0 72
0 73
0 74
0 75
0 76
0 77
0 78
0 79
0 80
0 81
0 82
0 83
0 84
0 85
0 86
0 87
0 88
0 89
0 90
0 91
0 92
0 93
0 94
0 95
0 96
0 97
0 98
0 99
0 100
0 101
0 102
0 103
0 104
0 105
0 106
0 107
0 108
0 109
0 110
0 111
0 112
0 113
0 114
0 115
0 116
0 117
0 118
0 119
0 120
0 121
0 122
0 123
0 124
0 125
0 126
0 127
0 128
0 129
0 130
0 131
0 132
0 133
0 134
0 135
1 0
1 2
1 3
1 4
1 5
1 6
1 7
1 8
1 9
1 10
1 11
1 12
1 13
1 14
1 15
1 16
1 17
1 18
1 19
1 20
1 21
1 22
1 23
1 24
1 25
1 26
1 27
1 28
1 29
1 30
1 31
1 32
1 33
1 34
1 35
1 36
1 37
1 38
1 39
1 40
1 41
1 42
1 43
1 44
1 45
1 46
1 47
1 48
1 49
1 50
1 51
1 52
1 53
1 54
1 55
1 56
1 57
1 58
1 59
1 60
1 61
1 62
1 63
1 64
1 65
1 66
1 67
1 68
1 69
1 70
1 71
1 72
1 73
1 74
1 75
1 76
1 77
1 78
1 79
1 80
1 81
1 82
1 83
1 84
1 85
1 86
1 87
1 88
1 89
1 90
1 91
1 92
1 93
1 94
1 95
1 96
1 97
1 98
1 99
1 100
1 101
1 102
1 103
1 104
1 105
1 106
1 107
1 108
1 109
1 110
1 111
1 112
1 113
1 114
1 115
1 116
1 117
1 118
1 119
1 120
1 121
1 122
1 123
1 124
1 125
1 126
1 127
1 128
1 129
1 130
1 131
1 132
1 133
1 134
1 135
2 31
2 58
2 100
2 109
2 133
3 2
3 11
3 12
3 14
3 16
3 17
3 19
3 24
3 31
3 32
3 36
3 41
3 57
3 58
3 59
3 60
3 61
3 63
3 70
3 71
3 79
3 81
3 93
3 98
3 100
3 101
3 102
3 104
3 105
3 108
3 109
3 111
3 115
3 121
3 124
3 126
3 127
3 128
3 130
3 131
3 133
4 2
4 3
4 5
4 7
4 8
4 9
4 11
4 12
4 14
4 15
4 16
4 17
4 18
4 19
4 21
4 23
4 24
4 25
4 26
4 28
4 29
4 30
4 31
4 32
4 35
4 36
4 37
4 38
4 39
4 40
4 41
4 42
4 43
4 45
4 46
4 48
4 49
4 50
4 52
4 53
4 54
4 55
4 56
4 57
4 58
4 59
4 60
4 61
4 62
4 63
4 64
4 65
4 66
4 68
4 69
4 70
4 71
4 75
4 76
4 77
4 78
4 79
4 81
4 82
4 83
4 87
4 88
4 90
4 91
4 92
4 93
4 94
4 95
4 96
4 97
4 98
4 99
4 100
4 101
4 102
4 103
4 104
4 105
4 106
4 107
4 108
4 109
4 110
4 111
4 112
4 113
4 114
4 115
4 116
4 117
4 118
4 119
4 120
4 121
4 124
4 125
4 126
4 127
4 128
4 129
4 130
4 131
4 132
4 133
4 134
5 2
5 3
5 7
5 8
5 9
5 11
5 12
5 14
5 15
5 16
5 17
5 18
5 19
5 21
5 23
5 24
5 25
5 28
5 29
5 30
5 31
5 32
5 35
5 36
5 37
5 38
5 39
5 40
5 41
5 42
5 43
5 45
5 46
5 48
5 50
5 53
5 54
5 55
5 56
5 57
5 58
5 59
5 60
5 61
5 62
5 63
5 64
5 65
5 66
5 68
5 69
5 70
5 71
5 75
5 76
5 77
5 78
5 79
5 81
5 82
5 83
5 87
5 88
5 90
5 91
5 92
5 93
5 94
5 95
5 96
5 97
5 98
5 99
5 100
5 101
5 102
5 103
5 104
5 105
5 106
5 107
5 108
5 109
5 110
5 111
5 112
5 113
5 114
5 115
5 116
5 117
5 118
5 119
5 120
5 121
5 124
5 125
5 126
5 127
5 128
5 129
5 130
5 131
5 132
5 133
5 134
6 2
6 3
6 4
6 5
6 7
6 8
6 9
6 10
6 11
6 12
6 14
6 15
6 16
6 17
6 18
6 19
6 21
6 23
6 24
6 25
6 26
6 28
6 29
6 30
6 31
6 32
6 33
6 34
6 35
6 36
6 37
6 38
6 39
6 40
6 41
6 42
6 43
6 44
6 45
6 46
6 48
6 49
6 50
6 51
6 52
6 53
6 54
6 55
6 56
6 57
6 58
6 59
6 60
6 61
6 62
6 63
6 64
6 65
6 66
6 67
6 68
6 69
6 70
6 71
6 73
6 74
6 75
6 76
6 77
6 78
6 79
6 81
6 82
6 83
6 85
6 86
6 87
6 88
6 89
6 90
6 91
6 92
6 93
6 94
6 95
6 96
6 97
6 98
6 99
6 100
6 101
6 102
6 103
6 104
6 105
6 106
6 107
6 108
6 109
6 110
6 111
6 112
6 113
6 114
6 115
6 116
6 117
6 118
6 119
6 120
6 121
6 122
6 123
6 124
6 125
6 126
6 127
6 128
6 129
6 130
6 131
6 132
6 133
6 134
6 135
7 2
7 3
7 11
7 12
7 14
7 16
7 17
7 19
7 24
7 31
7 32
7 36
7 41
7 55
7 57
7 58
7 59
7 60
7 61
7 63
7 70
7 71
7 79
7 81
7 93
7 98
7 100
7 101
7 102
7 104
7 105
7 108
7 109
7 111
7 112
7 115
7 121
7 124
7 126
7 127
7 128
7 130
7 131
7 133
8 2
8 3
8 7
8 11
8 12
8 14
8 16
8 17
8 19
8 24
8 31
8 32
8 36
8 41
8 53
8 55
8 57
8 58
8 59
8 60
8 61
8 62
8 63
8 65
8 70
8 71
8 79
8 81
8 88
8 93
8 98
8 100
8 101
8 102
8 104
8 105
8 108
8 109
8 111
8 112
8 115
8 121
8 124
8 126
8 127
8 128
8 130
8 131
8 132
8 133
9 2
9 3
9 7
9 8
9 11
9 12
9 14
9 16
9 17
9 19
9 24
9 31
9 32
9 36
9 41
9 53
9 55
9 57
9 58
9 59
9 60
9 61
9 62
9 63
9 65
9 69
9 70
9 71
9 76
9 79
9 81
9 88
9 93
9 98
9 99
9 100
9 101
9 102
9 104
9 105
9 108
9 109
9 111
9 112
9 115
9 120
9 121
9 124
9 126
9 127
9 128
9 130
9 131
9 132
9 133
10 2
10 3
10 4
10 5
10 7
10 8
10 9
10 11
10 12
10 14
10 15
10 16
10 17
10 18
10 19
10 21
10 23
10 24
10 25
10 26
10 28
10 29
10 30
10 31
10 32
10 33
10 34
10 35
10 36
10 37
10 38
10 39
10 40
10 41
10 42
10 43
10 45
10 46
10 48
10 49
10 50
10 52
10 53
10 54
10 55
10 56
10 57
10 58
10 59
10 60
10 61
10 62
10 63
10 64
10 65
10 66
10 68
10 69
10 70
10 71
10 75
10 76
10 77
10 78
10 79
10 81
10 82
10 83
10 87
10 88
10 90
10 91
10 92
10 93
10 94
10 95
10 96
10 97
10 98
10 99
10 100
10 101
10 102
10 103
10 104
10 105
10 106
10 107
10 108
10 109
10 110
10 111
10 112
10 113
10 114
10 115
10 116
10 117
10 118
10 119
10 120
10 121
10 124
10 125
10 126
10 127
10 128
10 129
10 130
10 131
10 132
10 133
10 134
11 2
11 12
11 16
11 17
11 24
11 31
11 32
11 41
11 57
11 58
11 59
11 60
11 61
11 70
11 71
11 79
11 81
11 98
11 100
11 101
11 102
11 108
11 109
11 111
11 115
11 124
11 126
11 127
11 128
11 130
11 131
11 133
12 2
12 16
12 17
12 24
12 31
12 58
12 59
12 60
12 61
12 70
12 71
12 81
12 100
12 101
12 102
12 108
12 109
12 115
12 126
12 127
12 128
12 130
12 131
12 133
13 2
13 3
13 4
13 5
13 6
13 7
13 8
13 9
13 10
13 11
13 12
13 14
13 15
13 16
13 17
13 18
13 19
13 21
13 22
13 23
13 24
13 25
13 26
13 28
13 29
13 30
13 31
13 32
13 33
13 34
13 35
13 36
13 37
13 38
13 39
13 40
13 41
13 42
13 43
13 44
13 45
13 46
13 47
13 48
13 49
13 50
13 51
13 52
13 53
13 54
13 55
13 56
13 57
13 58
13 59
13 60
13 61
13 62
13 63
13 64
13 65
13 66
13 67
13 68
13 69
13 70
13 71
13 73
13 74
13 75
13 76
13 77
13 78
13 79
13 80
13 81
13 82
13 83
13 85
13 86
13 87
13 88
13 89
13 90
13 91
13 92
13 93
13 94
13 95
13 96
13 97
13 98
13 99
13 100
13 101
13 102
13 103
13 104
13 105
13 106
13 107
13 108
13 109
13 110
13 111
13 112
13 113
13 114
13 115
13 116
13 117
13 118
13 119
13 120
13 121
13 122
13 123
13 124
13 125
13 126
13 127
13 128
13 129
13 130
13 131
13 132
13 133
13 134
13 135
14 2
14 11
14 12
14 16
14 17
14 24
14 31
14 32
14 41
14 57
14 58
14 59
14 60
14 61
14 63
14 70
14 71
14 79
14 81
14 98
14 100
14 101
14 102
14 108
14 109
14 111
14 115
14 124
14 126
14 127
14 128
14 130
14 131
14 133
15 2
15 3
15 7
15 8
15 9
15 11
15 12
15 14
15 16
15 17
15 18
15 19
15 21
15 23
15 24
15 25
15 28
15 29
15 30
15 31
15 32
15 35
15 36
15 37
15 38
15 39
15 40
15 41
15 45
15 46
15 48
15 50
15 53
15 54
15 55
15 57
15 58
15 59
15 60
15 61
15 62
15 63
15 64
15 65
15 66
15 68
15 69
15 70
15 71
15 75
15 76
15 77
15 78
15 79
15 81
15 82
15 87
15 88
15 90
15 91
15 93
15 95
15 96
15 97
15 98
15 99
15 100
15 101
15 102
15 104
15 105
15 107
15 108
15 109
15 110
15 111
15 112
15 115
15 117
15 118
15 119
15 120
15 121
15 124
15 125
15 126
15 127
15 128
15 129
15 130
15 131
15 132
15 133
16 2
16 17
16 31
16 58
16 59
16 60
16 70
16 71
16 81
16 100
16 101
16 102
16 108
16 109
16 115
16 126
16 127
16 128
16 130
16 131
16 133
17 2
17 31
17 58
17 60
17 81
17 100
17 101
17 109
17 126
17 128
17 130
17 131
17 133
18 2
18 3
18 7
18 8
18 9
18 11
18 12
18 14
18 16
18 17
18 19
18 21
18 23
18 24
18 29
18 30
18 31
18 32
18 35
18 36
18 37
18 38
18 39
18 41
18 45
18 46
18 53
18 54
18 55
18 57
18 58
18 59
18 60
18 61
18 62
18 63
18 64
18 65
18 68
18 69
18 70
18 71
18 76
18 77
18 78
18 79
18 81
18 82
18 88
18 90
18 91
18 93
18 96
18 97
18 98
18 99
18 100
18 101
18 102
18 104
18 105
18 107
18 108
18 109
18 111
18 112
18 115
18 120
18 121
18 124
18 125
18 126
18 127
18 128
18 129
18 130
18 131
18 132
18 133
19 2
19 11
19 12
19 14
19 16
19 17
19 24
19 31
19 32
19 41
19 57
19 58
19 59
19 60
19 61
19 63
19 70
19 71
19 79
19 81
19 98
19 100
19 101
19 102
19 105
19 108
19 109
19 111
19 115
19 124
19 126
19 127
19 128
19 130
19 131
19 133
20 2
20 3
20 4
20 5
20 6
20 7
20 8
20 9
20 10
20 11
20 12
20 13
20 14
20 15
20 16
20 17
20 18
20 19
20 21
20 22
20 23
20 24
20 25
20 26
20 27
20 28
20 29
20 30
20 31
20 32
20 33
20 34
20 35
20 36
20 37
20 38
20 39
20 40
20 41
20 42
20 43
20 44
20 45
20 46
20 47
20 48
20 49
20 50
20 51
20 52
20 53
20 54
20 55
20 56
20 57
20 58
20 59
20 60
20 61
20 62
20 63
20 64
20 65
20 66
20 67
20 68
20 69
20 70
20 71
20 72
20 73
20 74
20 75
20 76
20 77
20 78
20 79
20 80
20 81
20 82
20 83
20 84
20 85
20 86
20 87
20 88
20 89
20 90
20 91
20 92
20 93
20 94
20 95
20 96
20 97
20 98
20 99
20 100
20 101
20 102
20 103
20 104
20 105
20 106
20 107
20 108
20 109
20 110
20 111
20 112
20 113
20 114
20 115
20 116
20 117
20 118
20 119
20 120
20 121
20 122
20 123
20 124
20 125
20 126
20 127
20 128
20 129
20 130
20 131
20 132
20 133
20 134
20 135
21 2
21 3
21 7
21 8
21 9
21 11
21 12
21 14
21 16
21 17
21 19
21 24
21 31
21 32
21 36
21 39
21 41
21 53
21 55
21 57
21 58
21 59
21 60
21 61
21 62
21 63
21 65
21 69
21 70
21 71
21 76
21 79
21 81
21 88
21 90
21 93
21 97
21 98
21 99
21 100
21 101
21 102
21 104
21 105
21 108
21 109
21 111
21 112
21 115
21 120
21 121
21 124
21 126
21 127
21 128
21 130
21 131
21 132
21 133
22 2
22 3
22 4
22 5
22 6
22 7
22 8
22 9
22 10
22 11
22 12
22 14
22 15
22 16
22 17
22 18
22 19
22 21
22 23
22 24
22 25
22 26
22 28
22 29
22 30
22 31
22 32
22 33
22 34
22 35
22 36
22 37
22 38
22 39
22 40
22 41
22 42
22 43
22 44
22 45
22 46
22 47
22 48
22 49
22 50
22 51
22 52
22 53
22 54
22 55
22 56
22 57
22 58
22 59
22 60
22 61
22 62
22 63
22 64
22 65
22 66
22 67
22 68
22 69
22 70
22 71
22 73
22 74
22 75
22 76
22 77
22 78
22 79
22 81
22 82
22 83
22 85
22 86
22 87
22 88
22 89
22 90
22 91
22 92
22 93
22 94
22 95
22 96
22 97
22 98
22 99
22 100
22 101
22 102
22 103
22 104
22 105
22 106
22 107
22 108
22 109
22 110
22 111
22 112
22 113
22 114
22 115
22 116
22 117
22 118
22 119
22 120
22 121
22 122
22 123
22 124
22 125
22 126
22 127
22 128
22 129
22 130
22 131
22 132
22 133
22 134
22 135
23 2
23 3
23 7
23 8
23 9
23 11
23 12
23 14
23 16
23 17
23 19
23 21
23 24
23 30
23 31
23 32
23 35
23 36
23 37
23 39
23 41
23 45
23 53
23 55
23 57
23 58
23 59
23 60
23 61
23 62
23 63
23 65
23 69
23 70
23 71
23 76
23 77
23 78
23 79
23 81
23 88
23 90
23 93
23 96
23 97
23 98
23 99
23 100
23 101
23 102
23 104
23 105
23 108
23 109
23 111
23 112
23 115
23 120
23 121
23 124
23 125
23 126
23 127
23 128
23 129
23 130
23 131
23 132
23 133
24 2
24 16
24 17
24 31
24 58
24 59
24 60
24 61
24 70
24 71
24 81
24 100
24 101
24 102
24 108
24 109
24 115
24 126
24 127
24 128
24 130
24 131
24 133
25 2
25 3
25 7
25 8
25 9
25 11
25 12
25 14
25 16
25 17
25 18
25 19
25 21
25 23
25 24
25 29
25 30
25 31
25 32
25 35
25 36
25 37
25 38
25 39
25 41
25 45
25 46
25 53
25 54
25 55
25 57
25 58
25 59
25 60
25 61
25 62
25 63
25 64
25 65
25 68
25 69
25 70
25 71
25 76
25 77
25 78
25 79
25 81
25 82
25 88
25 90
25 91
25 93
25 96
25 97
25 98
25 99
25 100
25 101
25 102
25 104
25 105
25 107
25 108
25 109
25 110
25 111
25 112
25 115
25 120
25 121
25 124
25 125
25 126
25 127
25 128
25 129
25 130
25 131
25 132
25 133
26 2
26 3
26 5
26 7
26 8
26 9
26 11
26 12
26 14
26 15
26 16
26 17
26 18
26 19
26 21
26 23
26 24
26 25
26 28
26 29
26 30
26 31
26 32
26 35
26 36
26 37
26 38
26 39
26 40
26 41
26 42
26 43
26 45
26 46
26 48
26 50
26 53
26 54
26 55
26 56
26 57
26 58
26 59
26 60
26 61
26 62
26 63
26 64
26 65
26 66
26 68
26 69
26 70
26 71
26 75
26 76
26 77
26 78
26 79
26 81
26 82
26 83
26 87
26 88
26 90
26 91
26 92
26 93
26 94
26 95
26 96
26 97
26 98
26 99
26 100
26 101
26 102
26 103
26 104
26 105
26 106
26 107
26 108
26 109
26 110
26 111
26 112
26 113
26 114
26 115
26 116
26 117
26 118
26 119
26 120
26 121
26 124
26 125
26 126
26 127
26 128
26 129
26 130
26 131
26 132
26 133
26 134
27 2
27 3
27 4
27 5
27 6
27 7
27 8
27 9
27 10
27 11
27 12
27 13
27 14
27 15
27 16
27 17
27 18
27 19
27 21
27 22
27 23
27 24
27 25
27 26
27 28
27 29
27 30
27 31
27 32
27 33
27 34
27 35
27 36
27 37
27 38
27 39
27 40
27 41
27 42
27 43
27 44
27 45
27 46
27 47
27 48
27 49
27 50
27 51
27 52
27 53
27 54
27 55
27 56
27 57
27 58
27 59
27 60
27 61
27 62
27 63
27 64
27 65
27 66
27 67
27 68
27 69
27 70
27 71
27 73
27 74
27 75
27 76
27 77
27 78
27 79
27 80
27 81
27 82
27 83
27 84
27 85
27 86
27 87
27 88
27 89
27 90
27 91
27 92
27 93
27 94
27 95
27 96
27 97
27 98
27 99
27 100
27 101
27 102
27 103
27 104
27 105
27 106
27 107
27 108
27 109
27 110
27 111
27 112
27 113
27 114
27 115
27 116
27 117
27 118
27 119
27 120
27 121
27 122
27 123
27 124
27 125
27 126
27 127
27 128
27 129
27 130
27 131
27 132
27 133
27 134
27 135
28 2
28 3
28 7
28 8
28 9
28 11
28 12
28 14
28 16
28 17
28 18
28 19
28 21
28 23
28 24
28 25
28 29
28 30
28 31
28 32
28 35
28 36
28 37
28 38
28 39
28 41
28 45
28 46
28 53
28 54
28 55
28 57
28 58
28 59
28 60
28 61
28 62
28 63
28 64
28 65
28 68
28 69
28 70
28 71
28 75
28 76
28 77
28 78
28 79
28 81
28 82
28 87
28 88
28 90
28 91
28 93
28 95
28 96
28 97
28 98
28 99
28 100
28 101
28 102
28 104
28 105
28 107
28 108
28 109
28 110
28 111
28 112
28 115
28 117
28 118
28 120
28 121
28 124
28 125
28 126
28 127
28 128
28 129
28 130
28 131
28 132
28 133
29 2
29 3
29 7
29 8
29 9
29 11
29 12
29 14
29 16
29 17
29 19
29 21
29 23
29 24
29 30
29 31
29 32
29 35
29 36
29 37
29 38
29 39
29 41
29 45
29 53
29 55
29 57
29 58
29 59
29 60
29 61
29 62
29 63
29 64
29 65
29 69
29 70
29 71
29 76
29 77
29 78
29 79
29 81
29 88
29 90
29 93
29 96
29 97
29 98
29 99
29 100
29 101
29 102
29 104
29 105
29 108
29 109
29 111
29 112
29 115
29 120
29 121
29 124
29 125
29 126
29 127
29 128
29 129
29 130
29 131
29 132
29 133
30 2
30 3
30 7
30 8
30 9
30 11
30 12
30 14
30 16
30 17
30 19
30 21
30 24
30 31
30 32
30 35
30 36
30 39
30 41
30 45
30 53
30 55
30 57
30 58
30 59
30 60
30 61
30 62
30 63
30 65
30 69
30 70
30 71
30 76
30 77
30 78
30 79
30 81
30 88
30 90
30 93
30 96
30 97
30 98
30 99
30 100
30 101
30 102
30 104
30 105
30 108
30 109
30 111
30 112
30 115
30 120
30 121
30 124
30 125
30 126
30 127
30 128
30 129
30 130
30 131
30 132
30 133
31 133
32 2
32 12
32 16
32 17
32 24
32 31
32 57
32 58
32 59
32 60
32 61
32 70
32 71
32 81
32 100
32 101
32 102
32 108
32 109
32 111
32 115
32 126
32 127
32 128
32 130
32 131
32 133
33 2
33 3
33 4
33 5
33 7
33 8
33 9
33 11
33 12
33 14
33 15
33 16
33 17
33 18
33 19
33 21
33 23
33 24
33 25
33 26
33 28
33 29
33 30
33 31
33 32
33 35
33 36
33 37
33 38
33 39
33 40
33 41
33 42
33 43
33 45
33 46
33 48
33 49
33 50
33 52
33 53
33 54
33 55
33 56
33 57
33 58
33 59
33 60
33 61
33 62
33 63
33 64
33 65
33 66
33 68
33 69
33 70
33 71
33 75
33 76
33 77
33 78
33 79
33 81
33 82
33 83
33 87
33 88
33 90
33 91
33 92
33 93
33 94
33 95
33 96
33 97
33 98
33 99
33 100
33 101
33 102
33 103
33 104
33 105
33 106
33 107
33 108
33 109
33 110
33 111
33 112
33 113
33 114
33 115
33 116
33 117
33 118
33 119
33 120
33 121
33 124
33 125
33 126
33 127
33 128
33 129
33 130
33 131
33 132
33 133
33 134
34 2
34 3
34 4
34 5
34 7
34 8
34 9
34 11
34 12
34 14
34 15
34 16
34 17
34 18
34 19
34 21
34 23
34 24
34 25
34 26
34 28
34 29
34 30
34 31
34 32
34 33
34 35
34 36
34 37
34 38
34 39
34 40
34 41
34 42
34 43
34 45
34 46
34 48
34 49
34 50
34 52
34 53
34 54
34 55
34 56
34 57
34 58
34 59
34 60
34 61
34 62
34 63
34 64
34 65
34 66
34 68
34 69
34 70
34 71
34 75
34 76
34 77
34 78
34 79
34 81
34 82
34 83
34 87
34 88
34 90
34 91
34 92
34 93
34 94
34 95
34 96
34 97
34 98
34 99
34 100
34 101
34 102
34 103
34 104
34 105
34 106
34 107
34 108
34 109
34 110
34 111
34 112
34 113
34 114
34 115
34 116
34 117
34 118
34 119
34 120
34 121
34 124
34 125
34 126
34 127
34 128
34 129
34 130
34 131
34 132
34 133
34 134
35 2
35 3
35 7
35 8
35 9
35 11
35 12
35 14
35 16
35 17
35 19
35 21
35 24
35 31
35 32
35 36
35 39
35 41
35 53
35 55
35 57
35 58
35 59
35 60
35 61
35 62
35 63
35 65
35 69
35 70
35 71
35 76
35 79
35 81
35 88
35 90
35 93
35 96
35 97
35 98
35 99
35 100
35 101
35 102
35 104
35 105
35 108
35 109
35 111
35 112
35 115
35 120
35 121
35 124
35 126
35 127
35 128
35 130
35 131
35 132
35 133
36 2
36 11
36 12
36 14
36 16
36 17
36 19
36 24
36 31
36 32
36 41
36 57
36 58
36 59
36 60
36 61
36 63
36 70
36 71
36 79
36 81
36 93
36 98
36 100
36 101
36 102
36 104
36 105
36 108
36 109
36 111
36 115
36 124
36 126
36 127
36 128
36 130
36 131
36 133
37 2
37 3
37 7
37 8
37 9
37 11
37 12
37 14
37 16
37 17
37 19
37 21
37 24
37 30
37 31
37 32
37 35
37 36
37 39
37 41
37 45
37 53
37 55
37 57
37 58
37 59
37 60
37 61
37 62
37 63
37 65
37 69
37 70
37 71
37 76
37 77
37 78
37 79
37 81
37 88
37 90
37 93
37 96
37 97
37 98
37 99
37 100
37 101
37 102
37 104
37 105
37 108
37 109
37 111
37 112
37 115
37 120
37 121
37 124
37 125
37 126
37 127
37 128
37 129
37 130
37 131
37 132
37 133
38 2
38 3
38 7
38 8
38 9
38 11
38 12
38 14
38 16
38 17
38 19
38 21
38 23
38 24
38 30
38 31
38 32
38 35
38 36
38 37
38 39
38 41
38 45
38 53
38 55
38 57
38 58
38 59
38 60
38 61
38 62
38 63
38 65
38 69
38 70
38 71
38 76
38 77
38 78
38 79
38 81
38 88
38 90
38 93
38 96
38 97
38 98
38 99
38 100
38 101
38 102
38 104
38 105
38 108
38 109
38 111
38 112
38 115
38 120
38 121
38 124
38 125
38 126
38 127
38 128
38 129
38 130
38 131
38 132
38 133
39 2
39 3
39 7
39 8
39 9
39 11
39 12
39 14
39 16
39 17
39 19
39 24
39 31
39 32
39 36
39 41
39 53
39 55
39 57
39 58
39 59
39 60
39 61
39 62
39 63
39 65
39 69
39 70
39 71
39 76
39 79
39 81
39 88
39 90
39 93
39 97
39 98
39 99
39 100
39 101
39 102
39 104
39 105
39 108
39 109
39 111
39 112
39 115
39 120
39 121
39 124
39 126
39 127
39 128
39 130
39 131
39 132
39 133
40 2
40 3
40 7
40 8
40 9
40 11
40 12
40 14
40 16
40 17
40 18
40 19
40 21
40 23
40 24
40 25
40 28
40 29
40 30
40 31
40 32
40 35
40 36
40 37
40 38
40 39
40 41
40 45
40 46
40 53
40 54
40 55
40 57
40 58
40 59
40 60
40 61
40 62
40 63
40 64
40 65
40 66
40 68
40 69
40 70
40 71
40 75
40 76
40 77
40 78
40 79
40 81
40 82
40 87
40 88
40 90
40 91
40 93
40 95
40 96
40 97
40 98
40 99
40 100
40 101
40 102
40 104
40 105
40 107
40 108
40 109
40 110
40 111
40 112
40 115
40 117
40 118
40 119
40 120
40 121
40 124
40 125
40 126
40 127
40 128
40 129
40 130
40 131
40 132
40 133
41 2
41 12
41 16
41 17
41 24
41 31
41 32
41 57
41 58
41 59
41 60
41 61
41 70
41 71
41 79
41 81
41 100
41 101
41 102
41 108
41 109
41 111
41 115
41 126
41 127
41 128
41 130
41 131
41 133
42 2
42 3
42 7
42 8
42 9
42 11
42 12
42 14
42 15
42 16
42 17
42 18
42 19
42 21
42 23
42 24
42 25
42 28
42 29
42 30
42 31
42 32
42 35
42 36
42 37
42 38
42 39
42 40
42 41
42 43
42 45
42 46
42 48
42 50
42 53
42 54
42 55
42 56
42 57
42 58
42 59
42 60
42 61
42 62
42 63
42 64
42 65
42 66
42 68
42 69
42 70
42 71
42 75
42 76
42 77
42 78
42 79
42 81
42 82
42 87
42 88
42 90
42 91
42 92
42 93
42 94
42 95
42 96
42 97
42 98
42 99
42 100
42 101
42 102
42 103
42 104
42 105
42 106
42 107
42 108
42 109
42 110
42 111
42 112
42 113
42 114
42 115
42 116
42 117
42 118
42 119
42 120
42 121
42 124
42 125
42 126
42 127
42 128
42 129
42 130
42 131
42 132
42 133
43 2
43 3
43 7
43 8
43 9
43 11
43 12
43 14
43 16
43 17
43 18
43 19
43 21
43 23
43 24
43 25
43 28
43 29
43 30
43 31
43 32
43 35
43 36
43 37
43 38
43 39
43 40
43 41
43 45
43 46
43 48
43 50
43 53
43 54
43 55
43 57
43 58
43 59
43 60
43 61
43 62
43 63
43 64
43 65
43 66
43 68
43 69
43 70
43 71
43 75
43 76
43 77
43 78
43 79
43 81
43 82
43 87
43 88
43 90
43 91
43 93
43 95
43 96
43 97
43 98
43 99
43 100
43 101
43 102
43 104
43 105
43 107
43 108
43 109
43 110
43 111
43 112
43 115
43 117
43 118
43 119
43 120
43 121
43 124
43 125
43 126
43 127
43 128
43 129
43 130
43 131
43 132
43 133
44 2
44 3
44 4
44 5
44 7
44 8
44 9
44 10
44 11
44 12
44 14
44 15
44 16
44 17
44 18
44 19
44 21
44 23
44 24
44 25
44 26
44 28
44 29
44 30
44 31
44 32
44 33
44 34
44 35
44 36
44 37
44 38
44 39
44 40
44 41
44 42
44 43
44 45
44 46
44 48
44 49
44 50
44 52
44 53
44 54
44 55
44 56
44 57
44 58
44 59
44 60
44 61
44 62
44 63
44 64
44 65
44 66
44 68
44 69
44 70
44 71
44 75
44 76
44 77
44 78
44 79
44 81
44 82
44 83
44 86
44 87
44 88
44 90
44 91
44 92
44 93
44 94
44 95
44 96
44 97
44 98
44 99
44 100
44 101
44 102
44 103
44 104
44 105
44 106
44 107
44 108
44 109
44 110
44 111
44 112
44 113
44 114
44 115
44 116
44 117
44 118
44 119
44 120
44 121
44 123
44 124
44 125
44 126
44 127
44 128
44 129
44 130
44 131
44 132
44 133
44 134
44 135
45 2
45 3
45 7
45 8
45 9
45 11
45 12
45 14
45 16
45 17
45 19
45 21
45 24
45 31
45 32
45 35
45 36
45 39
45 41
45 53
45 55
45 57
45 58
45 59
45 60
45 61
45 62
45 63
45 65
45 69
45 70
45 71
45 76
45 79
45 81
45 88
45 90
45 93
45 96
45 97
45 98
45 99
45 100
45 101
45 102
45 104
45 105
45 108
45 109
45 111
45 112
45 115
45 120
45 121
45 124
45 126
45 127
45 128
45 130
45 131
45 132
45 133
46 2
46 3
46 7
46 8
46 9
46 11
46 12
46 14
46 16
46 17
46 19
46 21
46 23
46 24
46 30
46 31
46 32
46 35
46 36
46 37
46 38
46 39
46 41
46 45
46 53
46 55
46 57
46 58
46 59
46 60
46 61
46 62
46 63
46 64
46 65
46 69
46 70
46 71
46 76
46 77
46 78
46 79
46 81
46 88
46 90
46 93
46 96
46 97
46 98
46 99
46 100
46 101
46 102
46 104
46 105
46 108
46 109
46 111
46 112
46 115
46 120
46 121
46 124
46 125
46 126
46 127
46 128
46 129
46 130
46 131
46 132
46 133
47 2
47 3
47 4
47 5
47 7
47 8
47 9
47 10
47 11
47 12
47 14
47 15
47 16
47 17
47 18
47 19
47 21
47 23
47 24
47 25
47 26
47 28
47 29
47 30
47 31
47 32
47 33
47 34
47 35
47 36
47 37
47 38
47 39
47 40
47 41
47 42
47 43
47 44
47 45
47 46
47 48
47 49
47 50
47 51
47 52
47 53
47 54
47 55
47 56
47 57
47 58
47 59
47 60
47 61
47 62
47 63
47 64
47 65
47 66
47 67
47 68
47 69
47 70
47 71
47 73
47 74
47 75
47 76
47 77
47 78
47 79
47 81
47 82
47 83
47 85
47 86
47 87
47 88
47 89
47 90
47 91
47 92
47 93
47 94
47 95
47 96
47 97
47 98
47 99
47 100
47 101
47 102
47 103
47 104
47 105
47 106
47 107
47 108
47 109
47 110
47 111
47 112
47 113
47 114
47 115
47 116
47 117
47 118
47 119
47 120
47 121
47 122
47 123
47 124
47 125
47 126
47 127
47 128
47 129
47 130
47 131
47 132
47 133
47 134
47 135
48 2
48 3
48 7
48 8
48 9
48 11
48 12
48 14
48 16
48 17
48 18
48 19
48 21
48 23
48 24
48 25
48 28
48 29
48 30
48 31
48 32
48 35
48 36
48 37
48 38
48 39
48 41
48 45
48 46
48 53
48 54
48 55
48 57
48 58
48 59
48 60
48 61
48 62
48 63
48 64
48 65
48 66
48 68
48 69
48 70
48 71
48 75
48 76
48 77
48 78
48 79
48 81
48 82
48 87
48 88
48 90
48 91
48 93
48 95
48 96
48 97
48 98
48 99
48 100
48 101
48 102
48 104
48 105
48 107
48 108
48 109
48 110
48 111
48 112
48 115
48 117
48 118
48 119
48 120
48 121
48 124
48 125
48 126
48 127
48 128
48 129
48 130
48 131
48 132
48 133
49 2
49 3
49 5
49 7
49 8
49 9
49 11
49 12
49 14
49 15
49 16
49 17
49 18
49 19
49 21
49 23
49 24
49 25
49 26
49 28
49 29
49 30
49 31
49 32
49 35
49 36
49 37
49 38
49 39
49 40
49 41
49 42
49 43
49 45
49 46
49 48
49 50
49 53
49 54
49 55
49 56
49 57
49 58
49 59
49 60
49 61
49 62
49 63
49 64
49 65
49 66
49 68
49 69
49 70
49 71
49 75
49 76
49 77
49 78
49 79
49 81
49 82
49 83
49 87
49 88
49 90
49 91
49 92
49 93
49 94
49 95
49 96
49 97
49 98
49 99
49 100
49 101
49 102
49 103
49 104
49 105
49 106
49 107
49 108
49 109
49 110
49 111
49 112
49 113
49 114
49 115
49 116
49 117
49 118
49 119
49 120
49 121
49 124
49 125
49 126
49 127
49 128
49 129
49 130
49 131
49 132
49 133
49 134
50 2
50 3
50 7
50 8
50 9
50 11
50 12
50 14
50 16
50 17
50 18
50 19
50 21
50 23
50 24
50 25
50 28
50 29
50 30
50 31
50 32
50 35
50 36
50 37
50 38
50 39
50 41
50 45
50 46
50 53
50 54
50 55
50 57
50 58
50 59
50 60
50 61
50 62
50 63
50 64
50 65
50 66
50 68
50 69
50 70
50 71
50 75
50 76
50 77
50 78
50 79
50 81
50 82
50 87
50 88
50 90
50 91
50 93
50 95
50 96
50 97
50 98
50 99
50 100
50 101
50 102
50 104
50 105
50 107
50 108
50 109
50 110
50 111
50 112
50 115
50 117
50 118
50 119
50 120
50 121
50 124
50 125
50 126
50 127
50 128
50 129
50 130
50 131
50 132
50 133
51 2
51 3
51 4
51 5
51 7
51 8
51 9
51 10
51 11
51 12
51 14
51 15
51 16
51 17
51 18
51 19
51 21
51 23
51 24
51 25
51 26
51 28
51 29
51 30
51 31
51 32
51 33
51 34
51 35
51 36
51 37
51 38
51 39
51 40
51 41
51 42
51 43
51 44
51 45
51 46
51 48
51 49
51 50
51 52
51 53
51 54
51 55
51 56
51 57
51 58
51 59
51 60
51 61
51 62
51 63
51 64
51 65
51 66
51 68
51 69
51 70
51 71
51 74
51 75
51 76
51 77
51 78
51 79
51 81
51 82
51 83
51 86
51 87
51 88
51 90
51 91
51 92
51 93
51 94
51 95
51 96
51 97
51 98
51 99
51 100
51 101
51 102
51 103
51 104
51 105
51 106
51 107
51 108
51 109
51 110
51 111
51 112
51 113
51 114
51 115
51 116
51 117
51 118
51 119
51 120
51 121
51 122
51 123
51 124
51 125
51 126
51 127
51 128
51 129
51 130
51 131
51 132
51 133
51 134
51 135
52 2
52 3
52 5
52 7
52 8
52 9
52 11
52 12
52 14
52 15
52 16
52 17
52 18
52 19
52 21
52 23
52 24
52 25
52 26
52 28
52 29
52 30
52 31
52 32
52 35
52 36
52 37
52 38
52 39
52 40
52 41
52 42
52 43
52 45
52 46
52 48
52 49
52 50
52 53
52 54
52 55
52 56
52 57
52 58
52 59
52 60
52 61
52 62
52 63
52 64
52 65
52 66
52 68
52 69
52 70
52 71
52 75
52 76
52 77
52 78
52 79
52 81
52 82
52 83
52 87
52 88
52 90
52 91
52 92
52 93
52 94
52 95
52 96
52 97
52 98
52 99
52 100
52 101
52 102
52 103
52 104
52 105
52 106
52 107
52 108
52 109
52 110
52 111
52 112
52 113
52 114
52 115
52 116
52 117
52 118
52 119
52 120
52 121
52 124
52 125
52 126
52 127
52 128
52 129
52 130
52 131
52 132
52 133
52 134
53 2
53 3
53 7
53 11
53 12
53 14
53 16
53 17
53 19
53 24
53 31
53 32
53 36
53 41
53 55
53 57
53 58
53 59
53 60
53 61
53 63
53 70
53 71
53 79
53 81
53 93
53 98
53 100
53 101
53 102
53 104
53 105
53 108
53 109
53 111
53 112
53 115
53 121
53 124
53 126
53 127
53 128
53 130
53 131
53 133
54 2
54 3
54 7
54 8
54 9
54 11
54 12
54 14
54 16
54 17
54 19
54 21
54 23
54 24
54 29
54 30
54 31
54 32
54 35
54 36
54 37
54 38
54 39
54 41
54 45
54 46
54 53
54 55
54 57
54 58
54 59
54 60
54 61
54 62
54 63
54 64
54 65
54 68
54 69
54 70
54 71
54 76
54 77
54 78
54 79
54 81
54 82
54 88
54 90
54 91
54 93
54 96
54 97
54 98
54 99
54 100
54 101
54 102
54 104
54 105
54 107
54 108
54 109
54 111
54 112
54 115
54 120
54 121
54 124
54 125
54 126
54 127
54 128
54 129
54 130
54 131
54 132
54 133
55 2
55 3
55 11
55 12
55 14
55 16
55 17
55 19
55 24
55 31
55 32
55 36
55 41
55 57
55 58
55 59
55 60
55 61
55 63
55 70
55 71
55 79
55 81
55 93
55 98
55 100
55 101
55 102
55 104
55 105
55 108
55 109
55 111
55 115
55 121
55 124
55 126
55 127
55 128
55 130
55 131
55 133
56 2
56 3
56 7
56 8
56 9
56 11
56 12
56 14
56 15
56 16
56 17
56 18
56 19
56 21
56 23
56 24
56 25
56 28
56 29
56 30
56 31
56 32
56 35
56 36
56 37
56 38
56 39
56 40
56 41
56 43
56 45
56 46
56 48
56 50
56 53
56 54
56 55
56 57
56 58
56 59
56 60
56 61
56 62
56 63
56 64
56 65
56 66
56 68
56 69
56 70
56 71
56 75
56 76
56 77
56 78
56 79
56 81
56 82
56 87
56 88
56 90
56 91
56 92
56 93
56 94
56 95
56 96
56 97
56 98
56 99
56 100
56 101
56 102
56 103
56 104
56 105
56 106
56 107
56 108
56 109
56 110
56 111
56 112
56 113
56 114
56 115
56 116
56 117
56 118
56 119
56 120
56 121
56 124
56 125
56 126
56 127
56 128
56 129
56 130
56 131
56 132
56 133
57 2
57 12
57 16
57 17
57 24
57 31
57 58
57 59
57 60
57 61
57 70
57 71
57 81
57 100
57 101
57 102
57 108
57 109
57 111
57 115
57 126
57 127
57 128
57 130
57 131
57 133
58 31
58 109
58 133
59 2
59 17
59 31
59 58
59 60
59 81
59 100
59 101
59 109
59 126
59 128
59 130
59 131
59 133
60 2
60 31
60 58
60 81
60 100
60 109
60 130
60 133
61 2
61 16
61 17
61 31
61 58
61 59
61 60
61 70
61 71
61 81
61 100
61 101
61 102
61 108
61 109
61 115
61 126
61 127
61 128
61 130
61 131
61 133
62 2
62 3
62 7
62 11
62 12
62 14
62 16
62 17
62 19
62 24
62 31
62 32
62 36
62 41
62 53
62 55
62 57
62 58
62 59
62 60
62 61
62 63
62 65
62 70
62 71
62 79
62 81
62 93
62 98
62 100
62 101
62 102
62 104
62 105
62 108
62 109
62 111
62 112
62 115
62 121
62 124
62 126
62 127
62 128
62 130
62 131
62 132
62 133
63 2
63 12
63 16
63 17
63 24
63 31
63 32
63 41
63 57
63 58
63 59
63 60
63 61
63 70
63 71
63 79
63 81
63 98
63 100
63 101
63 102
63 108
63 109
63 111
63 115
63 124
63 126
63 127
63 128
63 130
63 131
63 133
64 2
64 3
64 7
64 8
64 9
64 11
64 12
64 14
64 16
64 17
64 19
64 21
64 23
64 24
64 30
64 31
64 32
64 35
64 36
64 37
64 39
64 41
64 45
64 53
64 55
64 57
64 58
64 59
64 60
64 61
64 62
64 63
64 65
64 69
64 70
64 71
64 76
64 77
64 78
64 79
64 81
64 88
64 90
64 93
64 96
64 97
64 98
64 99
64 100
64 101
64 102
64 104
64 105
64 108
64 109
64 111
64 112
64 115
64 120
64 121
64 124
64 125
64 126
64 127
64 128
64 129
64 130
64 131
64 132
64 133
65 2
65 3
65 7
65 11
65 12
65 14
65 16
65 17
65 19
65 24
65 31
65 32
65 36
65 41
65 55
65 57
65 58
65 59
65 60
65 61
65 63
65 70
65 71
65 79
65 81
65 93
65 98
65 100
65 101
65 102
65 104
65 105
65 108
65 109
65 111
65 112
65 115
65 121
65 124
65 126
65 127
65 128
65 130
65 131
65 133
66 2
66 3
66 7
66 8
66 9
66 11
66 12
66 14
66 16
66 17
66 18
66 19
66 21
66 23
66 24
66 25
66 29
66 30
66 31
66 32
66 35
66 36
66 37
66 38
66 39
66 41
66 45
66 46
66 53
66 54
66 55
66 57
66 58
66 59
66 60
66 61
66 62
66 63
66 64
66 65
66 68
66 69
66 70
66 71
66 75
66 76
66 77
66 78
66 79
66 81
66 82
66 87
66 88
66 90
66 91
66 93
66 95
66 96
66 97
66 98
66 99
66 100
66 101
66 102
66 104
66 105
66 107
66 108
66 109
66 110
66 111
66 112
66 115
66 117
66 118
66 120
66 121
66 124
66 125
66 126
66 127
66 128
66 129
66 130
66 131
66 132
66 133
67 2
67 3
67 4
67 5
67 7
67 8
67 9
67 10
67 11
67 12
67 14
67 15
67 16
67 17
67 18
67 19
67 21
67 23
67 24
67 25
67 26
67 28
67 29
67 30
67 31
67 32
67 33
67 34
67 35
67 36
67 37
67 38
67 39
67 40
67 41
67 42
67 43
67 44
67 45
67 46
67 48
67 49
67 50
67 51
67 52
67 53
67 54
67 55
67 56
67 57
67 58
67 59
67 60
67 61
67 62
67 63
67 64
67 65
67 66
67 68
67 69
67 70
67 71
67 74
67 75
67 76
67 77
67 78
67 79
67 81
67 82
67 83
67 86
67 87
67 88
67 89
67 90
67 91
67 92
67 93
67 94
67 95
67 96
67 97
67 98
67 99
67 100
67 101
67 102
67 103
67 104
67 105
67 106
67 107
67 108
67 109
67 110
67 111
67 112
67 113
67 114
67 115
67 116
67 117
67 118
67 119
67 120
67 121
67 122
67 123
67 124
67 125
67 126
67 127
67 128
67 129
67 130
67 131
67 132
67 133
67 134
67 135
68 2
68 3
68 7
68 8
68 9
68 11
68 12
68 14
68 16
68 17
68 19
68 21
68 23
68 24
68 29
68 30
68 31
68 32
68 35
68 36
68 37
68 38
68 39
68 41
68 45
68 46
68 53
68 55
68 57
68 58
68 59
68 60
68 61
68 62
68 63
68 64
68 65
68 69
68 70
68 71
68 76
68 77
68 78
68 79
68 81
68 82
68 88
68 90
68 91
68 93
68 96
68 97
68 98
68 99
68 100
68 101
68 102
68 104
68 105
68 107
68 108
68 109
68 111
68 112
68 115
68 120
68 121
68 124
68 125
68 126
68 127
68 128
68 129
68 130
68 131
68 132
68 133
69 2
69 3
69 7
69 8
69 11
69 12
69 14
69 16
69 17
69 19
69 24
69 31
69 32
69 36
69 41
69 53
69 55
69 57
69 58
69 59
69 60
69 61
69 62
69 63
69 65
69 70
69 71
69 76
69 79
69 81
69 88
69 93
69 98
69 100
69 101
69 102
69 104
69 105
69 108
69 109
69 111
69 112
69 115
69 121
69 124
69 126
69 127
69 128
69 130
69 131
69 132
69 133
70 2
70 17
70 31
70 58
70 59
70 60
70 81
70 100
70 101
70 109
70 126
70 128
70 130
70 131
70 133
71 2
71 17
71 31
71 58
71 59
71 60
71 70
71 81
71 100
71 101
71 108
71 109
71 126
71 127
71 128
71 130
71 131
71 133
72 2
72 3
72 4
72 5
72 6
72 7
72 8
72 9
72 10
72 11
72 12
72 13
72 14
72 15
72 16
72 17
72 18
72 19
72 21
72 22
72 23
72 24
72 25
72 26
72 27
72 28
72 29
72 30
72 31
72 32
72 33
72 34
72 35
72 36
72 37
72 38
72 39
72 40
72 41
72 42
72 43
72 44
72 45
72 46
72 47
72 48
72 49
72 50
72 51
72 52
72 53
72 54
72 55
72 56
72 57
72 58
72 59
72 60
72 61
72 62
72 63
72 64
72 65
72 66
72 67
72 68
72 69
72 70
72 71
72 73
72 74
72 75
72 76
72 77
72 78
72 79
72 80
72 81
72 82
72 83
72 84
72 85
72 86
72 87
72 88
72 89
72 90
72 91
72 92
72 93
72 94
72 95
72 96
72 97
72 98
72 99
72 100
72 101
72 102
72 103
72 104
72 105
72 106
72 107
72 108
72 109
72 110
72 111
72 112
72 113
72 114
72 115
72 116
72 117
72 118
72 119
72 120
72 121
72 122
72 123
72 124
72 125
72 126
72 127
72 128
72 129
72 130
72 131
72 132
72 133
72 134
72 135
73 2
73 3
73 4
73 5
73 7
73 8
73 9
73 10
73 11
73 12
73 14
73 15
73 16
73 17
73 18
73 19
73 21
73 23
73 24
73 25
73 26
73 28
73 29
73 30
73 31
73 32
73 33
73 34
73 35
73 36
73 37
73 38
73 39
73 40
73 41
73 42
73 43
73 44
73 45
73 46
73 48
73 49
73 50
73 51
73 52
73 53
73 54
73 55
73 56
73 57
73 58
73 59
73 60
73 61
73 62
73 63
73 64
73 65
73 66
73 68
73 69
73 70
73 71
73 74
73 75
73 76
73 77
73 78
73 79
73 81
73 82
73 83
73 86
73 87
73 88
73 89
73 90
73 91
73 92
73 93
73 94
73 95
73 96
73 97
73 98
73 99
73 100
73 101
73 102
73 103
73 104
73 105
73 106
73 107
73 108
73 109
73 110
73 111
73 112
73 113
73 114
73 115
73 116
73 117
73 118
73 119
73 120
73 121
73 122
73 123
73 124
73 125
73 126
73 127
73 128
73 129
73 130
73 131
73 132
73 133
73 134
73 135
74 2
74 3
74 4
74 5
74 7
74 8
74 9
74 10
74 11
74 12
74 14
74 15
74 16
74 17
74 18
74 19
74 21
74 23
74 24
74 25
74 26
74 28
74 29
74 30
74 31
74 32
74 33
74 34
74 35
74 36
74 37
74 38
74 39
74 40
74 41
74 42
74 43
74 45
74 46
74 48
74 49
74 50
74 52
74 53
74 54
74 55
74 56
74 57
74 58
74 59
74 60
74 61
74 62
74 63
74 64
74 65
74 66
74 68
74 69
74 70
74 71
74 75
74 76
74 77
74 78
74 79
74 81
74 82
74 83
74 86
74 87
74 88
74 90
74 91
74 92
74 93
74 94
74 95
74 96
74 97
74 98
74 99
74 100
74 101
74 102
74 103
74 104
74 105
74 106
74 107
74 108
74 109
74 110
74 111
74 112
74 113
74 114
74 115
74 116
74 117
74 118
74 119
74 120
74 121
74 123
74 124
74 125
74 126
74 127
74 128
74 129
74 130
74 131
74 132
74 133
74 134
74 135
75 2
75 3
75 7
75 8
75 9
75 11
75 12
75 14
75 16
75 17
75 18
75 19
75 21
75 23
75 24
75 25
75 29
75 30
75 31
75 32
75 35
75 36
75 37
75 38
75 39
75 41
75 45
75 46
75 53
75 54
75 55
75 57
75 58
75 59
75 60
75 61
75 62
75 63
75 64
75 65
75 68
75 69
75 70
75 71
75 76
75 77
75 78
75 79
75 81
75 82
75 88
75 90
75 91
75 93
75 95
75 96
75 97
75 98
75 99
75 100
75 101
75 102
75 104
75 105
75 107
75 108
75 109
75 110
75 111
75 112
75 115
75 117
75 118
75 120
75 121
75 124
75 125
75 126
75 127
75 128
75 129
75 130
75 131
75 132
75 133
76 2
76 3
76 7
76 8
76 11
76 12
76 14
76 16
76 17
76 19
76 24
76 31
76 32
76 36
76 41
76 53
76 55
76 57
76 58
76 59
76 60
76 61
76 62
76 63
76 65
76 70
76 71
76 79
76 81
76 88
76 93
76 98
76 100
76 101
76 102
76 104
76 105
76 108
76 109
76 111
76 112
76 115
76 121
76 124
76 126
76 127
76 128
76 130
76 131
76 132
76 133
77 2
77 3
77 7
77 8
77 9
77 11
77 12
77 14
77 16
77 17
77 19
77 21
77 24
77 31
77 32
77 35
77 36
77 39
77 41
77 45
77 53
77 55
77 57
77 58
77 59
77 60
77 61
77 62
77 63
77 65
77 69
77 70
77 71
77 76
77 79
77 81
77 88
77 90
77 93
77 96
77 97
77 98
77 99
77 100
77 101
77 102
77 104
77 105
77 108
77 109
77 111
77 112
77 115
77 120
77 121
77 124
77 125
77 126
77 127
77 128
77 129
77 130
77 131
77 132
77 133
78 2
78 3
78 7
78 8
78 9
78 11
78 12
78 14
78 16
78 17
78 19
78 21
78 24
78 31
78 32
78 35
78 36
78 39
78 41
78 45
78 53
78 55
78 57
78 58
78 59
78 60
78 61
78 62
78 63
78 65
78 69
78 70
78 71
78 76
78 79
78 81
78 88
78 90
78 93
78 96
78 97
78 98
78 99
78 100
78 101
78 102
78 104
78 105
78 108
78 109
78 111
78 112
78 115
78 120
78 121
78 124
78 125
78 126
78 127
78 128
78 129
78 130
78 131
78 132
78 133
79 2
79 12
79 16
79 17
79 24
79 31
79 32
79 57
79 58
79 59
79 60
79 61
79 70
79 71
79 81
79 100
79 101
79 102
79 108
79 109
79 111
79 115
79 126
79 127
79 128
79 130
79 131
79 133
80 2
80 3
80 4
80 5
80 6
80 7
80 8
80 9
80 10
80 11
80 12
80 14
80 15
80 16
80 17
80 18
80 19
80 21
80 23
80 24
80 25
80 26
80 28
80 29
80 30
80 31
80 32
80 33
80 34
80 35
80 36
80 37
80 38
80 39
80 40
80 41
80 42
80 43
80 44
80 45
80 46
80 47
80 48
80 49
80 50
80 51
80 52
80 53
80 54
80 55
80 56
80 57
80 58
80 59
80 60
80 61
80 62
80 63
80 64
80 65
80 66
80 67
80 68
80 69
80 70
80 71
80 73
80 74
80 75
80 76
80 77
80 78
80 79
80 81
80 82
80 83
80 85
80 86
80 87
80 88
80 89
80 90
80 91
80 92
80 93
80 94
80 95
80 96
80 97
80 98
80 99
80 100
80 101
80 102
80 103
80 104
80 105
80 106
80 107
80 108
80 109
80 110
80 111
80 112
80 113
80 114
80 115
80 116
80 117
80 118
80 119
80 120
80 121
80 122
80 123
80 124
80 125
80 126
80 127
80 128
80 129
80 130
80 131
80 132
80 133
80 134
80 135
81 31
81 58
81 100
81 109
81 133
82 2
82 3
82 7
82 8
82 9
82 11
82 12
82 14
82 16
82 17
82 19
82 21
82 23
82 24
82 29
82 30
82 31
82 32
82 35
82 36
82 37
82 38
82 39
82 41
82 45
82 46
82 53
82 55
82 57
82 58
82 59
82 60
82 61
82 62
82 63
82 64
82 65
82 69
82 70
82 71
82 76
82 77
82 78
82 79
82 81
82 88
82 90
82 91
82 93
82 96
82 97
82 98
82 99
82 100
82 101
82 102
82 104
82 105
82 108
82 109
82 111
82 112
82 115
82 120
82 121
82 124
82 125
82 126
82 127
82 128
82 129
82 130
82 131
82 132
82 133
83 2
83 3
83 7
83 8
83 9
83 11
83 12
83 14
83 15
83 16
83 17
83 18
83 19
83 21
83 23
83 24
83 25
83 28
83 29
83 30
83 31
83 32
83 35
83 36
83 37
83 38
83 39
83 40
83 41
83 42
83 43
83 45
83 46
83 48
83 50
83 53
83 54
83 55
83 56
83 57
83 58
83 59
83 60
83 61
83 62
83 63
83 64
83 65
83 66
83 68
83 69
83 70
83 71
83 75
83 76
83 77
83 78
83 79
83 81
83 82
83 87
83 88
83 90
83 91
83 92
83 93
83 94
83 95
83 96
83 97
83 98
83 99
83 100
83 101
83 102
83 103
83 104
83 105
83 106
83 107
83 108
83 109
83 110
83 111
83 112
83 113
83 114
83 115
83 116
83 117
83 118
83 119
83 120
83 121
83 124
83 125
83 126
83 127
83 128
83 129
83 130
83 131
83 132
83 133
83 134
84 2
84 3
84 4
84 5
84 6
84 7
84 8
84 9
84 10
84 11
84 12
84 13
84 14
84 15
84 16
84 17
84 18
84 19
84 21
84 22
84 23
84 24
84 25
84 26
84 28
84 29
84 30
84 31
84 32
84 33
84 34
84 35
84 36
84 37
84 38
84 39
84 40
84 41
84 42
84 43
84 44
84 45
84 46
84 47
84 48
84 49
84 50
84 51
84 52
84 53
84 54
84 55
84 56
84 57
84 58
84 59
84 60
84 61
84 62
84 63
84 64
84 65
84 66
84 67
84 68
84 69
84 70
84 71
84 73
84 74
84 75
84 76
84 77
84 78
84 79
84 80
84 81
84 82
84 83
84 85
84 86
84 87
84 88
84 89
84 90
84 91
84 92
84 93
84 94
84 95
84 96
84 97
84 98
84 99
84 100
84 101
84 102
84 103
84 104
84 105
84 106
84 107
84 108
84 109
84 110
84 111
84 112
84 113
84 114
84 115
84 116
84 117
84 118
84 119
84 120
84 121
84 122
84 123
84 124
84 125
84 126
84 127
84 128
84 129
84 130
84 131
84 132
84 133
84 134
84 135
85 2
85 3
85 4
85 5
85 7
85 8
85 9
85 10
85 11
85 12
85 14
85 15
85 16
85 17
85 18
85 19
85 21
85 23
85 24
85 25
85 26
85 28
85 29
85 30
85 31
85 32
85 33
85 34
85 35
85 36
85 37
85 38
85 39
85 40
85 41
85 42
85 43
85 44
85 45
85 46
85 48
85 49
85 50
85 51
85 52
85 53
85 54
85 55
85 56
85 57
85 58
85 59
85 60
85 61
85 62
85 63
85 64
85 65
85 66
85 68
85 69
85 70
85 71
85 74
85 75
85 76
85 77
85 78
85 79
85 81
85 82
85 83
85 86
85 87
85 88
85 89
85 90
85 91
85 92
85 93
85 94
85 95
85 96
85 97
85 98
85 99
85 100
85 101
85 102
85 103
85 104
85 105
85 106
85 107
85 108
85 109
85 110
85 111
85 112
85 113
85 114
85 115
85 116
85 117
85 118
85 119
85 120
85 121
85 122
85 123
85 124
85 125
85 126
85 127
85 128
85 129
85 130
85 131
85 132
85 133
85 134
85 135
86 2
86 3
86 4
86 5
86 7
86 8
86 9
86 10
86 11
86 12
86 14
86 15
86 16
86 17
86 18
86 19
86 21
86 23
86 24
86 25
86 26
86 28
86 29
86 30
86 31
86 32
86 33
86 34
86 35
86 36
86 37
86 38
86 39
86 40
86 41
86 42
86 43
86 45
86 46
86 48
86 49
86 50
86 52
86 53
86 54
86 55
86 56
86 57
86 58
86 59
86 60
86 61
86 62
86 63
86 64
86 65
86 66
86 68
86 69
86 70
86 71
86 75
86 76
86 77
86 78
86 79
86 81
86 82
86 83
86 87
86 88
86 90
86 91
86 92
86 93
86 94
86 95
86 96
86 97
86 98
86 99
86 100
86 101
86 102
86 103
86 104
86 105
86 106
86 107
86 108
86 109
86 110
86 111
86 112
86 113
86 114
86 115
86 116
86 117
86 118
86 119
86 120
86 121
86 123
86 124
86 125
86 126
86 127
86 128
86 129
86 130
86 131
86 132
86 133
86 134
86 135
87 2
87 3
87 7
87 8
87 9
87 11
87 12
87 14
87 16
87 17
87 18
87 19
87 21
87 23
87 24
87 25
87 29
87 30
87 31
87 32
87 35
87 36
87 37
87 38
87 39
87 41
87 45
87 46
87 53
87 54
87 55
87 57
87 58
87 59
87 60
87 61
87 62
87 63
87 64
87 65
87 68
87 69
87 70
87 71
87 76
87 77
87 78
87 79
87 81
87 82
87 88
87 90
87 91
87 93
87 95
87 96
87 97
87 98
87 99
87 100
87 101
87 102
87 104
87 105
87 107
87 108
87 109
87 110
87 111
87 112
87 115
87 117
87 118
87 120
87 121
87 124
87 125
87 126
87 127
87 128
87 129
87 130
87 131
87 132
87 133
88 2
88 3
88 7
88 11
88 12
88 14
88 16
88 17
88 19
88 24
88 31
88 32
88 36
88 41
88 53
88 55
88 57
88 58
88 59
88 60
88 61
88 63
88 65
88 70
88 71
88 79
88 81
88 93
88 98
88 100
88 101
88 102
88 104
88 105
88 108
88 109
88 111
88 112
88 115
88 121
88 124
88 126
88 127
88 128
88 130
88 131
88 132
88 133
89 2
89 3
89 4
89 5
89 7
89 8
89 9
89 10
89 11
89 12
89 14
89 15
89 16
89 17
89 18
89 19
89 21
89 23
89 24
89 25
89 26
89 28
89 29
89 30
89 31
89 32
89 33
89 34
89 35
89 36
89 37
89 38
89 39
89 40
89 41
89 42
89 43
89 44
89 45
89 46
89 48
89 49
89 50
89 52
89 53
89 54
89 55
89 56
89 57
89 58
89 59
89 60
89 61
89 62
89 63
89 64
89 65
89 66
89 68
89 69
89 70
89 71
89 74
89 75
89 76
89 77
89 78
89 79
89 81
89 82
89 83
89 86
89 87
89 88
89 90
89 91
89 92
89 93
89 94
89 95
89 96
89 97
89 98
89 99
89 100
89 101
89 102
89 103
89 104
89 105
89 106
89 107
89 108
89 109
89 110
89 111
89 112
89 113
89 114
89 115
89 116
89 117
89 118
89 119
89 120
89 121
89 122
89 123
89 124
89 125
89 126
89 127
89 128
89 129
89 130
89 131
89 132
89 133
89 134
89 135
90 2
90 3
90 7
90 8
90 9
90 11
90 12
90 14
90 16
90 17
90 19
90 24
90 31
90 32
90 36
90 41
90 53
90 55
90 57
90 58
90 59
90 60
90 61
90 62
90 63
90 65
90 69
90 70
90 71
90 76
90 79
90 81
90 88
90 93
90 98
90 99
90 100
90 101
90 102
90 104
90 105
90 108
90 109
90 111
90 112
90 115
90 120
90 121
90 124
90 126
90 127
90 128
90 130
90 131
90 132
90 133
91 2
91 3
91 7
91 8
91 9
91 11
91 12
91 14
91 16
91 17
91 19
91 21
91 23
91 24
91 30
91 31
91 32
91 35
91 36
91 37
91 38
91 39
91 41
91 45
91 53
91 55
91 57
91 58
91 59
91 60
91 61
91 62
91 63
91 64
91 65
91 69
91 70
91 71
91 76
91 77
91 78
91 79
91 81
91 88
91 90
91 93
91 96
91 97
91 98
91 99
91 100
91 101
91 102
91 104
91 105
91 108
91 109
91 111
91 112
91 115
91 120
91 121
91 124
91 125
91 126
91 127
91 128
91 129
91 130
91 131
91 132
91 133
92 2
92 3
92 7
92 8
92 9
92 11
92 12
92 14
92 15
92 16
92 17
92 18
92 19
92 21
92 23
92 24
92 25
92 28
92 29
92 30
92 31
92 32
92 35
92 36
92 37
92 38
92 39
92 40
92 41
92 43
92 45
92 46
92 48
92 50
92 53
92 54
92 55
92 57
92 58
92 59
92 60
92 61
92 62
92 63
92 64
92 65
92 66
92 68
92 69
92 70
92 71
92 75
92 76
92 77
92 78
92 79
92 81
92 82
92 87
92 88
92 90
92 91
92 93
92 95
92 96
92 97
92 98
92 99
92 100
92 101
92 102
92 104
92 105
92 106
92 107
92 108
92 109
92 110
92 111
92 112
92 113
92 115
92 117
92 118
92 119
92 120
92 121
92 124
92 125
92 126
92 127
92 128
92 129
92 130
92 131
92 132
92 133
93 2
93 11
93 12
93 14
93 16
93 17
93 19
93 24
93 31
93 32
93 41
93 57
93 58
93 59
93 60
93 61
93 63
93 70
93 71
93 79
93 81
93 98
93 100
93 101
93 102
93 104
93 105
93 108
93 109
93 111
93 115
93 124
93 126
93 127
93 128
93 130
93 131
93 133
94 2
94 3
94 7
94 8
94 9
94 11
94 12
94 14
94 15
94 16
94 17
94 18
94 19
94 21
94 23
94 24
94 25
94 28
94 29
94 30
94 31
94 32
94 35
94 36
94 37
94 38
94 39
94 40
94 41
94 43
94 45
94 46
94 48
94 50
94 53
94 54
94 55
94 57
94 58
94 59
94 60
94 61
94 62
94 63
94 64
94 65
94 66
94 68
94 69
94 70
94 71
94 75
94 76
94 77
94 78
94 79
94 81
94 82
94 87
94 88
94 90
94 91
94 92
94 93
94 95
94 96
94 97
94 98
94 99
94 100
94 101
94 102
94 103
94 104
94 105
94 106
94 107
94 108
94 109
94 110
94 111
94 112
94 113
94 115
94 117
94 118
94 119
94 120
94 121
94 124
94 125
94 126
94 127
94 128
94 129
94 130
94 131
94 132
94 133
95 2
95 3
95 7
95 8
95 9
95 11
95 12
95 14
95 16
95 17
95 18
95 19
95 21
95 23
95 24
95 25
95 29
95 30
95 31
95 32
95 35
95 36
95 37
95 38
95 39
95 41
95 45
95 46
95 53
95 54
95 55
95 57
95 58
95 59
95 60
95 61
95 62
95 63
95 64
95 65
95 68
95 69
95 70
95 71
95 76
95 77
95 78
95 79
95 81
95 82
95 88
95 90
95 91
95 93
95 96
95 97
95 98
95 99
95 100
95 101
95 102
95 104
95 105
95 107
95 108
95 109
95 110
95 111
95 112
95 115
95 117
95 118
95 120
95 121
95 124
95 125
95 126
95 127
95 128
95 129
95 130
95 131
95 132
95 133
96 2
96 3
96 7
96 8
96 9
96 11
96 12
96 14
96 16
96 17
96 19
96 21
96 24
96 31
96 32
96 36
96 39
96 41
96 53
96 55
96 57
96 58
96 59
96 60
96 61
96 62
96 63
96 65
96 69
96 70
96 71
96 76
96 79
96 81
96 88
96 90
96 93
96 97
96 98
96 99
96 100
96 101
96 102
96 104
96 105
96 108
96 109
96 111
96 112
96 115
96 120
96 121
96 124
96 126
96 127
96 128
96 130
96 131
96 132
96 133
97 2
97 3
97 7
97 8
97 9
97 11
97 12
97 14
97 16
97 17
97 19
97 24
97 31
97 32
97 36
97 41
97 53
97 55
97 57
97 58
97 59
97 60
97 61
97 62
97 63
97 65
97 69
97 70
97 71
97 76
97 79
97 81
97 88
97 93
97 98
97 99
97 100
97 101
97 102
97 104
97 105
97 108
97 109
97 111
97 112
97 115
97 120
97 121
97 124
97 126
97 127
97 128
97 130
97 131
97 132
97 133
98 2
98 12
98 16
98 17
98 24
98 31
98 32
98 57
98 58
98 59
98 60
98 61
98 70
98 71
98 79
98 81
98 100
98 101
98 102
98 108
98 109
98 111
98 115
98 126
98 127
98 128
98 130
98 131
98 133
99 2
99 3
99 7
99 8
99 11
99 12
99 14
99 16
99 17
99 19
99 24
99 31
99 32
99 36
99 41
99 53
99 55
99 57
99 58
99 59
99 60
99 61
99 62
99 63
99 65
99 69
99 70
99 71
99 76
99 79
99 81
99 88
99 93
99 98
99 100
99 101
99 102
99 104
99 105
99 108
99 109
99 111
99 112
99 115
99 120
99 121
99 124
99 126
99 127
99 128
99 130
99 131
99 132
99 133
100 31
100 58
100 109
100 133
101 2
101 31
101 58
101 60
101 81
101 100
101 109
101 130
101 133
102 2
102 17
102 31
102 58
102 59
102 60
102 70
102 71
102 81
102 100
102 101
102 108
102 109
102 126
102 127
102 128
102 130
102 131
102 133
103 2
103 3
103 7
103 8
103 9
103 11
103 12
103 14
103 15
103 16
103 17
103 18
103 19
103 21
103 23
103 24
103 25
103 28
103 29
103 30
103 31
103 32
103 35
103 36
103 37
103 38
103 39
103 40
103 41
103 43
103 45
103 46
103 48
103 50
103 53
103 54
103 55
103 57
103 58
103 59
103 60
103 61
103 62
103 63
103 64
103 65
103 66
103 68
103 69
103 70
103 71
103 75
103 76
103 77
103 78
103 79
103 81
103 82
103 87
103 88
103 90
103 91
103 92
103 93
103 95
103 96
103 97
103 98
103 99
103 100
103 101
103 102
103 104
103 105
103 106
103 107
103 108
103 109
103 110
103 111
103 112
103 113
103 115
103 117
103 118
103 119
103 120
103 121
103 124
103 125
103 126
103 127
103 128
103 129
103 130
103 131
103 132
103 133
104 2
104 11
104 12
104 14
104 16
104 17
104 24
104 31
104 32
104 41
104 57
104 58
104 59
104 60
104 61
104 63
104 70
104 71
104 79
104 81
104 98
104 100
104 101
104 102
104 105
104 108
104 109
104 111
104 115
104 124
104 126
104 127
104 128
104 130
104 131
104 133
105 2
105 11
105 12
105 14
105 16
105 17
105 24
105 31
105 32
105 41
105 57
105 58
105 59
105 60
105 61
105 63
105 70
105 71
105 79
105 81
105 98
105 100
105 101
105 102
105 108
105 109
105 111
105 115
105 124
105 126
105 127
105 128
105 130
105 131
105 133
106 2
106 3
106 7
106 8
106 9
106 11
106 12
106 14
106 16
106 17
106 18
106 19
106 21
106 23
106 24
106 25
106 28
106 29
106 30
106 31
106 32
106 35
106 36
106 37
106 38
106 39
106 40
106 41
106 45
106 46
106 48
106 50
106 53
106 54
106 55
106 57
106 58
106 59
106 60
106 61
106 62
106 63
106 64
106 65
106 66
106 68
106 69
106 70
106 71
106 75
106 76
106 77
106 78
106 79
106 81
106 82
106 87
106 88
106 90
106 91
106 93
106 95
106 96
106 97
106 98
106 99
106 100
106 101
106 102
106 104
106 105
106 107
106 108
106 109
106 110
106 111
106 112
106 115
106 117
106 118
106 119
106 120
106 121
106 124
106 125
106 126
106 127
106 128
106 129
106 130
106 131
106 132
106 133
107 2
107 3
107 7
107 8
107 9
107 11
107 12
107 14
107 16
107 17
107 19
107 21
107 23
107 24
107 29
107 30
107 31
107 32
107 35
107 36
107 37
107 38
107 39
107 41
107 45
107 46
107 53
107 55
107 57
107 58
107 59
107 60
107 61
107 62
107 63
107 64
107 65
107 69
107 70
107 71
107 76
107 77
107 78
107 79
107 81
107 88
107 90
107 91
107 93
107 96
107 97
107 98
107 99
107 100
107 101
107 102
107 104
107 105
107 108
107 109
107 111
107 112
107 115
107 120
107 121
107 124
107 125
107 126
107 127
107 128
107 129
107 130
107 131
107 132
107 133
108 2
108 17
108 31
108 58
108 59
108 60
108 70
108 81
108 100
108 101
108 109
108 126
108 127
108 128
108 130
108 131
108 133
109 31
109 133
110 2
110 3
110 7
110 8
110 9
110 11
110 12
110 14
110 16
110 17
110 18
110 19
110 21
110 23
110 24
110 29
110 30
110 31
110 32
110 35
110 36
110 37
110 38
110 39
110 41
110 45
110 46
110 53
110 54
110 55
110 57
110 58
110 59
110 60
110 61
110 62
110 63
110 64
110 65
110 68
110 69
110 70
110 71
110 76
110 77
110 78
110 79
110 81
110 82
110 88
110 90
110 91
110 93
110 96
110 97
110 98
110 99
110 100
110 101
110 102
110 104
110 105
110 107
110 108
110 109
110 111
110 112
110 115
110 120
110 121
110 124
110 125
110 126
110 127
110 128
110 129
110 130
110 131
110 132
110 133
111 2
111 16
111 17
111 24
111 31
111 58
111 59
111 60
111 61
111 70
111 71
111 81
111 100
111 101
111 102
111 108
111 109
111 115
111 126
111 127
111 128
111 130
111 131
111 133
112 2
112 3
112 11
112 12
112 14
112 16
112 17
112 19
112 24
112 31
112 32
112 36
112 41
112 55
112 57
112 58
112 59
112 60
112 61
112 63
112 70
112 71
112 79
112 81
112 93
112 98
112 100
112 101
112 102
112 104
112 105
112 108
112 109
112 111
112 115
112 121
112 124
112 126
112 127
112 128
112 130
112 131
112 133
113 2
113 3
113 7
113 8
113 9
113 11
113 12
113 14
113 15
113 16
113 17
113 18
113 19
113 21
113 23
113 24
113 25
113 28
113 29
113 30
113 31
113 32
113 35
113 36
113 37
113 38
113 39
113 40
113 41
113 43
113 45
113 46
113 48
113 50
113 53
113 54
113 55
113 57
113 58
113 59
113 60
113 61
113 62
113 63
113 64
113 65
113 66
113 68
113 69
113 70
113 71
113 75
113 76
113 77
113 78
113 79
113 81
113 82
113 87
113 88
113 90
113 91
113 93
113 95
113 96
113 97
113 98
113 99
113 100
113 101
113 102
113 104
113 105
113 106
113 107
113 108
113 109
113 110
113 111
113 112
113 115
113 117
113 118
113 119
113 120
113 121
113 124
113 125
113 126
113 127
113 128
113 129
113 130
113 131
113 132
113 133
114 2
114 3
114 7
114 8
114 9
114 11
114 12
114 14
114 15
114 16
114 17
114 18
114 19
114 21
114 23
114 24
114 25
114 28
114 29
114 30
114 31
114 32
114 35
114 36
114 37
114 38
114 39
114 40
114 41
114 43
114 45
114 46
114 48
114 50
114 53
114 54
114 55
114 57
114 58
114 59
114 60
114 61
114 62
114 63
114 64
114 65
114 66
114 68
114 69
114 70
114 71
114 75
114 76
114 77
114 78
114 79
114 81
114 82
114 87
114 88
114 90
114 91
114 92
114 93
114 94
114 95
114 96
114 97
114 98
114 99
114 100
114 101
114 102
114 103
114 104
114 105
114 106
114 107
114 108
114 109
114 110
114 111
114 112
114 113
114 115
114 117
114 118
114 119
114 120
114 121
114 124
114 125
114 126
114 127
114 128
114 129
114 130
114 131
114 132
114 133
115 2
115 17
115 31
115 58
115 59
115 60
115 70
115 71
115 81
115 100
115 101
115 102
115 108
115 109
115 126
115 127
115 128
115 130
115 131
115 133
116 2
116 3
116 7
116 8
116 9
116 11
116 12
116 14
116 15
116 16
116 17
116 18
116 19
116 21
116 23
116 24
116 25
116 28
116 29
116 30
116 31
116 32
116 35
116 36
116 37
116 38
116 39
116 40
116 41
116 43
116 45
116 46
116 48
116 50
116 53
116 54
116 55
116 57
116 58
116 59
116 60
116 61
116 62
116 63
116 64
116 65
116 66
116 68
116 69
116 70
116 71
116 75
116 76
116 77
116 78
116 79
116 81
116 82
116 87
116 88
116 90
116 91
116 92
116 93
116 94
116 95
116 96
116 97
116 98
116 99
116 100
116 101
116 102
116 103
116 104
116 105
116 106
116 107
116 108
116 109
116 110
116 111
116 112
116 113
116 114
116 115
116 117
116 118
116 119
116 120
116 121
116 124
116 125
116 126
116 127
116 128
116 129
116 130
116 131
116 132
116 133
117 2
117 3
117 7
117 8
117 9
117 11
117 12
117 14
117 16
117 17
117 18
117 19
117 21
117 23
117 24
117 29
117 30
117 31
117 32
117 35
117 36
117 37
117 38
117 39
117 41
117 45
117 46
117 53
117 54
117 55
117 57
117 58
117 59
117 60
117 61
117 62
117 63
117 64
117 65
117 68
117 69
117 70
117 71
117 76
117 77
117 78
117 79
117 81
117 82
117 88
117 90
117 91
117 93
117 96
117 97
117 98
117 99
117 100
117 101
117 102
117 104
117 105
117 107
117 108
117 109
117 110
117 111
117 112
117 115
117 120
117 121
117 124
117 125
117 126
117 127
117 128
117 129
117 130
117 131
117 132
117 133
118 2
118 3
118 7
118 8
118 9
118 11
118 12
118 14
118 16
118 17
118 18
118 19
118 21
118 23
118 24
118 29
118 30
118 31
118 32
118 35
118 36
118 37
118 38
118 39
118 41
118 45
118 46
118 53
118 54
118 55
118 57
118 58
118 59
118 60
118 61
118 62
118 63
118 64
118 65
118 68
118 69
118 70
118 71
118 76
118 77
118 78
118 79
118 81
118 82
118 88
118 90
118 91
118 93
118 96
118 97
118 98
118 99
118 100
118 101
118 102
118 104
118 105
118 107
118 108
118 109
118 110
118 111
118 112
118 115
118 120
118 121
118 124
118 125
118 126
118 127
118 128
118 129
118 130
118 131
118 132
118 133
119 2
119 3
119 7
119 8
119 9
119 11
119 12
119 14
119 16
119 17
119 18
119 19
119 21
119 23
119 24
119 25
119 29
119 30
119 31
119 32
119 35
119 36
119 37
119 38
119 39
119 41
119 45
119 46
119 53
119 54
119 55
119 57
119 58
119 59
119 60
119 61
119 62
119 63
119 64
119 65
119 68
119 69
119 70
119 71
119 75
119 76
119 77
119 78
119 79
119 81
119 82
119 87
119 88
119 90
119 91
119 93
119 95
119 96
119 97
119 98
119 99
119 100
119 101
119 102
119 104
119 105
119 107
119 108
119 109
119 110
119 111
119 112
119 115
119 117
119 118
119 120
119 121
119 124
119 125
119 126
119 127
119 128
119 129
119 130
119 131
119 132
119 133
120 2
120 3
120 7
120 8
120 11
120 12
120 14
120 16
120 17
120 19
120 24
120 31
120 32
120 36
120 41
120 53
120 55
120 57
120 58
120 59
120 60
120 61
120 62
120 63
120 65
120 70
120 71
120 76
120 79
120 81
120 88
120 93
120 98
120 100
120 101
120 102
120 104
120 105
120 108
120 109
120 111
120 112
120 115
120 121
120 124
120 126
120 127
120 128
120 130
120 131
120 132
120 133
121 2
121 11
121 12
121 14
121 16
121 17
121 19
121 24
121 31
121 32
121 36
121 41
121 57
121 58
121 59
121 60
121 61
121 63
121 70
121 71
121 79
121 81
121 93
121 98
121 100
121 101
121 102
121 104
121 105
121 108
121 109
121 111
121 115
121 124
121 126
121 127
121 128
121 130
121 131
121 133
122 2
122 3
122 4
122 5
122 7
122 8
122 9
122 10
122 11
122 12
122 14
122 15
122 16
122 17
122 18
122 19
122 21
122 23
122 24
122 25
122 26
122 28
122 29
122 30
122 31
122 32
122 33
122 34
122 35
122 36
122 37
122 38
122 39
122 40
122 41
122 42
122 43
122 44
122 45
122 46
122 48
122 49
122 50
122 52
122 53
122 54
122 55
122 56
122 57
122 58
122 59
122 60
122 61
122 62
122 63
122 64
122 65
122 66
122 68
122 69
122 70
122 71
122 74
122 75
122 76
122 77
122 78
122 79
122 81
122 82
122 83
122 86
122 87
122 88
122 90
122 91
122 92
122 93
122 94
122 95
122 96
122 97
122 98
122 99
122 100
122 101
122 102
122 103
122 104
122 105
122 106
122 107
122 108
122 109
122 110
122 111
122 112
122 113
122 114
122 115
122 116
122 117
122 118
122 119
122 120
122 121
122 123
122 124
122 125
122 126
122 127
122 128
122 129
122 130
122 131
122 132
122 133
122 134
122 135
123 2
123 3
123 4
123 5
123 7
123 8
123 9
123 11
123 12
123 14
123 15
123 16
123 17
123 18
123 19
123 21
123 23
123 24
123 25
123 26
123 28
123 29
123 30
123 31
123 32
123 33
123 34
123 35
123 36
123 37
123 38
123 39
123 40
123 41
123 42
123 43
123 45
123 46
123 48
123 49
123 50
123 52
123 53
123 54
123 55
123 56
123 57
123 58
123 59
123 60
123 61
123 62
123 63
123 64
123 65
123 66
123 68
123 69
123 70
123 71
123 75
123 76
123 77
123 78
123 79
123 81
123 82
123 83
123 87
123 88
123 90
123 91
123 92
123 93
123 94
123 95
123 96
123 97
123 98
123 99
123 100
123 101
123 102
123 103
123 104
123 105
123 106
123 107
123 108
123 109
123 110
123 111
123 112
123 113
123 114
123 115
123 116
123 117
123 118
123 119
123 120
123 121
123 124
123 125
123 126
123 127
123 128
123 129
123 130
123 131
123 132
123 133
123 134
124 2
124 12
124 16
124 17
124 24
124 31
124 32
124 41
124 57
124 58
124 59
124 60
124 61
124 70
124 71
124 79
124 81
124 98
124 100
124 101
124 102
124 108
124 109
124 111
124 115
124 126
124 127
124 128
124 130
124 131
124 133
125 2
125 3
125 7
125 8
125 9
125 11
125 12
125 14
125 16
125 17
125 19
125 21
125 24
125 31
125 32
125 35
125 36
125 39
125 41
125 53
125 55
125 57
125 58
125 59
125 60
125 61
125 62
125 63
125 65
125 69
125 70
125 71
125 76
125 79
125 81
125 88
125 90
125 93
125 96
125 97
125 98
125 99
125 100
125 101
125 102
125 104
125 105
125 108
125 109
125 111
125 112
125 115
125 120
125 121
125 124
125 126
125 127
125 128
125 130
125 131
125 132
125 133
126 2
126 31
126 58
126 60
126 81
126 100
126 101
126 109
126 130
126 133
127 2
127 17
127 31
127 58
127 59
127 60
127 70
127 81
127 100
127 101
127 109
127 126
127 128
127 130
127 131
127 133
128 2
128 31
128 58
128 60
128 81
128 100
128 101
128 109
128 130
128 133
129 2
129 3
129 7
129 8
129 9
129 11
129 12
129 14
129 16
129 17
129 19
129 21
129 24
129 31
129 32
129 35
129 36
129 39
129 41
129 45
129 53
129 55
129 57
129 58
129 59
129 60
129 61
129 62
129 63
129 65
129 69
129 70
129 71
129 76
129 79
129 81
129 88
129 90
129 93
129 96
129 97
129 98
129 99
129 100
129 101
129 102
129 104
129 105
129 108
129 109
129 111
129 112
129 115
129 120
129 121
129 124
129 125
129 126
129 127
129 128
129 130
129 131
129 132
129 133
130 2
130 31
130 58
130 81
130 100
130 109
130 133
131 2
131 31
131 58
131 60
131 81
131 100
131 101
131 109
131 126
131 128
131 130
131 133
132 2
132 3
132 7
132 11
132 12
132 14
132 16
132 17
132 19
132 24
132 31
132 32
132 36
132 41
132 53
132 55
132 57
132 58
132 59
132 60
132 61
132 63
132 65
132 70
132 71
132 79
132 81
132 93
132 98
132 100
132 101
132 102
132 104
132 105
132 108
132 109
132 111
132 112
132 115
132 121
132 124
132 126
132 127
132 128
132 130
132 131
132 133
134 2
134 3
134 7
134 8
134 9
134 11
134 12
134 14
134 15
134 16
134 17
134 18
134 19
134 21
134 23
134 24
134 25
134 28
134 29
134 30
134 31
134 32
134 35
134 36
134 37
134 38
134 39
134 40
134 41
134 42
134 43
134 45
134 46
134 48
134 50
134 53
134 54
134 55
134 56
134 57
134 58
134 59
134 60
134 61
134 62
134 63
134 64
134 65
134 66
134 68
134 69
134 70
134 71
134 75
134 76
134 77
134 78
134 79
134 81
134 82
134 87
134 88
134 90
134 91
134 92
134 93
134 94
134 95
134 96
134 97
134 98
134 99
134 100
134 101
134 102
134 103
134 104
134 105
134 106
134 107
134 108
134 109
134 110
134 111
134 112
134 113
134 114
134 115
134 116
134 117
134 118
134 119
134 120
134 121
134 124
134 125
134 126
134 127
134 128
134 129
134 130
134 131
134 132
134 133
135 2
135 3
135 4
135 5
135 7
135 8
135 9
135 11
135 12
135 14
135 15
135 16
135 17
135 18
135 19
135 21
135 23
135 24
135 25
135 26
135 28
135 29
135 30
135 31
135 32
135 33
135 34
135 35
135 36
135 37
135 38
135 39
135 40
135 41
135 42
135 43
135 45
135 46
135 48
135 49
135 50
135 52
135 53
135 54
135 55
135 56
135 57
135 58
135 59
135 60
135 61
135 62
135 63
135 64
135 65
135 66
135 68
135 69
135 70
135 71
135 75
135 76
135 77
135 78
135 79
135 81
135 82
135 83
135 87
135 88
135 90
135 91
135 92
135 93
135 94
135 95
135 96
135 97
135 98
135 99
135 100
135 101
135 102
135 103
135 104
135 105
135 106
135 107
135 108
135 109
135 110
135 111
135 112
135 113
135 114
135 115
135 116
135 117
135 118
135 119
135 120
135 121
135 124
135 125
135 126
135 127
135 128
135 129
135 130
135 131
135 132
135 133
135 134
