7 21
0 1 14 14
0 2 0 86
0 3 92 93
0 4 27 19
0 5 22 32
0 6 20 22
1 2 86 0
1 3 97 94
1 4 17 25
1 5 25 19
1 6 14 28
2 3 87 87
2 4 19 26
2 5 26 20
2 6 20 27
3 4 22 21
3 5 31 28
3 6 21 26
4 5 96 86
4 6 88 94
5 6 94 93
0 2
0 3
0 4
0 5
0 6
0 7
0 8
0 9
0 10
0 11
0 12
0 13
0 14
0 15
0 16
0 17
0 18
0 19
0 20
1 0
1 2
1 3
1 4
1 5
1 6
1 7
1 8
1 9
1 10
1 11
1 12
1 13
1 14
1 15
1 16
1 17
1 18
1 19
1 20
2 7
2 18
2 20
3 2
3 6
3 7
3 11
3 16
3 18
3 19
3 20
4 2
4 3
4 6
4 7
4 9
4 11
4 13
4 16
4 18
4 19
4 20
5 2
5 3
5 4
5 6
5 7
5 9
5 11
5 13
5 14
5 15
5 16
5 17
5 18
5 19
5 20
6 2
6 7
6 11
6 18
6 19
6 20
8 2
8 3
8 4
8 5
8 6
8 7
8 9
8 11
8 12
8 13
8 14
8 15
8 16
8 17
8 18
8 19
8 20
9 2
9 3
9 6
9 7
9 11
9 13
9 16
9 18
9 19
9 20
10 2
10 3
10 4
10 5
10 6
10 7
10 8
10 9
10 11
10 12
10 13
10 14
10 15
10 16
10 17
10 18
10 19
10 20
11 2
11 7
11 18
11 19
11 20
12 2
12 3
12 4
12 5
12 6
12 7
12 9
12 11
12 13
12 14
12 15
12 16
12 17
12 18
12 19
12 20
13 2
13 3
13 6
13 7
13 11
13 16
13 18
13 19
13 20
14 2
14 3
14 4
14 6
14 7
14 9
14 11
14 13
14 15
14 16
14 17
14 18
14 19
14 20
15 2
15 3
15 4
15 6
15 7
15 9
15 11
15 13
15 16
15 18
15 19
15 20
16 2
16 6
16 7
16 11
16 18
16 19
16 20
17 2
17 3
17 4
17 6
17 7
17 9
17 11
17 13
17 15
17 16
17 18
17 19
17 20
18 7
19 2
19 7
19 18
19 20
20 7
20 18
