10
0 1 45 69 61 68
0 2 9 81 62 58
0 3 4 84 83 80
0 4 80 25 46 46
0 5 34 57 61 65
0 6 52 72 51 57
0 7 41 33 34 61
0 8 23 79 84 76
0 9 29 84 43 49
1 2 84 14 46 8
1 3 64 34 38 29
1 4 97 5 30 32
1 5 98 6 41 2
1 6 29 68 50 47
1 7 91 41 8 13
1 8 1 70 84 69
1 9 56 57 69 25
2 3 51 30 65 73
2 4 99 13 49 13
2 5 79 32 53 14
2 6 14 67 51 74
2 7 51 51 63 27
2 8 19 85 61 62
2 9 9 84 45 52
3 4 72 51 40 23
3 5 69 61 55 33
3 6 15 69 47 53
3 7 90 45 19 7
3 8 38 70 74 30
3 9 83 18 48 14
4 5 18 90 71 48
4 6 2 67 69 50
4 7 58 66 21 43
4 8 73 40 42 40
4 9 75 16 23 44
5 6 81 9 57 14
5 7 13 85 74 51
5 8 20 84 52 52
5 9 64 27 25 33
6 7 24 46 68 40
6 8 16 83 42 66
6 9 20 82 85 73
7 8 31 37 80 68
7 9 54 30 43 68
8 9 39 36 33 76
