10
0 1 66 38 37 42
0 2 68 35 29 29
0 3 53 44 49 43
0 4 91 19 21 21
0 5 3 84 94 87
0 6 85 18 16 21
0 7 14 73 77 84
0 8 76 27 34 31
0 9 89 12 23 11
1 2 51 55 45 41
1 3 89 17 9 10
1 4 26 67 75 64
1 5 71 29 37 36
1 6 56 43 42 48
1 7 64 35 32 33
1 8 59 44 35 49
1 9 67 30 28 42
2 3 48 47 57 50
2 4 98 4 9 7
2 5 82 27 20 19
2 6 11 81 86 81
2 7 28 69 64 61
2 8 20 81 75 68
2 9 19 68 83 72
3 4 17 83 80 78
3 5 88 18 13 23
3 6 85 14 23 21
3 7 60 40 35 35
3 8 70 30 37 31
3 9 4 90 92 87
4 5 95 10 10 17
4 6 53 48 52 39
4 7 46 58 53 52
4 8 78 24 33 20
4 9 47 58 44 53
5 6 0 91 94 86
5 7 5 92 93 92
5 8 96 16 7 6
5 9 35 64 59 60
6 7 35 65 55 55
6 8 18 72 79 82
6 9 24 68 71 64
7 8 44 50 59 50
7 9 0 85 90 86
8 9 9 89 84 88
