17
0 1 47 47 55 53
0 2 79 19 30 24
0 3 88 20 13 24
0 4 70 34 32 33
0 5 31 62 62 66
0 6 93 14 9 7
0 7 20 80 67 71
0 8 48 49 49 55
0 9 30 62 61 69
0 10 20 77 77 81
0 11 87 13 19 16
0 12 25 75 65 63
0 13 95 8 12 5
0 14 91 12 14 16
0 15 50 50 49 52
0 16 29 62 64 65
1 2 0 93 98 90
1 3 4 89 83 88
1 4 80 21 27 29
1 5 43 56 56 52
1 6 49 54 54 47
1 7 33 68 63 61
1 8 75 25 27 35
1 9 56 48 48 50
1 10 65 36 32 32
1 11 11 82 76 76
1 12 87 19 22 19
1 13 74 29 34 31
1 14 12 81 87 88
1 15 49 54 49 51
1 16 91 8 21 11
2 3 52 43 47 43
2 4 71 25 27 27
2 5 34 67 68 59
2 6 84 17 19 16
2 7 13 88 82 88
2 8 18 73 74 71
2 9 86 16 21 18
2 10 16 82 84 84
2 11 1 88 84 97
2 12 95 17 4 11
2 13 30 60 67 69
2 14 48 48 52 56
2 15 89 19 13 15
2 16 12 75 87 83
3 4 71 33 36 30
3 5 63 34 39 44
3 6 30 63 73 65
3 7 15 80 83 81
3 8 26 74 74 77
3 9 13 79 88 87
3 10 21 69 69 79
3 11 56 50 47 44
3 12 89 13 10 15
3 13 30 65 70 67
3 14 55 45 38 42
3 15 54 46 40 39
3 16 9 91 91 83
4 5 68 36 40 31
4 6 40 53 52 63
4 7 63 38 35 36
4 8 5 88 92 86
4 9 66 38 38 33
4 10 13 87 76 85
4 11 47 53 46 53
4 12 11 78 81 85
4 13 86 15 25 12
4 14 16 79 80 72
4 15 93 10 8 9
4 16 36 55 61 57
5 6 22 65 79 68
5 7 72 34 27 32
5 8 68 33 33 33
5 9 65 40 30 32
5 10 83 20 28 22
5 11 78 20 31 28
5 12 12 77 77 85
5 13 60 37 47 42
5 14 63 44 36 34
5 15 15 74 75 82
5 16 24 78 76 70
6 7 17 72 69 76
6 8 88 14 20 16
6 9 73 34 30 24
6 10 63 36 41 40
6 11 1 87 86 98
6 12 54 45 44 53
6 13 70 25 36 34
6 14 62 38 36 40
6 15 83 24 21 21
6 16 57 44 37 39
7 8 7 82 78 84
7 9 50 53 54 52
7 10 17 81 82 71
7 11 59 34 45 39
7 12 37 67 64 59
7 13 42 52 62 56
7 14 56 47 49 38
7 15 32 69 60 65
7 16 5 90 91 94
8 9 96 11 13 8
8 10 25 67 72 74
8 11 97 7 4 8
8 12 32 62 58 59
8 13 41 62 60 62
8 14 92 13 6 13
8 15 14 84 82 83
8 16 98 4 10 14
9 10 18 80 80 69
9 11 8 79 82 86
9 12 27 70 63 72
9 13 99 15 11 10
9 14 73 22 28 25
9 15 80 28 19 17
9 16 99 8 12 3
10 11 27 67 74 66
10 12 22 77 75 66
10 13 52 51 43 49
10 14 22 74 76 77
10 15 86 17 13 21
10 16 37 55 57 55
11 12 60 44 45 37
11 13 22 78 73 68
11 14 35 61 66 65
11 15 19 81 77 77
11 16 54 40 43 44
12 13 97 15 16 4
12 14 89 19 18 20
12 15 81 29 20 19
12 16 69 27 28 30
13 14 9 89 90 86
13 15 69 26 33 39
13 16 26 67 73 70
14 15 85 14 26 25
14 16 62 37 33 45
15 16 50 49 49 55
