20
0 1 69 51 80 8
0 2 38 16 74 78
0 3 86 15 7 2
0 4 81 26 43 4
0 5 49 22 86 27
0 6 75 65 10 21
0 7 41 41 26 60
0 8 51 41 14 45
0 9 87 45 6 64
0 10 79 38 14 16
0 11 59 59 31 36
0 12 3 39 61 94
0 13 92 1 3 34
0 14 83 13 61 50
0 15 18 22 78 25
0 16 96 43 34 18
0 17 20 73 78 93
0 18 52 44 64 10
0 19 81 49 53 74
1 2 80 21 76 74
1 3 97 26 23 27
1 4 99 50 70 74
1 5 12 91 96 20
1 6 22 27 60 23
1 7 95 17 42 36
1 8 45 33 12 89
1 9 70 12 58 14
1 10 30 82 80 76
1 11 79 29 65 16
1 12 57 16 25 29
1 13 52 31 48 52
1 14 33 19 76 60
1 15 23 25 80 24
1 16 15 38 94 26
1 17 50 59 31 60
1 18 47 64 16 32
1 19 43 76 78 23
2 3 31 72 75 61
2 4 47 12 21 51
2 5 19 68 87 36
2 6 65 9 69 16
2 7 26 73 37 56
2 8 97 49 36 57
2 9 82 61 53 70
2 10 3 66 50 28
2 11 80 65 69 18
2 12 7 31 91 78
2 13 91 78 60 71
2 14 71 27 24 63
2 15 74 36 61 69
2 16 6 48 86 51
2 17 50 23 12 43
2 18 40 88 48 16
2 19 60 35 75 11
3 4 12 36 58 45
3 5 72 65 24 19
3 6 44 83 79 89
3 7 79 10 42 14
3 8 75 71 83 42
3 9 99 25 15 1
3 10 14 81 27 39
3 11 45 34 59 25
3 12 27 70 58 18
3 13 5 96 64 27
3 14 76 73 51 24
3 15 93 78 77 15
3 16 12 46 17 74
3 17 7 45 20 66
3 18 8 97 88 27
3 19 94 51 73 51
4 5 70 82 50 37
4 6 10 32 81 45
4 7 53 69 82 30
4 8 59 57 38 64
4 9 3 86 50 81
4 10 34 21 80 78
4 11 27 16 29 72
4 12 47 87 56 26
4 13 36 51 37 58
4 14 59 75 43 31
4 15 78 42 32 79
4 16 92 28 58 22
4 17 57 51 45 62
4 18 44 32 45 90
4 19 26 70 76 59
5 6 82 83 7 49
5 7 33 28 92 87
5 8 4 51 84 80
5 9 79 23 63 48
5 10 1 68 29 83
5 11 67 76 50 83
5 12 7 89 23 34
5 13 51 44 31 35
5 14 94 22 76 9
5 15 64 31 29 60
5 16 54 58 71 78
5 17 41 37 27 60
5 18 5 35 86 97
5 19 58 78 73 70
6 7 7 93 89 68
6 8 31 92 50 27
6 9 68 10 7 16
6 10 66 18 36 28
6 11 89 42 77 18
6 12 64 79 51 74
6 13 19 41 93 80
6 14 90 27 52 74
6 15 53 60 44 65
6 16 0 98 53 84
6 17 26 67 83 68
6 18 65 85 20 52
6 19 94 78 4 77
7 8 2 71 32 86
7 9 83 55 17 65
7 10 36 88 44 29
7 11 88 13 63 54
7 12 44 59 35 30
7 13 5 51 93 98
7 14 53 28 64 85
7 15 58 67 31 60
7 16 96 16 69 5
7 17 9 73 64 56
7 18 2 60 65 41
7 19 53 64 39 73
8 9 65 82 10 45
8 10 63 83 20 11
8 11 82 80 6 59
8 12 7 92 77 87
8 13 70 58 39 6
8 14 6 58 57 41
8 15 68 58 48 31
8 16 97 71 13 14
8 17 14 41 94 49
8 18 9 51 82 23
8 19 62 36 58 14
9 10 33 45 53 39
9 11 68 46 29 73
9 12 37 17 12 77
9 13 59 67 60 69
9 14 58 33 41 56
9 15 18 33 59 83
9 16 51 64 48 35
9 17 3 20 78 25
9 18 79 28 21 32
9 19 75 64 78 12
10 11 91 21 17 29
10 12 63 73 61 59
10 13 84 37 30 43
10 14 89 54 67 18
10 15 47 66 29 82
10 16 11 53 22 41
10 17 23 83 34 26
10 18 83 13 14 58
10 19 34 14 23 44
11 12 26 54 58 59
11 13 95 19 28 51
11 14 83 3 24 27
11 15 18 25 82 70
11 16 41 29 69 49
11 17 51 43 24 76
11 18 94 78 40 59
11 19 49 16 31 41
12 13 13 80 37 48
12 14 93 30 59 4
12 15 8 35 60 25
12 16 8 47 54 68
12 17 57 67 43 59
12 18 61 67 9 47
12 19 40 14 38 31
13 14 38 65 34 53
13 15 55 36 30 82
13 16 56 44 50 19
13 17 0 30 37 95
13 18 87 26 50 71
13 19 64 78 45 60
14 15 49 57 21 59
14 16 76 5 55 51
14 17 81 46 66 82
14 18 77 72 65 19
14 19 56 10 65 43
15 16 14 42 70 84
15 17 58 81 67 44
15 18 5 56 36 49
15 19 9 92 25 87
16 17 24 21 40 66
16 18 69 84 70 73
16 19 8 26 54 96
17 18 65 38 11 30
17 19 69 51 79 59
18 19 20 80 85 48
