20
0 1 41 48 59 50
0 2 97 11 48 32
0 3 34 71 38 61
0 4 42 70 65 75
0 5 68 63 62 56
0 6 7 51 52 57
0 7 62 63 23 54
0 8 56 32 46 28
0 9 47 36 64 45
0 10 40 76 52 41
0 11 83 34 30 43
0 12 87 52 6 20
0 13 0 78 82 90
0 14 87 53 54 50
0 15 1 66 64 66
0 16 46 32 41 31
0 17 40 60 73 77
0 18 6 58 62 66
0 19 29 84 74 64
1 2 95 15 47 8
1 3 22 77 86 64
1 4 65 65 35 58
1 5 64 21 40 49
1 6 65 53 59 42
1 7 51 29 49 58
1 8 93 38 21 20
1 9 55 23 29 43
1 10 78 26 16 36
1 11 45 50 29 69
1 12 92 30 21 17
1 13 58 64 60 54
1 14 31 47 53 72
1 15 99 10 14 14
1 16 33 54 74 61
1 17 95 12 15 44
1 18 10 69 53 57
1 19 90 28 31 38
2 3 49 69 33 52
2 4 32 52 79 79
2 5 32 46 65 79
2 6 94 18 37 8
2 7 45 55 46 32
2 8 89 52 30 17
2 9 85 40 35 47
2 10 39 66 45 60
2 11 76 12 41 41
2 12 40 30 32 67
2 13 89 30 53 53
2 14 4 85 85 92
2 15 87 56 6 10
2 16 17 65 64 87
2 17 93 37 49 13
2 18 75 50 15 31
2 19 37 55 76 78
3 4 78 17 10 49
3 5 3 83 87 93
3 6 39 64 78 78
3 7 78 31 12 45
3 8 72 45 42 50
3 9 16 66 55 62
3 10 3 48 83 87
3 11 33 71 61 65
3 12 6 88 74 63
3 13 28 40 78 44
3 14 17 86 78 50
3 15 91 23 19 38
3 16 50 65 41 58
3 17 42 36 47 57
3 18 92 8 14 21
3 19 4 96 58 78
4 5 90 44 22 54
4 6 60 53 24 63
4 7 2 96 94 72
4 8 35 48 37 47
4 9 30 44 51 43
4 10 63 27 19 36
4 11 72 37 25 21
4 12 33 76 59 60
4 13 79 23 56 43
4 14 18 41 82 64
4 15 58 54 31 47
4 16 9 51 70 73
4 17 5 77 96 96
4 18 82 40 34 54
4 19 68 18 49 55
5 6 93 12 52 39
5 7 0 89 87 52
5 8 47 29 58 59
5 9 32 62 53 51
5 10 56 25 70 33
5 11 91 4 8 53
5 12 29 37 81 58
5 13 17 76 73 79
5 14 47 31 74 38
5 15 84 33 34 49
5 16 87 47 7 7
5 17 81 34 38 21
5 18 46 51 37 75
5 19 48 37 34 53
6 7 69 60 44 59
6 8 9 52 77 47
6 9 50 59 46 26
6 10 72 16 22 52
6 11 28 77 74 47
6 12 69 32 63 22
6 13 24 78 85 44
6 14 6 87 86 96
6 15 25 75 84 49
6 16 43 51 67 76
6 17 50 65 46 62
6 18 6 66 87 49
6 19 22 41 71 64
7 8 22 50 56 44
7 9 86 49 40 28
7 10 49 65 30 67
7 11 40 40 53 57
7 12 38 58 41 62
7 13 87 30 26 28
7 14 55 52 62 62
7 15 35 64 49 66
7 16 36 69 64 48
7 17 87 16 43 43
7 18 66 26 52 48
7 19 0 96 80 71
8 9 56 34 56 30
8 10 67 40 61 33
8 11 30 40 76 55
8 12 6 60 51 60
8 13 5 86 84 85
8 14 88 25 46 28
8 15 46 62 54 33
8 16 73 61 56 60
8 17 52 56 44 53
8 18 68 58 65 44
8 19 63 37 19 22
9 10 3 87 63 87
9 11 12 57 83 62
9 12 78 24 50 34
9 13 59 41 50 37
9 14 14 63 45 43
9 15 28 47 55 58
9 16 78 43 25 36
9 17 1 76 50 53
9 18 15 71 49 79
9 19 60 33 35 37
10 11 57 36 64 69
10 12 14 43 59 87
10 13 28 45 85 42
10 14 69 34 45 44
10 15 59 57 29 31
10 16 34 69 57 73
10 17 32 69 80 57
10 18 86 51 9 53
10 19 10 70 78 47
11 12 96 16 51 6
11 13 98 14 49 48
11 14 81 10 52 40
11 15 62 46 32 54
11 16 79 43 33 37
11 17 5 50 73 63
11 18 96 20 22 37
11 19 86 49 49 26
12 13 17 49 51 84
12 14 66 61 51 60
12 15 42 51 59 49
12 16 37 40 42 74
12 17 25 38 63 72
12 18 62 46 34 43
12 19 75 56 52 51
13 14 85 13 12 20
13 15 31 53 80 58
13 16 89 20 41 10
13 17 78 15 34 17
13 18 67 33 23 60
13 19 49 44 45 40
14 15 3 83 62 84
14 16 84 26 13 36
14 17 83 11 28 34
14 18 88 50 13 25
14 19 86 46 29 52
15 16 50 56 51 74
15 17 86 35 23 36
15 18 50 55 38 69
15 19 10 44 82 91
16 17 59 62 53 56
16 18 43 64 55 53
16 19 40 59 75 62
17 18 25 64 49 54
17 19 1 69 68 56
18 19 56 42 53 54
