25
0 1 99 29 62 50
0 2 42 35 31 62
0 3 25 88 62 20
0 4 95 56 50 73
0 5 9 55 53 70
0 6 66 69 39 53
0 7 66 64 47 47
0 8 21 20 52 28
0 9 33 33 42 32
0 10 38 84 79 58
0 11 84 55 46 26
0 12 10 75 21 77
0 13 98 33 28 10
0 14 56 38 52 88
0 15 76 50 12 49
0 16 89 20 50 55
0 17 10 90 91 41
0 18 13 63 23 31
0 19 94 15 78 28
0 20 73 28 29 70
0 21 61 86 39 15
0 22 3 68 75 24
0 23 24 75 42 91
0 24 24 46 60 30
1 2 52 59 70 83
1 3 72 18 75 82
1 4 15 25 52 33
1 5 40 31 65 76
1 6 46 41 11 55
1 7 50 89 22 89
1 8 43 88 17 12
1 9 94 64 57 41
1 10 75 70 37 53
1 11 15 70 55 92
1 12 71 81 24 74
1 13 38 23 32 25
1 14 91 69 48 5
1 15 35 48 74 60
1 16 58 52 16 66
1 17 33 60 40 51
1 18 81 72 66 27
1 19 75 56 7 70
1 20 46 83 23 36
1 21 47 18 22 29
1 22 1 82 56 37
1 23 65 84 64 68
1 24 36 59 74 88
2 3 22 46 87 75
2 4 50 50 14 36
2 5 98 76 17 42
2 6 0 83 29 52
2 7 29 50 79 44
2 8 43 80 36 33
2 9 26 86 62 19
2 10 76 7 19 50
2 11 37 39 52 44
2 12 63 30 43 47
2 13 44 69 41 12
2 14 44 84 32 11
2 15 7 53 81 53
2 16 56 61 72 37
2 17 67 58 13 13
2 18 5 90 96 29
2 19 38 80 24 88
2 20 26 53 49 53
2 21 72 32 5 66
2 22 80 29 29 58
2 23 30 50 60 48
2 24 85 40 7 80
3 4 0 20 39 54
3 5 50 23 60 43
3 6 64 68 82 72
3 7 4 90 57 58
3 8 91 3 54 68
3 9 84 11 48 17
3 10 40 84 28 91
3 11 46 25 34 66
3 12 45 34 56 39
3 13 48 88 30 23
3 14 62 60 73 50
3 15 22 58 36 47
3 16 89 17 29 70
3 17 47 50 23 39
3 18 16 94 19 24
3 19 56 13 84 29
3 20 37 79 81 28
3 21 4 46 30 77
3 22 36 82 52 39
3 23 93 46 55 30
3 24 25 84 30 90
4 5 33 33 51 17
4 6 74 30 62 19
4 7 44 89 19 86
4 8 15 63 61 58
4 9 71 83 48 63
4 10 9 44 73 19
4 11 83 66 70 16
4 12 45 72 19 49
4 13 88 39 79 16
4 14 0 56 31 22
4 15 11 93 97 48
4 16 65 11 74 17
4 17 46 80 21 88
4 18 67 22 34 77
4 19 0 31 49 62
4 20 24 43 50 54
4 21 81 14 74 68
4 22 49 27 44 16
4 23 44 75 12 74
4 24 23 81 56 70
5 6 15 41 26 46
5 7 52 84 13 42
5 8 4 58 78 21
5 9 46 29 15 57
5 10 91 63 31 43
5 11 0 48 84 81
5 12 51 78 60 47
5 13 75 45 58 8
5 14 23 52 87 64
5 15 4 70 81 82
5 16 16 51 41 66
5 17 64 34 86 71
5 18 33 32 31 82
5 19 35 91 24 35
5 20 27 55 32 49
5 21 93 26 65 80
5 22 58 72 13 28
5 23 41 42 87 58
5 24 62 23 56 34
6 7 78 62 74 56
6 8 34 64 31 19
6 9 39 65 24 28
6 10 59 18 54 43
6 11 39 69 23 87
6 12 45 58 60 79
6 13 77 22 30 5
6 14 4 81 66 93
6 15 36 14 29 15
6 16 28 21 54 75
6 17 24 65 20 62
6 18 21 48 62 19
6 19 36 22 27 71
6 20 21 39 71 46
6 21 41 21 82 78
6 22 64 12 25 41
6 23 70 47 76 77
6 24 41 62 26 46
7 8 4 73 66 63
7 9 96 8 79 21
7 10 51 73 31 38
7 11 22 52 93 44
7 12 59 64 85 44
7 13 12 65 55 29
7 14 3 66 44 28
7 15 81 45 77 16
7 16 79 82 62 43
7 17 40 56 50 77
7 18 9 44 58 85
7 19 36 35 25 61
7 20 52 13 47 77
7 21 52 20 35 31
7 22 38 48 72 27
7 23 50 38 57 47
7 24 88 31 9 71
8 9 86 25 52 55
8 10 58 17 40 30
8 11 69 48 54 49
8 12 41 46 39 79
8 13 11 40 81 42
8 14 84 15 40 27
8 15 25 88 80 61
8 16 84 52 57 20
8 17 65 36 33 16
8 18 92 46 16 33
8 19 68 69 71 10
8 20 26 52 29 69
8 21 98 2 24 23
8 22 70 52 65 62
8 23 12 33 73 27
8 24 3 85 99 75
9 10 62 79 23 36
9 11 97 67 75 53
9 12 36 81 62 65
9 13 66 43 40 46
9 14 16 73 71 72
9 15 97 13 4 14
9 16 76 6 31 69
9 17 58 85 25 10
9 18 72 7 51 18
9 19 51 46 70 67
9 20 42 54 40 64
9 21 62 85 16 66
9 22 32 36 78 15
9 23 76 19 57 75
9 24 84 52 65 25
10 11 84 12 38 70
10 12 87 47 62 32
10 13 11 49 83 64
10 14 95 79 1 38
10 15 53 29 14 15
10 16 96 20 63 42
10 17 5 46 54 61
10 18 74 54 11 64
10 19 81 21 8 72
10 20 73 23 32 67
10 21 87 66 78 46
10 22 99 46 11 22
10 23 55 11 87 20
10 24 83 26 77 54
11 12 16 90 26 17
11 13 63 50 17 62
11 14 45 18 40 35
11 15 21 59 84 30
11 16 59 11 26 16
11 17 27 85 75 32
11 18 27 91 86 84
11 19 5 54 32 72
11 20 38 90 43 81
11 21 74 23 78 7
11 22 36 71 39 67
11 23 13 61 80 39
11 24 22 24 61 31
12 13 37 39 63 58
12 14 12 54 41 52
12 15 72 25 47 43
12 16 62 67 37 29
12 17 42 53 78 15
12 18 95 38 59 18
12 19 85 15 66 60
12 20 63 66 72 42
12 21 90 64 53 46
12 22 95 41 51 1
12 23 73 23 79 38
12 24 43 27 40 64
13 14 89 24 53 37
13 15 57 38 74 66
13 16 91 59 20 32
13 17 36 68 24 17
13 18 95 32 36 14
13 19 39 83 64 31
13 20 94 2 65 61
13 21 12 28 31 45
13 22 33 60 59 46
13 23 26 22 83 80
13 24 1 53 25 92
14 15 46 37 15 47
14 16 52 33 37 42
14 17 45 63 52 66
14 18 75 44 56 74
14 19 15 78 87 65
14 20 65 34 51 44
14 21 39 61 41 74
14 22 29 92 38 87
14 23 69 68 30 64
14 24 16 83 92 57
15 16 1 57 98 49
15 17 22 22 34 33
15 18 90 26 6 23
15 19 27 17 53 65
15 20 92 52 52 55
15 21 24 31 74 94
15 22 99 18 3 60
15 23 80 5 79 64
15 24 91 10 38 10
16 17 34 47 51 55
16 18 51 50 37 33
16 19 24 18 68 50
16 20 22 29 47 94
16 21 28 23 18 45
16 22 95 30 11 1
16 23 6 74 44 44
16 24 68 65 10 48
17 18 9 59 59 57
17 19 95 50 27 55
17 20 7 44 85 40
17 21 2 27 52 34
17 22 7 31 95 80
17 23 97 18 49 73
17 24 56 56 52 17
18 19 77 35 57 24
18 20 51 44 23 19
18 21 58 35 49 29
18 22 25 42 16 73
18 23 5 68 73 34
18 24 69 41 76 78
19 20 42 28 72 73
19 21 54 47 66 24
19 22 38 49 15 41
19 23 27 89 43 47
19 24 3 98 70 77
20 21 80 44 51 37
20 22 60 78 37 30
20 23 17 84 18 39
20 24 21 31 90 83
21 22 14 63 35 69
21 23 72 27 71 32
21 24 89 72 32 21
22 23 18 93 83 30
22 24 54 35 39 23
23 24 76 6 81 77
