27
0 1 8 79 92 92
0 2 37 54 55 54
0 3 67 39 33 34
0 4 51 48 49 55
0 5 3 87 86 89
0 6 29 74 72 69
0 7 27 67 66 63
0 8 49 56 52 44
0 9 33 68 65 67
0 10 57 47 48 47
0 11 29 73 66 71
0 12 44 53 48 47
0 13 14 85 86 86
0 14 10 86 85 79
0 15 82 21 18 16
0 16 50 47 55 56
0 17 73 23 33 32
0 18 39 60 60 57
0 19 45 59 48 57
0 20 12 81 88 77
0 21 71 35 29 29
0 22 84 26 27 15
0 23 13 88 74 74
0 24 60 39 43 44
0 25 13 73 76 78
0 26 99 3 12 8
1 2 43 49 49 56
1 3 62 39 45 32
1 4 13 78 84 80
1 5 7 83 83 93
1 6 88 24 22 10
1 7 35 62 69 61
1 8 69 31 32 32
1 9 52 46 50 52
1 10 64 33 36 43
1 11 67 29 28 34
1 12 68 35 32 35
1 13 30 64 62 69
1 14 83 20 28 21
1 15 92 20 18 18
1 16 36 56 63 57
1 17 52 43 40 43
1 18 50 49 44 43
1 19 58 36 43 43
1 20 63 44 33 39
1 21 2 86 93 87
1 22 37 60 55 58
1 23 42 56 57 60
1 24 29 62 73 60
1 25 63 31 45 37
1 26 29 71 60 71
2 3 54 51 45 53
2 4 29 63 69 63
2 5 13 77 82 77
2 6 15 84 75 78
2 7 46 57 56 60
2 8 65 29 30 41
2 9 17 77 76 78
2 10 37 57 67 53
2 11 52 48 46 47
2 12 67 34 31 36
2 13 43 61 56 48
2 14 24 64 69 72
2 15 23 71 65 78
2 16 99 1 5 7
2 17 74 31 31 23
2 18 33 59 61 65
2 19 67 32 40 40
2 20 60 44 36 43
2 21 90 17 21 21
2 22 93 8 8 6
2 23 97 9 9 5
2 24 80 21 27 23
2 25 16 76 84 72
2 26 51 44 42 54
3 4 47 56 54 50
3 5 43 60 61 60
3 6 35 67 65 67
3 7 21 72 79 72
3 8 58 49 45 38
3 9 70 37 32 35
3 10 95 11 5 5
3 11 19 79 73 75
3 12 2 92 86 95
3 13 84 18 26 15
3 14 91 14 12 13
3 15 14 87 84 85
3 16 87 11 23 22
3 17 16 77 79 74
3 18 93 15 10 8
3 19 71 38 34 30
3 20 92 6 10 8
3 21 6 88 83 88
3 22 56 38 51 41
3 23 33 63 70 70
3 24 21 73 75 81
3 25 48 46 58 45
3 26 29 67 67 70
4 5 0 97 90 95
4 6 15 81 75 75
4 7 54 42 44 41
4 8 10 81 82 85
4 9 19 80 77 80
4 10 39 66 64 52
4 11 19 79 75 81
4 12 26 72 63 75
4 13 5 87 90 91
4 14 40 50 65 55
4 15 72 32 25 26
4 16 74 32 25 26
4 17 36 60 57 56
4 18 84 19 25 20
4 19 70 29 33 29
4 20 84 21 27 25
4 21 32 57 59 65
4 22 21 68 73 76
4 23 75 31 21 35
4 24 6 84 81 90
4 25 55 44 52 41
4 26 54 40 49 52
5 6 49 51 53 45
5 7 29 62 62 69
5 8 37 66 66 54
5 9 66 33 35 28
5 10 57 37 50 45
5 11 25 70 75 63
5 12 38 58 55 54
5 13 35 65 56 63
5 14 91 13 11 10
5 15 43 49 52 57
5 16 11 81 75 80
5 17 57 50 45 51
5 18 97 11 11 12
5 19 78 18 28 18
5 20 73 28 31 32
5 21 20 70 75 80
5 22 22 78 70 73
5 23 57 46 38 47
5 24 99 4 1 12
5 25 6 93 91 86
5 26 71 25 31 32
6 7 37 62 64 57
6 8 16 71 76 84
6 9 11 86 83 86
6 10 71 27 31 28
6 11 12 78 89 85
6 12 43 49 59 60
6 13 77 21 27 26
6 14 18 80 80 74
6 15 58 48 36 41
6 16 83 16 17 27
6 17 99 13 9 3
6 18 35 67 61 65
6 19 61 34 35 46
6 20 43 54 49 59
6 21 20 78 77 82
6 22 53 42 39 50
6 23 2 96 96 83
6 24 40 52 64 59
6 25 60 46 47 41
6 26 13 88 85 84
7 8 60 41 36 43
7 9 46 54 48 58
7 10 50 55 51 56
7 11 15 86 73 86
7 12 49 54 54 56
7 13 4 81 81 91
7 14 57 43 38 42
7 15 5 87 88 91
7 16 87 14 21 21
7 17 86 20 26 15
7 18 87 23 15 13
7 19 0 97 93 90
7 20 25 76 65 67
7 21 17 70 83 70
7 22 73 27 34 30
7 23 88 12 23 24
7 24 3 90 89 92
7 25 78 32 22 33
7 26 25 78 69 75
8 9 85 24 23 14
8 10 30 61 60 61
8 11 76 27 27 30
8 12 50 53 43 43
8 13 0 89 90 87
8 14 67 37 41 32
8 15 60 33 44 47
8 16 50 52 55 43
8 17 51 52 48 51
8 18 29 59 68 74
8 19 98 6 14 1
8 20 20 81 76 80
8 21 2 86 85 90
8 22 74 32 34 29
8 23 88 24 22 13
8 24 48 54 57 54
8 25 6 85 93 91
8 26 56 49 48 46
9 10 30 69 68 65
9 11 96 14 9 11
9 12 92 18 21 13
9 13 89 11 23 22
9 14 54 46 46 45
9 15 31 64 68 71
9 16 56 50 50 40
9 17 85 15 23 21
9 18 43 62 56 61
9 19 29 60 70 74
9 20 92 18 15 21
9 21 11 78 82 87
9 22 51 55 41 41
9 23 17 71 72 77
9 24 13 88 78 85
9 25 53 51 46 42
9 26 15 76 76 84
10 11 30 62 65 73
10 12 84 19 25 20
10 13 99 12 13 9
10 14 87 12 19 12
10 15 49 48 46 52
10 16 75 30 30 24
10 17 90 20 8 19
10 18 75 32 24 32
10 19 62 36 46 32
10 20 50 48 44 56
10 21 94 15 12 6
10 22 2 89 85 87
10 23 7 85 80 80
10 24 68 39 38 37
10 25 35 59 62 60
10 26 18 83 75 69
11 12 69 30 33 30
11 13 76 29 27 32
11 14 66 35 33 33
11 15 51 52 55 55
11 16 3 96 91 93
11 17 28 61 74 64
11 18 78 26 23 22
11 19 66 42 41 29
11 20 71 37 31 35
11 21 31 72 71 60
11 22 60 39 36 46
11 23 77 23 25 30
11 24 88 20 16 19
11 25 6 93 86 94
11 26 91 19 21 21
12 13 47 57 56 46
12 14 69 36 29 32
12 15 55 41 46 45
12 16 19 68 82 70
12 17 95 7 15 16
12 18 2 87 86 88
12 19 11 86 78 81
12 20 78 23 30 25
12 21 57 49 41 36
12 22 76 22 27 30
12 23 59 36 40 44
12 24 87 12 22 13
12 25 28 73 69 71
12 26 44 52 51 54
13 14 45 49 48 47
13 15 95 10 4 14
13 16 53 46 54 42
13 17 7 86 87 91
13 18 60 35 43 39
13 19 12 75 82 75
13 20 95 8 15 13
13 21 39 51 65 51
13 22 0 86 85 86
13 23 25 77 72 67
13 24 31 68 62 59
13 25 86 18 24 13
13 26 64 42 41 35
14 15 36 68 65 53
14 16 75 31 28 25
14 17 48 51 43 46
14 18 81 26 25 22
14 19 74 31 31 23
14 20 86 13 22 24
14 21 59 41 37 38
14 22 64 38 34 44
14 23 66 35 42 39
14 24 22 71 79 78
14 25 34 66 64 63
14 26 82 25 15 15
15 16 30 72 64 69
15 17 23 79 80 68
15 18 82 20 24 23
15 19 50 50 54 55
15 20 57 38 51 37
15 21 32 66 69 65
15 22 65 32 33 41
15 23 80 30 19 19
15 24 31 62 70 71
15 25 56 48 43 47
15 26 74 25 26 22
16 17 77 22 28 32
16 18 92 10 19 13
16 19 23 66 78 67
16 20 88 18 19 16
16 21 60 47 37 48
16 22 77 32 33 19
16 23 56 44 41 48
16 24 22 70 67 67
16 25 2 96 95 90
16 26 13 73 74 76
17 18 78 21 21 27
17 19 98 14 2 6
17 20 62 39 43 36
17 21 20 76 79 72
17 22 56 38 42 39
17 23 87 24 14 18
17 24 42 53 57 51
17 25 67 42 29 33
17 26 54 49 41 49
18 19 99 6 2 2
18 20 24 65 73 77
18 21 36 58 54 68
18 22 79 23 26 21
18 23 90 9 10 10
18 24 41 61 62 59
18 25 88 17 18 15
18 26 6 88 83 88
19 20 75 23 22 24
19 21 55 48 50 50
19 22 34 69 58 66
19 23 73 24 27 25
19 24 79 18 26 26
19 25 6 81 92 82
19 26 42 54 56 56
20 21 65 40 41 38
20 22 82 16 25 21
20 23 63 35 41 41
20 24 5 81 88 86
20 25 12 83 84 80
20 26 91 11 15 11
21 22 59 45 42 48
21 23 45 55 52 46
21 24 25 68 66 69
21 25 85 22 21 15
21 26 41 50 63 59
22 23 93 14 15 20
22 24 43 62 61 55
22 25 29 69 60 60
22 26 18 73 78 81
23 24 94 18 4 13
23 25 23 73 64 69
23 26 80 27 18 26
24 25 77 27 22 30
24 26 66 36 40 39
25 26 61 45 43 44
