27
0 1 64 50 73 9
0 2 69 83 84 22
0 3 71 7 30 77
0 4 29 49 48 74
0 5 16 68 76 18
0 6 16 92 92 37
0 7 85 46 20 73
0 8 92 64 19 16
0 9 69 51 81 18
0 10 38 77 90 36
0 11 85 78 8 54
0 12 41 53 76 29
0 13 17 63 45 27
0 14 14 73 79 54
0 15 52 68 87 53
0 16 80 58 59 21
0 17 1 64 45 62
0 18 61 15 62 59
0 19 93 26 74 7
0 20 77 7 21 12
0 21 97 55 71 47
0 22 13 67 74 36
0 23 79 12 23 51
0 24 35 51 44 23
0 25 79 22 44 74
0 26 79 82 36 71
1 2 60 55 68 42
1 3 3 46 53 38
1 4 37 42 77 14
1 5 62 19 44 33
1 6 25 54 59 65
1 7 62 62 33 45
1 8 51 26 65 47
1 9 1 59 48 61
1 10 36 37 61 33
1 11 34 23 20 78
1 12 18 29 20 79
1 13 30 28 80 92
1 14 94 40 11 78
1 15 96 24 58 29
1 16 25 18 51 49
1 17 98 11 5 64
1 18 52 72 65 18
1 19 13 28 25 41
1 20 23 82 76 17
1 21 61 50 9 82
1 22 82 63 52 76
1 23 60 23 72 14
1 24 41 41 80 57
1 25 25 51 28 35
1 26 62 33 54 15
2 3 38 27 31 81
2 4 14 79 57 48
2 5 73 60 35 10
2 6 91 55 16 2
2 7 79 75 61 37
2 8 97 5 47 67
2 9 18 20 17 19
2 10 20 87 71 29
2 11 1 85 44 20
2 12 81 49 62 7
2 13 65 23 19 77
2 14 64 19 26 85
2 15 89 17 59 70
2 16 81 15 65 60
2 17 1 73 46 38
2 18 1 48 52 80
2 19 70 65 48 25
2 20 49 41 53 12
2 21 62 62 23 60
2 22 92 7 43 17
2 23 24 59 32 33
2 24 61 49 49 30
2 25 13 72 94 73
2 26 54 78 52 32
3 4 14 57 89 70
3 5 37 88 36 48
3 6 44 72 35 37
3 7 33 22 49 39
3 8 18 86 24 85
3 9 61 45 71 87
3 10 97 36 35 40
3 11 51 35 42 20
3 12 27 57 82 22
3 13 49 70 30 54
3 14 8 61 40 77
3 15 55 29 35 11
3 16 50 76 73 40
3 17 28 55 62 18
3 18 69 6 19 79
3 19 10 44 55 87
3 20 38 25 27 78
3 21 21 20 29 67
3 22 85 35 66 29
3 23 24 48 35 55
3 24 54 79 10 16
3 25 59 29 15 35
3 26 48 26 21 14
4 5 30 62 60 18
4 6 66 82 39 41
4 7 14 95 90 35
4 8 65 80 49 65
4 9 79 58 39 69
4 10 29 32 21 47
4 11 97 52 46 74
4 12 98 24 59 9
4 13 54 39 84 66
4 14 2 62 63 48
4 15 91 59 35 41
4 16 30 88 25 90
4 17 19 28 46 59
4 18 12 36 85 38
4 19 81 73 32 68
4 20 42 26 90 52
4 21 68 84 59 21
4 22 56 21 43 15
4 23 82 55 43 28
4 24 27 15 62 37
4 25 16 38 20 28
4 26 23 68 80 74
5 6 73 31 85 36
5 7 99 63 2 0
5 8 12 73 45 62
5 9 19 22 67 46
5 10 91 12 57 50
5 11 38 35 67 78
5 12 32 27 23 23
5 13 3 24 66 85
5 14 46 14 47 49
5 15 46 61 35 60
5 16 77 80 33 66
5 17 1 48 79 70
5 18 65 84 15 66
5 19 85 64 37 36
5 20 50 33 42 34
5 21 45 13 67 71
5 22 90 73 52 15
5 23 3 52 98 67
5 24 10 43 18 93
5 25 17 45 93 52
5 26 32 28 84 84
6 7 3 40 84 97
6 8 61 53 14 61
6 9 81 52 58 18
6 10 28 83 50 20
6 11 86 17 8 81
6 12 48 87 52 83
6 13 88 48 78 14
6 14 28 66 76 61
6 15 64 45 51 30
6 16 95 25 60 19
6 17 54 34 48 43
6 18 91 74 73 72
6 19 35 90 30 32
6 20 65 84 31 48
6 21 88 19 40 7
6 22 5 58 74 65
6 23 19 92 50 78
6 24 68 48 64 84
6 25 86 82 3 35
6 26 2 57 19 57
7 8 38 44 18 57
7 9 99 13 72 39
7 10 25 15 51 20
7 11 5 60 56 64
7 12 4 51 19 59
7 13 84 38 24 63
7 14 26 33 43 28
7 15 36 73 51 72
7 16 7 84 88 36
7 17 74 66 74 61
7 18 19 93 55 16
7 19 29 28 35 57
7 20 47 73 37 24
7 21 8 66 69 41
7 22 99 73 75 14
7 23 89 16 33 7
7 24 67 9 51 74
7 25 46 36 81 66
7 26 3 26 88 68
8 9 61 82 74 75
8 10 90 19 50 12
8 11 35 36 81 38
8 12 49 19 24 27
8 13 37 84 80 72
8 14 37 60 91 86
8 15 18 33 66 70
8 16 97 69 36 40
8 17 73 68 32 41
8 18 1 35 51 33
8 19 17 35 23 92
8 20 7 48 24 37
8 21 95 62 18 9
8 22 89 6 62 54
8 23 72 6 80 34
8 24 70 52 73 12
8 25 53 63 85 42
8 26 48 88 69 38
9 10 99 16 66 15
9 11 54 13 23 50
9 12 31 19 90 40
9 13 82 63 47 16
9 14 58 87 75 36
9 15 33 89 44 48
9 16 85 37 56 42
9 17 25 68 42 39
9 18 40 54 26 74
9 19 30 19 85 33
9 20 98 66 56 40
9 21 76 43 44 48
9 22 31 34 31 25
9 23 18 66 47 61
9 24 98 66 22 72
9 25 84 76 7 68
9 26 89 71 60 5
10 11 1 34 45 32
10 12 55 81 82 28
10 13 27 40 88 24
10 14 74 59 55 10
10 15 72 14 42 83
10 16 41 26 42 31
10 17 8 59 84 77
10 18 50 58 72 14
10 19 80 73 44 32
10 20 8 49 65 40
10 21 43 90 58 86
10 22 83 58 79 19
10 23 46 70 14 18
10 24 90 44 14 22
10 25 88 79 25 9
10 26 59 19 36 78
11 12 19 41 20 18
11 13 77 74 10 71
11 14 54 43 39 19
11 15 66 69 82 74
11 16 19 75 58 53
11 17 94 80 9 25
11 18 63 44 20 22
11 19 91 55 53 75
11 20 18 78 80 25
11 21 67 79 24 60
11 22 32 24 58 59
11 23 77 14 56 33
11 24 58 43 58 42
11 25 85 79 64 48
11 26 8 77 53 73
12 13 24 75 54 83
12 14 32 13 68 26
12 15 63 80 28 47
12 16 0 66 62 39
12 17 19 91 91 74
12 18 90 48 42 36
12 19 39 84 54 31
12 20 51 28 15 74
12 21 92 36 49 63
12 22 7 58 60 67
12 23 7 72 83 38
12 24 67 47 39 75
12 25 4 73 36 55
12 26 75 70 8 77
13 14 96 41 47 20
13 15 79 44 57 70
13 16 51 65 17 28
13 17 38 28 81 90
13 18 63 78 19 21
13 19 88 47 70 48
13 20 3 92 89 54
13 21 56 23 41 51
13 22 90 43 56 36
13 23 7 89 28 33
13 24 44 19 60 49
13 25 97 46 8 59
13 26 98 62 60 22
14 15 86 65 42 7
14 16 75 66 32 17
14 17 54 77 18 51
14 18 57 69 22 30
14 19 14 92 60 19
14 20 9 24 60 59
14 21 38 23 27 34
14 22 38 32 15 73
14 23 56 87 16 77
14 24 89 16 47 75
14 25 20 91 35 77
14 26 13 18 70 76
15 16 25 55 80 34
15 17 42 42 58 38
15 18 30 47 45 49
15 19 72 19 73 30
15 20 2 24 84 63
15 21 24 30 27 94
15 22 84 30 39 69
15 23 29 23 59 89
15 24 83 32 48 49
15 25 75 54 11 18
15 26 51 76 67 70
16 17 53 56 11 14
16 18 8 28 42 26
16 19 52 11 53 38
16 20 93 3 10 8
16 21 21 42 54 79
16 22 96 22 8 1
16 23 19 86 68 95
16 24 40 41 90 83
16 25 72 21 60 73
16 26 40 40 16 68
17 18 68 30 50 69
17 19 40 75 82 57
17 20 72 83 11 30
17 21 23 52 19 55
17 22 76 61 45 57
17 23 12 93 91 71
17 24 61 67 62 79
17 25 21 48 72 52
17 26 32 49 81 32
18 19 72 11 57 30
18 20 15 28 80 52
18 21 96 5 16 15
18 22 3 88 22 41
18 23 61 87 74 40
18 24 98 63 75 4
18 25 46 51 45 26
18 26 74 54 34 39
19 20 19 80 60 50
19 21 78 57 41 8
19 22 93 8 13 74
19 23 82 26 71 29
19 24 97 60 56 79
19 25 50 44 44 47
19 26 20 94 79 33
20 21 27 39 68 27
20 22 4 60 63 66
20 23 48 43 63 61
20 24 47 36 43 83
20 25 75 29 72 50
20 26 2 91 61 62
21 22 13 68 56 32
21 23 34 17 74 73
21 24 71 58 70 26
21 25 31 78 52 69
21 26 5 78 33 25
22 23 64 64 86 14
22 24 51 37 44 21
22 25 75 37 12 28
22 26 82 10 23 46
23 24 13 93 45 27
23 25 26 77 44 54
23 26 38 80 17 60
24 25 66 21 9 61
24 26 42 69 18 38
25 26 11 61 43 51
