33
0 1 1 58 69 82
0 2 11 73 78 90
0 3 7 87 90 93
0 4 84 37 40 55
0 5 52 36 70 73
0 6 3 81 73 96
0 7 39 74 70 52
0 8 38 31 33 57
0 9 18 90 49 59
0 10 50 43 29 32
0 11 81 19 26 17
0 12 92 48 11 42
0 13 58 60 70 57
0 14 60 25 60 28
0 15 46 43 67 64
0 16 94 23 30 23
0 17 82 15 51 29
0 18 66 58 17 32
0 19 61 42 20 34
0 20 57 67 62 36
0 21 77 22 55 36
0 22 45 56 39 42
0 23 47 70 36 55
0 24 51 62 63 34
0 25 23 87 73 48
0 26 18 50 76 84
0 27 95 23 6 40
0 28 40 72 54 54
0 29 57 31 47 66
0 30 48 40 27 43
0 31 37 57 66 36
0 32 23 56 40 49
1 2 91 14 51 36
1 3 96 24 48 29
1 4 81 23 43 47
1 5 77 28 57 52
1 6 75 31 16 41
1 7 74 26 20 34
1 8 57 39 62 31
1 9 1 71 52 54
1 10 70 28 54 36
1 11 42 46 63 75
1 12 9 69 59 71
1 13 8 54 74 48
1 14 2 91 77 68
1 15 74 45 43 29
1 16 64 37 24 53
1 17 17 78 53 75
1 18 67 34 42 52
1 19 23 47 40 59
1 20 17 78 66 52
1 21 75 13 25 41
1 22 99 39 14 15
1 23 51 28 27 30
1 24 78 13 36 16
1 25 5 64 71 90
1 26 51 72 42 53
1 27 70 25 38 15
1 28 89 12 23 14
1 29 29 50 62 56
1 30 14 45 85 63
1 31 95 36 13 49
1 32 60 23 41 49
2 3 40 75 58 53
2 4 24 57 40 63
2 5 59 39 39 40
2 6 79 33 15 57
2 7 93 30 44 27
2 8 79 37 60 46
2 9 89 42 38 29
2 10 55 41 66 65
2 11 57 62 27 67
2 12 38 33 38 50
2 13 69 56 23 38
2 14 0 71 77 97
2 15 89 13 53 5
2 16 66 20 57 35
2 17 34 68 33 73
2 18 63 25 41 37
2 19 18 62 44 79
2 20 76 23 40 49
2 21 78 17 16 40
2 22 75 57 24 38
2 23 56 40 58 67
2 24 32 68 52 71
2 25 38 56 66 48
2 26 22 51 59 72
2 27 65 52 39 66
2 28 59 65 40 44
2 29 41 67 66 30
2 30 94 21 23 31
2 31 30 72 40 64
2 32 88 26 45 40
3 4 77 46 45 11
3 5 87 55 49 6
3 6 89 26 53 26
3 7 72 47 33 41
3 8 82 21 49 53
3 9 0 54 66 92
3 10 7 53 48 67
3 11 86 40 36 27
3 12 39 62 70 34
3 13 26 77 48 65
3 14 85 53 28 54
3 15 4 70 97 84
3 16 15 84 61 86
3 17 85 17 22 22
3 18 93 14 47 10
3 19 90 14 19 51
3 20 39 64 51 52
3 21 37 34 38 65
3 22 13 49 62 47
3 23 2 87 55 51
3 24 13 49 91 70
3 25 4 67 69 56
3 26 86 32 35 30
3 27 39 77 35 46
3 28 50 43 61 45
3 29 37 49 50 77
3 30 37 43 80 50
3 31 11 61 60 92
3 32 13 75 60 61
4 5 76 47 52 50
4 6 85 42 16 20
4 7 59 27 63 50
4 8 6 75 49 50
4 9 17 69 53 68
4 10 13 84 58 62
4 11 1 92 85 66
4 12 17 53 50 55
4 13 51 56 45 65
4 14 65 60 36 22
4 15 62 43 54 49
4 16 89 16 44 37
4 17 20 46 88 54
4 18 8 70 80 57
4 19 61 36 29 66
4 20 2 70 68 98
4 21 75 29 22 20
4 22 51 50 36 57
4 23 87 52 55 49
4 24 57 62 32 59
4 25 72 51 32 27
4 26 80 37 58 11
4 27 44 59 48 32
4 28 16 52 47 58
4 29 31 37 49 45
4 30 61 68 42 25
4 31 2 56 59 93
4 32 73 22 46 53
5 6 11 93 76 81
5 7 65 42 31 24
5 8 48 61 42 26
5 9 90 10 27 43
5 10 42 58 75 29
5 11 15 55 63 65
5 12 56 65 33 32
5 13 85 45 23 42
5 14 42 77 48 44
5 15 9 79 65 69
5 16 37 52 36 80
5 17 29 46 50 37
5 18 75 29 35 37
5 19 29 50 76 76
5 20 84 49 55 28
5 21 67 37 20 38
5 22 23 63 58 67
5 23 27 56 37 37
5 24 59 30 21 28
5 25 85 52 12 19
5 26 61 59 57 65
5 27 70 64 25 25
5 28 54 60 50 62
5 29 6 77 61 83
5 30 17 41 46 81
5 31 27 72 66 37
5 32 80 47 45 22
6 7 51 50 38 36
6 8 80 10 46 15
6 9 22 74 45 52
6 10 97 15 50 22
6 11 38 40 56 68
6 12 46 52 42 58
6 13 82 34 21 47
6 14 22 62 79 38
6 15 63 40 52 20
6 16 44 63 63 57
6 17 78 24 44 18
6 18 84 27 28 26
6 19 84 39 29 45
6 20 51 38 62 70
6 21 93 27 10 19
6 22 8 70 90 45
6 23 0 81 70 82
6 24 28 81 60 42
6 25 55 62 37 52
6 26 10 83 70 66
6 27 85 35 26 49
6 28 39 54 34 66
6 29 87 36 26 8
6 30 59 42 60 23
6 31 62 43 44 35
6 32 25 63 73 54
7 8 29 79 61 75
7 9 23 50 55 50
7 10 87 41 17 7
7 11 57 54 45 34
7 12 48 70 59 26
7 13 38 41 66 66
7 14 69 15 40 38
7 15 59 46 37 70
7 16 33 46 55 73
7 17 47 37 40 63
7 18 82 56 55 31
7 19 93 24 27 45
7 20 32 41 64 70
7 21 37 58 50 38
7 22 65 37 18 42
7 23 83 36 40 25
7 24 31 84 58 67
7 25 27 81 67 73
7 26 47 45 58 66
7 27 22 48 49 42
7 28 86 28 43 52
7 29 51 45 32 60
7 30 89 54 21 17
7 31 65 44 46 65
7 32 75 56 48 17
8 9 94 12 49 33
8 10 51 32 62 29
8 11 89 23 41 41
8 12 61 53 57 19
8 13 0 94 72 84
8 14 92 12 50 49
8 15 39 39 75 75
8 16 28 67 51 67
8 17 90 23 49 51
8 18 87 38 15 37
8 19 51 51 41 54
8 20 13 69 90 76
8 21 23 48 46 64
8 22 48 73 41 46
8 23 2 84 84 85
8 24 72 54 17 31
8 25 70 24 16 37
8 26 58 48 21 56
8 27 34 72 66 35
8 28 80 26 16 25
8 29 57 62 29 40
8 30 56 39 34 41
8 31 45 35 34 56
8 32 8 69 91 81
9 10 55 27 45 57
9 11 75 21 40 25
9 12 61 61 22 22
9 13 55 45 70 60
9 14 73 61 14 48
9 15 6 92 50 68
9 16 96 41 46 43
9 17 63 29 35 63
9 18 22 72 70 57
9 19 22 79 60 66
9 20 96 33 17 39
9 21 14 63 46 43
9 22 12 48 43 60
9 23 25 48 72 81
9 24 52 71 64 59
9 25 98 2 30 48
9 26 2 51 76 86
9 27 8 91 77 49
9 28 68 25 33 58
9 29 90 32 11 30
9 30 91 52 52 26
9 31 1 89 84 85
9 32 71 46 29 24
10 11 65 34 45 53
10 12 85 20 46 14
10 13 51 29 70 65
10 14 27 63 76 70
10 15 0 49 57 69
10 16 84 49 28 44
10 17 75 32 16 56
10 18 69 51 46 64
10 19 86 23 28 19
10 20 84 50 23 22
10 21 54 25 48 33
10 22 88 39 18 44
10 23 70 27 36 29
10 24 28 84 39 81
10 25 23 57 50 65
10 26 57 29 41 47
10 27 65 57 40 65
10 28 24 54 66 79
10 29 1 87 98 75
10 30 49 53 27 37
10 31 12 54 53 65
10 32 71 38 44 51
11 12 34 53 42 72
11 13 56 62 51 49
11 14 14 51 75 66
11 15 94 32 42 43
11 16 77 33 42 24
11 17 85 30 22 19
11 18 58 30 70 45
11 19 30 60 39 36
11 20 37 69 57 63
11 21 30 78 82 44
11 22 28 62 85 75
11 23 96 11 18 13
11 24 13 57 75 84
11 25 36 80 43 35
11 26 42 64 52 67
11 27 2 78 75 67
11 28 44 33 45 50
11 29 60 25 25 60
11 30 29 48 82 71
11 31 94 28 12 51
11 32 68 46 31 22
12 13 67 21 51 35
12 14 17 44 49 70
12 15 55 31 64 35
12 16 29 71 40 63
12 17 16 46 89 64
12 18 31 67 47 83
12 19 12 72 46 64
12 20 58 29 39 67
12 21 0 99 85 50
12 22 34 60 42 53
12 23 8 67 78 48
12 24 21 65 75 81
12 25 64 56 28 22
12 26 99 45 5 24
12 27 39 59 53 72
12 28 40 40 68 65
12 29 99 28 20 32
12 30 74 35 24 39
12 31 29 58 55 64
12 32 29 81 61 52
13 14 62 25 54 37
13 15 61 57 26 41
13 16 23 58 73 57
13 17 61 54 45 29
13 18 11 46 50 60
13 19 17 50 65 62
13 20 71 45 29 51
13 21 79 17 41 27
13 22 32 81 83 54
13 23 71 25 63 56
13 24 97 5 22 42
13 25 52 51 56 30
13 26 57 47 40 54
13 27 22 76 69 84
13 28 19 51 78 86
13 29 65 54 43 29
13 30 38 61 65 77
13 31 63 37 42 63
13 32 24 78 62 78
14 15 52 60 50 39
14 16 13 90 65 56
14 17 51 58 66 48
14 18 68 20 43 31
14 19 10 94 65 90
14 20 25 57 59 85
14 21 23 73 79 40
14 22 31 82 43 36
14 23 72 46 59 49
14 24 2 80 80 56
14 25 37 70 37 64
14 26 36 63 55 39
14 27 69 55 37 33
14 28 93 10 52 34
14 29 26 38 38 55
14 30 67 25 35 59
14 31 28 50 84 50
14 32 5 88 69 96
15 16 10 75 89 70
15 17 72 32 41 49
15 18 33 54 77 43
15 19 70 39 50 20
15 20 54 30 38 47
15 21 16 66 49 74
15 22 79 17 14 53
15 23 59 36 70 46
15 24 43 32 51 38
15 25 45 36 39 39
15 26 19 45 90 62
15 27 83 11 10 14
15 28 88 10 45 23
15 29 63 20 27 25
15 30 12 74 68 76
15 31 2 63 48 81
15 32 88 29 5 28
16 17 56 37 61 39
16 18 20 64 87 48
16 19 96 50 5 48
16 20 83 37 34 45
16 21 3 59 61 53
16 22 7 73 96 56
16 23 92 34 44 50
16 24 47 69 54 50
16 25 17 53 63 45
16 26 57 61 41 23
16 27 19 78 70 65
16 28 82 55 21 18
16 29 63 59 28 43
16 30 69 60 45 17
16 31 41 74 79 35
16 32 19 46 62 57
17 18 60 67 63 45
17 19 36 55 34 48
17 20 12 74 56 65
17 21 49 72 64 32
17 22 67 40 29 54
17 23 25 48 57 45
17 24 11 94 48 49
17 25 32 35 76 46
17 26 28 55 76 54
17 27 13 86 50 67
17 28 90 46 19 23
17 29 25 61 67 52
17 30 93 50 32 32
17 31 82 44 20 24
17 32 20 73 74 61
18 19 83 42 16 16
18 20 86 33 28 30
18 21 30 65 49 62
18 22 91 17 21 35
18 23 72 29 23 54
18 24 26 53 48 85
18 25 67 16 52 38
18 26 83 28 16 11
18 27 98 22 35 18
18 28 99 48 35 15
18 29 93 20 27 13
18 30 47 68 59 52
18 31 0 51 76 92
18 32 45 27 34 69
19 20 11 71 91 85
19 21 91 23 23 46
19 22 54 28 36 61
19 23 51 55 44 59
19 24 93 30 38 25
19 25 27 42 69 46
19 26 53 55 27 32
19 27 24 57 52 80
19 28 62 46 20 28
19 29 31 76 58 78
19 30 35 47 46 32
19 31 22 79 73 57
19 32 83 9 33 33
20 21 92 13 10 49
20 22 76 52 29 37
20 23 70 40 30 50
20 24 80 19 53 37
20 25 74 40 62 14
20 26 71 20 61 24
20 27 17 50 68 86
20 28 48 55 68 27
20 29 46 51 49 29
20 30 5 52 47 65
20 31 86 53 22 9
20 32 46 33 41 45
21 22 13 64 64 88
21 23 24 45 68 64
21 24 17 58 65 68
21 25 39 30 34 35
21 26 23 62 72 87
21 27 50 69 31 50
21 28 94 30 26 23
21 29 8 64 63 62
21 30 12 65 56 50
21 31 84 15 54 30
21 32 58 49 70 61
22 23 3 93 80 58
22 24 59 68 41 43
22 25 66 61 23 63
22 26 59 21 21 62
22 27 89 21 54 31
22 28 27 44 72 75
22 29 61 27 43 63
22 30 76 52 58 50
22 31 78 42 11 20
22 32 94 44 2 30
23 24 45 69 36 43
23 25 66 38 58 21
23 26 52 40 24 24
23 27 94 12 27 30
23 28 1 79 87 61
23 29 18 87 41 58
23 30 62 45 40 55
23 31 12 79 75 92
23 32 28 58 83 79
24 25 45 44 42 64
24 26 34 77 57 54
24 27 13 82 59 76
24 28 59 37 35 49
24 29 30 83 38 49
24 30 23 85 47 49
24 31 64 59 62 41
24 32 13 58 59 53
25 26 75 17 56 57
25 27 63 37 53 54
25 28 6 47 79 84
25 29 11 55 64 93
25 30 56 32 65 37
25 31 52 43 51 49
25 32 53 60 40 40
26 27 64 62 44 43
26 28 24 87 85 59
26 29 66 54 44 33
26 30 19 55 48 73
26 31 1 89 86 84
26 32 52 59 49 63
27 28 95 9 51 47
27 29 4 68 71 48
27 30 74 44 18 48
27 31 25 41 60 48
27 32 11 65 51 52
28 29 65 29 17 65
28 30 3 50 58 86
28 31 37 80 45 66
28 32 48 74 31 67
29 30 46 42 26 72
29 31 95 46 44 46
29 32 29 67 83 67
30 31 35 74 54 46
30 32 90 26 46 42
31 32 66 49 61 56
