35
0 1 95 54 24 9
0 2 29 52 55 56
0 3 4 94 57 52
0 4 6 32 29 50
0 5 41 90 40 48
0 6 69 81 58 57
0 7 34 38 92 77
0 8 1 29 66 93
0 9 90 39 20 14
0 10 80 74 68 24
0 11 93 72 51 13
0 12 24 43 44 68
0 13 45 43 25 78
0 14 14 42 32 38
0 15 23 17 42 36
0 16 59 53 58 44
0 17 54 66 11 63
0 18 57 47 52 21
0 19 69 51 34 41
0 20 62 70 74 49
0 21 93 35 65 60
0 22 56 15 48 83
0 23 9 36 27 87
0 24 6 25 81 94
0 25 24 93 64 81
0 26 84 37 76 64
0 27 83 59 45 14
0 28 82 61 27 20
0 29 95 59 71 25
0 30 99 41 47 30
0 31 2 27 22 91
0 32 99 19 70 11
0 33 15 68 93 44
0 34 67 74 17 25
1 2 92 71 43 8
1 3 98 15 75 71
1 4 64 27 32 83
1 5 26 44 25 29
1 6 46 56 75 37
1 7 65 40 40 22
1 8 4 42 98 78
1 9 35 36 44 30
1 10 95 48 29 8
1 11 90 47 15 33
1 12 81 76 6 65
1 13 93 43 8 77
1 14 3 40 88 75
1 15 2 50 68 79
1 16 86 14 16 64
1 17 59 52 12 15
1 18 69 17 76 17
1 19 49 44 84 31
1 20 7 20 45 33
1 21 98 47 77 44
1 22 80 6 47 34
1 23 84 4 71 77
1 24 56 36 43 72
1 25 45 59 47 51
1 26 1 54 64 46
1 27 20 78 34 71
1 28 23 65 53 72
1 29 18 57 26 59
1 30 84 46 31 15
1 31 40 52 11 25
1 32 53 47 77 25
1 33 74 44 16 22
1 34 47 25 14 43
2 3 19 90 45 64
2 4 26 20 75 31
2 5 22 61 51 91
2 6 80 24 64 20
2 7 42 82 84 60
2 8 8 75 20 52
2 9 46 80 34 23
2 10 48 27 37 73
2 11 83 36 42 78
2 12 82 40 40 53
2 13 0 43 98 66
2 14 36 19 57 46
2 15 44 80 76 29
2 16 63 63 31 62
2 17 47 75 81 88
2 18 72 50 54 7
2 19 34 56 20 55
2 20 45 27 29 73
2 21 94 78 22 77
2 22 23 89 23 57
2 23 0 20 70 65
2 24 10 65 82 83
2 25 15 65 46 36
2 26 73 28 32 8
2 27 10 19 64 39
2 28 43 27 13 47
2 29 56 19 63 16
2 30 62 33 78 34
2 31 9 68 47 46
2 32 42 20 41 67
2 33 19 36 27 74
2 34 8 69 67 61
3 4 0 76 76 71
3 5 69 69 42 85
3 6 33 38 18 41
3 7 58 17 39 63
3 8 43 69 54 72
3 9 49 83 32 62
3 10 52 37 29 65
3 11 36 25 29 77
3 12 78 84 51 71
3 13 26 63 88 92
3 14 26 64 65 28
3 15 77 42 73 40
3 16 29 25 81 66
3 17 87 81 60 78
3 18 30 87 24 68
3 19 99 39 5 3
3 20 58 48 9 9
3 21 65 35 23 73
3 22 5 81 30 21
3 23 42 39 57 59
3 24 1 64 65 78
3 25 10 40 69 45
3 26 87 3 59 30
3 27 11 66 38 96
3 28 62 54 53 37
3 29 28 83 43 60
3 30 56 30 14 63
3 31 26 80 91 17
3 32 39 15 44 25
3 33 32 16 21 93
3 34 6 64 86 61
4 5 53 66 89 56
4 6 93 37 27 27
4 7 51 50 31 31
4 8 25 36 39 17
4 9 7 58 49 41
4 10 22 31 35 36
4 11 84 76 75 35
4 12 26 80 69 21
4 13 76 75 80 62
4 14 13 91 88 77
4 15 28 14 89 34
4 16 68 73 66 65
4 17 88 29 47 22
4 18 3 21 54 80
4 19 89 40 24 29
4 20 30 85 76 91
4 21 8 75 48 83
4 22 37 48 80 75
4 23 81 39 39 7
4 24 54 57 50 82
4 25 62 79 36 20
4 26 52 37 19 61
4 27 45 85 63 90
4 28 42 87 62 84
4 29 32 79 30 27
4 30 86 55 18 31
4 31 37 29 33 47
4 32 78 48 22 51
4 33 82 82 35 47
4 34 78 74 74 45
5 6 37 39 23 28
5 7 19 84 87 48
5 8 33 38 16 65
5 9 12 73 60 34
5 10 83 18 6 81
5 11 63 24 54 14
5 12 97 0 4 21
5 13 80 12 16 77
5 14 75 28 21 77
5 15 50 18 81 11
5 16 97 71 13 51
5 17 56 19 81 60
5 18 49 55 47 84
5 19 64 20 67 58
5 20 28 44 38 62
5 21 7 77 21 59
5 22 73 57 63 65
5 23 51 63 71 37
5 24 4 82 69 82
5 25 65 78 20 31
5 26 59 32 57 70
5 27 68 48 40 32
5 28 67 19 82 44
5 29 14 31 96 78
5 30 64 11 54 69
5 31 42 56 57 63
5 32 29 80 54 26
5 33 91 71 69 7
5 34 65 31 66 25
6 7 69 41 69 55
6 8 72 66 46 5
6 9 3 86 54 59
6 10 79 9 20 74
6 11 9 46 62 21
6 12 68 40 48 29
6 13 6 75 74 56
6 14 50 47 36 80
6 15 92 61 14 73
6 16 78 72 78 9
6 17 89 54 57 44
6 18 77 39 59 21
6 19 71 32 55 19
6 20 91 59 7 35
6 21 70 47 24 23
6 22 92 16 78 80
6 23 29 31 93 79
6 24 22 43 40 21
6 25 23 55 17 76
6 26 46 46 69 54
6 27 37 55 36 25
6 28 38 39 62 22
6 29 62 70 36 79
6 30 22 69 54 52
6 31 47 43 24 71
6 32 4 50 74 60
6 33 62 16 26 51
6 34 82 79 19 14
7 8 60 15 82 85
7 9 51 30 52 10
7 10 44 50 67 38
7 11 93 24 46 73
7 12 72 66 56 62
7 13 13 43 78 65
7 14 59 40 17 43
7 15 15 74 49 90
7 16 32 79 22 68
7 17 4 27 26 26
7 18 34 51 73 13
7 19 25 58 72 74
7 20 63 60 69 46
7 21 33 69 79 31
7 22 47 65 37 80
7 23 82 14 41 23
7 24 50 10 79 54
7 25 30 59 72 52
7 26 11 80 60 41
7 27 38 45 91 63
7 28 4 27 62 87
7 29 81 10 60 13
7 30 89 10 49 66
7 31 25 54 27 21
7 32 67 41 14 57
7 33 88 81 10 9
7 34 22 79 47 50
8 9 40 22 49 63
8 10 74 50 84 50
8 11 79 60 78 59
8 12 64 38 84 7
8 13 14 61 94 49
8 14 99 20 60 46
8 15 49 62 48 11
8 16 88 27 53 26
8 17 21 70 78 91
8 18 49 46 86 40
8 19 41 36 49 59
8 20 9 51 37 37
8 21 79 7 24 59
8 22 4 70 63 59
8 23 1 49 54 46
8 24 19 35 85 44
8 25 24 23 68 57
8 26 81 60 12 59
8 27 89 58 42 28
8 28 15 83 82 82
8 29 36 15 47 26
8 30 44 79 68 46
8 31 23 74 91 53
8 32 92 56 7 58
8 33 47 52 45 68
8 34 25 59 50 16
9 10 56 51 79 10
9 11 68 85 45 18
9 12 85 38 16 35
9 13 80 18 76 74
9 14 93 12 61 29
9 15 28 64 22 30
9 16 80 54 45 4
9 17 71 52 71 22
9 18 46 36 54 86
9 19 60 39 40 13
9 20 99 58 52 21
9 21 35 71 27 28
9 22 28 61 92 48
9 23 5 60 41 80
9 24 63 30 63 29
9 25 71 81 17 39
9 26 33 83 69 38
9 27 35 74 56 50
9 28 52 25 27 81
9 29 94 50 59 11
9 30 17 91 38 51
9 31 85 63 44 18
9 32 11 84 40 89
9 33 98 16 34 63
9 34 62 35 64 59
10 11 88 59 27 4
10 12 40 29 29 58
10 13 1 97 91 96
10 14 94 61 52 26
10 15 71 19 78 59
10 16 18 44 17 52
10 17 55 38 24 71
10 18 40 32 47 15
10 19 40 62 19 80
10 20 63 49 46 63
10 21 0 39 71 64
10 22 91 14 11 68
10 23 87 19 81 57
10 24 79 47 13 53
10 25 79 70 17 29
10 26 96 60 78 48
10 27 70 80 66 79
10 28 48 59 52 78
10 29 82 81 80 60
10 30 59 79 19 30
10 31 65 72 78 9
10 32 29 22 63 56
10 33 28 23 22 83
10 34 71 40 42 80
11 12 78 31 69 76
11 13 41 80 68 70
11 14 64 68 12 45
11 15 65 77 34 74
11 16 38 74 51 27
11 17 63 30 36 17
11 18 68 37 53 56
11 19 4 71 61 62
11 20 36 83 21 15
11 21 79 65 83 63
11 22 26 45 85 43
11 23 94 19 52 68
11 24 32 83 88 71
11 25 65 31 46 82
11 26 0 74 20 51
11 27 75 64 55 72
11 28 52 34 19 71
11 29 60 87 66 76
11 30 48 26 42 80
11 31 18 95 79 30
11 32 83 56 55 51
11 33 5 28 40 22
11 34 93 66 24 77
12 13 60 74 76 18
12 14 29 68 31 73
12 15 86 70 50 19
12 16 65 66 60 45
12 17 74 7 66 39
12 18 26 89 41 27
12 19 87 35 54 15
12 20 48 60 72 80
12 21 89 11 51 81
12 22 77 39 23 20
12 23 84 54 48 61
12 24 42 46 22 48
12 25 28 21 54 87
12 26 23 88 78 57
12 27 10 31 64 30
12 28 30 48 85 28
12 29 51 77 80 88
12 30 77 76 29 43
12 31 93 37 19 81
12 32 70 18 41 16
12 33 91 56 71 50
12 34 52 57 76 37
13 14 4 72 68 60
13 15 76 43 78 25
13 16 97 48 15 53
13 17 36 74 42 45
13 18 93 21 58 79
13 19 66 6 62 10
13 20 25 40 64 50
13 21 86 60 75 47
13 22 7 70 79 19
13 23 94 79 75 42
13 24 26 91 26 84
13 25 95 75 42 42
13 26 85 36 42 5
13 27 54 85 83 45
13 28 72 40 77 65
13 29 49 60 40 60
13 30 26 41 27 52
13 31 71 84 38 75
13 32 5 25 35 28
13 33 38 41 67 39
13 34 60 23 50 8
14 15 75 43 31 73
14 16 53 67 75 64
14 17 24 49 44 75
14 18 63 13 23 51
14 19 66 50 16 11
14 20 9 34 56 48
14 21 71 21 68 69
14 22 83 46 47 15
14 23 71 13 17 14
14 24 46 77 42 42
14 25 25 72 80 18
14 26 22 35 17 34
14 27 7 67 23 65
14 28 59 9 47 73
14 29 22 21 47 37
14 30 84 57 48 48
14 31 9 31 18 19
14 32 86 37 79 64
14 33 94 34 18 66
14 34 77 47 70 72
15 16 77 77 74 42
15 17 73 84 59 47
15 18 26 30 89 69
15 19 45 51 46 84
15 20 74 66 11 29
15 21 58 65 57 11
15 22 59 8 77 45
15 23 60 30 41 35
15 24 26 60 52 76
15 25 89 4 78 9
15 26 14 86 70 33
15 27 7 32 86 88
15 28 86 44 39 37
15 29 13 30 94 77
15 30 81 30 75 16
15 31 12 46 52 92
15 32 83 18 20 76
15 33 63 8 18 79
15 34 64 59 37 30
16 17 2 55 79 45
16 18 63 56 61 53
16 19 93 80 26 55
16 20 9 64 24 66
16 21 8 33 90 48
16 22 31 29 72 37
16 23 82 20 51 56
16 24 56 75 52 32
16 25 93 17 25 36
16 26 20 40 58 37
16 27 52 84 29 53
16 28 69 62 66 8
16 29 60 34 55 25
16 30 58 75 44 60
16 31 16 25 91 54
16 32 36 46 55 65
16 33 57 58 26 19
16 34 75 56 18 39
17 18 74 27 41 69
17 19 96 14 77 56
17 20 99 69 40 9
17 21 57 67 45 75
17 22 73 13 14 29
17 23 87 42 30 49
17 24 21 78 22 87
17 25 84 64 77 73
17 26 93 58 61 34
17 27 28 76 90 94
17 28 20 62 83 30
17 29 52 66 37 81
17 30 15 78 27 26
17 31 25 91 80 82
17 32 55 76 59 41
17 33 96 73 64 6
17 34 90 15 34 36
18 19 92 77 56 70
18 20 0 76 46 47
18 21 61 67 69 44
18 22 14 94 26 52
18 23 93 51 1 40
18 24 35 22 64 15
18 25 61 57 37 14
18 26 78 8 68 4
18 27 37 56 42 46
18 28 23 62 74 17
18 29 76 9 60 20
18 30 62 64 10 33
18 31 53 62 73 57
18 32 84 28 54 16
18 33 77 19 68 7
18 34 98 61 21 41
19 20 38 36 33 85
19 21 6 60 96 19
19 22 23 81 73 77
19 23 5 39 44 32
19 24 83 15 55 49
19 25 75 83 83 73
19 26 91 13 56 35
19 27 83 72 29 5
19 28 71 69 37 14
19 29 50 86 41 53
19 30 17 88 68 66
19 31 68 62 27 62
19 32 81 29 65 40
19 33 75 78 19 65
19 34 84 67 64 47
20 21 84 28 11 45
20 22 23 73 65 31
20 23 80 70 43 11
20 24 65 33 83 25
20 25 45 24 62 84
20 26 6 94 87 73
20 27 97 78 3 53
20 28 95 34 24 45
20 29 33 27 85 57
20 30 9 95 63 76
20 31 84 10 58 66
20 32 31 90 33 18
20 33 91 41 42 43
20 34 82 49 31 40
21 22 41 30 56 48
21 23 50 22 31 53
21 24 97 1 50 34
21 25 26 47 79 55
21 26 89 38 55 19
21 27 47 76 48 18
21 28 51 13 73 64
21 29 83 22 63 35
21 30 11 65 75 44
21 31 79 80 78 34
21 32 91 39 9 5
21 33 39 40 24 38
21 34 19 76 77 69
22 23 98 14 76 42
22 24 77 32 83 49
22 25 78 42 48 27
22 26 79 73 69 56
22 27 17 81 17 94
22 28 89 81 5 27
22 29 89 61 5 76
22 30 1 49 20 91
22 31 61 44 56 85
22 32 20 91 24 25
22 33 70 51 14 34
22 34 69 40 85 25
23 24 97 52 13 25
23 25 89 29 38 49
23 26 87 3 32 49
23 27 4 77 93 77
23 28 86 81 25 25
23 29 8 89 27 55
23 30 84 32 27 55
23 31 63 66 44 64
23 32 93 76 64 66
23 33 99 42 9 42
23 34 52 44 39 53
24 25 63 63 7 9
24 26 4 44 43 89
24 27 97 56 33 42
24 28 95 45 31 7
24 29 48 12 38 65
24 30 28 40 52 66
24 31 44 54 49 35
24 32 22 72 64 81
24 33 47 70 33 53
24 34 72 63 6 58
25 26 1 85 41 24
25 27 49 60 44 85
25 28 37 30 52 20
25 29 43 16 41 44
25 30 22 35 31 83
25 31 6 35 55 47
25 32 22 49 26 73
25 33 73 34 54 58
25 34 47 70 27 87
26 27 18 31 58 88
26 28 12 54 36 95
26 29 26 70 26 61
26 30 92 62 51 45
26 31 83 41 34 32
26 32 25 58 19 25
26 33 42 79 66 23
26 34 6 23 36 74
27 28 80 23 61 70
27 29 65 84 49 35
27 30 95 39 65 43
27 31 99 10 17 37
27 32 12 39 40 34
27 33 86 33 70 59
27 34 74 16 29 47
28 29 1 64 48 62
28 30 85 38 22 79
28 31 93 22 40 28
28 32 69 16 48 40
28 33 46 42 77 31
28 34 96 18 11 9
29 30 25 82 24 15
29 31 77 56 14 80
29 32 82 41 71 74
29 33 37 42 19 58
29 34 54 86 77 88
30 31 48 11 77 79
30 32 42 77 20 72
30 33 46 62 29 43
30 34 34 66 20 25
31 32 52 22 20 60
31 33 39 52 45 54
31 34 92 65 53 51
32 33 82 26 74 40
32 34 57 18 9 52
33 34 68 30 82 10
