35
0 1 16 77 59 79
0 2 38 60 46 72
0 3 52 67 71 41
0 4 66 19 24 56
0 5 8 88 88 67
0 6 99 40 29 42
0 7 53 57 50 41
0 8 1 59 54 51
0 9 44 40 67 72
0 10 33 35 67 76
0 11 54 58 41 51
0 12 37 66 44 58
0 13 23 38 47 68
0 14 22 64 88 86
0 15 33 73 38 81
0 16 5 70 90 92
0 17 18 43 65 62
0 18 63 34 43 53
0 19 98 33 9 20
0 20 44 56 34 29
0 21 42 72 61 52
0 22 32 62 36 79
0 23 88 36 31 25
0 24 71 29 48 23
0 25 8 85 85 67
0 26 87 35 18 35
0 27 40 79 39 58
0 28 64 33 36 55
0 29 58 41 43 50
0 30 66 49 43 60
0 31 61 66 58 52
0 32 19 77 87 70
0 33 12 86 46 78
0 34 98 11 44 30
1 2 84 55 35 44
1 3 71 59 60 20
1 4 75 13 55 52
1 5 62 19 38 36
1 6 97 14 44 33
1 7 85 51 56 20
1 8 82 39 33 45
1 9 75 36 46 12
1 10 58 52 22 55
1 11 64 59 32 44
1 12 35 43 34 38
1 13 90 34 11 28
1 14 10 70 50 76
1 15 67 57 35 61
1 16 59 67 64 48
1 17 66 64 44 35
1 18 83 40 47 49
1 19 30 81 77 67
1 20 91 32 14 17
1 21 35 72 73 42
1 22 76 15 13 23
1 23 46 55 53 33
1 24 77 34 26 41
1 25 97 9 43 17
1 26 36 33 47 75
1 27 27 67 68 48
1 28 35 63 56 77
1 29 41 54 35 36
1 30 43 54 35 76
1 31 8 53 55 73
1 32 89 45 9 20
1 33 84 27 49 16
1 34 42 62 33 70
2 3 54 62 50 72
2 4 73 40 23 15
2 5 39 62 37 67
2 6 41 50 68 71
2 7 37 65 49 42
2 8 41 40 65 73
2 9 1 91 51 58
2 10 62 39 45 65
2 11 63 57 26 66
2 12 94 14 30 14
2 13 58 38 44 46
2 14 95 10 35 11
2 15 42 40 32 51
2 16 52 47 71 69
2 17 6 62 79 77
2 18 36 62 70 33
2 19 90 43 49 19
2 20 64 54 38 26
2 21 11 57 53 48
2 22 96 24 30 43
2 23 70 25 16 63
2 24 74 29 29 23
2 25 49 55 59 30
2 26 3 88 74 64
2 27 18 40 58 77
2 28 22 74 42 54
2 29 16 89 89 73
2 30 31 57 68 68
2 31 44 35 63 40
2 32 69 40 17 62
2 33 76 30 56 21
2 34 72 60 35 48
3 4 53 29 48 63
3 5 42 50 44 52
3 6 27 84 42 36
3 7 55 61 63 39
3 8 79 52 34 27
3 9 4 49 71 57
3 10 39 39 73 37
3 11 48 68 53 42
3 12 76 20 32 59
3 13 19 59 46 46
3 14 77 44 45 57
3 15 9 56 62 85
3 16 43 76 60 72
3 17 44 69 71 75
3 18 51 33 43 38
3 19 58 38 33 52
3 20 80 56 19 23
3 21 90 25 21 54
3 22 12 91 50 45
3 23 96 35 36 32
3 24 87 43 45 7
3 25 19 74 80 54
3 26 94 39 31 45
3 27 88 14 22 40
3 28 70 55 43 46
3 29 72 43 21 38
3 30 26 73 74 54
3 31 66 65 39 52
3 32 39 76 49 38
3 33 38 78 53 54
3 34 76 37 56 42
4 5 33 70 73 72
4 6 70 15 56 44
4 7 90 8 52 19
4 8 97 37 41 45
4 9 41 53 45 35
4 10 97 34 28 6
4 11 73 13 47 61
4 12 28 52 74 85
4 13 15 48 72 75
4 14 54 45 55 42
4 15 39 30 35 74
4 16 19 47 75 47
4 17 93 9 26 44
4 18 23 87 48 70
4 19 90 16 32 18
4 20 92 34 34 14
4 21 61 51 24 60
4 22 83 25 53 11
4 23 40 50 35 39
4 24 88 29 46 53
4 25 88 17 26 32
4 26 96 44 16 48
4 27 23 81 79 39
4 28 40 68 75 57
4 29 47 50 53 29
4 30 28 37 54 59
4 31 69 17 64 26
4 32 61 57 39 52
4 33 1 63 89 53
4 34 70 57 50 45
5 6 68 33 63 32
5 7 90 51 18 43
5 8 64 21 47 46
5 9 80 9 54 22
5 10 20 46 79 71
5 11 54 32 50 23
5 12 57 33 37 68
5 13 55 47 58 25
5 14 22 72 61 71
5 15 68 56 31 58
5 16 49 33 36 42
5 17 88 26 36 50
5 18 65 25 65 34
5 19 98 41 18 2
5 20 67 26 44 47
5 21 66 28 18 66
5 22 16 86 64 48
5 23 0 74 91 91
5 24 96 12 16 47
5 25 53 49 68 29
5 26 75 18 33 18
5 27 23 74 75 69
5 28 15 89 69 86
5 29 48 65 26 45
5 30 79 58 47 23
5 31 63 48 47 45
5 32 65 50 35 19
5 33 37 73 63 78
5 34 26 59 59 77
6 7 56 48 69 45
6 8 6 67 74 58
6 9 42 42 62 70
6 10 63 56 50 19
6 11 35 42 48 60
6 12 22 59 40 63
6 13 8 84 57 78
6 14 88 6 44 41
6 15 81 25 17 31
6 16 1 68 88 87
6 17 50 36 35 52
6 18 9 80 75 57
6 19 77 59 58 55
6 20 57 24 26 25
6 21 34 66 51 46
6 22 80 21 33 57
6 23 29 69 62 43
6 24 99 35 45 21
6 25 61 19 64 64
6 26 5 66 76 91
6 27 25 78 87 46
6 28 10 76 93 53
6 29 77 15 44 27
6 30 14 63 59 66
6 31 52 28 71 56
6 32 88 7 8 32
6 33 84 14 54 32
6 34 19 56 52 52
7 8 83 47 35 29
7 9 98 14 36 4
7 10 30 36 46 40
7 11 40 35 70 31
7 12 13 79 54 60
7 13 63 54 34 55
7 14 76 28 13 31
7 15 46 27 46 40
7 16 84 22 20 9
7 17 2 80 64 80
7 18 71 58 63 25
7 19 89 49 39 35
7 20 57 29 38 56
7 21 81 42 55 47
7 22 21 84 39 74
7 23 95 3 29 32
7 24 46 62 29 63
7 25 23 42 66 85
7 26 0 84 78 71
7 27 13 82 56 91
7 28 57 42 29 48
7 29 57 59 69 24
7 30 5 53 80 79
7 31 47 61 52 33
7 32 54 31 30 44
7 33 36 51 54 75
7 34 97 11 10 24
8 9 96 35 46 28
8 10 87 12 24 44
8 11 95 10 12 20
8 12 64 42 25 58
8 13 32 40 70 77
8 14 26 81 46 48
8 15 87 33 35 35
8 16 72 27 44 63
8 17 94 43 28 13
8 18 50 42 57 72
8 19 94 16 42 44
8 20 73 58 14 59
8 21 19 85 84 54
8 22 80 10 41 32
8 23 58 21 70 54
8 24 55 47 39 28
8 25 23 48 82 48
8 26 52 23 65 64
8 27 95 45 42 25
8 28 57 35 42 56
8 29 42 48 45 56
8 30 9 87 71 46
8 31 75 22 14 43
8 32 50 41 45 54
8 33 29 44 70 70
8 34 72 51 59 27
9 10 87 41 43 39
9 11 41 69 62 54
9 12 48 45 69 38
9 13 13 45 75 51
9 14 9 73 60 54
9 15 89 6 9 36
9 16 16 60 65 77
9 17 81 11 34 54
9 18 30 47 77 69
9 19 10 44 86 62
9 20 50 36 25 41
9 21 1 55 87 54
9 22 55 32 31 53
9 23 35 73 36 68
9 24 49 69 47 33
9 25 4 97 65 50
9 26 83 49 54 27
9 27 47 38 51 58
9 28 83 14 23 41
9 29 46 51 73 66
9 30 17 54 63 56
9 31 93 43 10 21
9 32 70 26 41 61
9 33 44 57 68 63
9 34 51 49 72 66
10 11 2 75 49 83
10 12 68 25 43 63
10 13 20 44 71 50
10 14 90 4 18 26
10 15 35 37 60 49
10 16 10 52 81 65
10 17 60 47 21 33
10 18 21 64 67 50
10 19 57 62 33 38
10 20 63 58 18 29
10 21 45 34 55 73
10 22 8 62 88 81
10 23 84 8 42 24
10 24 91 45 16 36
10 25 49 70 56 50
10 26 40 76 58 35
10 27 84 27 55 30
10 28 29 71 84 79
10 29 44 51 76 74
10 30 21 86 84 61
10 31 97 48 38 13
10 32 38 71 57 77
10 33 1 58 86 84
10 34 44 60 52 59
11 12 83 42 10 17
11 13 37 52 71 45
11 14 67 33 18 45
11 15 39 69 49 67
11 16 25 42 37 84
11 17 87 44 12 31
11 18 37 45 60 37
11 19 5 94 81 64
11 20 59 25 36 21
11 21 33 79 54 46
11 22 94 39 18 37
11 23 51 46 58 50
11 24 72 30 18 34
11 25 15 64 55 50
11 26 63 39 49 65
11 27 62 50 39 26
11 28 55 28 25 62
11 29 67 60 18 49
11 30 37 31 54 41
11 31 33 46 65 60
11 32 47 31 38 43
11 33 39 32 35 77
11 34 71 44 48 41
12 13 43 36 55 35
12 14 37 35 57 33
12 15 57 51 65 47
12 16 57 23 36 55
12 17 73 50 54 61
12 18 72 22 45 14
12 19 34 78 64 35
12 20 3 96 97 95
12 21 35 64 63 50
12 22 88 25 23 48
12 23 56 29 57 67
12 24 69 22 58 31
12 25 70 45 28 35
12 26 68 50 45 35
12 27 45 29 32 75
12 28 20 84 81 80
12 29 40 30 38 58
12 30 7 63 46 79
12 31 15 54 86 51
12 32 56 32 43 29
12 33 80 27 35 26
12 34 68 53 45 27
13 14 18 87 43 89
13 15 67 26 62 41
13 16 96 43 15 2
13 17 48 42 31 27
13 18 97 37 31 38
13 19 10 80 82 69
13 20 36 55 37 59
13 21 23 61 63 41
13 22 76 56 58 14
13 23 8 61 63 46
13 24 81 59 31 46
13 25 88 46 43 51
13 26 49 32 42 75
13 27 20 42 55 52
13 28 66 53 18 58
13 29 4 77 79 72
13 30 74 16 52 50
13 31 93 40 50 38
13 32 24 39 80 72
13 33 66 40 33 57
13 34 56 30 60 60
14 15 14 68 72 73
14 16 7 55 84 77
14 17 25 77 43 46
14 18 3 79 49 95
14 19 48 61 65 68
14 20 77 13 13 40
14 21 44 62 53 68
14 22 74 44 22 47
14 23 55 54 70 63
14 24 51 39 54 45
14 25 12 75 92 61
14 26 95 49 37 15
14 27 99 46 21 10
14 28 10 76 67 47
14 29 32 57 39 59
14 30 68 33 23 32
14 31 9 50 69 86
14 32 20 70 83 88
14 33 84 53 34 17
14 34 79 18 29 32
15 16 91 40 41 31
15 17 53 66 68 47
15 18 52 24 33 62
15 19 66 46 63 18
15 20 5 73 49 96
15 21 40 56 73 37
15 22 52 66 42 37
15 23 84 56 30 8
15 24 95 50 45 51
15 25 63 67 49 67
15 26 99 9 39 39
15 27 81 34 45 30
15 28 56 50 45 33
15 29 76 49 48 47
15 30 74 27 44 31
15 31 84 53 22 40
15 32 87 18 54 54
15 33 97 14 9 23
15 34 15 81 45 83
16 17 15 89 56 83
16 18 84 57 43 36
16 19 35 60 38 58
16 20 40 59 29 66
16 21 87 28 50 32
16 22 18 82 56 84
16 23 81 57 28 46
16 24 95 13 31 4
16 25 16 56 73 68
16 26 2 75 80 67
16 27 65 17 56 26
16 28 79 38 49 32
16 29 72 39 38 62
16 30 26 61 50 74
16 31 70 20 48 60
16 32 91 17 44 40
16 33 12 54 88 87
16 34 78 52 59 44
17 18 38 77 38 44
17 19 0 67 75 90
17 20 62 45 27 59
17 21 45 61 58 45
17 22 20 48 78 47
17 23 21 67 51 60
17 24 55 28 35 70
17 25 16 80 84 45
17 26 94 31 44 46
17 27 23 52 74 46
17 28 94 48 24 44
17 29 60 59 67 35
17 30 60 50 69 62
17 31 67 52 53 31
17 32 91 30 39 38
17 33 51 48 25 71
17 34 83 26 53 57
18 19 79 52 37 25
18 20 56 27 58 55
18 21 89 47 25 16
18 22 11 58 65 78
18 23 97 35 29 32
18 24 20 80 58 70
18 25 74 52 60 36
18 26 9 84 59 66
18 27 58 31 22 54
18 28 6 86 76 72
18 29 46 59 72 72
18 30 76 59 31 35
18 31 65 36 36 22
18 32 18 62 48 78
18 33 90 44 44 15
18 34 43 42 77 51
19 20 18 68 74 63
19 21 60 23 65 46
19 22 52 63 31 28
19 23 28 70 40 37
19 24 76 60 11 56
19 25 34 79 72 39
19 26 42 34 66 44
19 27 20 69 50 59
19 28 37 59 69 58
19 29 52 26 65 69
19 30 23 49 56 48
19 31 76 61 42 47
19 32 79 18 32 27
19 33 64 32 40 41
19 34 73 16 24 53
20 21 81 28 22 20
20 22 72 14 35 21
20 23 23 63 71 61
20 24 41 56 34 50
20 25 32 39 54 76
20 26 64 35 27 64
20 27 74 23 28 59
20 28 69 17 58 46
20 29 51 39 57 24
20 30 50 32 40 62
20 31 0 84 79 92
20 32 53 62 62 56
20 33 33 73 69 75
20 34 79 18 26 46
21 22 73 62 22 26
21 23 79 29 11 49
21 24 53 71 28 66
21 25 24 73 44 71
21 26 8 90 48 84
21 27 49 49 37 65
21 28 44 48 44 31
21 29 13 53 62 78
21 30 95 46 42 48
21 31 46 62 39 45
21 32 98 47 6 15
21 33 12 74 48 52
21 34 2 71 96 73
22 23 50 27 31 72
22 24 22 67 50 79
22 25 29 59 54 77
22 26 5 63 48 73
22 27 84 34 15 40
22 28 43 47 55 75
22 29 59 58 57 53
22 30 73 38 62 16
22 31 89 6 31 32
22 32 73 28 45 17
22 33 35 40 68 36
22 34 93 31 42 16
23 24 54 55 54 52
23 25 30 52 65 64
23 26 52 47 39 69
23 27 80 18 18 45
23 28 25 84 72 68
23 29 66 30 59 41
23 30 97 31 44 16
23 31 8 65 48 54
23 32 56 45 33 62
23 33 94 6 42 12
23 34 30 44 69 79
24 25 13 64 66 65
24 26 95 45 47 35
24 27 36 32 35 79
24 28 42 40 56 53
24 29 50 29 48 28
24 30 12 93 55 84
24 31 36 80 63 57
24 32 11 93 48 62
24 33 91 36 44 27
24 34 66 64 32 20
25 26 91 17 33 29
25 27 44 54 53 50
25 28 84 42 36 28
25 29 77 42 56 30
25 30 16 68 84 75
25 31 89 39 37 52
25 32 31 34 34 82
25 33 14 65 86 59
25 34 55 61 62 67
26 27 32 54 54 72
26 28 45 40 62 75
26 29 39 76 34 43
26 30 60 64 23 22
26 31 44 70 58 28
26 32 40 68 63 38
26 33 78 21 28 53
26 34 14 63 84 90
27 28 50 29 40 31
27 29 61 62 24 66
27 30 15 54 48 64
27 31 8 91 92 95
27 32 54 70 39 47
27 33 69 21 55 31
27 34 38 50 30 43
28 29 77 50 27 38
28 30 20 62 55 85
28 31 70 60 16 57
28 32 54 46 64 59
28 33 68 17 20 33
28 34 16 76 75 69
29 30 71 62 43 59
29 31 10 83 77 84
29 32 97 27 4 23
29 33 68 51 51 35
29 34 75 28 55 59
30 31 91 47 38 12
30 32 65 36 24 35
30 33 56 56 27 48
30 34 17 58 88 55
31 32 65 34 17 27
31 33 35 63 61 41
31 34 90 52 30 11
32 33 78 15 54 13
32 34 66 49 23 19
33 34 72 26 13 40
