38
0 1 53 53 41 43
0 2 24 77 76 70
0 3 96 12 3 17
0 4 11 89 83 84
0 5 34 68 58 69
0 6 30 64 72 73
0 7 42 56 50 54
0 8 73 28 36 32
0 9 87 22 20 19
0 10 90 22 12 21
0 11 16 83 77 70
0 12 87 19 13 14
0 13 39 52 53 54
0 14 0 87 89 93
0 15 79 31 18 20
0 16 92 18 17 11
0 17 99 14 4 2
0 18 6 87 93 79
0 19 25 70 77 71
0 20 67 30 42 32
0 21 43 61 62 49
0 22 31 69 60 68
0 23 47 48 46 45
0 24 51 42 47 42
0 25 8 83 87 78
0 26 19 81 75 69
0 27 70 29 34 25
0 28 0 97 85 86
0 29 90 12 13 19
0 30 58 39 45 45
0 31 43 53 51 57
0 32 82 20 27 20
0 33 44 53 52 56
0 34 59 48 35 49
0 35 29 69 67 60
0 36 54 44 48 47
0 37 96 14 3 15
1 2 16 79 75 71
1 3 41 63 51 53
1 4 86 21 14 24
1 5 88 24 20 19
1 6 31 65 68 67
1 7 83 23 19 29
1 8 10 80 77 80
1 9 29 65 64 66
1 10 74 27 22 33
1 11 22 67 68 70
1 12 87 16 16 10
1 13 89 19 11 13
1 14 97 6 6 15
1 15 28 70 63 72
1 16 11 76 82 75
1 17 17 70 75 79
1 18 90 20 19 19
1 19 97 12 3 15
1 20 40 60 51 61
1 21 86 15 20 18
1 22 44 52 50 56
1 23 11 76 88 79
1 24 68 33 29 39
1 25 58 44 42 46
1 26 33 59 70 65
1 27 33 66 64 68
1 28 83 28 18 25
1 29 11 81 84 82
1 30 34 58 62 59
1 31 78 21 26 30
1 32 11 81 87 79
1 33 94 13 8 7
1 34 79 31 29 31
1 35 62 37 32 43
1 36 95 10 18 11
1 37 50 53 47 46
2 3 84 22 16 14
2 4 12 77 84 83
2 5 16 83 74 77
2 6 46 51 54 49
2 7 53 40 48 46
2 8 64 31 31 33
2 9 18 71 76 80
2 10 60 36 42 41
2 11 38 62 53 61
2 12 97 7 15 6
2 13 62 46 46 40
2 14 95 16 12 16
2 15 22 68 68 77
2 16 52 53 54 46
2 17 71 35 24 30
2 18 77 24 19 29
2 19 1 84 88 84
2 20 95 14 9 3
2 21 14 81 75 78
2 22 57 46 44 44
2 23 99 5 12 5
2 24 93 13 9 10
2 25 70 35 32 37
2 26 76 20 28 22
2 27 20 80 77 76
2 28 5 84 86 81
2 29 69 35 27 31
2 30 84 13 19 27
2 31 32 69 72 70
2 32 36 54 67 58
2 33 94 10 11 11
2 34 86 21 20 16
2 35 36 59 63 60
2 36 18 84 82 84
2 37 46 50 56 53
3 4 45 53 55 53
3 5 43 58 50 59
3 6 91 20 20 19
3 7 40 62 64 55
3 8 25 68 76 70
3 9 94 12 9 11
3 10 8 80 89 86
3 11 23 67 76 68
3 12 43 61 61 52
3 13 54 49 48 53
3 14 65 36 30 42
3 15 42 62 55 53
3 16 58 48 44 48
3 17 1 90 93 91
3 18 48 58 44 58
3 19 85 24 15 27
3 20 69 31 26 35
3 21 4 89 86 84
3 22 54 40 40 47
3 23 61 40 39 45
3 24 73 35 29 24
3 25 92 13 9 13
3 26 97 14 3 13
3 27 47 57 54 56
3 28 32 66 67 60
3 29 50 50 42 46
3 30 55 48 48 45
3 31 14 84 79 74
3 32 34 61 59 68
3 33 93 11 8 6
3 34 47 54 45 56
3 35 22 77 73 65
3 36 10 88 88 84
3 37 11 89 81 79
4 5 75 31 29 26
4 6 1 85 91 96
4 7 6 82 85 82
4 8 82 16 15 29
4 9 10 79 81 83
4 10 33 66 57 68
4 11 85 20 21 20
4 12 41 62 60 55
4 13 35 61 56 59
4 14 94 14 19 7
4 15 79 23 21 29
4 16 70 27 35 30
4 17 80 27 31 19
4 18 73 23 36 23
4 19 84 25 28 18
4 20 47 45 48 54
4 21 83 16 28 15
4 22 81 19 20 24
4 23 15 77 85 83
4 24 82 15 28 18
4 25 31 59 67 59
4 26 14 84 84 83
4 27 84 26 21 20
4 28 95 15 13 10
4 29 17 81 71 82
4 30 2 87 93 91
4 31 92 19 17 8
4 32 57 49 42 45
4 33 36 58 64 61
4 34 13 86 81 83
4 35 39 55 57 58
4 36 65 43 30 42
4 37 82 21 21 17
5 6 52 42 53 54
5 7 76 26 22 31
5 8 94 8 11 5
5 9 92 18 12 6
5 10 23 77 67 69
5 11 41 58 60 54
5 12 22 67 77 79
5 13 70 28 27 30
5 14 90 18 16 9
5 15 81 25 25 26
5 16 79 19 30 26
5 17 28 75 72 72
5 18 40 50 63 61
5 19 84 18 25 14
5 20 98 6 15 2
5 21 64 30 40 44
5 22 9 88 82 78
5 23 97 11 10 5
5 24 75 30 30 31
5 25 21 72 72 80
5 26 75 34 34 31
5 27 1 92 87 85
5 28 65 38 35 35
5 29 45 48 54 50
5 30 29 65 63 60
5 31 32 62 64 62
5 32 63 39 32 44
5 33 95 4 8 11
5 34 38 55 52 54
5 35 54 50 47 44
5 36 28 72 67 66
5 37 85 26 20 18
6 7 53 45 54 51
6 8 94 14 17 9
6 9 98 12 8 9
6 10 13 78 87 75
6 11 3 89 85 85
6 12 48 50 51 58
6 13 77 24 28 27
6 14 24 73 66 74
6 15 65 35 37 39
6 16 54 40 51 42
6 17 73 32 34 31
6 18 79 26 28 21
6 19 25 64 69 66
6 20 15 73 74 85
6 21 38 60 64 64
6 22 32 58 70 64
6 23 19 79 82 78
6 24 98 1 4 14
6 25 14 84 86 75
6 26 56 46 48 44
6 27 20 73 76 81
6 28 1 89 94 89
6 29 91 7 11 18
6 30 29 65 63 62
6 31 7 80 85 81
6 32 23 68 66 70
6 33 22 70 80 75
6 34 35 68 60 58
6 35 81 21 20 24
6 36 40 51 53 64
6 37 36 60 62 56
7 8 0 85 85 92
7 9 17 81 80 71
7 10 63 38 33 43
7 11 24 75 74 70
7 12 46 59 50 59
7 13 26 63 72 66
7 14 69 31 27 36
7 15 51 49 45 46
7 16 89 20 11 10
7 17 5 82 94 93
7 18 27 67 62 66
7 19 75 23 29 28
7 20 56 47 38 38
7 21 44 59 48 60
7 22 69 38 38 40
7 23 48 49 50 55
7 24 17 73 84 78
7 25 63 38 36 43
7 26 3 92 84 94
7 27 29 72 68 67
7 28 14 76 77 79
7 29 22 75 67 66
7 30 0 96 85 97
7 31 63 42 33 33
7 32 74 34 34 27
7 33 95 9 12 11
7 34 85 12 13 26
7 35 73 34 27 27
7 36 3 82 89 84
7 37 71 25 31 25
8 9 23 66 77 65
8 10 41 51 63 61
8 11 8 91 79 91
8 12 83 17 24 23
8 13 49 49 47 56
8 14 92 8 14 10
8 15 86 19 13 19
8 16 47 59 52 58
8 17 48 52 46 46
8 18 93 8 6 11
8 19 94 17 11 17
8 20 75 34 27 23
8 21 21 71 71 79
8 22 93 10 7 7
8 23 51 55 47 46
8 24 17 77 84 79
8 25 93 7 13 19
8 26 33 60 62 65
8 27 93 6 12 6
8 28 15 80 73 81
8 29 58 45 37 37
8 30 69 37 40 31
8 31 16 74 83 82
8 32 75 24 32 26
8 33 36 57 67 64
8 34 55 44 42 43
8 35 26 74 74 74
8 36 34 64 59 63
8 37 9 86 91 81
9 10 85 13 14 25
9 11 6 93 89 92
9 12 99 5 1 4
9 13 38 63 59 52
9 14 10 86 83 81
9 15 80 24 24 25
9 16 41 64 57 51
9 17 88 15 21 22
9 18 71 26 37 37
9 19 80 24 19 27
9 20 67 40 39 31
9 21 55 43 40 39
9 22 20 71 72 80
9 23 5 84 83 84
9 24 23 65 65 65
9 25 43 59 54 52
9 26 85 21 18 12
9 27 49 56 51 47
9 28 62 45 34 45
9 29 53 41 52 53
9 30 1 88 90 84
9 31 30 59 73 69
9 32 2 85 96 94
9 33 41 55 63 64
9 34 66 29 38 40
9 35 45 50 60 49
9 36 96 17 3 5
9 37 64 38 42 37
10 11 56 51 50 51
10 12 12 85 88 84
10 13 88 10 19 11
10 14 20 78 80 68
10 15 36 54 57 62
10 16 30 66 60 66
10 17 63 40 32 35
10 18 3 91 93 90
10 19 18 69 74 80
10 20 79 29 21 28
10 21 16 82 73 80
10 22 33 69 65 59
10 23 71 26 25 35
10 24 11 75 85 82
10 25 78 21 29 20
10 26 5 88 89 93
10 27 37 57 62 67
10 28 6 90 84 86
10 29 66 36 34 32
10 30 61 41 34 39
10 31 95 5 6 14
10 32 95 14 4 10
10 33 22 75 72 76
10 34 33 58 57 68
10 35 68 29 32 41
10 36 91 17 20 7
10 37 72 31 37 37
11 12 4 90 82 91
11 13 80 30 24 22
11 14 22 72 78 73
11 15 48 44 58 50
11 16 82 15 21 24
11 17 10 87 76 86
11 18 96 14 11 8
11 19 79 22 27 28
11 20 33 59 68 63
11 21 83 19 14 27
11 22 79 22 22 31
11 23 47 49 47 47
11 24 96 10 11 7
11 25 81 27 23 27
11 26 91 18 8 11
11 27 20 71 67 82
11 28 56 40 46 38
11 29 40 59 53 51
11 30 55 41 44 46
11 31 92 9 12 20
11 32 22 67 72 71
11 33 33 65 64 57
11 34 55 51 50 49
11 35 76 32 20 20
11 36 13 76 79 82
11 37 30 69 70 69
12 13 57 41 42 42
12 14 87 11 23 15
12 15 61 41 36 40
12 16 68 32 27 29
12 17 42 56 54 57
12 18 45 50 46 60
12 19 67 32 29 35
12 20 22 72 69 80
12 21 38 55 62 53
12 22 68 27 31 38
12 23 33 60 62 61
12 24 97 11 5 8
12 25 0 92 92 90
12 26 43 63 62 57
12 27 26 75 74 74
12 28 85 12 20 19
12 29 70 34 27 32
12 30 72 33 36 32
12 31 65 41 40 41
12 32 3 90 92 95
12 33 54 40 45 53
12 34 77 25 20 31
12 35 52 55 41 48
12 36 21 78 73 75
12 37 48 57 52 53
13 14 18 78 71 72
13 15 42 57 54 57
13 16 6 89 89 91
13 17 34 68 60 56
13 18 46 51 47 48
13 19 36 61 63 55
13 20 48 44 57 57
13 21 4 91 85 87
13 22 85 20 14 27
13 23 41 53 59 61
13 24 45 51 51 57
13 25 5 90 89 91
13 26 69 28 35 40
13 27 88 23 21 16
13 28 74 24 30 28
13 29 31 61 62 62
13 30 65 29 35 30
13 31 45 48 51 58
13 32 91 9 15 7
13 33 27 76 72 76
13 34 93 10 12 20
13 35 42 62 59 55
13 36 81 29 21 26
13 37 42 54 57 58
14 15 66 37 38 34
14 16 60 40 40 47
14 17 49 50 55 49
14 18 92 10 11 13
14 19 51 51 42 42
14 20 25 78 73 77
14 21 40 52 61 56
14 22 22 75 75 76
14 23 59 46 39 40
14 24 14 80 86 78
14 25 15 78 80 75
14 26 70 37 37 32
14 27 84 16 21 16
14 28 40 64 62 65
14 29 39 57 59 57
14 30 28 73 68 75
14 31 61 32 47 33
14 32 98 12 3 16
14 33 34 69 64 60
14 34 27 72 74 65
14 35 71 28 35 37
14 36 42 51 50 50
14 37 48 45 46 55
15 16 74 22 27 24
15 17 85 18 15 12
15 18 6 81 87 80
15 19 73 35 37 29
15 20 50 44 55 47
15 21 94 18 12 14
15 22 62 37 35 38
15 23 52 48 41 44
15 24 81 19 21 27
15 25 99 1 11 13
15 26 55 44 44 51
15 27 69 34 27 30
15 28 69 40 33 27
15 29 25 67 68 72
15 30 82 15 18 18
15 31 75 31 21 23
15 32 71 33 28 38
15 33 44 59 56 47
15 34 55 46 47 40
15 35 86 20 13 18
15 36 57 49 38 48
15 37 13 85 84 82
16 17 71 33 38 36
16 18 10 80 88 88
16 19 32 60 69 66
16 20 28 74 66 67
16 21 72 28 28 35
16 22 10 86 86 85
16 23 8 91 91 87
16 24 36 64 60 61
16 25 39 58 54 55
16 26 95 9 18 13
16 27 31 69 60 59
16 28 53 46 43 43
16 29 74 24 23 31
16 30 45 59 52 57
16 31 97 15 9 4
16 32 74 25 30 30
16 33 69 27 32 28
16 34 89 9 17 21
16 35 32 66 68 69
16 36 41 58 61 60
16 37 67 39 38 29
17 18 59 44 47 35
17 19 1 86 95 86
17 20 98 7 1 4
17 21 49 42 54 54
17 22 3 86 84 88
17 23 38 67 53 65
17 24 38 56 61 54
17 25 17 80 80 84
17 26 86 22 25 23
17 27 44 49 51 56
17 28 25 78 76 71
17 29 87 23 17 23
17 30 33 59 61 63
17 31 20 70 73 78
17 32 62 34 38 35
17 33 79 28 17 30
17 34 99 11 1 11
17 35 17 82 82 77
17 36 83 17 17 18
17 37 63 44 31 37
18 19 87 11 17 19
18 20 83 15 23 18
18 21 92 17 12 12
18 22 68 38 34 39
18 23 92 7 16 18
18 24 37 53 58 58
18 25 53 51 41 48
18 26 83 24 20 27
18 27 13 85 82 74
18 28 46 49 54 52
18 29 40 60 57 55
18 30 68 38 41 34
18 31 4 95 85 87
18 32 49 51 49 56
18 33 22 66 72 77
18 34 14 72 72 77
18 35 92 11 19 15
18 36 5 84 93 83
18 37 85 17 21 14
19 20 26 68 72 68
19 21 28 72 64 69
19 22 14 82 79 85
19 23 85 17 17 25
19 24 42 52 63 56
19 25 24 69 78 77
19 26 37 67 58 65
19 27 36 65 60 68
19 28 34 68 55 66
19 29 94 16 11 17
19 30 96 7 16 4
19 31 1 95 95 86
19 32 61 36 41 34
19 33 15 81 75 77
19 34 57 43 40 37
19 35 17 83 81 73
19 36 97 11 7 14
19 37 45 51 57 48
20 21 97 17 15 9
20 22 19 82 77 79
20 23 71 30 35 33
20 24 78 32 18 19
20 25 45 57 59 46
20 26 52 47 41 48
20 27 20 69 80 70
20 28 22 67 74 75
20 29 9 84 82 92
20 30 8 92 89 87
20 31 55 48 39 50
20 32 43 53 62 50
20 33 2 96 84 95
20 34 3 84 95 95
20 35 35 62 66 57
20 36 29 64 70 70
20 37 32 64 59 68
21 22 42 55 60 52
21 23 22 70 65 69
21 24 57 42 41 39
21 25 76 20 26 24
21 26 81 30 17 28
21 27 31 63 67 66
21 28 19 80 81 71
21 29 12 80 86 74
21 30 61 36 40 34
21 31 88 14 15 22
21 32 44 47 53 57
21 33 83 21 16 14
21 34 17 83 73 75
21 35 62 46 47 45
21 36 21 77 74 76
21 37 10 78 84 76
22 23 77 32 24 32
22 24 90 8 19 16
22 25 44 60 47 52
22 26 95 7 15 11
22 27 58 49 34 40
22 28 34 62 61 57
22 29 60 35 34 35
22 30 88 17 14 24
22 31 83 15 21 27
22 32 99 6 1 3
22 33 93 15 12 17
22 34 96 8 14 15
22 35 94 16 5 13
22 36 91 22 20 12
22 37 56 37 41 44
23 24 37 64 58 61
23 25 72 37 32 34
23 26 8 80 83 78
23 27 98 7 15 7
23 28 25 70 75 63
23 29 83 20 15 23
23 30 2 85 93 89
23 31 64 38 42 39
23 32 51 47 45 46
23 33 10 86 78 80
23 34 56 39 45 39
23 35 56 50 49 50
23 36 26 70 68 74
23 37 62 46 34 34
24 25 40 59 61 53
24 26 61 42 32 37
24 27 61 38 46 35
24 28 6 85 88 90
24 29 82 22 24 23
24 30 79 19 22 29
24 31 33 56 71 70
24 32 87 14 25 13
24 33 6 86 88 87
24 34 53 44 50 52
24 35 74 31 27 29
24 36 22 67 80 73
24 37 81 18 29 17
25 26 3 96 89 82
25 27 43 50 52 57
25 28 67 37 40 42
25 29 55 45 41 43
25 30 34 63 63 56
25 31 9 78 81 89
25 32 90 22 20 18
25 33 30 62 73 68
25 34 49 47 54 49
25 35 47 53 47 52
25 36 3 95 96 93
25 37 53 54 51 52
26 27 46 60 53 47
26 28 45 53 50 57
26 29 92 18 19 20
26 30 57 46 41 36
26 31 75 23 22 29
26 32 79 18 18 23
26 33 30 71 63 64
26 34 98 8 2 13
26 35 11 78 88 83
26 36 47 54 45 56
26 37 83 26 18 24
27 28 63 42 36 40
27 29 18 83 69 75
27 30 69 31 28 29
27 31 46 60 60 56
27 32 26 76 75 66
27 33 97 4 9 13
27 34 9 89 79 77
27 35 27 65 67 69
27 36 12 85 74 79
27 37 64 43 32 43
28 29 79 23 32 20
28 30 69 38 32 28
28 31 37 55 57 53
28 32 37 62 59 56
28 33 89 19 19 20
28 34 45 51 55 52
28 35 45 60 51 56
28 36 72 29 28 30
28 37 56 39 50 45
29 30 29 73 69 61
29 31 54 46 52 39
29 32 17 76 79 84
29 33 56 43 43 48
29 34 99 2 2 8
29 35 4 95 90 92
29 36 14 83 78 81
29 37 38 61 54 59
30 31 93 7 11 14
30 32 92 15 12 18
30 33 59 40 47 42
30 34 0 94 93 94
30 35 93 10 13 19
30 36 17 77 74 76
30 37 60 36 45 48
31 32 30 66 70 71
31 33 70 32 27 28
31 34 72 28 23 31
31 35 31 66 58 65
31 36 41 57 64 57
31 37 41 52 59 51
32 33 94 14 6 16
32 34 73 25 32 37
32 35 36 61 67 58
32 36 67 38 39 33
32 37 84 28 19 24
33 34 98 8 3 14
33 35 10 89 87 85
33 36 35 57 61 61
33 37 75 31 24 31
34 35 77 20 23 22
34 36 1 92 86 95
34 37 13 86 75 76
35 36 90 20 17 17
35 37 83 16 27 24
36 37 13 87 76 79
