40
0 1 75 63 69 19
0 2 34 75 72 81
0 3 45 74 16 29
0 4 72 50 65 43
0 5 53 34 48 15
0 6 64 66 20 83
0 7 15 81 19 17
0 8 79 65 23 65
0 9 0 35 82 93
0 10 60 20 60 38
0 11 98 34 54 70
0 12 27 84 25 30
0 13 22 50 41 25
0 14 92 17 64 72
0 15 88 41 67 42
0 16 96 71 75 27
0 17 58 84 76 49
0 18 5 26 38 39
0 19 9 47 61 92
0 20 71 79 31 82
0 21 22 65 91 30
0 22 59 21 87 72
0 23 50 54 70 72
0 24 61 64 51 48
0 25 45 13 50 31
0 26 89 36 20 47
0 27 54 18 54 75
0 28 64 56 84 70
0 29 2 83 26 53
0 30 83 69 46 52
0 31 61 62 14 56
0 32 96 75 30 75
0 33 19 74 82 28
0 34 49 84 38 48
0 35 36 41 86 46
0 36 68 32 76 56
0 37 2 64 61 41
0 38 70 51 54 25
0 39 51 72 79 14
1 2 59 48 37 10
1 3 1 51 24 49
1 4 92 69 63 8
1 5 76 58 33 37
1 6 2 61 48 22
1 7 52 83 50 72
1 8 91 7 28 22
1 9 87 55 35 5
1 10 46 54 35 55
1 11 63 46 20 75
1 12 70 34 59 64
1 13 65 8 49 39
1 14 24 59 34 47
1 15 88 30 65 69
1 16 25 39 61 31
1 17 50 51 69 22
1 18 53 83 56 68
1 19 69 73 24 42
1 20 12 88 35 43
1 21 69 8 20 60
1 22 12 55 66 75
1 23 39 15 49 25
1 24 59 17 11 43
1 25 44 69 28 37
1 26 19 27 42 16
1 27 54 32 26 48
1 28 61 20 68 9
1 29 43 53 23 52
1 30 25 39 43 23
1 31 61 77 27 51
1 32 7 63 40 94
1 33 98 6 49 52
1 34 92 54 26 16
1 35 65 63 72 29
1 36 14 78 90 20
1 37 28 21 82 26
1 38 92 1 39 42
1 39 41 25 18 65
2 3 46 19 72 17
2 4 38 82 69 14
2 5 13 82 91 20
2 6 90 4 81 57
2 7 82 72 8 79
2 8 43 21 20 71
2 9 19 38 42 71
2 10 20 68 29 38
2 11 63 14 26 17
2 12 39 26 19 26
2 13 58 54 86 52
2 14 30 73 39 78
2 15 0 57 96 55
2 16 41 85 69 77
2 17 26 43 84 79
2 18 71 74 72 66
2 19 3 65 55 86
2 20 99 8 60 31
2 21 95 6 79 37
2 22 72 73 22 27
2 23 26 93 27 68
2 24 76 44 61 51
2 25 92 25 61 45
2 26 48 57 11 76
2 27 54 53 86 44
2 28 61 30 68 53
2 29 94 54 66 70
2 30 14 23 41 23
2 31 35 72 46 81
2 32 11 24 92 62
2 33 39 62 89 60
2 34 56 11 35 35
2 35 71 38 72 6
2 36 83 15 6 16
2 37 78 13 24 64
2 38 42 80 90 23
2 39 29 52 62 50
3 4 86 45 46 17
3 5 1 71 57 20
3 6 54 29 19 87
3 7 71 71 57 45
3 8 48 54 79 48
3 9 83 70 35 16
3 10 25 80 61 85
3 11 91 13 50 15
3 12 49 23 12 36
3 13 66 61 13 61
3 14 2 58 56 62
3 15 25 88 60 22
3 16 34 35 91 86
3 17 89 35 72 39
3 18 60 31 22 84
3 19 71 85 80 40
3 20 0 97 47 67
3 21 28 53 40 24
3 22 10 26 45 44
3 23 94 30 70 66
3 24 61 17 28 9
3 25 80 49 65 33
3 26 87 42 43 14
3 27 34 54 26 91
3 28 41 74 76 26
3 29 10 81 61 97
3 30 64 36 38 67
3 31 25 47 51 90
3 32 75 11 46 52
3 33 66 13 77 19
3 34 87 69 39 44
3 35 30 32 43 60
3 36 35 55 33 64
3 37 51 69 52 11
3 38 84 18 4 52
3 39 4 48 76 95
4 5 70 49 67 38
4 6 0 41 46 31
4 7 40 25 54 13
4 8 1 67 27 43
4 9 24 41 21 55
4 10 38 44 29 88
4 11 92 66 77 64
4 12 95 19 46 42
4 13 93 23 21 36
4 14 35 47 23 57
4 15 32 52 30 76
4 16 48 56 30 66
4 17 61 64 73 18
4 18 13 22 91 48
4 19 59 61 59 54
4 20 87 13 80 10
4 21 44 43 11 75
4 22 63 61 40 36
4 23 2 78 80 37
4 24 81 72 34 41
4 25 18 89 91 83
4 26 88 30 49 53
4 27 34 30 50 93
4 28 59 26 50 51
4 29 29 48 52 49
4 30 92 73 68 54
4 31 85 67 68 19
4 32 70 22 48 74
4 33 13 89 60 20
4 34 11 58 95 91
4 35 61 54 20 20
4 36 32 63 46 66
4 37 25 56 42 87
4 38 40 22 80 74
4 39 65 63 27 76
5 6 18 40 42 34
5 7 52 84 33 43
5 8 73 6 67 71
5 9 25 63 55 61
5 10 51 86 73 41
5 11 93 71 58 50
5 12 85 58 53 71
5 13 80 59 65 4
5 14 55 55 67 80
5 15 5 19 73 76
5 16 79 71 9 53
5 17 12 96 78 97
5 18 6 97 50 30
5 19 66 27 69 74
5 20 93 47 63 25
5 21 40 27 37 34
5 22 88 24 6 19
5 23 10 47 86 38
5 24 29 61 38 15
5 25 94 55 37 75
5 26 45 38 70 39
5 27 37 18 80 42
5 28 41 22 49 89
5 29 46 14 31 20
5 30 56 73 79 63
5 31 26 80 19 59
5 32 57 63 28 20
5 33 56 23 35 30
5 34 80 52 44 28
5 35 79 13 63 16
5 36 37 85 30 15
5 37 3 33 46 34
5 38 65 49 71 14
5 39 64 55 10 67
6 7 41 43 62 81
6 8 81 16 63 61
6 9 80 47 60 7
6 10 3 88 36 53
6 11 47 24 61 77
6 12 55 65 50 58
6 13 53 22 10 81
6 14 38 23 37 56
6 15 92 51 28 29
6 16 59 9 25 69
6 17 61 17 81 27
6 18 81 31 48 18
6 19 48 79 84 82
6 20 18 52 79 94
6 21 14 37 20 20
6 22 74 28 9 75
6 23 2 74 52 96
6 24 5 88 21 58
6 25 52 87 63 67
6 26 25 69 40 32
6 27 26 66 62 87
6 28 38 22 86 79
6 29 80 71 52 43
6 30 57 66 78 15
6 31 12 72 60 85
6 32 27 34 59 50
6 33 97 71 41 35
6 34 25 60 48 28
6 35 92 60 40 23
6 36 9 52 23 56
6 37 97 34 64 70
6 38 62 12 28 19
6 39 64 60 45 22
7 8 5 61 66 37
7 9 5 35 87 98
7 10 29 83 54 85
7 11 48 69 59 78
7 12 26 41 67 73
7 13 50 50 66 26
7 14 11 35 96 70
7 15 97 36 20 63
7 16 73 56 47 32
7 17 35 84 76 69
7 18 99 0 68 19
7 19 67 79 16 42
7 20 24 27 18 94
7 21 95 29 63 34
7 22 13 34 68 47
7 23 0 29 20 72
7 24 71 28 47 7
7 25 94 4 15 49
7 26 19 41 64 37
7 27 49 22 75 42
7 28 59 68 25 37
7 29 60 56 42 65
7 30 76 70 17 56
7 31 87 72 25 8
7 32 5 60 97 97
7 33 53 39 71 76
7 34 66 51 7 30
7 35 64 19 74 82
7 36 11 27 24 24
7 37 78 12 77 62
7 38 37 47 48 71
7 39 7 23 28 68
8 9 43 56 88 80
8 10 74 22 44 78
8 11 84 54 78 53
8 12 97 69 13 71
8 13 42 52 58 68
8 14 10 63 29 73
8 15 72 54 28 77
8 16 30 51 29 67
8 17 27 58 32 31
8 18 73 6 59 72
8 19 6 61 24 73
8 20 29 60 83 19
8 21 34 44 67 66
8 22 92 5 11 21
8 23 10 50 25 96
8 24 66 59 60 24
8 25 9 74 31 55
8 26 4 43 75 84
8 27 15 51 51 74
8 28 93 57 46 63
8 29 49 45 15 51
8 30 54 53 52 26
8 31 48 42 88 13
8 32 7 44 68 34
8 33 39 45 26 71
8 34 51 28 87 23
8 35 2 68 96 65
8 36 87 39 25 3
8 37 68 23 21 7
8 38 26 72 85 88
8 39 71 25 74 35
9 10 65 30 9 27
9 11 35 70 49 57
9 12 69 43 16 16
9 13 51 26 51 88
9 14 77 35 83 83
9 15 90 23 43 29
9 16 12 40 30 26
9 17 41 71 70 45
9 18 53 54 88 78
9 19 95 69 46 45
9 20 18 39 16 51
9 21 66 82 60 47
9 22 83 36 68 70
9 23 61 64 20 64
9 24 82 65 29 55
9 25 34 36 47 56
9 26 47 54 56 23
9 27 79 30 55 5
9 28 96 24 48 72
9 29 53 52 21 84
9 30 82 82 23 68
9 31 65 35 85 80
9 32 22 88 67 16
9 33 48 20 48 86
9 34 74 76 51 10
9 35 64 28 39 76
9 36 14 81 24 79
9 37 10 79 25 82
9 38 85 63 23 36
9 39 63 48 82 70
10 11 6 71 32 81
10 12 46 44 11 57
10 13 78 13 39 53
10 14 59 32 72 68
10 15 49 53 43 19
10 16 81 29 70 77
10 17 66 45 52 43
10 18 25 41 28 51
10 19 28 77 55 67
10 20 19 52 72 44
10 21 8 52 61 66
10 22 23 43 57 69
10 23 71 62 27 76
10 24 49 53 20 21
10 25 14 57 35 96
10 26 62 54 59 61
10 27 35 81 35 50
10 28 89 75 10 45
10 29 54 16 79 12
10 30 28 90 41 85
10 31 61 52 21 49
10 32 7 53 61 73
10 33 88 60 43 37
10 34 77 42 47 5
10 35 40 81 74 12
10 36 22 54 29 66
10 37 72 71 85 43
10 38 2 52 78 24
10 39 55 82 55 9
11 12 73 84 49 55
11 13 74 66 54 48
11 14 23 60 28 58
11 15 14 19 82 30
11 16 80 69 13 24
11 17 85 12 73 40
11 18 0 66 90 80
11 19 44 74 55 39
11 20 76 83 20 40
11 21 35 77 86 85
11 22 60 82 42 81
11 23 89 56 4 79
11 24 6 67 29 42
11 25 32 33 53 88
11 26 85 70 48 45
11 27 25 91 92 35
11 28 88 25 67 10
11 29 35 45 28 38
11 30 61 38 58 84
11 31 40 91 54 19
11 32 0 72 73 25
11 33 99 65 33 38
11 34 77 60 32 9
11 35 59 16 48 74
11 36 8 38 91 98
11 37 17 22 21 35
11 38 4 81 27 67
11 39 10 54 62 30
12 13 13 42 69 44
12 14 13 69 51 76
12 15 1 59 22 24
12 16 72 41 48 24
12 17 20 46 82 78
12 18 98 5 43 22
12 19 21 18 95 44
12 20 92 34 40 22
12 21 10 57 39 83
12 22 13 64 67 66
12 23 33 26 77 84
12 24 59 45 46 41
12 25 4 32 96 40
12 26 38 48 81 77
12 27 0 95 84 24
12 28 21 28 28 68
12 29 70 65 65 81
12 30 42 65 22 65
12 31 47 11 53 17
12 32 69 75 68 74
12 33 24 53 61 83
12 34 65 70 25 82
12 35 25 64 49 45
12 36 21 57 76 23
12 37 8 37 44 69
12 38 49 88 17 59
12 39 33 58 16 66
13 14 4 36 31 66
13 15 21 16 78 31
13 16 90 6 50 64
13 17 2 28 21 21
13 18 86 31 6 35
13 19 59 33 14 43
13 20 41 22 13 80
13 21 15 45 93 78
13 22 84 23 54 18
13 23 19 87 52 80
13 24 94 13 27 14
13 25 28 70 33 29
13 26 41 45 82 13
13 27 5 82 61 57
13 28 16 31 57 75
13 29 35 47 85 49
13 30 31 81 53 93
13 31 76 6 81 47
13 32 97 36 57 30
13 33 44 23 16 68
13 34 65 26 22 74
13 35 61 75 25 40
13 36 45 40 47 28
13 37 52 17 57 19
13 38 4 51 87 86
13 39 33 68 92 66
14 15 53 28 14 32
14 16 95 0 50 23
14 17 44 59 77 59
14 18 38 87 54 79
14 19 4 59 59 35
14 20 87 42 25 30
14 21 67 16 51 70
14 22 79 76 25 7
14 23 52 72 58 43
14 24 24 84 39 17
14 25 82 53 21 68
14 26 69 36 58 19
14 27 78 67 18 9
14 28 89 43 8 32
14 29 24 62 45 78
14 30 81 51 28 3
14 31 67 73 38 16
14 32 85 68 48 7
14 33 99 34 78 27
14 34 20 20 49 76
14 35 53 28 88 75
14 36 19 39 89 23
14 37 97 68 47 48
14 38 13 78 21 43
14 39 5 23 19 26
15 16 98 21 80 49
15 17 82 41 71 74
15 18 87 82 71 29
15 19 60 75 31 37
15 20 39 54 73 29
15 21 53 16 35 56
15 22 4 97 65 95
15 23 88 31 26 36
15 24 79 28 63 21
15 25 1 65 74 23
15 26 72 42 28 17
15 27 59 23 66 87
15 28 85 37 28 9
15 29 82 60 5 58
15 30 31 41 67 20
15 31 76 65 28 78
15 32 87 75 9 27
15 33 18 65 74 22
15 34 39 61 22 82
15 35 9 34 45 66
15 36 70 43 36 33
15 37 7 86 69 47
15 38 71 41 77 78
15 39 53 73 79 68
16 17 6 86 38 72
16 18 74 18 61 48
16 19 68 60 12 25
16 20 62 61 74 79
16 21 42 62 67 41
16 22 90 66 28 22
16 23 74 22 80 11
16 24 73 59 52 66
16 25 85 55 11 12
16 26 18 57 45 86
16 27 60 38 26 16
16 28 41 76 49 30
16 29 24 53 69 69
16 30 14 51 37 74
16 31 77 51 71 73
16 32 20 35 20 87
16 33 93 29 74 52
16 34 19 30 30 28
16 35 13 53 28 68
16 36 39 52 86 61
16 37 73 45 76 79
16 38 62 42 60 40
16 39 96 74 21 80
17 18 19 67 92 63
17 19 77 61 26 36
17 20 23 53 69 82
17 21 69 12 25 76
17 22 98 70 5 9
17 23 78 82 40 47
17 24 53 38 70 74
17 25 90 29 23 52
17 26 96 41 60 45
17 27 37 88 56 81
17 28 17 87 57 75
17 29 56 53 83 45
17 30 32 39 72 43
17 31 99 25 3 61
17 32 1 69 73 23
17 33 37 36 34 36
17 34 32 34 30 91
17 35 7 51 46 41
17 36 23 93 18 38
17 37 26 68 66 77
17 38 73 6 53 73
17 39 79 70 25 6
18 19 77 29 52 54
18 20 12 30 86 58
18 21 0 83 99 28
18 22 20 75 42 21
18 23 79 11 59 66
18 24 57 80 49 52
18 25 73 40 35 64
18 26 23 66 68 72
18 27 65 34 82 46
18 28 27 31 22 76
18 29 81 68 58 32
18 30 61 17 77 58
18 31 6 87 86 65
18 32 60 40 64 18
18 33 22 45 55 32
18 34 37 86 55 18
18 35 81 38 60 19
18 36 14 25 18 82
18 37 39 38 17 26
18 38 87 51 47 52
18 39 21 59 41 18
19 20 78 22 79 17
19 21 84 30 43 77
19 22 86 22 73 82
19 23 90 51 63 48
19 24 89 38 20 17
19 25 42 63 60 71
19 26 21 70 35 22
19 27 28 21 71 66
19 28 96 59 76 18
19 29 44 57 46 56
19 30 32 78 42 29
19 31 79 61 25 54
19 32 88 65 68 13
19 33 55 59 17 14
19 34 90 2 6 72
19 35 16 41 75 54
19 36 92 28 55 15
19 37 0 74 83 38
19 38 38 68 17 31
19 39 76 33 19 80
20 21 10 20 37 91
20 22 85 22 47 59
20 23 71 7 24 61
20 24 40 16 20 55
20 25 41 91 39 29
20 26 81 59 57 65
20 27 47 88 39 39
20 28 79 17 45 29
20 29 81 61 66 13
20 30 86 30 21 28
20 31 87 6 27 21
20 32 64 14 48 72
20 33 8 18 28 63
20 34 31 18 62 18
20 35 75 54 65 5
20 36 88 62 72 3
20 37 79 19 11 13
20 38 55 12 85 51
20 39 12 20 92 78
21 22 38 32 64 84
21 23 4 27 54 30
21 24 92 60 43 27
21 25 95 24 34 2
21 26 2 40 26 86
21 27 12 77 44 56
21 28 44 21 23 85
21 29 74 36 14 14
21 30 92 12 20 26
21 31 35 50 46 79
21 32 48 77 28 62
21 33 23 61 46 28
21 34 98 22 39 75
21 35 54 39 28 64
21 36 67 44 17 49
21 37 24 70 83 73
21 38 92 46 2 8
21 39 97 11 37 57
22 23 59 80 53 65
22 24 85 63 68 19
22 25 36 51 36 44
22 26 37 54 35 87
22 27 48 62 10 36
22 28 13 26 76 61
22 29 13 29 30 25
22 30 9 58 82 24
22 31 1 31 80 36
22 32 52 87 50 75
22 33 51 80 40 43
22 34 90 79 38 60
22 35 67 58 78 38
22 36 34 84 48 74
22 37 14 65 75 45
22 38 69 63 21 21
22 39 68 49 59 48
23 24 13 47 73 71
23 25 53 14 58 62
23 26 68 21 27 85
23 27 8 35 89 53
23 28 11 64 39 87
23 29 87 39 32 39
23 30 47 34 46 28
23 31 56 28 70 65
23 32 31 75 21 80
23 33 27 38 79 32
23 34 88 67 22 21
23 35 58 50 53 16
23 36 66 54 64 30
23 37 25 57 30 81
23 38 23 46 38 74
23 39 90 81 78 16
24 25 3 42 71 32
24 26 73 42 11 24
24 27 44 43 27 83
24 28 0 71 55 75
24 29 0 58 22 30
24 30 24 39 74 93
24 31 32 72 44 71
24 32 82 54 55 72
24 33 39 57 57 34
24 34 9 64 88 45
24 35 24 65 80 68
24 36 87 74 24 21
24 37 75 55 27 66
24 38 58 8 40 48
24 39 96 27 70 9
25 26 38 46 23 90
25 27 18 37 31 52
25 28 4 33 85 71
25 29 86 55 61 44
25 30 22 21 78 89
25 31 30 86 90 71
25 32 53 28 45 57
25 33 75 65 22 63
25 34 3 79 87 24
25 35 28 25 44 57
25 36 15 77 24 67
25 37 90 60 3 53
25 38 51 79 37 81
25 39 1 32 96 23
26 27 16 95 86 56
26 28 54 59 19 53
26 29 69 62 67 15
26 30 84 20 41 49
26 31 95 43 18 23
26 32 29 36 57 65
26 33 80 60 37 15
26 34 70 65 29 62
26 35 42 27 15 31
26 36 45 88 40 26
26 37 32 89 32 27
26 38 68 60 42 8
26 39 50 35 56 37
27 28 5 90 72 69
27 29 59 13 56 50
27 30 73 17 37 12
27 31 29 84 84 82
27 32 91 40 70 21
27 33 6 28 86 81
27 34 89 67 60 44
27 35 64 81 36 18
27 36 3 41 25 22
27 37 57 65 82 60
27 38 54 84 41 46
27 39 65 51 36 37
28 29 52 87 35 28
28 30 20 73 62 73
28 31 1 89 94 19
28 32 6 55 60 57
28 33 29 64 22 69
28 34 14 21 76 51
28 35 64 70 57 55
28 36 12 49 52 21
28 37 15 94 83 46
28 38 44 25 11 12
28 39 47 54 53 19
29 30 33 13 91 27
29 31 6 80 97 32
29 32 62 10 45 20
29 33 3 84 98 84
29 34 5 42 73 92
29 35 31 72 49 29
29 36 7 69 52 89
29 37 20 38 21 25
29 38 84 27 49 31
29 39 54 44 15 39
30 31 95 74 35 11
30 32 29 34 56 24
30 33 92 21 73 68
30 34 96 2 2 26
30 35 80 68 55 12
30 36 41 31 17 60
30 37 91 80 79 65
30 38 74 55 48 53
30 39 5 82 20 34
31 32 24 39 63 39
31 33 6 82 92 91
31 34 81 60 58 54
31 35 47 69 42 35
31 36 15 56 93 54
31 37 12 75 66 51
31 38 7 19 34 76
31 39 97 69 40 79
32 33 20 41 77 25
32 34 44 84 53 21
32 35 28 90 90 64
32 36 48 77 65 86
32 37 38 87 87 90
32 38 40 80 37 68
32 39 43 44 45 54
33 34 2 72 70 98
33 35 64 82 47 22
33 36 89 19 17 48
33 37 99 63 13 46
33 38 79 53 11 57
33 39 8 70 19 28
34 35 0 75 99 51
34 36 60 33 45 48
34 37 72 38 66 59
34 38 34 80 73 47
34 39 49 86 55 65
35 36 12 33 76 44
35 37 54 62 72 17
35 38 10 52 23 22
35 39 36 53 13 38
36 37 11 88 75 96
36 38 91 30 33 70
36 39 79 23 43 58
37 38 87 33 32 38
37 39 23 73 39 31
38 39 82 20 79 35
