45
0 1 77 30 31 19
0 2 97 32 32 15
0 3 83 48 31 31
0 4 49 29 32 42
0 5 33 71 52 41
0 6 41 63 65 77
0 7 68 49 39 56
0 8 12 85 79 47
0 9 13 72 61 82
0 10 48 44 60 43
0 11 81 39 59 33
0 12 4 56 96 92
0 13 35 41 43 81
0 14 79 48 59 30
0 15 35 45 43 40
0 16 54 65 25 66
0 17 82 47 45 17
0 18 1 58 60 71
0 19 50 56 58 50
0 20 91 47 10 27
0 21 63 63 54 59
0 22 90 22 43 47
0 23 8 50 68 82
0 24 47 63 58 72
0 25 4 95 63 69
0 26 82 14 18 50
0 27 15 57 64 46
0 28 24 55 67 60
0 29 47 27 35 56
0 30 2 65 90 88
0 31 27 67 65 45
0 32 27 49 64 66
0 33 30 51 46 67
0 34 16 78 48 67
0 35 39 70 55 53
0 36 15 85 73 90
0 37 40 59 67 42
0 38 6 51 95 60
0 39 68 28 17 22
0 40 94 48 38 41
0 41 68 52 59 20
0 42 30 52 59 75
0 43 95 28 16 9
0 44 35 68 42 47
1 2 0 51 90 55
1 3 39 40 47 57
1 4 33 41 67 81
1 5 77 20 13 46
1 6 48 30 55 55
1 7 79 59 43 57
1 8 64 66 31 36
1 9 82 29 17 15
1 10 53 51 54 60
1 11 41 37 77 44
1 12 24 55 45 41
1 13 15 70 74 81
1 14 93 20 29 40
1 15 27 36 57 83
1 16 8 78 57 65
1 17 21 66 44 55
1 18 8 47 87 58
1 19 71 63 35 56
1 20 29 45 84 77
1 21 49 73 60 48
1 22 18 77 84 73
1 23 43 33 62 49
1 24 49 71 40 54
1 25 35 78 78 43
1 26 25 45 62 44
1 27 77 11 32 27
1 28 49 37 43 31
1 29 66 18 44 63
1 30 96 37 17 43
1 31 40 63 37 45
1 32 81 52 17 26
1 33 92 30 36 44
1 34 43 41 44 68
1 35 74 44 42 45
1 36 88 12 32 30
1 37 73 30 44 44
1 38 59 67 48 55
1 39 49 51 58 59
1 40 53 30 25 45
1 41 99 21 39 35
1 42 82 50 38 22
1 43 30 38 54 60
1 44 54 58 44 35
2 3 4 57 83 92
2 4 99 20 26 19
2 5 22 80 56 71
2 6 50 58 33 52
2 7 75 21 49 58
2 8 93 43 34 46
2 9 31 34 34 60
2 10 28 70 45 81
2 11 24 86 75 42
2 12 0 58 52 52
2 13 15 51 83 67
2 14 65 44 31 24
2 15 6 57 92 79
2 16 31 56 83 52
2 17 86 28 32 19
2 18 71 52 23 31
2 19 6 72 63 82
2 20 12 87 62 49
2 21 22 62 48 66
2 22 65 26 34 60
2 23 91 27 9 31
2 24 9 84 90 86
2 25 3 83 92 64
2 26 37 44 43 66
2 27 83 36 55 51
2 28 65 63 19 18
2 29 69 55 61 15
2 30 61 52 46 43
2 31 64 32 40 48
2 32 97 50 51 16
2 33 91 38 52 20
2 34 79 43 22 25
2 35 63 53 54 24
2 36 51 25 53 46
2 37 15 79 91 84
2 38 90 30 51 32
2 39 38 68 70 63
2 40 99 24 29 25
2 41 33 54 74 72
2 42 63 49 50 37
2 43 15 75 83 80
2 44 23 83 49 44
3 4 72 20 58 52
3 5 43 55 78 38
3 6 28 39 65 36
3 7 86 44 12 23
3 8 30 57 57 61
3 9 83 49 27 41
3 10 22 40 46 39
3 11 86 8 54 10
3 12 68 45 41 41
3 13 9 73 48 75
3 14 9 83 85 91
3 15 25 42 65 83
3 16 3 55 72 55
3 17 5 53 64 70
3 18 14 74 64 81
3 19 72 48 27 41
3 20 54 71 43 55
3 21 17 65 47 75
3 22 2 62 67 83
3 23 40 79 73 57
3 24 18 71 79 73
3 25 68 56 50 38
3 26 13 56 68 59
3 27 27 79 65 40
3 28 94 5 10 6
3 29 21 59 67 83
3 30 54 69 28 26
3 31 79 30 10 16
3 32 15 81 86 61
3 33 46 53 29 36
3 34 2 65 84 79
3 35 19 63 44 67
3 36 80 14 12 36
3 37 66 35 30 21
3 38 33 68 73 34
3 39 0 70 87 69
3 40 36 49 37 59
3 41 63 38 34 53
3 42 79 41 45 23
3 43 98 36 34 20
3 44 89 40 39 19
4 5 13 54 62 66
4 6 57 33 46 58
4 7 39 30 74 64
4 8 14 53 46 59
4 9 24 81 53 66
4 10 62 38 36 57
4 11 27 63 81 62
4 12 58 56 58 65
4 13 35 59 42 33
4 14 0 77 69 95
4 15 50 60 38 38
4 16 26 49 60 76
4 17 55 56 69 59
4 18 49 61 38 53
4 19 69 16 63 64
4 20 38 44 44 42
4 21 50 47 68 25
4 22 65 53 37 58
4 23 67 60 30 55
4 24 33 72 58 48
4 25 45 74 71 51
4 26 53 72 57 40
4 27 59 21 66 29
4 28 26 56 77 69
4 29 62 26 26 44
4 30 45 50 52 47
4 31 39 67 75 61
4 32 68 18 22 54
4 33 32 80 42 57
4 34 34 56 75 77
4 35 74 13 53 40
4 36 46 42 48 54
4 37 84 16 40 29
4 38 94 31 22 25
4 39 92 50 41 8
4 40 13 44 63 86
4 41 31 38 59 50
4 42 31 70 59 45
4 43 23 47 59 42
4 44 65 58 27 32
5 6 75 34 23 43
5 7 58 31 56 49
5 8 43 35 64 73
5 9 60 28 48 43
5 10 70 50 19 53
5 11 35 76 81 78
5 12 36 81 32 44
5 13 41 61 75 61
5 14 98 17 29 29
5 15 92 45 7 34
5 16 81 36 37 9
5 17 7 82 51 58
5 18 64 23 19 35
5 19 7 59 65 63
5 20 6 58 79 73
5 21 43 52 43 53
5 22 18 78 90 76
5 23 93 9 20 28
5 24 51 41 71 37
5 25 19 52 66 68
5 26 43 49 45 42
5 27 28 38 51 66
5 28 67 47 37 21
5 29 4 78 53 94
5 30 80 35 26 13
5 31 66 49 22 46
5 32 13 58 51 93
5 33 85 51 46 28
5 34 33 58 56 48
5 35 41 59 79 53
5 36 76 31 50 19
5 37 23 81 52 88
5 38 2 77 79 61
5 39 30 81 69 39
5 40 38 76 47 56
5 41 86 13 54 27
5 42 34 61 67 76
5 43 65 36 59 25
5 44 7 83 50 86
6 7 14 84 44 70
6 8 83 40 13 47
6 9 19 72 71 85
6 10 92 16 50 17
6 11 69 41 26 61
6 12 51 72 73 62
6 13 76 34 47 16
6 14 65 26 27 56
6 15 45 53 60 27
6 16 89 9 6 49
6 17 92 35 12 44
6 18 5 61 89 65
6 19 27 39 54 38
6 20 59 23 65 22
6 21 77 19 25 46
6 22 8 71 73 49
6 23 80 38 53 55
6 24 99 42 2 22
6 25 73 62 56 43
6 26 17 81 89 75
6 27 3 79 90 50
6 28 40 36 62 54
6 29 21 66 70 75
6 30 98 42 18 36
6 31 23 83 62 65
6 32 68 40 19 27
6 33 13 81 72 75
6 34 41 73 63 40
6 35 66 17 56 45
6 36 60 51 37 34
6 37 11 91 74 54
6 38 37 34 72 51
6 39 2 55 55 88
6 40 33 39 50 52
6 41 62 59 34 68
6 42 58 31 69 64
6 43 59 68 41 53
6 44 91 52 50 25
7 8 16 76 68 53
7 9 44 39 65 28
7 10 42 72 36 37
7 11 84 8 48 7
7 12 47 55 58 40
7 13 37 80 60 35
7 14 64 21 38 44
7 15 84 14 45 43
7 16 17 77 70 73
7 17 45 33 31 35
7 18 97 38 6 9
7 19 96 7 23 39
7 20 64 66 23 30
7 21 91 9 34 34
7 22 2 52 63 89
7 23 21 56 50 39
7 24 67 28 59 44
7 25 51 33 27 28
7 26 8 70 73 73
7 27 54 65 70 24
7 28 44 75 68 41
7 29 40 69 36 63
7 30 59 40 57 25
7 31 63 21 36 66
7 32 16 88 49 48
7 33 34 62 55 74
7 34 83 34 48 30
7 35 11 91 58 92
7 36 71 17 39 51
7 37 70 33 21 59
7 38 82 45 38 35
7 39 80 29 35 51
7 40 48 65 44 52
7 41 28 46 77 61
7 42 40 75 43 76
7 43 63 18 32 52
7 44 47 52 55 47
8 9 42 48 47 71
8 10 93 46 7 42
8 11 24 50 47 70
8 12 2 56 51 84
8 13 3 58 62 68
8 14 68 19 46 16
8 15 2 87 48 77
8 16 59 33 43 48
8 17 96 41 32 15
8 18 65 26 57 66
8 19 81 11 40 30
8 20 27 68 38 73
8 21 99 40 45 1
8 22 2 63 82 74
8 23 97 50 43 42
8 24 96 45 46 29
8 25 70 54 57 56
8 26 50 33 30 54
8 27 14 62 50 45
8 28 39 41 45 70
8 29 17 84 69 51
8 30 84 26 8 54
8 31 74 40 36 37
8 32 75 60 50 50
8 33 92 31 31 4
8 34 24 76 80 73
8 35 67 49 56 33
8 36 64 50 37 56
8 37 76 38 25 56
8 38 56 27 41 69
8 39 93 37 8 28
8 40 38 64 76 66
8 41 6 46 57 58
8 42 0 66 83 84
8 43 56 54 34 43
8 44 28 57 49 43
9 10 31 55 34 64
9 11 54 29 60 44
9 12 84 20 20 55
9 13 98 25 5 49
9 14 26 45 80 37
9 15 74 33 35 16
9 16 61 20 42 65
9 17 55 66 65 67
9 18 52 66 34 39
9 19 33 66 59 49
9 20 15 72 57 61
9 21 47 49 74 37
9 22 63 33 28 67
9 23 17 58 81 80
9 24 64 18 27 56
9 25 2 93 50 87
9 26 85 29 22 48
9 27 96 42 25 10
9 28 67 35 21 37
9 29 40 71 38 31
9 30 60 33 43 68
9 31 42 68 69 66
9 32 68 36 22 23
9 33 52 69 26 40
9 34 56 40 54 31
9 35 35 42 50 61
9 36 90 46 42 5
9 37 26 78 82 43
9 38 74 39 14 25
9 39 23 65 55 72
9 40 58 58 39 47
9 41 76 35 44 16
9 42 12 81 64 63
9 43 8 87 94 93
9 44 24 69 69 70
10 11 52 58 47 56
10 12 36 60 48 66
10 13 49 36 54 27
10 14 10 49 80 74
10 15 70 52 17 52
10 16 95 6 40 47
10 17 88 35 9 6
10 18 2 94 96 61
10 19 34 41 73 64
10 20 53 28 59 68
10 21 0 59 80 81
10 22 11 63 57 76
10 23 41 35 66 74
10 24 12 71 86 64
10 25 16 90 71 65
10 26 42 45 30 36
10 27 42 29 62 68
10 28 84 42 51 48
10 29 46 71 27 31
10 30 14 89 49 65
10 31 67 60 49 64
10 32 70 53 24 52
10 33 38 51 34 43
10 34 80 42 35 22
10 35 75 22 35 50
10 36 41 42 39 37
10 37 21 68 55 75
10 38 18 42 42 42
10 39 93 38 46 25
10 40 81 18 48 43
10 41 15 67 67 42
10 42 37 45 37 42
10 43 70 51 41 31
10 44 79 46 26 56
11 12 91 24 36 40
11 13 32 47 81 64
11 14 67 61 18 41
11 15 96 18 28 35
11 16 42 48 55 43
11 17 36 35 80 46
11 18 83 17 44 55
11 19 35 79 36 55
11 20 90 18 7 46
11 21 93 25 14 53
11 22 47 41 61 71
11 23 83 50 37 20
11 24 99 39 4 31
11 25 69 63 56 63
11 26 17 89 60 42
11 27 62 24 23 60
11 28 98 21 47 3
11 29 67 44 51 66
11 30 5 95 71 94
11 31 27 40 48 70
11 32 30 60 56 52
11 33 96 30 8 26
11 34 13 68 57 58
11 35 47 58 74 34
11 36 42 53 34 53
11 37 90 37 34 17
11 38 88 43 32 25
11 39 50 64 43 68
11 40 18 55 84 57
11 41 54 38 64 55
11 42 86 10 52 51
11 43 93 3 37 17
11 44 63 47 56 53
12 13 29 40 48 52
12 14 15 51 89 86
12 15 75 51 19 33
12 16 11 55 85 83
12 17 20 65 57 56
12 18 76 20 54 12
12 19 63 25 56 45
12 20 27 56 86 64
12 21 64 60 63 51
12 22 14 84 78 88
12 23 17 46 73 61
12 24 84 25 16 45
12 25 60 28 24 47
12 26 62 54 58 26
12 27 5 58 71 73
12 28 35 63 41 49
12 29 23 83 70 65
12 30 6 76 94 83
12 31 51 45 43 69
12 32 26 40 82 82
12 33 42 49 37 66
12 34 91 44 22 46
12 35 18 69 61 72
12 36 41 52 78 61
12 37 79 38 19 13
12 38 28 50 43 55
12 39 95 5 21 48
12 40 44 55 46 39
12 41 24 42 66 56
12 42 80 38 45 42
12 43 11 57 60 74
12 44 59 45 29 22
13 14 90 19 19 34
13 15 56 35 37 58
13 16 79 53 18 59
13 17 3 77 51 56
13 18 52 62 32 63
13 19 5 91 82 96
13 20 75 26 61 48
13 21 64 31 66 35
13 22 86 56 28 11
13 23 77 26 54 25
13 24 11 58 75 58
13 25 22 41 52 50
13 26 42 74 72 36
13 27 89 42 9 18
13 28 55 70 34 60
13 29 77 12 43 15
13 30 74 27 34 49
13 31 89 26 20 18
13 32 22 87 79 75
13 33 15 92 55 44
13 34 77 55 36 53
13 35 15 71 55 88
13 36 84 25 45 11
13 37 13 60 77 73
13 38 86 28 30 27
13 39 7 49 83 78
13 40 93 30 35 6
13 41 80 52 15 29
13 42 15 56 80 83
13 43 59 24 59 23
13 44 2 69 71 92
14 15 38 40 47 58
14 16 11 60 83 76
14 17 11 93 48 59
14 18 38 62 49 64
14 19 32 61 68 81
14 20 70 40 46 41
14 21 87 40 17 13
14 22 38 57 71 51
14 23 86 18 20 54
14 24 81 54 25 42
14 25 65 52 51 55
14 26 93 22 35 30
14 27 91 22 19 53
14 28 81 56 13 30
14 29 20 52 47 55
14 30 9 47 48 61
14 31 17 55 68 88
14 32 44 74 28 31
14 33 80 34 12 12
14 34 57 52 49 63
14 35 2 72 54 66
14 36 82 29 17 21
14 37 62 34 41 32
14 38 95 34 19 32
14 39 46 74 52 68
14 40 80 10 20 56
14 41 19 75 86 59
14 42 93 11 31 17
14 43 43 37 60 43
14 44 35 55 78 77
15 16 39 72 63 45
15 17 17 49 68 41
15 18 19 75 43 51
15 19 17 89 66 83
15 20 88 42 23 52
15 21 62 36 39 66
15 22 22 40 77 65
15 23 44 37 76 49
15 24 98 4 42 21
15 25 98 25 44 15
15 26 90 21 18 15
15 27 3 88 48 75
15 28 92 22 19 9
15 29 5 95 49 88
15 30 68 42 28 58
15 31 97 19 20 14
15 32 21 49 87 63
15 33 29 39 51 50
15 34 29 61 35 74
15 35 49 57 46 62
15 36 40 31 70 36
15 37 56 66 38 51
15 38 67 55 42 17
15 39 5 59 66 72
15 40 38 67 33 65
15 41 54 44 56 23
15 42 65 38 63 49
15 43 92 22 26 41
15 44 32 46 33 71
16 17 90 51 20 43
16 18 69 27 28 57
16 19 31 83 38 64
16 20 91 47 44 52
16 21 60 55 60 21
16 22 97 13 19 26
16 23 71 56 35 46
16 24 95 39 50 24
16 25 54 46 64 31
16 26 27 46 63 38
16 27 35 33 78 54
16 28 97 16 19 5
16 29 21 87 77 86
16 30 19 78 59 83
16 31 30 43 69 77
16 32 22 84 78 60
16 33 85 56 36 11
16 34 71 20 46 48
16 35 49 52 67 61
16 36 6 75 85 83
16 37 14 51 59 69
16 38 49 27 58 46
16 39 60 57 36 67
16 40 1 83 55 83
16 41 31 37 40 47
16 42 7 57 85 51
16 43 89 53 54 45
16 44 31 72 46 69
17 18 24 83 86 63
17 19 71 27 46 48
17 20 87 27 18 24
17 21 49 72 34 53
17 22 14 81 84 91
17 23 61 67 50 47
17 24 55 59 24 52
17 25 41 66 47 72
17 26 92 50 28 40
17 27 69 50 62 56
17 28 11 50 74 71
17 29 11 61 85 80
17 30 93 32 5 5
17 31 92 19 22 51
17 32 12 82 91 91
17 33 14 67 79 87
17 34 13 62 74 91
17 35 16 45 88 49
17 36 12 52 73 56
17 37 11 59 72 82
17 38 60 52 23 24
17 39 10 51 60 60
17 40 21 65 86 79
17 41 9 68 80 82
17 42 52 73 32 70
17 43 50 32 29 27
17 44 17 60 89 84
18 19 81 42 56 37
18 20 29 74 39 84
18 21 50 70 30 65
18 22 59 32 44 41
18 23 94 50 26 11
18 24 94 46 41 26
18 25 41 53 74 30
18 26 60 30 35 20
18 27 39 58 31 52
18 28 0 55 52 79
18 29 44 46 73 32
18 30 64 60 30 53
18 31 85 21 25 46
18 32 20 81 44 60
18 33 66 32 20 17
18 34 67 21 16 55
18 35 48 51 45 65
18 36 48 46 64 73
18 37 33 56 65 61
18 38 14 65 91 71
18 39 92 46 24 10
18 40 38 47 60 69
18 41 73 50 20 36
18 42 98 20 24 49
18 43 99 27 12 17
18 44 69 41 21 64
19 20 93 41 20 46
19 21 2 53 87 70
19 22 59 47 33 57
19 23 98 5 39 44
19 24 28 78 55 82
19 25 53 63 28 62
19 26 32 40 40 45
19 27 20 65 41 43
19 28 47 35 51 75
19 29 21 85 85 56
19 30 62 21 52 21
19 31 9 60 78 57
19 32 26 70 37 74
19 33 96 38 2 50
19 34 80 28 15 44
19 35 13 74 70 54
19 36 42 54 61 42
19 37 27 84 79 71
19 38 71 48 22 63
19 39 43 61 40 33
19 40 59 36 36 63
19 41 64 39 39 38
19 42 88 15 22 33
19 43 96 28 16 2
19 44 89 49 23 17
20 21 61 38 38 48
20 22 35 66 80 78
20 23 26 37 47 77
20 24 97 11 38 17
20 25 76 58 60 52
20 26 17 86 43 85
20 27 84 48 30 24
20 28 68 16 37 27
20 29 62 66 54 63
20 30 38 66 63 58
20 31 19 87 51 61
20 32 65 54 22 42
20 33 93 14 51 4
20 34 34 39 59 64
20 35 37 66 75 41
20 36 30 78 82 67
20 37 71 46 55 34
20 38 58 49 58 62
20 39 57 70 54 59
20 40 8 67 60 62
20 41 31 43 40 42
20 42 41 75 55 77
20 43 57 61 25 48
20 44 18 81 78 49
21 22 91 4 12 22
21 23 45 75 43 30
21 24 41 34 71 57
21 25 52 54 70 73
21 26 37 40 52 43
21 27 83 52 12 29
21 28 17 66 74 80
21 29 99 43 20 30
21 30 5 76 63 90
21 31 47 45 33 66
21 32 53 29 42 55
21 33 56 68 25 45
21 34 3 80 80 86
21 35 63 49 25 53
21 36 43 53 46 36
21 37 50 25 53 65
21 38 99 42 0 28
21 39 29 76 42 60
21 40 44 64 29 31
21 41 20 51 45 45
21 42 93 18 7 4
21 43 83 30 44 31
21 44 17 63 68 53
22 23 4 63 66 48
22 24 1 92 94 95
22 25 65 21 47 26
22 26 68 57 31 52
22 27 46 76 43 32
22 28 57 64 30 32
22 29 45 41 32 37
22 30 0 80 53 61
22 31 23 63 63 57
22 32 33 82 71 70
22 33 20 66 45 45
22 34 55 56 24 53
22 35 79 16 39 53
22 36 18 42 68 76
22 37 65 18 63 29
22 38 59 37 49 62
22 39 10 92 88 46
22 40 94 11 34 43
22 41 36 58 61 35
22 42 2 64 62 93
22 43 64 54 58 26
22 44 39 70 70 66
23 24 85 34 43 26
23 25 62 41 39 36
23 26 64 41 29 43
23 27 16 49 66 44
23 28 62 52 54 61
23 29 87 54 51 27
23 30 0 64 57 98
23 31 21 39 41 87
23 32 92 7 42 29
23 33 99 7 19 34
23 34 7 58 67 52
23 35 84 49 23 43
23 36 26 71 70 42
23 37 89 10 29 11
23 38 25 59 42 51
23 39 96 30 50 4
23 40 31 51 37 39
23 41 20 78 57 40
23 42 28 79 36 82
23 43 76 29 37 50
23 44 99 14 43 47
24 25 60 27 53 21
24 26 65 64 33 29
24 27 31 49 59 38
24 28 6 62 62 81
24 29 9 76 69 82
24 30 40 65 72 55
24 31 6 59 84 60
24 32 51 56 33 65
24 33 95 28 28 46
24 34 7 64 82 84
24 35 15 80 66 82
24 36 50 51 38 34
24 37 4 66 59 74
24 38 56 26 69 43
24 39 33 41 78 75
24 40 83 41 36 24
24 41 57 70 26 61
24 42 31 76 63 72
24 43 5 56 82 94
24 44 21 79 46 54
25 26 84 51 34 31
25 27 88 13 17 32
25 28 69 55 51 36
25 29 84 33 32 35
25 30 71 52 17 14
25 31 97 26 1 24
25 32 49 46 73 26
25 33 36 58 70 50
25 34 56 56 55 67
25 35 23 83 60 65
25 36 9 66 55 50
25 37 51 67 46 46
25 38 65 51 59 54
25 39 1 82 54 62
25 40 90 16 16 44
25 41 13 59 70 81
25 42 17 51 86 65
25 43 46 38 43 70
25 44 12 73 44 68
26 27 50 34 59 42
26 28 46 72 74 40
26 29 69 27 43 24
26 30 48 59 28 35
26 31 88 14 14 29
26 32 6 63 78 75
26 33 18 50 90 66
26 34 11 86 67 74
26 35 98 5 4 32
26 36 51 41 73 46
26 37 24 56 70 70
26 38 31 50 63 58
26 39 22 58 46 61
26 40 52 40 55 64
26 41 24 80 62 39
26 42 33 51 78 56
26 43 98 28 45 15
26 44 44 65 75 52
27 28 18 81 83 88
27 29 73 17 43 20
27 30 1 94 64 68
27 31 15 82 51 52
27 32 51 64 38 45
27 33 17 65 90 90
27 34 15 50 49 71
27 35 11 59 84 47
27 36 22 75 66 74
27 37 57 32 23 30
27 38 89 14 43 24
27 39 25 72 57 78
27 40 81 21 10 14
27 41 8 64 79 60
27 42 30 58 83 53
27 43 49 62 69 47
27 44 95 7 15 47
28 29 44 38 43 47
28 30 73 53 37 32
28 31 98 38 18 19
28 32 4 81 58 53
28 33 3 58 91 72
28 34 9 75 84 92
28 35 59 42 64 43
28 36 4 79 85 75
28 37 6 50 66 57
28 38 93 13 41 49
28 39 10 87 67 76
28 40 84 23 34 7
28 41 58 43 46 26
28 42 23 54 39 68
28 43 47 50 60 58
28 44 46 65 50 56
29 30 14 62 47 77
29 31 83 29 46 39
29 32 47 61 55 64
29 33 56 66 67 38
29 34 90 16 49 10
29 35 57 41 51 34
29 36 73 20 32 34
29 37 40 37 75 79
29 38 67 49 42 25
29 39 84 43 48 53
29 40 82 41 52 53
29 41 97 3 8 17
29 42 57 37 23 67
29 43 99 13 20 31
29 44 82 31 22 28
30 31 17 41 78 52
30 32 23 85 47 64
30 33 55 69 59 57
30 34 66 58 60 45
30 35 19 56 53 78
30 36 97 24 6 26
30 37 41 52 53 67
30 38 49 72 35 66
30 39 33 77 48 80
30 40 88 41 12 28
30 41 51 46 36 71
30 42 55 36 35 42
30 43 5 50 67 95
30 44 58 66 52 37
31 32 0 85 72 63
31 33 60 36 65 39
31 34 28 71 85 78
31 35 16 82 84 60
31 36 98 39 16 38
31 37 47 27 54 56
31 38 95 16 22 41
31 39 18 73 66 68
31 40 75 45 34 19
31 41 50 44 41 51
31 42 47 58 66 67
31 43 79 41 52 26
31 44 72 49 61 33
32 33 1 51 60 86
32 34 87 44 52 50
32 35 44 63 50 47
32 36 79 21 53 35
32 37 61 49 33 47
32 38 98 41 9 20
32 39 50 24 35 54
32 40 65 32 34 66
32 41 4 48 90 79
32 42 15 78 50 67
32 43 33 53 52 78
32 44 78 60 54 13
33 34 7 50 63 51
33 35 99 23 34 18
33 36 1 67 54 79
33 37 3 97 64 79
33 38 8 67 87 78
33 39 96 24 7 24
33 40 11 78 63 57
33 41 1 57 52 96
33 42 20 68 88 53
33 43 60 26 44 31
33 44 79 19 19 36
34 35 83 20 53 55
34 36 67 60 31 45
34 37 29 44 71 71
34 38 46 27 48 56
34 39 73 43 31 27
34 40 6 63 89 56
34 41 7 51 77 78
34 42 69 58 62 29
34 43 1 58 97 65
34 44 16 47 55 42
35 36 16 81 59 51
35 37 53 25 60 58
35 38 40 34 71 59
35 39 59 57 24 20
35 40 30 83 45 77
35 41 86 23 48 16
35 42 18 64 60 65
35 43 86 26 17 26
35 44 37 61 48 52
36 37 87 9 15 27
36 38 29 79 54 62
36 39 43 51 29 72
36 40 49 25 27 63
36 41 22 46 62 42
36 42 65 66 38 52
36 43 39 43 49 58
36 44 16 89 45 80
37 38 75 39 47 39
37 39 46 28 49 53
37 40 23 51 68 51
37 41 44 38 63 46
37 42 24 42 73 38
37 43 85 30 31 42
37 44 11 81 82 93
38 39 76 25 24 16
38 40 90 31 8 26
38 41 30 57 71 47
38 42 49 27 50 26
38 43 55 23 39 60
38 44 80 26 56 56
39 40 74 37 40 32
39 41 59 62 35 27
39 42 41 70 44 61
39 43 69 60 31 35
39 44 23 61 40 62
40 41 3 79 85 91
40 42 86 21 18 37
40 43 91 15 13 31
40 44 97 17 24 21
41 42 97 32 42 41
41 43 13 59 44 75
41 44 49 63 62 49
42 43 11 65 91 61
42 44 94 40 19 4
43 44 1 88 57 70
