48
0 1 77 27 54 53
0 2 3 93 95 80
0 3 26 71 71 62
0 4 10 59 68 73
0 5 96 34 46 14
0 6 50 44 74 53
0 7 86 42 31 45
0 8 42 38 47 75
0 9 30 60 49 59
0 10 17 79 86 71
0 11 81 43 24 54
0 12 38 46 34 64
0 13 13 73 86 50
0 14 10 52 81 93
0 15 29 64 79 80
0 16 11 84 92 61
0 17 78 19 36 26
0 18 74 39 24 41
0 19 99 23 48 35
0 20 69 45 43 32
0 21 3 88 94 54
0 22 88 33 31 18
0 23 56 62 69 67
0 24 83 39 14 24
0 25 86 15 33 13
0 26 90 41 16 40
0 27 55 70 63 64
0 28 53 60 44 26
0 29 91 23 18 46
0 30 47 40 36 47
0 31 11 54 64 88
0 32 82 44 38 51
0 33 37 71 77 58
0 34 24 82 84 65
0 35 45 45 65 58
0 36 72 39 29 61
0 37 58 61 43 52
0 38 93 19 48 50
0 39 67 65 31 58
0 40 92 4 16 33
0 41 86 34 53 21
0 42 95 10 29 25
0 43 92 4 17 47
0 44 81 22 25 43
0 45 82 48 12 29
0 46 70 54 51 53
0 47 57 31 55 43
1 2 81 55 16 24
1 3 5 91 74 57
1 4 92 46 42 21
1 5 0 53 94 76
1 6 17 61 52 81
1 7 24 62 61 67
1 8 13 87 63 85
1 9 73 13 29 29
1 10 14 57 74 75
1 11 78 59 11 27
1 12 1 60 52 79
1 13 5 94 56 85
1 14 96 48 50 37
1 15 19 83 52 65
1 16 49 41 59 33
1 17 23 41 87 65
1 18 58 61 37 62
1 19 26 63 78 72
1 20 16 77 71 71
1 21 55 26 27 44
1 22 77 31 39 13
1 23 44 38 55 48
1 24 74 22 13 51
1 25 14 86 56 80
1 26 27 46 80 51
1 27 86 39 8 30
1 28 3 78 50 56
1 29 89 23 47 48
1 30 15 73 88 55
1 31 59 66 39 64
1 32 13 47 80 91
1 33 43 37 70 44
1 34 36 54 44 80
1 35 34 47 39 47
1 36 95 32 39 21
1 37 98 20 4 44
1 38 53 50 64 58
1 39 16 57 83 55
1 40 39 76 67 66
1 41 99 7 22 15
1 42 95 23 39 17
1 43 18 45 89 44
1 44 58 53 20 53
1 45 50 68 41 61
1 46 41 32 51 32
1 47 62 50 27 47
2 3 61 44 39 39
2 4 18 52 83 60
2 5 4 55 75 52
2 6 22 46 84 79
2 7 51 69 56 41
2 8 47 64 66 42
2 9 34 71 59 37
2 10 17 49 57 60
2 11 20 42 56 43
2 12 61 48 59 62
2 13 21 66 63 87
2 14 7 90 54 54
2 15 2 96 76 50
2 16 42 73 78 50
2 17 59 23 37 54
2 18 34 50 69 74
2 19 12 60 61 77
2 20 39 63 68 34
2 21 48 74 34 72
2 22 97 33 15 44
2 23 88 40 35 34
2 24 49 36 74 67
2 25 46 38 75 52
2 26 58 68 40 23
2 27 59 29 56 32
2 28 63 26 59 42
2 29 62 25 20 44
2 30 89 32 26 31
2 31 35 34 81 68
2 32 40 31 61 59
2 33 92 33 7 44
2 34 80 51 10 30
2 35 15 61 89 78
2 36 86 8 26 39
2 37 45 64 44 29
2 38 16 53 86 49
2 39 75 58 20 26
2 40 55 69 25 64
2 41 7 96 66 48
2 42 49 70 32 66
2 43 50 42 37 54
2 44 15 82 56 70
2 45 30 39 61 37
2 46 22 43 74 53
2 47 17 66 52 43
3 4 5 75 55 49
3 5 11 70 53 88
3 6 65 25 42 57
3 7 44 77 50 59
3 8 63 37 23 21
3 9 49 70 41 50
3 10 94 48 39 15
3 11 47 48 53 64
3 12 16 87 55 54
3 13 24 71 51 71
3 14 79 44 14 26
3 15 30 81 42 77
3 16 79 40 38 16
3 17 58 39 57 60
3 18 92 52 50 17
3 19 71 59 45 58
3 20 96 38 42 8
3 21 78 23 56 41
3 22 28 80 64 84
3 23 4 62 88 53
3 24 87 16 19 16
3 25 11 77 57 76
3 26 30 71 38 40
3 27 2 55 76 94
3 28 70 24 44 29
3 29 66 42 66 58
3 30 46 75 35 43
3 31 52 52 30 64
3 32 81 45 26 31
3 33 49 63 61 26
3 34 43 37 53 36
3 35 68 40 23 59
3 36 42 62 78 34
3 37 28 82 63 84
3 38 55 25 26 69
3 39 83 19 31 51
3 40 76 48 18 26
3 41 70 34 52 20
3 42 60 27 54 48
3 43 18 67 61 79
3 44 21 70 86 68
3 45 61 59 49 36
3 46 72 36 46 26
3 47 68 24 52 18
4 5 63 53 54 64
4 6 34 57 81 50
4 7 17 51 73 60
4 8 58 63 24 48
4 9 32 58 51 38
4 10 76 20 24 38
4 11 44 44 69 65
4 12 93 46 26 48
4 13 90 52 49 24
4 14 10 94 57 45
4 15 97 25 39 27
4 16 17 52 43 50
4 17 98 15 12 22
4 18 32 66 40 66
4 19 21 57 69 49
4 20 71 55 64 64
4 21 90 13 23 10
4 22 76 59 16 49
4 23 51 29 38 72
4 24 62 30 45 49
4 25 5 77 93 50
4 26 8 86 80 94
4 27 16 78 60 76
4 28 67 48 22 57
4 29 80 56 27 55
4 30 13 85 90 66
4 31 25 61 47 64
4 32 82 46 30 54
4 33 88 42 44 44
4 34 83 42 24 38
4 35 23 56 67 86
4 36 75 37 51 39
4 37 69 62 62 46
4 38 40 74 55 59
4 39 39 65 68 52
4 40 71 40 21 40
4 41 26 64 41 74
4 42 67 21 64 49
4 43 96 13 50 51
4 44 48 53 63 33
4 45 24 45 44 74
4 46 52 48 50 55
4 47 1 58 70 82
5 6 9 61 87 50
5 7 21 75 44 40
5 8 50 39 30 55
5 9 84 19 47 11
5 10 76 41 26 25
5 11 11 74 55 49
5 12 31 40 79 37
5 13 58 47 66 38
5 14 46 55 48 53
5 15 55 34 29 22
5 16 26 41 68 71
5 17 11 75 60 65
5 18 17 76 85 87
5 19 89 53 46 32
5 20 39 52 71 48
5 21 97 42 22 6
5 22 47 74 44 58
5 23 2 77 53 64
5 24 46 39 31 65
5 25 50 69 73 35
5 26 7 79 86 76
5 27 87 44 16 51
5 28 36 51 46 73
5 29 21 58 44 68
5 30 73 19 18 29
5 31 41 39 53 59
5 32 58 46 60 26
5 33 96 14 32 4
5 34 3 70 76 87
5 35 90 6 21 44
5 36 33 78 67 36
5 37 94 43 52 25
5 38 23 38 51 64
5 39 60 59 66 65
5 40 19 76 81 54
5 41 0 82 70 53
5 42 15 91 44 83
5 43 38 72 31 68
5 44 86 40 52 46
5 45 47 50 47 61
5 46 30 52 50 80
5 47 25 74 55 78
6 7 26 58 68 57
6 8 11 49 77 71
6 9 49 37 59 56
6 10 75 40 44 21
6 11 57 39 53 22
6 12 55 51 52 40
6 13 53 56 27 69
6 14 20 67 83 88
6 15 4 57 89 84
6 16 95 16 22 31
6 17 37 45 50 32
6 18 3 53 81 78
6 19 6 75 47 53
6 20 66 37 19 38
6 21 9 62 52 79
6 22 92 20 24 33
6 23 48 41 54 34
6 24 13 77 45 78
6 25 81 21 43 24
6 26 7 51 73 46
6 27 26 65 67 54
6 28 38 79 47 48
6 29 23 44 64 87
6 30 43 61 69 66
6 31 75 25 47 56
6 32 65 43 36 28
6 33 57 24 51 25
6 34 28 81 37 55
6 35 60 26 55 53
6 36 85 35 31 18
6 37 27 63 74 45
6 38 72 25 28 56
6 39 34 34 75 65
6 40 13 84 87 80
6 41 82 32 37 57
6 42 66 27 26 31
6 43 2 70 95 81
6 44 56 31 64 64
6 45 48 45 52 41
6 46 20 56 76 58
6 47 8 53 59 82
7 8 30 39 43 74
7 9 35 64 76 60
7 10 82 20 36 56
7 11 55 43 26 66
7 12 25 55 74 73
7 13 13 68 64 60
7 14 92 17 41 47
7 15 59 61 61 25
7 16 45 65 46 59
7 17 69 58 32 32
7 18 46 67 72 48
7 19 32 35 36 56
7 20 54 26 23 65
7 21 21 64 62 45
7 22 38 57 69 61
7 23 37 65 35 40
7 24 71 21 44 45
7 25 20 89 58 72
7 26 31 57 64 73
7 27 75 17 51 58
7 28 39 43 48 64
7 29 48 66 32 47
7 30 94 38 19 51
7 31 52 36 37 58
7 32 2 79 51 87
7 33 13 91 82 60
7 34 27 71 79 48
7 35 7 60 70 93
7 36 47 58 34 27
7 37 50 37 50 56
7 38 60 29 42 41
7 39 86 46 38 45
7 40 30 70 64 52
7 41 83 38 22 8
7 42 46 45 51 75
7 43 12 66 49 45
7 44 3 62 56 70
7 45 86 41 51 32
7 46 20 63 54 46
7 47 42 36 29 67
8 9 74 26 33 40
8 10 85 26 40 21
8 11 13 80 82 67
8 12 96 45 49 3
8 13 91 40 10 39
8 14 91 43 44 17
8 15 94 50 11 17
8 16 20 75 81 50
8 17 61 31 67 48
8 18 66 25 58 50
8 19 26 40 53 69
8 20 97 8 27 17
8 21 72 61 39 60
8 22 95 25 22 22
8 23 86 18 52 23
8 24 15 51 60 59
8 25 31 75 80 49
8 26 88 24 23 42
8 27 48 33 74 38
8 28 76 57 18 35
8 29 2 65 81 64
8 30 16 85 53 88
8 31 83 41 22 16
8 32 38 52 34 57
8 33 57 43 51 22
8 34 52 56 50 67
8 35 62 59 31 24
8 36 92 16 34 17
8 37 5 58 96 66
8 38 21 68 48 53
8 39 70 43 22 59
8 40 15 81 85 77
8 41 96 5 32 43
8 42 22 85 68 67
8 43 80 19 31 13
8 44 76 52 29 36
8 45 4 82 95 73
8 46 13 85 50 47
8 47 88 6 35 25
9 10 28 62 83 36
9 11 19 40 61 71
9 12 5 79 80 58
9 13 3 63 78 88
9 14 39 34 62 36
9 15 18 47 78 81
9 16 65 20 61 19
9 17 11 57 87 71
9 18 92 46 31 28
9 19 40 73 54 30
9 20 52 33 55 26
9 21 7 90 91 79
9 22 52 38 55 68
9 23 38 36 58 65
9 24 13 59 63 89
9 25 46 33 49 33
9 26 87 33 53 10
9 27 13 83 60 75
9 28 41 37 77 48
9 29 11 67 59 66
9 30 44 74 55 35
9 31 96 40 29 42
9 32 41 77 40 44
9 33 47 66 36 55
9 34 97 18 7 7
9 35 84 44 18 55
9 36 69 53 20 64
9 37 33 49 76 48
9 38 33 43 57 39
9 39 76 48 32 47
9 40 74 45 34 23
9 41 92 16 39 27
9 42 15 79 75 87
9 43 37 42 80 37
9 44 13 64 89 60
9 45 96 5 9 23
9 46 10 75 94 88
9 47 33 72 74 79
10 11 63 28 42 59
10 12 87 7 46 49
10 13 28 82 71 77
10 14 41 64 66 65
10 15 17 73 60 51
10 16 24 57 85 39
10 17 52 32 55 43
10 18 68 18 31 19
10 19 87 39 22 52
10 20 56 35 41 23
10 21 11 90 92 80
10 22 17 82 49 90
10 23 2 53 75 97
10 24 42 74 61 33
10 25 51 67 28 56
10 26 75 55 41 57
10 27 83 52 15 14
10 28 77 18 22 31
10 29 85 57 50 57
10 30 54 54 37 53
10 31 57 46 39 39
10 32 99 25 21 49
10 33 70 35 64 17
10 34 68 18 37 53
10 35 55 28 34 60
10 36 81 14 58 19
10 37 12 54 50 78
10 38 67 33 59 55
10 39 89 27 44 16
10 40 8 73 66 88
10 41 14 59 62 64
10 42 91 16 41 53
10 43 22 50 73 77
10 44 93 24 24 51
10 45 30 76 80 41
10 46 5 93 61 58
10 47 90 42 26 35
11 12 50 69 43 37
11 13 35 47 65 60
11 14 15 46 46 71
11 15 27 42 64 69
11 16 24 48 61 57
11 17 28 77 48 68
11 18 79 45 39 38
11 19 1 82 98 86
11 20 7 91 54 68
11 21 69 33 42 55
11 22 57 23 42 38
11 23 33 46 70 74
11 24 43 56 49 74
11 25 80 11 33 22
11 26 14 69 62 69
11 27 37 46 35 57
11 28 32 41 71 51
11 29 66 38 40 65
11 30 9 81 60 94
11 31 59 46 24 28
11 32 65 60 66 60
11 33 49 50 26 66
11 34 96 41 36 19
11 35 79 28 32 26
11 36 92 29 30 42
11 37 6 64 81 53
11 38 32 49 43 49
11 39 98 41 10 30
11 40 71 25 62 34
11 41 0 93 87 90
11 42 90 38 50 42
11 43 42 31 70 48
11 44 28 51 75 44
11 45 54 68 26 63
11 46 36 62 54 69
11 47 91 29 5 48
12 13 65 18 21 65
12 14 44 38 72 66
12 15 61 48 26 37
12 16 78 16 27 36
12 17 26 81 63 40
12 18 89 10 20 38
12 19 15 45 47 48
12 20 50 50 61 25
12 21 76 35 40 13
12 22 22 84 44 52
12 23 13 48 86 66
12 24 53 68 52 40
12 25 62 51 41 54
12 26 25 53 41 77
12 27 60 43 25 45
12 28 50 47 44 48
12 29 39 65 63 65
12 30 41 33 46 50
12 31 15 48 71 79
12 32 93 41 23 40
12 33 40 41 48 33
12 34 58 51 64 62
12 35 2 53 56 96
12 36 84 43 32 38
12 37 20 81 66 54
12 38 32 64 38 81
12 39 53 62 27 66
12 40 50 66 41 52
12 41 34 65 43 61
12 42 63 28 33 64
12 43 17 85 44 59
12 44 71 39 57 25
12 45 3 90 52 49
12 46 40 52 60 54
12 47 59 67 25 57
13 14 66 22 61 56
13 15 49 54 43 73
13 16 8 49 49 57
13 17 7 57 69 82
13 18 89 7 27 7
13 19 89 43 52 7
13 20 16 45 75 48
13 21 20 71 69 88
13 22 30 69 67 40
13 23 42 71 43 36
13 24 30 44 70 41
13 25 79 46 16 27
13 26 97 20 7 14
13 27 8 76 48 91
13 28 28 47 58 62
13 29 51 29 68 57
13 30 53 32 35 28
13 31 26 68 71 83
13 32 28 77 76 64
13 33 69 34 39 53
13 34 80 56 30 56
13 35 66 58 21 48
13 36 21 67 86 62
13 37 52 43 38 37
13 38 44 28 36 37
13 39 82 45 17 23
13 40 46 34 39 56
13 41 38 49 72 52
13 42 8 84 79 51
13 43 99 34 7 17
13 44 35 75 33 44
13 45 45 69 31 33
13 46 51 71 56 45
13 47 65 64 32 53
14 15 7 52 70 77
14 16 1 93 71 66
14 17 96 28 46 28
14 18 9 64 60 80
14 19 76 58 50 43
14 20 60 57 69 42
14 21 10 79 71 83
14 22 85 48 12 49
14 23 17 63 55 46
14 24 99 24 42 30
14 25 70 47 26 17
14 26 61 33 30 33
14 27 33 55 81 69
14 28 39 49 35 30
14 29 48 55 34 75
14 30 16 44 75 72
14 31 89 13 21 48
14 32 30 64 55 62
14 33 96 24 39 10
14 34 14 51 92 65
14 35 33 67 52 69
14 36 57 51 66 31
14 37 1 57 88 63
14 38 6 73 92 58
14 39 82 18 33 24
14 40 24 41 42 45
14 41 64 35 51 58
14 42 89 31 49 26
14 43 59 27 20 59
14 44 0 50 66 76
14 45 15 47 76 78
14 46 70 42 57 53
14 47 47 32 50 63
15 16 3 74 70 65
15 17 42 44 70 43
15 18 4 51 78 81
15 19 93 50 19 16
15 20 38 79 76 67
15 21 93 9 7 51
15 22 51 41 36 41
15 23 73 22 43 36
15 24 54 62 42 39
15 25 7 50 57 80
15 26 37 48 55 67
15 27 55 28 24 71
15 28 12 67 65 53
15 29 37 79 39 45
15 30 21 84 61 76
15 31 13 91 82 92
15 32 49 73 48 57
15 33 19 43 47 64
15 34 38 67 79 60
15 35 4 89 69 94
15 36 72 59 48 17
15 37 42 56 44 58
15 38 7 66 60 69
15 39 38 49 64 40
15 40 50 38 69 38
15 41 15 60 45 62
15 42 23 53 70 44
15 43 70 60 34 26
15 44 56 50 35 39
15 45 25 80 61 87
15 46 91 24 7 18
15 47 13 62 79 91
16 17 68 29 38 48
16 18 55 32 50 42
16 19 15 62 47 72
16 20 66 25 46 58
16 21 64 57 42 57
16 22 11 91 90 81
16 23 97 43 30 21
16 24 95 17 20 16
16 25 43 51 31 43
16 26 90 53 39 46
16 27 22 59 60 55
16 28 28 73 61 82
16 29 27 68 84 42
16 30 78 31 17 18
16 31 9 80 62 57
16 32 41 75 57 77
16 33 15 87 73 64
16 34 14 45 57 52
16 35 14 75 72 53
16 36 49 52 33 65
16 37 81 48 20 24
16 38 76 23 14 57
16 39 29 48 42 43
16 40 92 34 9 37
16 41 43 77 40 58
16 42 3 57 64 55
16 43 20 50 66 41
16 44 78 51 28 38
16 45 3 85 83 55
16 46 89 6 9 12
16 47 16 77 60 44
17 18 31 79 39 79
17 19 7 47 59 57
17 20 85 39 51 49
17 21 62 53 32 39
17 22 72 39 17 42
17 23 67 65 55 62
17 24 4 83 68 89
17 25 96 18 44 17
17 26 17 79 54 89
17 27 31 60 40 77
17 28 30 45 52 66
17 29 44 75 37 52
17 30 33 48 72 68
17 31 2 82 49 82
17 32 69 42 50 31
17 33 65 27 51 29
17 34 98 12 44 4
17 35 32 52 67 76
17 36 32 59 69 58
17 37 82 24 44 19
17 38 79 37 41 32
17 39 98 49 17 42
17 40 68 49 21 41
17 41 19 66 72 53
17 42 71 37 60 32
17 43 10 79 74 60
17 44 52 47 55 54
17 45 2 80 82 79
17 46 61 26 46 23
17 47 97 29 10 22
18 19 80 20 25 48
18 20 62 63 22 22
18 21 16 64 68 63
18 22 18 89 54 59
18 23 7 81 82 66
18 24 81 15 49 32
18 25 42 30 31 44
18 26 97 39 16 34
18 27 85 18 36 52
18 28 62 43 32 22
18 29 5 48 50 74
18 30 75 25 55 15
18 31 12 73 93 46
18 32 15 49 52 62
18 33 8 69 50 55
18 34 66 24 62 38
18 35 54 46 61 31
18 36 55 60 63 34
18 37 28 43 72 47
18 38 29 63 77 50
18 39 51 62 45 67
18 40 71 29 20 64
18 41 43 65 48 50
18 42 67 26 22 17
18 43 44 60 67 53
18 44 72 19 34 56
18 45 92 46 21 26
18 46 47 55 58 54
18 47 3 74 75 84
19 20 67 53 55 62
19 21 73 51 50 38
19 22 76 34 17 27
19 23 7 83 85 56
19 24 65 41 45 60
19 25 69 26 37 42
19 26 59 47 64 60
19 27 56 22 34 28
19 28 7 62 95 72
19 29 10 89 85 64
19 30 72 30 19 21
19 31 56 39 48 27
19 32 57 59 67 36
19 33 82 23 36 51
19 34 70 16 62 20
19 35 71 50 32 28
19 36 31 63 38 45
19 37 66 65 61 31
19 38 88 27 30 30
19 39 96 46 2 50
19 40 21 54 65 53
19 41 85 56 12 57
19 42 58 55 64 47
19 43 79 37 58 46
19 44 88 41 33 46
19 45 15 68 81 53
19 46 40 41 59 43
19 47 94 14 25 14
20 21 0 51 59 99
20 22 74 53 50 60
20 23 8 59 87 82
20 24 86 8 22 17
20 25 46 53 65 42
20 26 17 57 79 86
20 27 1 55 64 59
20 28 6 73 73 53
20 29 43 60 40 62
20 30 5 54 52 68
20 31 29 84 43 50
20 32 4 97 71 73
20 33 9 51 81 81
20 34 95 47 47 33
20 35 59 55 60 40
20 36 26 76 85 51
20 37 0 63 58 58
20 38 11 67 86 71
20 39 52 57 24 24
20 40 59 50 41 41
20 41 12 83 68 74
20 42 67 19 29 19
20 43 18 42 71 45
20 44 21 84 66 47
20 45 24 83 58 50
20 46 20 46 80 48
20 47 10 82 60 44
21 22 58 25 63 61
21 23 80 27 45 24
21 24 60 67 67 27
21 25 53 56 28 24
21 26 12 45 66 81
21 27 80 38 10 51
21 28 39 53 54 35
21 29 93 40 49 31
21 30 62 42 41 31
21 31 13 92 69 81
21 32 2 78 74 63
21 33 5 78 94 83
21 34 75 51 45 40
21 35 38 40 47 43
21 36 37 55 61 76
21 37 25 56 42 69
21 38 69 21 60 61
21 39 11 93 83 70
21 40 90 17 8 46
21 41 8 82 64 86
21 42 4 48 62 77
21 43 18 66 65 46
21 44 59 24 63 64
21 45 60 55 59 43
21 46 84 50 11 48
21 47 23 83 72 80
22 23 39 42 65 67
22 24 14 74 79 78
22 25 7 83 78 91
22 26 13 79 72 48
22 27 53 35 71 71
22 28 33 47 33 64
22 29 46 34 76 62
22 30 28 66 64 80
22 31 33 43 59 78
22 32 96 8 37 46
22 33 38 55 59 46
22 34 16 45 72 88
22 35 41 71 36 69
22 36 74 27 47 37
22 37 80 15 32 33
22 38 23 73 53 41
22 39 62 61 40 24
22 40 86 41 7 39
22 41 36 48 50 65
22 42 32 48 48 82
22 43 79 14 46 46
22 44 61 38 58 46
22 45 51 59 38 50
22 46 68 50 59 26
22 47 16 53 48 57
23 24 19 44 85 58
23 25 35 48 52 75
23 26 60 25 36 52
23 27 8 48 55 65
23 28 33 73 74 50
23 29 44 68 46 36
23 30 40 64 60 62
23 31 58 60 54 68
23 32 96 23 10 5
23 33 27 65 78 48
23 34 92 23 16 19
23 35 72 22 43 13
23 36 54 25 32 68
23 37 22 47 40 58
23 38 64 24 35 65
23 39 77 42 28 15
23 40 50 29 27 64
23 41 47 60 38 46
23 42 46 62 42 68
23 43 66 27 56 17
23 44 92 48 5 17
23 45 80 33 34 59
23 46 53 43 41 45
23 47 64 23 63 61
24 25 44 35 76 33
24 26 87 37 22 55
24 27 36 80 61 79
24 28 44 27 64 42
24 29 32 54 50 61
24 30 25 39 50 41
24 31 78 15 40 36
24 32 37 80 71 33
24 33 8 62 91 75
24 34 14 75 48 54
24 35 22 72 42 68
24 36 7 77 52 78
24 37 33 53 36 37
24 38 68 40 50 46
24 39 18 46 90 55
24 40 84 18 36 41
24 41 90 45 32 46
24 42 95 14 19 15
24 43 71 21 28 31
24 44 37 73 34 59
24 45 1 86 75 70
24 46 16 46 61 47
24 47 51 54 31 45
25 26 10 80 94 52
25 27 82 12 21 15
25 28 56 69 55 67
25 29 54 32 25 40
25 30 57 57 43 42
25 31 9 91 80 89
25 32 94 15 16 21
25 33 78 33 30 25
25 34 6 89 64 79
25 35 43 41 53 42
25 36 44 47 52 30
25 37 46 55 58 66
25 38 44 27 40 48
25 39 78 24 15 54
25 40 84 27 27 49
25 41 24 48 56 38
25 42 50 35 27 37
25 43 37 71 57 46
25 44 90 26 35 30
25 45 45 34 72 62
25 46 7 61 47 58
25 47 84 32 13 22
26 27 82 53 16 45
26 28 93 41 51 25
26 29 74 24 50 27
26 30 46 74 61 65
26 31 12 91 61 85
26 32 97 30 6 33
26 33 68 30 50 46
26 34 91 13 11 46
26 35 9 64 72 74
26 36 33 79 69 63
26 37 22 51 77 72
26 38 94 42 10 21
26 39 39 78 47 37
26 40 37 34 51 55
26 41 65 48 51 62
26 42 90 26 17 11
26 43 17 42 85 67
26 44 6 53 81 68
26 45 59 49 46 48
26 46 39 77 34 51
26 47 31 37 76 60
27 28 44 55 34 29
27 29 12 71 48 44
27 30 84 30 53 18
27 31 64 24 61 53
27 32 45 64 50 62
27 33 83 24 56 16
27 34 74 21 47 17
27 35 22 73 81 84
27 36 48 57 48 29
27 37 16 60 46 42
27 38 75 21 18 39
27 39 16 44 48 60
27 40 44 50 50 74
27 41 14 85 55 59
27 42 29 53 45 73
27 43 35 41 61 79
27 44 90 25 35 36
27 45 31 62 76 78
27 46 18 68 74 79
27 47 92 30 18 48
28 29 62 61 46 21
28 30 34 53 74 54
28 31 38 32 79 57
28 32 29 75 45 72
28 33 4 79 88 67
28 34 74 40 14 56
28 35 61 22 62 29
28 36 70 23 36 34
28 37 74 19 44 25
28 38 92 45 49 9
28 39 74 50 53 46
28 40 35 33 33 55
28 41 8 64 87 55
28 42 95 29 51 13
28 43 76 44 23 58
28 44 16 72 75 52
28 45 29 76 47 65
28 46 16 45 88 41
28 47 84 46 27 35
29 30 75 12 16 48
29 31 17 65 67 87
29 32 56 47 33 67
29 33 43 32 64 31
29 34 65 66 20 50
29 35 70 59 52 48
29 36 59 40 42 67
29 37 67 22 19 50
29 38 34 63 63 46
29 39 10 50 60 87
29 40 87 29 53 46
29 41 1 61 59 93
29 42 49 54 72 71
29 43 12 61 47 69
29 44 20 46 40 78
29 45 83 28 19 46
29 46 12 76 91 57
29 47 80 42 48 30
30 31 38 50 51 39
30 32 14 61 86 46
30 33 29 50 63 59
30 34 5 59 73 52
30 35 57 69 70 59
30 36 15 61 46 74
30 37 62 40 44 52
30 38 18 56 57 63
30 39 37 34 56 79
30 40 98 13 28 14
30 41 97 8 25 39
30 42 6 93 59 59
30 43 82 48 13 30
30 44 82 35 41 57
30 45 44 62 43 53
30 46 40 68 47 72
30 47 79 30 15 55
31 32 61 68 58 50
31 33 89 24 49 10
31 34 12 48 86 68
31 35 1 55 85 63
31 36 26 67 86 53
31 37 54 62 28 27
31 38 52 62 53 53
31 39 90 24 17 48
31 40 94 31 13 30
31 41 54 58 67 34
31 42 56 55 40 28
31 43 42 76 29 46
31 44 46 26 29 36
31 45 46 34 48 49
31 46 94 44 51 13
31 47 17 74 63 42
32 33 10 74 81 45
32 34 36 71 34 77
32 35 5 48 59 84
32 36 46 49 41 57
32 37 56 42 50 52
32 38 58 40 22 26
32 39 85 17 19 10
32 40 3 63 90 70
32 41 13 59 52 59
32 42 75 22 49 44
32 43 43 51 70 48
32 44 19 67 55 83
32 45 8 49 91 47
32 46 47 57 34 36
32 47 14 46 74 89
33 34 96 27 47 17
33 35 23 65 49 49
33 36 39 43 33 57
33 37 53 31 41 54
33 38 55 43 45 30
33 39 89 28 52 18
33 40 45 27 58 70
33 41 12 88 88 77
33 42 7 55 60 67
33 43 49 29 56 37
33 44 17 41 62 54
33 45 40 50 39 49
33 46 42 67 42 57
33 47 90 36 51 10
34 35 13 60 70 45
34 36 23 73 80 59
34 37 32 67 59 52
34 38 50 40 74 70
34 39 86 46 11 39
34 40 88 24 19 49
34 41 17 43 86 72
34 42 84 19 38 13
34 43 24 76 71 65
34 44 17 76 72 70
34 45 73 15 51 48
34 46 32 75 51 45
34 47 52 41 65 70
35 36 4 97 73 79
35 37 30 70 51 35
35 38 83 23 40 24
35 39 55 25 37 68
35 40 5 90 95 80
35 41 98 40 22 17
35 42 44 60 66 41
35 43 82 13 32 22
35 44 41 46 35 68
35 45 68 63 62 17
35 46 99 32 47 7
35 47 41 49 53 69
36 37 6 69 81 95
36 38 13 81 73 56
36 39 7 81 80 58
36 40 24 68 48 40
36 41 59 58 20 41
36 42 37 54 68 64
36 43 68 20 17 61
36 44 29 51 54 55
36 45 81 36 25 35
36 46 33 53 65 63
36 47 74 24 14 33
37 38 85 33 19 15
37 39 73 59 14 14
37 40 27 60 40 68
37 41 8 57 60 64
37 42 34 46 80 48
37 43 39 55 75 37
37 44 73 54 27 23
37 45 25 85 53 66
37 46 77 47 15 28
37 47 74 54 43 30
38 39 2 98 62 92
38 40 87 40 27 43
38 41 49 33 56 40
38 42 8 52 79 46
38 43 56 53 64 55
38 44 12 65 65 65
38 45 23 47 77 63
38 46 80 44 26 17
38 47 65 59 57 22
39 40 29 56 85 71
39 41 9 56 83 68
39 42 10 71 49 89
39 43 11 56 66 93
39 44 69 20 46 29
39 45 25 83 85 45
39 46 49 69 51 63
39 47 84 40 11 14
40 41 94 9 25 43
40 42 34 56 74 81
40 43 61 28 21 27
40 44 95 22 38 46
40 45 29 47 67 82
40 46 37 69 61 64
40 47 87 38 50 45
41 42 69 33 51 29
41 43 89 25 22 41
41 44 59 52 28 62
41 45 86 32 53 25
41 46 65 62 30 42
41 47 93 39 13 28
42 43 89 41 23 41
42 44 93 32 3 14
42 45 86 50 13 53
42 46 21 42 71 88
42 47 86 56 23 24
43 44 61 62 64 35
43 45 79 57 19 40
43 46 37 57 32 37
43 47 22 45 69 42
44 45 57 49 37 27
44 46 13 70 90 82
44 47 55 66 70 60
45 46 85 25 32 36
45 47 24 61 83 62
46 47 17 84 45 59
