48
0 1 50 53 45 46
0 2 62 38 37 41
0 3 26 68 72 64
0 4 73 24 25 30
0 5 67 39 33 39
0 6 86 18 12 14
0 7 16 78 76 75
0 8 58 43 42 41
0 9 53 45 41 44
0 10 2 82 94 93
0 11 49 50 54 50
0 12 74 32 21 33
0 13 92 8 8 9
0 14 52 47 53 51
0 15 21 79 74 76
0 16 61 36 38 34
0 17 11 79 75 78
0 18 68 35 35 40
0 19 72 32 28 25
0 20 42 56 61 59
0 21 90 14 22 15
0 22 87 13 11 23
0 23 89 12 15 20
0 24 40 60 54 65
0 25 24 73 72 69
0 26 9 82 80 80
0 27 36 64 58 55
0 28 50 52 51 44
0 29 77 22 22 25
0 30 76 24 28 33
0 31 68 37 27 36
0 32 27 70 61 74
0 33 22 70 72 73
0 34 77 25 25 30
0 35 34 61 67 62
0 36 40 55 63 54
0 37 74 28 26 21
0 38 52 40 44 54
0 39 61 38 46 33
0 40 34 63 65 66
0 41 9 77 84 78
0 42 43 61 56 53
0 43 51 49 53 49
0 44 39 58 65 55
0 45 17 70 74 76
0 46 49 57 53 57
0 47 39 59 60 58
1 2 85 18 21 12
1 3 12 85 87 86
1 4 18 71 84 72
1 5 25 74 75 66
1 6 95 15 8 11
1 7 63 37 38 37
1 8 86 14 18 13
1 9 1 93 90 84
1 10 81 27 25 27
1 11 59 47 37 34
1 12 76 27 28 32
1 13 23 69 78 68
1 14 97 6 16 5
1 15 15 78 73 72
1 16 48 58 57 45
1 17 94 7 16 15
1 18 46 59 51 54
1 19 5 82 90 80
1 20 21 81 72 81
1 21 4 82 93 89
1 22 23 77 65 71
1 23 7 83 88 88
1 24 70 30 26 28
1 25 6 82 86 87
1 26 62 41 39 43
1 27 94 6 14 10
1 28 72 27 28 28
1 29 6 93 87 84
1 30 14 77 76 75
1 31 60 39 47 36
1 32 37 55 61 64
1 33 42 63 64 52
1 34 10 89 81 83
1 35 78 20 22 18
1 36 34 58 57 68
1 37 83 18 25 15
1 38 50 52 46 55
1 39 55 51 42 50
1 40 73 35 29 24
1 41 80 28 24 17
1 42 52 52 46 43
1 43 58 38 36 46
1 44 10 85 81 76
1 45 43 49 60 61
1 46 68 40 38 32
1 47 74 35 23 32
2 3 49 57 45 53
2 4 4 91 86 93
2 5 94 16 17 5
2 6 25 71 72 73
2 7 2 96 89 91
2 8 87 22 17 15
2 9 36 60 58 53
2 10 10 89 75 80
2 11 25 65 69 64
2 12 32 57 66 65
2 13 37 56 62 61
2 14 69 33 29 34
2 15 47 47 47 51
2 16 69 27 34 31
2 17 36 58 57 57
2 18 90 19 22 12
2 19 40 62 58 53
2 20 55 40 46 47
2 21 23 68 69 74
2 22 97 15 10 5
2 23 8 78 87 88
2 24 36 54 61 62
2 25 16 81 76 78
2 26 64 34 33 33
2 27 64 44 33 38
2 28 82 26 22 23
2 29 4 91 91 84
2 30 51 43 45 42
2 31 86 21 24 17
2 32 23 68 67 70
2 33 63 35 32 31
2 34 11 86 90 88
2 35 40 62 59 63
2 36 0 92 95 90
2 37 2 94 89 93
2 38 5 89 80 81
2 39 89 11 8 20
2 40 23 75 70 68
2 41 72 36 27 27
2 42 67 40 28 28
2 43 70 37 28 25
2 44 50 46 45 57
2 45 93 16 12 16
2 46 63 44 44 38
2 47 62 46 40 32
3 4 72 37 27 37
3 5 11 76 79 88
3 6 64 37 39 42
3 7 1 95 83 98
3 8 12 74 79 82
3 9 72 30 33 37
3 10 80 20 24 18
3 11 19 73 83 69
3 12 93 6 7 6
3 13 3 97 94 93
3 14 98 12 11 10
3 15 41 50 59 51
3 16 23 77 77 74
3 17 55 44 51 42
3 18 48 44 49 49
3 19 63 35 39 33
3 20 35 58 55 56
3 21 63 30 31 32
3 22 81 24 26 28
3 23 69 33 26 30
3 24 99 7 3 14
3 25 48 46 54 49
3 26 36 62 60 57
3 27 61 38 35 35
3 28 61 40 35 47
3 29 26 76 68 63
3 30 60 42 39 42
3 31 35 57 56 60
3 32 48 58 45 56
3 33 55 50 48 49
3 34 71 28 26 29
3 35 81 20 21 22
3 36 9 81 84 89
3 37 96 13 9 13
3 38 65 43 29 41
3 39 47 59 45 48
3 40 17 81 73 83
3 41 52 51 43 47
3 42 68 36 38 28
3 43 45 57 49 52
3 44 44 59 52 61
3 45 79 30 20 30
3 46 5 93 88 88
3 47 62 45 38 39
4 5 71 30 28 37
4 6 84 25 23 27
4 7 91 20 20 19
4 8 83 15 23 17
4 9 36 57 57 62
4 10 98 8 14 4
4 11 18 73 82 76
4 12 55 39 50 51
4 13 91 11 14 11
4 14 53 51 49 44
4 15 15 85 75 75
4 16 22 77 70 74
4 17 4 88 87 86
4 18 13 85 80 79
4 19 38 55 61 66
4 20 65 34 38 41
4 21 63 32 38 43
4 22 12 75 86 89
4 23 61 39 44 44
4 24 81 19 17 20
4 25 0 92 86 89
4 26 72 37 23 29
4 27 56 44 45 46
4 28 74 23 22 28
4 29 70 35 35 29
4 30 16 73 78 83
4 31 99 1 14 13
4 32 1 84 84 93
4 33 87 15 22 15
4 34 12 76 77 82
4 35 51 55 45 48
4 36 35 67 56 60
4 37 72 27 30 32
4 38 77 23 32 25
4 39 28 65 64 66
4 40 93 10 6 18
4 41 61 34 38 33
4 42 28 67 63 75
4 43 45 52 51 57
4 44 72 37 30 37
4 45 83 26 23 27
4 46 39 53 64 64
4 47 41 62 55 61
5 6 54 45 48 53
5 7 28 75 72 72
5 8 76 30 31 33
5 9 33 68 60 68
5 10 71 33 36 35
5 11 83 25 26 20
5 12 10 77 88 83
5 13 32 58 64 62
5 14 58 42 36 46
5 15 43 56 55 58
5 16 56 40 49 40
5 17 40 53 52 60
5 18 87 12 13 12
5 19 52 45 52 49
5 20 72 35 36 37
5 21 41 53 56 53
5 22 82 15 19 23
5 23 7 92 81 90
5 24 34 57 66 60
5 25 20 72 76 71
5 26 30 74 69 60
5 27 85 27 18 24
5 28 79 23 29 23
5 29 12 86 74 88
5 30 11 80 78 87
5 31 2 87 97 84
5 32 9 81 81 84
5 33 96 12 15 13
5 34 55 48 48 46
5 35 3 93 92 82
5 36 35 68 66 60
5 37 88 20 24 10
5 38 49 47 51 55
5 39 61 46 35 34
5 40 8 89 90 78
5 41 32 62 64 64
5 42 85 12 24 22
5 43 87 18 22 18
5 44 28 61 62 74
5 45 50 43 46 48
5 46 41 56 63 52
5 47 49 50 54 57
6 7 20 75 71 68
6 8 15 74 76 75
6 9 74 25 22 26
6 10 69 33 35 37
6 11 77 29 24 30
6 12 69 30 38 29
6 13 4 88 94 95
6 14 70 30 25 28
6 15 13 79 86 74
6 16 97 6 11 5
6 17 3 89 91 82
6 18 3 83 95 90
6 19 74 23 29 35
6 20 70 27 28 29
6 21 75 21 24 34
6 22 76 21 22 31
6 23 37 65 58 68
6 24 28 74 73 73
6 25 9 84 82 79
6 26 82 18 16 19
6 27 34 56 59 56
6 28 77 20 24 26
6 29 85 14 15 25
6 30 88 13 20 14
6 31 26 75 70 72
6 32 55 46 46 42
6 33 36 64 55 62
6 34 32 71 69 57
6 35 9 86 79 77
6 36 64 39 31 33
6 37 94 4 10 7
6 38 85 14 23 16
6 39 10 86 80 88
6 40 7 90 85 79
6 41 87 22 12 19
6 42 94 6 14 19
6 43 85 17 19 19
6 44 61 35 34 43
6 45 92 11 11 18
6 46 21 80 74 81
6 47 37 67 54 59
7 8 0 94 95 94
7 9 19 81 78 69
7 10 72 26 31 31
7 11 9 83 80 89
7 12 35 55 59 69
7 13 75 30 24 27
7 14 81 30 16 19
7 15 95 7 15 15
7 16 97 11 2 14
7 17 36 66 58 62
7 18 0 93 99 95
7 19 79 18 28 31
7 20 87 15 12 16
7 21 66 29 29 35
7 22 43 54 52 53
7 23 30 70 67 59
7 24 50 44 56 47
7 25 65 40 36 39
7 26 1 87 93 97
7 27 74 28 33 30
7 28 62 31 38 35
7 29 8 90 85 84
7 30 15 82 76 84
7 31 71 35 27 35
7 32 13 76 85 87
7 33 76 30 21 32
7 34 89 11 10 17
7 35 16 84 75 81
7 36 7 92 89 93
7 37 4 82 85 83
7 38 28 66 73 70
7 39 51 52 42 52
7 40 26 76 65 66
7 41 6 82 89 93
7 42 81 19 23 21
7 43 72 27 26 23
7 44 36 57 54 53
7 45 59 46 39 36
7 46 68 39 34 38
7 47 4 95 83 88
8 9 30 73 71 69
8 10 57 45 37 49
8 11 15 74 77 81
8 12 25 63 66 71
8 13 33 64 59 66
8 14 24 76 73 64
8 15 1 85 87 91
8 16 70 30 31 31
8 17 85 22 17 26
8 18 95 12 5 11
8 19 94 19 14 11
8 20 73 28 22 26
8 21 17 72 70 79
8 22 27 69 63 66
8 23 48 54 54 48
8 24 77 30 30 19
8 25 39 56 65 54
8 26 83 15 23 18
8 27 96 15 3 16
8 28 46 51 46 47
8 29 31 70 69 67
8 30 48 44 58 54
8 31 19 70 71 80
8 32 56 48 42 42
8 33 16 85 78 76
8 34 57 39 48 40
8 35 65 30 31 36
8 36 26 64 75 76
8 37 11 83 86 88
8 38 53 39 51 45
8 39 23 76 65 66
8 40 54 52 46 51
8 41 81 19 26 24
8 42 0 84 88 97
8 43 4 95 87 87
8 44 9 77 79 87
8 45 66 35 30 38
8 46 11 87 89 78
8 47 45 55 46 47
9 10 14 72 81 73
9 11 86 21 23 19
9 12 24 74 72 74
9 13 14 81 82 81
9 14 17 84 78 73
9 15 26 73 72 65
9 16 85 14 20 15
9 17 41 50 50 56
9 18 7 83 85 81
9 19 10 84 78 87
9 20 89 15 12 23
9 21 76 24 26 21
9 22 97 16 3 11
9 23 90 22 13 18
9 24 90 22 8 19
9 25 54 49 52 42
9 26 92 15 11 6
9 27 18 78 72 75
9 28 80 20 30 28
9 29 75 28 27 33
9 30 99 8 6 1
9 31 52 41 42 41
9 32 24 78 69 77
9 33 10 85 83 82
9 34 23 78 65 73
9 35 12 89 77 84
9 36 25 69 63 66
9 37 25 68 71 72
9 38 15 82 84 84
9 39 53 52 47 44
9 40 65 31 35 33
9 41 11 90 85 77
9 42 43 48 50 47
9 43 29 63 64 64
9 44 47 58 56 52
9 45 66 32 37 34
9 46 51 54 44 52
9 47 23 68 76 69
10 11 93 19 9 16
10 12 95 15 7 7
10 13 60 45 42 40
10 14 74 24 31 32
10 15 91 8 19 12
10 16 17 71 81 83
10 17 85 18 12 15
10 18 9 89 81 78
10 19 70 30 27 29
10 20 36 66 62 56
10 21 68 31 36 27
10 22 21 78 77 75
10 23 75 21 35 27
10 24 62 43 36 43
10 25 59 40 36 48
10 26 2 84 94 94
10 27 92 19 15 15
10 28 10 81 80 77
10 29 78 27 19 20
10 30 55 41 48 51
10 31 87 21 20 14
10 32 46 48 48 55
10 33 11 82 87 80
10 34 47 59 45 56
10 35 29 70 64 74
10 36 65 33 32 31
10 37 26 62 72 71
10 38 6 82 85 90
10 39 10 84 78 78
10 40 93 16 10 7
10 41 82 25 28 25
10 42 31 71 59 58
10 43 98 12 14 5
10 44 30 66 62 73
10 45 89 12 20 22
10 46 46 55 47 54
10 47 62 38 41 44
11 12 90 16 11 12
11 13 19 73 79 69
11 14 3 94 88 87
11 15 96 6 12 8
11 16 54 52 49 41
11 17 98 9 7 7
11 18 64 37 37 38
11 19 16 81 83 83
11 20 98 15 4 16
11 21 5 83 86 86
11 22 42 60 59 62
11 23 36 68 68 66
11 24 55 48 50 44
11 25 37 60 68 64
11 26 19 70 71 70
11 27 96 6 10 3
11 28 93 9 13 13
11 29 81 23 25 18
11 30 29 66 69 67
11 31 96 4 15 12
11 32 62 37 35 39
11 33 48 50 57 55
11 34 15 78 81 86
11 35 60 41 34 36
11 36 46 47 59 58
11 37 20 80 73 67
11 38 5 84 85 82
11 39 60 36 46 46
11 40 54 44 41 45
11 41 48 45 46 48
11 42 85 17 21 20
11 43 57 37 41 46
11 44 89 17 11 19
11 45 30 70 61 69
11 46 20 81 67 67
11 47 21 73 77 81
12 13 65 34 39 29
12 14 91 17 9 14
12 15 20 78 74 78
12 16 2 87 86 90
12 17 4 88 93 87
12 18 93 10 12 13
12 19 63 39 46 36
12 20 99 2 4 9
12 21 7 84 85 80
12 22 71 31 26 35
12 23 66 40 31 35
12 24 62 41 37 34
12 25 74 22 22 36
12 26 6 81 85 90
12 27 84 27 19 26
12 28 73 23 25 37
12 29 82 17 27 25
12 30 67 37 37 39
12 31 42 63 49 62
12 32 96 14 15 10
12 33 28 68 70 73
12 34 95 11 18 14
12 35 17 83 76 84
12 36 6 91 87 92
12 37 88 11 12 19
12 38 88 24 11 20
12 39 69 39 28 29
12 40 83 18 23 28
12 41 40 63 59 55
12 42 72 36 24 34
12 43 60 34 34 40
12 44 56 48 51 46
12 45 16 80 75 71
12 46 45 51 59 59
12 47 56 46 46 47
13 14 16 73 76 77
13 15 27 65 71 69
13 16 71 38 31 34
13 17 73 31 24 33
13 18 7 93 82 79
13 19 80 25 23 28
13 20 51 53 42 46
13 21 90 9 10 8
13 22 52 44 54 41
13 23 31 71 71 67
13 24 88 22 11 12
13 25 62 39 37 40
13 26 88 18 10 17
13 27 78 19 30 23
13 28 44 57 54 59
13 29 78 23 18 32
13 30 16 77 72 82
13 31 72 34 26 26
13 32 26 75 65 70
13 33 57 49 49 49
13 34 71 26 36 38
13 35 41 60 51 52
13 36 32 66 65 67
13 37 62 42 44 35
13 38 43 58 50 55
13 39 39 51 65 51
13 40 67 39 37 30
13 41 40 51 56 60
13 42 99 1 12 12
13 43 44 50 47 59
13 44 86 14 18 14
13 45 33 65 64 58
13 46 31 57 59 59
13 47 39 56 65 64
14 15 90 17 17 17
14 16 39 65 57 55
14 17 23 73 74 65
14 18 6 91 80 88
14 19 71 39 29 28
14 20 71 37 35 25
14 21 62 41 34 35
14 22 96 12 5 6
14 23 42 61 61 61
14 24 10 85 86 77
14 25 80 18 24 22
14 26 64 43 35 42
14 27 91 13 20 11
14 28 55 47 38 48
14 29 23 69 78 69
14 30 78 31 30 25
14 31 96 5 13 8
14 32 26 75 73 66
14 33 31 58 71 70
14 34 44 55 50 49
14 35 32 69 70 63
14 36 23 75 65 74
14 37 38 53 56 61
14 38 12 75 77 75
14 39 14 83 86 74
14 40 72 37 25 34
14 41 63 43 41 32
14 42 93 5 15 17
14 43 90 12 13 11
14 44 24 69 76 64
14 45 32 62 57 57
14 46 48 56 50 54
14 47 42 57 57 59
15 16 42 63 60 61
15 17 12 77 82 84
15 18 2 93 96 83
15 19 92 11 12 19
15 20 39 59 63 62
15 21 7 85 91 81
15 22 69 32 38 34
15 23 66 34 38 42
15 24 62 43 40 45
15 25 77 24 33 27
15 26 55 40 39 38
15 27 60 39 47 47
15 28 9 90 83 89
15 29 33 59 58 57
15 30 64 30 41 34
15 31 30 69 70 67
15 32 33 64 64 62
15 33 12 75 79 77
15 34 10 87 89 76
15 35 27 72 73 65
15 36 16 73 82 85
15 37 53 46 41 47
15 38 11 87 75 75
15 39 68 41 28 38
15 40 40 58 63 57
15 41 15 71 72 76
15 42 70 28 27 32
15 43 51 48 55 49
15 44 79 30 22 19
15 45 3 95 95 82
15 46 73 32 30 28
15 47 61 38 39 37
16 17 8 81 88 85
16 18 88 11 15 18
16 19 11 82 79 80
16 20 40 62 64 57
16 21 90 19 12 22
16 22 88 24 17 22
16 23 35 68 69 64
16 24 27 64 68 63
16 25 78 31 24 30
16 26 58 46 39 44
16 27 44 61 49 52
16 28 55 41 50 41
16 29 62 41 42 40
16 30 57 49 48 48
16 31 3 82 89 91
16 32 70 28 33 31
16 33 68 29 28 39
16 34 11 89 84 76
16 35 85 23 25 17
16 36 75 33 23 23
16 37 77 20 21 32
16 38 41 60 57 58
16 39 29 66 61 67
16 40 53 43 45 52
16 41 81 26 18 23
16 42 32 71 71 62
16 43 93 8 16 15
16 44 41 60 58 55
16 45 18 68 77 80
16 46 80 19 21 30
16 47 24 70 68 68
17 18 7 91 88 82
17 19 42 61 63 61
17 20 16 80 84 77
17 21 21 66 72 78
17 22 67 34 27 37
17 23 31 70 66 63
17 24 14 72 81 77
17 25 0 95 95 87
17 26 55 42 43 52
17 27 21 72 77 76
17 28 52 43 50 55
17 29 46 50 58 47
17 30 17 80 81 84
17 31 74 21 31 32
17 32 70 37 34 25
17 33 65 29 31 41
17 34 52 49 41 44
17 35 35 65 65 62
17 36 80 28 28 29
17 37 99 12 3 2
17 38 36 64 65 66
17 39 41 57 62 51
17 40 12 75 79 85
17 41 1 89 87 85
17 42 6 90 88 85
17 43 68 27 28 27
17 44 44 60 53 58
17 45 59 34 48 46
17 46 27 67 66 75
17 47 48 50 51 53
18 19 79 24 27 19
18 20 52 45 52 53
18 21 43 58 53 55
18 22 64 43 44 35
18 23 96 15 16 3
18 24 5 93 87 93
18 25 66 39 31 41
18 26 93 19 19 18
18 27 79 25 27 28
18 28 8 81 78 90
18 29 98 5 13 14
18 30 33 67 62 57
18 31 94 16 7 8
18 32 90 15 11 14
18 33 44 48 53 54
18 34 87 11 23 14
18 35 88 20 24 13
18 36 42 56 61 54
18 37 25 74 73 69
18 38 55 47 50 40
18 39 48 52 49 52
18 40 11 77 89 76
18 41 64 38 34 33
18 42 83 27 25 27
18 43 21 77 77 73
18 44 67 37 31 37
18 45 41 58 51 64
18 46 20 70 68 71
18 47 41 58 58 54
19 20 65 39 39 36
19 21 86 15 14 16
19 22 28 66 61 64
19 23 88 24 14 24
19 24 64 35 36 32
19 25 54 52 53 51
19 26 52 47 41 49
19 27 76 21 24 20
19 28 83 14 27 27
19 29 0 95 92 99
19 30 8 90 86 88
19 31 96 16 12 13
19 32 69 36 36 33
19 33 12 75 82 76
19 34 19 71 81 69
19 35 91 12 14 9
19 36 28 75 61 72
19 37 21 70 68 70
19 38 95 12 18 8
19 39 68 32 34 38
19 40 2 89 91 87
19 41 16 72 71 73
19 42 74 30 27 22
19 43 8 82 83 82
19 44 18 70 83 72
19 45 11 88 79 77
19 46 30 64 62 61
19 47 67 39 34 30
20 21 16 84 83 82
20 22 52 47 42 54
20 23 9 79 87 87
20 24 93 11 16 16
20 25 40 51 57 64
20 26 75 31 30 21
20 27 96 4 3 14
20 28 40 65 51 51
20 29 26 71 65 71
20 30 62 41 35 34
20 31 89 20 10 9
20 32 73 26 31 33
20 33 6 89 88 86
20 34 78 27 25 19
20 35 65 39 33 39
20 36 11 85 80 90
20 37 48 47 48 44
20 38 64 31 42 31
20 39 62 44 44 45
20 40 10 81 79 83
20 41 83 22 23 28
20 42 65 42 36 42
20 43 63 34 35 34
20 44 19 79 78 72
20 45 90 11 19 16
20 46 75 21 32 22
20 47 64 34 39 33
21 22 67 36 38 34
21 23 81 28 20 26
21 24 77 30 27 34
21 25 69 28 37 38
21 26 69 32 35 31
21 27 74 31 23 27
21 28 5 82 86 85
21 29 29 70 62 65
21 30 25 63 71 73
21 31 39 62 65 63
21 32 74 21 31 24
21 33 46 46 48 58
21 34 37 61 62 56
21 35 34 56 65 69
21 36 30 70 63 72
21 37 56 41 46 38
21 38 84 16 27 26
21 39 16 75 74 76
21 40 90 14 16 17
21 41 38 60 64 67
21 42 87 12 23 24
21 43 68 40 31 37
21 44 90 10 13 15
21 45 33 66 57 58
21 46 49 45 50 49
21 47 77 26 23 28
22 23 77 31 22 22
22 24 80 19 28 30
22 25 45 57 52 56
22 26 20 71 73 78
22 27 62 44 36 39
22 28 85 15 26 14
22 29 38 54 60 65
22 30 25 71 63 67
22 31 10 77 85 84
22 32 53 48 53 46
22 33 59 48 48 48
22 34 84 16 21 25
22 35 99 7 9 1
22 36 42 49 61 58
22 37 42 58 49 48
22 38 62 33 43 43
22 39 53 45 44 42
22 40 56 40 48 51
22 41 23 74 76 77
22 42 42 51 51 60
22 43 10 82 82 84
22 44 45 48 51 54
22 45 98 1 7 15
22 46 82 27 16 20
22 47 48 57 46 53
23 24 75 31 25 26
23 25 75 30 27 35
23 26 37 66 63 56
23 27 22 78 75 75
23 28 6 90 90 87
23 29 80 21 18 25
23 30 75 29 29 30
23 31 56 38 45 48
23 32 50 55 46 46
23 33 85 16 23 18
23 34 11 78 76 82
23 35 3 92 86 86
23 36 47 58 46 47
23 37 11 75 80 87
23 38 86 12 20 12
23 39 8 79 85 80
23 40 40 58 65 64
23 41 68 37 40 39
23 42 15 76 85 87
23 43 0 85 98 90
23 44 88 24 19 18
23 45 26 69 75 75
23 46 49 54 46 55
23 47 38 64 53 62
24 25 63 33 39 44
24 26 39 51 63 54
24 27 35 59 60 66
24 28 94 13 5 6
24 29 76 26 31 34
24 30 62 34 38 44
24 31 73 27 28 36
24 32 58 45 40 35
24 33 25 75 75 67
24 34 13 83 82 74
24 35 28 71 64 69
24 36 76 27 34 33
24 37 21 68 76 70
24 38 99 14 14 14
24 39 1 86 91 93
24 40 60 44 39 35
24 41 16 82 71 71
24 42 24 74 65 69
24 43 69 31 39 33
24 44 85 22 13 26
24 45 19 71 75 70
24 46 95 15 13 8
24 47 10 89 78 87
25 26 42 60 56 50
25 27 3 85 84 94
25 28 80 21 17 16
25 29 7 89 85 93
25 30 72 34 33 34
25 31 41 56 60 62
25 32 15 81 80 84
25 33 94 6 8 13
25 34 48 52 47 48
25 35 88 11 13 11
25 36 95 14 7 11
25 37 62 45 45 43
25 38 23 78 66 65
25 39 39 60 61 63
25 40 88 14 12 9
25 41 16 78 84 81
25 42 54 53 40 42
25 43 68 37 31 31
25 44 70 25 27 36
25 45 43 58 58 52
25 46 19 70 79 72
25 47 39 58 57 57
26 27 48 54 44 45
26 28 70 30 26 37
26 29 25 69 72 71
26 30 79 19 24 26
26 31 13 77 83 75
26 32 25 75 69 70
26 33 97 3 6 14
26 34 65 43 33 31
26 35 46 45 49 51
26 36 77 25 20 18
26 37 96 11 4 11
26 38 20 81 81 77
26 39 33 71 68 60
26 40 6 91 81 93
26 41 39 52 64 61
26 42 48 54 43 55
26 43 81 16 20 16
26 44 99 10 8 14
26 45 64 43 30 34
26 46 57 38 47 48
26 47 57 41 48 47
27 28 97 6 4 10
27 29 82 29 18 18
27 30 34 70 62 56
27 31 72 25 28 36
27 32 88 18 14 23
27 33 11 89 79 79
27 34 81 30 16 22
27 35 7 86 83 86
27 36 55 51 44 43
27 37 47 51 50 56
27 38 62 32 36 34
27 39 34 58 64 65
27 40 42 58 59 59
27 41 58 37 36 38
27 42 7 84 90 84
27 43 99 2 13 13
27 44 90 23 10 13
27 45 10 78 79 78
27 46 32 67 65 65
27 47 77 28 21 25
28 29 38 66 64 64
28 30 20 68 70 82
28 31 3 94 92 94
28 32 54 39 43 46
28 33 98 7 4 13
28 34 5 86 87 83
28 35 55 49 52 38
28 36 33 69 63 62
28 37 40 55 64 63
28 38 40 60 61 52
28 39 48 49 46 46
28 40 59 46 37 47
28 41 67 35 29 38
28 42 57 45 40 40
28 43 88 18 18 20
28 44 82 22 19 25
28 45 7 87 92 92
28 46 57 41 46 43
28 47 80 28 20 24
29 30 66 32 32 29
29 31 97 7 9 3
29 32 94 7 13 7
29 33 53 40 52 46
29 34 24 72 70 74
29 35 74 26 30 34
29 36 23 68 68 77
29 37 75 30 22 23
29 38 46 48 48 57
29 39 83 29 19 23
29 40 52 48 41 54
29 41 42 51 55 59
29 42 83 20 26 29
29 43 18 80 69 71
29 44 21 80 79 70
29 45 57 40 47 45
29 46 62 44 37 44
29 47 77 21 25 19
30 31 1 95 97 98
30 32 60 37 40 39
30 33 64 34 37 31
30 34 17 74 74 84
30 35 62 33 43 33
30 36 41 64 54 56
30 37 57 46 45 39
30 38 23 74 77 75
30 39 15 81 83 76
30 40 11 80 87 86
30 41 8 79 79 92
30 42 96 7 5 6
30 43 41 50 55 55
30 44 88 11 17 13
30 45 63 37 33 41
30 46 41 55 50 52
30 47 55 43 40 49
31 32 94 5 17 18
31 33 72 28 24 31
31 34 51 52 49 46
31 35 98 15 13 12
31 36 27 69 72 69
31 37 24 78 70 69
31 38 1 88 84 87
31 39 3 95 82 85
31 40 64 37 44 36
31 41 43 54 59 60
31 42 74 22 21 27
31 43 87 23 11 11
31 44 88 20 10 13
31 45 80 28 18 16
31 46 32 69 66 58
31 47 24 70 73 71
32 33 10 75 78 87
32 34 48 43 56 54
32 35 51 45 50 41
32 36 55 50 41 38
32 37 69 26 32 27
32 38 69 30 36 29
32 39 16 78 76 74
32 40 62 42 39 47
32 41 52 54 42 47
32 42 84 27 20 26
32 43 52 46 51 45
32 44 72 37 32 27
32 45 23 68 76 79
32 46 24 71 64 67
32 47 10 80 79 80
33 34 92 18 10 21
33 35 67 31 32 40
33 36 90 11 11 17
33 37 64 44 41 34
33 38 4 93 92 93
33 39 98 12 14 12
33 40 24 73 67 69
33 41 20 78 75 79
33 42 60 33 38 45
33 43 78 27 25 28
33 44 85 19 18 21
33 45 70 28 37 26
33 46 77 29 19 26
33 47 20 70 75 81
34 35 8 86 91 85
34 36 94 9 16 7
34 37 31 67 63 68
34 38 15 82 78 76
34 39 11 81 75 83
34 40 69 31 33 35
34 41 65 30 35 37
34 42 36 65 67 67
34 43 92 11 11 11
34 44 26 66 71 65
34 45 32 58 67 58
34 46 48 51 45 48
34 47 66 33 42 40
35 36 27 62 74 73
35 37 89 15 9 17
35 38 26 68 64 65
35 39 47 59 49 57
35 40 29 70 62 67
35 41 28 72 65 65
35 42 33 59 67 61
35 43 15 86 84 85
35 44 1 87 98 84
35 45 64 30 32 36
35 46 8 88 77 84
35 47 43 58 50 53
36 37 32 57 60 59
36 38 46 48 49 53
36 39 15 77 76 73
36 40 29 72 71 65
36 41 24 75 77 78
36 42 19 80 78 81
36 43 79 30 29 23
36 44 97 3 12 17
36 45 92 11 14 8
36 46 77 21 28 21
36 47 61 36 32 42
37 38 59 46 35 35
37 39 20 68 79 76
37 40 76 27 25 31
37 41 60 42 43 46
37 42 21 73 66 76
37 43 79 22 25 25
37 44 77 29 25 26
37 45 44 58 54 52
37 46 37 54 61 63
37 47 98 14 12 14
38 39 64 44 35 44
38 40 36 61 69 68
38 41 8 86 80 84
38 42 62 35 42 42
38 43 1 92 92 91
38 44 47 52 54 47
38 45 33 68 64 70
38 46 63 31 33 31
38 47 9 81 77 78
39 40 8 78 83 81
39 41 48 51 46 53
39 42 70 33 39 37
39 43 55 41 52 39
39 44 81 27 30 20
39 45 5 94 85 90
39 46 98 13 14 9
39 47 65 41 37 30
40 41 6 91 88 81
40 42 7 84 79 91
40 43 24 71 75 64
40 44 29 60 60 66
40 45 5 88 83 95
40 46 72 25 27 23
40 47 38 64 61 66
41 42 72 24 27 37
41 43 43 54 48 60
41 44 50 54 45 49
41 45 6 94 91 87
41 46 68 27 37 37
41 47 79 28 30 30
42 43 61 42 37 42
42 44 2 87 85 86
42 45 18 72 69 79
42 46 32 70 69 67
42 47 30 66 67 66
43 44 62 36 44 34
43 45 25 73 64 68
43 46 92 9 9 10
43 47 23 66 79 75
44 45 13 77 77 84
44 46 0 91 97 97
44 47 65 29 40 42
45 46 19 74 74 68
45 47 4 92 94 95
46 47 21 76 78 77
