50
0 1 71 67 64 19
0 2 21 49 34 95
0 3 73 69 37 59
0 4 32 89 92 35
0 5 34 84 60 77
0 6 66 57 78 25
0 7 32 32 18 55
0 8 5 75 81 64
0 9 53 25 81 11
0 10 99 17 66 61
0 11 45 48 65 84
0 12 22 91 16 81
0 13 54 81 65 87
0 14 19 19 36 22
0 15 14 42 33 41
0 16 93 50 11 23
0 17 72 41 44 30
0 18 42 64 55 19
0 19 58 74 47 34
0 20 59 19 29 76
0 21 20 61 35 47
0 22 52 72 31 72
0 23 54 34 83 83
0 24 89 50 61 43
0 25 93 70 3 38
0 26 43 62 41 14
0 27 69 65 8 61
0 28 81 53 7 36
0 29 38 43 43 70
0 30 16 78 92 79
0 31 14 38 37 60
0 32 42 69 78 89
0 33 57 42 28 59
0 34 72 74 42 25
0 35 98 38 72 1
0 36 30 56 43 92
0 37 94 78 26 22
0 38 86 12 71 62
0 39 79 4 9 8
0 40 68 80 48 17
0 41 31 81 79 84
0 42 1 69 55 78
0 43 81 81 53 59
0 44 13 46 34 24
0 45 61 68 28 55
0 46 13 18 35 56
0 47 64 27 75 43
0 48 95 59 25 4
0 49 95 69 79 60
1 2 44 78 64 22
1 3 85 72 39 4
1 4 79 45 47 77
1 5 47 20 44 90
1 6 10 77 50 62
1 7 50 15 77 15
1 8 77 77 65 31
1 9 62 53 21 26
1 10 80 23 40 26
1 11 26 31 15 49
1 12 67 46 12 47
1 13 38 38 56 47
1 14 75 70 75 26
1 15 85 79 55 78
1 16 28 53 17 37
1 17 77 26 20 51
1 18 69 34 18 46
1 19 47 31 58 32
1 20 50 36 19 19
1 21 68 53 36 21
1 22 83 11 15 83
1 23 39 52 54 44
1 24 25 79 85 32
1 25 52 61 77 76
1 26 94 29 21 53
1 27 18 68 49 74
1 28 22 80 27 45
1 29 45 18 71 43
1 30 21 90 28 93
1 31 18 66 39 94
1 32 58 64 77 36
1 33 43 29 30 86
1 34 3 62 57 42
1 35 71 31 32 56
1 36 76 53 40 38
1 37 84 61 80 50
1 38 45 53 20 80
1 39 80 37 50 27
1 40 50 22 64 25
1 41 48 81 57 25
1 42 10 25 35 55
1 43 32 21 50 79
1 44 24 52 81 55
1 45 1 34 66 92
1 46 34 71 88 53
1 47 42 49 56 15
1 48 21 34 68 64
1 49 98 30 40 20
2 3 17 43 93 18
2 4 79 5 50 4
2 5 29 88 82 15
2 6 4 66 45 58
2 7 35 73 29 54
2 8 50 49 77 28
2 9 84 63 79 69
2 10 61 72 79 74
2 11 14 28 79 58
2 12 13 60 28 19
2 13 40 71 49 36
2 14 96 38 47 50
2 15 97 77 70 65
2 16 30 80 90 57
2 17 65 45 12 34
2 18 94 69 4 60
2 19 9 87 20 65
2 20 69 78 41 28
2 21 3 80 58 29
2 22 88 39 16 12
2 23 55 39 9 20
2 24 91 5 75 66
2 25 96 38 56 13
2 26 41 34 63 46
2 27 91 76 8 46
2 28 79 10 69 30
2 29 49 11 77 31
2 30 8 64 26 90
2 31 9 20 43 77
2 32 20 80 94 84
2 33 61 45 74 24
2 34 36 54 78 14
2 35 44 19 85 72
2 36 25 56 35 36
2 37 45 44 61 43
2 38 95 10 31 71
2 39 88 12 11 7
2 40 63 30 14 33
2 41 30 85 60 20
2 42 42 50 36 79
2 43 62 66 70 80
2 44 32 81 14 87
2 45 79 37 70 78
2 46 79 71 40 67
2 47 46 62 53 27
2 48 63 64 74 10
2 49 66 16 79 68
3 4 46 66 18 31
3 5 89 45 53 60
3 6 35 54 56 14
3 7 76 80 11 79
3 8 65 64 67 31
3 9 31 88 81 76
3 10 99 41 57 26
3 11 52 62 54 78
3 12 96 64 22 11
3 13 96 45 9 20
3 14 47 47 60 17
3 15 68 52 16 66
3 16 87 52 20 24
3 17 2 66 89 48
3 18 50 80 57 32
3 19 43 61 58 65
3 20 91 76 17 66
3 21 16 59 90 49
3 22 57 66 81 46
3 23 0 80 61 82
3 24 22 92 59 18
3 25 71 67 79 43
3 26 68 55 29 60
3 27 23 38 16 27
3 28 0 48 94 45
3 29 98 52 75 17
3 30 73 70 31 72
3 31 77 42 27 33
3 32 38 13 50 77
3 33 92 2 24 17
3 34 30 61 78 35
3 35 96 46 50 71
3 36 66 45 6 64
3 37 3 61 32 93
3 38 8 39 39 41
3 39 8 22 66 26
3 40 44 28 17 57
3 41 84 67 76 76
3 42 49 78 48 11
3 43 52 33 35 23
3 44 55 67 27 53
3 45 38 63 61 48
3 46 5 96 70 63
3 47 32 57 27 71
3 48 99 35 44 18
3 49 63 73 57 37
4 5 47 64 33 47
4 6 70 37 16 81
4 7 39 38 28 89
4 8 68 65 73 60
4 9 92 17 80 78
4 10 40 51 44 46
4 11 91 42 54 69
4 12 88 16 6 78
4 13 55 58 32 13
4 14 38 19 54 87
4 15 23 56 32 36
4 16 86 49 52 29
4 17 12 48 48 63
4 18 64 48 51 14
4 19 16 28 27 78
4 20 29 53 62 17
4 21 44 61 87 41
4 22 15 40 67 89
4 23 38 26 13 90
4 24 71 65 10 38
4 25 8 62 32 62
4 26 57 34 17 27
4 27 4 45 40 20
4 28 45 14 34 57
4 29 29 40 77 18
4 30 24 15 79 33
4 31 39 55 41 17
4 32 73 78 16 59
4 33 14 78 60 24
4 34 66 18 50 17
4 35 71 57 51 67
4 36 40 35 44 38
4 37 91 14 34 61
4 38 25 67 70 88
4 39 50 72 82 37
4 40 94 75 41 60
4 41 19 23 34 63
4 42 71 18 77 9
4 43 19 85 24 92
4 44 59 38 63 83
4 45 40 66 88 23
4 46 46 86 66 56
4 47 18 54 81 58
4 48 41 90 62 73
4 49 66 64 74 20
5 6 61 62 20 37
5 7 7 42 40 33
5 8 7 31 72 78
5 9 60 49 41 61
5 10 85 3 31 64
5 11 96 72 60 52
5 12 92 4 4 61
5 13 25 94 59 50
5 14 29 36 86 29
5 15 9 51 40 62
5 16 92 57 7 75
5 17 77 58 51 80
5 18 30 53 18 83
5 19 69 31 18 79
5 20 13 94 28 21
5 21 57 18 25 32
5 22 75 33 13 71
5 23 67 29 72 40
5 24 35 13 87 31
5 25 58 66 84 69
5 26 47 13 79 38
5 27 52 11 39 72
5 28 90 12 61 71
5 29 34 41 16 56
5 30 82 67 54 64
5 31 99 7 31 69
5 32 45 62 61 26
5 33 74 30 60 44
5 34 29 49 69 70
5 35 64 85 9 41
5 36 15 21 82 95
5 37 91 18 79 71
5 38 31 22 52 24
5 39 41 46 84 24
5 40 77 78 29 65
5 41 2 39 62 35
5 42 1 45 85 22
5 43 66 73 22 51
5 44 43 84 80 46
5 45 11 83 47 60
5 46 33 80 62 80
5 47 85 67 35 18
5 48 77 14 83 28
5 49 71 67 68 6
6 7 83 41 21 64
6 8 75 36 7 50
6 9 10 27 48 61
6 10 20 35 66 86
6 11 83 13 65 9
6 12 8 73 46 76
6 13 21 79 32 63
6 14 80 32 79 81
6 15 13 85 55 31
6 16 58 68 18 68
6 17 2 21 23 81
6 18 48 20 20 38
6 19 62 38 22 17
6 20 65 62 23 11
6 21 31 37 62 76
6 22 11 62 24 21
6 23 56 56 77 87
6 24 33 25 81 62
6 25 28 49 82 91
6 26 90 62 10 67
6 27 59 27 30 33
6 28 14 43 76 38
6 29 18 28 59 59
6 30 76 44 51 16
6 31 94 28 68 12
6 32 12 60 29 87
6 33 16 47 79 89
6 34 64 82 47 44
6 35 18 87 33 83
6 36 27 38 74 27
6 37 19 38 42 27
6 38 90 62 30 3
6 39 30 52 26 29
6 40 27 66 88 16
6 41 36 78 50 15
6 42 38 77 39 85
6 43 59 79 81 63
6 44 52 49 27 63
6 45 39 40 58 38
6 46 20 66 26 20
6 47 5 29 82 37
6 48 40 14 12 80
6 49 53 52 40 21
7 8 38 51 40 44
7 9 4 62 67 29
7 10 78 56 72 39
7 11 69 12 29 52
7 12 63 12 70 22
7 13 87 10 56 41
7 14 55 79 46 69
7 15 76 19 26 16
7 16 86 8 16 63
7 17 23 60 23 56
7 18 13 54 78 56
7 19 58 26 55 80
7 20 65 26 45 47
7 21 70 25 18 43
7 22 47 46 66 38
7 23 93 28 76 5
7 24 8 30 30 68
7 25 72 34 71 60
7 26 35 35 52 35
7 27 42 21 24 15
7 28 57 17 10 64
7 29 62 21 36 78
7 30 92 47 36 36
7 31 14 34 24 19
7 32 48 17 61 21
7 33 21 51 86 48
7 34 3 20 74 68
7 35 51 35 82 39
7 36 63 54 70 54
7 37 85 7 70 79
7 38 45 47 32 68
7 39 83 70 6 42
7 40 73 55 38 25
7 41 75 18 42 17
7 42 74 21 57 17
7 43 76 39 82 6
7 44 84 82 74 81
7 45 94 23 46 28
7 46 20 16 63 50
7 47 49 82 10 15
7 48 92 74 18 55
7 49 36 64 22 53
8 9 91 54 60 39
8 10 64 55 52 31
8 11 12 47 28 90
8 12 29 60 92 92
8 13 74 84 45 76
8 14 47 16 30 40
8 15 62 73 45 15
8 16 75 19 8 16
8 17 87 15 23 53
8 18 48 51 26 47
8 19 10 71 18 38
8 20 3 71 24 93
8 21 77 21 44 34
8 22 47 29 87 87
8 23 52 49 34 63
8 24 36 18 60 60
8 25 6 60 91 78
8 26 83 13 75 32
8 27 71 53 34 80
8 28 65 55 80 63
8 29 3 83 47 21
8 30 12 40 52 68
8 31 92 62 53 76
8 32 57 77 67 39
8 33 30 27 43 71
8 34 55 33 55 23
8 35 29 18 72 88
8 36 75 73 41 66
8 37 56 17 66 40
8 38 69 20 69 83
8 39 75 22 10 55
8 40 33 57 55 69
8 41 15 94 84 80
8 42 12 25 90 60
8 43 40 52 65 59
8 44 21 74 17 30
8 45 99 38 13 74
8 46 34 71 18 65
8 47 69 61 52 56
8 48 50 31 51 38
8 49 97 77 75 45
9 10 53 89 76 34
9 11 54 22 63 35
9 12 52 73 66 19
9 13 45 52 30 67
9 14 37 74 17 20
9 15 55 55 75 62
9 16 3 31 70 82
9 17 70 32 30 69
9 18 89 42 51 34
9 19 12 97 60 89
9 20 73 50 12 32
9 21 9 94 79 96
9 22 92 63 79 45
9 23 20 44 63 55
9 24 24 23 40 25
9 25 18 53 19 53
9 26 44 52 15 43
9 27 84 54 33 27
9 28 41 67 61 77
9 29 62 31 82 44
9 30 79 50 72 19
9 31 60 15 84 68
9 32 15 92 37 47
9 33 74 9 67 37
9 34 44 61 59 31
9 35 93 45 57 1
9 36 32 73 26 55
9 37 18 45 51 68
9 38 68 27 38 61
9 39 42 16 83 87
9 40 20 92 18 55
9 41 61 45 67 18
9 42 61 46 9 30
9 43 15 24 39 19
9 44 23 21 77 16
9 45 48 89 11 14
9 46 46 25 16 65
9 47 81 11 59 21
9 48 83 62 81 23
9 49 50 68 59 46
10 11 22 94 21 24
10 12 72 51 29 65
10 13 79 42 79 71
10 14 83 35 80 30
10 15 18 73 81 60
10 16 48 84 59 20
10 17 63 37 25 49
10 18 41 82 24 27
10 19 61 10 16 56
10 20 42 39 22 47
10 21 97 74 46 42
10 22 68 50 38 60
10 23 88 80 22 53
10 24 28 34 15 78
10 25 69 75 52 57
10 26 30 66 51 57
10 27 27 36 48 80
10 28 63 9 66 22
10 29 44 41 43 19
10 30 36 49 62 78
10 31 30 83 48 24
10 32 27 38 88 87
10 33 32 35 92 89
10 34 17 28 65 64
10 35 47 84 49 35
10 36 15 61 71 43
10 37 22 48 32 68
10 38 54 58 48 38
10 39 24 36 92 75
10 40 95 6 70 62
10 41 10 22 70 22
10 42 87 50 42 48
10 43 1 43 63 98
10 44 2 78 65 55
10 45 87 17 9 54
10 46 12 65 47 74
10 47 25 77 62 76
10 48 29 74 51 41
10 49 19 71 28 54
11 12 50 63 45 75
11 13 35 55 83 88
11 14 95 57 58 64
11 15 50 14 39 80
11 16 94 8 7 37
11 17 94 12 14 4
11 18 41 20 51 77
11 19 45 42 49 23
11 20 27 36 81 81
11 21 51 19 42 79
11 22 83 16 69 68
11 23 67 56 76 42
11 24 77 75 83 55
11 25 64 84 85 72
11 26 14 72 74 48
11 27 9 24 62 93
11 28 87 2 36 70
11 29 11 19 37 21
11 30 46 29 81 27
11 31 20 23 38 58
11 32 56 87 61 51
11 33 46 20 21 63
11 34 24 64 46 42
11 35 99 3 14 60
11 36 8 34 54 61
11 37 41 57 40 69
11 38 2 90 49 98
11 39 47 62 30 23
11 40 14 64 45 92
11 41 37 90 89 79
11 42 20 60 30 75
11 43 89 22 12 76
11 44 23 33 18 80
11 45 20 75 20 70
11 46 80 45 66 34
11 47 21 26 94 36
11 48 71 32 45 32
11 49 92 2 46 69
12 13 1 62 78 26
12 14 4 61 70 43
12 15 26 89 54 92
12 16 1 70 32 62
12 17 81 75 68 69
12 18 9 38 49 41
12 19 50 81 63 80
12 20 36 80 14 65
12 21 64 30 10 59
12 22 53 87 50 17
12 23 24 62 68 76
12 24 68 58 26 63
12 25 46 80 43 27
12 26 8 23 41 68
12 27 45 49 60 69
12 28 57 88 82 60
12 29 36 82 43 15
12 30 40 71 51 47
12 31 43 36 69 27
12 32 70 43 80 67
12 33 72 11 70 81
12 34 86 76 13 73
12 35 74 80 81 48
12 36 36 25 66 66
12 37 20 20 61 56
12 38 78 7 59 81
12 39 10 85 25 57
12 40 72 41 65 51
12 41 84 23 30 4
12 42 45 90 34 86
12 43 79 76 13 73
12 44 58 17 13 64
12 45 37 74 47 42
12 46 44 41 29 45
12 47 95 40 72 14
12 48 56 32 35 29
12 49 20 21 82 87
13 14 79 42 7 49
13 15 45 39 26 57
13 16 41 18 68 46
13 17 75 20 61 66
13 18 8 71 73 53
13 19 28 43 59 48
13 20 74 32 84 50
13 21 39 41 82 47
13 22 18 82 46 62
13 23 61 36 8 73
13 24 10 26 96 57
13 25 93 35 65 22
13 26 36 75 77 20
13 27 84 81 22 57
13 28 48 89 14 67
13 29 86 25 38 37
13 30 70 69 35 21
13 31 87 25 65 35
13 32 8 37 76 52
13 33 36 29 47 51
13 34 23 61 78 55
13 35 84 68 30 25
13 36 88 17 47 21
13 37 57 75 86 42
13 38 7 66 23 68
13 39 46 61 49 51
13 40 34 34 36 45
13 41 53 77 13 47
13 42 83 35 6 51
13 43 79 62 78 66
13 44 87 66 64 60
13 45 96 15 25 16
13 46 28 80 69 53
13 47 29 44 14 40
13 48 83 7 44 6
13 49 58 33 20 45
14 15 8 85 61 39
14 16 45 71 34 84
14 17 40 44 86 90
14 18 90 6 37 43
14 19 80 39 20 53
14 20 66 75 57 81
14 21 67 74 63 59
14 22 30 41 33 82
14 23 61 17 19 60
14 24 31 76 83 49
14 25 99 78 20 70
14 26 92 45 22 23
14 27 97 34 38 40
14 28 77 31 28 47
14 29 14 63 29 89
14 30 17 79 43 70
14 31 79 12 72 29
14 32 76 30 69 19
14 33 2 31 31 47
14 34 38 47 84 25
14 35 12 56 37 30
14 36 21 57 32 76
14 37 19 49 81 71
14 38 34 25 23 40
14 39 54 88 11 72
14 40 45 40 29 76
14 41 12 64 25 36
14 42 43 14 88 30
14 43 66 79 8 11
14 44 89 23 66 42
14 45 15 30 27 32
14 46 53 54 36 79
14 47 24 44 57 50
14 48 2 19 87 48
14 49 30 65 46 83
15 16 92 28 5 24
15 17 23 62 48 71
15 18 23 34 73 48
15 19 14 39 62 21
15 20 32 78 70 25
15 21 31 58 91 54
15 22 10 74 45 33
15 23 76 13 27 58
15 24 55 38 25 43
15 25 99 73 50 74
15 26 20 91 53 82
15 27 37 62 24 54
15 28 13 73 63 34
15 29 72 73 60 46
15 30 62 83 78 41
15 31 83 74 29 57
15 32 5 74 70 23
15 33 43 69 11 16
15 34 35 16 59 20
15 35 95 78 13 80
15 36 3 45 25 48
15 37 11 63 58 85
15 38 0 83 43 46
15 39 58 54 83 61
15 40 55 61 24 21
15 41 43 89 11 55
15 42 0 92 78 74
15 43 86 14 35 82
15 44 5 71 89 66
15 45 36 17 24 37
15 46 69 27 20 17
15 47 10 54 80 75
15 48 75 61 68 61
15 49 34 28 78 74
16 17 34 17 42 82
16 18 91 24 27 41
16 19 92 58 3 61
16 20 53 12 85 73
16 21 54 54 34 85
16 22 62 73 45 70
16 23 40 74 15 52
16 24 86 22 59 31
16 25 33 17 92 83
16 26 34 80 35 32
16 27 48 46 49 41
16 28 92 32 20 33
16 29 94 22 44 47
16 30 7 21 42 74
16 31 84 6 28 34
16 32 37 69 39 56
16 33 83 54 22 46
16 34 60 38 27 44
16 35 91 22 71 45
16 36 11 70 56 89
16 37 33 89 21 15
16 38 30 52 50 77
16 39 58 21 58 58
16 40 0 73 23 84
16 41 94 57 8 59
16 42 60 31 66 80
16 43 55 65 42 23
16 44 39 16 20 31
16 45 71 39 33 83
16 46 10 74 73 33
16 47 86 24 80 64
16 48 10 50 65 21
16 49 98 57 48 54
17 18 50 62 48 62
17 19 43 88 20 22
17 20 73 56 37 31
17 21 38 62 87 55
17 22 9 75 41 66
17 23 44 30 12 44
17 24 74 9 41 31
17 25 27 81 62 53
17 26 8 54 21 27
17 27 32 92 81 27
17 28 65 79 79 82
17 29 89 33 20 8
17 30 74 79 25 45
17 31 39 82 23 32
17 32 41 57 43 32
17 33 0 74 83 62
17 34 12 94 70 29
17 35 80 16 35 7
17 36 93 57 59 58
17 37 64 83 55 68
17 38 78 19 57 13
17 39 65 65 45 20
17 40 25 77 20 33
17 41 30 14 51 77
17 42 25 60 53 16
17 43 36 81 76 33
17 44 64 41 47 43
17 45 86 67 51 47
17 46 26 82 81 32
17 47 68 66 82 43
17 48 49 28 17 51
17 49 81 39 41 77
18 19 27 92 20 56
18 20 51 74 54 59
18 21 0 72 27 34
18 22 61 20 85 43
18 23 1 21 95 26
18 24 74 80 42 26
18 25 17 27 57 83
18 26 84 56 23 79
18 27 42 50 38 80
18 28 22 32 72 64
18 29 49 22 75 83
18 30 67 25 31 6
18 31 86 6 68 72
18 32 98 58 10 47
18 33 18 40 37 70
18 34 10 50 96 69
18 35 35 64 35 73
18 36 9 68 96 46
18 37 71 64 55 68
18 38 71 8 26 21
18 39 46 86 34 49
18 40 85 20 24 44
18 41 43 64 62 49
18 42 52 74 75 51
18 43 13 83 37 73
18 44 91 60 36 13
18 45 60 18 62 40
18 46 64 56 68 30
18 47 18 37 59 19
18 48 56 35 30 58
18 49 58 9 73 39
19 20 99 56 13 72
19 21 18 46 93 28
19 22 0 83 81 62
19 23 0 71 80 91
19 24 15 56 26 24
19 25 42 76 27 90
19 26 54 22 31 44
19 27 98 33 4 16
19 28 42 36 22 22
19 29 50 70 85 27
19 30 50 28 73 26
19 31 2 88 85 19
19 32 55 72 53 26
19 33 85 53 36 31
19 34 5 92 20 83
19 35 56 40 49 24
19 36 67 70 53 54
19 37 30 23 72 33
19 38 62 79 16 56
19 39 75 77 21 81
19 40 62 68 17 68
19 41 92 71 24 56
19 42 90 6 27 49
19 43 14 74 72 66
19 44 97 46 31 4
19 45 95 23 45 44
19 46 53 68 41 10
19 47 55 42 66 73
19 48 82 77 38 28
19 49 33 42 73 46
20 21 60 36 69 24
20 22 73 23 54 45
20 23 66 71 41 57
20 24 25 81 61 90
20 25 65 44 67 31
20 26 5 97 49 55
20 27 46 54 70 75
20 28 64 11 72 67
20 29 79 28 38 71
20 30 65 43 83 67
20 31 15 80 25 87
20 32 28 69 32 87
20 33 18 43 69 39
20 34 47 46 89 16
20 35 87 56 10 68
20 36 58 65 48 16
20 37 55 73 12 20
20 38 24 59 23 21
20 39 75 72 71 71
20 40 47 63 75 87
20 41 61 76 72 83
20 42 52 25 85 68
20 43 68 32 61 42
20 44 3 29 56 81
20 45 67 66 61 27
20 46 0 74 27 48
20 47 70 77 19 79
20 48 3 22 67 36
20 49 27 48 78 44
21 22 97 69 24 60
21 23 20 23 24 43
21 24 44 45 84 73
21 25 4 53 38 70
21 26 11 36 26 55
21 27 17 34 72 44
21 28 18 80 31 51
21 29 46 23 27 84
21 30 10 62 57 69
21 31 78 30 53 57
21 32 62 21 54 65
21 33 81 66 10 75
21 34 40 77 57 80
21 35 14 57 68 21
21 36 51 40 28 11
21 37 71 29 42 13
21 38 90 66 31 74
21 39 40 30 67 32
21 40 68 60 54 59
21 41 73 33 66 84
21 42 62 79 11 14
21 43 17 82 30 61
21 44 3 34 86 22
21 45 88 32 2 39
21 46 52 47 12 76
21 47 84 63 79 18
21 48 55 19 44 61
21 49 80 35 79 56
22 23 88 27 52 19
22 24 19 65 35 58
22 25 42 24 40 73
22 26 40 86 47 87
22 27 0 68 82 72
22 28 82 78 33 46
22 29 76 49 76 38
22 30 8 86 19 30
22 31 9 34 49 18
22 32 76 57 59 19
22 33 61 20 54 25
22 34 97 69 8 62
22 35 78 53 17 4
22 36 87 81 42 52
22 37 37 18 84 38
22 38 96 77 2 1
22 39 75 66 48 28
22 40 76 60 54 56
22 41 24 76 49 79
22 42 94 79 30 7
22 43 22 88 30 76
22 44 70 8 75 50
22 45 96 56 56 73
22 46 55 65 58 64
22 47 52 39 81 78
22 48 40 61 28 75
22 49 30 26 43 72
23 24 66 58 60 75
23 25 60 52 61 12
23 26 13 32 92 31
23 27 45 41 74 52
23 28 84 63 45 72
23 29 42 69 27 58
23 30 94 43 55 66
23 31 23 44 32 36
23 32 15 37 37 76
23 33 55 57 37 48
23 34 89 48 36 78
23 35 48 72 66 33
23 36 97 75 8 45
23 37 27 79 48 86
23 38 43 19 79 58
23 39 84 46 41 40
23 40 44 70 83 29
23 41 59 21 45 75
23 42 20 75 30 94
23 43 35 58 35 74
23 44 47 74 64 37
23 45 14 92 62 81
23 46 18 68 18 55
23 47 59 88 61 54
23 48 75 72 34 39
23 49 60 67 77 28
24 25 86 39 71 25
24 26 67 65 55 55
24 27 56 63 88 26
24 28 26 82 81 29
24 29 41 55 34 37
24 30 14 88 28 60
24 31 95 53 53 7
24 32 31 38 50 72
24 33 74 41 13 63
24 34 20 24 93 62
24 35 65 56 68 41
24 36 85 3 4 12
24 37 4 67 31 21
24 38 48 34 15 48
24 39 80 35 20 46
24 40 12 65 48 51
24 41 20 92 95 57
24 42 69 85 9 11
24 43 79 80 30 41
24 44 93 35 63 42
24 45 79 37 41 53
24 46 6 69 83 96
24 47 55 81 56 11
24 48 54 49 63 70
24 49 92 63 40 69
25 26 9 95 58 21
25 27 63 13 43 68
25 28 28 35 61 66
25 29 54 82 54 56
25 30 15 92 94 40
25 31 95 53 61 9
25 32 58 35 40 75
25 33 37 12 15 37
25 34 7 36 44 39
25 35 29 18 40 20
25 36 83 67 34 54
25 37 41 12 51 23
25 38 94 44 40 31
25 39 37 81 67 89
25 40 69 16 53 84
25 41 41 61 51 76
25 42 0 71 20 21
25 43 1 68 63 62
25 44 45 89 37 77
25 45 54 74 64 17
25 46 37 36 63 39
25 47 26 66 57 28
25 48 16 27 17 25
25 49 31 35 33 86
26 27 88 18 41 67
26 28 27 15 84 87
26 29 81 24 35 67
26 30 16 41 43 70
26 31 83 49 10 4
26 32 82 18 27 17
26 33 14 38 32 19
26 34 81 21 42 25
26 35 36 20 27 89
26 36 44 15 34 66
26 37 81 42 5 6
26 38 55 83 70 34
26 39 59 15 51 54
26 40 70 48 55 29
26 41 65 15 70 64
26 42 53 63 77 30
26 43 25 22 15 22
26 44 5 97 28 95
26 45 1 46 39 54
26 46 8 35 66 30
26 47 90 35 72 41
26 48 74 12 77 22
26 49 59 29 15 59
27 28 30 37 86 53
27 29 2 87 61 63
27 30 81 47 25 57
27 31 27 90 34 73
27 32 30 84 56 93
27 33 87 42 45 76
27 34 10 95 40 38
27 35 89 75 16 43
27 36 13 78 45 59
27 37 34 54 77 58
27 38 68 85 32 74
27 39 79 52 7 9
27 40 57 11 11 42
27 41 20 48 48 86
27 42 79 80 45 33
27 43 39 12 21 17
27 44 69 75 45 85
27 45 93 46 8 14
27 46 0 41 27 48
27 47 86 64 45 25
27 48 83 55 81 11
27 49 96 71 73 39
28 29 63 75 18 65
28 30 55 19 17 22
28 31 85 47 65 51
28 32 50 49 42 35
28 33 99 55 5 29
28 34 60 19 79 70
28 35 58 38 26 52
28 36 10 71 68 60
28 37 44 67 83 48
28 38 68 59 52 64
28 39 94 42 33 79
28 40 74 47 27 63
28 41 69 25 81 69
28 42 69 72 71 73
28 43 77 50 24 34
28 44 71 37 50 58
28 45 54 18 66 64
28 46 31 92 92 69
28 47 59 51 22 44
28 48 15 70 21 69
28 49 99 65 20 71
29 30 92 48 77 31
29 31 85 16 57 75
29 32 1 23 44 58
29 33 26 40 78 22
29 34 8 34 60 67
29 35 94 21 67 51
29 36 4 62 25 67
29 37 21 46 55 85
29 38 60 26 85 75
29 39 98 77 73 69
29 40 48 89 66 73
29 41 23 87 43 92
29 42 30 27 45 30
29 43 14 45 67 59
29 44 7 90 52 62
29 45 56 21 84 38
29 46 19 49 62 72
29 47 36 12 67 27
29 48 62 75 43 57
29 49 26 40 50 29
30 31 1 94 60 31
30 32 18 51 19 54
30 33 28 26 19 78
30 34 98 5 45 37
30 35 24 82 25 74
30 36 76 37 24 24
30 37 40 29 83 76
30 38 66 55 66 11
30 39 62 85 24 53
30 40 32 78 86 55
30 41 32 31 32 70
30 42 30 55 14 29
30 43 47 70 22 89
30 44 28 59 67 26
30 45 16 26 83 48
30 46 17 31 26 74
30 47 72 42 57 57
30 48 0 70 53 96
30 49 49 25 77 55
31 32 34 67 54 13
31 33 78 26 20 16
31 34 89 41 47 34
31 35 28 50 22 36
31 36 48 73 78 63
31 37 75 31 68 46
31 38 18 86 41 16
31 39 50 57 21 27
31 40 50 50 52 17
31 41 77 38 63 42
31 42 5 54 37 71
31 43 91 29 68 33
31 44 36 83 21 87
31 45 83 16 7 38
31 46 35 60 75 79
31 47 11 97 89 75
31 48 45 25 73 78
31 49 34 75 30 21
32 33 44 87 66 59
32 34 96 75 17 44
32 35 37 73 90 78
32 36 53 63 18 51
32 37 32 19 62 30
32 38 60 16 59 22
32 39 85 13 70 40
32 40 65 17 45 44
32 41 82 38 38 80
32 42 35 32 28 31
32 43 88 49 61 2
32 44 18 54 82 55
32 45 69 49 12 18
32 46 96 16 78 51
32 47 55 16 34 41
32 48 84 36 46 77
32 49 72 10 11 83
33 34 69 21 61 85
33 35 33 63 82 40
33 36 9 37 21 19
33 37 99 7 77 34
33 38 79 40 9 38
33 39 24 50 66 73
33 40 2 27 78 57
33 41 38 52 90 48
33 42 88 52 35 49
33 43 3 71 60 94
33 44 30 67 63 35
33 45 71 65 64 26
33 46 43 74 85 91
33 47 3 52 69 73
33 48 26 63 25 90
33 49 98 25 33 72
34 35 64 36 75 31
34 36 57 32 14 75
34 37 9 59 96 21
34 38 68 13 67 31
34 39 69 38 63 63
34 40 15 24 95 70
34 41 82 42 11 32
34 42 74 53 50 40
34 43 66 65 57 18
34 44 71 51 29 21
34 45 38 89 89 46
34 46 72 61 57 81
34 47 43 51 85 32
34 48 13 50 47 28
34 49 65 59 29 57
35 36 35 37 61 74
35 37 51 67 51 48
35 38 89 62 38 6
35 39 32 77 43 54
35 40 66 57 30 42
35 41 60 22 82 45
35 42 91 45 22 75
35 43 55 19 59 14
35 44 50 85 67 57
35 45 83 32 55 65
35 46 18 31 77 93
35 47 0 90 35 42
35 48 88 30 38 20
35 49 53 20 56 16
36 37 50 34 13 18
36 38 44 22 47 11
36 39 70 29 79 84
36 40 92 20 50 8
36 41 42 25 44 76
36 42 8 42 89 96
36 43 85 81 18 48
36 44 43 55 89 83
36 45 19 81 50 77
36 46 31 59 66 16
36 47 9 22 69 78
36 48 89 15 30 69
36 49 24 75 43 52
37 38 44 27 22 57
37 39 5 56 98 54
37 40 26 30 94 34
37 41 28 46 36 15
37 42 74 46 56 7
37 43 0 56 87 51
37 44 65 59 10 43
37 45 90 65 50 12
37 46 66 74 60 22
37 47 63 26 16 74
37 48 44 15 87 52
37 49 80 38 55 79
38 39 51 24 49 73
38 40 36 60 34 77
38 41 21 68 60 25
38 42 2 91 38 81
38 43 80 61 38 23
38 44 14 61 37 36
38 45 93 36 55 9
38 46 49 72 51 35
38 47 55 12 12 76
38 48 4 67 93 87
38 49 34 44 28 70
39 40 99 31 57 40
39 41 47 36 67 65
39 42 33 56 50 30
39 43 93 30 48 63
39 44 81 82 19 31
39 45 4 47 53 37
39 46 57 11 25 37
39 47 64 81 13 12
39 48 3 42 77 85
39 49 6 20 82 34
40 41 74 50 78 36
40 42 40 72 64 77
40 43 15 37 62 58
40 44 57 77 84 18
40 45 50 63 83 72
40 46 67 14 70 41
40 47 91 11 34 31
40 48 31 41 34 32
40 49 38 63 26 57
41 42 47 78 23 40
41 43 29 68 34 42
41 44 66 24 24 81
41 45 3 76 35 71
41 46 24 73 72 19
41 47 12 62 76 82
41 48 95 77 1 65
41 49 54 29 40 88
42 43 81 31 80 12
42 44 35 79 28 16
42 45 7 79 23 32
42 46 87 32 50 42
42 47 41 51 42 40
42 48 15 59 56 96
42 49 62 11 78 76
43 44 65 32 76 8
43 45 94 79 80 17
43 46 23 20 70 19
43 47 39 16 59 80
43 48 96 57 37 34
43 49 83 47 73 49
44 45 74 15 58 30
44 46 71 56 55 40
44 47 44 17 58 50
44 48 27 61 36 90
44 49 19 57 38 19
45 46 78 32 83 69
45 47 22 25 27 52
45 48 87 46 7 52
45 49 32 59 14 35
46 47 41 36 35 22
46 48 37 39 91 41
46 49 65 60 26 19
47 48 39 14 65 42
47 49 30 81 42 91
48 49 67 20 46 72
