10 45
0 1 11 49
0 2 33 19
0 3 86 74
0 4 70 32
0 5 41 21
0 6 30 67
0 7 64 45
0 8 73 67
0 9 90 22
1 2 39 38
1 3 2 33
1 4 89 26
1 5 71 50
1 6 4 10
1 7 66 92
1 8 44 76
1 9 31 69
2 3 53 70
2 4 98 56
2 5 54 24
2 6 57 39
2 7 14 48
2 8 66 37
2 9 79 90
3 4 97 60
3 5 84 69
3 6 28 65
3 7 76 63
3 8 21 14
3 9 15 80
4 5 71 92
4 6 89 91
4 7 46 19
4 8 92 51
4 9 88 95
5 6 7 68
5 7 51 84
5 8 18 51
5 9 94 74
6 7 37 52
6 8 81 35
6 9 35 48
7 8 18 25
7 9 99 85
8 9 97 21
0 2
0 5
0 7
0 12
0 14
0 15
0 16
0 17
0 18
0 23
0 24
0 25
0 26
0 27
0 29
0 30
0 31
0 33
0 34
0 36
0 37
0 38
0 39
0 43
1 2
1 3
1 4
1 6
1 7
1 8
1 9
1 11
1 12
1 14
1 15
1 17
1 18
1 19
1 20
1 22
1 23
1 24
1 25
1 27
1 30
1 31
1 32
1 33
1 34
1 36
1 38
1 39
1 40
1 41
1 43
1 44
2 31
2 34
2 38
2 43
3 2
3 7
3 12
3 18
3 23
3 24
3 25
3 27
3 30
3 31
3 33
3 34
3 38
3 40
3 43
4 2
4 3
4 6
4 7
4 8
4 11
4 12
4 14
4 15
4 17
4 18
4 19
4 20
4 22
4 23
4 24
4 25
4 27
4 30
4 31
4 33
4 34
4 36
4 38
4 40
4 43
4 44
5 2
5 7
5 14
5 15
5 16
5 17
5 23
5 25
5 30
5 31
5 34
5 36
5 38
5 43
6 2
6 7
6 12
6 14
6 18
6 23
6 24
6 25
6 27
6 30
6 31
6 33
6 34
6 38
6 43
7 2
7 23
7 25
7 31
7 34
7 38
7 43
8 18
8 24
8 33
8 38
8 43
9 2
9 6
9 7
9 12
9 14
9 15
9 17
9 18
9 20
9 23
9 24
9 25
9 27
9 30
9 31
9 33
9 34
9 36
9 38
9 43
10 0
10 2
10 5
10 6
10 7
10 9
10 12
10 14
10 15
10 16
10 17
10 18
10 20
10 21
10 22
10 23
10 24
10 25
10 26
10 27
10 29
10 30
10 31
10 33
10 34
10 35
10 36
10 37
10 38
10 39
10 40
10 41
10 43
11 18
11 24
11 31
11 33
11 38
11 43
12 2
12 7
12 18
12 23
12 24
12 25
12 27
12 30
12 31
12 33
12 34
12 38
12 43
13 0
13 1
13 2
13 3
13 4
13 5
13 6
13 7
13 8
13 9
13 11
13 12
13 14
13 15
13 16
13 17
13 18
13 19
13 20
13 21
13 22
13 23
13 24
13 25
13 26
13 27
13 28
13 29
13 30
13 31
13 32
13 33
13 34
13 35
13 36
13 37
13 38
13 39
13 40
13 41
13 42
13 43
13 44
14 30
14 34
15 14
15 23
15 30
15 31
15 34
15 36
15 43
16 2
16 14
16 15
16 17
16 23
16 25
16 30
16 31
16 34
16 36
16 38
16 43
17 2
17 14
17 23
17 30
17 31
17 34
17 38
17 43
18 43
19 2
19 3
19 6
19 7
19 11
19 12
19 14
19 18
19 20
19 22
19 23
19 24
19 25
19 27
19 30
19 31
19 33
19 34
19 38
19 40
19 43
20 2
20 6
20 7
20 12
20 14
20 18
20 23
20 24
20 25
20 27
20 30
20 31
20 33
20 34
20 38
20 43
21 2
21 5
21 7
21 12
21 14
21 15
21 16
21 17
21 18
21 23
21 24
21 25
21 26
21 27
21 29
21 30
21 31
21 33
21 34
21 36
21 37
21 38
21 39
21 41
21 43
22 2
22 7
22 12
22 14
22 18
22 23
22 24
22 25
22 27
22 30
22 31
22 33
22 34
22 38
22 43
23 31
23 34
24 43
25 2
25 31
25 34
25 38
25 43
26 2
26 5
26 7
26 14
26 15
26 16
26 17
26 23
26 25
26 30
26 31
26 34
26 36
26 38
26 43
27 2
27 23
27 25
27 31
27 34
27 38
27 43
28 1
28 2
28 3
28 4
28 5
28 6
28 7
28 8
28 9
28 11
28 12
28 14
28 15
28 16
28 17
28 18
28 19
28 20
28 22
28 23
28 24
28 25
28 26
28 27
28 30
28 31
28 32
28 33
28 34
28 36
28 38
28 39
28 40
28 41
28 43
28 44
29 14
29 23
29 30
29 31
29 34
29 36
29 43
30 34
32 2
32 3
32 6
32 7
32 8
32 11
32 12
32 14
32 17
32 18
32 19
32 20
32 22
32 23
32 24
32 25
32 27
32 30
32 31
32 33
32 34
32 36
32 38
32 40
32 43
32 44
33 18
33 24
33 38
33 43
35 2
35 14
35 15
35 16
35 17
35 23
35 25
35 29
35 30
35 31
35 34
35 36
35 38
35 43
36 14
36 23
36 30
36 31
36 34
36 43
37 2
37 5
37 7
37 14
37 15
37 16
37 17
37 18
37 23
37 24
37 25
37 26
37 27
37 30
37 31
37 33
37 34
37 36
37 38
37 39
37 43
38 43
39 2
39 7
39 14
39 15
39 17
39 18
39 23
39 24
39 25
39 27
39 30
39 31
39 34
39 36
39 38
39 43
40 2
40 18
40 24
40 25
40 31
40 33
40 34
40 38
40 43
41 2
41 7
41 12
41 14
41 15
41 17
41 18
41 23
41 24
41 25
41 27
41 30
41 31
41 33
41 34
41 36
41 38
41 39
41 43
42 2
42 3
42 5
42 6
42 7
42 9
42 11
42 12
42 14
42 15
42 16
42 17
42 18
42 20
42 22
42 23
42 24
42 25
42 26
42 27
42 30
42 31
42 33
42 34
42 36
42 37
42 38
42 39
42 40
42 41
42 43
44 18
44 24
44 43
