12 66
0 1 24 81
0 2 77 76
0 3 69 41
0 4 47 89
0 5 63 69
0 6 68 19
0 7 83 21
0 8 4 28
0 9 66 22
0 10 98 65
0 11 97 47
1 2 88 94
1 3 84 30
1 4 91 95
1 5 69 47
1 6 47 45
1 7 37 65
1 8 35 82
1 9 59 74
1 10 6 76
1 11 52 25
2 3 39 69
2 4 82 90
2 5 33 9
2 6 86 31
2 7 61 59
2 8 47 10
2 9 11 66
2 10 30 33
2 11 73 19
3 4 45 37
3 5 39 42
3 6 75 55
3 7 25 23
3 8 94 50
3 9 1 78
3 10 42 14
3 11 64 74
4 5 70 31
4 6 55 61
4 7 48 63
4 8 32 77
4 9 48 40
4 10 24 11
4 11 4 57
5 6 45 51
5 7 1 32
5 8 94 78
5 9 79 69
5 10 9 52
5 11 28 27
6 7 87 94
6 8 99 22
6 9 72 78
6 10 41 20
6 11 66 87
7 8 55 54
7 9 8 49
7 10 61 64
7 11 45 23
8 9 62 19
8 10 28 76
8 11 53 68
9 10 49 12
9 11 2 34
10 11 52 74
0 3
0 11
0 13
0 17
0 22
0 51
0 55
1 11
1 13
1 22
1 47
1 51
2 1
2 9
2 10
2 11
2 13
2 14
2 22
2 32
2 34
2 47
2 48
2 51
2 53
3 11
3 13
3 22
3 51
4 1
4 11
4 13
4 22
4 37
4 47
4 48
4 51
4 53
4 55
5 1
5 2
5 6
5 9
5 10
5 11
5 12
5 13
5 14
5 22
5 24
5 29
5 32
5 34
5 38
5 47
5 48
5 51
5 52
5 53
6 9
6 10
6 11
6 12
6 13
6 24
6 34
6 47
6 51
6 52
7 0
7 1
7 2
7 3
7 4
7 9
7 10
7 11
7 12
7 13
7 14
7 15
7 16
7 17
7 18
7 19
7 21
7 22
7 24
7 25
7 27
7 28
7 30
7 31
7 32
7 34
7 37
7 38
7 39
7 40
7 41
7 42
7 44
7 45
7 47
7 48
7 49
7 51
7 53
7 55
7 56
7 57
7 58
7 61
7 62
7 65
8 1
8 2
8 9
8 10
8 11
8 12
8 13
8 14
8 22
8 24
8 32
8 34
8 38
8 47
8 48
8 51
8 52
8 53
8 55
10 9
11 13
12 9
12 10
12 11
12 13
12 24
12 34
12 47
12 51
14 1
14 9
14 10
14 11
14 13
14 22
14 32
14 34
14 47
14 48
14 51
14 53
15 1
15 3
15 4
15 9
15 10
15 11
15 13
15 14
15 18
15 22
15 25
15 32
15 34
15 37
15 39
15 40
15 47
15 48
15 51
15 53
15 55
15 56
15 58
15 62
15 65
16 1
16 3
16 4
16 9
16 11
16 13
16 18
16 21
16 22
16 37
16 47
16 48
16 51
16 53
16 55
16 62
16 65
17 3
17 11
17 13
17 22
17 51
17 55
18 1
18 11
18 13
18 22
18 37
18 47
18 51
18 53
18 55
19 0
19 1
19 3
19 11
19 13
19 17
19 22
19 41
19 47
19 51
19 53
19 55
19 61
20 1
20 2
20 4
20 9
20 10
20 11
20 12
20 13
20 14
20 18
20 22
20 24
20 25
20 32
20 34
20 37
20 38
20 39
20 47
20 48
20 51
20 53
20 55
20 56
20 58
20 62
20 65
21 1
21 3
21 4
21 11
21 13
21 18
21 22
21 37
21 47
21 48
21 51
21 53
21 55
21 65
22 11
22 13
22 51
23 1
23 2
23 3
23 4
23 5
23 6
23 8
23 9
23 10
23 11
23 12
23 13
23 14
23 15
23 16
23 17
23 18
23 20
23 21
23 22
23 24
23 25
23 26
23 29
23 30
23 31
23 32
23 34
23 36
23 37
23 38
23 39
23 40
23 42
23 45
23 47
23 48
23 51
23 52
23 53
23 54
23 55
23 56
23 58
23 59
23 60
23 62
23 63
23 65
24 9
24 10
24 11
24 13
24 34
24 47
24 51
25 1
25 4
25 9
25 11
25 13
25 22
25 37
25 47
25 48
25 51
25 53
25 55
25 58
26 1
26 2
26 3
26 4
26 5
26 6
26 8
26 9
26 10
26 11
26 12
26 13
26 14
26 15
26 18
26 20
26 22
26 24
26 25
26 29
26 32
26 34
26 37
26 38
26 39
26 40
26 42
26 47
26 48
26 51
26 52
26 53
26 55
26 56
26 58
26 60
26 62
26 63
26 65
27 0
27 1
27 3
27 4
27 11
27 13
27 17
27 18
27 21
27 22
27 37
27 41
27 47
27 48
27 51
27 53
27 55
27 61
27 62
27 65
28 1
28 2
28 3
28 4
28 9
28 10
28 11
28 13
28 14
28 15
28 16
28 17
28 18
28 21
28 22
28 25
28 30
28 31
28 32
28 34
28 37
28 39
28 40
28 41
28 42
28 45
28 47
28 48
28 51
28 53
28 55
28 56
28 58
28 62
28 65
29 1
29 6
29 9
29 10
29 11
29 12
29 13
29 22
29 24
29 32
29 34
29 47
29 48
29 51
29 52
30 1
30 2
30 3
30 4
30 9
30 10
30 11
30 13
30 14
30 15
30 18
30 22
30 25
30 32
30 34
30 37
30 39
30 40
30 42
30 45
30 47
30 48
30 51
30 53
30 55
30 56
30 58
30 62
30 65
31 1
31 3
31 4
31 9
31 10
31 11
31 13
31 14
31 15
31 18
31 21
31 22
31 25
31 32
31 34
31 37
31 39
31 40
31 45
31 47
31 48
31 51
31 53
31 55
31 56
31 58
31 62
31 65
32 1
32 9
32 11
32 13
32 22
32 47
32 48
32 51
33 1
33 2
33 3
33 4
33 9
33 10
33 11
33 12
33 13
33 14
33 15
33 16
33 17
33 18
33 20
33 21
33 22
33 24
33 25
33 28
33 30
33 31
33 32
33 34
33 37
33 38
33 39
33 40
33 41
33 42
33 45
33 47
33 48
33 50
33 51
33 53
33 55
33 56
33 58
33 59
33 61
33 62
33 65
34 9
34 47
35 0
35 3
35 11
35 13
35 17
35 22
35 47
35 51
35 53
35 55
36 1
36 2
36 3
36 4
36 5
36 6
36 8
36 9
36 10
36 11
36 12
36 13
36 14
36 15
36 18
36 20
36 22
36 24
36 25
36 29
36 30
36 32
36 34
36 37
36 38
36 39
36 40
36 42
36 45
36 47
36 48
36 51
36 52
36 53
36 55
36 56
36 58
36 59
36 60
36 62
36 65
37 1
37 11
37 13
37 22
37 47
37 51
37 53
37 55
38 1
38 9
38 10
38 11
38 13
38 22
38 24
38 32
38 34
38 47
38 48
38 51
38 53
39 1
39 4
39 9
39 11
39 13
39 18
39 22
39 37
39 47
39 48
39 51
39 53
39 55
39 58
40 1
40 4
40 9
40 11
40 13
40 18
40 22
40 37
40 47
40 48
40 51
40 53
40 55
40 58
40 62
40 65
41 3
41 11
41 13
41 17
41 22
41 47
41 51
41 53
41 55
42 1
42 2
42 4
42 9
42 10
42 11
42 13
42 14
42 18
42 22
42 25
42 32
42 34
42 37
42 39
42 40
42 47
42 48
42 51
42 53
42 55
42 56
42 58
42 62
42 65
43 0
43 1
43 2
43 3
43 4
43 5
43 6
43 8
43 9
43 10
43 11
43 12
43 13
43 14
43 15
43 16
43 17
43 18
43 20
43 21
43 22
43 24
43 25
43 28
43 29
43 30
43 31
43 32
43 33
43 34
43 36
43 37
43 38
43 39
43 40
43 41
43 42
43 45
43 47
43 48
43 50
43 51
43 52
43 53
43 54
43 55
43 56
43 58
43 59
43 60
43 61
43 62
43 63
43 65
44 0
44 1
44 3
44 4
44 9
44 11
44 13
44 16
44 17
44 18
44 19
44 21
44 22
44 25
44 27
44 37
44 39
44 40
44 41
44 47
44 48
44 51
44 53
44 55
44 58
44 61
44 62
44 65
45 1
45 3
45 4
45 9
45 11
45 13
45 18
45 22
45 25
45 32
45 37
45 39
45 40
45 47
45 48
45 51
45 53
45 55
45 56
45 58
45 62
45 65
46 0
46 1
46 2
46 3
46 4
46 9
46 10
46 11
46 13
46 14
46 15
46 16
46 17
46 18
46 19
46 21
46 22
46 25
46 27
46 28
46 30
46 31
46 32
46 34
46 35
46 37
46 39
46 40
46 41
46 42
46 44
46 45
46 47
46 48
46 49
46 51
46 53
46 55
46 56
46 57
46 58
46 61
46 62
46 64
46 65
48 11
48 13
48 22
48 47
48 51
49 0
49 1
49 3
49 4
49 9
49 11
49 13
49 16
49 17
49 18
49 21
49 22
49 25
49 27
49 32
49 37
49 39
49 40
49 41
49 47
49 48
49 51
49 53
49 55
49 56
49 58
49 61
49 62
49 65
50 1
50 2
50 3
50 4
50 9
50 10
50 11
50 12
50 13
50 14
50 15
50 16
50 17
50 18
50 21
50 22
50 24
50 25
50 28
50 30
50 31
50 32
50 34
50 37
50 38
50 39
50 40
50 41
50 42
50 45
50 47
50 48
50 51
50 53
50 55
50 56
50 58
50 61
50 62
50 65
51 11
51 13
53 11
53 13
53 22
53 47
53 51
54 1
54 2
54 3
54 4
54 6
54 8
54 9
54 10
54 11
54 12
54 13
54 14
54 15
54 18
54 20
54 22
54 24
54 25
54 30
54 32
54 34
54 37
54 38
54 39
54 40
54 42
54 45
54 47
54 48
54 51
54 52
54 53
54 55
54 56
54 58
54 59
54 62
54 65
55 11
55 13
55 22
55 51
56 1
56 4
56 9
56 11
56 13
56 18
56 22
56 25
56 32
56 37
56 39
56 47
56 48
56 51
56 53
56 55
56 58
57 0
57 1
57 3
57 4
57 9
57 11
57 13
57 16
57 17
57 18
57 21
57 22
57 25
57 27
57 32
57 34
57 37
57 39
57 40
57 41
57 45
57 47
57 48
57 49
57 51
57 53
57 55
57 56
57 58
57 61
57 62
57 65
58 1
58 4
58 9
58 11
58 13
58 22
58 37
58 47
58 48
58 51
58 53
58 55
59 1
59 2
59 3
59 4
59 9
59 10
59 11
59 12
59 13
59 14
59 15
59 18
59 20
59 22
59 24
59 25
59 30
59 32
59 34
59 37
59 38
59 39
59 40
59 42
59 45
59 47
59 48
59 51
59 53
59 55
59 56
59 58
59 62
59 65
60 1
60 2
60 4
60 5
60 6
60 8
60 9
60 10
60 11
60 12
60 13
60 14
60 22
60 24
60 29
60 32
60 34
60 37
60 38
60 47
60 48
60 51
60 52
60 53
60 55
61 1
61 3
61 11
61 13
61 17
61 22
61 41
61 47
61 51
61 53
61 55
62 1
62 4
62 11
62 13
62 18
62 22
62 37
62 47
62 48
62 51
62 53
62 55
63 1
63 2
63 4
63 5
63 6
63 8
63 9
63 10
63 11
63 12
63 13
63 14
63 18
63 20
63 22
63 24
63 25
63 29
63 32
63 34
63 37
63 38
63 39
63 47
63 48
63 51
63 52
63 53
63 55
63 56
63 58
63 60
63 62
63 65
64 0
64 1
64 2
64 3
64 4
64 9
64 10
64 11
64 13
64 14
64 15
64 16
64 17
64 18
64 19
64 21
64 22
64 25
64 27
64 30
64 31
64 32
64 34
64 37
64 39
64 40
64 41
64 42
64 44
64 45
64 47
64 48
64 49
64 51
64 53
64 55
64 56
64 57
64 58
64 61
64 62
64 65
65 1
65 11
65 13
65 18
65 22
65 37
65 47
65 51
65 53
65 55
