17 136
0 1 56 60
0 2 79 40
0 3 24 56
0 4 82 56
0 5 81 70
0 6 78 42
0 7 95 50
0 8 67 68
0 9 66 38
0 10 2 6
0 11 65 75
0 12 19 33
0 13 83 47
0 14 46 54
0 15 77 52
0 16 41 44
1 2 62 56
1 3 28 28
1 4 18 40
1 5 62 35
1 6 46 40
1 7 60 48
1 8 81 59
1 9 72 76
1 10 83 74
1 11 99 68
1 12 65 80
1 13 53 66
1 14 65 73
1 15 89 69
1 16 3 47
2 3 28 24
2 4 79 84
2 5 38 62
2 6 41 60
2 7 14 40
2 8 55 52
2 9 23 25
2 10 47 67
2 11 30 27
2 12 70 68
2 13 55 55
2 14 2 49
2 15 75 85
2 16 99 76
3 4 19 53
3 5 23 51
3 6 92 70
3 7 3 22
3 8 56 33
3 9 18 42
3 10 72 78
3 11 48 65
3 12 31 60
3 13 10 30
3 14 48 48
3 15 44 68
3 16 0 7
4 5 28 60
4 6 7 18
4 7 97 74
4 8 82 56
4 9 56 71
4 10 36 28
4 11 20 30
4 12 66 57
4 13 80 65
4 14 96 76
4 15 96 71
4 16 70 45
5 6 76 77
5 7 96 51
5 8 92 92
5 9 47 28
5 10 75 74
5 11 47 51
5 12 2 22
5 13 79 44
5 14 45 26
5 15 13 26
5 16 95 95
6 7 13 52
6 8 79 80
6 9 71 78
6 10 85 84
6 11 52 44
6 12 53 40
6 13 83 75
6 14 45 40
6 15 47 31
6 16 85 67
7 8 82 49
7 9 87 90
7 10 16 51
7 11 96 74
7 12 37 46
7 13 36 45
7 14 79 86
7 15 98 77
7 16 77 47
8 9 89 81
8 10 36 41
8 11 2 6
8 12 69 54
8 13 8 51
8 14 56 32
8 15 54 74
8 16 97 71
9 10 89 79
9 11 26 43
9 12 23 45
9 13 31 28
9 14 61 61
9 15 22 50
9 16 32 66
10 11 18 46
10 12 60 33
10 13 23 30
10 14 5 24
10 15 53 73
10 16 16 54
11 12 26 52
11 13 22 42
11 14 83 65
11 15 5 48
11 16 14 10
12 13 57 53
12 14 28 45
12 15 7 33
12 16 17 54
13 14 75 41
13 15 52 27
13 16 42 60
14 15 99 80
14 16 4 45
15 16 22 51
0 4
0 7
0 10
0 23
0 24
0 25
0 26
0 28
0 29
0 32
0 40
0 43
0 44
0 47
0 51
0 60
0 62
0 66
0 67
0 68
0 70
0 72
0 74
0 80
0 82
0 83
0 84
0 87
0 90
0 92
0 94
0 97
0 98
0 100
0 107
0 108
0 112
0 123
0 133
1 3
1 4
1 6
1 12
1 22
1 24
1 25
1 29
1 32
1 44
1 47
1 60
1 61
1 66
1 67
1 68
1 71
1 72
1 77
1 80
1 82
1 84
1 87
1 90
1 91
1 92
1 94
1 97
1 98
1 100
1 107
1 108
1 123
1 133
2 0
2 3
2 4
2 7
2 10
2 16
2 22
2 23
2 24
2 25
2 26
2 27
2 28
2 29
2 32
2 33
2 34
2 38
2 40
2 43
2 44
2 47
2 51
2 52
2 53
2 56
2 58
2 60
2 61
2 62
2 65
2 66
2 67
2 68
2 70
2 72
2 74
2 80
2 82
2 83
2 84
2 87
2 90
2 92
2 94
2 97
2 98
2 100
2 106
2 107
2 108
2 112
2 114
2 119
2 123
2 132
2 133
3 24
3 25
3 29
3 44
3 47
3 60
3 67
3 68
3 72
3 80
3 84
3 87
3 90
3 92
3 94
3 98
3 100
3 107
3 108
3 123
3 133
4 24
4 44
4 47
4 60
4 67
4 68
4 72
4 80
4 84
4 87
4 92
4 94
4 98
4 100
4 107
4 108
4 133
5 3
5 4
5 6
5 12
5 22
5 24
5 25
5 29
5 32
5 44
5 47
5 60
5 61
5 66
5 67
5 68
5 71
5 72
5 77
5 80
5 82
5 84
5 87
5 90
5 91
5 92
5 94
5 97
5 98
5 100
5 107
5 108
5 123
5 133
6 25
6 44
6 60
6 67
6 68
6 71
6 80
6 94
6 98
6 107
6 133
7 4
7 23
7 24
7 25
7 29
7 32
7 40
7 43
7 44
7 47
7 51
7 60
7 67
7 68
7 70
7 72
7 74
7 80
7 82
7 83
7 84
7 87
7 92
7 94
7 97
7 98
7 100
7 107
7 108
7 133
8 1
8 3
8 4
8 5
8 6
8 7
8 12
8 14
8 22
8 23
8 24
8 25
8 29
8 32
8 40
8 43
8 44
8 47
8 51
8 60
8 61
8 65
8 66
8 67
8 68
8 69
8 70
8 71
8 72
8 74
8 77
8 80
8 82
8 83
8 84
8 87
8 90
8 91
8 92
8 94
8 97
8 98
8 99
8 100
8 103
8 107
8 108
8 123
8 130
8 133
9 0
9 1
9 2
9 3
9 4
9 5
9 6
9 7
9 8
9 10
9 11
9 12
9 13
9 14
9 15
9 16
9 17
9 18
9 19
9 20
9 21
9 22
9 23
9 24
9 25
9 26
9 27
9 28
9 29
9 30
9 31
9 32
9 33
9 34
9 35
9 36
9 37
9 38
9 39
9 40
9 41
9 42
9 43
9 44
9 45
9 46
9 47
9 48
9 49
9 50
9 51
9 52
9 53
9 54
9 55
9 56
9 58
9 59
9 60
9 61
9 62
9 63
9 64
9 65
9 66
9 67
9 68
9 69
9 70
9 71
9 72
9 73
9 74
9 75
9 76
9 77
9 78
9 79
9 80
9 81
9 82
9 83
9 84
9 85
9 86
9 87
9 88
9 89
9 90
9 91
9 92
9 93
9 94
9 95
9 96
9 97
9 98
9 99
9 100
9 101
9 103
9 104
9 105
9 106
9 107
9 108
9 109
9 110
9 111
9 112
9 113
9 114
9 115
9 116
9 117
9 118
9 119
9 120
9 121
9 122
9 123
9 124
9 125
9 126
9 127
9 128
9 129
9 130
9 131
9 132
9 133
9 134
9 135
10 23
10 26
10 32
10 43
10 44
10 51
10 67
10 70
10 72
10 80
10 82
10 83
10 84
10 87
10 92
10 97
10 98
10 100
10 108
10 133
11 0
11 1
11 2
11 3
11 4
11 5
11 6
11 7
11 8
11 10
11 12
11 13
11 14
11 15
11 16
11 19
11 20
11 21
11 22
11 23
11 24
11 25
11 26
11 27
11 28
11 29
11 32
11 33
11 34
11 36
11 38
11 40
11 41
11 43
11 44
11 45
11 46
11 47
11 49
11 51
11 52
11 53
11 55
11 56
11 58
11 60
11 61
11 62
11 65
11 66
11 67
11 68
11 69
11 70
11 71
11 72
11 74
11 75
11 77
11 80
11 82
11 83
11 84
11 85
11 86
11 87
11 88
11 90
11 91
11 92
11 94
11 95
11 96
11 97
11 98
11 99
11 100
11 101
11 103
11 106
11 107
11 108
11 109
11 110
11 112
11 113
11 114
11 116
11 119
11 121
11 122
11 123
11 126
11 127
11 130
11 132
11 133
11 135
12 6
12 24
12 25
12 29
12 44
12 47
12 60
12 67
12 68
12 71
12 72
12 80
12 84
12 87
12 90
12 92
12 94
12 98
12 100
12 107
12 108
12 123
12 133
13 0
13 3
13 4
13 7
13 10
13 16
13 22
13 23
13 24
13 25
13 26
13 27
13 28
13 29
13 32
13 38
13 40
13 41
13 43
13 44
13 47
13 51
13 52
13 60
13 61
13 62
13 65
13 66
13 67
13 68
13 70
13 72
13 74
13 80
13 82
13 83
13 84
13 87
13 90
13 92
13 94
13 97
13 98
13 100
13 103
13 106
13 107
13 108
13 112
13 119
13 123
13 133
14 3
14 4
14 22
14 24
14 25
14 29
14 32
14 44
14 47
14 60
14 61
14 66
14 67
14 68
14 72
14 80
14 82
14 84
14 87
14 90
14 92
14 94
14 97
14 98
14 100
14 107
14 108
14 123
14 133
15 0
15 3
15 4
15 6
15 7
15 10
15 12
15 13
15 14
15 16
15 21
15 22
15 23
15 24
15 25
15 26
15 27
15 28
15 29
15 32
15 34
15 36
15 38
15 40
15 41
15 43
15 44
15 47
15 51
15 52
15 55
15 56
15 60
15 61
15 62
15 65
15 66
15 67
15 68
15 69
15 70
15 71
15 72
15 74
15 75
15 77
15 80
15 82
15 83
15 84
15 85
15 87
15 90
15 91
15 92
15 94
15 97
15 98
15 99
15 100
15 103
15 106
15 107
15 108
15 112
15 119
15 123
15 126
15 132
15 133
16 3
16 4
16 7
16 10
16 22
16 23
16 24
16 25
16 26
16 28
16 29
16 32
16 40
16 43
16 44
16 47
16 51
16 60
16 61
16 65
16 66
16 67
16 68
16 70
16 72
16 74
16 80
16 82
16 83
16 84
16 87
16 90
16 92
16 94
16 97
16 98
16 100
16 107
16 108
16 123
16 133
17 0
17 1
17 3
17 4
17 5
17 6
17 7
17 8
17 10
17 12
17 13
17 14
17 15
17 16
17 19
17 20
17 21
17 22
17 23
17 24
17 25
17 26
17 27
17 28
17 29
17 32
17 33
17 34
17 36
17 38
17 40
17 41
17 43
17 44
17 47
17 49
17 51
17 52
17 53
17 55
17 56
17 58
17 60
17 61
17 62
17 63
17 65
17 66
17 67
17 68
17 69
17 70
17 71
17 72
17 73
17 74
17 75
17 77
17 80
17 82
17 83
17 84
17 85
17 86
17 87
17 88
17 89
17 90
17 91
17 92
17 94
17 95
17 96
17 97
17 98
17 99
17 100
17 101
17 103
17 105
17 106
17 107
17 108
17 111
17 112
17 114
17 116
17 119
17 123
17 126
17 127
17 130
17 132
17 133
18 0
18 1
18 2
18 3
18 4
18 5
18 6
18 7
18 10
18 12
18 13
18 14
18 15
18 16
18 20
18 21
18 22
18 23
18 24
18 25
18 26
18 27
18 28
18 29
18 32
18 33
18 34
18 36
18 38
18 40
18 41
18 43
18 44
18 45
18 46
18 47
18 50
18 51
18 52
18 53
18 55
18 56
18 58
18 60
18 61
18 62
18 65
18 66
18 67
18 68
18 69
18 70
18 71
18 72
18 74
18 75
18 77
18 80
18 82
18 83
18 84
18 85
18 86
18 87
18 88
18 90
18 91
18 92
18 94
18 95
18 96
18 97
18 98
18 99
18 100
18 101
18 103
18 106
18 107
18 108
18 109
18 110
18 112
18 113
18 114
18 115
18 119
18 121
18 122
18 123
18 126
18 127
18 130
18 132
18 133
18 135
19 1
19 3
19 4
19 5
19 6
19 7
19 8
19 10
19 12
19 14
19 16
19 22
19 23
19 24
19 25
19 26
19 28
19 29
19 32
19 40
19 43
19 44
19 47
19 51
19 60
19 61
19 65
19 66
19 67
19 68
19 69
19 70
19 71
19 72
19 74
19 77
19 80
19 82
19 83
19 84
19 87
19 90
19 91
19 92
19 94
19 97
19 98
19 99
19 100
19 103
19 107
19 108
19 123
19 130
19 133
20 0
20 1
20 3
20 4
20 5
20 6
20 7
20 10
20 12
20 13
20 14
20 16
20 21
20 22
20 23
20 24
20 25
20 26
20 27
20 28
20 29
20 32
20 36
20 38
20 40
20 41
20 43
20 44
20 47
20 51
20 52
20 55
20 60
20 61
20 62
20 65
20 66
20 67
20 68
20 69
20 70
20 71
20 72
20 74
20 75
20 77
20 80
20 82
20 83
20 84
20 85
20 86
20 87
20 90
20 91
20 92
20 94
20 97
20 98
20 99
20 100
20 103
20 106
20 107
20 108
20 112
20 119
20 123
20 126
20 130
20 133
21 3
21 4
21 6
21 7
21 10
21 14
21 16
21 22
21 23
21 24
21 25
21 26
21 28
21 29
21 32
21 40
21 43
21 44
21 47
21 51
21 60
21 61
21 65
21 66
21 67
21 68
21 70
21 71
21 72
21 74
21 80
21 82
21 83
21 84
21 87
21 90
21 91
21 92
21 94
21 97
21 98
21 100
21 103
21 107
21 108
21 112
21 123
21 133
22 4
22 24
22 25
22 29
22 44
22 47
22 60
22 67
22 68
22 72
22 80
22 84
22 87
22 90
22 92
22 94
22 98
22 100
22 107
22 108
22 123
22 133
23 32
23 43
23 44
23 51
23 67
23 70
23 72
23 80
23 82
23 84
23 92
23 97
23 98
23 100
23 108
23 133
24 44
24 60
24 67
24 72
24 80
24 84
24 87
24 92
24 94
24 98
24 100
24 108
24 133
25 44
25 133
26 32
26 43
26 72
26 80
26 82
26 84
26 92
26 97
26 100
26 133
27 4
27 7
27 10
27 23
27 24
27 25
27 26
27 28
27 29
27 32
27 40
27 43
27 44
27 47
27 51
27 60
27 62
27 67
27 68
27 70
27 72
27 74
27 80
27 82
27 83
27 84
27 87
27 90
27 92
27 94
27 97
27 98
27 100
27 106
27 107
27 108
27 119
27 133
28 10
28 23
28 24
28 26
28 32
28 43
28 44
28 51
28 60
28 67
28 70
28 72
28 74
28 80
28 82
28 83
28 84
28 87
28 92
28 94
28 97
28 98
28 100
28 108
28 133
29 44
29 47
29 60
29 67
29 68
29 72
29 80
29 94
29 98
29 100
29 107
29 108
29 133
30 0
30 2
30 3
30 4
30 6
30 7
30 10
30 12
30 13
30 14
30 16
30 21
30 22
30 23
30 24
30 25
30 26
30 27
30 28
30 29
30 32
30 33
30 34
30 36
30 38
30 40
30 41
30 43
30 44
30 45
30 46
30 47
30 51
30 52
30 53
30 55
30 56
30 58
30 60
30 61
30 62
30 65
30 66
30 67
30 68
30 70
30 71
30 72
30 74
30 75
30 80
30 81
30 82
30 83
30 84
30 87
30 90
30 91
30 92
30 93
30 94
30 97
30 98
30 99
30 100
30 103
30 104
30 106
30 107
30 108
30 112
30 113
30 114
30 119
30 120
30 121
30 123
30 124
30 126
30 129
30 132
30 133
30 135
31 0
31 1
31 3
31 4
31 5
31 6
31 7
31 8
31 10
31 12
31 13
31 14
31 15
31 16
31 17
31 19
31 20
31 21
31 22
31 23
31 24
31 25
31 26
31 27
31 28
31 29
31 32
31 33
31 34
31 36
31 38
31 39
31 40
31 41
31 43
31 44
31 47
31 49
31 51
31 52
31 53
31 55
31 56
31 58
31 60
31 61
31 62
31 63
31 65
31 66
31 67
31 68
31 69
31 70
31 71
31 72
31 73
31 74
31 75
31 77
31 78
31 80
31 82
31 83
31 84
31 85
31 86
31 87
31 88
31 89
31 90
31 91
31 92
31 94
31 95
31 96
31 97
31 98
31 99
31 100
31 101
31 103
31 105
31 106
31 107
31 108
31 111
31 112
31 114
31 116
31 119
31 123
31 126
31 127
31 130
31 131
31 132
31 133
32 72
32 80
32 84
32 92
32 97
33 4
33 7
33 10
33 23
33 24
33 25
33 26
33 27
33 28
33 29
33 32
33 38
33 40
33 43
33 44
33 47
33 51
33 52
33 56
33 60
33 62
33 66
33 67
33 68
33 70
33 72
33 74
33 80
33 82
33 83
33 84
33 87
33 90
33 92
33 94
33 97
33 98
33 100
33 106
33 107
33 108
33 119
33 123
33 133
34 0
34 4
34 7
34 10
34 23
34 24
34 25
34 26
34 27
34 28
34 29
34 32
34 38
34 40
34 43
34 44
34 47
34 51
34 52
34 56
34 60
34 62
34 66
34 67
34 68
34 70
34 72
34 74
34 80
34 82
34 83
34 84
34 87
34 90
34 92
34 94
34 97
34 98
34 100
34 106
34 107
34 108
34 112
34 119
34 123
34 132
34 133
35 0
35 1
35 2
35 3
35 4
35 5
35 6
35 7
35 10
35 12
35 13
35 14
35 15
35 16
35 18
35 20
35 21
35 22
35 23
35 24
35 25
35 26
35 27
35 28
35 29
35 32
35 33
35 34
35 36
35 38
35 40
35 41
35 43
35 44
35 45
35 46
35 47
35 50
35 51
35 52
35 53
35 55
35 56
35 58
35 60
35 61
35 62
35 65
35 66
35 67
35 68
35 69
35 70
35 71
35 72
35 74
35 75
35 77
35 80
35 82
35 83
35 84
35 85
35 86
35 87
35 88
35 90
35 91
35 92
35 93
35 94
35 95
35 96
35 97
35 98
35 99
35 100
35 101
35 103
35 106
35 107
35 108
35 109
35 110
35 112
35 113
35 114
35 115
35 119
35 120
35 121
35 122
35 123
35 126
35 127
35 129
35 130
35 132
35 133
35 135
36 0
36 3
36 4
36 7
36 10
36 14
36 16
36 22
36 23
36 24
36 25
36 26
36 28
36 29
36 32
36 40
36 41
36 43
36 44
36 47
36 51
36 60
36 61
36 62
36 65
36 66
36 67
36 68
36 70
36 72
36 74
36 80
36 82
36 83
36 84
36 87
36 90
36 92
36 94
36 97
36 98
36 100
36 103
36 107
36 108
36 112
36 123
36 126
36 133
37 0
37 1
37 2
37 3
37 4
37 5
37 6
37 7
37 8
37 10
37 12
37 13
37 14
37 15
37 16
37 17
37 19
37 20
37 21
37 22
37 23
37 24
37 25
37 26
37 27
37 28
37 29
37 32
37 33
37 34
37 36
37 38
37 39
37 40
37 41
37 43
37 44
37 46
37 47
37 49
37 51
37 52
37 53
37 55
37 56
37 58
37 60
37 61
37 62
37 63
37 65
37 66
37 67
37 68
37 69
37 70
37 71
37 72
37 73
37 74
37 75
37 77
37 78
37 80
37 82
37 83
37 84
37 85
37 86
37 87
37 88
37 89
37 90
37 91
37 92
37 94
37 95
37 96
37 97
37 98
37 99
37 100
37 101
37 103
37 105
37 106
37 107
37 108
37 109
37 110
37 111
37 112
37 114
37 116
37 117
37 119
37 121
37 123
37 126
37 127
37 130
37 131
37 132
37 133
38 4
38 7
38 10
38 23
38 24
38 25
38 26
38 28
38 29
38 32
38 40
38 43
38 44
38 47
38 51
38 60
38 62
38 67
38 68
38 70
38 72
38 74
38 80
38 82
38 83
38 84
38 87
38 90
38 92
38 94
38 97
38 98
38 100
38 106
38 107
38 108
38 119
38 133
39 0
39 1
39 3
39 4
39 5
39 6
39 7
39 8
39 10
39 12
39 13
39 14
39 15
39 16
39 19
39 20
39 21
39 22
39 23
39 24
39 25
39 26
39 27
39 28
39 29
39 32
39 33
39 34
39 36
39 38
39 40
39 41
39 43
39 44
39 47
39 49
39 51
39 52
39 53
39 55
39 56
39 60
39 61
39 62
39 63
39 65
39 66
39 67
39 68
39 69
39 70
39 71
39 72
39 73
39 74
39 75
39 77
39 80
39 82
39 83
39 84
39 85
39 86
39 87
39 88
39 89
39 90
39 91
39 92
39 94
39 95
39 96
39 97
39 98
39 99
39 100
39 101
39 103
39 105
39 106
39 107
39 108
39 111
39 112
39 114
39 116
39 119
39 123
39 126
39 130
39 131
39 132
39 133
40 4
40 23
40 24
40 25
40 29
40 32
40 43
40 44
40 47
40 51
40 60
40 67
40 68
40 70
40 72
40 74
40 80
40 82
40 83
40 84
40 87
40 92
40 94
40 97
40 98
40 100
40 107
40 108
40 133
41 0
41 3
41 4
41 7
41 10
41 16
41 22
41 23
41 24
41 25
41 26
41 28
41 29
41 32
41 40
41 43
41 44
41 47
41 51
41 60
41 61
41 62
41 65
41 66
41 67
41 68
41 70
41 72
41 74
41 80
41 82
41 83
41 84
41 87
41 90
41 92
41 94
41 97
41 98
41 100
41 107
41 108
41 112
41 123
41 133
42 0
42 2
42 3
42 4
42 6
42 7
42 10
42 13
42 14
42 16
42 22
42 23
42 24
42 25
42 26
42 27
42 28
42 29
42 32
42 33
42 34
42 36
42 38
42 40
42 41
42 43
42 44
42 45
42 46
42 47
42 51
42 52
42 53
42 56
42 58
42 60
42 61
42 62
42 65
42 66
42 67
42 68
42 70
42 71
42 72
42 74
42 75
42 80
42 81
42 82
42 83
42 84
42 87
42 90
42 91
42 92
42 93
42 94
42 97
42 98
42 100
42 103
42 104
42 106
42 107
42 108
42 112
42 113
42 114
42 119
42 120
42 121
42 123
42 126
42 129
42 132
42 133
42 135
43 72
43 80
43 92
43 97
44 133
45 0
45 2
45 3
45 4
45 7
45 10
45 13
45 16
45 22
45 23
45 24
45 25
45 26
45 27
45 28
45 29
45 32
45 33
45 34
45 38
45 40
45 41
45 43
45 44
45 47
45 51
45 52
45 53
45 56
45 58
45 60
45 61
45 62
45 65
45 66
45 67
45 68
45 70
45 72
45 74
45 80
45 82
45 83
45 84
45 87
45 90
45 92
45 94
45 97
45 98
45 100
45 103
45 106
45 107
45 108
45 112
45 114
45 119
45 123
45 126
45 132
45 133
46 0
46 2
46 3
46 4
46 7
46 10
46 13
46 14
46 16
46 22
46 23
46 24
46 25
46 26
46 27
46 28
46 29
46 32
46 33
46 34
46 36
46 38
46 40
46 41
46 43
46 44
46 47
46 51
46 52
46 53
46 56
46 58
46 60
46 61
46 62
46 65
46 66
46 67
46 68
46 70
46 71
46 72
46 74
46 75
46 80
46 82
46 83
46 84
46 87
46 90
46 92
46 94
46 97
46 98
46 100
46 103
46 106
46 107
46 108
46 112
46 114
46 119
46 121
46 123
46 126
46 132
46 133
47 44
47 60
47 67
47 68
47 72
47 80
47 94
47 98
47 107
47 133
48 0
48 1
48 2
48 3
48 4
48 5
48 6
48 7
48 8
48 10
48 11
48 12
48 13
48 14
48 15
48 16
48 17
48 18
48 19
48 20
48 21
48 22
48 23
48 24
48 25
48 26
48 27
48 28
48 29
48 30
48 31
48 32
48 33
48 34
48 35
48 36
48 37
48 38
48 39
48 40
48 41
48 43
48 44
48 45
48 46
48 47
48 49
48 50
48 51
48 52
48 53
48 54
48 55
48 56
48 58
48 60
48 61
48 62
48 63
48 64
48 65
48 66
48 67
48 68
48 69
48 70
48 71
48 72
48 73
48 74
48 75
48 77
48 78
48 79
48 80
48 81
48 82
48 83
48 84
48 85
48 86
48 87
48 88
48 89
48 90
48 91
48 92
48 93
48 94
48 95
48 96
48 97
48 98
48 99
48 100
48 101
48 103
48 104
48 105
48 106
48 107
48 108
48 109
48 110
48 111
48 112
48 113
48 114
48 115
48 116
48 117
48 118
48 119
48 120
48 121
48 122
48 123
48 124
48 126
48 127
48 128
48 129
48 130
48 131
48 132
48 133
48 134
48 135
49 0
49 1
49 3
49 4
49 5
49 6
49 7
49 8
49 10
49 12
49 14
49 16
49 19
49 21
49 22
49 23
49 24
49 25
49 26
49 28
49 29
49 32
49 40
49 43
49 44
49 47
49 51
49 60
49 61
49 62
49 65
49 66
49 67
49 68
49 69
49 70
49 71
49 72
49 74
49 77
49 80
49 82
49 83
49 84
49 87
49 90
49 91
49 92
49 94
49 97
49 98
49 99
49 100
49 103
49 107
49 108
49 112
49 116
49 123
49 126
49 130
49 133
50 0
50 2
50 3
50 4
50 5
50 6
50 7
50 10
50 12
50 13
50 14
50 15
50 16
50 21
50 22
50 23
50 24
50 25
50 26
50 27
50 28
50 29
50 32
50 33
50 34
50 36
50 38
50 40
50 41
50 43
50 44
50 45
50 46
50 47
50 51
50 52
50 53
50 55
50 56
50 58
50 60
50 61
50 62
50 65
50 66
50 67
50 68
50 69
50 70
50 71
50 72
50 74
50 75
50 77
50 80
50 82
50 83
50 84
50 85
50 87
50 90
50 91
50 92
50 94
50 95
50 96
50 97
50 98
50 99
50 100
50 103
50 106
50 107
50 108
50 109
50 110
50 112
50 113
50 114
50 115
50 119
50 121
50 122
50 123
50 126
50 127
50 132
50 133
50 135
51 32
51 43
51 72
51 80
51 82
51 84
51 92
51 97
51 100
51 108
51 133
52 4
52 7
52 10
52 23
52 24
52 25
52 26
52 27
52 28
52 29
52 32
52 40
52 43
52 44
52 47
52 51
52 60
52 62
52 66
52 67
52 68
52 70
52 72
52 74
52 80
52 82
52 83
52 84
52 87
52 90
52 92
52 94
52 97
52 98
52 100
52 106
52 107
52 108
52 119
52 123
52 133
53 0
53 4
53 7
53 10
53 23
53 24
53 25
53 26
53 27
53 28
53 29
53 32
53 33
53 34
53 38
53 40
53 43
53 44
53 47
53 51
53 52
53 56
53 60
53 62
53 66
53 67
53 68
53 70
53 72
53 74
53 80
53 82
53 83
53 84
53 87
53 90
53 92
53 94
53 97
53 98
53 100
53 106
53 107
53 108
53 112
53 114
53 119
53 123
53 132
53 133
54 0
54 1
54 2
54 3
54 4
54 5
54 6
54 7
54 8
54 10
54 11
54 12
54 13
54 14
54 15
54 16
54 18
54 19
54 20
54 21
54 22
54 23
54 24
54 25
54 26
54 27
54 28
54 29
54 32
54 33
54 34
54 35
54 36
54 38
54 40
54 41
54 43
54 44
54 45
54 46
54 47
54 49
54 50
54 51
54 52
54 53
54 55
54 56
54 58
54 60
54 61
54 62
54 64
54 65
54 66
54 67
54 68
54 69
54 70
54 71
54 72
54 74
54 75
54 77
54 80
54 81
54 82
54 83
54 84
54 85
54 86
54 87
54 88
54 89
54 90
54 91
54 92
54 93
54 94
54 95
54 96
54 97
54 98
54 99
54 100
54 101
54 103
54 105
54 106
54 107
54 108
54 109
54 110
54 112
54 113
54 114
54 115
54 116
54 117
54 119
54 120
54 121
54 122
54 123
54 126
54 127
54 129
54 130
54 132
54 133
54 135
55 0
55 3
55 4
55 6
55 7
55 10
55 14
55 16
55 21
55 22
55 23
55 24
55 25
55 26
55 27
55 28
55 29
55 32
55 36
55 40
55 41
55 43
55 44
55 47
55 51
55 52
55 60
55 61
55 62
55 65
55 66
55 67
55 68
55 70
55 71
55 72
55 74
55 80
55 82
55 83
55 84
55 87
55 90
55 91
55 92
55 94
55 97
55 98
55 100
55 103
55 106
55 107
55 108
55 112
55 119
55 123
55 126
55 133
56 4
56 7
56 10
56 23
56 24
56 25
56 26
56 28
56 29
56 32
56 40
56 43
56 44
56 47
56 51
56 60
56 62
56 67
56 68
56 70
56 72
56 74
56 80
56 82
56 83
56 84
56 87
56 92
56 94
56 97
56 98
56 100
56 106
56 107
56 108
56 119
56 133
57 0
57 1
57 2
57 3
57 4
57 5
57 6
57 7
57 8
57 10
57 11
57 12
57 13
57 14
57 15
57 16
57 17
57 18
57 19
57 20
57 21
57 22
57 23
57 24
57 25
57 26
57 27
57 28
57 29
57 30
57 31
57 32
57 33
57 34
57 35
57 36
57 37
57 38
57 39
57 40
57 41
57 42
57 43
57 44
57 45
57 46
57 47
57 48
57 49
57 50
57 51
57 52
57 53
57 54
57 55
57 56
57 58
57 59
57 60
57 61
57 62
57 63
57 64
57 65
57 66
57 67
57 68
57 69
57 70
57 71
57 72
57 73
57 74
57 75
57 76
57 77
57 78
57 79
57 80
57 81
57 82
57 83
57 84
57 85
57 86
57 87
57 88
57 89
57 90
57 91
57 92
57 93
57 94
57 95
57 96
57 97
57 98
57 99
57 100
57 101
57 103
57 104
57 105
57 106
57 107
57 108
57 109
57 110
57 111
57 112
57 113
57 114
57 115
57 116
57 117
57 118
57 119
57 120
57 121
57 122
57 123
57 124
57 125
57 126
57 127
57 128
57 129
57 130
57 131
57 132
57 133
57 134
57 135
58 0
58 4
58 7
58 10
58 23
58 24
58 25
58 26
58 27
58 28
58 29
58 32
58 33
58 34
58 38
58 40
58 43
58 44
58 47
58 51
58 52
58 53
58 56
58 60
58 62
58 66
58 67
58 68
58 70
58 72
58 74
58 80
58 82
58 83
58 84
58 87
58 90
58 92
58 94
58 97
58 98
58 100
58 106
58 107
58 108
58 112
58 114
58 119
58 123
58 132
58 133
59 0
59 1
59 2
59 3
59 4
59 5
59 6
59 7
59 8
59 10
59 11
59 12
59 13
59 14
59 15
59 16
59 17
59 18
59 19
59 20
59 21
59 22
59 23
59 24
59 25
59 26
59 27
59 28
59 29
59 31
59 32
59 33
59 34
59 35
59 36
59 37
59 38
59 39
59 40
59 41
59 43
59 44
59 45
59 46
59 47
59 49
59 50
59 51
59 52
59 53
59 54
59 55
59 56
59 58
59 60
59 61
59 62
59 63
59 64
59 65
59 66
59 67
59 68
59 69
59 70
59 71
59 72
59 73
59 74
59 75
59 77
59 78
59 79
59 80
59 81
59 82
59 83
59 84
59 85
59 86
59 87
59 88
59 89
59 90
59 91
59 92
59 93
59 94
59 95
59 96
59 97
59 98
59 99
59 100
59 101
59 103
59 104
59 105
59 106
59 107
59 108
59 109
59 110
59 111
59 112
59 113
59 114
59 115
59 116
59 117
59 119
59 120
59 121
59 122
59 123
59 126
59 127
59 128
59 129
59 130
59 131
59 132
59 133
59 135
60 44
60 98
60 133
61 24
61 25
61 29
61 44
61 47
61 60
61 67
61 68
61 72
61 80
61 84
61 87
61 90
61 92
61 94
61 98
61 100
61 107
61 108
61 123
61 133
62 10
62 23
62 24
62 26
62 28
62 32
62 43
62 44
62 51
62 60
62 67
62 68
62 70
62 72
62 74
62 80
62 82
62 83
62 84
62 87
62 92
62 94
62 97
62 98
62 100
62 107
62 108
62 133
63 0
63 1
63 3
63 4
63 5
63 6
63 7
63 8
63 10
63 12
63 13
63 14
63 15
63 16
63 19
63 20
63 21
63 22
63 23
63 24
63 25
63 26
63 27
63 28
63 29
63 32
63 33
63 34
63 36
63 38
63 40
63 41
63 43
63 44
63 47
63 49
63 51
63 52
63 55
63 56
63 60
63 61
63 62
63 65
63 66
63 67
63 68
63 69
63 70
63 71
63 72
63 73
63 74
63 75
63 77
63 80
63 82
63 83
63 84
63 85
63 86
63 87
63 88
63 89
63 90
63 91
63 92
63 94
63 95
63 96
63 97
63 98
63 99
63 100
63 101
63 103
63 105
63 106
63 107
63 108
63 112
63 116
63 119
63 123
63 126
63 130
63 132
63 133
64 0
64 1
64 2
64 3
64 4
64 5
64 6
64 7
64 8
64 10
64 12
64 13
64 14
64 15
64 16
64 19
64 20
64 21
64 22
64 23
64 24
64 25
64 26
64 27
64 28
64 29
64 32
64 33
64 34
64 36
64 38
64 40
64 41
64 43
64 44
64 46
64 47
64 49
64 51
64 52
64 53
64 55
64 56
64 58
64 60
64 61
64 62
64 65
64 66
64 67
64 68
64 69
64 70
64 71
64 72
64 74
64 75
64 77
64 80
64 82
64 83
64 84
64 85
64 86
64 87
64 88
64 89
64 90
64 91
64 92
64 94
64 95
64 96
64 97
64 98
64 99
64 100
64 101
64 103
64 105
64 106
64 107
64 108
64 109
64 110
64 112
64 113
64 114
64 116
64 117
64 119
64 121
64 122
64 123
64 126
64 127
64 130
64 132
64 133
64 135
65 4
65 7
65 22
65 23
65 24
65 25
65 29
65 32
65 40
65 43
65 44
65 47
65 51
65 60
65 66
65 67
65 68
65 70
65 72
65 74
65 80
65 82
65 83
65 84
65 87
65 90
65 92
65 94
65 97
65 98
65 100
65 107
65 108
65 123
65 133
66 4
66 24
66 25
66 29
66 44
66 47
66 60
66 67
66 68
66 72
66 80
66 84
66 87
66 90
66 92
66 94
66 98
66 100
66 107
66 108
66 123
66 133
67 44
67 98
67 133
68 44
68 60
68 67
68 94
68 98
68 107
68 133
69 3
69 4
69 6
69 12
69 14
69 22
69 23
69 24
69 25
69 29
69 32
69 40
69 43
69 44
69 47
69 51
69 60
69 61
69 66
69 67
69 68
69 70
69 71
69 72
69 74
69 80
69 82
69 83
69 84
69 87
69 90
69 91
69 92
69 94
69 97
69 98
69 99
69 100
69 107
69 108
69 123
69 133
70 32
70 72
70 80
70 82
70 84
70 92
70 97
70 98
70 100
70 108
70 133
71 25
71 44
71 60
71 67
71 68
71 94
71 98
71 107
71 133
72 80
73 0
73 1
73 3
73 4
73 5
73 6
73 7
73 8
73 10
73 12
73 14
73 16
73 19
73 21
73 22
73 23
73 24
73 25
73 26
73 27
73 28
73 29
73 32
73 36
73 38
73 40
73 41
73 43
73 44
73 47
73 49
73 51
73 52
73 55
73 60
73 61
73 62
73 65
73 66
73 67
73 68
73 69
73 70
73 71
73 72
73 74
73 75
73 77
73 80
73 82
73 83
73 84
73 85
73 86
73 87
73 89
73 90
73 91
73 92
73 94
73 97
73 98
73 99
73 100
73 103
73 105
73 106
73 107
73 108
73 112
73 116
73 119
73 123
73 126
73 130
73 133
74 24
74 32
74 43
74 44
74 60
74 67
74 70
74 72
74 80
74 82
74 84
74 87
74 92
74 94
74 97
74 98
74 100
74 108
74 133
75 0
75 3
75 4
75 7
75 10
75 14
75 16
75 22
75 23
75 24
75 25
75 26
75 27
75 28
75 29
75 32
75 36
75 38
75 40
75 41
75 43
75 44
75 47
75 51
75 52
75 60
75 61
75 62
75 65
75 66
75 67
75 68
75 70
75 71
75 72
75 74
75 80
75 82
75 83
75 84
75 87
75 90
75 92
75 94
75 97
75 98
75 100
75 103
75 106
75 107
75 108
75 112
75 119
75 123
75 126
75 133
76 0
76 1
76 2
76 3
76 4
76 5
76 6
76 7
76 8
76 10
76 11
76 12
76 13
76 14
76 15
76 16
76 17
76 18
76 19
76 20
76 21
76 22
76 23
76 24
76 25
76 26
76 27
76 28
76 29
76 30
76 31
76 32
76 33
76 34
76 35
76 36
76 37
76 38
76 39
76 40
76 41
76 42
76 43
76 44
76 45
76 46
76 47
76 48
76 49
76 50
76 51
76 52
76 53
76 54
76 55
76 56
76 58
76 60
76 61
76 62
76 63
76 64
76 65
76 66
76 67
76 68
76 69
76 70
76 71
76 72
76 73
76 74
76 75
76 77
76 78
76 79
76 80
76 81
76 82
76 83
76 84
76 85
76 86
76 87
76 88
76 89
76 90
76 91
76 92
76 93
76 94
76 95
76 96
76 97
76 98
76 99
76 100
76 101
76 103
76 104
76 105
76 106
76 107
76 108
76 109
76 110
76 111
76 112
76 113
76 114
76 115
76 116
76 117
76 118
76 119
76 120
76 121
76 122
76 123
76 124
76 126
76 127
76 128
76 129
76 130
76 131
76 132
76 133
76 134
76 135
77 3
77 4
77 6
77 12
77 22
77 24
77 25
77 29
77 32
77 44
77 47
77 60
77 61
77 66
77 67
77 68
77 71
77 72
77 80
77 82
77 84
77 87
77 90
77 91
77 92
77 94
77 97
77 98
77 100
77 107
77 108
77 123
77 133
78 0
78 1
78 3
78 4
78 5
78 6
78 7
78 8
78 10
78 12
78 13
78 14
78 16
78 19
78 20
78 21
78 22
78 23
78 24
78 25
78 26
78 27
78 28
78 29
78 32
78 36
78 38
78 40
78 41
78 43
78 44
78 47
78 49
78 51
78 52
78 55
78 60
78 61
78 62
78 65
78 66
78 67
78 68
78 69
78 70
78 71
78 72
78 73
78 74
78 75
78 77
78 80
78 82
78 83
78 84
78 85
78 86
78 87
78 88
78 89
78 90
78 91
78 92
78 94
78 97
78 98
78 99
78 100
78 103
78 105
78 106
78 107
78 108
78 112
78 116
78 119
78 123
78 126
78 130
78 131
78 133
79 0
79 1
79 2
79 3
79 4
79 5
79 6
79 7
79 8
79 10
79 11
79 12
79 13
79 14
79 15
79 16
79 17
79 18
79 19
79 20
79 21
79 22
79 23
79 24
79 25
79 26
79 27
79 28
79 29
79 32
79 33
79 34
79 35
79 36
79 38
79 39
79 40
79 41
79 43
79 44
79 45
79 46
79 47
79 49
79 50
79 51
79 52
79 53
79 55
79 56
79 58
79 60
79 61
79 62
79 63
79 64
79 65
79 66
79 67
79 68
79 69
79 70
79 71
79 72
79 73
79 74
79 75
79 77
79 78
79 80
79 81
79 82
79 83
79 84
79 85
79 86
79 87
79 88
79 89
79 90
79 91
79 92
79 93
79 94
79 95
79 96
79 97
79 98
79 99
79 100
79 101
79 103
79 105
79 106
79 107
79 108
79 109
79 110
79 111
79 112
79 113
79 114
79 115
79 116
79 117
79 119
79 120
79 121
79 122
79 123
79 126
79 127
79 129
79 130
79 131
79 132
79 133
79 135
81 0
81 2
81 3
81 4
81 7
81 10
81 13
81 14
81 16
81 22
81 23
81 24
81 25
81 26
81 27
81 28
81 29
81 32
81 33
81 34
81 36
81 38
81 40
81 41
81 43
81 44
81 45
81 47
81 51
81 52
81 53
81 56
81 58
81 60
81 61
81 62
81 65
81 66
81 67
81 68
81 70
81 72
81 74
81 80
81 82
81 83
81 84
81 87
81 90
81 92
81 94
81 97
81 98
81 100
81 103
81 106
81 107
81 108
81 112
81 114
81 119
81 120
81 121
81 123
81 126
81 129
81 132
81 133
82 32
82 72
82 80
82 84
82 92
82 97
82 100
82 133
83 32
83 43
83 51
83 72
83 80
83 82
83 84
83 92
83 97
83 100
83 108
83 133
84 72
84 80
84 92
85 0
85 3
85 4
85 6
85 7
85 10
85 12
85 14
85 16
85 21
85 22
85 23
85 24
85 25
85 26
85 27
85 28
85 29
85 32
85 36
85 40
85 41
85 43
85 44
85 47
85 51
85 60
85 61
85 62
85 65
85 66
85 67
85 68
85 69
85 70
85 71
85 72
85 74
85 77
85 80
85 82
85 83
85 84
85 87
85 90
85 91
85 92
85 94
85 97
85 98
85 99
85 100
85 103
85 106
85 107
85 108
85 112
85 119
85 123
85 126
85 133
86 0
86 1
86 3
86 4
86 5
86 6
86 7
86 10
86 12
86 14
86 16
86 21
86 22
86 23
86 24
86 25
86 26
86 27
86 28
86 29
86 32
86 36
86 40
86 41
86 43
86 44
86 47
86 51
86 60
86 61
86 62
86 65
86 66
86 67
86 68
86 69
86 70
86 71
86 72
86 74
86 77
86 80
86 82
86 83
86 84
86 87
86 90
86 91
86 92
86 94
86 97
86 98
86 99
86 100
86 103
86 106
86 107
86 108
86 112
86 119
86 123
86 126
86 130
86 133
87 44
87 67
87 72
87 80
87 84
87 92
87 98
87 100
87 108
87 133
88 0
88 1
88 3
88 4
88 5
88 6
88 7
88 10
88 12
88 13
88 14
88 16
88 20
88 21
88 22
88 23
88 24
88 25
88 26
88 27
88 28
88 29
88 32
88 36
88 38
88 40
88 41
88 43
88 44
88 47
88 51
88 52
88 55
88 60
88 61
88 62
88 65
88 66
88 67
88 68
88 69
88 70
88 71
88 72
88 74
88 75
88 77
88 80
88 82
88 83
88 84
88 85
88 86
88 87
88 90
88 91
88 92
88 94
88 97
88 98
88 99
88 100
88 103
88 106
88 107
88 108
88 112
88 119
88 123
88 126
88 130
88 133
89 0
89 1
89 3
89 4
89 5
89 6
89 7
89 8
89 10
89 12
89 14
89 16
89 19
89 21
89 22
89 23
89 24
89 25
89 26
89 27
89 28
89 29
89 32
89 36
89 38
89 40
89 41
89 43
89 44
89 47
89 49
89 51
89 52
89 55
89 60
89 61
89 62
89 65
89 66
89 67
89 68
89 69
89 70
89 71
89 72
89 74
89 75
89 77
89 80
89 82
89 83
89 84
89 85
89 86
89 87
89 90
89 91
89 92
89 94
89 97
89 98
89 99
89 100
89 103
89 105
89 106
89 107
89 108
89 112
89 116
89 119
89 123
89 126
89 130
89 133
90 25
90 29
90 44
90 47
90 60
90 67
90 68
90 72
90 80
90 84
90 92
90 94
90 98
90 100
90 107
90 108
90 133
91 3
91 6
91 24
91 25
91 29
91 44
91 47
91 60
91 61
91 67
91 68
91 71
91 72
91 80
91 84
91 87
91 90
91 92
91 94
91 98
91 100
91 107
91 108
91 123
91 133
92 72
92 80
93 0
93 2
93 3
93 4
93 7
93 10
93 13
93 14
93 16
93 22
93 23
93 24
93 25
93 26
93 27
93 28
93 29
93 32
93 33
93 34
93 36
93 38
93 40
93 41
93 43
93 44
93 45
93 46
93 47
93 51
93 52
93 53
93 56
93 58
93 60
93 61
93 62
93 65
93 66
93 67
93 68
93 70
93 71
93 72
93 74
93 75
93 80
93 82
93 83
93 84
93 87
93 90
93 92
93 94
93 97
93 98
93 100
93 103
93 106
93 107
93 108
93 112
93 114
93 119
93 120
93 121
93 123
93 126
93 129
93 132
93 133
93 135
94 44
94 60
94 67
94 98
94 133
95 0
95 3
95 4
95 6
95 7
95 10
95 12
95 13
95 14
95 16
95 21
95 22
95 23
95 24
95 25
95 26
95 27
95 28
95 29
95 32
95 33
95 34
95 36
95 38
95 40
95 41
95 43
95 44
95 47
95 51
95 52
95 55
95 56
95 60
95 61
95 62
95 65
95 66
95 67
95 68
95 70
95 71
95 72
95 74
95 75
95 80
95 82
95 83
95 84
95 87
95 90
95 91
95 92
95 94
95 97
95 98
95 99
95 100
95 103
95 106
95 107
95 108
95 112
95 119
95 123
95 126
95 132
95 133
96 0
96 3
96 4
96 6
96 7
96 10
96 12
96 13
96 14
96 16
96 21
96 22
96 23
96 24
96 25
96 26
96 27
96 28
96 29
96 32
96 33
96 34
96 36
96 38
96 40
96 41
96 43
96 44
96 47
96 51
96 52
96 55
96 56
96 60
96 61
96 62
96 65
96 66
96 67
96 68
96 69
96 70
96 71
96 72
96 74
96 75
96 80
96 82
96 83
96 84
96 87
96 90
96 91
96 92
96 94
96 95
96 97
96 98
96 99
96 100
96 103
96 106
96 107
96 108
96 112
96 119
96 123
96 126
96 132
96 133
97 72
97 80
97 92
98 133
99 3
99 4
99 6
99 12
99 14
99 22
99 24
99 25
99 29
99 32
99 44
99 47
99 60
99 61
99 66
99 67
99 68
99 71
99 72
99 80
99 82
99 84
99 87
99 90
99 91
99 92
99 94
99 97
99 98
99 100
99 107
99 108
99 123
99 133
100 72
100 80
101 0
101 3
101 4
101 5
101 6
101 7
101 10
101 12
101 13
101 14
101 15
101 16
101 21
101 22
101 23
101 24
101 25
101 26
101 27
101 28
101 29
101 32
101 33
101 34
101 36
101 38
101 40
101 41
101 43
101 44
101 47
101 51
101 52
101 55
101 56
101 60
101 61
101 62
101 65
101 66
101 67
101 68
101 69
101 70
101 71
101 72
101 74
101 75
101 77
101 80
101 82
101 83
101 84
101 85
101 87
101 90
101 91
101 92
101 94
101 95
101 96
101 97
101 98
101 99
101 100
101 103
101 106
101 107
101 108
101 112
101 119
101 123
101 126
101 130
101 132
101 133
102 0
102 1
102 2
102 3
102 4
102 5
102 6
102 7
102 8
102 10
102 11
102 12
102 13
102 14
102 15
102 16
102 17
102 18
102 19
102 20
102 21
102 22
102 23
102 24
102 25
102 26
102 27
102 28
102 29
102 30
102 31
102 32
102 33
102 34
102 35
102 36
102 37
102 38
102 39
102 40
102 41
102 42
102 43
102 44
102 45
102 46
102 47
102 48
102 49
102 50
102 51
102 52
102 53
102 54
102 55
102 56
102 58
102 59
102 60
102 61
102 62
102 63
102 64
102 65
102 66
102 67
102 68
102 69
102 70
102 71
102 72
102 73
102 74
102 75
102 76
102 77
102 78
102 79
102 80
102 81
102 82
102 83
102 84
102 85
102 86
102 87
102 88
102 89
102 90
102 91
102 92
102 93
102 94
102 95
102 96
102 97
102 98
102 99
102 100
102 101
102 103
102 104
102 105
102 106
102 107
102 108
102 109
102 110
102 111
102 112
102 113
102 114
102 115
102 116
102 117
102 118
102 119
102 120
102 121
102 122
102 123
102 124
102 125
102 126
102 127
102 128
102 129
102 130
102 131
102 132
102 133
102 134
102 135
103 3
103 4
103 22
103 23
103 24
103 25
103 29
103 32
103 40
103 43
103 44
103 47
103 51
103 60
103 61
103 66
103 67
103 68
103 70
103 72
103 74
103 80
103 82
103 83
103 84
103 87
103 90
103 92
103 94
103 97
103 98
103 100
103 107
103 108
103 123
103 133
104 0
104 2
104 3
104 4
104 7
104 10
104 13
104 14
104 16
104 22
104 23
104 24
104 25
104 26
104 27
104 28
104 29
104 32
104 33
104 34
104 36
104 38
104 40
104 41
104 43
104 44
104 45
104 46
104 47
104 51
104 52
104 53
104 56
104 58
104 60
104 61
104 62
104 65
104 66
104 67
104 68
104 70
104 71
104 72
104 74
104 75
104 80
104 81
104 82
104 83
104 84
104 87
104 90
104 92
104 93
104 94
104 97
104 98
104 100
104 103
104 106
104 107
104 108
104 112
104 114
104 119
104 120
104 121
104 123
104 126
104 129
104 132
104 133
104 135
105 0
105 1
105 3
105 4
105 5
105 6
105 7
105 8
105 10
105 12
105 14
105 16
105 19
105 21
105 22
105 23
105 24
105 25
105 26
105 28
105 29
105 32
105 40
105 43
105 44
105 47
105 49
105 51
105 60
105 61
105 62
105 65
105 66
105 67
105 68
105 69
105 70
105 71
105 72
105 74
105 77
105 80
105 82
105 83
105 84
105 87
105 90
105 91
105 92
105 94
105 97
105 98
105 99
105 100
105 103
105 107
105 108
105 112
105 116
105 123
105 126
105 130
105 133
106 10
106 23
106 24
106 26
106 32
106 43
106 44
106 51
106 60
106 67
106 70
106 72
106 74
106 80
106 82
106 83
106 84
106 87
106 92
106 94
106 97
106 98
106 100
106 108
106 133
107 44
107 60
107 98
107 133
108 72
108 80
108 100
108 133
109 0
109 3
109 4
109 6
109 7
109 10
109 12
109 13
109 14
109 15
109 16
109 21
109 22
109 23
109 24
109 25
109 26
109 27
109 28
109 29
109 32
109 33
109 34
109 36
109 38
109 40
109 41
109 43
109 44
109 47
109 51
109 52
109 53
109 55
109 56
109 58
109 60
109 61
109 62
109 65
109 66
109 67
109 68
109 69
109 70
109 71
109 72
109 74
109 75
109 77
109 80
109 82
109 83
109 84
109 85
109 87
109 90
109 91
109 92
109 94
109 95
109 96
109 97
109 98
109 99
109 100
109 103
109 106
109 107
109 108
109 112
109 114
109 119
109 121
109 123
109 126
109 127
109 132
109 133
110 0
110 2
110 3
110 4
110 6
110 7
110 10
110 12
110 13
110 14
110 16
110 21
110 22
110 23
110 24
110 25
110 26
110 27
110 28
110 29
110 32
110 33
110 34
110 36
110 38
110 40
110 41
110 43
110 44
110 46
110 47
110 51
110 52
110 53
110 55
110 56
110 58
110 60
110 61
110 62
110 65
110 66
110 67
110 68
110 69
110 70
110 71
110 72
110 74
110 75
110 80
110 82
110 83
110 84
110 87
110 90
110 91
110 92
110 94
110 95
110 96
110 97
110 98
110 99
110 100
110 103
110 106
110 107
110 108
110 112
110 114
110 119
110 121
110 123
110 126
110 127
110 132
110 133
111 0
111 1
111 3
111 4
111 5
111 6
111 7
111 8
111 10
111 12
111 13
111 14
111 15
111 16
111 19
111 20
111 21
111 22
111 23
111 24
111 25
111 26
111 27
111 28
111 29
111 32
111 33
111 34
111 36
111 38
111 40
111 41
111 43
111 44
111 47
111 49
111 51
111 52
111 53
111 55
111 56
111 60
111 61
111 62
111 63
111 65
111 66
111 67
111 68
111 69
111 70
111 71
111 72
111 73
111 74
111 75
111 77
111 80
111 82
111 83
111 84
111 85
111 86
111 87
111 88
111 89
111 90
111 91
111 92
111 94
111 95
111 96
111 97
111 98
111 99
111 100
111 101
111 103
111 105
111 106
111 107
111 108
111 112
111 114
111 116
111 119
111 123
111 126
111 130
111 132
111 133
112 4
112 7
112 10
112 23
112 24
112 25
112 26
112 28
112 29
112 32
112 40
112 43
112 44
112 47
112 51
112 60
112 66
112 67
112 68
112 70
112 72
112 74
112 80
112 82
112 83
112 84
112 87
112 90
112 92
112 94
112 97
112 98
112 100
112 107
112 108
112 123
112 133
113 0
113 2
113 3
113 4
113 6
113 7
113 10
113 13
113 14
113 16
113 22
113 23
113 24
113 25
113 26
113 27
113 28
113 29
113 32
113 33
113 34
113 36
113 38
113 40
113 41
113 43
113 44
113 46
113 47
113 51
113 52
113 53
113 56
113 58
113 60
113 61
113 62
113 65
113 66
113 67
113 68
113 70
113 71
113 72
113 74
113 75
113 80
113 82
113 83
113 84
113 87
113 90
113 92
113 94
113 97
113 98
113 100
113 103
113 106
113 107
113 108
113 112
113 114
113 119
113 121
113 123
113 126
113 132
113 133
113 135
114 4
114 7
114 10
114 23
114 24
114 25
114 26
114 27
114 28
114 29
114 32
114 38
114 40
114 43
114 44
114 47
114 51
114 56
114 60
114 62
114 67
114 68
114 70
114 72
114 74
114 80
114 82
114 83
114 84
114 87
114 90
114 92
114 94
114 97
114 98
114 100
114 106
114 107
114 108
114 119
114 133
115 0
115 2
115 3
115 4
115 6
115 7
115 10
115 12
115 13
115 14
115 16
115 21
115 22
115 23
115 24
115 25
115 26
115 27
115 28
115 29
115 32
115 33
115 34
115 36
115 38
115 40
115 41
115 43
115 44
115 45
115 46
115 47
115 51
115 52
115 53
115 55
115 56
115 58
115 60
115 61
115 62
115 65
115 66
115 67
115 68
115 70
115 71
115 72
115 74
115 75
115 80
115 82
115 83
115 84
115 87
115 90
115 91
115 92
115 94
115 95
115 97
115 98
115 99
115 100
115 103
115 106
115 107
115 108
115 112
115 113
115 114
115 119
115 121
115 123
115 126
115 132
115 133
115 135
116 1
116 3
116 4
116 5
116 6
116 7
116 8
116 10
116 12
116 14
116 16
116 19
116 21
116 22
116 23
116 24
116 25
116 26
116 28
116 29
116 32
116 40
116 43
116 44
116 47
116 51
116 60
116 61
116 65
116 66
116 67
116 68
116 69
116 70
116 71
116 72
116 74
116 77
116 80
116 82
116 83
116 84
116 87
116 90
116 91
116 92
116 94
116 97
116 98
116 99
116 100
116 103
116 107
116 108
116 112
116 123
116 130
116 133
117 0
117 1
117 2
117 3
117 4
117 5
117 6
117 7
117 8
117 10
117 12
117 13
117 14
117 15
117 16
117 19
117 20
117 21
117 22
117 23
117 24
117 25
117 26
117 27
117 28
117 29
117 32
117 33
117 34
117 36
117 38
117 40
117 41
117 43
117 44
117 46
117 47
117 49
117 51
117 52
117 53
117 55
117 56
117 58
117 60
117 61
117 62
117 65
117 66
117 67
117 68
117 69
117 70
117 71
117 72
117 74
117 75
117 77
117 80
117 82
117 83
117 84
117 85
117 86
117 87
117 88
117 89
117 90
117 91
117 92
117 94
117 95
117 96
117 97
117 98
117 99
117 100
117 101
117 103
117 105
117 106
117 107
117 108
117 109
117 110
117 112
117 114
117 116
117 119
117 121
117 123
117 126
117 127
117 130
117 132
117 133
118 0
118 1
118 2
118 3
118 4
118 5
118 6
118 7
118 8
118 10
118 11
118 12
118 13
118 14
118 15
118 16
118 17
118 18
118 19
118 20
118 21
118 22
118 23
118 24
118 25
118 26
118 27
118 28
118 29
118 31
118 32
118 33
118 34
118 35
118 36
118 37
118 38
118 39
118 40
118 41
118 43
118 44
118 45
118 46
118 47
118 49
118 50
118 51
118 52
118 53
118 54
118 55
118 56
118 58
118 60
118 61
118 62
118 63
118 64
118 65
118 66
118 67
118 68
118 69
118 70
118 71
118 72
118 73
118 74
118 75
118 77
118 78
118 79
118 80
118 81
118 82
118 83
118 84
118 85
118 86
118 87
118 88
118 89
118 90
118 91
118 92
118 93
118 94
118 95
118 96
118 97
118 98
118 99
118 100
118 101
118 103
118 104
118 105
118 106
118 107
118 108
118 109
118 110
118 111
118 112
118 113
118 114
118 115
118 116
118 117
118 119
118 120
118 121
118 122
118 123
118 124
118 126
118 127
118 128
118 129
118 130
118 131
118 132
118 133
118 135
119 10
119 23
119 24
119 26
119 28
119 32
119 43
119 44
119 51
119 60
119 67
119 70
119 72
119 74
119 80
119 82
119 83
119 84
119 87
119 92
119 94
119 97
119 98
119 100
119 106
119 108
119 133
120 0
120 2
120 3
120 4
120 7
120 10
120 13
120 16
120 22
120 23
120 24
120 25
120 26
120 27
120 28
120 29
120 32
120 33
120 34
120 38
120 40
120 41
120 43
120 44
120 47
120 51
120 52
120 53
120 56
120 58
120 60
120 61
120 62
120 65
120 66
120 67
120 68
120 70
120 72
120 74
120 80
120 82
120 83
120 84
120 87
120 90
120 92
120 94
120 97
120 98
120 100
120 103
120 106
120 107
120 108
120 112
120 114
120 119
120 123
120 129
120 132
120 133
121 0
121 3
121 4
121 7
121 10
121 13
121 14
121 16
121 22
121 23
121 24
121 25
121 26
121 27
121 28
121 29
121 32
121 33
121 34
121 36
121 38
121 40
121 41
121 43
121 44
121 47
121 51
121 52
121 53
121 56
121 58
121 60
121 61
121 62
121 65
121 66
121 67
121 68
121 70
121 72
121 74
121 80
121 82
121 83
121 84
121 87
121 90
121 92
121 94
121 97
121 98
121 100
121 103
121 106
121 107
121 108
121 112
121 114
121 119
121 123
121 126
121 132
121 133
122 0
122 2
122 3
122 4
122 5
122 6
122 7
122 10
122 12
122 13
122 14
122 15
122 16
122 21
122 22
122 23
122 24
122 25
122 26
122 27
122 28
122 29
122 32
122 33
122 34
122 36
122 38
122 40
122 41
122 43
122 44
122 46
122 47
122 51
122 52
122 53
122 55
122 56
122 58
122 60
122 61
122 62
122 65
122 66
122 67
122 68
122 69
122 70
122 71
122 72
122 74
122 75
122 77
122 80
122 82
122 83
122 84
122 85
122 87
122 90
122 91
122 92
122 94
122 95
122 96
122 97
122 98
122 99
122 100
122 103
122 106
122 107
122 108
122 109
122 110
122 112
122 113
122 114
122 119
122 121
122 123
122 126
122 127
122 132
122 133
122 135
123 24
123 25
123 29
123 44
123 47
123 60
123 67
123 68
123 72
123 80
123 84
123 87
123 90
123 92
123 94
123 98
123 100
123 107
123 108
123 133
124 0
124 2
124 3
124 4
124 6
124 7
124 10
124 13
124 14
124 16
124 21
124 22
124 23
124 24
124 25
124 26
124 27
124 28
124 29
124 32
124 33
124 34
124 36
124 38
124 40
124 41
124 43
124 44
124 45
124 46
124 47
124 51
124 52
124 53
124 55
124 56
124 58
124 60
124 61
124 62
124 65
124 66
124 67
124 68
124 70
124 71
124 72
124 74
124 75
124 80
124 81
124 82
124 83
124 84
124 87
124 90
124 91
124 92
124 93
124 94
124 97
124 98
124 100
124 103
124 104
124 106
124 107
124 108
124 112
124 113
124 114
124 119
124 120
124 121
124 123
124 126
124 129
124 132
124 133
124 135
125 0
125 1
125 2
125 3
125 4
125 5
125 6
125 7
125 8
125 10
125 11
125 12
125 13
125 14
125 15
125 16
125 17
125 18
125 19
125 20
125 21
125 22
125 23
125 24
125 25
125 26
125 27
125 28
125 29
125 31
125 32
125 33
125 34
125 35
125 36
125 37
125 38
125 39
125 40
125 41
125 43
125 44
125 45
125 46
125 47
125 49
125 50
125 51
125 52
125 53
125 55
125 56
125 58
125 60
125 61
125 62
125 63
125 64
125 65
125 66
125 67
125 68
125 69
125 70
125 71
125 72
125 73
125 74
125 75
125 77
125 78
125 80
125 82
125 83
125 84
125 85
125 86
125 87
125 88
125 89
125 90
125 91
125 92
125 93
125 94
125 95
125 96
125 97
125 98
125 99
125 100
125 101
125 103
125 105
125 106
125 107
125 108
125 109
125 110
125 111
125 112
125 113
125 114
125 115
125 116
125 117
125 119
125 120
125 121
125 122
125 123
125 126
125 127
125 129
125 130
125 131
125 132
125 133
125 135
126 3
126 4
126 7
126 10
126 16
126 22
126 23
126 24
126 25
126 26
126 28
126 29
126 32
126 40
126 43
126 44
126 47
126 51
126 60
126 61
126 65
126 66
126 67
126 68
126 70
126 72
126 74
126 80
126 82
126 83
126 84
126 87
126 90
126 92
126 94
126 97
126 98
126 100
126 103
126 107
126 108
126 112
126 123
126 133
127 0
127 3
127 4
127 6
127 7
127 10
127 12
127 13
127 14
127 16
127 21
127 22
127 23
127 24
127 25
127 26
127 27
127 28
127 29
127 32
127 33
127 34
127 36
127 38
127 40
127 41
127 43
127 44
127 47
127 51
127 52
127 53
127 55
127 56
127 58
127 60
127 61
127 62
127 65
127 66
127 67
127 68
127 69
127 70
127 71
127 72
127 74
127 75
127 80
127 82
127 83
127 84
127 87
127 90
127 91
127 92
127 94
127 95
127 96
127 97
127 98
127 99
127 100
127 103
127 106
127 107
127 108
127 112
127 114
127 119
127 123
127 126
127 132
127 133
128 0
128 1
128 2
128 3
128 4
128 5
128 6
128 7
128 8
128 10
128 11
128 12
128 13
128 14
128 15
128 16
128 18
128 19
128 20
128 21
128 22
128 23
128 24
128 25
128 26
128 27
128 28
128 29
128 32
128 33
128 34
128 35
128 36
128 38
128 40
128 41
128 43
128 44
128 45
128 46
128 47
128 49
128 50
128 51
128 52
128 53
128 55
128 56
128 58
128 60
128 61
128 62
128 65
128 66
128 67
128 68
128 69
128 70
128 71
128 72
128 74
128 75
128 77
128 80
128 81
128 82
128 83
128 84
128 85
128 86
128 87
128 88
128 90
128 91
128 92
128 93
128 94
128 95
128 96
128 97
128 98
128 99
128 100
128 101
128 103
128 104
128 106
128 107
128 108
128 109
128 110
128 112
128 113
128 114
128 115
128 116
128 119
128 120
128 121
128 122
128 123
128 126
128 127
128 129
128 130
128 132
128 133
128 135
129 0
129 2
129 3
129 4
129 7
129 10
129 13
129 16
129 22
129 23
129 24
129 25
129 26
129 27
129 28
129 29
129 32
129 33
129 34
129 38
129 40
129 41
129 43
129 44
129 47
129 51
129 52
129 53
129 56
129 58
129 60
129 61
129 62
129 65
129 66
129 67
129 68
129 70
129 72
129 74
129 80
129 82
129 83
129 84
129 87
129 90
129 92
129 94
129 97
129 98
129 100
129 103
129 106
129 107
129 108
129 112
129 114
129 119
129 123
129 132
129 133
130 3
130 4
130 5
130 6
130 12
130 14
130 22
130 24
130 25
130 29
130 32
130 43
130 44
130 47
130 60
130 61
130 66
130 67
130 68
130 70
130 71
130 72
130 74
130 77
130 80
130 82
130 84
130 87
130 90
130 91
130 92
130 94
130 97
130 98
130 99
130 100
130 107
130 108
130 123
130 133
131 0
131 1
131 3
131 4
131 5
131 6
131 7
131 8
131 10
131 12
131 14
131 16
131 19
131 21
131 22
131 23
131 24
131 25
131 26
131 27
131 28
131 29
131 32
131 36
131 40
131 41
131 43
131 44
131 47
131 49
131 51
131 60
131 61
131 62
131 65
131 66
131 67
131 68
131 69
131 70
131 71
131 72
131 74
131 77
131 80
131 82
131 83
131 84
131 85
131 86
131 87
131 90
131 91
131 92
131 94
131 97
131 98
131 99
131 100
131 103
131 105
131 106
131 107
131 108
131 112
131 116
131 119
131 123
131 126
131 130
131 133
132 0
132 4
132 7
132 10
132 23
132 24
132 25
132 26
132 27
132 28
132 29
132 32
132 38
132 40
132 43
132 44
132 47
132 51
132 52
132 56
132 60
132 62
132 66
132 67
132 68
132 70
132 72
132 74
132 80
132 82
132 83
132 84
132 87
132 90
132 92
132 94
132 97
132 98
132 100
132 106
132 107
132 108
132 112
132 119
132 123
132 133
134 0
134 2
134 3
134 4
134 6
134 7
134 10
134 12
134 13
134 14
134 16
134 21
134 22
134 23
134 24
134 25
134 26
134 27
134 28
134 29
134 32
134 33
134 34
134 36
134 38
134 40
134 41
134 43
134 44
134 45
134 46
134 47
134 51
134 52
134 53
134 55
134 56
134 58
134 60
134 61
134 62
134 65
134 66
134 67
134 68
134 69
134 70
134 71
134 72
134 74
134 75
134 80
134 81
134 82
134 83
134 84
134 87
134 90
134 91
134 92
134 93
134 94
134 95
134 96
134 97
134 98
134 99
134 100
134 103
134 104
134 106
134 107
134 108
134 110
134 112
134 113
134 114
134 115
134 119
134 120
134 121
134 123
134 124
134 126
134 127
134 129
134 132
134 133
134 135
135 0
135 2
135 3
135 4
135 7
135 10
135 13
135 14
135 16
135 22
135 23
135 24
135 25
135 26
135 27
135 28
135 29
135 32
135 33
135 34
135 36
135 38
135 40
135 41
135 43
135 44
135 46
135 47
135 51
135 52
135 53
135 56
135 58
135 60
135 61
135 62
135 65
135 66
135 67
135 68
135 70
135 71
135 72
135 74
135 75
135 80
135 82
135 83
135 84
135 87
135 90
135 92
135 94
135 97
135 98
135 100
135 103
135 106
135 107
135 108
135 112
135 114
135 119
135 121
135 123
135 126
135 132
135 133
