20 190
0 1 77 62
0 2 57 76
0 3 69 84
0 4 26 53
0 5 32 52
0 6 94 92
0 7 57 28
0 8 20 57
0 9 95 71
0 10 25 46
0 11 97 71
0 12 97 60
0 13 62 57
0 14 81 85
0 15 87 50
0 16 78 52
0 17 83 47
0 18 44 49
0 19 90 77
1 2 95 93
1 3 68 57
1 4 66 37
1 5 69 64
1 6 47 62
1 7 50 47
1 8 53 54
1 9 50 67
1 10 17 53
1 11 67 80
1 12 18 28
1 13 26 51
1 14 57 61
1 15 20 45
1 16 81 50
1 17 98 75
1 18 1 3
1 19 82 81
2 3 55 41
2 4 79 73
2 5 94 67
2 6 7 26
2 7 96 54
2 8 86 92
2 9 86 91
2 10 98 65
2 11 60 73
2 12 51 54
2 13 63 70
2 14 66 63
2 15 60 76
2 16 25 48
2 17 78 48
2 18 52 54
2 19 70 83
3 4 88 70
3 5 11 45
3 6 62 37
3 7 85 52
3 8 71 64
3 9 80 69
3 10 89 90
3 11 18 34
3 12 9 37
3 13 50 33
3 14 91 57
3 15 38 22
3 16 87 80
3 17 19 28
3 18 59 33
3 19 22 59
4 5 91 49
4 6 22 42
4 7 27 25
4 8 8 8
4 9 25 59
4 10 47 38
4 11 88 56
4 12 26 40
4 13 55 48
4 14 42 33
4 15 36 57
4 16 67 71
4 17 22 60
4 18 81 67
4 19 25 24
5 6 81 57
5 7 6 17
5 8 75 75
5 9 8 37
5 10 2 25
5 11 63 66
5 12 21 30
5 13 63 45
5 14 88 79
5 15 25 24
5 16 9 17
5 17 55 65
5 18 43 45
5 19 83 88
6 7 65 56
6 8 50 37
6 9 50 35
6 10 36 65
6 11 6 9
6 12 81 47
6 13 10 35
6 14 40 57
6 15 79 40
6 16 16 19
6 17 19 21
6 18 93 84
6 19 12 38
7 8 97 96
7 9 42 33
7 10 64 49
7 11 75 73
7 12 50 45
7 13 95 56
7 14 67 69
7 15 31 34
7 16 70 70
7 17 83 86
7 18 19 13
7 19 75 72
8 9 23 51
8 10 19 52
8 11 6 17
8 12 77 70
8 13 12 40
8 14 54 42
8 15 37 56
8 16 88 81
8 17 6 37
8 18 19 40
8 19 32 57
9 10 46 27
9 11 64 78
9 12 72 66
9 13 28 47
9 14 85 77
9 15 92 86
9 16 12 24
9 17 76 42
9 18 46 28
9 19 43 70
10 11 63 74
10 12 71 74
10 13 46 47
10 14 38 55
10 15 34 39
10 16 38 20
10 17 56 67
10 18 73 80
10 19 47 52
11 12 23 38
11 13 88 85
11 14 28 19
11 15 69 66
11 16 52 32
11 17 83 44
11 18 37 31
11 19 8 25
12 13 92 87
12 14 70 59
12 15 5 3
12 16 66 66
12 17 95 75
12 18 72 56
12 19 55 66
13 14 93 52
13 15 52 64
13 16 31 42
13 17 54 48
13 18 18 18
13 19 76 50
14 15 91 50
14 16 38 31
14 17 86 83
14 18 8 36
14 19 5 17
15 16 44 34
15 17 25 28
15 18 12 13
15 19 81 77
16 17 21 50
16 18 21 28
16 19 50 27
17 18 56 63
17 19 3 42
18 19 79 82
0 5
0 8
0 10
0 13
0 18
0 19
0 34
0 36
0 38
0 39
0 42
0 43
0 44
0 54
0 59
0 60
0 66
0 83
0 93
0 98
0 110
0 112
0 121
0 127
0 131
0 139
0 140
0 155
0 162
0 166
0 177
0 183
0 189
1 2
1 5
1 13
1 18
1 19
1 28
1 36
1 42
1 43
1 49
1 53
1 60
1 66
1 93
1 98
1 110
1 112
1 121
1 131
1 136
1 139
1 140
1 152
1 155
1 162
1 177
1 183
1 189
2 5
2 13
2 19
2 42
2 43
2 60
2 98
2 110
2 112
2 121
2 140
2 155
2 162
3 0
3 1
3 2
3 5
3 8
3 10
3 11
3 12
3 13
3 18
3 19
3 20
3 22
3 23
3 25
3 26
3 28
3 31
3 34
3 36
3 38
3 39
3 41
3 42
3 43
3 44
3 45
3 46
3 47
3 48
3 49
3 52
3 53
3 54
3 58
3 59
3 60
3 64
3 66
3 76
3 80
3 81
3 83
3 85
3 87
3 90
3 93
3 96
3 98
3 99
3 102
3 106
3 110
3 112
3 115
3 117
3 118
3 120
3 121
3 123
3 127
3 130
3 131
3 134
3 136
3 137
3 139
3 140
3 144
3 145
3 146
3 148
3 151
3 152
3 155
3 157
3 162
3 163
3 165
3 166
3 167
3 168
3 170
3 177
3 183
3 187
3 189
4 0
4 1
4 2
4 5
4 8
4 10
4 11
4 12
4 13
4 15
4 18
4 19
4 20
4 22
4 23
4 25
4 26
4 28
4 31
4 34
4 36
4 38
4 39
4 41
4 42
4 43
4 44
4 45
4 46
4 47
4 48
4 49
4 52
4 53
4 54
4 57
4 58
4 59
4 60
4 64
4 66
4 76
4 80
4 81
4 83
4 85
4 87
4 90
4 93
4 96
4 98
4 99
4 102
4 106
4 110
4 112
4 115
4 117
4 118
4 120
4 121
4 123
4 127
4 130
4 131
4 134
4 136
4 137
4 139
4 140
4 144
4 145
4 146
4 148
4 151
4 152
4 153
4 155
4 157
4 162
4 163
4 165
4 166
4 167
4 168
4 169
4 170
4 177
4 183
4 187
4 189
5 19
5 112
6 0
6 1
6 2
6 5
6 8
6 10
6 11
6 12
6 13
6 14
6 15
6 16
6 18
6 19
6 20
6 21
6 22
6 28
6 31
6 33
6 34
6 36
6 38
6 39
6 41
6 42
6 43
6 44
6 45
6 47
6 48
6 49
6 51
6 53
6 54
6 56
6 57
6 58
6 59
6 60
6 64
6 66
6 68
6 70
6 76
6 81
6 83
6 85
6 87
6 90
6 92
6 93
6 98
6 99
6 104
6 107
6 110
6 112
6 114
6 115
6 117
6 118
6 120
6 121
6 123
6 127
6 131
6 136
6 137
6 139
6 140
6 142
6 145
6 146
6 152
6 155
6 157
6 159
6 162
6 163
6 165
6 166
6 167
6 169
6 174
6 175
6 177
6 183
6 189
7 0
7 1
7 2
7 5
7 8
7 10
7 11
7 12
7 13
7 18
7 19
7 20
7 22
7 23
7 26
7 28
7 31
7 34
7 36
7 38
7 39
7 42
7 43
7 44
7 45
7 47
7 48
7 49
7 53
7 54
7 58
7 59
7 60
7 64
7 66
7 69
7 74
7 80
7 81
7 82
7 83
7 85
7 87
7 90
7 93
7 96
7 98
7 102
7 106
7 110
7 112
7 115
7 118
7 120
7 121
7 123
7 127
7 131
7 134
7 136
7 137
7 139
7 140
7 144
7 145
7 146
7 151
7 152
7 155
7 157
7 162
7 163
7 165
7 166
7 168
7 170
7 177
7 183
7 187
7 189
8 10
8 19
8 34
8 112
8 166
9 0
9 1
9 2
9 3
9 4
9 5
9 8
9 10
9 11
9 12
9 13
9 14
9 15
9 16
9 17
9 18
9 19
9 20
9 22
9 23
9 24
9 25
9 26
9 28
9 30
9 31
9 33
9 34
9 36
9 38
9 39
9 41
9 42
9 43
9 44
9 45
9 46
9 47
9 48
9 49
9 50
9 51
9 52
9 53
9 54
9 57
9 58
9 59
9 60
9 64
9 66
9 70
9 74
9 76
9 78
9 80
9 81
9 83
9 85
9 87
9 90
9 93
9 96
9 98
9 99
9 102
9 104
9 106
9 110
9 112
9 114
9 115
9 117
9 118
9 120
9 121
9 123
9 127
9 130
9 131
9 134
9 136
9 137
9 138
9 139
9 140
9 144
9 145
9 146
9 147
9 148
9 151
9 152
9 153
9 155
9 157
9 162
9 163
9 165
9 166
9 167
9 168
9 169
9 170
9 172
9 174
9 175
9 177
9 183
9 187
9 189
10 34
10 112
11 10
11 34
11 44
11 112
12 0
12 2
12 5
12 8
12 10
12 11
12 13
12 18
12 19
12 20
12 22
12 28
12 34
12 36
12 38
12 39
12 42
12 43
12 44
12 47
12 48
12 53
12 54
12 58
12 59
12 60
12 64
12 66
12 81
12 83
12 85
12 87
12 90
12 93
12 98
12 110
12 112
12 115
12 118
12 120
12 121
12 123
12 127
12 131
12 136
12 137
12 139
12 140
12 145
12 146
12 152
12 155
12 157
12 162
12 163
12 165
12 166
12 177
12 183
12 189
13 5
13 19
13 42
13 43
13 60
13 98
13 112
13 121
13 140
13 155
13 162
14 5
14 8
14 10
14 11
14 18
14 19
14 34
14 39
14 41
14 44
14 54
14 60
14 64
14 66
14 76
14 93
14 110
14 112
14 117
14 131
14 140
14 155
14 162
14 166
14 169
14 175
15 5
15 8
15 10
15 11
15 13
15 18
15 19
15 34
15 36
15 38
15 39
15 41
15 42
15 43
15 44
15 54
15 57
15 59
15 60
15 64
15 66
15 76
15 83
15 85
15 93
15 98
15 110
15 112
15 117
15 121
15 131
15 139
15 140
15 155
15 162
15 166
15 169
15 177
15 183
15 189
16 5
16 8
16 10
16 11
16 14
16 18
16 19
16 34
16 39
16 41
16 42
16 43
16 44
16 54
16 57
16 60
16 64
16 66
16 70
16 76
16 93
16 98
16 110
16 112
16 117
16 121
16 131
16 139
16 140
16 155
16 162
16 166
16 169
16 175
16 177
17 0
17 1
17 2
17 5
17 8
17 10
17 11
17 12
17 13
17 14
17 15
17 18
17 19
17 20
17 22
17 23
17 25
17 26
17 28
17 31
17 33
17 34
17 36
17 38
17 39
17 41
17 42
17 43
17 44
17 45
17 46
17 47
17 48
17 49
17 52
17 53
17 54
17 57
17 58
17 59
17 60
17 64
17 66
17 70
17 76
17 81
17 83
17 85
17 87
17 90
17 93
17 96
17 98
17 99
17 110
17 112
17 114
17 115
17 117
17 118
17 120
17 121
17 123
17 127
17 131
17 136
17 137
17 139
17 140
17 145
17 146
17 151
17 152
17 153
17 155
17 157
17 162
17 163
17 165
17 166
17 167
17 168
17 169
17 170
17 174
17 175
17 177
17 183
17 187
17 189
18 5
18 19
18 110
18 112
18 140
18 162
19 112
20 0
20 2
20 5
20 8
20 10
20 11
20 13
20 18
20 19
20 22
20 34
20 36
20 38
20 39
20 42
20 43
20 44
20 53
20 54
20 58
20 59
20 60
20 64
20 66
20 83
20 85
20 87
20 93
20 98
20 110
20 112
20 115
20 120
20 121
20 123
20 127
20 131
20 137
20 139
20 140
20 146
20 152
20 155
20 157
20 162
20 163
20 166
20 177
20 183
20 189
21 0
21 2
21 5
21 8
21 10
21 11
21 13
21 14
21 15
21 16
21 18
21 19
21 20
21 22
21 28
21 33
21 34
21 36
21 38
21 39
21 41
21 42
21 43
21 44
21 48
21 51
21 53
21 54
21 57
21 58
21 59
21 60
21 64
21 66
21 70
21 76
21 81
21 83
21 85
21 87
21 93
21 98
21 104
21 107
21 110
21 112
21 115
21 117
21 118
21 120
21 121
21 123
21 127
21 131
21 137
21 139
21 140
21 142
21 146
21 152
21 155
21 157
21 159
21 162
21 163
21 165
21 166
21 167
21 169
21 174
21 175
21 177
21 183
21 189
22 2
22 5
22 8
22 10
22 13
22 18
22 19
22 34
22 36
22 38
22 39
22 42
22 43
22 44
22 53
22 54
22 58
22 59
22 60
22 66
22 83
22 87
22 93
22 98
22 110
22 112
22 115
22 120
22 121
22 123
22 127
22 131
22 137
22 139
22 140
22 146
22 152
22 155
22 157
22 162
22 166
22 177
22 183
22 189
23 0
23 1
23 2
23 5
23 8
23 10
23 13
23 18
23 19
23 22
23 26
23 28
23 34
23 36
23 38
23 39
23 42
23 43
23 44
23 45
23 47
23 48
23 49
23 53
23 54
23 58
23 59
23 60
23 66
23 81
23 83
23 87
23 90
23 93
23 96
23 98
23 110
23 112
23 115
23 118
23 120
23 121
23 123
23 127
23 131
23 136
23 137
23 139
23 140
23 145
23 146
23 151
23 152
23 155
23 157
23 162
23 165
23 166
23 168
23 170
23 177
23 183
23 187
23 189
24 0
24 1
24 2
24 5
24 8
24 10
24 11
24 12
24 13
24 14
24 15
24 16
24 18
24 19
24 20
24 22
24 25
24 26
24 28
24 31
24 33
24 34
24 36
24 38
24 39
24 41
24 42
24 43
24 44
24 45
24 46
24 47
24 48
24 49
24 51
24 52
24 53
24 54
24 57
24 58
24 59
24 60
24 64
24 66
24 70
24 76
24 78
24 81
24 83
24 85
24 87
24 90
24 93
24 96
24 98
24 99
24 104
24 110
24 112
24 114
24 115
24 117
24 118
24 120
24 121
24 123
24 127
24 131
24 136
24 137
24 139
24 140
24 145
24 146
24 151
24 152
24 155
24 157
24 162
24 163
24 165
24 166
24 167
24 168
24 169
24 170
24 172
24 174
24 175
24 177
24 183
24 187
24 189
25 0
25 1
25 2
25 5
25 8
25 10
25 11
25 12
25 13
25 18
25 19
25 20
25 22
25 28
25 31
25 34
25 36
25 38
25 39
25 41
25 42
25 43
25 44
25 45
25 47
25 48
25 49
25 53
25 54
25 58
25 59
25 60
25 64
25 66
25 76
25 81
25 83
25 85
25 87
25 90
25 93
25 96
25 98
25 99
25 110
25 112
25 115
25 117
25 118
25 120
25 121
25 123
25 127
25 131
25 136
25 137
25 139
25 140
25 145
25 146
25 151
25 152
25 155
25 157
25 162
25 163
25 165
25 166
25 167
25 168
25 177
25 183
25 187
25 189
26 1
26 2
26 5
26 8
26 10
26 13
26 18
26 19
26 28
26 34
26 36
26 38
26 39
26 42
26 43
26 45
26 47
26 49
26 53
26 54
26 59
26 60
26 66
26 81
26 83
26 87
26 93
26 98
26 110
26 112
26 115
26 118
26 120
26 121
26 123
26 127
26 131
26 136
26 139
26 140
26 145
26 146
26 151
26 152
26 155
26 162
26 166
26 177
26 183
26 189
27 0
27 1
27 2
27 3
27 5
27 7
27 8
27 10
27 11
27 12
27 13
27 18
27 19
27 20
27 22
27 23
27 25
27 26
27 28
27 31
27 34
27 36
27 38
27 39
27 41
27 42
27 43
27 44
27 45
27 46
27 47
27 48
27 49
27 52
27 53
27 54
27 58
27 59
27 60
27 64
27 66
27 69
27 74
27 76
27 80
27 81
27 82
27 83
27 85
27 87
27 90
27 93
27 96
27 98
27 99
27 102
27 106
27 110
27 112
27 115
27 117
27 118
27 120
27 121
27 123
27 127
27 130
27 131
27 134
27 136
27 137
27 139
27 140
27 144
27 145
27 146
27 148
27 151
27 152
27 155
27 157
27 162
27 163
27 165
27 166
27 167
27 168
27 170
27 177
27 183
27 187
27 189
28 2
28 5
28 13
28 19
28 36
28 42
28 43
28 53
28 60
28 66
28 98
28 110
28 112
28 121
28 131
28 140
28 152
28 155
28 162
28 177
28 189
29 0
29 1
29 2
29 3
29 4
29 5
29 6
29 7
29 8
29 9
29 10
29 11
29 12
29 13
29 14
29 15
29 16
29 17
29 18
29 19
29 20
29 21
29 22
29 23
29 24
29 25
29 26
29 28
29 30
29 31
29 32
29 33
29 34
29 36
29 37
29 38
29 39
29 41
29 42
29 43
29 44
29 45
29 46
29 47
29 48
29 49
29 50
29 51
29 52
29 53
29 54
29 56
29 57
29 58
29 59
29 60
29 61
29 63
29 64
29 66
29 67
29 68
29 69
29 70
29 71
29 74
29 75
29 76
29 77
29 78
29 79
29 80
29 81
29 82
29 83
29 85
29 87
29 90
29 91
29 92
29 93
29 96
29 97
29 98
29 99
29 100
29 101
29 102
29 104
29 106
29 107
29 110
29 112
29 113
29 114
29 115
29 116
29 117
29 118
29 119
29 120
29 121
29 123
29 124
29 125
29 127
29 129
29 130
29 131
29 133
29 134
29 136
29 137
29 138
29 139
29 140
29 142
29 143
29 144
29 145
29 146
29 147
29 148
29 149
29 151
29 152
29 153
29 154
29 155
29 157
29 158
29 159
29 160
29 162
29 163
29 165
29 166
29 167
29 168
29 169
29 170
29 171
29 172
29 174
29 175
29 176
29 177
29 180
29 181
29 183
29 184
29 185
29 187
29 189
30 0
30 1
30 2
30 3
30 4
30 5
30 8
30 10
30 11
30 12
30 13
30 15
30 18
30 19
30 20
30 22
30 23
30 25
30 26
30 28
30 31
30 34
30 36
30 38
30 39
30 41
30 42
30 43
30 44
30 45
30 46
30 47
30 48
30 49
30 52
30 53
30 54
30 57
30 58
30 59
30 60
30 64
30 66
30 76
30 80
30 81
30 83
30 85
30 87
30 90
30 93
30 96
30 98
30 99
30 102
30 106
30 110
30 112
30 115
30 117
30 118
30 120
30 121
30 123
30 127
30 130
30 131
30 134
30 136
30 137
30 139
30 140
30 144
30 145
30 146
30 148
30 151
30 152
30 153
30 155
30 157
30 162
30 163
30 165
30 166
30 167
30 168
30 169
30 170
30 177
30 183
30 187
30 189
31 0
31 1
31 2
31 5
31 8
31 10
31 13
31 18
31 19
31 22
31 28
31 34
31 36
31 38
31 39
31 42
31 43
31 44
31 45
31 47
31 48
31 49
31 53
31 54
31 58
31 59
31 60
31 66
31 81
31 83
31 87
31 90
31 93
31 98
31 110
31 112
31 115
31 118
31 120
31 121
31 123
31 127
31 131
31 136
31 137
31 139
31 140
31 145
31 146
31 152
31 155
31 157
31 162
31 165
31 166
31 177
31 183
31 189
32 0
32 1
32 2
32 3
32 4
32 5
32 7
32 8
32 9
32 10
32 11
32 12
32 13
32 14
32 15
32 16
32 17
32 18
32 19
32 20
32 22
32 23
32 24
32 25
32 26
32 28
32 30
32 31
32 33
32 34
32 36
32 38
32 39
32 41
32 42
32 43
32 44
32 45
32 46
32 47
32 48
32 49
32 50
32 51
32 52
32 53
32 54
32 57
32 58
32 59
32 60
32 64
32 66
32 69
32 70
32 74
32 76
32 78
32 80
32 81
32 82
32 83
32 85
32 87
32 90
32 92
32 93
32 96
32 97
32 98
32 99
32 102
32 104
32 106
32 110
32 112
32 114
32 115
32 116
32 117
32 118
32 120
32 121
32 123
32 124
32 127
32 130
32 131
32 134
32 136
32 137
32 138
32 139
32 140
32 144
32 145
32 146
32 147
32 148
32 151
32 152
32 153
32 155
32 157
32 162
32 163
32 165
32 166
32 167
32 168
32 169
32 170
32 172
32 174
32 175
32 177
32 183
32 184
32 187
32 189
33 5
33 8
33 10
33 11
33 13
33 14
33 18
33 19
33 34
33 36
33 39
33 41
33 42
33 43
33 44
33 54
33 57
33 60
33 64
33 66
33 76
33 83
33 85
33 93
33 98
33 110
33 112
33 117
33 121
33 131
33 139
33 140
33 155
33 162
33 166
33 169
33 175
33 177
33 183
35 0
35 1
35 2
35 3
35 4
35 5
35 6
35 7
35 8
35 9
35 10
35 11
35 12
35 13
35 14
35 15
35 16
35 17
35 18
35 19
35 20
35 21
35 22
35 23
35 24
35 25
35 26
35 27
35 28
35 29
35 30
35 31
35 32
35 33
35 34
35 36
35 37
35 38
35 39
35 40
35 41
35 42
35 43
35 44
35 45
35 46
35 47
35 48
35 49
35 50
35 51
35 52
35 53
35 54
35 55
35 56
35 57
35 58
35 59
35 60
35 61
35 62
35 63
35 64
35 65
35 66
35 67
35 68
35 69
35 70
35 71
35 72
35 73
35 74
35 75
35 76
35 77
35 78
35 79
35 80
35 81
35 82
35 83
35 84
35 85
35 86
35 87
35 88
35 89
35 90
35 91
35 92
35 93
35 94
35 95
35 96
35 97
35 98
35 99
35 100
35 101
35 102
35 103
35 104
35 105
35 106
35 107
35 108
35 109
35 110
35 111
35 112
35 113
35 114
35 115
35 116
35 117
35 118
35 119
35 120
35 121
35 122
35 123
35 124
35 125
35 126
35 127
35 128
35 129
35 130
35 131
35 132
35 133
35 134
35 135
35 136
35 137
35 138
35 139
35 140
35 141
35 142
35 143
35 144
35 145
35 146
35 147
35 148
35 149
35 150
35 151
35 152
35 153
35 154
35 155
35 156
35 157
35 158
35 159
35 160
35 161
35 162
35 163
35 164
35 165
35 166
35 167
35 168
35 169
35 170
35 171
35 172
35 173
35 174
35 175
35 176
35 177
35 178
35 179
35 180
35 181
35 182
35 183
35 184
35 185
35 186
35 187
35 188
35 189
36 5
36 19
36 42
36 43
36 60
36 98
36 110
36 112
36 121
36 131
36 140
36 155
36 162
36 177
37 0
37 1
37 2
37 5
37 8
37 10
37 11
37 12
37 13
37 14
37 15
37 16
37 18
37 19
37 20
37 22
37 28
37 31
37 33
37 34
37 36
37 38
37 39
37 41
37 42
37 43
37 44
37 45
37 47
37 48
37 49
37 51
37 53
37 54
37 57
37 58
37 59
37 60
37 64
37 66
37 70
37 76
37 78
37 81
37 83
37 85
37 87
37 90
37 92
37 93
37 96
37 98
37 99
37 104
37 110
37 112
37 114
37 115
37 117
37 118
37 120
37 121
37 123
37 127
37 131
37 136
37 137
37 139
37 140
37 142
37 145
37 146
37 151
37 152
37 155
37 157
37 159
37 162
37 163
37 165
37 166
37 167
37 168
37 169
37 174
37 175
37 177
37 183
37 187
37 189
38 5
38 13
38 18
38 19
38 34
38 36
38 42
38 43
38 60
38 66
38 93
38 98
38 110
38 112
38 121
38 131
38 139
38 140
38 155
38 162
38 166
38 177
38 183
38 189
39 5
39 8
39 10
39 19
39 34
39 112
39 166
40 0
40 1
40 2
40 3
40 4
40 5
40 6
40 7
40 8
40 9
40 10
40 11
40 12
40 13
40 14
40 15
40 16
40 17
40 18
40 19
40 20
40 21
40 22
40 23
40 24
40 25
40 26
40 27
40 28
40 29
40 30
40 31
40 32
40 33
40 34
40 36
40 37
40 38
40 39
40 41
40 42
40 43
40 44
40 45
40 46
40 47
40 48
40 49
40 50
40 51
40 52
40 53
40 54
40 55
40 56
40 57
40 58
40 59
40 60
40 61
40 62
40 63
40 64
40 66
40 67
40 68
40 69
40 70
40 71
40 74
40 75
40 76
40 77
40 78
40 79
40 80
40 81
40 82
40 83
40 85
40 87
40 88
40 90
40 91
40 92
40 93
40 96
40 97
40 98
40 99
40 100
40 101
40 102
40 104
40 105
40 106
40 107
40 110
40 111
40 112
40 113
40 114
40 115
40 116
40 117
40 118
40 119
40 120
40 121
40 123
40 124
40 125
40 127
40 128
40 129
40 130
40 131
40 133
40 134
40 135
40 136
40 137
40 138
40 139
40 140
40 142
40 143
40 144
40 145
40 146
40 147
40 148
40 149
40 151
40 152
40 153
40 154
40 155
40 157
40 158
40 159
40 160
40 162
40 163
40 165
40 166
40 167
40 168
40 169
40 170
40 171
40 172
40 174
40 175
40 176
40 177
40 178
40 180
40 181
40 183
40 184
40 185
40 186
40 187
40 189
41 10
41 11
41 34
41 44
41 112
42 5
42 19
42 112
43 5
43 19
43 42
43 112
44 34
45 2
45 5
45 13
45 18
45 19
45 28
45 34
45 36
45 38
45 42
45 43
45 49
45 53
45 60
45 66
45 87
45 93
45 98
45 110
45 112
45 115
45 121
45 131
45 136
45 139
45 140
45 145
45 146
45 152
45 155
45 162
45 166
45 177
45 183
45 189
46 0
46 1
46 2
46 5
46 8
46 10
46 11
46 12
46 13
46 18
46 19
46 20
46 22
46 25
46 28
46 31
46 34
46 36
46 38
46 39
46 41
46 42
46 43
46 44
46 45
46 47
46 48
46 49
46 52
46 53
46 54
46 58
46 59
46 60
46 64
46 66
46 76
46 81
46 83
46 85
46 87
46 90
46 93
46 96
46 98
46 99
46 110
46 112
46 115
46 117
46 118
46 120
46 121
46 123
46 127
46 131
46 136
46 137
46 139
46 140
46 145
46 146
46 151
46 152
46 155
46 157
46 162
46 163
46 165
46 166
46 167
46 168
46 170
46 177
46 183
46 187
46 189
47 2
47 5
47 8
47 10
47 13
47 18
47 19
47 28
47 34
47 36
47 38
47 42
47 43
47 53
47 54
47 60
47 66
47 81
47 87
47 93
47 98
47 110
47 112
47 115
47 120
47 121
47 123
47 127
47 131
47 136
47 139
47 140
47 145
47 146
47 152
47 155
47 162
47 166
47 177
47 183
47 189
48 2
48 5
48 8
48 10
48 13
48 18
48 19
48 22
48 28
48 34
48 36
48 38
48 39
48 42
48 43
48 44
48 53
48 54
48 58
48 59
48 60
48 66
48 81
48 83
48 87
48 93
48 98
48 110
48 112
48 115
48 118
48 120
48 121
48 123
48 127
48 131
48 137
48 139
48 140
48 146
48 152
48 155
48 157
48 162
48 165
48 166
48 177
48 183
48 189
49 2
49 5
49 13
49 18
49 19
49 28
49 36
49 42
49 43
49 53
49 60
49 66
49 93
49 98
49 110
49 112
49 121
49 131
49 136
49 139
49 140
49 152
49 155
49 162
49 177
49 183
49 189
50 0
50 1
50 2
50 3
50 4
50 5
50 8
50 10
50 11
50 12
50 13
50 14
50 15
50 17
50 18
50 19
50 20
50 22
50 23
50 25
50 26
50 28
50 30
50 31
50 33
50 34
50 36
50 38
50 39
50 41
50 42
50 43
50 44
50 45
50 46
50 47
50 48
50 49
50 51
50 52
50 53
50 54
50 57
50 58
50 59
50 60
50 64
50 66
50 70
50 74
50 76
50 78
50 80
50 81
50 83
50 85
50 87
50 90
50 93
50 96
50 98
50 99
50 102
50 106
50 110
50 112
50 114
50 115
50 117
50 118
50 120
50 121
50 123
50 127
50 130
50 131
50 134
50 136
50 137
50 139
50 140
50 144
50 145
50 146
50 148
50 151
50 152
50 153
50 155
50 157
50 162
50 163
50 165
50 166
50 167
50 168
50 169
50 170
50 172
50 174
50 175
50 177
50 183
50 187
50 189
51 5
51 8
51 10
51 11
51 13
51 14
51 15
51 18
51 19
51 33
51 34
51 36
51 38
51 39
51 41
51 42
51 43
51 44
51 54
51 57
51 59
51 60
51 64
51 66
51 70
51 76
51 83
51 85
51 93
51 98
51 110
51 112
51 117
51 121
51 131
51 139
51 140
51 155
51 162
51 166
51 169
51 175
51 177
51 183
51 189
52 0
52 1
52 2
52 5
52 8
52 10
52 11
52 12
52 13
52 18
52 19
52 20
52 22
52 25
52 28
52 31
52 34
52 36
52 38
52 39
52 41
52 42
52 43
52 44
52 45
52 47
52 48
52 49
52 53
52 54
52 58
52 59
52 60
52 64
52 66
52 76
52 81
52 83
52 85
52 87
52 90
52 93
52 96
52 98
52 99
52 110
52 112
52 115
52 117
52 118
52 120
52 121
52 123
52 127
52 131
52 136
52 137
52 139
52 140
52 145
52 146
52 151
52 152
52 155
52 157
52 162
52 163
52 165
52 166
52 167
52 168
52 170
52 177
52 183
52 187
52 189
53 5
53 13
53 19
53 42
53 43
53 60
53 98
53 110
53 112
53 121
53 140
53 155
53 162
53 177
54 5
54 8
54 10
54 18
54 19
54 34
54 60
54 93
54 110
54 112
54 131
54 140
54 155
54 162
54 166
55 0
55 1
55 2
55 3
55 4
55 5
55 7
55 8
55 9
55 10
55 11
55 12
55 13
55 14
55 15
55 16
55 17
55 18
55 19
55 20
55 22
55 23
55 24
55 25
55 26
55 27
55 28
55 30
55 31
55 32
55 33
55 34
55 36
55 38
55 39
55 41
55 42
55 43
55 44
55 45
55 46
55 47
55 48
55 49
55 50
55 51
55 52
55 53
55 54
55 57
55 58
55 59
55 60
55 64
55 66
55 69
55 70
55 74
55 76
55 78
55 80
55 81
55 82
55 83
55 85
55 87
55 90
55 92
55 93
55 96
55 97
55 98
55 99
55 102
55 104
55 106
55 110
55 112
55 114
55 115
55 116
55 117
55 118
55 120
55 121
55 123
55 124
55 125
55 127
55 130
55 131
55 134
55 136
55 137
55 138
55 139
55 140
55 144
55 145
55 146
55 147
55 148
55 151
55 152
55 153
55 155
55 157
55 162
55 163
55 165
55 166
55 167
55 168
55 169
55 170
55 172
55 174
55 175
55 177
55 183
55 184
55 187
55 189
56 0
56 2
56 5
56 8
56 10
56 11
56 12
56 13
56 14
56 15
56 16
56 18
56 19
56 20
56 21
56 22
56 28
56 33
56 34
56 36
56 38
56 39
56 41
56 42
56 43
56 44
56 47
56 48
56 51
56 53
56 54
56 57
56 58
56 59
56 60
56 64
56 66
56 70
56 76
56 81
56 83
56 85
56 87
56 90
56 92
56 93
56 98
56 99
56 104
56 107
56 110
56 112
56 114
56 115
56 117
56 118
56 120
56 121
56 123
56 127
56 131
56 136
56 137
56 139
56 140
56 142
56 145
56 146
56 152
56 155
56 157
56 159
56 162
56 163
56 165
56 166
56 167
56 169
56 174
56 175
56 177
56 183
56 189
57 5
57 8
57 10
57 11
57 18
57 19
57 34
57 39
57 41
57 42
57 43
57 44
57 54
57 60
57 64
57 66
57 76
57 93
57 110
57 112
57 117
57 131
57 139
57 140
57 155
57 162
57 166
57 169
57 177
58 5
58 8
58 10
58 13
58 18
58 19
58 34
58 36
58 38
58 39
58 42
58 43
58 44
58 54
58 59
58 60
58 66
58 83
58 87
58 93
58 98
58 110
58 112
58 115
58 121
58 123
58 127
58 131
58 137
58 139
58 140
58 146
58 152
58 155
58 162
58 166
58 177
58 183
58 189
59 5
59 8
59 10
59 13
59 18
59 19
59 34
59 36
59 42
59 43
59 54
59 60
59 66
59 93
59 98
59 110
59 112
59 121
59 131
59 139
59 140
59 155
59 162
59 166
59 177
59 183
60 5
60 19
60 112
61 0
61 1
61 2
61 3
61 4
61 5
61 7
61 8
61 9
61 10
61 11
61 12
61 13
61 14
61 15
61 16
61 17
61 18
61 19
61 20
61 21
61 22
61 23
61 24
61 25
61 26
61 28
61 30
61 31
61 32
61 33
61 34
61 36
61 37
61 38
61 39
61 41
61 42
61 43
61 44
61 45
61 46
61 47
61 48
61 49
61 50
61 51
61 52
61 53
61 54
61 56
61 57
61 58
61 59
61 60
61 64
61 66
61 69
61 70
61 71
61 74
61 75
61 76
61 77
61 78
61 80
61 81
61 82
61 83
61 85
61 87
61 90
61 92
61 93
61 96
61 97
61 98
61 99
61 100
61 101
61 102
61 104
61 106
61 107
61 110
61 112
61 114
61 115
61 116
61 117
61 118
61 119
61 120
61 121
61 123
61 124
61 125
61 127
61 129
61 130
61 131
61 133
61 134
61 136
61 137
61 138
61 139
61 140
61 142
61 144
61 145
61 146
61 147
61 148
61 149
61 151
61 152
61 153
61 154
61 155
61 157
61 159
61 162
61 163
61 165
61 166
61 167
61 168
61 169
61 170
61 171
61 172
61 174
61 175
61 177
61 180
61 183
61 184
61 187
61 189
62 0
62 1
62 2
62 3
62 4
62 5
62 7
62 8
62 9
62 10
62 11
62 12
62 13
62 14
62 15
62 16
62 17
62 18
62 19
62 20
62 21
62 22
62 23
62 24
62 25
62 26
62 27
62 28
62 30
62 31
62 32
62 33
62 34
62 36
62 37
62 38
62 39
62 41
62 42
62 43
62 44
62 45
62 46
62 47
62 48
62 49
62 50
62 51
62 52
62 53
62 54
62 55
62 56
62 57
62 58
62 59
62 60
62 64
62 66
62 69
62 70
62 71
62 74
62 75
62 76
62 77
62 78
62 80
62 81
62 82
62 83
62 85
62 87
62 90
62 92
62 93
62 96
62 97
62 98
62 99
62 100
62 102
62 104
62 106
62 107
62 110
62 111
62 112
62 114
62 115
62 116
62 117
62 118
62 120
62 121
62 123
62 124
62 125
62 127
62 128
62 129
62 130
62 131
62 133
62 134
62 136
62 137
62 138
62 139
62 140
62 142
62 144
62 145
62 146
62 147
62 148
62 149
62 151
62 152
62 153
62 154
62 155
62 157
62 159
62 162
62 163
62 165
62 166
62 167
62 168
62 169
62 170
62 171
62 172
62 174
62 175
62 177
62 183
62 184
62 187
62 189
63 0
63 1
63 2
63 5
63 8
63 10
63 11
63 12
63 13
63 14
63 15
63 16
63 18
63 19
63 20
63 21
63 22
63 24
63 25
63 26
63 28
63 31
63 33
63 34
63 36
63 37
63 38
63 39
63 41
63 42
63 43
63 44
63 45
63 46
63 47
63 48
63 49
63 51
63 52
63 53
63 54
63 56
63 57
63 58
63 59
63 60
63 64
63 66
63 68
63 70
63 76
63 78
63 81
63 83
63 85
63 87
63 90
63 92
63 93
63 96
63 98
63 99
63 100
63 101
63 104
63 107
63 110
63 112
63 114
63 115
63 116
63 117
63 118
63 120
63 121
63 123
63 127
63 129
63 131
63 136
63 137
63 139
63 140
63 142
63 145
63 146
63 151
63 152
63 155
63 157
63 159
63 162
63 163
63 165
63 166
63 167
63 168
63 169
63 170
63 172
63 174
63 175
63 177
63 183
63 187
63 189
64 5
64 8
64 10
64 11
64 19
64 34
64 39
64 44
64 110
64 112
64 140
64 162
64 166
65 0
65 1
65 2
65 5
65 6
65 8
65 10
65 11
65 12
65 13
65 14
65 15
65 16
65 17
65 18
65 19
65 20
65 21
65 22
65 23
65 24
65 25
65 26
65 28
65 31
65 33
65 34
65 36
65 37
65 38
65 39
65 41
65 42
65 43
65 44
65 45
65 46
65 47
65 48
65 49
65 51
65 52
65 53
65 54
65 56
65 57
65 58
65 59
65 60
65 63
65 64
65 66
65 68
65 70
65 75
65 76
65 78
65 79
65 81
65 83
65 85
65 87
65 90
65 92
65 93
65 96
65 97
65 98
65 99
65 100
65 101
65 104
65 106
65 107
65 110
65 112
65 113
65 114
65 115
65 116
65 117
65 118
65 120
65 121
65 123
65 127
65 129
65 131
65 135
65 136
65 137
65 139
65 140
65 142
65 143
65 144
65 145
65 146
65 147
65 148
65 151
65 152
65 153
65 155
65 157
65 158
65 159
65 162
65 163
65 165
65 166
65 167
65 168
65 169
65 170
65 172
65 174
65 175
65 176
65 177
65 180
65 183
65 186
65 187
65 189
66 5
66 19
66 60
66 110
66 112
66 131
66 140
66 155
66 162
67 0
67 1
67 2
67 3
67 4
67 5
67 6
67 7
67 8
67 9
67 10
67 11
67 12
67 13
67 14
67 15
67 16
67 17
67 18
67 19
67 20
67 21
67 22
67 23
67 24
67 25
67 26
67 28
67 30
67 31
67 32
67 33
67 34
67 36
67 37
67 38
67 39
67 41
67 42
67 43
67 44
67 45
67 46
67 47
67 48
67 49
67 50
67 51
67 52
67 53
67 54
67 56
67 57
67 58
67 59
67 60
67 63
67 64
67 66
67 68
67 69
67 70
67 71
67 74
67 75
67 76
67 77
67 78
67 79
67 80
67 81
67 82
67 83
67 85
67 87
67 90
67 91
67 92
67 93
67 96
67 97
67 98
67 99
67 100
67 101
67 102
67 104
67 106
67 107
67 110
67 112
67 113
67 114
67 115
67 116
67 117
67 118
67 119
67 120
67 121
67 123
67 124
67 125
67 127
67 129
67 130
67 131
67 133
67 134
67 136
67 137
67 138
67 139
67 140
67 142
67 143
67 144
67 145
67 146
67 147
67 148
67 149
67 151
67 152
67 153
67 154
67 155
67 157
67 158
67 159
67 160
67 162
67 163
67 165
67 166
67 167
67 168
67 169
67 170
67 171
67 172
67 174
67 175
67 176
67 177
67 180
67 181
67 183
67 184
67 185
67 187
67 189
68 0
68 2
68 5
68 8
68 10
68 11
68 12
68 13
68 14
68 15
68 16
68 18
68 19
68 20
68 21
68 22
68 28
68 33
68 34
68 36
68 38
68 39
68 41
68 42
68 43
68 44
68 45
68 47
68 48
68 49
68 51
68 53
68 54
68 56
68 57
68 58
68 59
68 60
68 64
68 66
68 70
68 76
68 81
68 83
68 85
68 87
68 90
68 92
68 93
68 98
68 99
68 104
68 107
68 110
68 112
68 114
68 115
68 117
68 118
68 120
68 121
68 123
68 127
68 131
68 136
68 137
68 139
68 140
68 142
68 145
68 146
68 152
68 155
68 157
68 159
68 162
68 163
68 165
68 166
68 167
68 169
68 174
68 175
68 177
68 183
68 189
69 0
69 1
69 2
69 5
69 8
69 10
69 11
69 13
69 18
69 19
69 22
69 23
69 26
69 28
69 31
69 34
69 36
69 38
69 39
69 42
69 43
69 44
69 45
69 47
69 48
69 49
69 53
69 54
69 58
69 59
69 60
69 66
69 74
69 81
69 82
69 83
69 87
69 90
69 93
69 96
69 98
69 102
69 110
69 112
69 115
69 118
69 120
69 121
69 123
69 127
69 131
69 136
69 137
69 139
69 140
69 144
69 145
69 146
69 151
69 152
69 155
69 157
69 162
69 163
69 165
69 166
69 168
69 170
69 177
69 183
69 187
69 189
70 5
70 8
70 10
70 11
70 19
70 34
70 39
70 41
70 44
70 64
70 110
70 112
70 117
70 140
70 162
70 166
70 169
70 175
71 0
71 1
71 2
71 3
71 4
71 5
71 8
71 9
71 10
71 11
71 12
71 13
71 14
71 15
71 16
71 17
71 18
71 19
71 20
71 22
71 23
71 24
71 25
71 26
71 28
71 30
71 31
71 33
71 34
71 36
71 38
71 39
71 41
71 42
71 43
71 44
71 45
71 46
71 47
71 48
71 49
71 50
71 51
71 52
71 53
71 54
71 57
71 58
71 59
71 60
71 64
71 66
71 69
71 70
71 74
71 76
71 78
71 80
71 81
71 82
71 83
71 85
71 87
71 90
71 92
71 93
71 96
71 97
71 98
71 99
71 102
71 104
71 106
71 110
71 112
71 114
71 115
71 116
71 117
71 118
71 120
71 121
71 123
71 124
71 127
71 129
71 130
71 131
71 134
71 136
71 137
71 138
71 139
71 140
71 142
71 144
71 145
71 146
71 147
71 148
71 151
71 152
71 153
71 155
71 157
71 159
71 162
71 163
71 165
71 166
71 167
71 168
71 169
71 170
71 171
71 172
71 174
71 175
71 177
71 183
71 187
71 189
72 0
72 1
72 2
72 4
72 5
72 6
72 8
72 10
72 11
72 12
72 13
72 14
72 15
72 16
72 17
72 18
72 19
72 20
72 21
72 22
72 23
72 24
72 25
72 26
72 28
72 31
72 33
72 34
72 36
72 37
72 38
72 39
72 41
72 42
72 43
72 44
72 45
72 46
72 47
72 48
72 49
72 51
72 52
72 53
72 54
72 56
72 57
72 58
72 59
72 60
72 63
72 64
72 66
72 68
72 70
72 75
72 76
72 78
72 79
72 80
72 81
72 83
72 85
72 87
72 90
72 92
72 93
72 96
72 97
72 98
72 99
72 100
72 101
72 102
72 104
72 106
72 107
72 110
72 112
72 113
72 114
72 115
72 116
72 117
72 118
72 119
72 120
72 121
72 123
72 127
72 129
72 130
72 131
72 134
72 135
72 136
72 137
72 138
72 139
72 140
72 142
72 143
72 144
72 145
72 146
72 147
72 148
72 149
72 151
72 152
72 153
72 155
72 157
72 158
72 159
72 160
72 162
72 163
72 165
72 166
72 167
72 168
72 169
72 170
72 171
72 172
72 174
72 175
72 176
72 177
72 180
72 183
72 186
72 187
72 189
73 0
73 1
73 2
73 3
73 4
73 5
73 6
73 7
73 8
73 9
73 10
73 11
73 12
73 13
73 14
73 15
73 16
73 17
73 18
73 19
73 20
73 21
73 22
73 23
73 24
73 25
73 26
73 27
73 28
73 29
73 30
73 31
73 32
73 33
73 34
73 36
73 37
73 38
73 39
73 41
73 42
73 43
73 44
73 45
73 46
73 47
73 48
73 49
73 50
73 51
73 52
73 53
73 54
73 55
73 56
73 57
73 58
73 59
73 60
73 61
73 62
73 63
73 64
73 65
73 66
73 67
73 68
73 69
73 70
73 71
73 72
73 74
73 75
73 76
73 77
73 78
73 79
73 80
73 81
73 82
73 83
73 84
73 85
73 87
73 88
73 90
73 91
73 92
73 93
73 94
73 95
73 96
73 97
73 98
73 99
73 100
73 101
73 102
73 104
73 105
73 106
73 107
73 108
73 109
73 110
73 111
73 112
73 113
73 114
73 115
73 116
73 117
73 118
73 119
73 120
73 121
73 122
73 123
73 124
73 125
73 127
73 128
73 129
73 130
73 131
73 133
73 134
73 135
73 136
73 137
73 138
73 139
73 140
73 141
73 142
73 143
73 144
73 145
73 146
73 147
73 148
73 149
73 150
73 151
73 152
73 153
73 154
73 155
73 156
73 157
73 158
73 159
73 160
73 161
73 162
73 163
73 165
73 166
73 167
73 168
73 169
73 170
73 171
73 172
73 173
73 174
73 175
73 176
73 177
73 178
73 180
73 181
73 182
73 183
73 184
73 185
73 186
73 187
73 189
74 0
74 1
74 2
74 5
74 8
74 10
74 11
74 13
74 18
74 19
74 22
74 23
74 26
74 28
74 31
74 34
74 36
74 38
74 39
74 42
74 43
74 44
74 45
74 47
74 48
74 49
74 53
74 54
74 58
74 59
74 60
74 66
74 81
74 83
74 87
74 90
74 93
74 96
74 98
74 102
74 110
74 112
74 115
74 118
74 120
74 121
74 123
74 127
74 131
74 136
74 137
74 139
74 140
74 144
74 145
74 146
74 151
74 152
74 155
74 157
74 162
74 163
74 165
74 166
74 168
74 170
74 177
74 183
74 187
74 189
75 0
75 1
75 2
75 5
75 8
75 10
75 11
75 12
75 13
75 14
75 15
75 16
75 18
75 19
75 20
75 22
75 23
75 24
75 25
75 26
75 28
75 31
75 33
75 34
75 36
75 37
75 38
75 39
75 41
75 42
75 43
75 44
75 45
75 46
75 47
75 48
75 49
75 51
75 52
75 53
75 54
75 57
75 58
75 59
75 60
75 64
75 66
75 70
75 76
75 78
75 81
75 83
75 85
75 87
75 90
75 92
75 93
75 96
75 98
75 99
75 104
75 107
75 110
75 112
75 114
75 115
75 116
75 117
75 118
75 120
75 121
75 123
75 127
75 129
75 131
75 136
75 137
75 139
75 140
75 142
75 145
75 146
75 151
75 152
75 153
75 155
75 157
75 159
75 162
75 163
75 165
75 166
75 167
75 168
75 169
75 170
75 172
75 174
75 175
75 177
75 183
75 187
75 189
76 5
76 8
76 10
76 11
76 18
76 19
76 34
76 39
76 44
76 54
76 60
76 64
76 93
76 110
76 112
76 117
76 131
76 140
76 155
76 162
76 166
77 0
77 1
77 2
77 3
77 4
77 5
77 8
77 10
77 11
77 12
77 13
77 14
77 15
77 16
77 17
77 18
77 19
77 20
77 22
77 23
77 24
77 25
77 26
77 28
77 30
77 31
77 33
77 34
77 36
77 37
77 38
77 39
77 41
77 42
77 43
77 44
77 45
77 46
77 47
77 48
77 49
77 51
77 52
77 53
77 54
77 57
77 58
77 59
77 60
77 64
77 66
77 70
77 76
77 78
77 80
77 81
77 83
77 85
77 87
77 90
77 92
77 93
77 96
77 97
77 98
77 99
77 102
77 104
77 106
77 107
77 110
77 112
77 114
77 115
77 116
77 117
77 118
77 120
77 121
77 123
77 127
77 129
77 130
77 131
77 134
77 136
77 137
77 138
77 139
77 140
77 142
77 144
77 145
77 146
77 147
77 148
77 151
77 152
77 153
77 155
77 157
77 159
77 162
77 163
77 165
77 166
77 167
77 168
77 169
77 170
77 171
77 172
77 174
77 175
77 177
77 183
77 187
77 189
78 0
78 1
78 2
78 5
78 8
78 10
78 11
78 12
78 13
78 14
78 15
78 18
78 19
78 20
78 22
78 28
78 31
78 33
78 34
78 36
78 38
78 39
78 41
78 42
78 43
78 44
78 45
78 47
78 48
78 49
78 51
78 53
78 54
78 57
78 58
78 59
78 60
78 64
78 66
78 70
78 76
78 81
78 83
78 85
78 87
78 90
78 93
78 96
78 98
78 99
78 110
78 112
78 114
78 115
78 117
78 118
78 120
78 121
78 123
78 127
78 131
78 136
78 137
78 139
78 140
78 145
78 146
78 151
78 152
78 155
78 157
78 162
78 163
78 165
78 166
78 167
78 168
78 169
78 174
78 175
78 177
78 183
78 187
78 189
79 0
79 1
79 2
79 5
79 8
79 10
79 11
79 12
79 13
79 14
79 15
79 16
79 17
79 18
79 19
79 20
79 21
79 22
79 23
79 24
79 25
79 26
79 28
79 31
79 33
79 34
79 36
79 37
79 38
79 39
79 41
79 42
79 43
79 44
79 45
79 46
79 47
79 48
79 49
79 51
79 52
79 53
79 54
79 56
79 57
79 58
79 59
79 60
79 63
79 64
79 66
79 68
79 70
79 75
79 76
79 78
79 81
79 83
79 85
79 87
79 90
79 92
79 93
79 96
79 97
79 98
79 99
79 100
79 101
79 104
79 107
79 110
79 112
79 114
79 115
79 116
79 117
79 118
79 120
79 121
79 123
79 127
79 129
79 131
79 136
79 137
79 139
79 140
79 142
79 144
79 145
79 146
79 147
79 151
79 152
79 153
79 155
79 157
79 159
79 162
79 163
79 165
79 166
79 167
79 168
79 169
79 170
79 172
79 174
79 175
79 177
79 180
79 183
79 187
79 189
80 0
80 1
80 2
80 5
80 8
80 10
80 11
80 12
80 13
80 18
80 19
80 20
80 22
80 23
80 26
80 28
80 31
80 34
80 36
80 38
80 39
80 42
80 43
80 44
80 45
80 47
80 48
80 49
80 53
80 54
80 58
80 59
80 60
80 64
80 66
80 81
80 83
80 85
80 87
80 90
80 93
80 96
80 98
80 102
80 106
80 110
80 112
80 115
80 118
80 120
80 121
80 123
80 127
80 131
80 136
80 137
80 139
80 140
80 144
80 145
80 146
80 151
80 152
80 155
80 157
80 162
80 163
80 165
80 166
80 168
80 170
80 177
80 183
80 187
80 189
81 2
81 5
81 8
81 10
81 13
81 18
81 19
81 28
81 34
81 36
81 38
81 42
81 43
81 53
81 60
81 66
81 87
81 93
81 98
81 110
81 112
81 115
81 121
81 123
81 131
81 139
81 140
81 146
81 152
81 155
81 162
81 166
81 177
81 183
81 189
82 0
82 1
82 2
82 5
82 8
82 10
82 11
82 13
82 18
82 19
82 22
82 23
82 26
82 28
82 31
82 34
82 36
82 38
82 39
82 42
82 43
82 44
82 45
82 47
82 48
82 49
82 53
82 54
82 58
82 59
82 60
82 66
82 81
82 83
82 87
82 90
82 93
82 96
82 98
82 102
82 110
82 112
82 115
82 118
82 120
82 121
82 123
82 127
82 131
82 136
82 137
82 139
82 140
82 144
82 145
82 146
82 151
82 152
82 155
82 157
82 162
82 165
82 166
82 168
82 170
82 177
82 183
82 187
82 189
83 5
83 8
83 10
83 13
83 18
83 19
83 34
83 36
83 39
83 42
83 43
83 54
83 60
83 66
83 93
83 98
83 110
83 112
83 121
83 131
83 139
83 140
83 155
83 162
83 166
83 177
83 183
84 0
84 1
84 2
84 3
84 4
84 5
84 6
84 8
84 9
84 10
84 11
84 12
84 13
84 14
84 15
84 16
84 17
84 18
84 19
84 20
84 21
84 22
84 23
84 24
84 25
84 26
84 28
84 30
84 31
84 33
84 34
84 36
84 37
84 38
84 39
84 41
84 42
84 43
84 44
84 45
84 46
84 47
84 48
84 49
84 50
84 51
84 52
84 53
84 54
84 56
84 57
84 58
84 59
84 60
84 63
84 64
84 66
84 68
84 70
84 72
84 74
84 75
84 76
84 77
84 78
84 79
84 80
84 81
84 83
84 85
84 87
84 90
84 92
84 93
84 96
84 97
84 98
84 99
84 100
84 101
84 102
84 104
84 106
84 107
84 110
84 112
84 113
84 114
84 115
84 116
84 117
84 118
84 119
84 120
84 121
84 123
84 127
84 129
84 130
84 131
84 134
84 135
84 136
84 137
84 138
84 139
84 140
84 142
84 143
84 144
84 145
84 146
84 147
84 148
84 149
84 151
84 152
84 153
84 155
84 157
84 158
84 159
84 160
84 162
84 163
84 165
84 166
84 167
84 168
84 169
84 170
84 171
84 172
84 174
84 175
84 176
84 177
84 180
84 181
84 183
84 186
84 187
84 189
85 5
85 8
85 10
85 11
85 13
85 18
85 19
85 34
85 36
85 39
85 42
85 43
85 44
85 54
85 60
85 64
85 66
85 83
85 93
85 98
85 110
85 112
85 121
85 131
85 139
85 140
85 155
85 162
85 166
85 177
85 183
86 0
86 1
86 2
86 3
86 4
86 5
86 6
86 7
86 8
86 9
86 10
86 11
86 12
86 13
86 14
86 15
86 16
86 17
86 18
86 19
86 20
86 21
86 22
86 23
86 24
86 25
86 26
86 27
86 28
86 29
86 30
86 31
86 32
86 33
86 34
86 36
86 37
86 38
86 39
86 40
86 41
86 42
86 43
86 44
86 45
86 46
86 47
86 48
86 49
86 50
86 51
86 52
86 53
86 54
86 55
86 56
86 57
86 58
86 59
86 60
86 61
86 62
86 63
86 64
86 65
86 66
86 67
86 68
86 69
86 70
86 71
86 72
86 74
86 75
86 76
86 77
86 78
86 79
86 80
86 81
86 82
86 83
86 84
86 85
86 87
86 88
86 90
86 91
86 92
86 93
86 94
86 95
86 96
86 97
86 98
86 99
86 100
86 101
86 102
86 104
86 105
86 106
86 107
86 108
86 109
86 110
86 111
86 112
86 113
86 114
86 115
86 116
86 117
86 118
86 119
86 120
86 121
86 123
86 124
86 125
86 127
86 128
86 129
86 130
86 131
86 132
86 133
86 134
86 135
86 136
86 137
86 138
86 139
86 140
86 141
86 142
86 143
86 144
86 145
86 146
86 147
86 148
86 149
86 150
86 151
86 152
86 153
86 154
86 155
86 156
86 157
86 158
86 159
86 160
86 161
86 162
86 163
86 165
86 166
86 167
86 168
86 169
86 170
86 171
86 172
86 173
86 174
86 175
86 176
86 177
86 178
86 180
86 181
86 183
86 184
86 185
86 186
86 187
86 189
87 5
87 13
87 18
87 19
87 34
87 36
87 42
87 43
87 60
87 66
87 93
87 98
87 110
87 112
87 121
87 131
87 139
87 140
87 155
87 162
87 166
87 177
87 183
87 189
88 0
88 1
88 2
88 3
88 4
88 5
88 7
88 8
88 9
88 10
88 11
88 12
88 13
88 14
88 15
88 16
88 17
88 18
88 19
88 20
88 21
88 22
88 23
88 24
88 25
88 26
88 27
88 28
88 30
88 31
88 32
88 33
88 34
88 36
88 37
88 38
88 39
88 41
88 42
88 43
88 44
88 45
88 46
88 47
88 48
88 49
88 50
88 51
88 52
88 53
88 54
88 55
88 56
88 57
88 58
88 59
88 60
88 62
88 64
88 66
88 69
88 70
88 71
88 74
88 75
88 76
88 77
88 78
88 80
88 81
88 82
88 83
88 85
88 87
88 90
88 92
88 93
88 96
88 97
88 98
88 99
88 100
88 102
88 104
88 106
88 107
88 110
88 111
88 112
88 114
88 115
88 116
88 117
88 118
88 120
88 121
88 123
88 124
88 125
88 127
88 128
88 129
88 130
88 131
88 133
88 134
88 136
88 137
88 138
88 139
88 140
88 142
88 144
88 145
88 146
88 147
88 148
88 149
88 151
88 152
88 153
88 154
88 155
88 157
88 159
88 162
88 163
88 165
88 166
88 167
88 168
88 169
88 170
88 171
88 172
88 174
88 175
88 177
88 183
88 184
88 187
88 189
89 0
89 1
89 2
89 3
89 4
89 5
89 6
89 7
89 8
89 9
89 10
89 11
89 12
89 13
89 14
89 15
89 16
89 17
89 18
89 19
89 20
89 21
89 22
89 23
89 24
89 25
89 26
89 27
89 28
89 29
89 30
89 31
89 32
89 33
89 34
89 36
89 37
89 38
89 39
89 40
89 41
89 42
89 43
89 44
89 45
89 46
89 47
89 48
89 49
89 50
89 51
89 52
89 53
89 54
89 55
89 56
89 57
89 58
89 59
89 60
89 61
89 62
89 63
89 64
89 66
89 67
89 68
89 69
89 70
89 71
89 72
89 74
89 75
89 76
89 77
89 78
89 79
89 80
89 81
89 82
89 83
89 85
89 87
89 88
89 90
89 91
89 92
89 93
89 96
89 97
89 98
89 99
89 100
89 101
89 102
89 104
89 105
89 106
89 107
89 110
89 111
89 112
89 113
89 114
89 115
89 116
89 117
89 118
89 119
89 120
89 121
89 123
89 124
89 125
89 127
89 128
89 129
89 130
89 131
89 132
89 133
89 134
89 135
89 136
89 137
89 138
89 139
89 140
89 142
89 143
89 144
89 145
89 146
89 147
89 148
89 149
89 151
89 152
89 153
89 154
89 155
89 157
89 158
89 159
89 160
89 161
89 162
89 163
89 165
89 166
89 167
89 168
89 169
89 170
89 171
89 172
89 174
89 175
89 176
89 177
89 178
89 180
89 181
89 183
89 184
89 185
89 186
89 187
89 188
89 189
90 2
90 5
90 8
90 10
90 13
90 18
90 19
90 28
90 34
90 36
90 38
90 39
90 42
90 43
90 47
90 53
90 54
90 59
90 60
90 66
90 81
90 83
90 87
90 93
90 98
90 110
90 112
90 115
90 118
90 120
90 121
90 123
90 127
90 131
90 136
90 137
90 139
90 140
90 145
90 146
90 152
90 155
90 157
90 162
90 165
90 166
90 177
90 183
90 189
91 0
91 1
91 2
91 3
91 4
91 5
91 8
91 9
91 10
91 11
91 12
91 13
91 14
91 15
91 16
91 17
91 18
91 19
91 20
91 21
91 22
91 23
91 24
91 25
91 26
91 28
91 30
91 31
91 33
91 34
91 36
91 37
91 38
91 39
91 41
91 42
91 43
91 44
91 45
91 46
91 47
91 48
91 49
91 50
91 51
91 52
91 53
91 54
91 56
91 57
91 58
91 59
91 60
91 63
91 64
91 66
91 68
91 69
91 70
91 71
91 74
91 75
91 76
91 77
91 78
91 79
91 80
91 81
91 82
91 83
91 85
91 87
91 90
91 92
91 93
91 96
91 97
91 98
91 99
91 100
91 101
91 102
91 104
91 106
91 107
91 110
91 112
91 113
91 114
91 115
91 116
91 117
91 118
91 119
91 120
91 121
91 123
91 124
91 127
91 129
91 130
91 131
91 134
91 136
91 137
91 138
91 139
91 140
91 142
91 144
91 145
91 146
91 147
91 148
91 149
91 151
91 152
91 153
91 154
91 155
91 157
91 158
91 159
91 160
91 162
91 163
91 165
91 166
91 167
91 168
91 169
91 170
91 171
91 172
91 174
91 175
91 176
91 177
91 180
91 183
91 184
91 187
91 189
92 0
92 2
92 5
92 8
92 10
92 11
92 13
92 14
92 15
92 16
92 18
92 19
92 20
92 22
92 28
92 33
92 34
92 36
92 38
92 39
92 41
92 42
92 43
92 44
92 47
92 48
92 51
92 53
92 54
92 57
92 58
92 59
92 60
92 64
92 66
92 70
92 76
92 81
92 83
92 85
92 87
92 90
92 93
92 98
92 99
92 104
92 110
92 112
92 114
92 115
92 117
92 118
92 120
92 121
92 123
92 127
92 131
92 136
92 137
92 139
92 140
92 145
92 146
92 152
92 155
92 157
92 162
92 163
92 165
92 166
92 167
92 169
92 174
92 175
92 177
92 183
92 189
93 5
93 19
93 60
93 110
93 112
93 131
93 140
93 155
93 162
94 0
94 1
94 2
94 3
94 4
94 5
94 6
94 8
94 9
94 10
94 11
94 12
94 13
94 14
94 15
94 16
94 17
94 18
94 19
94 20
94 21
94 22
94 23
94 24
94 25
94 26
94 28
94 30
94 31
94 33
94 34
94 36
94 37
94 38
94 39
94 41
94 42
94 43
94 44
94 45
94 46
94 47
94 48
94 49
94 50
94 51
94 52
94 53
94 54
94 56
94 57
94 58
94 59
94 60
94 63
94 64
94 66
94 68
94 70
94 72
94 74
94 75
94 76
94 77
94 78
94 79
94 80
94 81
94 83
94 85
94 87
94 90
94 92
94 93
94 96
94 97
94 98
94 99
94 100
94 101
94 102
94 104
94 106
94 107
94 110
94 112
94 113
94 114
94 115
94 116
94 117
94 118
94 119
94 120
94 121
94 123
94 127
94 129
94 130
94 131
94 134
94 135
94 136
94 137
94 138
94 139
94 140
94 142
94 143
94 144
94 145
94 146
94 147
94 148
94 149
94 151
94 152
94 153
94 155
94 157
94 158
94 159
94 160
94 162
94 163
94 165
94 166
94 167
94 168
94 169
94 170
94 171
94 172
94 174
94 175
94 176
94 177
94 180
94 181
94 183
94 186
94 187
94 189
95 0
95 1
95 2
95 3
95 4
95 5
95 6
95 7
95 8
95 9
95 10
95 11
95 12
95 13
95 14
95 15
95 16
95 17
95 18
95 19
95 20
95 21
95 22
95 23
95 24
95 25
95 26
95 27
95 28
95 29
95 30
95 31
95 32
95 33
95 34
95 36
95 37
95 38
95 39
95 41
95 42
95 43
95 44
95 45
95 46
95 47
95 48
95 49
95 50
95 51
95 52
95 53
95 54
95 55
95 56
95 57
95 58
95 59
95 60
95 61
95 62
95 63
95 64
95 65
95 66
95 67
95 68
95 69
95 70
95 71
95 72
95 74
95 75
95 76
95 77
95 78
95 79
95 80
95 81
95 82
95 83
95 84
95 85
95 87
95 90
95 91
95 92
95 93
95 94
95 96
95 97
95 98
95 99
95 100
95 101
95 102
95 104
95 105
95 106
95 107
95 108
95 109
95 110
95 111
95 112
95 113
95 114
95 115
95 116
95 117
95 118
95 119
95 120
95 121
95 123
95 124
95 125
95 127
95 128
95 129
95 130
95 131
95 133
95 134
95 135
95 136
95 137
95 138
95 139
95 140
95 141
95 142
95 143
95 144
95 145
95 146
95 147
95 148
95 149
95 150
95 151
95 152
95 153
95 154
95 155
95 156
95 157
95 158
95 159
95 160
95 162
95 163
95 165
95 166
95 167
95 168
95 169
95 170
95 171
95 172
95 173
95 174
95 175
95 176
95 177
95 180
95 181
95 183
95 184
95 185
95 186
95 187
95 189
96 1
96 2
96 5
96 8
96 10
96 13
96 18
96 19
96 28
96 34
96 36
96 38
96 39
96 42
96 43
96 44
96 45
96 47
96 49
96 53
96 54
96 59
96 60
96 66
96 81
96 83
96 87
96 90
96 93
96 98
96 110
96 112
96 115
96 118
96 120
96 121
96 123
96 127
96 131
96 136
96 137
96 139
96 140
96 145
96 146
96 151
96 152
96 155
96 157
96 162
96 165
96 166
96 168
96 177
96 183
96 189
97 0
97 1
97 2
97 5
97 8
97 10
97 11
97 12
97 13
97 14
97 15
97 16
97 17
97 18
97 19
97 20
97 22
97 23
97 24
97 25
97 26
97 28
97 31
97 33
97 34
97 36
97 38
97 39
97 41
97 42
97 43
97 44
97 45
97 46
97 47
97 48
97 49
97 51
97 52
97 53
97 54
97 57
97 58
97 59
97 60
97 64
97 66
97 70
97 76
97 78
97 81
97 83
97 85
97 87
97 90
97 92
97 93
97 96
97 98
97 99
97 104
97 110
97 112
97 114
97 115
97 116
97 117
97 118
97 120
97 121
97 123
97 127
97 131
97 136
97 137
97 139
97 140
97 144
97 145
97 146
97 147
97 151
97 152
97 153
97 155
97 157
97 162
97 163
97 165
97 166
97 167
97 168
97 169
97 170
97 172
97 174
97 175
97 177
97 183
97 187
97 189
98 5
98 19
98 42
98 43
98 60
98 112
99 0
99 2
99 5
99 8
99 10
99 11
99 13
99 18
99 19
99 20
99 22
99 28
99 34
99 36
99 38
99 39
99 42
99 43
99 44
99 48
99 53
99 54
99 58
99 59
99 60
99 64
99 66
99 76
99 81
99 83
99 85
99 87
99 93
99 98
99 110
99 112
99 115
99 117
99 118
99 120
99 121
99 123
99 127
99 131
99 137
99 139
99 140
99 146
99 152
99 155
99 157
99 162
99 163
99 165
99 166
99 167
99 177
99 183
99 189
100 0
100 1
100 2
100 5
100 8
100 10
100 11
100 12
100 13
100 14
100 15
100 16
100 18
100 19
100 20
100 21
100 22
100 24
100 25
100 26
100 28
100 31
100 33
100 34
100 36
100 37
100 38
100 39
100 41
100 42
100 43
100 44
100 45
100 46
100 47
100 48
100 49
100 51
100 52
100 53
100 54
100 56
100 57
100 58
100 59
100 60
100 64
100 66
100 70
100 76
100 78
100 81
100 83
100 85
100 87
100 90
100 92
100 93
100 96
100 98
100 99
100 104
100 107
100 110
100 112
100 114
100 115
100 116
100 117
100 118
100 120
100 121
100 123
100 127
100 129
100 131
100 136
100 137
100 139
100 140
100 142
100 145
100 146
100 151
100 152
100 155
100 157
100 159
100 162
100 163
100 165
100 166
100 167
100 168
100 169
100 170
100 172
100 174
100 175
100 177
100 183
100 187
100 189
101 0
101 1
101 2
101 5
101 8
101 10
101 11
101 12
101 13
101 14
101 15
101 16
101 18
101 19
101 20
101 21
101 22
101 24
101 25
101 26
101 28
101 31
101 33
101 34
101 36
101 37
101 38
101 39
101 41
101 42
101 43
101 44
101 45
101 46
101 47
101 48
101 49
101 51
101 52
101 53
101 54
101 56
101 57
101 58
101 59
101 60
101 64
101 66
101 70
101 76
101 78
101 81
101 83
101 85
101 87
101 90
101 92
101 93
101 96
101 98
101 99
101 100
101 104
101 107
101 110
101 112
101 114
101 115
101 116
101 117
101 118
101 120
101 121
101 123
101 127
101 129
101 131
101 136
101 137
101 139
101 140
101 142
101 145
101 146
101 151
101 152
101 155
101 157
101 159
101 162
101 163
101 165
101 166
101 167
101 168
101 169
101 170
101 172
101 174
101 175
101 177
101 183
101 187
101 189
102 1
102 2
102 5
102 8
102 10
102 13
102 18
102 19
102 26
102 28
102 34
102 36
102 38
102 39
102 42
102 43
102 44
102 45
102 47
102 49
102 53
102 54
102 59
102 60
102 66
102 81
102 83
102 87
102 90
102 93
102 96
102 98
102 110
102 112
102 115
102 118
102 120
102 121
102 123
102 127
102 131
102 136
102 137
102 139
102 140
102 144
102 145
102 146
102 151
102 152
102 155
102 157
102 162
102 165
102 166
102 168
102 177
102 183
102 189
103 0
103 1
103 2
103 3
103 4
103 5
103 6
103 7
103 8
103 9
103 10
103 11
103 12
103 13
103 14
103 15
103 16
103 17
103 18
103 19
103 20
103 21
103 22
103 23
103 24
103 25
103 26
103 27
103 28
103 29
103 30
103 31
103 32
103 33
103 34
103 36
103 37
103 38
103 39
103 40
103 41
103 42
103 43
103 44
103 45
103 46
103 47
103 48
103 49
103 50
103 51
103 52
103 53
103 54
103 55
103 56
103 57
103 58
103 59
103 60
103 61
103 62
103 63
103 64
103 65
103 66
103 67
103 68
103 69
103 70
103 71
103 72
103 74
103 75
103 76
103 77
103 78
103 79
103 80
103 81
103 82
103 83
103 84
103 85
103 86
103 87
103 88
103 90
103 91
103 92
103 93
103 94
103 95
103 96
103 97
103 98
103 99
103 100
103 101
103 102
103 104
103 105
103 106
103 107
103 108
103 109
103 110
103 111
103 112
103 113
103 114
103 115
103 116
103 117
103 118
103 119
103 120
103 121
103 122
103 123
103 124
103 125
103 126
103 127
103 128
103 129
103 130
103 131
103 132
103 133
103 134
103 135
103 136
103 137
103 138
103 139
103 140
103 141
103 142
103 143
103 144
103 145
103 146
103 147
103 148
103 149
103 150
103 151
103 152
103 153
103 154
103 155
103 156
103 157
103 158
103 159
103 160
103 161
103 162
103 163
103 165
103 166
103 167
103 168
103 169
103 170
103 171
103 172
103 173
103 174
103 175
103 176
103 177
103 178
103 180
103 181
103 182
103 183
103 184
103 185
103 186
103 187
103 189
104 5
104 8
104 10
104 11
104 13
104 14
104 16
104 18
104 19
104 33
104 34
104 36
104 39
104 41
104 42
104 43
104 44
104 54
104 57
104 60
104 64
104 66
104 70
104 76
104 83
104 85
104 93
104 98
104 110
104 112
104 117
104 121
104 131
104 139
104 140
104 155
104 162
104 166
104 169
104 175
104 177
104 183
105 0
105 1
105 2
105 3
105 4
105 5
105 7
105 8
105 9
105 10
105 11
105 12
105 13
105 14
105 15
105 16
105 17
105 18
105 19
105 20
105 21
105 22
105 23
105 24
105 25
105 26
105 27
105 28
105 30
105 31
105 32
105 33
105 34
105 36
105 37
105 38
105 39
105 41
105 42
105 43
105 44
105 45
105 46
105 47
105 48
105 49
105 50
105 51
105 52
105 53
105 54
105 55
105 56
105 57
105 58
105 59
105 60
105 64
105 66
105 69
105 70
105 71
105 74
105 75
105 76
105 77
105 78
105 80
105 81
105 82
105 83
105 85
105 87
105 90
105 92
105 93
105 96
105 97
105 98
105 99
105 100
105 101
105 102
105 104
105 106
105 107
105 110
105 111
105 112
105 114
105 115
105 116
105 117
105 118
105 120
105 121
105 123
105 124
105 125
105 127
105 128
105 129
105 130
105 131
105 133
105 134
105 136
105 137
105 138
105 139
105 140
105 142
105 144
105 145
105 146
105 147
105 148
105 149
105 151
105 152
105 153
105 154
105 155
105 157
105 159
105 162
105 163
105 165
105 166
105 167
105 168
105 169
105 170
105 171
105 172
105 174
105 175
105 177
105 183
105 184
105 187
105 189
106 0
106 1
106 2
106 5
106 8
106 10
106 11
106 12
106 13
106 18
106 19
106 20
106 22
106 23
106 26
106 28
106 31
106 34
106 36
106 38
106 39
106 42
106 43
106 44
106 45
106 47
106 48
106 49
106 53
106 54
106 58
106 59
106 60
106 64
106 66
106 81
106 83
106 85
106 87
106 90
106 93
106 96
106 98
106 110
106 112
106 115
106 118
106 120
106 121
106 123
106 127
106 131
106 136
106 137
106 139
106 140
106 144
106 145
106 146
106 151
106 152
106 155
106 157
106 162
106 163
106 165
106 166
106 168
106 170
106 177
106 183
106 187
106 189
107 5
107 8
107 10
107 11
107 13
107 14
107 16
107 18
107 19
107 33
107 34
107 36
107 38
107 39
107 41
107 42
107 43
107 44
107 54
107 57
107 59
107 60
107 64
107 66
107 70
107 76
107 83
107 85
107 93
107 98
107 104
107 110
107 112
107 117
107 121
107 131
107 139
107 140
107 155
107 159
107 162
107 166
107 169
107 175
107 177
107 183
107 189
108 0
108 1
108 2
108 3
108 4
108 5
108 6
108 7
108 8
108 9
108 10
108 11
108 12
108 13
108 14
108 15
108 16
108 17
108 18
108 19
108 20
108 21
108 22
108 23
108 24
108 25
108 26
108 27
108 28
108 29
108 30
108 31
108 32
108 33
108 34
108 36
108 37
108 38
108 39
108 41
108 42
108 43
108 44
108 45
108 46
108 47
108 48
108 49
108 50
108 51
108 52
108 53
108 54
108 56
108 57
108 58
108 59
108 60
108 61
108 63
108 64
108 65
108 66
108 67
108 68
108 69
108 70
108 71
108 72
108 74
108 75
108 76
108 77
108 78
108 79
108 80
108 81
108 82
108 83
108 84
108 85
108 87
108 90
108 91
108 92
108 93
108 94
108 96
108 97
108 98
108 99
108 100
108 101
108 102
108 104
108 106
108 107
108 109
108 110
108 112
108 113
108 114
108 115
108 116
108 117
108 118
108 119
108 120
108 121
108 123
108 124
108 125
108 127
108 129
108 130
108 131
108 133
108 134
108 135
108 136
108 137
108 138
108 139
108 140
108 142
108 143
108 144
108 145
108 146
108 147
108 148
108 149
108 150
108 151
108 152
108 153
108 154
108 155
108 156
108 157
108 158
108 159
108 160
108 162
108 163
108 165
108 166
108 167
108 168
108 169
108 170
108 171
108 172
108 174
108 175
108 176
108 177
108 180
108 181
108 183
108 184
108 185
108 186
108 187
108 189
109 0
109 1
109 2
109 3
109 4
109 5
109 6
109 7
109 8
109 9
109 10
109 11
109 12
109 13
109 14
109 15
109 16
109 17
109 18
109 19
109 20
109 21
109 22
109 23
109 24
109 25
109 26
109 28
109 30
109 31
109 32
109 33
109 34
109 36
109 37
109 38
109 39
109 41
109 42
109 43
109 44
109 45
109 46
109 47
109 48
109 49
109 50
109 51
109 52
109 53
109 54
109 56
109 57
109 58
109 59
109 60
109 63
109 64
109 65
109 66
109 67
109 68
109 69
109 70
109 71
109 72
109 74
109 75
109 76
109 77
109 78
109 79
109 80
109 81
109 82
109 83
109 84
109 85
109 87
109 90
109 91
109 92
109 93
109 94
109 96
109 97
109 98
109 99
109 100
109 101
109 102
109 104
109 106
109 107
109 110
109 112
109 113
109 114
109 115
109 116
109 117
109 118
109 119
109 120
109 121
109 123
109 124
109 125
109 127
109 129
109 130
109 131
109 133
109 134
109 135
109 136
109 137
109 138
109 139
109 140
109 142
109 143
109 144
109 145
109 146
109 147
109 148
109 149
109 151
109 152
109 153
109 154
109 155
109 157
109 158
109 159
109 160
109 162
109 163
109 165
109 166
109 167
109 168
109 169
109 170
109 171
109 172
109 174
109 175
109 176
109 177
109 180
109 181
109 183
109 184
109 185
109 186
109 187
109 189
110 5
110 19
110 112
111 0
111 1
111 2
111 3
111 4
111 5
111 7
111 8
111 9
111 10
111 11
111 12
111 13
111 14
111 15
111 16
111 17
111 18
111 19
111 20
111 22
111 23
111 24
111 25
111 26
111 27
111 28
111 30
111 31
111 32
111 33
111 34
111 36
111 37
111 38
111 39
111 41
111 42
111 43
111 44
111 45
111 46
111 47
111 48
111 49
111 50
111 51
111 52
111 53
111 54
111 57
111 58
111 59
111 60
111 64
111 66
111 69
111 70
111 71
111 74
111 75
111 76
111 77
111 78
111 80
111 81
111 82
111 83
111 85
111 87
111 90
111 92
111 93
111 96
111 97
111 98
111 99
111 102
111 104
111 106
111 107
111 110
111 112
111 114
111 115
111 116
111 117
111 118
111 120
111 121
111 123
111 124
111 125
111 127
111 128
111 129
111 130
111 131
111 133
111 134
111 136
111 137
111 138
111 139
111 140
111 142
111 144
111 145
111 146
111 147
111 148
111 149
111 151
111 152
111 153
111 154
111 155
111 157
111 159
111 162
111 163
111 165
111 166
111 167
111 168
111 169
111 170
111 171
111 172
111 174
111 175
111 177
111 183
111 184
111 187
111 189
113 0
113 1
113 2
113 5
113 8
113 10
113 11
113 12
113 13
113 14
113 15
113 16
113 17
113 18
113 19
113 20
113 21
113 22
113 23
113 24
113 25
113 26
113 28
113 31
113 33
113 34
113 36
113 37
113 38
113 39
113 41
113 42
113 43
113 44
113 45
113 46
113 47
113 48
113 49
113 51
113 52
113 53
113 54
113 56
113 57
113 58
113 59
113 60
113 63
113 64
113 66
113 68
113 70
113 75
113 76
113 78
113 81
113 83
113 85
113 87
113 90
113 92
113 93
113 96
113 97
113 98
113 99
113 100
113 101
113 104
113 107
113 110
113 112
113 114
113 115
113 116
113 117
113 118
113 120
113 121
113 123
113 127
113 129
113 131
113 136
113 137
113 139
113 140
113 142
113 144
113 145
113 146
113 147
113 151
113 152
113 153
113 155
113 157
113 159
113 162
113 163
113 165
113 166
113 167
113 168
113 169
113 170
113 172
113 174
113 175
113 177
113 180
113 183
113 187
113 189
114 0
114 2
114 5
114 8
114 10
114 11
114 13
114 14
114 15
114 18
114 19
114 20
114 22
114 28
114 33
114 34
114 36
114 38
114 39
114 41
114 42
114 43
114 44
114 48
114 53
114 54
114 57
114 58
114 59
114 60
114 64
114 66
114 70
114 76
114 81
114 83
114 85
114 87
114 93
114 98
114 99
114 110
114 112
114 115
114 117
114 118
114 120
114 121
114 123
114 127
114 131
114 136
114 137
114 139
114 140
114 146
114 152
114 155
114 157
114 162
114 163
114 165
114 166
114 167
114 169
114 174
114 175
114 177
114 183
114 189
115 5
115 13
115 18
115 19
115 34
115 36
115 38
115 42
115 43
115 60
115 66
115 87
115 93
115 98
115 110
115 112
115 121
115 131
115 139
115 140
115 155
115 162
115 166
115 177
115 183
115 189
116 0
116 1
116 2
116 5
116 8
116 10
116 11
116 12
116 13
116 14
116 15
116 16
116 18
116 19
116 20
116 22
116 24
116 25
116 26
116 28
116 31
116 33
116 34
116 36
116 38
116 39
116 41
116 42
116 43
116 44
116 45
116 46
116 47
116 48
116 49
116 51
116 52
116 53
116 54
116 57
116 58
116 59
116 60
116 64
116 66
116 70
116 76
116 78
116 81
116 83
116 85
116 87
116 90
116 92
116 93
116 96
116 98
116 99
116 104
116 110
116 112
116 114
116 115
116 117
116 118
116 120
116 121
116 123
116 127
116 131
116 136
116 137
116 139
116 140
116 145
116 146
116 151
116 152
116 155
116 157
116 162
116 163
116 165
116 166
116 167
116 168
116 169
116 170
116 172
116 174
116 175
116 177
116 183
116 187
116 189
117 8
117 10
117 11
117 19
117 34
117 44
117 112
117 166
118 2
118 5
118 8
118 10
118 13
118 18
118 19
118 28
118 34
118 36
118 38
118 42
118 43
118 53
118 54
118 59
118 60
118 66
118 81
118 87
118 93
118 98
118 110
118 112
118 115
118 120
118 121
118 123
118 127
118 131
118 139
118 140
118 146
118 152
118 155
118 162
118 166
118 177
118 183
118 189
119 0
119 1
119 2
119 4
119 5
119 8
119 10
119 11
119 12
119 13
119 14
119 15
119 16
119 17
119 18
119 19
119 20
119 21
119 22
119 23
119 24
119 25
119 26
119 28
119 31
119 33
119 34
119 36
119 37
119 38
119 39
119 41
119 42
119 43
119 44
119 45
119 46
119 47
119 48
119 49
119 51
119 52
119 53
119 54
119 56
119 57
119 58
119 59
119 60
119 64
119 66
119 70
119 75
119 76
119 78
119 80
119 81
119 83
119 85
119 87
119 90
119 92
119 93
119 96
119 97
119 98
119 99
119 100
119 101
119 102
119 104
119 106
119 107
119 110
119 112
119 114
119 115
119 116
119 117
119 118
119 120
119 121
119 123
119 127
119 129
119 130
119 131
119 134
119 136
119 137
119 139
119 140
119 142
119 144
119 145
119 146
119 147
119 148
119 149
119 151
119 152
119 153
119 155
119 157
119 159
119 162
119 163
119 165
119 166
119 167
119 168
119 169
119 170
119 171
119 172
119 174
119 175
119 177
119 180
119 183
119 187
119 189
120 5
120 8
120 10
120 13
120 18
120 19
120 34
120 36
120 38
120 42
120 43
120 53
120 54
120 60
120 66
120 87
120 93
120 98
120 110
120 112
120 115
120 121
120 123
120 127
120 131
120 139
120 140
120 146
120 152
120 155
120 162
120 166
120 177
120 183
120 189
121 5
121 19
121 42
121 43
121 60
121 98
121 112
121 140
121 162
122 0
122 1
122 2
122 3
122 4
122 5
122 6
122 7
122 8
122 9
122 10
122 11
122 12
122 13
122 14
122 15
122 16
122 17
122 18
122 19
122 20
122 21
122 22
122 23
122 24
122 25
122 26
122 28
122 30
122 31
122 32
122 33
122 34
122 36
122 37
122 38
122 39
122 41
122 42
122 43
122 44
122 45
122 46
122 47
122 48
122 49
122 50
122 51
122 52
122 53
122 54
122 56
122 57
122 58
122 59
122 60
122 63
122 64
122 65
122 66
122 67
122 68
122 69
122 70
122 71
122 72
122 74
122 75
122 76
122 77
122 78
122 79
122 80
122 81
122 82
122 83
122 84
122 85
122 87
122 90
122 91
122 92
122 93
122 94
122 96
122 97
122 98
122 99
122 100
122 101
122 102
122 104
122 106
122 107
122 109
122 110
122 112
122 113
122 114
122 115
122 116
122 117
122 118
122 119
122 120
122 121
122 123
122 124
122 125
122 127
122 129
122 130
122 131
122 133
122 134
122 135
122 136
122 137
122 138
122 139
122 140
122 142
122 143
122 144
122 145
122 146
122 147
122 148
122 149
122 150
122 151
122 152
122 153
122 154
122 155
122 156
122 157
122 158
122 159
122 160
122 162
122 163
122 165
122 166
122 167
122 168
122 169
122 170
122 171
122 172
122 174
122 175
122 176
122 177
122 180
122 181
122 183
122 184
122 185
122 186
122 187
122 189
123 5
123 13
123 18
123 19
123 34
123 36
123 38
123 42
123 43
123 60
123 66
123 87
123 93
123 98
123 110
123 112
123 115
123 121
123 131
123 139
123 140
123 155
123 162
123 166
123 177
123 183
123 189
124 0
124 1
124 2
124 3
124 4
124 5
124 8
124 10
124 11
124 12
124 13
124 15
124 18
124 19
124 20
124 22
124 23
124 25
124 26
124 28
124 30
124 31
124 34
124 36
124 38
124 39
124 41
124 42
124 43
124 44
124 45
124 46
124 47
124 48
124 49
124 52
124 53
124 54
124 57
124 58
124 59
124 60
124 64
124 66
124 74
124 76
124 80
124 81
124 83
124 85
124 87
124 90
124 93
124 96
124 98
124 99
124 102
124 106
124 110
124 112
124 115
124 117
124 118
124 120
124 121
124 123
124 127
124 130
124 131
124 134
124 136
124 137
124 139
124 140
124 144
124 145
124 146
124 148
124 151
124 152
124 153
124 155
124 157
124 162
124 163
124 165
124 166
124 167
124 168
124 169
124 170
124 177
124 183
124 187
124 189
125 0
125 1
125 2
125 3
125 4
125 5
125 7
125 8
125 10
125 11
125 12
125 13
125 15
125 18
125 19
125 20
125 22
125 23
125 25
125 26
125 28
125 31
125 34
125 36
125 38
125 39
125 41
125 42
125 43
125 44
125 45
125 46
125 47
125 48
125 49
125 52
125 53
125 54
125 57
125 58
125 59
125 60
125 64
125 66
125 69
125 74
125 76
125 80
125 81
125 82
125 83
125 85
125 87
125 90
125 93
125 96
125 98
125 99
125 102
125 106
125 110
125 112
125 115
125 117
125 118
125 120
125 121
125 123
125 127
125 130
125 131
125 134
125 136
125 137
125 139
125 140
125 144
125 145
125 146
125 148
125 151
125 152
125 153
125 155
125 157
125 162
125 163
125 165
125 166
125 167
125 168
125 169
125 170
125 177
125 183
125 187
125 189
126 0
126 1
126 2
126 3
126 4
126 5
126 6
126 7
126 8
126 9
126 10
126 11
126 12
126 13
126 14
126 15
126 16
126 17
126 18
126 19
126 20
126 21
126 22
126 23
126 24
126 25
126 26
126 27
126 28
126 29
126 30
126 31
126 32
126 33
126 34
126 36
126 37
126 38
126 39
126 40
126 41
126 42
126 43
126 44
126 45
126 46
126 47
126 48
126 49
126 50
126 51
126 52
126 53
126 54
126 55
126 56
126 57
126 58
126 59
126 60
126 61
126 62
126 63
126 64
126 65
126 66
126 67
126 68
126 69
126 70
126 71
126 72
126 74
126 75
126 76
126 77
126 78
126 79
126 80
126 81
126 82
126 83
126 84
126 85
126 87
126 88
126 90
126 91
126 92
126 93
126 94
126 95
126 96
126 97
126 98
126 99
126 100
126 101
126 102
126 104
126 105
126 106
126 107
126 108
126 109
126 110
126 111
126 112
126 113
126 114
126 115
126 116
126 117
126 118
126 119
126 120
126 121
126 123
126 124
126 125
126 127
126 128
126 129
126 130
126 131
126 132
126 133
126 134
126 135
126 136
126 137
126 138
126 139
126 140
126 141
126 142
126 143
126 144
126 145
126 146
126 147
126 148
126 149
126 150
126 151
126 152
126 153
126 154
126 155
126 156
126 157
126 158
126 159
126 160
126 161
126 162
126 163
126 165
126 166
126 167
126 168
126 169
126 170
126 171
126 172
126 173
126 174
126 175
126 176
126 177
126 178
126 180
126 181
126 183
126 184
126 185
126 186
126 187
126 189
127 5
127 8
127 10
127 13
127 18
127 19
127 34
127 36
127 38
127 42
127 43
127 54
127 60
127 66
127 93
127 98
127 110
127 112
127 121
127 131
127 139
127 140
127 155
127 162
127 166
127 177
127 183
127 189
128 0
128 1
128 2
128 3
128 4
128 5
128 7
128 8
128 9
128 10
128 11
128 12
128 13
128 14
128 15
128 16
128 17
128 18
128 19
128 20
128 22
128 23
128 24
128 25
128 26
128 27
128 28
128 30
128 31
128 32
128 33
128 34
128 36
128 37
128 38
128 39
128 41
128 42
128 43
128 44
128 45
128 46
128 47
128 48
128 49
128 50
128 51
128 52
128 53
128 54
128 57
128 58
128 59
128 60
128 64
128 66
128 69
128 70
128 71
128 74
128 76
128 77
128 78
128 80
128 81
128 82
128 83
128 85
128 87
128 90
128 92
128 93
128 96
128 97
128 98
128 99
128 102
128 104
128 106
128 107
128 110
128 112
128 114
128 115
128 116
128 117
128 118
128 120
128 121
128 123
128 124
128 125
128 127
128 129
128 130
128 131
128 133
128 134
128 136
128 137
128 138
128 139
128 140
128 142
128 144
128 145
128 146
128 147
128 148
128 151
128 152
128 153
128 155
128 157
128 159
128 162
128 163
128 165
128 166
128 167
128 168
128 169
128 170
128 171
128 172
128 174
128 175
128 177
128 183
128 184
128 187
128 189
129 0
129 1
129 2
129 5
129 8
129 10
129 11
129 12
129 13
129 14
129 15
129 16
129 18
129 19
129 20
129 22
129 28
129 31
129 33
129 34
129 36
129 38
129 39
129 41
129 42
129 43
129 44
129 45
129 47
129 48
129 49
129 51
129 53
129 54
129 57
129 58
129 59
129 60
129 64
129 66
129 70
129 76
129 78
129 81
129 83
129 85
129 87
129 90
129 92
129 93
129 96
129 98
129 99
129 104
129 110
129 112
129 114
129 115
129 117
129 118
129 120
129 121
129 123
129 127
129 131
129 136
129 137
129 139
129 140
129 142
129 145
129 146
129 151
129 152
129 155
129 157
129 159
129 162
129 163
129 165
129 166
129 167
129 168
129 169
129 172
129 174
129 175
129 177
129 183
129 187
129 189
130 0
130 1
130 2
130 5
130 8
130 10
130 11
130 12
130 13
130 18
130 19
130 20
130 22
130 23
130 26
130 28
130 31
130 34
130 36
130 38
130 39
130 42
130 43
130 44
130 45
130 47
130 48
130 49
130 53
130 54
130 58
130 59
130 60
130 64
130 66
130 76
130 81
130 83
130 85
130 87
130 90
130 93
130 96
130 98
130 99
130 106
130 110
130 112
130 115
130 117
130 118
130 120
130 121
130 123
130 127
130 131
130 136
130 137
130 139
130 140
130 144
130 145
130 146
130 151
130 152
130 155
130 157
130 162
130 163
130 165
130 166
130 167
130 168
130 170
130 177
130 183
130 187
130 189
131 5
131 19
131 60
131 110
131 112
131 140
131 155
131 162
132 0
132 1
132 2
132 3
132 4
132 5
132 7
132 8
132 9
132 10
132 11
132 12
132 13
132 14
132 15
132 16
132 17
132 18
132 19
132 20
132 21
132 22
132 23
132 24
132 25
132 26
132 27
132 28
132 30
132 31
132 32
132 33
132 34
132 36
132 37
132 38
132 39
132 41
132 42
132 43
132 44
132 45
132 46
132 47
132 48
132 49
132 50
132 51
132 52
132 53
132 54
132 55
132 56
132 57
132 58
132 59
132 60
132 62
132 64
132 66
132 69
132 70
132 71
132 74
132 75
132 76
132 77
132 78
132 80
132 81
132 82
132 83
132 85
132 87
132 88
132 90
132 92
132 93
132 96
132 97
132 98
132 99
132 100
132 102
132 104
132 106
132 107
132 110
132 111
132 112
132 114
132 115
132 116
132 117
132 118
132 120
132 121
132 123
132 124
132 125
132 127
132 128
132 129
132 130
132 131
132 133
132 134
132 136
132 137
132 138
132 139
132 140
132 142
132 144
132 145
132 146
132 147
132 148
132 149
132 151
132 152
132 153
132 154
132 155
132 157
132 159
132 162
132 163
132 165
132 166
132 167
132 168
132 169
132 170
132 171
132 172
132 174
132 175
132 177
132 183
132 184
132 187
132 189
133 0
133 1
133 2
133 3
133 4
133 5
133 7
133 8
133 9
133 10
133 11
133 12
133 13
133 14
133 15
133 16
133 17
133 18
133 19
133 20
133 22
133 23
133 24
133 25
133 26
133 28
133 30
133 31
133 32
133 33
133 34
133 36
133 37
133 38
133 39
133 41
133 42
133 43
133 44
133 45
133 46
133 47
133 48
133 49
133 50
133 51
133 52
133 53
133 54
133 57
133 58
133 59
133 60
133 64
133 66
133 69
133 70
133 71
133 74
133 76
133 77
133 78
133 80
133 81
133 82
133 83
133 85
133 87
133 90
133 92
133 93
133 96
133 97
133 98
133 99
133 102
133 104
133 106
133 107
133 110
133 112
133 114
133 115
133 116
133 117
133 118
133 120
133 121
133 123
133 124
133 125
133 127
133 129
133 130
133 131
133 134
133 136
133 137
133 138
133 139
133 140
133 142
133 144
133 145
133 146
133 147
133 148
133 151
133 152
133 153
133 155
133 157
133 159
133 162
133 163
133 165
133 166
133 167
133 168
133 169
133 170
133 171
133 172
133 174
133 175
133 177
133 183
133 184
133 187
133 189
134 0
134 1
134 2
134 5
134 8
134 10
134 11
134 12
134 13
134 18
134 19
134 20
134 22
134 23
134 26
134 28
134 31
134 34
134 36
134 38
134 39
134 42
134 43
134 44
134 45
134 47
134 48
134 49
134 53
134 54
134 58
134 59
134 60
134 64
134 66
134 80
134 81
134 83
134 85
134 87
134 90
134 93
134 96
134 98
134 102
134 106
134 110
134 112
134 115
134 118
134 120
134 121
134 123
134 127
134 131
134 136
134 137
134 139
134 140
134 144
134 145
134 146
134 151
134 152
134 155
134 157
134 162
134 163
134 165
134 166
134 168
134 170
134 177
134 183
134 187
134 189
135 0
135 1
135 2
135 5
135 6
135 8
135 10
135 11
135 12
135 13
135 14
135 15
135 16
135 18
135 19
135 20
135 21
135 22
135 23
135 24
135 25
135 26
135 28
135 31
135 33
135 34
135 36
135 37
135 38
135 39
135 41
135 42
135 43
135 44
135 45
135 46
135 47
135 48
135 49
135 51
135 52
135 53
135 54
135 56
135 57
135 58
135 59
135 60
135 63
135 64
135 66
135 68
135 70
135 75
135 76
135 78
135 81
135 83
135 85
135 87
135 90
135 92
135 93
135 96
135 98
135 99
135 100
135 101
135 104
135 107
135 110
135 112
135 114
135 115
135 116
135 117
135 118
135 120
135 121
135 123
135 127
135 129
135 131
135 136
135 137
135 139
135 140
135 142
135 143
135 145
135 146
135 147
135 151
135 152
135 153
135 155
135 157
135 158
135 159
135 162
135 163
135 165
135 166
135 167
135 168
135 169
135 170
135 172
135 174
135 175
135 177
135 183
135 186
135 187
135 189
136 2
136 5
136 13
136 19
136 28
136 36
136 42
136 43
136 53
136 60
136 66
136 93
136 98
136 110
136 112
136 121
136 131
136 140
136 152
136 155
136 162
136 177
136 189
137 5
137 8
137 10
137 13
137 18
137 19
137 34
137 36
137 38
137 39
137 42
137 43
137 54
137 59
137 60
137 66
137 83
137 87
137 93
137 98
137 110
137 112
137 115
137 121
137 123
137 127
137 131
137 139
137 140
137 152
137 155
137 162
137 166
137 177
137 183
137 189
138 0
138 1
138 2
138 4
138 5
138 8
138 10
138 11
138 12
138 13
138 14
138 15
138 16
138 17
138 18
138 19
138 20
138 22
138 23
138 24
138 25
138 26
138 28
138 31
138 33
138 34
138 36
138 38
138 39
138 41
138 42
138 43
138 44
138 45
138 46
138 47
138 48
138 49
138 51
138 52
138 53
138 54
138 57
138 58
138 59
138 60
138 64
138 66
138 70
138 76
138 78
138 80
138 81
138 83
138 85
138 87
138 90
138 93
138 96
138 98
138 99
138 102
138 104
138 106
138 110
138 112
138 114
138 115
138 117
138 118
138 120
138 121
138 123
138 127
138 130
138 131
138 134
138 136
138 137
138 139
138 140
138 144
138 145
138 146
138 147
138 148
138 151
138 152
138 153
138 155
138 157
138 162
138 163
138 165
138 166
138 167
138 168
138 169
138 170
138 172
138 174
138 175
138 177
138 183
138 187
138 189
139 5
139 18
139 19
139 42
139 43
139 60
139 66
139 93
139 110
139 112
139 131
139 140
139 155
139 162
139 177
140 5
140 19
140 112
140 162
141 0
141 1
141 2
141 3
141 4
141 5
141 6
141 7
141 8
141 9
141 10
141 11
141 12
141 13
141 14
141 15
141 16
141 17
141 18
141 19
141 20
141 21
141 22
141 23
141 24
141 25
141 26
141 27
141 28
141 29
141 30
141 31
141 32
141 33
141 34
141 36
141 37
141 38
141 39
141 41
141 42
141 43
141 44
141 45
141 46
141 47
141 48
141 49
141 50
141 51
141 52
141 53
141 54
141 56
141 57
141 58
141 59
141 60
141 61
141 63
141 64
141 66
141 67
141 68
141 69
141 70
141 71
141 72
141 74
141 75
141 76
141 77
141 78
141 79
141 80
141 81
141 82
141 83
141 84
141 85
141 87
141 90
141 91
141 92
141 93
141 94
141 96
141 97
141 98
141 99
141 100
141 101
141 102
141 104
141 106
141 107
141 110
141 111
141 112
141 113
141 114
141 115
141 116
141 117
141 118
141 119
141 120
141 121
141 123
141 124
141 125
141 127
141 128
141 129
141 130
141 131
141 133
141 134
141 135
141 136
141 137
141 138
141 139
141 140
141 142
141 143
141 144
141 145
141 146
141 147
141 148
141 149
141 151
141 152
141 153
141 154
141 155
141 157
141 158
141 159
141 160
141 162
141 163
141 165
141 166
141 167
141 168
141 169
141 170
141 171
141 172
141 174
141 175
141 176
141 177
141 180
141 181
141 183
141 184
141 185
141 186
141 187
141 189
142 0
142 5
142 8
142 10
142 11
142 13
142 14
142 15
142 16
142 18
142 19
142 33
142 34
142 36
142 38
142 39
142 41
142 42
142 43
142 44
142 51
142 54
142 57
142 59
142 60
142 64
142 66
142 70
142 76
142 83
142 85
142 93
142 98
142 104
142 110
142 112
142 117
142 121
142 127
142 131
142 139
142 140
142 155
142 159
142 162
142 166
142 169
142 174
142 175
142 177
142 183
142 189
143 0
143 1
143 2
143 5
143 6
143 8
143 10
143 11
143 12
143 13
143 14
143 15
143 16
143 18
143 19
143 20
143 21
143 22
143 23
143 24
143 25
143 26
143 28
143 31
143 33
143 34
143 36
143 37
143 38
143 39
143 41
143 42
143 43
143 44
143 45
143 46
143 47
143 48
143 49
143 51
143 52
143 53
143 54
143 56
143 57
143 58
143 59
143 60
143 63
143 64
143 66
143 68
143 70
143 75
143 76
143 78
143 81
143 83
143 85
143 87
143 90
143 92
143 93
143 96
143 98
143 99
143 100
143 101
143 104
143 107
143 110
143 112
143 114
143 115
143 116
143 117
143 118
143 120
143 121
143 123
143 127
143 129
143 131
143 136
143 137
143 139
143 140
143 142
143 145
143 146
143 147
143 151
143 152
143 153
143 155
143 157
143 158
143 159
143 162
143 163
143 165
143 166
143 167
143 168
143 169
143 170
143 172
143 174
143 175
143 177
143 183
143 187
143 189
144 1
144 2
144 5
144 8
144 10
144 13
144 18
144 19
144 28
144 34
144 36
144 38
144 42
144 43
144 45
144 47
144 49
144 53
144 54
144 60
144 66
144 81
144 87
144 93
144 98
144 110
144 112
144 115
144 120
144 121
144 123
144 127
144 131
144 136
144 139
144 140
144 145
144 146
144 152
144 155
144 162
144 166
144 177
144 183
144 189
145 2
145 5
145 13
145 18
145 19
145 28
145 34
145 36
145 42
145 43
145 53
145 60
145 66
145 87
145 93
145 98
145 110
145 112
145 121
145 131
145 136
145 139
145 140
145 146
145 152
145 155
145 162
145 166
145 177
145 183
145 189
146 5
146 13
146 18
146 19
146 34
146 36
146 42
146 43
146 60
146 66
146 87
146 93
146 98
146 110
146 112
146 121
146 131
146 139
146 140
146 152
146 155
146 162
146 166
146 177
146 183
146 189
147 0
147 1
147 2
147 5
147 8
147 10
147 11
147 12
147 13
147 14
147 15
147 16
147 18
147 19
147 20
147 22
147 23
147 24
147 25
147 26
147 28
147 31
147 33
147 34
147 36
147 38
147 39
147 41
147 42
147 43
147 44
147 45
147 46
147 47
147 48
147 49
147 51
147 52
147 53
147 54
147 57
147 58
147 59
147 60
147 64
147 66
147 70
147 76
147 78
147 81
147 83
147 85
147 87
147 90
147 93
147 96
147 98
147 99
147 104
147 110
147 112
147 114
147 115
147 117
147 118
147 120
147 121
147 123
147 127
147 131
147 136
147 137
147 139
147 140
147 145
147 146
147 151
147 152
147 153
147 155
147 157
147 162
147 163
147 165
147 166
147 167
147 168
147 169
147 170
147 172
147 174
147 175
147 177
147 183
147 187
147 189
148 0
148 1
148 2
148 5
148 8
148 10
148 11
148 12
148 13
148 18
148 19
148 20
148 22
148 23
148 26
148 28
148 31
148 34
148 36
148 38
148 39
148 42
148 43
148 44
148 45
148 47
148 48
148 49
148 53
148 54
148 58
148 59
148 60
148 64
148 66
148 76
148 81
148 83
148 85
148 87
148 90
148 93
148 96
148 98
148 99
148 106
148 110
148 112
148 115
148 117
148 118
148 120
148 121
148 123
148 127
148 131
148 136
148 137
148 139
148 140
148 144
148 145
148 146
148 151
148 152
148 155
148 157
148 162
148 163
148 165
148 166
148 167
148 168
148 170
148 177
148 183
148 187
148 189
149 0
149 1
149 2
149 5
149 8
149 10
149 11
149 12
149 13
149 14
149 15
149 16
149 17
149 18
149 19
149 20
149 22
149 23
149 24
149 25
149 26
149 28
149 31
149 33
149 34
149 36
149 37
149 38
149 39
149 41
149 42
149 43
149 44
149 45
149 46
149 47
149 48
149 49
149 51
149 52
149 53
149 54
149 57
149 58
149 59
149 60
149 64
149 66
149 70
149 76
149 78
149 80
149 81
149 83
149 85
149 87
149 90
149 92
149 93
149 96
149 97
149 98
149 99
149 102
149 104
149 106
149 107
149 110
149 112
149 114
149 115
149 116
149 117
149 118
149 120
149 121
149 123
149 127
149 129
149 130
149 131
149 136
149 137
149 139
149 140
149 142
149 144
149 145
149 146
149 147
149 148
149 151
149 152
149 153
149 155
149 157
149 159
149 162
149 163
149 165
149 166
149 167
149 168
149 169
149 170
149 172
149 174
149 175
149 177
149 183
149 187
149 189
150 0
150 1
150 2
150 5
150 6
150 8
150 10
150 11
150 12
150 13
150 14
150 15
150 16
150 17
150 18
150 19
150 20
150 21
150 22
150 23
150 24
150 25
150 26
150 28
150 31
150 33
150 34
150 36
150 37
150 38
150 39
150 41
150 42
150 43
150 44
150 45
150 46
150 47
150 48
150 49
150 51
150 52
150 53
150 54
150 56
150 57
150 58
150 59
150 60
150 63
150 64
150 65
150 66
150 68
150 70
150 75
150 76
150 78
150 79
150 81
150 83
150 85
150 87
150 90
150 92
150 93
150 96
150 97
150 98
150 99
150 100
150 101
150 104
150 106
150 107
150 110
150 112
150 113
150 114
150 115
150 116
150 117
150 118
150 120
150 121
150 123
150 127
150 129
150 131
150 135
150 136
150 137
150 139
150 140
150 142
150 143
150 144
150 145
150 146
150 147
150 148
150 151
150 152
150 153
150 155
150 157
150 158
150 159
150 162
150 163
150 165
150 166
150 167
150 168
150 169
150 170
150 172
150 174
150 175
150 176
150 177
150 180
150 183
150 186
150 187
150 189
151 1
151 2
151 5
151 8
151 10
151 13
151 18
151 19
151 28
151 34
151 36
151 38
151 39
151 42
151 43
151 45
151 47
151 49
151 53
151 54
151 59
151 60
151 66
151 81
151 83
151 87
151 93
151 98
151 110
151 112
151 115
151 118
151 120
151 121
151 123
151 127
151 131
151 136
151 139
151 140
151 145
151 146
151 152
151 155
151 162
151 166
151 177
151 183
151 189
152 5
152 13
152 19
152 36
152 42
152 43
152 60
152 66
152 98
152 110
152 112
152 121
152 131
152 140
152 155
152 162
152 177
152 189
153 0
153 1
153 2
153 5
153 8
153 10
153 11
153 12
153 13
153 15
153 18
153 19
153 20
153 22
153 23
153 25
153 26
153 28
153 31
153 34
153 36
153 38
153 39
153 41
153 42
153 43
153 44
153 45
153 46
153 47
153 48
153 49
153 52
153 53
153 54
153 57
153 58
153 59
153 60
153 64
153 66
153 76
153 81
153 83
153 85
153 87
153 90
153 93
153 96
153 98
153 99
153 110
153 112
153 115
153 117
153 118
153 120
153 121
153 123
153 127
153 131
153 136
153 137
153 139
153 140
153 145
153 146
153 151
153 152
153 155
153 157
153 162
153 163
153 165
153 166
153 167
153 168
153 169
153 170
153 177
153 183
153 187
153 189
154 0
154 1
154 2
154 3
154 4
154 5
154 8
154 9
154 10
154 11
154 12
154 13
154 14
154 15
154 16
154 17
154 18
154 19
154 20
154 22
154 23
154 24
154 25
154 26
154 28
154 30
154 31
154 33
154 34
154 36
154 37
154 38
154 39
154 41
154 42
154 43
154 44
154 45
154 46
154 47
154 48
154 49
154 50
154 51
154 52
154 53
154 54
154 57
154 58
154 59
154 60
154 64
154 66
154 70
154 74
154 75
154 76
154 77
154 78
154 80
154 81
154 83
154 85
154 87
154 90
154 92
154 93
154 96
154 97
154 98
154 99
154 102
154 104
154 106
154 107
154 110
154 112
154 114
154 115
154 116
154 117
154 118
154 120
154 121
154 123
154 124
154 127
154 129
154 130
154 131
154 134
154 136
154 137
154 138
154 139
154 140
154 142
154 144
154 145
154 146
154 147
154 148
154 149
154 151
154 152
154 153
154 155
154 157
154 159
154 162
154 163
154 165
154 166
154 167
154 168
154 169
154 170
154 171
154 172
154 174
154 175
154 177
154 183
154 187
154 189
155 5
155 19
155 60
155 112
155 140
155 162
156 0
156 1
156 2
156 4
156 5
156 6
156 8
156 10
156 11
156 12
156 13
156 14
156 15
156 16
156 17
156 18
156 19
156 20
156 21
156 22
156 23
156 24
156 25
156 26
156 28
156 31
156 33
156 34
156 36
156 37
156 38
156 39
156 41
156 42
156 43
156 44
156 45
156 46
156 47
156 48
156 49
156 51
156 52
156 53
156 54
156 56
156 57
156 58
156 59
156 60
156 63
156 64
156 65
156 66
156 68
156 70
156 75
156 76
156 78
156 79
156 80
156 81
156 83
156 85
156 87
156 90
156 92
156 93
156 96
156 97
156 98
156 99
156 100
156 101
156 102
156 104
156 106
156 107
156 110
156 112
156 113
156 114
156 115
156 116
156 117
156 118
156 119
156 120
156 121
156 123
156 127
156 129
156 130
156 131
156 134
156 135
156 136
156 137
156 138
156 139
156 140
156 142
156 143
156 144
156 145
156 146
156 147
156 148
156 149
156 150
156 151
156 152
156 153
156 155
156 157
156 158
156 159
156 160
156 162
156 163
156 165
156 166
156 167
156 168
156 169
156 170
156 171
156 172
156 174
156 175
156 176
156 177
156 180
156 183
156 186
156 187
156 189
157 2
157 5
157 8
157 10
157 13
157 18
157 19
157 34
157 36
157 38
157 39
157 42
157 43
157 53
157 54
157 59
157 60
157 66
157 83
157 87
157 93
157 98
157 110
157 112
157 115
157 120
157 121
157 123
157 127
157 131
157 137
157 139
157 140
157 146
157 152
157 155
157 162
157 166
157 177
157 183
157 189
158 0
158 1
158 2
158 5
158 8
158 10
158 11
158 12
158 13
158 14
158 15
158 16
158 18
158 19
158 20
158 21
158 22
158 25
158 28
158 31
158 33
158 34
158 36
158 37
158 38
158 39
158 41
158 42
158 43
158 44
158 45
158 47
158 48
158 49
158 51
158 52
158 53
158 54
158 56
158 57
158 58
158 59
158 60
158 64
158 66
158 68
158 70
158 76
158 78
158 81
158 83
158 85
158 87
158 90
158 92
158 93
158 96
158 98
158 99
158 104
158 107
158 110
158 112
158 114
158 115
158 117
158 118
158 120
158 121
158 123
158 127
158 129
158 131
158 136
158 137
158 139
158 140
158 142
158 145
158 146
158 151
158 152
158 155
158 157
158 159
158 162
158 163
158 165
158 166
158 167
158 168
158 169
158 170
158 172
158 174
158 175
158 177
158 183
158 187
158 189
159 5
159 8
159 10
159 11
159 14
159 16
159 18
159 19
159 34
159 39
159 41
159 42
159 43
159 44
159 54
159 57
159 60
159 64
159 66
159 70
159 76
159 93
159 98
159 110
159 112
159 117
159 121
159 131
159 139
159 140
159 155
159 162
159 166
159 169
159 175
159 177
160 0
160 1
160 2
160 5
160 8
160 10
160 11
160 12
160 13
160 14
160 15
160 16
160 17
160 18
160 19
160 20
160 21
160 22
160 23
160 24
160 25
160 26
160 28
160 31
160 33
160 34
160 36
160 37
160 38
160 39
160 41
160 42
160 43
160 44
160 45
160 46
160 47
160 48
160 49
160 51
160 52
160 53
160 54
160 56
160 57
160 58
160 59
160 60
160 63
160 64
160 66
160 68
160 70
160 75
160 76
160 78
160 79
160 81
160 83
160 85
160 87
160 90
160 92
160 93
160 96
160 97
160 98
160 99
160 100
160 101
160 104
160 106
160 107
160 110
160 112
160 113
160 114
160 115
160 116
160 117
160 118
160 120
160 121
160 123
160 127
160 129
160 130
160 131
160 136
160 137
160 139
160 140
160 142
160 144
160 145
160 146
160 147
160 148
160 151
160 152
160 153
160 155
160 157
160 158
160 159
160 162
160 163
160 165
160 166
160 167
160 168
160 169
160 170
160 172
160 174
160 175
160 176
160 177
160 180
160 183
160 187
160 189
161 0
161 1
161 2
161 3
161 4
161 5
161 6
161 7
161 8
161 9
161 10
161 11
161 12
161 13
161 14
161 15
161 16
161 17
161 18
161 19
161 20
161 21
161 22
161 23
161 24
161 25
161 26
161 27
161 28
161 29
161 30
161 31
161 32
161 33
161 34
161 36
161 37
161 38
161 39
161 41
161 42
161 43
161 44
161 45
161 46
161 47
161 48
161 49
161 50
161 51
161 52
161 53
161 54
161 55
161 56
161 57
161 58
161 59
161 60
161 61
161 62
161 63
161 64
161 66
161 67
161 68
161 69
161 70
161 71
161 72
161 74
161 75
161 76
161 77
161 78
161 79
161 80
161 81
161 82
161 83
161 85
161 87
161 88
161 90
161 91
161 92
161 93
161 96
161 97
161 98
161 99
161 100
161 101
161 102
161 104
161 105
161 106
161 107
161 110
161 111
161 112
161 113
161 114
161 115
161 116
161 117
161 118
161 119
161 120
161 121
161 123
161 124
161 125
161 127
161 128
161 129
161 130
161 131
161 133
161 134
161 135
161 136
161 137
161 138
161 139
161 140
161 142
161 143
161 144
161 145
161 146
161 147
161 148
161 149
161 151
161 152
161 153
161 154
161 155
161 157
161 158
161 159
161 160
161 162
161 163
161 165
161 166
161 167
161 168
161 169
161 170
161 171
161 172
161 174
161 175
161 176
161 177
161 178
161 180
161 181
161 183
161 184
161 185
161 186
161 187
161 189
162 5
162 19
162 112
163 0
163 5
163 8
163 10
163 11
163 13
163 18
163 19
163 34
163 36
163 38
163 39
163 42
163 43
163 44
163 53
163 54
163 58
163 59
163 60
163 66
163 83
163 87
163 93
163 98
163 110
163 112
163 115
163 120
163 121
163 123
163 127
163 131
163 137
163 139
163 140
163 146
163 152
163 155
163 162
163 166
163 177
163 183
163 189
164 0
164 1
164 2
164 3
164 4
164 5
164 6
164 7
164 8
164 9
164 10
164 11
164 12
164 13
164 14
164 15
164 16
164 17
164 18
164 19
164 20
164 21
164 22
164 23
164 24
164 25
164 26
164 27
164 28
164 29
164 30
164 31
164 32
164 33
164 34
164 36
164 37
164 38
164 39
164 40
164 41
164 42
164 43
164 44
164 45
164 46
164 47
164 48
164 49
164 50
164 51
164 52
164 53
164 54
164 55
164 56
164 57
164 58
164 59
164 60
164 61
164 62
164 63
164 64
164 65
164 66
164 67
164 68
164 69
164 70
164 71
164 72
164 73
164 74
164 75
164 76
164 77
164 78
164 79
164 80
164 81
164 82
164 83
164 84
164 85
164 86
164 87
164 88
164 90
164 91
164 92
164 93
164 94
164 95
164 96
164 97
164 98
164 99
164 100
164 101
164 102
164 103
164 104
164 105
164 106
164 107
164 108
164 109
164 110
164 111
164 112
164 113
164 114
164 115
164 116
164 117
164 118
164 119
164 120
164 121
164 122
164 123
164 124
164 125
164 126
164 127
164 128
164 129
164 130
164 131
164 132
164 133
164 134
164 135
164 136
164 137
164 138
164 139
164 140
164 141
164 142
164 143
164 144
164 145
164 146
164 147
164 148
164 149
164 150
164 151
164 152
164 153
164 154
164 155
164 156
164 157
164 158
164 159
164 160
164 161
164 162
164 163
164 165
164 166
164 167
164 168
164 169
164 170
164 171
164 172
164 173
164 174
164 175
164 176
164 177
164 178
164 179
164 180
164 181
164 182
164 183
164 184
164 185
164 186
164 187
164 189
165 2
165 5
165 8
165 10
165 13
165 18
165 19
165 28
165 34
165 36
165 38
165 39
165 42
165 43
165 53
165 54
165 59
165 60
165 66
165 81
165 83
165 87
165 93
165 98
165 110
165 112
165 115
165 118
165 120
165 121
165 123
165 127
165 131
165 137
165 139
165 140
165 146
165 152
165 155
165 157
165 162
165 166
165 177
165 183
165 189
166 19
166 34
166 112
167 0
167 5
167 8
167 10
167 11
167 13
167 18
167 19
167 34
167 36
167 38
167 39
167 42
167 43
167 44
167 54
167 59
167 60
167 64
167 66
167 76
167 83
167 85
167 87
167 93
167 98
167 110
167 112
167 115
167 117
167 121
167 123
167 127
167 131
167 137
167 139
167 140
167 152
167 155
167 162
167 166
167 177
167 183
167 189
168 1
168 2
168 5
168 8
168 10
168 13
168 18
168 19
168 28
168 34
168 36
168 38
168 39
168 42
168 43
168 45
168 47
168 49
168 53
168 54
168 59
168 60
168 66
168 81
168 83
168 87
168 90
168 93
168 98
168 110
168 112
168 115
168 118
168 120
168 121
168 123
168 127
168 131
168 136
168 137
168 139
168 140
168 145
168 146
168 151
168 152
168 155
168 157
168 162
168 165
168 166
168 177
168 183
168 189
169 5
169 8
169 10
169 11
169 19
169 34
169 39
169 41
169 44
169 110
169 112
169 117
169 166
170 1
170 2
170 5
170 8
170 10
170 13
170 18
170 19
170 22
170 28
170 34
170 36
170 38
170 39
170 42
170 43
170 44
170 45
170 47
170 49
170 53
170 54
170 58
170 59
170 60
170 66
170 81
170 83
170 87
170 90
170 93
170 96
170 98
170 110
170 112
170 115
170 118
170 120
170 121
170 123
170 127
170 131
170 136
170 137
170 139
170 140
170 145
170 146
170 151
170 152
170 155
170 157
170 162
170 165
170 166
170 168
170 177
170 183
170 189
171 0
171 1
171 2
171 4
171 5
171 8
171 10
171 11
171 12
171 13
171 14
171 15
171 16
171 17
171 18
171 19
171 20
171 22
171 23
171 24
171 25
171 26
171 28
171 31
171 33
171 34
171 36
171 38
171 39
171 41
171 42
171 43
171 44
171 45
171 46
171 47
171 48
171 49
171 51
171 52
171 53
171 54
171 57
171 58
171 59
171 60
171 64
171 66
171 70
171 76
171 78
171 80
171 81
171 83
171 85
171 87
171 90
171 92
171 93
171 96
171 97
171 98
171 99
171 102
171 104
171 106
171 110
171 112
171 114
171 115
171 116
171 117
171 118
171 120
171 121
171 123
171 127
171 129
171 130
171 131
171 134
171 136
171 137
171 139
171 140
171 142
171 144
171 145
171 146
171 147
171 148
171 151
171 152
171 153
171 155
171 157
171 159
171 162
171 163
171 165
171 166
171 167
171 168
171 169
171 170
171 172
171 174
171 175
171 177
171 183
171 187
171 189
172 0
172 1
172 2
172 5
172 8
172 10
172 11
172 12
172 13
172 14
172 15
172 18
172 19
172 20
172 22
172 28
172 31
172 33
172 34
172 36
172 38
172 39
172 41
172 42
172 43
172 44
172 45
172 47
172 48
172 49
172 51
172 53
172 54
172 57
172 58
172 59
172 60
172 64
172 66
172 70
172 76
172 78
172 81
172 83
172 85
172 87
172 90
172 93
172 96
172 98
172 99
172 110
172 112
172 114
172 115
172 117
172 118
172 120
172 121
172 123
172 127
172 131
172 136
172 137
172 139
172 140
172 145
172 146
172 151
172 152
172 155
172 157
172 162
172 163
172 165
172 166
172 167
172 168
172 169
172 174
172 175
172 177
172 183
172 187
172 189
173 0
173 1
173 2
173 3
173 4
173 5
173 6
173 7
173 8
173 9
173 10
173 11
173 12
173 13
173 14
173 15
173 16
173 17
173 18
173 19
173 20
173 21
173 22
173 23
173 24
173 25
173 26
173 28
173 29
173 30
173 31
173 32
173 33
173 34
173 36
173 37
173 38
173 39
173 41
173 42
173 43
173 44
173 45
173 46
173 47
173 48
173 49
173 50
173 51
173 52
173 53
173 54
173 56
173 57
173 58
173 59
173 60
173 61
173 63
173 64
173 65
173 66
173 67
173 68
173 69
173 70
173 71
173 72
173 74
173 75
173 76
173 77
173 78
173 79
173 80
173 81
173 82
173 83
173 84
173 85
173 87
173 90
173 91
173 92
173 93
173 94
173 96
173 97
173 98
173 99
173 100
173 101
173 102
173 104
173 106
173 107
173 109
173 110
173 112
173 113
173 114
173 115
173 116
173 117
173 118
173 119
173 120
173 121
173 123
173 124
173 125
173 127
173 129
173 130
173 131
173 133
173 134
173 135
173 136
173 137
173 138
173 139
173 140
173 142
173 143
173 144
173 145
173 146
173 147
173 148
173 149
173 150
173 151
173 152
173 153
173 154
173 155
173 156
173 157
173 158
173 159
173 160
173 162
173 163
173 165
173 166
173 167
173 168
173 169
173 170
173 171
173 172
173 174
173 175
173 176
173 177
173 180
173 181
173 183
173 184
173 185
173 186
173 187
173 189
174 0
174 5
174 8
174 10
174 11
174 13
174 14
174 15
174 18
174 19
174 33
174 34
174 36
174 38
174 39
174 41
174 42
174 43
174 44
174 54
174 57
174 59
174 60
174 64
174 66
174 76
174 83
174 85
174 93
174 98
174 110
174 112
174 117
174 121
174 127
174 131
174 139
174 140
174 155
174 162
174 166
174 169
174 175
174 177
174 183
174 189
175 5
175 8
175 10
175 11
175 19
175 34
175 39
175 41
175 44
175 64
175 110
175 112
175 117
175 140
175 162
175 166
175 169
176 0
176 1
176 2
176 5
176 8
176 10
176 11
176 12
176 13
176 14
176 15
176 16
176 17
176 18
176 19
176 20
176 21
176 22
176 23
176 24
176 25
176 26
176 28
176 31
176 33
176 34
176 36
176 37
176 38
176 39
176 41
176 42
176 43
176 44
176 45
176 46
176 47
176 48
176 49
176 51
176 52
176 53
176 54
176 56
176 57
176 58
176 59
176 60
176 63
176 64
176 66
176 68
176 70
176 75
176 76
176 78
176 79
176 81
176 83
176 85
176 87
176 90
176 92
176 93
176 96
176 97
176 98
176 99
176 100
176 101
176 104
176 106
176 107
176 110
176 112
176 113
176 114
176 115
176 116
176 117
176 118
176 120
176 121
176 123
176 127
176 129
176 131
176 136
176 137
176 139
176 140
176 142
176 144
176 145
176 146
176 147
176 148
176 151
176 152
176 153
176 155
176 157
176 158
176 159
176 162
176 163
176 165
176 166
176 167
176 168
176 169
176 170
176 172
176 174
176 175
176 177
176 180
176 183
176 187
176 189
177 5
177 19
177 42
177 43
177 60
177 110
177 112
177 140
177 155
177 162
178 0
178 1
178 2
178 3
178 4
178 5
178 7
178 8
178 9
178 10
178 11
178 12
178 13
178 14
178 15
178 16
178 17
178 18
178 19
178 20
178 21
178 22
178 23
178 24
178 25
178 26
178 27
178 28
178 30
178 31
178 32
178 33
178 34
178 36
178 37
178 38
178 39
178 41
178 42
178 43
178 44
178 45
178 46
178 47
178 48
178 49
178 50
178 51
178 52
178 53
178 54
178 55
178 56
178 57
178 58
178 59
178 60
178 62
178 64
178 66
178 69
178 70
178 71
178 74
178 75
178 76
178 77
178 78
178 80
178 81
178 82
178 83
178 85
178 87
178 88
178 90
178 92
178 93
178 96
178 97
178 98
178 99
178 100
178 102
178 104
178 106
178 107
178 110
178 111
178 112
178 114
178 115
178 116
178 117
178 118
178 120
178 121
178 123
178 124
178 125
178 127
178 128
178 129
178 130
178 131
178 133
178 134
178 136
178 137
178 138
178 139
178 140
178 142
178 144
178 145
178 146
178 147
178 148
178 149
178 151
178 152
178 153
178 154
178 155
178 157
178 159
178 162
178 163
178 165
178 166
178 167
178 168
178 169
178 170
178 171
178 172
178 174
178 175
178 177
178 183
178 184
178 187
178 189
179 0
179 1
179 2
179 3
179 4
179 5
179 6
179 7
179 8
179 9
179 10
179 11
179 12
179 13
179 14
179 15
179 16
179 17
179 18
179 19
179 20
179 21
179 22
179 23
179 24
179 25
179 26
179 27
179 28
179 29
179 30
179 31
179 32
179 33
179 34
179 36
179 37
179 38
179 39
179 40
179 41
179 42
179 43
179 44
179 45
179 46
179 47
179 48
179 49
179 50
179 51
179 52
179 53
179 54
179 55
179 56
179 57
179 58
179 59
179 60
179 61
179 62
179 63
179 64
179 65
179 66
179 67
179 68
179 69
179 70
179 71
179 72
179 74
179 75
179 76
179 77
179 78
179 79
179 80
179 81
179 82
179 83
179 84
179 85
179 86
179 87
179 88
179 90
179 91
179 92
179 93
179 94
179 95
179 96
179 97
179 98
179 99
179 100
179 101
179 102
179 104
179 105
179 106
179 107
179 108
179 109
179 110
179 111
179 112
179 113
179 114
179 115
179 116
179 117
179 118
179 119
179 120
179 121
179 123
179 124
179 125
179 126
179 127
179 128
179 129
179 130
179 131
179 132
179 133
179 134
179 135
179 136
179 137
179 138
179 139
179 140
179 141
179 142
179 143
179 144
179 145
179 146
179 147
179 148
179 149
179 150
179 151
179 152
179 153
179 154
179 155
179 156
179 157
179 158
179 159
179 160
179 161
179 162
179 163
179 165
179 166
179 167
179 168
179 169
179 170
179 171
179 172
179 173
179 174
179 175
179 176
179 177
179 178
179 180
179 181
179 183
179 184
179 185
179 186
179 187
179 189
180 0
180 1
180 2
180 5
180 8
180 10
180 11
180 12
180 13
180 14
180 15
180 16
180 17
180 18
180 19
180 20
180 21
180 22
180 23
180 24
180 25
180 26
180 28
180 31
180 33
180 34
180 36
180 37
180 38
180 39
180 41
180 42
180 43
180 44
180 45
180 46
180 47
180 48
180 49
180 51
180 52
180 53
180 54
180 56
180 57
180 58
180 59
180 60
180 64
180 66
180 70
180 75
180 76
180 78
180 81
180 83
180 85
180 87
180 90
180 92
180 93
180 96
180 98
180 99
180 100
180 101
180 104
180 107
180 110
180 112
180 114
180 115
180 116
180 117
180 118
180 120
180 121
180 123
180 127
180 129
180 131
180 136
180 137
180 139
180 140
180 142
180 145
180 146
180 147
180 151
180 152
180 153
180 155
180 157
180 159
180 162
180 163
180 165
180 166
180 167
180 168
180 169
180 170
180 172
180 174
180 175
180 177
180 183
180 187
180 189
181 0
181 1
181 2
181 3
181 4
181 5
181 6
181 8
181 9
181 10
181 11
181 12
181 13
181 14
181 15
181 16
181 17
181 18
181 19
181 20
181 21
181 22
181 23
181 24
181 25
181 26
181 28
181 30
181 31
181 33
181 34
181 36
181 37
181 38
181 39
181 41
181 42
181 43
181 44
181 45
181 46
181 47
181 48
181 49
181 50
181 51
181 52
181 53
181 54
181 56
181 57
181 58
181 59
181 60
181 63
181 64
181 66
181 68
181 70
181 74
181 75
181 76
181 77
181 78
181 79
181 80
181 81
181 83
181 85
181 87
181 90
181 92
181 93
181 96
181 97
181 98
181 99
181 100
181 101
181 102
181 104
181 106
181 107
181 110
181 112
181 113
181 114
181 115
181 116
181 117
181 118
181 119
181 120
181 121
181 123
181 127
181 129
181 130
181 131
181 134
181 136
181 137
181 138
181 139
181 140
181 142
181 143
181 144
181 145
181 146
181 147
181 148
181 149
181 151
181 152
181 153
181 155
181 157
181 158
181 159
181 160
181 162
181 163
181 165
181 166
181 167
181 168
181 169
181 170
181 171
181 172
181 174
181 175
181 176
181 177
181 180
181 183
181 187
181 189
182 0
182 1
182 2
182 3
182 4
182 5
182 6
182 7
182 8
182 9
182 10
182 11
182 12
182 13
182 14
182 15
182 16
182 17
182 18
182 19
182 20
182 21
182 22
182 23
182 24
182 25
182 26
182 27
182 28
182 29
182 30
182 31
182 32
182 33
182 34
182 36
182 37
182 38
182 39
182 41
182 42
182 43
182 44
182 45
182 46
182 47
182 48
182 49
182 50
182 51
182 52
182 53
182 54
182 56
182 57
182 58
182 59
182 60
182 61
182 63
182 64
182 65
182 66
182 67
182 68
182 69
182 70
182 71
182 72
182 74
182 75
182 76
182 77
182 78
182 79
182 80
182 81
182 82
182 83
182 84
182 85
182 87
182 90
182 91
182 92
182 93
182 94
182 96
182 97
182 98
182 99
182 100
182 101
182 102
182 104
182 106
182 107
182 108
182 109
182 110
182 111
182 112
182 113
182 114
182 115
182 116
182 117
182 118
182 119
182 120
182 121
182 122
182 123
182 124
182 125
182 127
182 128
182 129
182 130
182 131
182 133
182 134
182 135
182 136
182 137
182 138
182 139
182 140
182 141
182 142
182 143
182 144
182 145
182 146
182 147
182 148
182 149
182 150
182 151
182 152
182 153
182 154
182 155
182 156
182 157
182 158
182 159
182 160
182 162
182 163
182 165
182 166
182 167
182 168
182 169
182 170
182 171
182 172
182 173
182 174
182 175
182 176
182 177
182 180
182 181
182 183
182 184
182 185
182 186
182 187
182 189
183 5
183 13
183 18
183 19
183 36
183 42
183 43
183 60
183 66
183 93
183 98
183 110
183 112
183 121
183 131
183 139
183 140
183 155
183 162
183 177
184 0
184 1
184 2
184 3
184 4
184 5
184 8
184 10
184 11
184 12
184 13
184 14
184 15
184 18
184 19
184 20
184 22
184 23
184 25
184 26
184 28
184 30
184 31
184 33
184 34
184 36
184 38
184 39
184 41
184 42
184 43
184 44
184 45
184 46
184 47
184 48
184 49
184 52
184 53
184 54
184 57
184 58
184 59
184 60
184 64
184 66
184 69
184 74
184 76
184 80
184 81
184 82
184 83
184 85
184 87
184 90
184 93
184 96
184 98
184 99
184 102
184 106
184 110
184 112
184 115
184 117
184 118
184 120
184 121
184 123
184 124
184 127
184 130
184 131
184 134
184 136
184 137
184 139
184 140
184 144
184 145
184 146
184 148
184 151
184 152
184 153
184 155
184 157
184 162
184 163
184 165
184 166
184 167
184 168
184 169
184 170
184 174
184 175
184 177
184 183
184 187
184 189
185 0
185 1
185 2
185 3
185 4
185 5
185 6
185 8
185 9
185 10
185 11
185 12
185 13
185 14
185 15
185 16
185 17
185 18
185 19
185 20
185 21
185 22
185 23
185 24
185 25
185 26
185 28
185 30
185 31
185 33
185 34
185 36
185 37
185 38
185 39
185 41
185 42
185 43
185 44
185 45
185 46
185 47
185 48
185 49
185 50
185 51
185 52
185 53
185 54
185 56
185 57
185 58
185 59
185 60
185 63
185 64
185 66
185 68
185 69
185 70
185 71
185 74
185 75
185 76
185 77
185 78
185 79
185 80
185 81
185 82
185 83
185 85
185 87
185 90
185 91
185 92
185 93
185 96
185 97
185 98
185 99
185 100
185 101
185 102
185 104
185 106
185 107
185 110
185 112
185 113
185 114
185 115
185 116
185 117
185 118
185 119
185 120
185 121
185 123
185 124
185 127
185 129
185 130
185 131
185 134
185 136
185 137
185 138
185 139
185 140
185 142
185 143
185 144
185 145
185 146
185 147
185 148
185 149
185 151
185 152
185 153
185 154
185 155
185 157
185 158
185 159
185 160
185 162
185 163
185 165
185 166
185 167
185 168
185 169
185 170
185 171
185 172
185 174
185 175
185 176
185 177
185 180
185 181
185 183
185 184
185 187
185 189
186 0
186 1
186 2
186 5
186 6
186 8
186 10
186 11
186 12
186 13
186 14
186 15
186 16
186 18
186 19
186 20
186 21
186 22
186 24
186 25
186 26
186 28
186 31
186 33
186 34
186 36
186 37
186 38
186 39
186 41
186 42
186 43
186 44
186 45
186 46
186 47
186 48
186 49
186 51
186 52
186 53
186 54
186 56
186 57
186 58
186 59
186 60
186 63
186 64
186 66
186 68
186 70
186 76
186 78
186 81
186 83
186 85
186 87
186 90
186 92
186 93
186 96
186 98
186 99
186 100
186 101
186 104
186 107
186 110
186 112
186 114
186 115
186 116
186 117
186 118
186 120
186 121
186 123
186 127
186 129
186 131
186 136
186 137
186 139
186 140
186 142
186 145
186 146
186 151
186 152
186 155
186 157
186 158
186 159
186 162
186 163
186 165
186 166
186 167
186 168
186 169
186 170
186 172
186 174
186 175
186 177
186 183
186 187
186 189
187 1
187 2
187 5
187 8
187 10
187 13
187 18
187 19
187 22
187 28
187 34
187 36
187 38
187 39
187 42
187 43
187 44
187 45
187 47
187 48
187 49
187 53
187 54
187 58
187 59
187 60
187 66
187 81
187 83
187 87
187 90
187 93
187 98
187 110
187 112
187 115
187 118
187 120
187 121
187 123
187 127
187 131
187 136
187 137
187 139
187 140
187 145
187 146
187 151
187 152
187 155
187 157
187 162
187 165
187 166
187 177
187 183
187 189
188 0
188 1
188 2
188 3
188 4
188 5
188 7
188 8
188 9
188 10
188 11
188 12
188 13
188 14
188 15
188 16
188 17
188 18
188 19
188 20
188 22
188 23
188 24
188 25
188 26
188 27
188 28
188 30
188 31
188 32
188 33
188 34
188 36
188 38
188 39
188 41
188 42
188 43
188 44
188 45
188 46
188 47
188 48
188 49
188 50
188 51
188 52
188 53
188 54
188 55
188 57
188 58
188 59
188 60
188 64
188 66
188 69
188 70
188 71
188 74
188 76
188 78
188 80
188 81
188 82
188 83
188 85
188 87
188 90
188 92
188 93
188 96
188 97
188 98
188 99
188 102
188 104
188 106
188 110
188 112
188 114
188 115
188 116
188 117
188 118
188 120
188 121
188 123
188 124
188 125
188 127
188 129
188 130
188 131
188 134
188 136
188 137
188 138
188 139
188 140
188 142
188 144
188 145
188 146
188 147
188 148
188 151
188 152
188 153
188 155
188 157
188 159
188 162
188 163
188 165
188 166
188 167
188 168
188 169
188 170
188 171
188 172
188 174
188 175
188 177
188 183
188 184
188 187
188 189
189 5
189 13
189 19
189 42
189 43
189 60
189 98
189 110
189 112
189 121
189 140
189 155
189 162
189 177
