7 21
0 1 13 16
0 2 41 36
0 3 71 73
0 4 17 25
0 5 44 45
0 6 73 62
1 2 51 47
1 3 83 76
1 4 5 8
1 5 1 8
1 6 35 35
2 3 83 84
2 4 37 43
2 5 67 65
2 6 84 75
3 4 54 51
3 5 69 61
3 6 47 45
4 5 1 4
4 6 78 80
5 6 17 27
0 1
0 2
0 3
0 4
0 5
0 6
0 7
0 10
0 11
0 12
0 13
0 14
0 15
0 16
0 17
0 19
0 20
1 2
1 4
1 5
1 6
1 7
1 11
1 13
1 14
1 15
1 16
1 17
1 19
2 7
2 11
2 14
2 19
3 1
3 2
3 4
3 5
3 6
3 7
3 10
3 11
3 12
3 13
3 14
3 15
3 16
3 17
3 19
3 20
4 2
4 5
4 6
4 7
4 11
4 13
4 14
4 15
4 16
4 17
4 19
5 7
5 11
5 14
5 19
6 2
6 5
6 7
6 11
6 13
6 14
6 15
6 16
6 19
7 11
8 0
8 1
8 2
8 3
8 4
8 5
8 6
8 7
8 10
8 11
8 12
8 13
8 14
8 15
8 16
8 17
8 19
8 20
9 0
9 1
9 2
9 3
9 4
9 5
9 6
9 7
9 8
9 10
9 11
9 12
9 13
9 14
9 15
9 16
9 17
9 19
9 20
10 1
10 2
10 4
10 5
10 6
10 7
10 11
10 12
10 13
10 14
10 15
10 16
10 17
10 19
12 2
12 4
12 5
12 6
12 7
12 11
12 13
12 14
12 15
12 16
12 17
12 19
13 2
13 7
13 11
13 14
13 19
15 2
15 5
15 7
15 11
15 13
15 14
15 16
15 19
16 2
16 5
16 7
16 11
16 14
16 19
17 2
17 5
17 6
17 7
17 11
17 13
17 14
17 15
17 16
17 19
18 0
18 1
18 2
18 3
18 4
18 5
18 6
18 7
18 8
18 9
18 10
18 11
18 12
18 13
18 14
18 15
18 16
18 17
18 19
18 20
19 11
20 1
20 2
20 4
20 5
20 6
20 7
20 10
20 11
20 12
20 13
20 14
20 15
20 16
20 17
20 19
