0 1 51 38
0 10 47 51
1 2 65 61
1 11 16 40
2 3 90 92
2 12 77 51
3 4 40 56
3 13 57 70
4 5 17 49
4 14 67 45
5 6 93 61
5 15 55 59
6 7 71 54
6 16 78 63
7 8 31 35
7 17 22 23
8 9 95 92
8 18 59 53
9 19 36 40
10 11 33 31
10 20 10 20
11 12 84 58
11 21 15 16
12 13 55 68
12 22 72 80
13 14 87 59
13 23 39 61
14 15 16 43
14 24 29 23
15 16 38 35
15 25 81 49
16 17 11 28
16 26 73 44
17 18 34 28
17 27 11 38
18 19 93 60
18 28 59 74
19 29 48 35
20 21 19 47
20 30 88 68
21 22 24 50
21 31 19 35
22 23 30 23
22 32 27 53
23 24 90 87
23 33 48 57
24 25 26 46
24 34 19 47
25 26 86 79
25 35 65 65
26 27 89 71
26 36 68 80
27 28 88 61
27 37 62 47
28 29 48 37
28 38 18 43
29 39 60 60
30 31 12 20
30 40 91 87
31 32 27 52
31 41 59 50
32 33 66 43
32 42 62 73
33 34 19 12
33 43 72 65
34 35 33 26
34 44 95 67
35 36 19 43
35 45 53 42
36 37 17 30
36 46 98 88
37 38 21 45
37 47 6 10
38 39 83 76
38 48 81 60
39 49 88 88
40 41 55 39
40 50 6 39
41 42 62 43
41 51 9 6
42 43 12 43
42 52 61 63
43 44 24 25
43 53 88 57
44 45 18 48
44 54 62 52
45 46 39 55
45 55 8 22
46 47 83 74
46 56 56 62
47 48 53 37
47 57 34 37
48 49 66 45
48 58 11 28
49 59 90 78
50 51 75 70
51 52 98 61
52 53 56 65
53 54 69 79
54 55 90 80
55 56 37 25
56 57 8 25
57 58 25 26
58 59 94 90
