0 1 44 63
0 21 25 35
1 2 10 10
1 22 49 46
2 3 0 2
2 23 61 41
3 4 66 68
3 24 79 72
4 5 58 61
4 25 94 86
5 6 39 56
5 26 21 23
6 7 25 49
6 27 4 23
7 8 21 18
7 28 9 31
8 9 87 58
8 29 29 55
9 10 54 37
9 30 84 79
10 11 35 28
10 31 99 79
11 12 43 56
11 32 15 40
12 13 17 41
12 33 87 76
13 14 17 20
13 34 86 60
14 15 73 69
14 35 47 30
15 16 92 93
15 36 53 54
16 17 56 41
16 37 9 28
17 18 64 75
17 38 21 46
18 19 40 36
18 39 89 81
19 20 47 66
19 40 73 58
20 41 61 56
21 22 50 35
21 42 61 39
22 23 20 28
22 43 31 25
23 24 16 31
23 44 84 82
24 25 21 52
24 45 58 52
25 26 48 63
25 46 76 70
26 27 77 72
26 47 51 32
27 28 41 57
27 48 62 57
28 29 32 27
28 49 37 54
29 30 95 86
29 50 92 92
30 31 2 2
30 51 72 50
31 32 95 95
31 52 25 20
32 33 17 14
32 53 81 66
33 34 83 57
33 54 44 47
34 35 4 9
34 55 52 35
35 36 37 51
35 56 32 57
36 37 98 80
36 57 87 56
37 38 59 73
37 58 36 54
38 39 49 63
38 59 16 32
39 40 19 21
39 60 82 52
40 41 63 54
40 61 9 20
41 62 97 72
42 43 4 34
43 44 82 70
44 45 72 57
45 46 36 33
46 47 6 4
47 48 20 20
48 49 74 78
49 50 59 51
50 51 78 66
51 52 5 6
52 53 36 31
53 54 94 92
54 55 99 70
55 56 30 49
56 57 72 45
57 58 70 70
58 59 28 51
59 60 99 66
60 61 19 16
61 62 21 48
