0 1 76 70
0 11 8 19
1 2 99 64
1 12 21 14
2 3 95 90
2 13 57 41
3 4 21 26
3 14 72 72
4 5 9 19
4 15 56 58
5 6 45 59
5 16 65 45
6 7 94 79
6 17 69 65
7 8 58 69
7 18 25 46
8 9 92 79
8 19 25 38
9 10 68 60
9 20 96 91
10 21 17 28
11 12 75 53
11 22 42 47
12 13 56 37
12 23 74 55
13 14 48 63
13 24 4 18
14 15 23 42
14 25 39 29
15 16 40 55
15 26 8 41
16 17 18 14
16 27 78 81
17 18 89 79
17 28 71 72
18 19 21 51
18 29 95 71
19 20 16 11
19 30 56 59
20 21 25 45
20 31 79 48
21 32 64 61
22 23 44 30
22 33 16 49
23 24 47 29
23 34 97 85
24 25 91 58
24 35 22 43
25 26 15 42
25 36 40 46
26 27 92 89
26 37 88 82
27 28 5 22
27 38 84 61
28 29 83 83
28 39 76 65
29 30 12 20
29 40 94 93
30 31 46 66
30 41 8 20
31 32 21 25
31 42 93 73
32 43 41 51
33 34 45 33
33 44 94 86
34 35 59 62
34 45 61 58
35 36 97 78
35 46 82 72
36 37 74 52
36 47 98 80
37 38 33 47
37 48 43 30
38 39 74 64
38 49 42 44
39 40 93 58
39 50 27 19
40 41 33 54
40 51 34 42
41 42 45 58
41 52 9 29
42 43 16 46
42 53 56 37
43 54 33 46
44 45 33 54
44 55 39 58
45 46 28 30
45 56 12 46
46 47 86 63
46 57 95 65
47 48 49 64
47 58 71 58
48 49 52 48
48 59 35 57
49 50 65 41
49 60 37 61
50 51 9 20
50 61 45 65
51 52 41 62
51 62 80 61
52 53 37 59
52 63 9 15
53 54 31 23
53 64 46 40
54 65 29 44
55 56 20 45
55 66 16 35
56 57 42 44
56 67 32 26
57 58 20 36
57 68 52 56
58 59 37 41
58 69 92 68
59 60 73 64
59 70 13 21
60 61 46 48
60 71 13 44
61 62 42 46
61 72 46 61
62 63 11 23
62 73 32 59
63 64 60 37
63 74 65 55
64 65 1 3
64 75 2 3
65 76 35 43
66 67 37 32
67 68 18 25
68 69 23 26
69 70 94 61
70 71 10 38
71 72 9 9
72 73 1 1
73 74 18 13
74 75 5 40
75 76 94 83
