0 1 55 57
0 10 17 12
1 2 79 82
1 11 11 23
2 3 44 49
2 12 35 50
3 4 15 42
3 13 21 38
4 5 20 16
4 14 50 54
5 6 48 35
5 15 68 69
6 7 56 47
6 16 33 58
7 8 51 65
7 17 62 66
8 9 9 19
8 18 76 49
9 19 0 20
10 11 80 80
10 20 3 7
11 12 70 62
11 21 12 24
12 13 45 41
12 22 38 23
13 14 10 6
13 23 53 54
14 15 87 61
14 24 67 62
15 16 69 57
15 25 28 52
16 17 0 21
16 26 3 39
17 18 14 29
17 27 46 33
18 19 44 46
18 28 42 53
19 29 57 43
20 21 10 11
20 30 22 19
21 22 43 31
21 31 21 23
22 23 24 28
22 32 11 39
23 24 13 34
23 33 83 68
24 25 83 61
24 34 24 22
25 26 81 78
25 35 55 52
26 27 28 18
26 36 2 37
27 28 49 63
27 37 80 82
28 29 42 40
28 38 72 60
29 39 82 80
30 31 25 44
30 40 87 83
31 32 37 59
31 41 44 35
32 33 36 32
32 42 15 15
33 34 83 89
33 43 56 61
34 35 78 80
34 44 96 62
35 36 51 48
35 45 1 15
36 37 56 73
36 46 41 24
37 38 97 78
37 47 47 59
38 39 14 46
38 48 11 14
39 49 51 48
40 41 17 38
40 50 93 57
41 42 4 15
41 51 31 35
42 43 30 29
42 52 29 38
43 44 32 23
43 53 86 80
44 45 74 75
44 54 36 52
45 46 45 38
45 55 84 53
46 47 79 61
46 56 16 23
47 48 33 24
47 57 75 61
48 49 78 67
48 58 58 56
49 59 99 75
50 51 57 71
50 60 10 39
51 52 55 61
51 61 43 42
52 53 76 59
52 62 9 40
53 54 85 79
53 63 1 11
54 55 4 15
54 64 9 6
55 56 28 56
55 65 12 36
56 57 78 52
56 66 19 47
57 58 39 42
57 67 70 75
58 59 43 45
58 68 86 69
59 69 31 22
60 61 66 71
60 70 65 75
61 62 63 53
61 71 6 26
62 63 78 77
62 72 60 42
63 64 67 42
63 73 33 20
64 65 33 41
64 74 46 52
65 66 30 29
65 75 85 90
66 67 67 47
66 76 87 73
67 68 1 7
67 77 54 66
68 69 20 23
68 78 9 37
69 79 8 37
70 71 15 48
71 72 37 62
72 73 83 57
73 74 81 49
74 75 44 40
75 76 50 59
76 77 19 36
77 78 90 87
78 79 34 48
