17
0 1 96 51
0 2 66 81
0 3 39 22
0 4 21 46
0 5 70 76
0 6 82 5
0 7 77 13
0 8 72 26
0 9 76 23
0 10 85 38
0 11 20 45
0 12 77 6
0 13 100 9
0 14 91 14
0 15 43 33
0 16 35 90
1 2 2 39
1 3 56 84
1 4 14 97
1 5 45 20
1 6 57 39
1 7 27 22
1 8 39 19
1 9 88 40
1 10 2 56
1 11 14 30
1 12 30 77
1 13 84 48
1 14 43 85
1 15 4 52
1 16 74 10
2 3 90 12
2 4 7 92
2 5 36 63
2 6 40 40
2 7 37 67
2 8 43 28
2 9 47 56
2 10 59 61
2 11 32 50
2 12 78 60
2 13 47 85
2 14 48 26
2 15 25 87
2 16 14 88
3 4 49 85
3 5 17 92
3 6 6 61
3 7 83 63
3 8 13 34
3 9 96 17
3 10 78 67
3 11 21 19
3 12 28 94
3 13 57 47
3 14 57 25
3 15 37 37
3 16 10 62
4 5 4 96
4 6 7 83
4 7 15 80
4 8 72 19
4 9 39 90
4 10 73 27
4 11 89 39
4 12 75 33
4 13 67 70
4 14 60 16
4 15 32 75
4 16 60 16
5 6 77 79
5 7 51 41
5 8 90 36
5 9 41 80
5 10 30 63
5 11 36 68
5 12 63 27
5 13 91 35
5 14 80 15
5 15 38 57
5 16 22 50
6 7 98 78
6 8 10 49
6 9 94 52
6 10 57 46
6 11 54 23
6 12 51 23
6 13 49 66
6 14 95 34
6 15 8 32
6 16 7 72
7 8 39 38
7 9 33 54
7 10 30 51
7 11 9 28
7 12 60 87
7 13 34 30
7 14 66 39
7 15 91 66
7 16 18 46
8 9 38 61
8 10 92 27
8 11 7 90
8 12 28 31
8 13 84 67
8 14 18 68
8 15 63 10
8 16 59 88
9 10 19 56
9 11 8 30
9 12 38 54
9 13 19 85
9 14 32 15
9 15 0 37
9 16 99 42
10 11 93 24
10 12 96 77
10 13 75 65
10 14 69 67
10 15 56 17
10 16 59 26
11 12 87 22
11 13 62 66
11 14 75 17
11 15 85 12
11 16 26 41
12 13 39 69
12 14 34 41
12 15 57 60
12 16 34 64
13 14 9 81
13 15 56 19
13 16 49 59
14 15 32 59
14 16 72 70
15 16 56 14
