12
0 1 45 54
0 2 21 81
0 3 74 35
0 4 87 12
0 5 23 66
0 6 42 54
0 7 31 62
0 8 20 82
0 9 53 43
0 10 51 46
0 11 48 58
1 2 65 41
1 3 53 52
1 4 33 71
1 5 2 90
1 6 86 19
1 7 10 75
1 8 60 42
1 9 55 44
1 10 4 89
1 11 36 57
2 3 34 61
2 4 98 13
2 5 66 29
2 6 65 39
2 7 70 30
2 8 85 23
2 9 84 27
2 10 9 77
2 11 21 70
3 4 31 68
3 5 84 20
3 6 1 92
3 7 58 37
3 8 41 58
3 9 75 24
3 10 0 91
3 11 50 51
4 5 43 61
4 6 34 59
4 7 74 33
4 8 12 82
4 9 12 78
4 10 29 70
4 11 95 9
5 6 13 85
5 7 70 25
5 8 76 26
5 9 92 11
5 10 74 23
5 11 26 66
6 7 84 21
6 8 85 13
6 9 26 70
6 10 74 34
6 11 94 12
7 8 57 40
7 9 50 47
7 10 57 49
7 11 88 20
8 9 65 31
8 10 20 72
8 11 36 61
9 10 17 70
9 11 20 68
10 11 87 11
