12
0 1 73 52
0 2 56 23
0 3 52 44
0 4 70 31
0 5 92 50
0 6 49 45
0 7 41 45
0 8 58 50
0 9 6 70
0 10 60 61
0 11 72 51
1 2 29 67
1 3 22 69
1 4 40 53
1 5 76 48
1 6 62 38
1 7 82 28
1 8 16 80
1 9 35 45
1 10 41 60
1 11 8 89
2 3 59 24
2 4 88 19
2 5 12 87
2 6 15 42
2 7 63 60
2 8 84 11
2 9 6 86
2 10 62 52
2 11 8 89
3 4 33 36
3 5 8 63
3 6 92 52
3 7 37 81
3 8 12 88
3 9 10 75
3 10 80 22
3 11 65 64
4 5 23 46
4 6 59 23
4 7 35 60
4 8 24 63
4 9 54 28
4 10 49 66
4 11 48 33
5 6 28 70
5 7 52 26
5 8 1 86
5 9 91 11
5 10 59 44
5 11 46 35
6 7 61 35
6 8 62 43
6 9 40 54
6 10 6 67
6 11 76 47
7 8 14 79
7 9 5 77
7 10 54 51
7 11 25 80
8 9 25 77
8 10 89 10
8 11 25 50
9 10 26 44
9 11 29 51
10 11 47 43
