15
0 1 17 87
0 2 35 40
0 3 96 77
0 4 54 48
0 5 3 45
0 6 84 74
0 7 70 20
0 8 81 51
0 9 49 66
0 10 41 13
0 11 21 37
0 12 99 58
0 13 32 78
0 14 23 17
1 2 24 50
1 3 58 51
1 4 35 43
1 5 99 23
1 6 19 85
1 7 61 83
1 8 57 58
1 9 1 97
1 10 48 26
1 11 9 90
1 12 3 61
1 13 13 51
1 14 20 93
2 3 44 72
2 4 85 16
2 5 59 54
2 6 50 13
2 7 75 19
2 8 69 18
2 9 30 15
2 10 11 77
2 11 17 80
2 12 32 50
2 13 27 75
2 14 81 51
3 4 46 69
3 5 63 34
3 6 53 56
3 7 16 35
3 8 84 81
3 9 80 26
3 10 29 51
3 11 90 76
3 12 97 34
3 13 50 60
3 14 69 85
4 5 16 47
4 6 47 42
4 7 64 82
4 8 17 22
4 9 13 95
4 10 57 39
4 11 62 80
4 12 50 21
4 13 65 62
4 14 92 63
5 6 92 27
5 7 14 30
5 8 34 47
5 9 23 36
5 10 9 81
5 11 5 58
5 12 28 67
5 13 12 82
5 14 82 60
6 7 22 18
6 8 78 67
6 9 12 86
6 10 78 24
6 11 92 59
6 12 38 30
6 13 96 32
6 14 97 20
7 8 31 65
7 9 94 70
7 10 38 47
7 11 31 70
7 12 90 76
7 13 61 74
7 14 11 85
8 9 56 15
8 10 9 18
8 11 29 35
8 12 78 45
8 13 7 76
8 14 81 47
9 10 94 61
9 11 36 54
9 12 24 39
9 13 91 16
9 14 61 37
10 11 43 16
10 12 43 33
10 13 89 28
10 14 93 33
11 12 38 35
11 13 47 88
11 14 98 55
12 13 3 41
12 14 41 27
13 14 4 45
