20
0 1 40 59
0 2 46 55
0 3 73 27
0 4 38 55
0 5 44 49
0 6 68 41
0 7 27 67
0 8 15 74
0 9 64 39
0 10 50 42
0 11 3 89
0 12 14 72
0 13 49 56
0 14 77 23
0 15 36 67
0 16 5 83
0 17 3 92
0 18 30 72
0 19 91 9
1 2 15 72
1 3 9 81
1 4 11 85
1 5 10 82
1 6 94 13
1 7 25 65
1 8 4 89
1 9 68 38
1 10 7 84
1 11 84 16
1 12 60 38
1 13 47 50
1 14 87 16
1 15 25 65
1 16 35 62
1 17 57 48
1 18 35 59
1 19 37 59
2 3 91 15
2 4 12 81
2 5 65 35
2 6 0 94
2 7 22 67
2 8 45 54
2 9 18 72
2 10 19 76
2 11 86 13
2 12 22 74
2 13 32 60
2 14 45 60
2 15 54 51
2 16 74 28
2 17 15 77
2 18 87 24
2 19 2 85
3 4 54 46
3 5 69 39
3 6 50 42
3 7 67 35
3 8 26 72
3 9 12 81
3 10 86 12
3 11 95 10
3 12 28 72
3 13 8 87
3 14 72 29
3 15 78 18
3 16 61 32
3 17 60 39
3 18 65 37
3 19 89 13
4 5 97 12
4 6 90 10
4 7 91 9
4 8 45 60
4 9 70 36
4 10 88 24
4 11 83 15
4 12 78 28
4 13 6 85
4 14 11 83
4 15 48 44
4 16 93 8
4 17 60 35
4 18 37 54
4 19 26 64
5 6 84 18
5 7 78 30
5 8 60 44
5 9 97 16
5 10 16 81
5 11 27 74
5 12 19 75
5 13 86 16
5 14 58 36
5 15 41 58
5 16 10 79
5 17 43 51
5 18 1 94
5 19 45 50
6 7 41 53
6 8 78 32
6 9 54 49
6 10 60 45
6 11 86 26
6 12 77 21
6 13 5 86
6 14 58 47
6 15 19 79
6 16 67 32
6 17 8 81
6 18 53 40
6 19 51 51
7 8 95 5
7 9 46 47
7 10 40 56
7 11 4 93
7 12 24 66
7 13 77 21
7 14 24 72
7 15 63 31
7 16 10 87
7 17 93 18
7 18 31 61
7 19 10 84
8 9 89 20
8 10 10 83
8 11 83 22
8 12 52 51
8 13 18 74
8 14 27 71
8 15 20 80
8 16 78 19
8 17 53 53
8 18 7 88
8 19 25 68
9 10 85 18
9 11 93 11
9 12 5 89
9 13 43 59
9 14 72 33
9 15 1 92
9 16 83 13
9 17 71 32
9 18 60 44
9 19 96 15
10 11 19 82
10 12 34 56
10 13 65 40
10 14 90 18
10 15 33 60
10 16 57 49
10 17 72 37
10 18 72 34
10 19 88 17
11 12 30 73
11 13 90 21
11 14 76 31
11 15 72 33
11 16 30 63
11 17 68 31
11 18 14 82
11 19 88 18
12 13 68 29
12 14 8 90
12 15 15 74
12 16 14 72
12 17 93 17
12 18 42 50
12 19 69 40
13 14 16 81
13 15 55 41
13 16 88 19
13 17 98 15
13 18 56 45
13 19 24 65
14 15 97 5
14 16 95 17
14 17 51 55
14 18 32 62
14 19 28 71
15 16 73 25
15 17 23 77
15 18 52 51
15 19 32 62
16 17 50 52
16 18 38 55
16 19 86 24
17 18 69 34
17 19 61 43
18 19 92 7
