22
0 1 33 66
0 2 75 43
0 3 68 27
0 4 23 82
0 5 55 43
0 6 2 72
0 7 5 74
0 8 38 58
0 9 7 86
0 10 80 52
0 11 51 37
0 12 84 49
0 13 7 88
0 14 59 50
0 15 33 80
0 16 49 37
0 17 54 57
0 18 62 28
0 19 72 38
0 20 32 46
0 21 3 64
1 2 49 73
1 3 15 62
1 4 84 50
1 5 5 52
1 6 95 5
1 7 44 52
1 8 83 46
1 9 43 49
1 10 43 39
1 11 94 15
1 12 28 53
1 13 22 60
1 14 43 67
1 15 15 76
1 16 92 44
1 17 79 47
1 18 80 11
1 19 34 54
1 20 49 65
1 21 5 68
2 3 55 42
2 4 81 43
2 5 94 17
2 6 51 36
2 7 87 45
2 8 52 46
2 9 0 85
2 10 92 33
2 11 2 63
2 12 63 56
2 13 78 59
2 14 97 10
2 15 35 75
2 16 77 60
2 17 29 64
2 18 87 28
2 19 94 4
2 20 36 58
2 21 53 31
3 4 92 19
3 5 45 37
3 6 42 70
3 7 6 55
3 8 79 30
3 9 77 50
3 10 93 40
3 11 7 60
3 12 98 18
3 13 2 77
3 14 69 57
3 15 6 47
3 16 66 34
3 17 32 81
3 18 98 17
3 19 17 65
3 20 75 53
3 21 26 57
4 5 70 41
4 6 99 12
4 7 16 44
4 8 85 49
4 9 85 55
4 10 13 74
4 11 5 63
4 12 39 49
4 13 45 51
4 14 9 93
4 15 28 81
4 16 36 39
4 17 88 38
4 18 76 60
4 19 46 59
4 20 40 77
4 21 65 28
5 6 0 66
5 7 23 40
5 8 28 42
5 9 22 69
5 10 3 54
5 11 73 27
5 12 4 48
5 13 0 83
5 14 28 82
5 15 21 53
5 16 76 26
5 17 10 48
5 18 0 83
5 19 72 34
5 20 96 18
5 21 72 29
6 7 16 62
6 8 13 57
6 9 49 52
6 10 37 45
6 11 83 14
6 12 25 70
6 13 9 66
6 14 44 58
6 15 59 36
6 16 90 34
6 17 25 63
6 18 42 78
6 19 85 36
6 20 95 40
6 21 37 73
7 8 12 44
7 9 44 58
7 10 60 38
7 11 84 27
7 12 18 42
7 13 37 36
7 14 45 71
7 15 41 47
7 16 56 49
7 17 11 89
7 18 81 15
7 19 78 16
7 20 2 79
7 21 27 69
8 9 49 57
8 10 40 67
8 11 18 61
8 12 94 45
8 13 18 69
8 14 29 60
8 15 9 46
8 16 83 42
8 17 60 34
8 18 85 38
8 19 17 74
8 20 47 32
8 21 0 59
9 10 19 88
9 11 89 49
9 12 5 52
9 13 6 85
9 14 3 69
9 15 41 72
9 16 80 49
9 17 7 96
9 18 38 36
9 19 12 86
9 20 74 22
9 21 66 23
10 11 45 54
10 12 22 77
10 13 78 57
10 14 92 9
10 15 66 54
10 16 28 72
10 17 27 39
10 18 3 80
10 19 74 15
10 20 36 65
10 21 6 48
11 12 15 80
11 13 71 34
11 14 57 52
11 15 34 54
11 16 86 29
11 17 32 68
11 18 18 44
11 19 45 54
11 20 31 35
11 21 68 34
12 13 60 65
12 14 14 71
12 15 33 47
12 16 59 35
12 17 72 23
12 18 80 32
12 19 21 80
12 20 7 93
12 21 14 81
13 14 8 64
13 15 35 60
13 16 17 83
13 17 34 36
13 18 78 45
13 19 15 48
13 20 76 26
13 21 86 39
14 15 49 66
14 16 39 47
14 17 94 12
14 18 21 78
14 19 34 41
14 20 5 70
14 21 92 26
15 16 28 81
15 17 2 83
15 18 44 48
15 19 75 37
15 20 38 80
15 21 66 40
16 17 28 72
16 18 83 31
16 19 47 51
16 20 53 66
16 21 61 59
17 18 45 46
17 19 84 13
17 20 0 93
17 21 0 78
18 19 99 37
18 20 5 73
18 21 53 72
19 20 59 68
19 21 60 24
20 21 33 82
