22
0 1 55 52
0 2 39 58
0 3 90 14
0 4 40 62
0 5 35 57
0 6 44 58
0 7 94 17
0 8 99 5
0 9 53 51
0 10 69 27
0 11 24 74
0 12 17 85
0 13 34 67
0 14 46 53
0 15 2 93
0 16 66 33
0 17 22 72
0 18 94 17
0 19 27 69
0 20 78 31
0 21 60 48
1 2 99 12
1 3 95 10
1 4 53 46
1 5 64 40
1 6 4 87
1 7 39 52
1 8 46 56
1 9 14 85
1 10 18 80
1 11 91 20
1 12 87 11
1 13 45 58
1 14 58 48
1 15 63 31
1 16 98 3
1 17 7 91
1 18 83 26
1 19 26 62
1 20 90 23
1 21 42 51
2 3 8 87
2 4 5 81
2 5 66 28
2 6 39 64
2 7 27 73
2 8 94 6
2 9 66 33
2 10 34 64
2 11 28 66
2 12 26 71
2 13 87 10
2 14 12 83
2 15 96 10
2 16 92 17
2 17 65 44
2 18 19 79
2 19 94 18
2 20 36 57
2 21 61 33
3 4 85 12
3 5 2 83
3 6 96 9
3 7 16 72
3 8 18 84
3 9 66 32
3 10 60 47
3 11 6 93
3 12 88 15
3 13 34 69
3 14 32 70
3 15 27 74
3 16 25 66
3 17 33 67
3 18 17 75
3 19 16 72
3 20 58 46
3 21 37 59
4 5 20 75
4 6 41 62
4 7 29 68
4 8 10 88
4 9 73 30
4 10 30 61
4 11 77 22
4 12 8 92
4 13 87 10
4 14 33 64
4 15 42 57
4 16 50 53
4 17 18 78
4 18 32 63
4 19 95 14
4 20 2 83
4 21 71 36
5 6 18 72
5 7 12 74
5 8 11 89
5 9 23 79
5 10 37 63
5 11 86 19
5 12 5 95
5 13 19 71
5 14 55 41
5 15 45 54
5 16 9 77
5 17 61 44
5 18 61 36
5 19 46 46
5 20 36 55
5 21 73 23
6 7 85 16
6 8 85 14
6 9 44 53
6 10 94 13
6 11 12 77
6 12 7 93
6 13 65 33
6 14 20 73
6 15 15 81
6 16 1 89
6 17 94 14
6 18 29 62
6 19 1 88
6 20 12 77
6 21 33 64
7 8 83 14
7 9 75 24
7 10 19 71
7 11 39 59
7 12 72 31
7 13 5 86
7 14 44 62
7 15 6 84
7 16 49 54
7 17 17 71
7 18 20 77
7 19 19 72
7 20 76 33
7 21 36 60
8 9 36 56
8 10 50 49
8 11 63 44
8 12 61 36
8 13 87 15
8 14 38 55
8 15 26 74
8 16 57 46
8 17 98 6
8 18 68 38
8 19 85 14
8 20 48 57
8 21 54 49
9 10 31 66
9 11 82 20
9 12 19 80
9 13 74 28
9 14 31 72
9 15 65 34
9 16 96 9
9 17 62 41
9 18 37 61
9 19 25 67
9 20 71 28
9 21 83 23
10 11 9 88
10 12 67 35
10 13 77 26
10 14 59 40
10 15 89 9
10 16 5 91
10 17 41 61
10 18 50 47
10 19 95 12
10 20 37 67
10 21 64 30
11 12 15 84
11 13 16 84
11 14 24 74
11 15 38 59
11 16 28 66
11 17 78 18
11 18 37 53
11 19 61 36
11 20 80 17
11 21 78 29
12 13 73 35
12 14 41 62
12 15 11 80
12 16 49 55
12 17 53 44
12 18 84 22
12 19 80 18
12 20 66 34
12 21 15 86
13 14 9 81
13 15 57 50
13 16 28 62
13 17 97 14
13 18 26 71
13 19 4 95
13 20 35 60
13 21 62 38
14 15 35 66
14 16 51 55
14 17 46 59
14 18 86 14
14 19 86 12
14 20 62 40
14 21 39 66
15 16 55 43
15 17 39 55
15 18 69 36
15 19 84 20
15 20 43 48
15 21 27 74
16 17 16 80
16 18 81 23
16 19 65 31
16 20 79 30
16 21 72 25
17 18 98 10
17 19 42 58
17 20 85 24
17 21 93 9
18 19 81 16
18 20 60 41
18 21 85 18
19 20 87 11
19 21 62 31
20 21 38 55
