25
0 1 85 8
0 2 49 30
0 3 21 60
0 4 82 11
0 5 37 53
0 6 25 52
0 7 91 43
0 8 2 91
0 9 69 38
0 10 18 55
0 11 84 46
0 12 79 42
0 13 57 36
0 14 72 50
0 15 60 44
0 16 70 49
0 17 9 80
0 18 68 39
0 19 38 34
0 20 45 76
0 21 86 56
0 22 40 41
0 23 69 45
0 24 8 90
1 2 54 64
1 3 57 24
1 4 96 50
1 5 38 57
1 6 44 74
1 7 27 39
1 8 25 79
1 9 25 53
1 10 76 50
1 11 98 37
1 12 75 62
1 13 44 46
1 14 31 73
1 15 26 46
1 16 33 33
1 17 21 85
1 18 8 56
1 19 79 53
1 20 13 54
1 21 68 52
1 22 14 90
1 23 14 44
1 24 38 32
2 3 94 35
2 4 53 51
2 5 52 43
2 6 38 42
2 7 96 23
2 8 68 53
2 9 23 42
2 10 68 63
2 11 60 32
2 12 54 39
2 13 47 62
2 14 77 12
2 15 89 14
2 16 8 80
2 17 62 68
2 18 75 54
2 19 24 64
2 20 8 85
2 21 1 67
2 22 49 59
2 23 83 42
2 24 30 37
3 4 24 86
3 5 87 41
3 6 27 40
3 7 24 40
3 8 91 23
3 9 97 19
3 10 57 24
3 11 85 32
3 12 20 47
3 13 56 48
3 14 46 61
3 15 42 73
3 16 82 13
3 17 64 28
3 18 55 62
3 19 79 17
3 20 4 52
3 21 91 39
3 22 95 6
3 23 62 59
3 24 70 54
4 5 10 81
4 6 89 45
4 7 70 64
4 8 28 67
4 9 87 44
4 10 57 36
4 11 38 52
4 12 80 35
4 13 66 29
4 14 26 50
4 15 85 52
4 16 32 83
4 17 92 49
4 18 90 35
4 19 18 76
4 20 73 55
4 21 12 47
4 22 23 39
4 23 25 45
4 24 76 33
5 6 20 48
5 7 0 77
5 8 99 18
5 9 83 50
5 10 6 47
5 11 48 29
5 12 14 64
5 13 97 21
5 14 92 5
5 15 60 67
5 16 72 19
5 17 39 79
5 18 50 48
5 19 74 35
5 20 41 60
5 21 39 60
5 22 24 68
5 23 36 43
5 24 55 49
6 7 47 41
6 8 40 32
6 9 18 75
6 10 15 44
6 11 22 57
6 12 30 76
6 13 57 60
6 14 76 21
6 15 99 40
6 16 52 63
6 17 58 48
6 18 96 36
6 19 84 31
6 20 24 57
6 21 16 63
6 22 42 41
6 23 9 64
6 24 66 37
7 8 26 74
7 9 89 20
7 10 45 33
7 11 57 59
7 12 95 15
7 13 1 88
7 14 23 40
7 15 36 70
7 16 84 13
7 17 4 91
7 18 21 82
7 19 71 33
7 20 10 61
7 21 84 41
7 22 36 63
7 23 82 23
7 24 40 37
8 9 31 48
8 10 86 25
8 11 63 61
8 12 38 68
8 13 12 72
8 14 34 64
8 15 66 18
8 16 3 59
8 17 28 55
8 18 68 38
8 19 38 47
8 20 81 45
8 21 6 57
8 22 81 56
8 23 32 34
8 24 47 47
9 10 74 41
9 11 68 27
9 12 25 43
9 13 47 59
9 14 56 40
9 15 90 28
9 16 33 69
9 17 89 36
9 18 80 29
9 19 77 24
9 20 91 18
9 21 6 61
9 22 59 28
9 23 32 43
9 24 66 17
10 11 91 31
10 12 95 19
10 13 40 63
10 14 66 23
10 15 86 45
10 16 33 55
10 17 74 27
10 18 14 90
10 19 80 57
10 20 41 65
10 21 36 79
10 22 46 33
10 23 78 46
10 24 13 44
11 12 84 26
11 13 39 65
11 14 51 66
11 15 90 43
11 16 80 53
11 17 69 25
11 18 14 77
11 19 6 69
11 20 78 41
11 21 21 65
11 22 15 49
11 23 38 38
11 24 80 24
12 13 49 58
12 14 4 73
12 15 78 38
12 16 38 70
12 17 75 23
12 18 86 39
12 19 9 66
12 20 12 90
12 21 82 9
12 22 50 65
12 23 93 24
12 24 25 74
13 14 26 75
13 15 38 38
13 16 98 49
13 17 52 73
13 18 80 40
13 19 96 42
13 20 83 23
13 21 82 8
13 22 45 53
13 23 61 39
13 24 11 71
14 15 64 33
14 16 35 46
14 17 30 51
14 18 27 52
14 19 50 38
14 20 12 79
14 21 52 27
14 22 50 43
14 23 56 23
14 24 74 58
15 16 82 36
15 17 19 55
15 18 61 48
15 19 93 8
15 20 26 52
15 21 72 58
15 22 13 69
15 23 99 6
15 24 25 63
16 17 16 54
16 18 99 38
16 19 10 46
16 20 48 34
16 21 67 57
16 22 47 55
16 23 85 12
16 24 64 66
17 18 67 55
17 19 40 34
17 20 44 71
17 21 91 15
17 22 43 38
17 23 38 51
17 24 4 90
18 19 69 26
18 20 85 34
18 21 63 24
18 22 56 57
18 23 14 76
18 24 95 16
19 20 73 25
19 21 30 41
19 22 87 41
19 23 4 53
19 24 76 21
20 21 30 66
20 22 38 71
20 23 13 52
20 24 54 48
21 22 89 8
21 23 33 74
21 24 87 9
22 23 59 33
22 24 0 72
23 24 76 25
