27
0 1 28 28
0 2 77 17
0 3 65 11
0 4 16 57
0 5 97 63
0 6 8 40
0 7 18 21
0 8 23 62
0 9 61 31
0 10 96 67
0 11 30 15
0 12 96 57
0 13 62 38
0 14 50 16
0 15 53 53
0 16 9 50
0 17 55 63
0 18 43 63
0 19 62 27
0 20 2 60
0 21 69 12
0 22 65 63
0 23 8 84
0 24 29 51
0 25 12 74
0 26 22 91
1 2 41 29
1 3 77 26
1 4 8 20
1 5 57 31
1 6 60 39
1 7 42 89
1 8 83 30
1 9 48 57
1 10 54 25
1 11 98 36
1 12 88 36
1 13 44 76
1 14 89 12
1 15 85 7
1 16 27 83
1 17 48 58
1 18 42 20
1 19 73 71
1 20 92 67
1 21 51 14
1 22 60 68
1 23 75 8
1 24 39 68
1 25 14 76
1 26 3 53
2 3 75 34
2 4 96 33
2 5 74 20
2 6 39 28
2 7 4 36
2 8 91 25
2 9 42 78
2 10 33 87
2 11 74 9
2 12 22 63
2 13 36 12
2 14 61 56
2 15 80 37
2 16 42 53
2 17 2 76
2 18 57 31
2 19 97 47
2 20 65 33
2 21 52 74
2 22 41 13
2 23 62 48
2 24 61 44
2 25 82 8
2 26 98 37
3 4 3 46
3 5 46 31
3 6 88 45
3 7 6 58
3 8 39 79
3 9 1 82
3 10 95 7
3 11 98 69
3 12 6 75
3 13 93 62
3 14 1 32
3 15 33 36
3 16 82 48
3 17 89 61
3 18 90 27
3 19 58 22
3 20 16 33
3 21 0 64
3 22 73 26
3 23 15 24
3 24 69 38
3 25 38 53
3 26 79 74
4 5 90 19
4 6 38 22
4 7 73 82
4 8 39 55
4 9 96 31
4 10 7 40
4 11 54 25
4 12 35 23
4 13 55 39
4 14 58 70
4 15 34 22
4 16 89 76
4 17 63 24
4 18 57 31
4 19 67 34
4 20 90 5
4 21 34 80
4 22 93 35
4 23 67 46
4 24 91 15
4 25 46 58
4 26 22 60
5 6 9 89
5 7 66 81
5 8 9 22
5 9 40 12
5 10 32 79
5 11 1 85
5 12 16 65
5 13 17 70
5 14 81 77
5 15 1 51
5 16 13 66
5 17 93 8
5 18 78 48
5 19 67 35
5 20 67 78
5 21 31 63
5 22 96 25
5 23 17 73
5 24 52 12
5 25 36 26
5 26 58 67
6 7 81 82
6 8 64 25
6 9 74 65
6 10 0 92
6 11 80 38
6 12 4 33
6 13 42 63
6 14 85 12
6 15 78 33
6 16 45 14
6 17 93 22
6 18 89 9
6 19 43 85
6 20 95 63
6 21 78 21
6 22 92 63
6 23 55 19
6 24 84 26
6 25 62 66
6 26 88 46
7 8 79 21
7 9 26 28
7 10 8 78
7 11 94 55
7 12 50 49
7 13 7 86
7 14 63 80
7 15 36 20
7 16 77 20
7 17 24 87
7 18 35 91
7 19 91 40
7 20 57 27
7 21 7 97
7 22 42 60
7 23 43 35
7 24 13 52
7 25 96 13
7 26 78 79
8 9 37 13
8 10 18 22
8 11 15 17
8 12 19 64
8 13 71 60
8 14 70 44
8 15 92 73
8 16 31 46
8 17 42 88
8 18 11 39
8 19 99 49
8 20 96 25
8 21 81 60
8 22 79 45
8 23 0 88
8 24 37 86
8 25 42 35
8 26 22 59
9 10 40 22
9 11 34 45
9 12 80 43
9 13 4 59
9 14 41 44
9 15 83 22
9 16 86 66
9 17 59 33
9 18 44 53
9 19 84 40
9 20 93 20
9 21 67 49
9 22 86 67
9 23 87 36
9 24 88 61
9 25 4 34
9 26 57 78
10 11 16 45
10 12 53 40
10 13 59 62
10 14 67 8
10 15 19 22
10 16 26 32
10 17 89 55
10 18 4 38
10 19 53 28
10 20 14 40
10 21 90 78
10 22 17 89
10 23 37 28
10 24 75 33
10 25 69 73
10 26 54 85
11 12 11 59
11 13 44 52
11 14 95 43
11 15 48 22
11 16 91 22
11 17 81 12
11 18 64 75
11 19 24 66
11 20 54 52
11 21 22 60
11 22 14 59
11 23 17 54
11 24 19 33
11 25 27 46
11 26 95 71
12 13 43 31
12 14 21 30
12 15 92 22
12 16 21 57
12 17 29 59
12 18 41 65
12 19 47 10
12 20 51 25
12 21 6 30
12 22 28 83
12 23 5 80
12 24 56 49
12 25 18 85
12 26 66 46
13 14 70 65
13 15 84 38
13 16 19 18
13 17 18 18
13 18 79 52
13 19 50 31
13 20 21 50
13 21 76 45
13 22 77 77
13 23 50 83
13 24 51 56
13 25 0 23
13 26 13 52
14 15 6 24
14 16 0 33
14 17 22 25
14 18 67 11
14 19 80 67
14 20 80 24
14 21 62 45
14 22 46 38
14 23 63 64
14 24 54 77
14 25 66 38
14 26 52 69
15 16 18 67
15 17 92 53
15 18 81 41
15 19 40 27
15 20 88 16
15 21 91 50
15 22 22 23
15 23 64 66
15 24 36 63
15 25 57 50
15 26 6 60
16 17 35 24
16 18 64 55
16 19 70 25
16 20 31 70
16 21 97 8
16 22 19 23
16 23 98 55
16 24 47 26
16 25 73 31
16 26 77 33
17 18 81 48
17 19 53 80
17 20 74 78
17 21 24 86
17 22 65 21
17 23 44 80
17 24 26 36
17 25 63 69
17 26 23 64
18 19 57 87
18 20 83 41
18 21 95 9
18 22 73 36
18 23 57 87
18 24 36 24
18 25 0 34
18 26 73 23
19 20 20 18
19 21 76 42
19 22 99 2
19 23 95 14
19 24 0 23
19 25 78 7
19 26 0 66
20 21 97 38
20 22 67 61
20 23 30 93
20 24 84 51
20 25 77 72
20 26 81 14
21 22 76 69
21 23 42 69
21 24 34 52
21 25 25 61
21 26 40 25
22 23 45 58
22 24 83 25
22 25 82 79
22 26 4 54
23 24 73 58
23 25 46 30
23 26 7 31
24 25 51 24
24 26 52 73
25 26 69 24
