27
0 1 99 44
0 2 91 14
0 3 87 6
0 4 83 54
0 5 27 47
0 6 0 86
0 7 6 72
0 8 33 47
0 9 6 64
0 10 84 25
0 11 52 26
0 12 28 66
0 13 88 28
0 14 86 49
0 15 71 54
0 16 25 63
0 17 73 37
0 18 74 59
0 19 16 79
0 20 48 32
0 21 76 59
0 22 65 42
0 23 89 30
0 24 99 45
0 25 72 15
0 26 32 33
1 2 37 52
1 3 40 38
1 4 29 55
1 5 80 19
1 6 52 35
1 7 43 71
1 8 45 72
1 9 45 71
1 10 27 50
1 11 17 75
1 12 17 67
1 13 31 47
1 14 95 27
1 15 15 64
1 16 74 61
1 17 25 73
1 18 97 46
1 19 78 30
1 20 54 55
1 21 99 6
1 22 36 43
1 23 39 35
1 24 85 39
1 25 88 45
1 26 99 36
2 3 93 10
2 4 36 45
2 5 18 81
2 6 38 57
2 7 69 21
2 8 44 39
2 9 99 42
2 10 76 17
2 11 3 73
2 12 62 68
2 13 4 78
2 14 75 48
2 15 19 76
2 16 82 8
2 17 91 15
2 18 64 53
2 19 19 46
2 20 88 53
2 21 65 19
2 22 66 65
2 23 66 19
2 24 90 23
2 25 35 76
2 26 80 18
3 4 80 27
3 5 34 66
3 6 78 26
3 7 51 54
3 8 40 53
3 9 32 45
3 10 27 60
3 11 18 58
3 12 42 73
3 13 18 67
3 14 84 39
3 15 12 65
3 16 45 47
3 17 83 36
3 18 3 91
3 19 7 47
3 20 59 23
3 21 62 26
3 22 93 49
3 23 71 60
3 24 78 51
3 25 6 90
3 26 19 81
4 5 38 54
4 6 50 27
4 7 21 65
4 8 17 54
4 9 5 70
4 10 74 35
4 11 61 36
4 12 44 61
4 13 6 58
4 14 81 38
4 15 45 68
4 16 52 44
4 17 41 35
4 18 46 75
4 19 92 10
4 20 99 37
4 21 9 46
4 22 39 59
4 23 74 25
4 24 28 85
4 25 46 30
4 26 11 75
5 6 27 82
5 7 2 58
5 8 95 38
5 9 68 39
5 10 16 71
5 11 10 90
5 12 28 74
5 13 77 34
5 14 76 35
5 15 64 29
5 16 90 18
5 17 75 16
5 18 38 52
5 19 84 43
5 20 87 10
5 21 8 55
5 22 93 32
5 23 47 26
5 24 53 41
5 25 56 62
5 26 8 62
6 7 52 23
6 8 34 73
6 9 46 75
6 10 89 41
6 11 71 37
6 12 33 34
6 13 47 66
6 14 44 51
6 15 70 43
6 16 34 55
6 17 65 63
6 18 65 66
6 19 28 37
6 20 25 81
6 21 71 56
6 22 77 22
6 23 73 60
6 24 34 75
6 25 39 51
6 26 51 32
7 8 61 26
7 9 45 49
7 10 40 78
7 11 32 41
7 12 8 66
7 13 76 60
7 14 29 53
7 15 16 42
7 16 89 20
7 17 4 68
7 18 72 23
7 19 43 36
7 20 53 47
7 21 48 67
7 22 18 90
7 23 35 54
7 24 32 34
7 25 57 50
7 26 54 29
8 9 95 48
8 10 12 82
8 11 73 20
8 12 40 46
8 13 44 47
8 14 10 64
8 15 10 94
8 16 21 65
8 17 16 59
8 18 31 69
8 19 4 86
8 20 87 19
8 21 43 34
8 22 15 51
8 23 46 76
8 24 68 27
8 25 90 19
8 26 89 46
9 10 94 16
9 11 22 44
9 12 62 45
9 13 18 78
9 14 64 59
9 15 41 59
9 16 5 66
9 17 4 82
9 18 56 61
9 19 99 26
9 20 63 59
9 21 8 85
9 22 86 18
9 23 94 18
9 24 45 68
9 25 11 66
9 26 34 82
10 11 58 60
10 12 95 29
10 13 55 35
10 14 58 25
10 15 23 54
10 16 79 48
10 17 33 80
10 18 71 16
10 19 37 64
10 20 46 31
10 21 45 60
10 22 4 83
10 23 12 56
10 24 59 50
10 25 39 55
10 26 75 54
11 12 29 67
11 13 19 74
11 14 10 56
11 15 43 54
11 16 25 67
11 17 58 38
11 18 1 96
11 19 51 46
11 20 73 52
11 21 75 17
11 22 44 43
11 23 73 54
11 24 10 78
11 25 65 54
11 26 72 37
12 13 92 11
12 14 18 76
12 15 8 90
12 16 19 51
12 17 74 39
12 18 54 26
12 19 92 50
12 20 59 69
12 21 92 15
12 22 39 63
12 23 45 35
12 24 13 65
12 25 58 70
12 26 39 39
13 14 95 28
13 15 2 51
13 16 89 18
13 17 77 32
13 18 74 49
13 19 26 75
13 20 57 33
13 21 26 79
13 22 35 33
13 23 35 47
13 24 99 10
13 25 4 81
13 26 92 4
14 15 38 50
14 16 52 58
14 17 0 98
14 18 55 22
14 19 7 74
14 20 77 13
14 21 73 37
14 22 13 64
14 23 72 45
14 24 5 65
14 25 2 71
14 26 25 77
15 16 65 52
15 17 62 63
15 18 61 33
15 19 76 25
15 20 66 61
15 21 71 43
15 22 85 46
15 23 12 46
15 24 41 69
15 25 49 71
15 26 11 66
16 17 54 25
16 18 34 76
16 19 78 45
16 20 23 43
16 21 5 64
16 22 22 77
16 23 80 55
16 24 70 35
16 25 31 77
16 26 16 90
17 18 24 82
17 19 12 75
17 20 87 43
17 21 27 71
17 22 5 71
17 23 35 44
17 24 89 32
17 25 73 35
17 26 88 46
18 19 62 37
18 20 58 56
18 21 39 31
18 22 67 46
18 23 19 46
18 24 61 53
18 25 64 38
18 26 15 87
19 20 26 64
19 21 38 36
19 22 1 59
19 23 26 45
19 24 67 61
19 25 60 67
19 26 83 39
20 21 59 28
20 22 95 16
20 23 12 70
20 24 92 17
20 25 5 53
20 26 83 49
21 22 41 57
21 23 6 47
21 24 89 16
21 25 79 27
21 26 3 89
22 23 68 23
22 24 10 90
22 25 17 73
22 26 63 45
23 24 37 79
23 25 1 74
23 26 12 87
24 25 11 65
24 26 66 33
25 26 96 23
