30
0 1 36 56
0 2 47 55
0 3 76 30
0 4 51 48
0 5 48 54
0 6 18 81
0 7 11 87
0 8 77 23
0 9 90 19
0 10 41 59
0 11 95 9
0 12 64 41
0 13 1 85
0 14 43 51
0 15 58 41
0 16 6 88
0 17 65 33
0 18 25 74
0 19 64 34
0 20 14 77
0 21 44 50
0 22 65 33
0 23 18 83
0 24 95 12
0 25 42 61
0 26 67 37
0 27 82 20
0 28 27 63
0 29 69 35
1 2 9 82
1 3 43 56
1 4 8 90
1 5 52 46
1 6 51 47
1 7 56 38
1 8 16 81
1 9 48 56
1 10 65 34
1 11 44 57
1 12 76 21
1 13 1 95
1 14 16 71
1 15 84 16
1 16 8 84
1 17 30 67
1 18 10 90
1 19 52 50
1 20 24 72
1 21 50 54
1 22 94 11
1 23 72 31
1 24 27 70
1 25 25 64
1 26 85 26
1 27 3 85
1 28 20 78
1 29 4 94
2 3 38 65
2 4 48 52
2 5 5 84
2 6 18 80
2 7 30 59
2 8 50 50
2 9 29 70
2 10 20 75
2 11 77 20
2 12 19 83
2 13 92 16
2 14 65 40
2 15 80 26
2 16 15 86
2 17 71 24
2 18 64 38
2 19 78 25
2 20 21 75
2 21 25 67
2 22 99 2
2 23 95 14
2 24 40 53
2 25 82 29
2 26 17 75
2 27 17 78
2 28 8 82
2 29 18 70
3 4 31 70
3 5 51 47
3 6 98 2
3 7 78 22
3 8 27 62
3 9 96 3
3 10 89 15
3 11 25 71
3 12 36 55
3 13 71 32
3 14 61 34
3 15 25 65
3 16 42 60
3 17 30 69
3 18 81 18
3 19 63 34
3 20 54 40
3 21 71 30
3 22 86 24
3 23 62 42
3 24 79 27
3 25 57 49
3 26 22 70
3 27 74 33
3 28 8 84
3 29 64 33
4 5 25 63
4 6 7 81
4 7 28 63
4 8 98 11
4 9 33 69
4 10 67 37
4 11 49 47
4 12 80 29
4 13 36 55
4 14 46 48
4 15 6 79
4 16 6 79
4 17 70 25
4 18 36 58
4 19 75 22
4 20 48 55
4 21 82 16
4 22 19 80
4 23 88 12
4 24 73 31
4 25 35 54
4 26 30 59
4 27 29 66
4 28 18 74
4 29 60 35
5 6 33 63
5 7 95 17
5 8 68 32
5 9 28 68
5 10 84 17
5 11 98 14
5 12 98 11
5 13 89 12
5 14 1 83
5 15 33 66
5 16 17 77
5 17 21 78
5 18 96 7
5 19 21 73
5 20 34 67
5 21 79 22
5 22 64 40
5 23 94 17
5 24 41 54
5 25 41 60
5 26 69 40
5 27 74 31
5 28 39 62
5 29 82 29
6 7 93 11
6 8 44 51
6 9 72 25
6 10 7 79
6 11 80 17
6 12 8 81
6 13 53 47
6 14 47 59
6 15 85 14
6 16 36 55
6 17 30 65
6 18 49 53
6 19 94 10
6 20 62 47
6 21 42 54
6 22 37 54
6 23 80 23
6 24 87 19
6 25 80 28
6 26 57 49
6 27 39 58
6 28 60 35
6 29 0 92
7 8 22 69
7 9 21 79
7 10 40 57
7 11 19 68
7 12 28 70
7 13 43 51
7 14 2 90
7 15 88 24
7 16 93 10
7 17 63 43
7 18 68 37
7 19 19 82
7 20 93 8
7 21 1 91
7 22 97 14
7 23 26 75
7 24 75 23
7 25 81 28
7 26 74 25
7 27 3 91
7 28 63 40
7 29 16 74
8 9 4 89
8 10 65 36
8 11 80 23
8 12 34 67
8 13 10 81
8 14 65 42
8 15 38 59
8 16 89 17
8 17 19 69
8 18 51 54
8 19 5 83
8 20 23 75
8 21 24 73
8 22 36 64
8 23 4 87
8 24 29 60
8 25 0 94
8 26 11 88
8 27 23 78
8 28 7 86
8 29 81 26
9 10 39 61
9 11 84 19
9 12 11 80
9 13 48 47
9 14 71 29
9 15 60 36
9 16 92 19
9 17 70 31
9 18 57 50
9 19 70 26
9 20 12 81
9 21 51 51
9 22 67 33
9 23 93 12
9 24 42 55
9 25 78 23
9 26 39 62
9 27 15 71
9 28 26 73
9 29 23 65
10 11 13 76
10 12 19 74
10 13 65 37
10 14 88 15
10 15 92 12
10 16 8 80
10 17 36 60
10 18 88 19
10 19 87 18
10 20 41 61
10 21 32 64
10 22 99 6
10 23 28 74
10 24 29 62
10 25 52 53
10 26 66 40
10 27 33 56
10 28 46 55
10 29 76 28
11 12 80 23
11 13 28 70
11 14 33 68
11 15 47 48
11 16 38 62
11 17 99 7
11 18 72 37
11 19 37 61
11 20 33 62
11 21 76 28
11 22 91 10
11 23 4 90
11 24 27 62
11 25 79 18
11 26 26 68
11 27 56 51
11 28 61 37
11 29 50 47
12 13 60 37
12 14 78 21
12 15 93 15
12 16 44 51
12 17 64 44
12 18 53 53
12 19 39 57
12 20 53 50
12 21 47 48
12 22 87 24
12 23 7 90
12 24 54 45
12 25 4 84
12 26 37 60
12 27 83 27
12 28 73 32
12 29 56 44
13 14 71 28
13 15 15 75
13 16 63 31
13 17 50 48
13 18 12 88
13 19 25 65
13 20 79 25
13 21 80 16
13 22 56 41
13 23 86 17
13 24 97 5
13 25 45 50
13 26 92 14
13 27 89 23
13 28 96 8
13 29 91 19
14 15 69 30
14 16 73 37
14 17 66 33
14 18 3 87
14 19 23 66
14 20 79 29
14 21 19 68
14 22 31 58
14 23 23 79
14 24 48 49
14 25 12 84
14 26 51 50
14 27 49 45
14 28 80 31
14 29 0 93
15 16 82 22
15 17 40 52
15 18 38 61
15 19 28 74
15 20 21 76
15 21 43 52
15 22 74 31
15 23 94 18
15 24 60 37
15 25 59 43
15 26 87 11
15 27 90 20
15 28 61 34
15 29 89 17
16 17 69 32
16 18 95 18
16 19 36 65
16 20 65 40
16 21 48 53
16 22 91 14
16 23 15 74
16 24 1 96
16 25 69 32
16 26 49 43
16 27 66 29
16 28 69 32
16 29 69 32
17 18 18 75
17 19 65 42
17 20 92 14
17 21 0 90
17 22 70 31
17 23 43 49
17 24 58 40
17 25 42 60
17 26 18 70
17 27 28 65
17 28 47 56
17 29 69 35
18 19 54 52
18 20 63 34
18 21 83 24
18 22 4 82
18 23 88 22
18 24 25 67
18 25 85 14
18 26 62 33
18 27 95 4
18 28 48 57
18 29 69 37
19 20 51 45
19 21 9 90
19 22 44 48
19 23 26 71
19 24 4 87
19 25 44 51
19 26 18 71
19 27 92 18
19 28 86 17
19 29 66 33
20 21 24 71
20 22 61 44
20 23 46 54
20 24 23 67
20 25 50 53
20 26 69 32
20 27 0 89
20 28 70 28
20 29 28 66
21 22 42 51
21 23 68 30
21 24 68 30
21 25 26 76
21 26 47 47
21 27 18 79
21 28 66 40
21 29 76 20
22 23 10 85
22 24 64 34
22 25 86 21
22 26 46 49
22 27 96 11
22 28 45 51
22 29 39 53
23 24 4 93
23 25 45 56
23 26 5 80
23 27 4 86
23 28 34 69
23 29 82 29
24 25 14 84
24 26 56 51
24 27 69 38
24 28 0 85
24 29 73 29
25 26 38 59
25 27 64 44
25 28 53 41
25 29 74 31
26 27 56 49
26 28 41 53
26 29 98 6
27 28 96 6
27 29 60 42
28 29 39 52
