30
0 1 14 69
0 2 83 44
0 3 4 80
0 4 34 65
0 5 68 65
0 6 76 22
0 7 23 74
0 8 66 45
0 9 44 67
0 10 52 32
0 11 22 70
0 12 30 54
0 13 73 59
0 14 5 85
0 15 37 38
0 16 36 75
0 17 93 46
0 18 38 75
0 19 53 27
0 20 11 54
0 21 78 47
0 22 4 66
0 23 25 62
0 24 10 73
0 25 64 66
0 26 36 70
0 27 11 77
0 28 84 53
0 29 63 61
1 2 44 47
1 3 1 52
1 4 49 28
1 5 72 24
1 6 74 46
1 7 89 18
1 8 85 57
1 9 39 44
1 10 74 44
1 11 56 62
1 12 31 61
1 13 51 40
1 14 38 72
1 15 23 69
1 16 80 57
1 17 14 73
1 18 62 65
1 19 61 61
1 20 4 64
1 21 30 45
1 22 92 36
1 23 2 73
1 24 38 49
1 25 5 67
1 26 29 37
1 27 19 52
1 28 41 77
1 29 31 40
2 3 0 83
2 4 31 46
2 5 90 53
2 6 20 87
2 7 23 69
2 8 49 29
2 9 70 33
2 10 61 64
2 11 10 93
2 12 3 54
2 13 80 19
2 14 15 49
2 15 63 23
2 16 58 23
2 17 49 59
2 18 76 58
2 19 61 26
2 20 86 14
2 21 64 38
2 22 60 67
2 23 35 73
2 24 94 45
2 25 67 24
2 26 47 29
2 27 35 50
2 28 71 34
2 29 59 25
3 4 29 59
3 5 0 83
3 6 15 85
3 7 4 94
3 8 69 45
3 9 40 50
3 10 8 52
3 11 95 46
3 12 23 77
3 13 42 29
3 14 22 70
3 15 25 67
3 16 59 26
3 17 30 74
3 18 19 76
3 19 39 31
3 20 56 23
3 21 27 67
3 22 3 81
3 23 59 21
3 24 57 23
3 25 83 54
3 26 2 49
3 27 75 40
3 28 37 80
3 29 82 28
4 5 78 21
4 6 71 61
4 7 97 15
4 8 29 50
4 9 25 76
4 10 16 66
4 11 2 72
4 12 99 35
4 13 11 45
4 14 9 92
4 15 31 48
4 16 88 25
4 17 75 36
4 18 16 77
4 19 53 37
4 20 9 63
4 21 11 71
4 22 16 84
4 23 57 63
4 24 53 60
4 25 43 51
4 26 84 23
4 27 4 88
4 28 7 77
4 29 50 51
5 6 92 27
5 7 17 64
5 8 26 59
5 9 97 31
5 10 65 30
5 11 14 42
5 12 21 74
5 13 58 60
5 14 23 39
5 15 45 31
5 16 51 69
5 17 56 24
5 18 63 46
5 19 73 13
5 20 95 35
5 21 40 51
5 22 40 74
5 23 82 21
5 24 44 46
5 25 39 42
5 26 23 80
5 27 5 73
5 28 95 44
5 29 11 77
6 7 9 55
6 8 44 77
6 9 59 60
6 10 38 76
6 11 86 39
6 12 10 64
6 13 61 28
6 14 31 44
6 15 37 50
6 16 8 56
6 17 39 32
6 18 97 10
6 19 96 45
6 20 58 28
6 21 42 51
6 22 71 17
6 23 92 50
6 24 55 71
6 25 16 91
6 26 40 51
6 27 0 65
6 28 91 31
6 29 53 39
7 8 27 62
7 9 96 41
7 10 3 67
7 11 89 18
7 12 77 37
7 13 72 13
7 14 71 39
7 15 85 21
7 16 23 42
7 17 31 63
7 18 67 43
7 19 71 27
7 20 29 73
7 21 51 35
7 22 98 23
7 23 2 52
7 24 0 98
7 25 1 71
7 26 44 57
7 27 26 42
7 28 42 69
7 29 53 59
8 9 99 17
8 10 53 49
8 11 7 85
8 12 18 85
8 13 2 93
8 14 99 10
8 15 11 85
8 16 28 59
8 17 4 74
8 18 66 20
8 19 11 91
8 20 41 66
8 21 45 52
8 22 2 58
8 23 83 27
8 24 60 65
8 25 20 42
8 26 85 37
8 27 87 55
8 28 95 21
8 29 78 48
9 10 68 32
9 11 16 72
9 12 19 58
9 13 81 25
9 14 3 84
9 15 86 48
9 16 75 41
9 17 96 44
9 18 93 51
9 19 17 60
9 20 69 64
9 21 1 70
9 22 21 74
9 23 48 39
9 24 85 35
9 25 30 83
9 26 97 9
9 27 12 61
9 28 82 12
9 29 73 42
10 11 97 31
10 12 95 37
10 13 12 49
10 14 51 73
10 15 96 21
10 16 7 63
10 17 4 68
10 18 74 62
10 19 3 91
10 20 88 14
10 21 7 78
10 22 28 83
10 23 67 22
10 24 45 50
10 25 43 46
10 26 63 24
10 27 93 22
10 28 8 50
10 29 6 65
11 12 78 45
11 13 44 66
11 14 71 23
11 15 61 65
11 16 36 70
11 17 44 46
11 18 71 38
11 19 47 72
11 20 69 50
11 21 51 49
11 22 75 25
11 23 15 68
11 24 69 62
11 25 32 48
11 26 16 75
11 27 73 18
11 28 0 95
11 29 3 93
12 13 88 52
12 14 28 35
12 15 28 83
12 16 77 43
12 17 81 25
12 18 69 38
12 19 8 67
12 20 45 68
12 21 22 42
12 22 4 86
12 23 83 9
12 24 70 18
12 25 70 27
12 26 62 35
12 27 90 50
12 28 26 78
12 29 31 41
13 14 43 42
13 15 6 76
13 16 91 5
13 17 45 68
13 18 37 41
13 19 21 43
13 20 70 18
13 21 2 91
13 22 85 26
13 23 52 69
13 24 21 41
13 25 64 48
13 26 83 19
13 27 80 16
13 28 44 68
13 29 3 67
14 15 87 42
14 16 73 24
14 17 43 29
14 18 66 25
14 19 51 29
14 20 43 52
14 21 65 45
14 22 20 82
14 23 94 11
14 24 57 25
14 25 79 17
14 26 23 77
14 27 80 43
14 28 76 52
14 29 43 55
15 16 24 57
15 17 25 67
15 18 39 30
15 19 10 74
15 20 75 48
15 21 58 31
15 22 27 50
15 23 85 49
15 24 19 48
15 25 79 38
15 26 89 31
15 27 13 53
15 28 33 66
15 29 31 60
16 17 50 40
16 18 94 16
16 19 51 68
16 20 93 50
16 21 65 23
16 22 32 60
16 23 47 67
16 24 51 61
16 25 11 52
16 26 46 76
16 27 53 50
16 28 88 48
16 29 32 42
17 18 7 82
17 19 96 37
17 20 73 33
17 21 82 11
17 22 47 68
17 23 94 48
17 24 63 35
17 25 63 50
17 26 70 34
17 27 43 37
17 28 9 70
17 29 53 47
18 19 96 36
18 20 17 71
18 21 5 58
18 22 75 12
18 23 59 67
18 24 90 21
18 25 19 82
18 26 39 46
18 27 3 74
18 28 3 54
18 29 6 67
19 20 43 64
19 21 63 48
19 22 16 88
19 23 14 62
19 24 3 76
19 25 37 36
19 26 4 94
19 27 37 57
19 28 43 33
19 29 20 53
20 21 39 47
20 22 84 26
20 23 2 96
20 24 90 34
20 25 9 78
20 26 24 80
20 27 4 60
20 28 93 35
20 29 0 77
21 22 78 60
21 23 25 70
21 24 57 53
21 25 81 24
21 26 71 56
21 27 88 55
21 28 22 80
21 29 93 18
22 23 41 67
22 24 67 42
22 25 77 56
22 26 77 59
22 27 9 93
22 28 37 32
22 29 78 14
23 24 46 30
23 25 44 55
23 26 11 79
23 27 51 33
23 28 2 51
23 29 8 93
24 25 88 26
24 26 82 33
24 27 74 20
24 28 67 39
24 29 52 40
25 26 38 35
25 27 49 44
25 28 89 32
25 29 53 63
26 27 40 32
26 28 29 35
26 29 46 55
27 28 47 67
27 29 16 42
28 29 22 83
