35
0 1 44 34
0 2 67 39
0 3 37 80
0 4 85 51
0 5 49 27
0 6 27 67
0 7 4 64
0 8 31 74
0 9 69 54
0 10 37 79
0 11 12 93
0 12 82 17
0 13 90 21
0 14 89 33
0 15 65 65
0 16 54 50
0 17 78 22
0 18 10 83
0 19 70 19
0 20 30 76
0 21 23 87
0 22 22 39
0 23 85 24
0 24 17 53
0 25 28 66
0 26 20 58
0 27 32 51
0 28 86 47
0 29 39 72
0 30 18 68
0 31 84 48
0 32 81 34
0 33 77 43
0 34 9 81
1 2 63 36
1 3 88 47
1 4 12 89
1 5 39 57
1 6 2 72
1 7 71 31
1 8 81 55
1 9 46 65
1 10 48 54
1 11 78 12
1 12 25 86
1 13 54 53
1 14 21 44
1 15 3 79
1 16 10 71
1 17 15 64
1 18 47 27
1 19 31 75
1 20 88 28
1 21 4 56
1 22 96 47
1 23 93 51
1 24 15 64
1 25 95 9
1 26 19 73
1 27 26 44
1 28 35 36
1 29 31 70
1 30 95 13
1 31 5 83
1 32 71 53
1 33 56 54
1 34 48 55
2 3 59 41
2 4 30 64
2 5 63 53
2 6 30 62
2 7 12 66
2 8 55 47
2 9 10 46
2 10 54 26
2 11 13 85
2 12 42 70
2 13 62 59
2 14 77 56
2 15 97 31
2 16 38 55
2 17 49 52
2 18 60 40
2 19 60 38
2 20 54 50
2 21 38 43
2 22 6 80
2 23 74 58
2 24 38 40
2 25 17 65
2 26 39 36
2 27 39 69
2 28 49 25
2 29 64 54
2 30 91 16
2 31 0 92
2 32 48 43
2 33 84 45
2 34 67 53
3 4 28 48
3 5 30 38
3 6 4 89
3 7 61 47
3 8 59 40
3 9 6 91
3 10 58 65
3 11 27 40
3 12 56 30
3 13 7 51
3 14 57 49
3 15 5 94
3 16 88 31
3 17 57 29
3 18 72 15
3 19 92 25
3 20 74 29
3 21 54 47
3 22 38 42
3 23 1 55
3 24 82 27
3 25 96 28
3 26 85 55
3 27 88 21
3 28 53 36
3 29 47 65
3 30 60 52
3 31 93 35
3 32 94 6
3 33 48 38
3 34 24 44
4 5 50 74
4 6 56 50
4 7 48 72
4 8 87 39
4 9 32 40
4 10 91 8
4 11 21 76
4 12 51 35
4 13 37 72
4 14 87 18
4 15 58 35
4 16 56 49
4 17 70 57
4 18 57 67
4 19 90 18
4 20 61 61
4 21 45 73
4 22 95 2
4 23 52 34
4 24 16 56
4 25 69 21
4 26 9 53
4 27 21 66
4 28 92 20
4 29 77 59
4 30 24 73
4 31 94 23
4 32 80 45
4 33 76 37
4 34 33 45
5 6 74 52
5 7 50 43
5 8 17 80
5 9 24 50
5 10 58 38
5 11 51 67
5 12 96 42
5 13 13 56
5 14 55 68
5 15 59 35
5 16 12 53
5 17 72 15
5 18 96 15
5 19 54 24
5 20 3 77
5 21 34 41
5 22 9 72
5 23 72 46
5 24 19 57
5 25 4 56
5 26 41 35
5 27 1 82
5 28 93 25
5 29 39 57
5 30 32 41
5 31 48 70
5 32 14 89
5 33 22 65
5 34 54 26
6 7 87 36
6 8 53 31
6 9 27 83
6 10 60 46
6 11 69 60
6 12 79 49
6 13 47 34
6 14 26 39
6 15 12 88
6 16 19 42
6 17 2 71
6 18 21 47
6 19 89 36
6 20 78 55
6 21 85 14
6 22 64 66
6 23 19 82
6 24 85 17
6 25 72 21
6 26 51 40
6 27 42 76
6 28 50 73
6 29 16 74
6 30 41 48
6 31 19 87
6 32 89 22
6 33 86 26
6 34 56 36
7 8 15 84
7 9 86 37
7 10 23 81
7 11 14 55
7 12 11 72
7 13 42 40
7 14 67 61
7 15 56 28
7 16 88 51
7 17 11 89
7 18 51 61
7 19 22 81
7 20 44 61
7 21 18 78
7 22 67 21
7 23 79 22
7 24 33 69
7 25 14 61
7 26 87 54
7 27 71 43
7 28 52 63
7 29 2 53
7 30 73 29
7 31 8 95
7 32 57 27
7 33 37 79
7 34 90 10
8 9 33 52
8 10 58 32
8 11 50 73
8 12 67 18
8 13 23 61
8 14 6 54
8 15 40 42
8 16 38 80
8 17 11 75
8 18 3 94
8 19 82 19
8 20 3 79
8 21 55 61
8 22 51 38
8 23 41 46
8 24 48 74
8 25 17 82
8 26 67 18
8 27 63 57
8 28 87 35
8 29 71 40
8 30 31 46
8 31 53 34
8 32 10 64
8 33 53 51
8 34 85 29
9 10 78 23
9 11 42 59
9 12 35 54
9 13 93 27
9 14 7 51
9 15 12 82
9 16 66 63
9 17 19 82
9 18 40 30
9 19 52 31
9 20 62 28
9 21 10 74
9 22 34 46
9 23 46 38
9 24 50 58
9 25 27 72
9 26 82 30
9 27 69 62
9 28 40 59
9 29 36 65
9 30 6 64
9 31 68 57
9 32 88 21
9 33 32 59
9 34 84 51
10 11 18 50
10 12 64 39
10 13 76 58
10 14 65 17
10 15 83 16
10 16 17 42
10 17 45 44
10 18 10 71
10 19 47 45
10 20 49 26
10 21 25 39
10 22 86 50
10 23 0 80
10 24 86 34
10 25 85 41
10 26 50 31
10 27 43 71
10 28 75 52
10 29 80 56
10 30 4 49
10 31 99 20
10 32 93 30
10 33 67 60
10 34 90 31
11 12 4 78
11 13 43 67
11 14 15 57
11 15 88 23
11 16 51 33
11 17 35 43
11 18 26 45
11 19 43 37
11 20 50 33
11 21 24 49
11 22 31 65
11 23 55 59
11 24 13 72
11 25 51 63
11 26 78 55
11 27 44 54
11 28 97 17
11 29 62 57
11 30 26 72
11 31 91 23
11 32 42 55
11 33 66 33
11 34 13 86
12 13 28 59
12 14 86 53
12 15 66 41
12 16 74 26
12 17 9 78
12 18 66 59
12 19 10 61
12 20 33 51
12 21 38 36
12 22 70 29
12 23 43 66
12 24 47 39
12 25 32 38
12 26 34 53
12 27 80 30
12 28 14 58
12 29 85 45
12 30 19 62
12 31 46 60
12 32 23 44
12 33 63 32
12 34 17 42
13 14 63 40
13 15 47 49
13 16 65 44
13 17 80 15
13 18 19 79
13 19 73 20
13 20 84 38
13 21 20 75
13 22 94 30
13 23 35 51
13 24 28 77
13 25 40 43
13 26 46 50
13 27 54 67
13 28 33 48
13 29 91 25
13 30 62 33
13 31 84 55
13 32 29 61
13 33 39 64
13 34 61 51
14 15 28 42
14 16 74 57
14 17 80 50
14 18 60 62
14 19 99 12
14 20 17 70
14 21 60 44
14 22 52 28
14 23 57 21
14 24 93 38
14 25 23 57
14 26 94 13
14 27 72 48
14 28 38 41
14 29 9 87
14 30 60 34
14 31 76 12
14 32 78 56
14 33 59 42
14 34 56 22
15 16 96 23
15 17 21 65
15 18 76 55
15 19 17 68
15 20 77 25
15 21 46 75
15 22 87 29
15 23 84 15
15 24 68 63
15 25 77 37
15 26 75 25
15 27 89 50
15 28 94 49
15 29 72 31
15 30 83 12
15 31 27 36
15 32 21 86
15 33 27 75
15 34 98 3
16 17 90 48
16 18 97 12
16 19 43 67
16 20 22 73
16 21 8 80
16 22 37 59
16 23 21 73
16 24 19 54
16 25 8 61
16 26 67 66
16 27 55 37
16 28 28 47
16 29 83 18
16 30 43 39
16 31 82 26
16 32 20 44
16 33 34 42
16 34 70 56
17 18 14 43
17 19 52 55
17 20 52 37
17 21 91 13
17 22 45 46
17 23 3 71
17 24 59 69
17 25 86 38
17 26 67 60
17 27 30 48
17 28 95 20
17 29 92 46
17 30 18 47
17 31 64 43
17 32 26 57
17 33 49 32
17 34 55 50
18 19 52 30
18 20 79 52
18 21 57 54
18 22 5 68
18 23 31 47
18 24 3 81
18 25 75 35
18 26 78 28
18 27 94 40
18 28 67 50
18 29 80 36
18 30 53 36
18 31 21 68
18 32 55 26
18 33 69 50
18 34 15 71
19 20 46 65
19 21 54 41
19 22 82 44
19 23 35 53
19 24 73 48
19 25 82 45
19 26 30 62
19 27 47 31
19 28 29 79
19 29 69 60
19 30 86 46
19 31 44 57
19 32 69 22
19 33 12 91
19 34 28 83
20 21 69 29
20 22 15 62
20 23 24 76
20 24 1 87
20 25 79 53
20 26 59 36
20 27 18 78
20 28 35 70
20 29 5 49
20 30 94 27
20 31 85 9
20 32 30 56
20 33 51 70
20 34 4 51
21 22 59 58
21 23 30 56
21 24 66 44
21 25 20 84
21 26 74 22
21 27 64 60
21 28 64 29
21 29 57 58
21 30 72 22
21 31 57 24
21 32 42 32
21 33 96 38
21 34 7 77
22 23 17 56
22 24 97 11
22 25 59 27
22 26 33 40
22 27 85 56
22 28 33 38
22 29 0 91
22 30 87 28
22 31 75 15
22 32 21 71
22 33 46 74
22 34 85 25
23 24 42 45
23 25 13 92
23 26 84 27
23 27 83 29
23 28 63 60
23 29 29 43
23 30 40 68
23 31 28 74
23 32 57 27
23 33 50 28
23 34 79 19
24 25 11 86
24 26 8 55
24 27 29 82
24 28 46 47
24 29 16 74
24 30 80 39
24 31 37 64
24 32 93 51
24 33 65 33
24 34 52 53
25 26 13 73
25 27 82 35
25 28 43 34
25 29 31 57
25 30 46 34
25 31 77 53
25 32 98 0
25 33 31 80
25 34 23 56
26 27 58 56
26 28 80 53
26 29 2 76
26 30 7 51
26 31 81 10
26 32 86 37
26 33 53 57
26 34 22 42
27 28 21 71
27 29 7 79
27 30 33 34
27 31 76 19
27 32 49 56
27 33 60 38
27 34 40 40
28 29 34 48
28 30 59 68
28 31 95 38
28 32 80 43
28 33 7 60
28 34 42 57
29 30 37 40
29 31 7 67
29 32 33 39
29 33 59 49
29 34 17 55
30 31 53 42
30 32 45 59
30 33 92 15
30 34 26 83
31 32 70 53
31 33 83 9
31 34 46 29
32 33 60 54
32 34 34 66
33 34 49 34
