35
0 1 16 75
0 2 81 22
0 3 10 79
0 4 3 85
0 5 80 26
0 6 70 30
0 7 44 47
0 8 94 9
0 9 17 73
0 10 78 25
0 11 37 56
0 12 69 29
0 13 71 29
0 14 31 69
0 15 91 18
0 16 29 66
0 17 57 41
0 18 55 43
0 19 91 7
0 20 44 55
0 21 52 50
0 22 98 11
0 23 47 56
0 24 73 35
0 25 33 70
0 26 83 18
0 27 92 18
0 28 25 76
0 29 51 48
0 30 51 49
0 31 58 38
0 32 90 10
0 33 28 71
0 34 83 16
1 2 58 36
1 3 35 63
1 4 82 21
1 5 46 57
1 6 21 74
1 7 23 65
1 8 31 63
1 9 84 25
1 10 49 46
1 11 0 91
1 12 68 41
1 13 45 59
1 14 60 44
1 15 71 34
1 16 32 58
1 17 36 67
1 18 25 72
1 19 53 41
1 20 19 72
1 21 69 33
1 22 77 27
1 23 77 31
1 24 51 48
1 25 92 19
1 26 26 64
1 27 3 89
1 28 76 32
1 29 3 89
1 30 74 36
1 31 18 83
1 32 19 79
1 33 35 58
1 34 3 91
2 3 3 93
2 4 84 22
2 5 66 33
2 6 72 25
2 7 35 58
2 8 38 63
2 9 32 62
2 10 17 71
2 11 62 38
2 12 13 88
2 13 30 71
2 14 85 24
2 15 11 87
2 16 44 58
2 17 9 87
2 18 60 34
2 19 16 73
2 20 46 48
2 21 28 60
2 22 40 55
2 23 33 69
2 24 0 98
2 25 68 40
2 26 39 62
2 27 90 12
2 28 25 76
2 29 18 73
2 30 87 15
2 31 52 53
2 32 49 47
2 33 81 25
2 34 52 48
3 4 46 60
3 5 30 64
3 6 75 33
3 7 18 82
3 8 96 2
3 9 43 50
3 10 75 32
3 11 55 38
3 12 96 6
3 13 28 70
3 14 38 54
3 15 38 63
3 16 71 32
3 17 47 52
3 18 26 68
3 19 24 72
3 20 88 22
3 21 46 47
3 22 40 61
3 23 3 83
3 24 36 56
3 25 7 80
3 26 55 39
3 27 71 37
3 28 80 30
3 29 99 6
3 30 16 75
3 31 84 22
3 32 52 40
3 33 2 82
3 34 88 20
4 5 56 46
4 6 36 66
4 7 4 93
4 8 78 32
4 9 55 48
4 10 79 30
4 11 24 66
4 12 47 59
4 13 42 57
4 14 39 52
4 15 78 30
4 16 95 5
4 17 63 44
4 18 30 62
4 19 21 70
4 20 62 42
4 21 41 58
4 22 5 91
4 23 93 6
4 24 11 82
4 25 93 6
4 26 47 51
4 27 30 68
4 28 12 83
4 29 75 22
4 30 16 79
4 31 54 51
4 32 71 26
4 33 20 77
4 34 5 86
5 6 13 74
5 7 1 94
5 8 5 92
5 9 30 64
5 10 54 46
5 11 33 60
5 12 46 50
5 13 19 74
5 14 98 16
5 15 26 77
5 16 42 61
5 17 26 70
5 18 72 25
5 19 45 50
5 20 74 29
5 21 81 17
5 22 30 59
5 23 60 34
5 24 79 17
5 25 79 23
5 26 71 35
5 27 49 44
5 28 60 39
5 29 34 55
5 30 85 21
5 31 86 24
5 32 57 37
5 33 49 49
5 34 35 60
6 7 35 56
6 8 54 51
6 9 5 81
6 10 90 21
6 11 16 80
6 12 11 84
6 13 32 63
6 14 10 86
6 15 94 10
6 16 3 96
6 17 34 61
6 18 14 83
6 19 86 18
6 20 77 28
6 21 58 49
6 22 75 30
6 23 2 86
6 24 22 70
6 25 63 32
6 26 88 14
6 27 75 32
6 28 3 89
6 29 45 59
6 30 48 48
6 31 73 30
6 32 55 51
6 33 79 24
6 34 32 62
7 8 70 28
7 9 44 48
7 10 89 13
7 11 39 58
7 12 49 44
7 13 25 71
7 14 56 43
7 15 60 46
7 16 48 54
7 17 53 50
7 18 84 21
7 19 37 56
7 20 14 73
7 21 52 48
7 22 63 32
7 23 35 62
7 24 44 47
7 25 50 53
7 26 27 75
7 27 78 29
7 28 25 76
7 29 32 60
7 30 88 15
7 31 67 32
7 32 74 22
7 33 54 51
7 34 56 45
8 9 52 46
8 10 0 87
8 11 79 29
8 12 21 77
8 13 98 14
8 14 54 47
8 15 78 18
8 16 9 80
8 17 98 6
8 18 69 28
8 19 79 21
8 20 88 11
8 21 47 47
8 22 8 90
8 23 55 44
8 24 24 67
8 25 32 60
8 26 30 64
8 27 82 27
8 28 21 77
8 29 94 18
8 30 51 51
8 31 18 73
8 32 73 37
8 33 41 54
8 34 56 42
9 10 6 80
9 11 57 49
9 12 85 15
9 13 44 54
9 14 91 16
9 15 79 21
9 16 8 84
9 17 56 50
9 18 46 53
9 19 76 23
9 20 99 4
9 21 94 7
9 22 70 37
9 23 25 76
9 24 30 59
9 25 61 44
9 26 9 87
9 27 22 73
9 28 6 86
9 29 19 71
9 30 83 22
9 31 32 67
9 32 97 6
9 33 60 34
9 34 41 54
10 11 38 64
10 12 0 98
10 13 46 58
10 14 49 50
10 15 51 48
10 16 9 83
10 17 28 66
10 18 67 41
10 19 11 89
10 20 4 89
10 21 38 60
10 22 93 12
10 23 77 28
10 24 47 47
10 25 49 50
10 26 59 39
10 27 76 34
10 28 95 15
10 29 85 25
10 30 73 33
10 31 88 13
10 32 93 9
10 33 97 17
10 34 22 66
11 12 75 31
11 13 76 27
11 14 8 78
11 15 3 92
11 16 60 39
11 17 39 65
11 18 81 30
11 19 25 77
11 20 72 37
11 21 67 34
11 22 61 33
11 23 4 90
11 24 6 83
11 25 96 6
11 26 42 59
11 27 55 46
11 28 40 64
11 29 35 60
11 30 33 57
11 31 13 84
11 32 23 72
11 33 12 83
11 34 40 62
12 13 83 14
12 14 38 53
12 15 88 14
12 16 9 80
12 17 89 22
12 18 21 74
12 19 2 83
12 20 55 47
12 21 56 38
12 22 80 21
12 23 36 54
12 24 29 60
12 25 18 73
12 26 44 57
12 27 88 22
12 28 77 24
12 29 82 21
12 30 72 30
12 31 7 86
12 32 92 18
12 33 34 63
12 34 29 72
13 14 21 71
13 15 65 35
13 16 2 95
13 17 67 39
13 18 94 15
13 19 95 17
13 20 96 3
13 21 8 90
13 22 73 23
13 23 73 27
13 24 48 58
13 25 86 18
13 26 97 16
13 27 71 26
13 28 29 69
13 29 74 33
13 30 63 31
13 31 51 47
13 32 18 69
13 33 2 83
13 34 31 65
14 15 24 77
14 16 26 65
14 17 23 73
14 18 95 16
14 19 24 72
14 20 82 18
14 21 78 18
14 22 3 90
14 23 94 11
14 24 78 21
14 25 78 31
14 26 60 40
14 27 27 68
14 28 46 55
14 29 12 78
14 30 20 75
14 31 67 36
14 32 61 36
14 33 76 34
14 34 85 24
15 16 37 56
15 17 18 82
15 18 27 70
15 19 34 58
15 20 69 35
15 21 5 82
15 22 8 92
15 23 27 71
15 24 81 27
15 25 73 26
15 26 34 65
15 27 90 20
15 28 67 38
15 29 88 21
15 30 49 56
15 31 75 31
15 32 47 56
15 33 45 51
15 34 72 24
16 17 22 71
16 18 75 28
16 19 7 93
16 20 81 21
16 21 24 65
16 22 83 21
16 23 71 35
16 24 7 79
16 25 61 36
16 26 92 6
16 27 78 23
16 28 4 82
16 29 7 84
16 30 5 90
16 31 27 72
16 32 8 85
16 33 15 81
16 34 55 45
17 18 37 58
17 19 87 16
17 20 86 22
17 21 9 87
17 22 89 13
17 23 17 75
17 24 61 42
17 25 10 85
17 26 13 74
17 27 46 49
17 28 55 38
17 29 88 17
17 30 15 79
17 31 60 39
17 32 99 5
17 33 38 56
17 34 59 49
18 19 88 21
18 20 8 83
18 21 89 20
18 22 40 59
18 23 23 78
18 24 29 68
18 25 38 64
18 26 55 38
18 27 86 22
18 28 38 64
18 29 38 52
18 30 94 14
18 31 23 71
18 32 78 20
18 33 99 0
18 34 72 27
19 20 84 16
19 21 44 50
19 22 42 56
19 23 94 11
19 24 64 37
19 25 60 41
19 26 97 2
19 27 22 75
19 28 89 10
19 29 88 22
19 30 33 57
19 31 86 14
19 32 45 51
19 33 49 53
19 34 58 49
20 21 59 42
20 22 62 44
20 23 56 45
20 24 82 26
20 25 62 34
20 26 27 64
20 27 16 78
20 28 82 28
20 29 15 74
20 30 51 48
20 31 29 66
20 32 45 53
20 33 21 71
20 34 37 57
21 22 91 17
21 23 57 38
21 24 18 83
21 25 20 79
21 26 5 93
21 27 67 38
21 28 71 38
21 29 76 32
21 30 82 20
21 31 10 79
21 32 50 45
21 33 91 9
21 34 65 38
22 23 59 38
22 24 18 83
22 25 92 8
22 26 39 66
22 27 18 81
22 28 93 9
22 29 19 70
22 30 79 31
22 31 35 57
22 32 16 82
22 33 37 55
22 34 82 16
23 24 66 31
23 25 39 60
23 26 32 68
23 27 91 9
23 28 37 67
23 29 7 80
23 30 93 15
23 31 52 42
23 32 1 95
23 33 63 33
23 34 42 61
24 25 6 85
24 26 27 75
24 27 80 26
24 28 49 50
24 29 43 51
24 30 14 76
24 31 53 50
24 32 24 77
24 33 87 18
24 34 60 48
25 26 36 59
25 27 52 40
25 28 28 71
25 29 57 46
25 30 59 39
25 31 12 84
25 32 52 53
25 33 96 8
25 34 81 25
26 27 91 21
26 28 90 11
26 29 20 77
26 30 12 81
26 31 58 41
26 32 96 16
26 33 33 59
26 34 64 43
27 28 41 60
27 29 64 31
27 30 99 1
27 31 86 17
27 32 34 64
27 33 68 36
27 34 70 31
28 29 90 19
28 30 70 40
28 31 25 70
28 32 10 76
28 33 48 57
28 34 28 71
29 30 11 81
29 31 33 71
29 32 46 46
29 33 80 21
29 34 91 21
30 31 40 52
30 32 39 60
30 33 40 57
30 34 38 54
31 32 17 78
31 33 66 31
31 34 77 24
32 33 71 26
32 34 59 47
33 34 0 98
