38
0 1 32 66
0 2 74 26
0 3 77 23
0 4 54 41
0 5 22 76
0 6 96 7
0 7 61 43
0 8 77 27
0 9 6 93
0 10 96 13
0 11 58 48
0 12 72 23
0 13 7 86
0 14 51 41
0 15 8 86
0 16 42 58
0 17 79 29
0 18 21 79
0 19 31 59
0 20 11 75
0 21 59 38
0 22 44 60
0 23 41 51
0 24 44 52
0 25 37 53
0 26 52 43
0 27 85 19
0 28 42 57
0 29 14 78
0 30 98 11
0 31 98 7
0 32 45 48
0 33 13 79
0 34 80 21
0 35 1 94
0 36 97 2
0 37 66 37
1 2 69 27
1 3 83 26
1 4 15 84
1 5 62 41
1 6 82 24
1 7 48 57
1 8 67 39
1 9 91 7
1 10 28 73
1 11 21 76
1 12 49 47
1 13 32 59
1 14 3 83
1 15 72 30
1 16 0 96
1 17 31 69
1 18 7 86
1 19 72 26
1 20 63 39
1 21 34 59
1 22 70 29
1 23 13 82
1 24 77 25
1 25 62 34
1 26 65 36
1 27 33 71
1 28 78 22
1 29 82 15
1 30 47 57
1 31 70 28
1 32 17 78
1 33 58 36
1 34 76 22
1 35 88 18
1 36 55 39
1 37 60 45
2 3 52 52
2 4 97 11
2 5 88 13
2 6 53 46
2 7 14 76
2 8 20 81
2 9 5 89
2 10 70 33
2 11 89 20
2 12 63 42
2 13 23 73
2 14 77 22
2 15 96 6
2 16 45 55
2 17 58 42
2 18 5 91
2 19 99 3
2 20 18 71
2 21 25 72
2 22 85 15
2 23 31 63
2 24 42 63
2 25 1 87
2 26 55 50
2 27 74 28
2 28 77 23
2 29 20 74
2 30 80 25
2 31 48 55
2 32 77 28
2 33 28 66
2 34 55 44
2 35 54 51
2 36 14 87
2 37 87 23
3 4 89 11
3 5 40 54
3 6 46 57
3 7 76 21
3 8 20 67
3 9 42 59
3 10 65 38
3 11 67 36
3 12 45 49
3 13 44 49
3 14 22 67
3 15 85 26
3 16 32 71
3 17 82 24
3 18 61 35
3 19 54 46
3 20 92 12
3 21 19 81
3 22 34 58
3 23 94 13
3 24 73 35
3 25 48 56
3 26 40 57
3 27 29 65
3 28 64 33
3 29 21 70
3 30 30 59
3 31 47 59
3 32 25 75
3 33 80 19
3 34 99 14
3 35 71 24
3 36 37 63
3 37 44 50
4 5 66 31
4 6 26 62
4 7 66 33
4 8 52 54
4 9 51 53
4 10 9 80
4 11 70 31
4 12 57 42
4 13 53 42
4 14 93 15
4 15 58 48
4 16 11 85
4 17 4 90
4 18 32 59
4 19 14 77
4 20 84 26
4 21 37 58
4 22 46 49
4 23 61 47
4 24 21 67
4 25 56 48
4 26 32 68
4 27 69 32
4 28 99 9
4 29 69 26
4 30 5 83
4 31 86 19
4 32 12 81
4 33 55 49
4 34 52 48
4 35 47 51
4 36 8 87
4 37 60 44
5 6 72 31
5 7 95 16
5 8 81 20
5 9 40 56
5 10 42 61
5 11 44 49
5 12 1 97
5 13 5 82
5 14 17 83
5 15 46 57
5 16 98 11
5 17 5 81
5 18 82 25
5 19 13 74
5 20 36 58
5 21 98 5
5 22 60 40
5 23 44 53
5 24 7 88
5 25 81 24
5 26 36 56
5 27 71 32
5 28 57 46
5 29 98 8
5 30 80 22
5 31 18 82
5 32 65 34
5 33 74 22
5 34 92 19
5 35 27 76
5 36 41 55
5 37 6 83
6 7 17 72
6 8 57 50
6 9 65 41
6 10 84 19
6 11 58 40
6 12 89 17
6 13 82 16
6 14 56 42
6 15 56 42
6 16 80 30
6 17 35 61
6 18 2 92
6 19 96 8
6 20 52 51
6 21 69 35
6 22 8 91
6 23 13 78
6 24 92 12
6 25 26 72
6 26 52 52
6 27 41 57
6 28 50 49
6 29 78 30
6 30 7 87
6 31 53 45
6 32 83 20
6 33 70 25
6 34 7 88
6 35 21 75
6 36 54 52
6 37 13 81
7 8 13 81
7 9 14 81
7 10 79 30
7 11 92 13
7 12 13 83
7 13 30 59
7 14 26 71
7 15 57 50
7 16 80 22
7 17 74 23
7 18 75 35
7 19 86 25
7 20 2 96
7 21 77 29
7 22 79 19
7 23 17 72
7 24 4 81
7 25 34 60
7 26 34 62
7 27 54 47
7 28 37 58
7 29 32 60
7 30 19 81
7 31 5 93
7 32 43 48
7 33 16 75
7 34 95 10
7 35 86 15
7 36 11 78
7 37 26 66
8 9 43 55
8 10 76 23
8 11 40 50
8 12 14 78
8 13 90 18
8 14 82 26
8 15 21 80
8 16 33 60
8 17 78 29
8 18 33 70
8 19 75 21
8 20 78 25
8 21 27 72
8 22 26 62
8 23 52 41
8 24 84 14
8 25 39 64
8 26 23 67
8 27 69 28
8 28 12 89
8 29 7 81
8 30 90 14
8 31 95 4
8 32 40 65
8 33 30 59
8 34 10 79
8 35 95 7
8 36 80 17
8 37 52 54
9 10 23 74
9 11 19 72
9 12 84 17
9 13 94 7
9 14 89 16
9 15 85 20
9 16 72 23
9 17 31 67
9 18 85 25
9 19 67 42
9 20 55 43
9 21 83 16
9 22 28 75
9 23 66 36
9 24 26 64
9 25 35 68
9 26 44 48
9 27 40 63
9 28 62 34
9 29 33 56
9 30 22 77
9 31 42 58
9 32 0 84
9 33 87 13
9 34 99 0
9 35 76 25
9 36 48 54
9 37 26 64
10 11 6 79
10 12 67 28
10 13 63 41
10 14 16 82
10 15 48 49
10 16 43 58
10 17 94 5
10 18 93 7
10 19 24 72
10 20 60 35
10 21 33 64
10 22 28 62
10 23 13 76
10 24 43 63
10 25 1 88
10 26 17 73
10 27 56 49
10 28 46 57
10 29 22 74
10 30 27 63
10 31 3 93
10 32 12 82
10 33 88 16
10 34 52 45
10 35 49 51
10 36 77 28
10 37 26 72
11 12 95 14
11 13 60 35
11 14 69 38
11 15 48 57
11 16 5 90
11 17 7 78
11 18 17 77
11 19 51 47
11 20 58 39
11 21 82 19
11 22 18 81
11 23 58 41
11 24 28 75
11 25 87 12
11 26 69 39
11 27 3 94
11 28 2 97
11 29 9 90
11 30 27 72
11 31 72 34
11 32 1 93
11 33 61 45
11 34 75 21
11 35 70 28
11 36 48 52
11 37 23 71
12 13 83 21
12 14 80 27
12 15 62 35
12 16 10 87
12 17 48 47
12 18 73 29
12 19 45 53
12 20 34 69
12 21 88 20
12 22 13 73
12 23 18 73
12 24 18 78
12 25 65 35
12 26 18 82
12 27 59 45
12 28 7 91
12 29 20 69
12 30 28 64
12 31 17 83
12 32 56 42
12 33 50 53
12 34 0 87
12 35 17 75
12 36 27 70
12 37 3 93
13 14 46 57
13 15 18 78
13 16 94 19
13 17 45 48
13 18 20 79
13 19 43 60
13 20 97 16
13 21 62 45
13 22 2 83
13 23 25 74
13 24 82 19
13 25 44 52
13 26 57 39
13 27 55 44
13 28 28 60
13 29 89 12
13 30 57 50
13 31 49 54
13 32 32 60
13 33 24 67
13 34 85 27
13 35 21 69
13 36 54 47
13 37 12 82
14 15 13 78
14 16 12 82
14 17 59 36
14 18 56 51
14 19 19 77
14 20 75 33
14 21 29 68
14 22 25 77
14 23 83 23
14 24 97 10
14 25 13 77
14 26 51 52
14 27 54 47
14 28 21 71
14 29 13 74
14 30 32 69
14 31 6 84
14 32 15 78
14 33 4 84
14 34 30 66
14 35 49 55
14 36 90 19
14 37 42 49
15 16 64 31
15 17 5 94
15 18 98 14
15 19 69 26
15 20 1 88
15 21 18 72
15 22 73 23
15 23 80 22
15 24 51 50
15 25 98 12
15 26 82 23
15 27 59 42
15 28 48 52
15 29 24 69
15 30 17 82
15 31 53 47
15 32 15 74
15 33 1 84
15 34 25 78
15 35 39 63
15 36 96 5
15 37 19 68
16 17 21 74
16 18 35 69
16 19 66 42
16 20 31 65
16 21 35 56
16 22 7 90
16 23 97 14
16 24 96 16
16 25 47 57
16 26 14 77
16 27 3 87
16 28 12 86
16 29 12 82
16 30 4 88
16 31 6 85
16 32 92 10
16 33 42 62
16 34 8 80
16 35 87 21
16 36 63 41
16 37 95 16
17 18 31 67
17 19 95 8
17 20 6 93
17 21 17 71
17 22 44 49
17 23 87 12
17 24 73 25
17 25 40 65
17 26 85 15
17 27 29 67
17 28 92 8
17 29 11 78
17 30 51 51
17 31 46 51
17 32 29 68
17 33 7 88
17 34 79 19
17 35 41 64
17 36 40 51
17 37 91 19
18 19 96 5
18 20 69 39
18 21 21 66
18 22 59 44
18 23 87 18
18 24 98 3
18 25 36 61
18 26 9 90
18 27 4 85
18 28 84 22
18 29 46 54
18 30 20 76
18 31 1 86
18 32 97 5
18 33 24 65
18 34 27 68
18 35 93 14
18 36 95 5
18 37 75 34
19 20 16 74
19 21 50 46
19 22 68 27
19 23 83 25
19 24 47 59
19 25 5 88
19 26 86 16
19 27 99 1
19 28 23 68
19 29 1 92
19 30 72 35
19 31 29 62
19 32 66 41
19 33 54 45
19 34 14 78
19 35 6 92
19 36 16 76
19 37 43 62
20 21 25 75
20 22 70 39
20 23 82 18
20 24 47 48
20 25 11 83
20 26 95 16
20 27 99 13
20 28 21 68
20 29 86 13
20 30 21 78
20 31 19 81
20 32 76 34
20 33 68 28
20 34 10 83
20 35 54 53
20 36 68 32
20 37 36 68
21 22 5 84
21 23 80 26
21 24 48 55
21 25 8 77
21 26 84 21
21 27 77 27
21 28 61 35
21 29 65 35
21 30 55 39
21 31 87 20
21 32 75 28
21 33 25 65
21 34 54 42
21 35 4 92
21 36 2 87
21 37 17 83
22 23 32 68
22 24 94 8
22 25 16 81
22 26 92 10
22 27 22 78
22 28 28 62
22 29 97 7
22 30 49 56
22 31 4 86
22 32 39 55
22 33 20 72
22 34 60 47
22 35 12 88
22 36 44 60
22 37 94 15
23 24 66 39
23 25 40 64
23 26 66 38
23 27 52 40
23 28 82 27
23 29 33 68
23 30 69 38
23 31 55 39
23 32 45 60
23 33 27 67
23 34 77 21
23 35 19 73
23 36 8 88
23 37 48 55
24 25 42 63
24 26 7 80
24 27 76 34
24 28 43 58
24 29 24 73
24 30 11 81
24 31 28 64
24 32 2 86
24 33 33 63
24 34 69 34
24 35 15 79
24 36 10 85
24 37 76 29
25 26 72 36
25 27 10 88
25 28 37 54
25 29 46 46
25 30 3 88
25 31 50 52
25 32 54 47
25 33 66 38
25 34 69 37
25 35 96 5
25 36 19 76
25 37 90 9
26 27 57 47
26 28 46 57
26 29 35 67
26 30 44 56
26 31 80 21
26 32 91 9
26 33 20 75
26 34 75 25
26 35 33 66
26 36 36 63
26 37 10 88
27 28 66 31
27 29 33 66
27 30 13 75
27 31 40 52
27 32 83 19
27 33 57 48
27 34 73 24
27 35 7 83
27 36 33 69
27 37 59 45
28 29 25 63
28 30 76 22
28 31 15 72
28 32 92 6
28 33 63 32
28 34 93 20
28 35 51 42
28 36 35 61
28 37 63 43
29 30 27 66
29 31 84 26
29 32 80 21
29 33 52 46
29 34 44 58
29 35 36 65
29 36 20 73
29 37 17 73
30 31 3 82
30 32 11 88
30 33 76 28
30 34 11 88
30 35 81 24
30 36 21 79
30 37 43 54
31 32 89 18
31 33 41 59
31 34 56 50
31 35 8 79
31 36 4 86
31 37 78 27
32 33 89 22
32 34 63 40
32 35 76 25
32 36 44 59
32 37 59 38
33 34 85 22
33 35 16 73
33 36 2 96
33 37 79 26
34 35 11 85
34 36 25 67
34 37 4 92
35 36 31 71
35 37 55 41
36 37 23 72
