38
0 1 88 59
0 2 95 2
0 3 82 15
0 4 69 62
0 5 10 43
0 6 12 89
0 7 32 58
0 8 4 82
0 9 12 39
0 10 66 18
0 11 9 94
0 12 52 81
0 13 48 56
0 14 19 35
0 15 60 27
0 16 97 78
0 17 77 43
0 18 88 75
0 19 48 71
0 20 92 52
0 21 62 10
0 22 53 70
0 23 32 16
0 24 48 52
0 25 98 51
0 26 50 25
0 27 46 39
0 28 48 50
0 29 32 19
0 30 86 27
0 31 14 17
0 32 7 53
0 33 58 18
0 34 52 71
0 35 57 86
0 36 84 57
0 37 46 30
1 2 75 67
1 3 77 40
1 4 62 69
1 5 99 65
1 6 98 50
1 7 9 50
1 8 82 18
1 9 36 50
1 10 32 14
1 11 68 60
1 12 19 48
1 13 75 60
1 14 84 60
1 15 40 26
1 16 4 95
1 17 29 85
1 18 50 56
1 19 12 52
1 20 17 19
1 21 13 65
1 22 47 59
1 23 68 45
1 24 7 76
1 25 51 85
1 26 15 68
1 27 7 26
1 28 85 47
1 29 2 26
1 30 14 22
1 31 7 36
1 32 27 72
1 33 50 54
1 34 52 74
1 35 98 61
1 36 86 23
1 37 15 85
2 3 95 22
2 4 8 45
2 5 90 26
2 6 75 67
2 7 31 63
2 8 78 67
2 9 89 42
2 10 51 87
2 11 4 60
2 12 51 42
2 13 22 47
2 14 68 56
2 15 1 77
2 16 40 80
2 17 97 30
2 18 21 43
2 19 80 78
2 20 81 60
2 21 75 10
2 22 77 26
2 23 96 1
2 24 16 32
2 25 41 46
2 26 84 26
2 27 55 48
2 28 80 27
2 29 9 30
2 30 95 21
2 31 38 65
2 32 24 27
2 33 68 35
2 34 67 24
2 35 27 21
2 36 41 72
2 37 83 35
3 4 85 39
3 5 26 85
3 6 95 51
3 7 44 72
3 8 77 66
3 9 46 72
3 10 74 17
3 11 28 43
3 12 10 85
3 13 62 21
3 14 81 61
3 15 88 54
3 16 64 42
3 17 91 28
3 18 43 19
3 19 98 3
3 20 53 78
3 21 22 22
3 22 49 37
3 23 18 30
3 24 84 76
3 25 28 42
3 26 58 76
3 27 70 24
3 28 4 65
3 29 82 53
3 30 75 41
3 31 48 58
3 32 30 70
3 33 61 36
3 34 26 92
3 35 10 77
3 36 39 24
3 37 8 26
4 5 62 33
4 6 78 80
4 7 4 98
4 8 12 68
4 9 32 56
4 10 75 42
4 11 2 95
4 12 95 40
4 13 44 22
4 14 13 53
4 15 93 19
4 16 28 21
4 17 18 22
4 18 16 42
4 19 43 57
4 20 51 72
4 21 58 37
4 22 48 48
4 23 50 40
4 24 20 36
4 25 31 68
4 26 86 40
4 27 68 77
4 28 52 24
4 29 87 73
4 30 3 30
4 31 60 74
4 32 87 64
4 33 92 77
4 34 15 41
4 35 65 14
4 36 2 39
4 37 8 74
5 6 84 25
5 7 46 87
5 8 24 17
5 9 96 19
5 10 61 71
5 11 18 49
5 12 9 19
5 13 48 53
5 14 29 52
5 15 79 71
5 16 18 91
5 17 62 10
5 18 55 48
5 19 48 79
5 20 0 48
5 21 60 79
5 22 78 62
5 23 75 75
5 24 82 47
5 25 86 21
5 26 56 80
5 27 44 30
5 28 38 72
5 29 40 69
5 30 12 57
5 31 41 21
5 32 21 79
5 33 66 10
5 34 42 30
5 35 52 12
5 36 4 37
5 37 83 73
6 7 35 74
6 8 85 75
6 9 29 50
6 10 30 15
6 11 5 84
6 12 63 49
6 13 54 36
6 14 6 75
6 15 0 64
6 16 53 39
6 17 30 84
6 18 85 70
6 19 66 17
6 20 75 52
6 21 72 80
6 22 36 61
6 23 41 91
6 24 72 57
6 25 15 82
6 26 26 87
6 27 50 64
6 28 25 24
6 29 93 23
6 30 65 28
6 31 85 23
6 32 72 38
6 33 93 24
6 34 92 13
6 35 22 55
6 36 86 9
6 37 68 7
7 8 4 20
7 9 79 19
7 10 24 56
7 11 69 52
7 12 18 82
7 13 36 75
7 14 78 36
7 15 49 10
7 16 49 52
7 17 33 77
7 18 30 36
7 19 26 47
7 20 88 65
7 21 91 75
7 22 6 91
7 23 72 75
7 24 28 29
7 25 48 77
7 26 47 25
7 27 52 39
7 28 13 93
7 29 55 63
7 30 72 48
7 31 31 35
7 32 16 54
7 33 99 40
7 34 75 15
7 35 36 14
7 36 4 86
7 37 66 75
8 9 90 45
8 10 80 15
8 11 16 47
8 12 23 28
8 13 70 39
8 14 74 29
8 15 74 9
8 16 48 15
8 17 44 64
8 18 12 71
8 19 85 24
8 20 94 35
8 21 66 69
8 22 89 53
8 23 56 41
8 24 72 48
8 25 10 29
8 26 98 68
8 27 85 12
8 28 19 74
8 29 53 52
8 30 99 19
8 31 14 60
8 32 70 81
8 33 99 56
8 34 17 29
8 35 24 27
8 36 95 32
8 37 66 52
9 10 42 43
9 11 89 46
9 12 98 79
9 13 48 69
9 14 56 12
9 15 47 85
9 16 89 65
9 17 57 63
9 18 27 61
9 19 48 83
9 20 62 74
9 21 83 46
9 22 95 59
9 23 92 1
9 24 41 60
9 25 31 35
9 26 18 21
9 27 76 65
9 28 14 62
9 29 32 69
9 30 15 53
9 31 84 70
9 32 91 52
9 33 37 66
9 34 35 91
9 35 58 51
9 36 4 62
9 37 91 15
10 11 43 72
10 12 56 83
10 13 95 7
10 14 5 83
10 15 74 30
10 16 2 61
10 17 36 47
10 18 34 73
10 19 43 47
10 20 52 31
10 21 18 93
10 22 70 15
10 23 56 78
10 24 39 74
10 25 2 47
10 26 39 35
10 27 43 16
10 28 55 11
10 29 7 57
10 30 17 55
10 31 61 28
10 32 55 28
10 33 31 72
10 34 6 38
10 35 62 58
10 36 92 38
10 37 32 63
11 12 19 26
11 13 11 85
11 14 13 51
11 15 17 24
11 16 66 52
11 17 16 59
11 18 64 62
11 19 14 86
11 20 43 69
11 21 51 74
11 22 75 30
11 23 50 56
11 24 19 61
11 25 34 82
11 26 13 92
11 27 28 40
11 28 35 18
11 29 74 44
11 30 47 46
11 31 93 21
11 32 55 52
11 33 91 9
11 34 6 32
11 35 19 29
11 36 92 55
11 37 79 35
12 13 13 29
12 14 0 73
12 15 2 42
12 16 12 57
12 17 61 62
12 18 70 54
12 19 49 39
12 20 14 82
12 21 80 37
12 22 16 18
12 23 36 47
12 24 6 57
12 25 41 67
12 26 83 71
12 27 84 65
12 28 20 69
12 29 41 44
12 30 66 37
12 31 30 61
12 32 46 88
12 33 42 18
12 34 53 20
12 35 55 23
12 36 95 68
12 37 64 33
13 14 20 83
13 15 53 27
13 16 71 23
13 17 93 55
13 18 11 45
13 19 4 33
13 20 87 41
13 21 59 81
13 22 24 35
13 23 92 80
13 24 26 28
13 25 96 9
13 26 51 71
13 27 5 83
13 28 40 58
13 29 72 50
13 30 36 27
13 31 40 79
13 32 24 82
13 33 72 58
13 34 69 53
13 35 36 76
13 36 13 29
13 37 68 76
14 15 31 17
14 16 47 45
14 17 59 40
14 18 21 20
14 19 88 74
14 20 57 22
14 21 90 11
14 22 10 25
14 23 69 62
14 24 39 50
14 25 14 60
14 26 5 24
14 27 16 95
14 28 36 73
14 29 24 43
14 30 4 90
14 31 68 7
14 32 43 72
14 33 24 45
14 34 64 22
14 35 68 58
14 36 76 26
14 37 61 56
15 16 59 40
15 17 10 60
15 18 38 32
15 19 17 89
15 20 15 46
15 21 69 62
15 22 92 78
15 23 54 24
15 24 84 28
15 25 31 64
15 26 53 27
15 27 73 42
15 28 78 69
15 29 27 19
15 30 9 36
15 31 36 34
15 32 76 43
15 33 70 34
15 34 32 65
15 35 67 8
15 36 94 34
15 37 48 69
16 17 55 40
16 18 17 52
16 19 3 64
16 20 57 83
16 21 4 80
16 22 7 28
16 23 36 20
16 24 67 39
16 25 61 44
16 26 77 73
16 27 26 61
16 28 46 15
16 29 56 21
16 30 69 79
16 31 57 79
16 32 11 41
16 33 87 57
16 34 68 46
16 35 86 19
16 36 95 67
16 37 69 57
17 18 85 39
17 19 73 81
17 20 41 38
17 21 26 23
17 22 3 46
17 23 45 59
17 24 82 11
17 25 82 82
17 26 41 89
17 27 7 51
17 28 35 87
17 29 43 56
17 30 35 49
17 31 68 21
17 32 47 60
17 33 79 12
17 34 1 99
17 35 81 45
17 36 80 46
17 37 75 13
18 19 93 26
18 20 80 17
18 21 93 57
18 22 1 74
18 23 62 63
18 24 88 7
18 25 66 40
18 26 64 58
18 27 70 13
18 28 77 61
18 29 56 63
18 30 92 71
18 31 60 68
18 32 99 77
18 33 36 19
18 34 76 64
18 35 63 55
18 36 79 15
18 37 8 56
19 20 89 46
19 21 31 49
19 22 68 82
19 23 44 24
19 24 94 57
19 25 87 74
19 26 69 48
19 27 19 16
19 28 39 74
19 29 11 23
19 30 15 93
19 31 26 76
19 32 36 48
19 33 28 44
19 34 93 25
19 35 34 16
19 36 12 49
19 37 18 61
20 21 16 90
20 22 73 20
20 23 58 35
20 24 49 37
20 25 2 59
20 26 12 63
20 27 37 61
20 28 78 51
20 29 70 79
20 30 91 14
20 31 3 23
20 32 86 32
20 33 49 80
20 34 81 64
20 35 13 30
20 36 13 53
20 37 27 36
21 22 50 55
21 23 68 84
21 24 51 10
21 25 18 62
21 26 9 55
21 27 35 75
21 28 11 79
21 29 64 24
21 30 31 81
21 31 40 42
21 32 83 22
21 33 97 61
21 34 93 23
21 35 90 25
21 36 5 67
21 37 11 36
22 23 66 20
22 24 21 19
22 25 77 32
22 26 48 89
22 27 71 39
22 28 24 55
22 29 77 29
22 30 23 93
22 31 62 71
22 32 84 19
22 33 37 81
22 34 3 40
22 35 94 18
22 36 25 52
22 37 23 70
23 24 38 79
23 25 39 15
23 26 78 42
23 27 72 55
23 28 31 31
23 29 91 62
23 30 62 75
23 31 11 30
23 32 68 41
23 33 73 33
23 34 11 86
23 35 79 80
23 36 70 59
23 37 75 60
24 25 0 48
24 26 54 71
24 27 6 93
24 28 77 39
24 29 44 26
24 30 57 62
24 31 87 61
24 32 59 87
24 33 50 37
24 34 83 30
24 35 22 28
24 36 51 87
24 37 7 24
25 26 94 7
25 27 6 37
25 28 67 85
25 29 3 80
25 30 50 15
25 31 50 86
25 32 80 15
25 33 13 36
25 34 81 8
25 35 76 32
25 36 60 27
25 37 45 45
26 27 99 25
26 28 97 22
26 29 48 44
26 30 34 40
26 31 25 68
26 32 97 63
26 33 50 63
26 34 39 45
26 35 71 82
26 36 21 85
26 37 36 63
27 28 72 13
27 29 17 22
27 30 30 37
27 31 62 78
27 32 96 30
27 33 54 71
27 34 87 16
27 35 2 72
27 36 95 59
27 37 71 69
28 29 97 11
28 30 78 56
28 31 64 57
28 32 5 40
28 33 82 68
28 34 8 45
28 35 65 63
28 36 29 62
28 37 62 56
29 30 8 34
29 31 69 74
29 32 40 90
29 33 71 23
29 34 97 9
29 35 43 88
29 36 6 84
29 37 38 43
30 31 79 77
30 32 99 24
30 33 22 82
30 34 82 80
30 35 52 11
30 36 49 75
30 37 5 74
31 32 81 5
31 33 74 20
31 34 38 89
31 35 60 69
31 36 43 20
31 37 82 39
32 33 48 45
32 34 40 30
32 35 35 79
32 36 99 71
32 37 38 65
33 34 33 15
33 35 95 78
33 36 89 13
33 37 43 30
34 35 21 34
34 36 31 68
34 37 42 80
35 36 96 63
35 37 63 28
36 37 41 43
