42
0 1 97 13
0 2 89 17
0 3 96 13
0 4 13 85
0 5 42 61
0 6 43 49
0 7 11 89
0 8 21 80
0 9 3 93
0 10 98 8
0 11 7 84
0 12 63 34
0 13 85 23
0 14 25 74
0 15 91 20
0 16 63 36
0 17 42 55
0 18 26 63
0 19 16 76
0 20 66 36
0 21 69 40
0 22 94 16
0 23 46 51
0 24 86 18
0 25 26 67
0 26 5 80
0 27 38 65
0 28 52 53
0 29 42 61
0 30 67 29
0 31 73 23
0 32 61 44
0 33 18 77
0 34 41 64
0 35 45 59
0 36 72 31
0 37 65 30
0 38 36 54
0 39 6 85
0 40 80 24
0 41 55 40
1 2 38 60
1 3 94 13
1 4 8 85
1 5 4 89
1 6 75 30
1 7 84 27
1 8 72 30
1 9 67 39
1 10 84 15
1 11 90 10
1 12 55 46
1 13 73 22
1 14 91 13
1 15 96 5
1 16 13 80
1 17 51 41
1 18 45 56
1 19 49 55
1 20 5 94
1 21 81 18
1 22 49 56
1 23 71 24
1 24 66 36
1 25 75 25
1 26 44 57
1 27 45 54
1 28 44 49
1 29 76 34
1 30 48 51
1 31 41 64
1 32 10 87
1 33 93 18
1 34 86 11
1 35 97 8
1 36 30 63
1 37 62 41
1 38 77 23
1 39 47 50
1 40 41 57
1 41 42 51
2 3 41 51
2 4 94 17
2 5 74 30
2 6 73 27
2 7 86 19
2 8 29 66
2 9 51 42
2 10 99 8
2 11 22 80
2 12 27 67
2 13 93 17
2 14 71 38
2 15 32 64
2 16 43 57
2 17 78 30
2 18 82 17
2 19 1 87
2 20 79 18
2 21 92 9
2 22 89 11
2 23 11 80
2 24 70 26
2 25 58 42
2 26 63 38
2 27 82 29
2 28 45 53
2 29 15 74
2 30 68 37
2 31 53 45
2 32 11 85
2 33 85 16
2 34 16 81
2 35 98 5
2 36 5 88
2 37 10 86
2 38 1 86
2 39 7 92
2 40 78 31
2 41 16 83
3 4 42 59
3 5 84 23
3 6 35 69
3 7 67 33
3 8 14 72
3 9 18 81
3 10 58 48
3 11 16 86
3 12 92 7
3 13 65 33
3 14 29 67
3 15 72 34
3 16 6 87
3 17 0 86
3 18 14 82
3 19 11 83
3 20 73 23
3 21 46 47
3 22 46 50
3 23 41 58
3 24 84 23
3 25 86 16
3 26 32 70
3 27 40 64
3 28 7 86
3 29 39 55
3 30 45 49
3 31 30 61
3 32 98 14
3 33 29 71
3 34 40 53
3 35 72 27
3 36 10 85
3 37 89 15
3 38 77 27
3 39 89 18
3 40 43 54
3 41 99 11
4 5 71 32
4 6 54 49
4 7 11 85
4 8 74 31
4 9 15 75
4 10 41 55
4 11 53 40
4 12 65 29
4 13 88 13
4 14 95 7
4 15 34 60
4 16 52 51
4 17 90 8
4 18 31 67
4 19 63 33
4 20 17 70
4 21 35 62
4 22 24 63
4 23 24 74
4 24 81 17
4 25 24 78
4 26 52 43
4 27 95 8
4 28 93 6
4 29 20 70
4 30 86 14
4 31 82 20
4 32 84 17
4 33 83 26
4 34 22 67
4 35 0 93
4 36 89 14
4 37 44 53
4 38 76 25
4 39 60 40
4 40 10 84
4 41 70 28
5 6 93 14
5 7 43 63
5 8 8 90
5 9 85 15
5 10 8 85
5 11 29 70
5 12 39 53
5 13 70 30
5 14 83 16
5 15 97 2
5 16 47 52
5 17 59 49
5 18 56 44
5 19 21 72
5 20 77 28
5 21 78 20
5 22 19 82
5 23 94 18
5 24 23 78
5 25 93 9
5 26 87 18
5 27 89 16
5 28 82 23
5 29 89 17
5 30 9 83
5 31 32 69
5 32 4 91
5 33 0 97
5 34 81 22
5 35 58 40
5 36 2 90
5 37 5 84
5 38 13 83
5 39 31 62
5 40 47 49
5 41 69 40
6 7 25 76
6 8 57 48
6 9 33 59
6 10 37 64
6 11 68 37
6 12 72 32
6 13 8 79
6 14 34 65
6 15 69 26
6 16 93 7
6 17 84 15
6 18 62 34
6 19 20 77
6 20 83 26
6 21 44 53
6 22 91 18
6 23 14 79
6 24 95 18
6 25 24 73
6 26 10 86
6 27 86 14
6 28 55 41
6 29 19 70
6 30 58 45
6 31 31 69
6 32 41 61
6 33 92 8
6 34 99 7
6 35 92 12
6 36 21 72
6 37 54 47
6 38 17 72
6 39 68 37
6 40 40 65
6 41 71 39
7 8 29 60
7 9 86 18
7 10 52 47
7 11 60 43
7 12 81 18
7 13 6 93
7 14 22 78
7 15 90 20
7 16 31 63
7 17 29 68
7 18 28 71
7 19 21 69
7 20 21 80
7 21 25 70
7 22 57 47
7 23 26 72
7 24 19 72
7 25 92 15
7 26 64 40
7 27 93 11
7 28 11 79
7 29 59 38
7 30 30 58
7 31 23 73
7 32 30 65
7 33 72 28
7 34 5 91
7 35 45 48
7 36 61 41
7 37 94 11
7 38 15 78
7 39 54 43
7 40 97 2
7 41 96 15
8 9 14 79
8 10 30 71
8 11 52 44
8 12 3 91
8 13 73 25
8 14 94 5
8 15 96 13
8 16 6 89
8 17 47 47
8 18 40 56
8 19 10 82
8 20 15 73
8 21 81 20
8 22 28 71
8 23 48 52
8 24 6 80
8 25 94 16
8 26 25 70
8 27 58 39
8 28 25 75
8 29 47 50
8 30 57 37
8 31 26 68
8 32 60 37
8 33 4 84
8 34 20 71
8 35 3 93
8 36 68 38
8 37 69 26
8 38 4 94
8 39 70 25
8 40 81 22
8 41 68 41
9 10 82 24
9 11 28 67
9 12 79 31
9 13 28 72
9 14 73 25
9 15 19 74
9 16 15 80
9 17 0 95
9 18 85 22
9 19 87 13
9 20 87 14
9 21 14 82
9 22 16 80
9 23 1 88
9 24 63 39
9 25 28 63
9 26 54 45
9 27 68 37
9 28 16 75
9 29 58 44
9 30 18 81
9 31 59 45
9 32 84 21
9 33 16 78
9 34 56 39
9 35 73 25
9 36 36 65
9 37 51 52
9 38 88 20
9 39 29 66
9 40 42 50
9 41 10 79
10 11 63 35
10 12 78 22
10 13 85 12
10 14 57 49
10 15 14 78
10 16 70 34
10 17 26 65
10 18 68 37
10 19 83 18
10 20 59 42
10 21 11 79
10 22 55 46
10 23 93 15
10 24 89 15
10 25 70 35
10 26 92 11
10 27 22 80
10 28 77 34
10 29 15 82
10 30 54 52
10 31 55 45
10 32 2 90
10 33 11 88
10 34 39 60
10 35 59 36
10 36 7 93
10 37 36 58
10 38 34 68
10 39 30 70
10 40 69 35
10 41 59 34
11 12 65 37
11 13 65 39
11 14 45 50
11 15 62 37
11 16 31 57
11 17 24 65
11 18 65 41
11 19 24 75
11 20 85 13
11 21 5 80
11 22 97 2
11 23 15 78
11 24 54 42
11 25 1 96
11 26 28 74
11 27 28 65
11 28 22 75
11 29 89 12
11 30 42 53
11 31 37 53
11 32 30 66
11 33 23 78
11 34 29 68
11 35 87 11
11 36 56 46
11 37 43 50
11 38 86 13
11 39 18 76
11 40 69 31
11 41 9 80
12 13 98 14
12 14 1 92
12 15 84 20
12 16 93 5
12 17 90 17
12 18 7 80
12 19 68 30
12 20 39 59
12 21 45 55
12 22 70 36
12 23 21 76
12 24 95 9
12 25 7 90
12 26 11 76
12 27 10 80
12 28 32 68
12 29 6 91
12 30 53 41
12 31 64 42
12 32 80 28
12 33 40 62
12 34 74 25
12 35 5 90
12 36 63 39
12 37 35 56
12 38 78 22
12 39 34 56
12 40 91 8
12 41 67 34
13 14 32 72
13 15 95 12
13 16 55 43
13 17 12 85
13 18 52 54
13 19 66 37
13 20 46 53
13 21 98 2
13 22 91 16
13 23 65 38
13 24 66 35
13 25 64 35
13 26 81 25
13 27 12 83
13 28 64 44
13 29 50 43
13 30 79 19
13 31 85 26
13 32 74 23
13 33 98 12
13 34 24 67
13 35 30 71
13 36 58 44
13 37 82 15
13 38 7 85
13 39 97 10
13 40 87 15
13 41 56 39
14 15 37 52
14 16 24 77
14 17 84 24
14 18 49 55
14 19 15 74
14 20 38 66
14 21 30 70
14 22 45 47
14 23 48 58
14 24 86 12
14 25 57 48
14 26 53 44
14 27 40 56
14 28 83 24
14 29 47 50
14 30 12 87
14 31 92 9
14 32 52 49
14 33 40 52
14 34 37 66
14 35 29 64
14 36 88 16
14 37 15 74
14 38 33 69
14 39 74 36
14 40 94 7
14 41 79 21
15 16 33 70
15 17 55 39
15 18 32 61
15 19 20 69
15 20 57 47
15 21 68 28
15 22 37 55
15 23 12 83
15 24 11 76
15 25 69 37
15 26 19 71
15 27 5 87
15 28 75 35
15 29 15 80
15 30 83 22
15 31 33 60
15 32 4 81
15 33 80 26
15 34 8 89
15 35 1 95
15 36 51 41
15 37 12 75
15 38 23 72
15 39 22 78
15 40 38 64
15 41 61 43
16 17 5 91
16 18 5 83
16 19 34 63
16 20 87 17
16 21 43 57
16 22 37 64
16 23 23 76
16 24 35 56
16 25 94 6
16 26 56 45
16 27 91 19
16 28 37 67
16 29 5 87
16 30 7 89
16 31 12 79
16 32 41 55
16 33 98 5
16 34 59 35
16 35 39 63
16 36 23 79
16 37 43 58
16 38 4 95
16 39 87 12
16 40 99 3
16 41 43 60
17 18 69 31
17 19 91 22
17 20 30 65
17 21 10 84
17 22 69 27
17 23 68 31
17 24 12 84
17 25 7 88
17 26 87 15
17 27 39 62
17 28 7 85
17 29 28 62
17 30 27 75
17 31 38 56
17 32 57 41
17 33 39 55
17 34 77 32
17 35 7 93
17 36 35 63
17 37 67 40
17 38 17 70
17 39 26 68
17 40 93 8
17 41 77 28
18 19 18 72
18 20 40 53
18 21 87 23
18 22 62 46
18 23 53 53
18 24 61 37
18 25 27 61
18 26 23 78
18 27 38 66
18 28 5 85
18 29 33 60
18 30 92 7
18 31 50 48
18 32 19 72
18 33 7 86
18 34 2 87
18 35 43 48
18 36 37 65
18 37 14 77
18 38 0 99
18 39 35 57
18 40 77 32
18 41 64 42
19 20 75 26
19 21 17 79
19 22 26 69
19 23 68 34
19 24 61 42
19 25 32 71
19 26 74 33
19 27 65 31
19 28 24 75
19 29 92 6
19 30 55 49
19 31 77 29
19 32 10 83
19 33 16 76
19 34 23 78
19 35 53 50
19 36 46 54
19 37 6 85
19 38 66 35
19 39 21 70
19 40 18 81
19 41 80 23
20 21 12 87
20 22 19 76
20 23 43 56
20 24 21 76
20 25 68 36
20 26 85 19
20 27 6 94
20 28 8 91
20 29 57 41
20 30 28 64
20 31 39 64
20 32 16 76
20 33 27 62
20 34 33 64
20 35 68 40
20 36 4 92
20 37 10 83
20 38 9 88
20 39 95 8
20 40 22 72
20 41 68 40
21 22 43 49
21 23 65 35
21 24 55 50
21 25 69 33
21 26 51 47
21 27 9 81
21 28 10 78
21 29 73 33
21 30 19 80
21 31 28 66
21 32 12 89
21 33 90 8
21 34 6 88
21 35 81 24
21 36 85 17
21 37 2 87
21 38 39 64
21 39 4 81
21 40 56 47
21 41 23 68
22 23 45 54
22 24 38 61
22 25 31 66
22 26 55 48
22 27 80 20
22 28 10 79
22 29 57 48
22 30 29 71
22 31 23 67
22 32 60 40
22 33 8 89
22 34 12 81
22 35 37 64
22 36 38 66
22 37 84 27
22 38 29 69
22 39 80 18
22 40 49 47
22 41 9 88
23 24 81 30
23 25 92 19
23 26 56 45
23 27 61 45
23 28 15 73
23 29 98 3
23 30 97 3
23 31 14 77
23 32 88 19
23 33 23 69
23 34 75 29
23 35 70 32
23 36 51 41
23 37 58 44
23 38 23 73
23 39 0 97
23 40 70 36
23 41 44 53
24 25 80 21
24 26 7 81
24 27 49 55
24 28 67 30
24 29 68 31
24 30 67 38
24 31 1 97
24 32 8 84
24 33 73 33
24 34 25 64
24 35 45 55
24 36 81 29
24 37 44 53
24 38 16 79
24 39 88 22
24 40 18 70
24 41 66 34
25 26 48 55
25 27 62 43
25 28 8 86
25 29 98 5
25 30 22 67
25 31 2 85
25 32 14 78
25 33 29 63
25 34 98 12
25 35 80 26
25 36 99 5
25 37 54 44
25 38 17 79
25 39 31 60
25 40 77 19
25 41 61 44
26 27 34 58
26 28 63 36
26 29 15 76
26 30 60 34
26 31 98 8
26 32 39 64
26 33 56 48
26 34 74 32
26 35 38 62
26 36 31 69
26 37 97 14
26 38 52 47
26 39 85 24
26 40 14 86
26 41 5 86
27 28 8 78
27 29 84 14
27 30 42 55
27 31 80 22
27 32 20 82
27 33 64 44
27 34 27 74
27 35 37 63
27 36 94 18
27 37 78 28
27 38 87 18
27 39 77 30
27 40 65 32
27 41 81 23
28 29 4 81
28 30 96 16
28 31 90 15
28 32 51 47
28 33 95 15
28 34 81 16
28 35 9 87
28 36 18 81
28 37 64 34
28 38 23 66
28 39 32 69
28 40 23 65
28 41 93 17
29 30 96 5
29 31 15 84
29 32 65 39
29 33 53 54
29 34 86 15
29 35 50 46
29 36 85 21
29 37 73 28
29 38 34 62
29 39 32 71
29 40 94 11
29 41 57 46
30 31 18 73
30 32 53 42
30 33 50 49
30 34 87 18
30 35 29 66
30 36 58 37
30 37 78 21
30 38 87 20
30 39 74 21
30 40 92 8
30 41 36 59
31 32 87 20
31 33 54 45
31 34 55 49
31 35 55 39
31 36 78 31
31 37 54 45
31 38 8 79
31 39 33 66
31 40 26 66
31 41 1 97
32 33 25 65
32 34 51 49
32 35 65 39
32 36 18 83
32 37 96 11
32 38 72 38
32 39 81 29
32 40 55 47
32 41 89 22
33 34 39 53
33 35 25 72
33 36 0 87
33 37 13 78
33 38 52 53
33 39 46 46
33 40 52 43
33 41 51 46
34 35 29 63
34 36 61 33
34 37 40 56
34 38 2 97
34 39 34 63
34 40 90 9
34 41 26 63
35 36 99 14
35 37 85 23
35 38 41 49
35 39 74 29
35 40 18 77
35 41 99 5
36 37 19 83
36 38 4 84
36 39 5 85
36 40 87 13
36 41 70 30
37 38 50 45
37 39 98 5
37 40 97 12
37 41 3 88
38 39 3 91
38 40 39 56
38 41 36 67
39 40 94 11
39 41 27 75
40 41 87 21
