45
0 1 68 19
0 2 3 33
0 3 17 36
0 4 79 24
0 5 72 37
0 6 34 85
0 7 48 69
0 8 30 48
0 9 97 57
0 10 85 68
0 11 77 16
0 12 44 18
0 13 9 89
0 14 60 15
0 15 8 69
0 16 28 61
0 17 9 26
0 18 56 66
0 19 70 75
0 20 11 49
0 21 75 60
0 22 44 27
0 23 26 93
0 24 4 53
0 25 84 41
0 26 12 69
0 27 29 53
0 28 8 60
0 29 53 46
0 30 26 17
0 31 47 73
0 32 85 69
0 33 44 17
0 34 41 77
0 35 56 69
0 36 61 20
0 37 90 4
0 38 92 72
0 39 97 28
0 40 4 96
0 41 96 53
0 42 54 42
0 43 20 66
0 44 5 42
1 2 70 29
1 3 23 76
1 4 92 79
1 5 86 60
1 6 63 28
1 7 93 10
1 8 87 21
1 9 20 62
1 10 37 43
1 11 64 75
1 12 5 28
1 13 46 34
1 14 98 1
1 15 92 59
1 16 36 88
1 17 84 26
1 18 61 12
1 19 15 92
1 20 31 57
1 21 54 33
1 22 25 69
1 23 0 36
1 24 41 22
1 25 38 23
1 26 83 58
1 27 73 7
1 28 14 72
1 29 2 57
1 30 90 39
1 31 1 89
1 32 39 33
1 33 76 70
1 34 35 85
1 35 8 95
1 36 81 59
1 37 18 27
1 38 13 82
1 39 52 20
1 40 57 52
1 41 63 45
1 42 37 61
1 43 83 59
1 44 47 51
2 3 29 53
2 4 21 88
2 5 61 63
2 6 32 56
2 7 96 73
2 8 67 28
2 9 77 40
2 10 81 38
2 11 3 21
2 12 44 55
2 13 46 36
2 14 46 33
2 15 29 80
2 16 67 48
2 17 76 82
2 18 57 31
2 19 1 80
2 20 10 58
2 21 23 41
2 22 17 51
2 23 29 63
2 24 65 68
2 25 8 39
2 26 75 73
2 27 79 7
2 28 74 12
2 29 16 75
2 30 69 8
2 31 70 63
2 32 4 75
2 33 17 23
2 34 40 79
2 35 93 6
2 36 39 23
2 37 11 44
2 38 3 38
2 39 84 14
2 40 31 53
2 41 25 76
2 42 70 55
2 43 10 47
2 44 91 78
3 4 61 21
3 5 48 56
3 6 20 38
3 7 53 68
3 8 4 31
3 9 75 67
3 10 75 51
3 11 28 86
3 12 53 74
3 13 78 77
3 14 69 6
3 15 34 74
3 16 50 57
3 17 94 5
3 18 43 68
3 19 11 46
3 20 68 30
3 21 85 51
3 22 65 51
3 23 27 92
3 24 11 41
3 25 10 44
3 26 64 27
3 27 84 49
3 28 73 10
3 29 17 42
3 30 46 73
3 31 86 46
3 32 7 63
3 33 19 94
3 34 15 76
3 35 57 62
3 36 91 70
3 37 40 50
3 38 55 17
3 39 42 25
3 40 77 52
3 41 33 28
3 42 42 78
3 43 55 48
3 44 51 67
4 5 0 60
4 6 35 44
4 7 8 48
4 8 12 56
4 9 92 2
4 10 57 33
4 11 78 70
4 12 39 91
4 13 5 79
4 14 5 50
4 15 51 68
4 16 52 75
4 17 73 35
4 18 97 25
4 19 99 77
4 20 96 51
4 21 34 14
4 22 98 37
4 23 96 69
4 24 48 14
4 25 70 43
4 26 17 79
4 27 83 50
4 28 7 95
4 29 45 27
4 30 39 84
4 31 67 79
4 32 63 56
4 33 69 17
4 34 41 61
4 35 29 65
4 36 34 18
4 37 92 35
4 38 11 40
4 39 3 87
4 40 61 9
4 41 42 29
4 42 25 50
4 43 50 23
4 44 21 82
5 6 46 34
5 7 74 32
5 8 60 45
5 9 76 79
5 10 20 50
5 11 91 74
5 12 87 35
5 13 41 45
5 14 53 82
5 15 18 18
5 16 85 29
5 17 26 51
5 18 57 19
5 19 62 26
5 20 49 63
5 21 64 16
5 22 45 75
5 23 62 77
5 24 77 59
5 25 61 39
5 26 55 69
5 27 88 20
5 28 94 33
5 29 68 21
5 30 20 46
5 31 53 79
5 32 30 60
5 33 93 41
5 34 67 31
5 35 4 95
5 36 25 42
5 37 75 5
5 38 29 45
5 39 49 53
5 40 10 75
5 41 33 70
5 42 10 21
5 43 27 93
5 44 28 88
6 7 65 34
6 8 56 34
6 9 87 52
6 10 85 47
6 11 7 84
6 12 15 72
6 13 59 74
6 14 3 68
6 15 94 11
6 16 92 4
6 17 77 38
6 18 9 83
6 19 44 16
6 20 69 62
6 21 80 61
6 22 45 73
6 23 83 41
6 24 50 24
6 25 73 65
6 26 48 76
6 27 41 69
6 28 57 16
6 29 21 54
6 30 8 63
6 31 49 38
6 32 92 65
6 33 50 29
6 34 55 67
6 35 19 70
6 36 69 39
6 37 33 83
6 38 77 26
6 39 57 25
6 40 61 64
6 41 73 47
6 42 2 65
6 43 63 44
6 44 14 36
7 8 61 20
7 9 95 54
7 10 12 73
7 11 87 44
7 12 32 89
7 13 90 8
7 14 32 64
7 15 38 77
7 16 53 29
7 17 61 84
7 18 12 35
7 19 81 9
7 20 15 76
7 21 56 85
7 22 61 83
7 23 51 29
7 24 35 18
7 25 62 38
7 26 26 63
7 27 76 60
7 28 69 52
7 29 24 90
7 30 9 29
7 31 58 30
7 32 50 29
7 33 40 70
7 34 91 11
7 35 76 61
7 36 99 15
7 37 22 37
7 38 60 63
7 39 75 51
7 40 63 44
7 41 36 30
7 42 81 70
7 43 31 41
7 44 78 54
8 9 54 14
8 10 96 70
8 11 59 62
8 12 3 86
8 13 43 40
8 14 58 85
8 15 66 53
8 16 22 92
8 17 90 44
8 18 19 50
8 19 45 11
8 20 32 85
8 21 6 93
8 22 42 30
8 23 12 19
8 24 38 52
8 25 30 71
8 26 47 77
8 27 38 60
8 28 46 28
8 29 60 30
8 30 58 59
8 31 39 23
8 32 26 62
8 33 79 39
8 34 74 21
8 35 75 14
8 36 18 62
8 37 84 60
8 38 6 95
8 39 61 81
8 40 4 54
8 41 32 71
8 42 4 50
8 43 24 51
8 44 35 38
9 10 95 4
9 11 71 7
9 12 85 27
9 13 28 64
9 14 19 86
9 15 5 92
9 16 16 43
9 17 61 44
9 18 82 68
9 19 90 5
9 20 25 93
9 21 17 64
9 22 12 68
9 23 50 67
9 24 77 36
9 25 53 49
9 26 38 45
9 27 70 31
9 28 78 76
9 29 40 28
9 30 31 40
9 31 27 86
9 32 47 54
9 33 75 16
9 34 18 36
9 35 38 66
9 36 40 37
9 37 56 8
9 38 92 59
9 39 72 12
9 40 31 36
9 41 64 56
9 42 43 58
9 43 53 73
9 44 23 22
10 11 73 22
10 12 7 30
10 13 44 73
10 14 43 44
10 15 89 34
10 16 71 67
10 17 15 63
10 18 39 42
10 19 56 45
10 20 16 61
10 21 98 19
10 22 54 63
10 23 24 84
10 24 79 46
10 25 97 36
10 26 17 74
10 27 71 63
10 28 88 7
10 29 12 90
10 30 21 54
10 31 32 92
10 32 86 3
10 33 22 73
10 34 96 53
10 35 3 64
10 36 13 82
10 37 57 37
10 38 1 47
10 39 88 78
10 40 72 73
10 41 75 62
10 42 72 16
10 43 70 57
10 44 14 31
11 12 47 12
11 13 59 30
11 14 21 29
11 15 48 20
11 16 79 82
11 17 70 30
11 18 39 57
11 19 82 74
11 20 56 24
11 21 85 26
11 22 48 39
11 23 43 41
11 24 87 10
11 25 52 34
11 26 25 20
11 27 21 57
11 28 59 9
11 29 73 19
11 30 50 49
11 31 11 78
11 32 53 28
11 33 80 48
11 34 4 96
11 35 85 51
11 36 23 67
11 37 8 62
11 38 11 68
11 39 8 69
11 40 72 11
11 41 72 33
11 42 25 63
11 43 77 66
11 44 89 73
12 13 82 22
12 14 4 37
12 15 34 23
12 16 43 73
12 17 71 49
12 18 99 46
12 19 85 55
12 20 14 56
12 21 35 73
12 22 91 39
12 23 69 27
12 24 22 51
12 25 76 77
12 26 51 75
12 27 6 36
12 28 17 49
12 29 32 31
12 30 63 40
12 31 64 24
12 32 15 91
12 33 20 94
12 34 66 51
12 35 75 70
12 36 56 25
12 37 19 47
12 38 74 10
12 39 93 26
12 40 48 51
12 41 65 45
12 42 22 93
12 43 8 80
12 44 5 42
13 14 18 56
13 15 81 38
13 16 38 39
13 17 60 75
13 18 47 35
13 19 85 70
13 20 87 16
13 21 91 10
13 22 86 47
13 23 42 47
13 24 83 9
13 25 84 36
13 26 97 66
13 27 29 17
13 28 97 36
13 29 34 22
13 30 2 62
13 31 68 21
13 32 46 60
13 33 56 11
13 34 66 78
13 35 51 31
13 36 66 67
13 37 31 47
13 38 22 43
13 39 32 64
13 40 8 63
13 41 16 20
13 42 79 65
13 43 4 35
13 44 98 59
14 15 77 35
14 16 23 92
14 17 74 82
14 18 91 78
14 19 20 45
14 20 47 25
14 21 61 21
14 22 51 56
14 23 4 68
14 24 63 8
14 25 11 48
14 26 33 48
14 27 25 69
14 28 19 23
14 29 12 80
14 30 38 70
14 31 0 78
14 32 66 35
14 33 82 37
14 34 6 58
14 35 3 34
14 36 25 35
14 37 37 48
14 38 73 69
14 39 54 62
14 40 12 36
14 41 57 34
14 42 4 32
14 43 33 54
14 44 48 52
15 16 49 43
15 17 12 82
15 18 60 61
15 19 69 35
15 20 30 41
15 21 63 76
15 22 16 63
15 23 50 60
15 24 17 64
15 25 21 48
15 26 26 62
15 27 43 32
15 28 6 53
15 29 41 31
15 30 67 29
15 31 97 59
15 32 70 50
15 33 87 11
15 34 13 88
15 35 32 42
15 36 50 60
15 37 70 31
15 38 18 58
15 39 30 72
15 40 81 50
15 41 24 75
15 42 73 46
15 43 84 45
15 44 63 37
16 17 41 26
16 18 68 34
16 19 94 25
16 20 29 31
16 21 35 47
16 22 82 59
16 23 0 85
16 24 52 26
16 25 55 64
16 26 60 61
16 27 84 18
16 28 48 65
16 29 78 9
16 30 18 34
16 31 74 65
16 32 89 29
16 33 29 67
16 34 92 37
16 35 49 21
16 36 87 3
16 37 21 30
16 38 82 4
16 39 21 44
16 40 8 23
16 41 62 14
16 42 14 81
16 43 44 65
16 44 78 17
17 18 89 21
17 19 61 8
17 20 59 37
17 21 22 57
17 22 21 30
17 23 50 35
17 24 37 17
17 25 20 66
17 26 80 5
17 27 17 34
17 28 84 16
17 29 35 27
17 30 33 20
17 31 60 80
17 32 65 48
17 33 28 67
17 34 65 57
17 35 53 62
17 36 80 77
17 37 75 50
17 38 31 40
17 39 97 35
17 40 59 69
17 41 40 44
17 42 22 54
17 43 26 40
17 44 59 51
18 19 85 42
18 20 18 86
18 21 2 32
18 22 15 73
18 23 48 29
18 24 61 8
18 25 15 57
18 26 32 82
18 27 34 81
18 28 70 32
18 29 80 64
18 30 82 24
18 31 57 56
18 32 24 64
18 33 66 36
18 34 18 90
18 35 15 21
18 36 16 61
18 37 88 67
18 38 58 19
18 39 92 68
18 40 42 84
18 41 90 80
18 42 10 69
18 43 34 56
18 44 59 28
19 20 45 52
19 21 33 91
19 22 45 43
19 23 7 63
19 24 80 9
19 25 48 67
19 26 30 77
19 27 27 93
19 28 56 50
19 29 63 58
19 30 12 30
19 31 17 47
19 32 12 84
19 33 30 81
19 34 43 25
19 35 30 53
19 36 74 33
19 37 33 80
19 38 31 37
19 39 35 23
19 40 63 26
19 41 30 79
19 42 54 41
19 43 21 89
19 44 91 53
20 21 55 39
20 22 57 29
20 23 86 82
20 24 53 46
20 25 94 9
20 26 67 21
20 27 18 30
20 28 81 11
20 29 1 69
20 30 86 37
20 31 16 69
20 32 41 40
20 33 89 20
20 34 89 36
20 35 96 37
20 36 75 17
20 37 38 29
20 38 4 98
20 39 84 17
20 40 10 49
20 41 24 68
20 42 57 47
20 43 85 66
20 44 39 24
21 22 53 78
21 23 62 29
21 24 29 40
21 25 85 40
21 26 85 73
21 27 49 35
21 28 69 41
21 29 1 48
21 30 3 72
21 31 62 35
21 32 30 62
21 33 3 23
21 34 47 12
21 35 81 41
21 36 85 43
21 37 62 44
21 38 98 24
21 39 10 68
21 40 38 52
21 41 73 40
21 42 2 27
21 43 23 58
21 44 12 84
22 23 8 52
22 24 15 39
22 25 17 65
22 26 25 26
22 27 64 38
22 28 91 71
22 29 91 78
22 30 4 44
22 31 84 8
22 32 93 75
22 33 61 72
22 34 75 55
22 35 19 77
22 36 42 19
22 37 14 63
22 38 35 88
22 39 11 72
22 40 2 94
22 41 40 77
22 42 27 74
22 43 12 39
22 44 74 22
23 24 1 93
23 25 54 33
23 26 33 30
23 27 48 76
23 28 38 79
23 29 76 74
23 30 64 72
23 31 27 73
23 32 77 7
23 33 22 61
23 34 79 22
23 35 63 62
23 36 2 73
23 37 58 21
23 38 24 50
23 39 92 64
23 40 65 65
23 41 29 78
23 42 76 9
23 43 69 10
23 44 83 6
24 25 37 32
24 26 75 29
24 27 10 89
24 28 77 66
24 29 89 45
24 30 48 61
24 31 94 11
24 32 54 10
24 33 42 34
24 34 31 26
24 35 23 32
24 36 72 26
24 37 11 19
24 38 89 13
24 39 44 35
24 40 54 77
24 41 81 57
24 42 54 77
24 43 51 17
24 44 93 12
25 26 60 47
25 27 17 58
25 28 64 39
25 29 61 42
25 30 32 91
25 31 71 56
25 32 42 30
25 33 76 32
25 34 48 28
25 35 28 57
25 36 99 6
25 37 0 47
25 38 5 95
25 39 25 71
25 40 38 37
25 41 33 86
25 42 60 42
25 43 11 18
25 44 42 65
26 27 95 14
26 28 2 37
26 29 86 17
26 30 18 70
26 31 10 30
26 32 52 36
26 33 88 70
26 34 72 25
26 35 86 45
26 36 84 37
26 37 19 37
26 38 84 11
26 39 39 47
26 40 2 39
26 41 36 58
26 42 4 52
26 43 38 73
26 44 9 38
27 28 60 24
27 29 68 49
27 30 80 65
27 31 26 56
27 32 6 42
27 33 18 18
27 34 69 69
27 35 83 13
27 36 1 27
27 37 54 71
27 38 4 50
27 39 62 20
27 40 70 31
27 41 25 19
27 42 29 86
27 43 69 15
27 44 62 44
28 29 20 38
28 30 95 47
28 31 75 45
28 32 32 71
28 33 53 72
28 34 21 76
28 35 58 77
28 36 48 50
28 37 29 35
28 38 5 82
28 39 12 80
28 40 55 25
28 41 73 40
28 42 74 17
28 43 19 19
28 44 78 11
29 30 30 93
29 31 4 76
29 32 4 35
29 33 49 65
29 34 9 43
29 35 68 58
29 36 26 55
29 37 37 53
29 38 7 82
29 39 97 25
29 40 79 72
29 41 77 67
29 42 21 27
29 43 81 79
29 44 19 64
30 31 56 44
30 32 88 71
30 33 89 38
30 34 93 66
30 35 52 88
30 36 88 17
30 37 60 60
30 38 16 54
30 39 86 53
30 40 76 20
30 41 98 64
30 42 9 93
30 43 82 22
30 44 90 51
31 32 54 11
31 33 52 31
31 34 15 28
31 35 46 57
31 36 51 68
31 37 79 5
31 38 39 51
31 39 0 98
31 40 88 74
31 41 40 28
31 42 65 12
31 43 60 45
31 44 4 25
32 33 75 12
32 34 93 66
32 35 41 42
32 36 37 20
32 37 39 33
32 38 36 91
32 39 16 42
32 40 73 57
32 41 61 17
32 42 66 62
32 43 51 68
32 44 32 56
33 34 95 21
33 35 17 67
33 36 97 37
33 37 43 81
33 38 39 85
33 39 74 67
33 40 4 94
33 41 81 32
33 42 19 39
33 43 67 65
33 44 75 6
34 35 24 87
34 36 52 52
34 37 59 21
34 38 33 71
34 39 16 18
34 40 71 41
34 41 61 12
34 42 89 34
34 43 30 20
34 44 78 27
35 36 74 37
35 37 55 85
35 38 61 51
35 39 29 27
35 40 74 84
35 41 71 59
35 42 80 22
35 43 68 10
35 44 88 4
36 37 70 15
36 38 12 24
36 39 30 38
36 40 23 77
36 41 32 51
36 42 99 11
36 43 98 43
36 44 33 49
37 38 86 4
37 39 77 50
37 40 73 40
37 41 49 17
37 42 31 50
37 43 70 7
37 44 26 59
38 39 31 55
38 40 2 86
38 41 11 61
38 42 20 64
38 43 16 47
38 44 31 16
39 40 42 20
39 41 24 18
39 42 32 65
39 43 28 14
39 44 41 24
40 41 46 65
40 42 13 72
40 43 24 66
40 44 46 13
41 42 69 33
41 43 62 56
41 44 39 35
42 43 31 40
42 44 60 27
43 44 59 87
