45
0 1 12 88
0 2 31 61
0 3 62 45
0 4 14 79
0 5 33 69
0 6 68 40
0 7 26 67
0 8 53 46
0 9 89 21
0 10 65 43
0 11 75 27
0 12 63 45
0 13 17 78
0 14 90 13
0 15 4 91
0 16 70 32
0 17 58 40
0 18 85 21
0 19 98 12
0 20 74 22
0 21 65 39
0 22 77 25
0 23 76 23
0 24 89 14
0 25 9 83
0 26 48 46
0 27 49 46
0 28 79 18
0 29 6 88
0 30 54 47
0 31 40 64
0 32 75 29
0 33 91 8
0 34 51 47
0 35 69 37
0 36 77 32
0 37 45 57
0 38 99 7
0 39 92 8
0 40 14 79
0 41 31 65
0 42 18 70
0 43 38 56
0 44 10 89
1 2 23 74
1 3 82 19
1 4 58 36
1 5 9 83
1 6 21 77
1 7 92 16
1 8 98 3
1 9 3 83
1 10 85 25
1 11 21 72
1 12 0 95
1 13 32 68
1 14 64 44
1 15 47 49
1 16 60 46
1 17 8 86
1 18 47 51
1 19 18 76
1 20 96 6
1 21 73 22
1 22 1 86
1 23 50 48
1 24 96 13
1 25 86 23
1 26 20 75
1 27 89 13
1 28 9 90
1 29 12 80
1 30 14 83
1 31 56 51
1 32 47 48
1 33 11 83
1 34 31 60
1 35 65 32
1 36 23 73
1 37 26 75
1 38 69 27
1 39 49 51
1 40 68 31
1 41 13 78
1 42 6 84
1 43 46 59
1 44 68 32
2 3 34 68
2 4 93 14
2 5 5 92
2 6 79 26
2 7 61 33
2 8 72 35
2 9 8 84
2 10 43 62
2 11 80 31
2 12 67 33
2 13 2 89
2 14 71 29
2 15 95 17
2 16 63 32
2 17 85 23
2 18 73 36
2 19 43 58
2 20 50 43
2 21 42 61
2 22 33 60
2 23 53 43
2 24 66 38
2 25 98 5
2 26 73 31
2 27 63 43
2 28 15 84
2 29 99 0
2 30 28 72
2 31 9 85
2 32 88 15
2 33 34 66
2 34 80 21
2 35 21 75
2 36 62 43
2 37 82 29
2 38 43 48
2 39 18 80
2 40 15 82
2 41 79 31
2 42 90 11
2 43 14 86
2 44 55 51
3 4 84 26
3 5 96 13
3 6 54 40
3 7 45 55
3 8 40 62
3 9 84 17
3 10 27 67
3 11 12 89
3 12 71 31
3 13 59 34
3 14 42 63
3 15 18 71
3 16 61 41
3 17 35 60
3 18 55 42
3 19 20 79
3 20 61 46
3 21 85 13
3 22 82 15
3 23 86 24
3 24 76 28
3 25 75 33
3 26 45 59
3 27 69 31
3 28 89 18
3 29 25 71
3 30 92 14
3 31 71 34
3 32 50 51
3 33 44 59
3 34 10 87
3 35 31 60
3 36 5 90
3 37 86 22
3 38 19 75
3 39 45 61
3 40 48 53
3 41 58 48
3 42 84 26
3 43 1 85
3 44 66 31
4 5 23 72
4 6 91 15
4 7 30 71
4 8 77 24
4 9 87 18
4 10 79 18
4 11 16 79
4 12 84 22
4 13 63 42
4 14 42 55
4 15 96 3
4 16 2 84
4 17 4 84
4 18 73 26
4 19 97 15
4 20 3 95
4 21 82 21
4 22 6 83
4 23 26 76
4 24 85 14
4 25 95 4
4 26 87 17
4 27 67 39
4 28 21 68
4 29 68 27
4 30 53 52
4 31 25 64
4 32 41 62
4 33 88 19
4 34 65 34
4 35 41 56
4 36 38 60
4 37 49 51
4 38 4 82
4 39 81 27
4 40 67 32
4 41 43 49
4 42 25 74
4 43 97 12
4 44 23 73
5 6 46 47
5 7 61 37
5 8 71 26
5 9 81 24
5 10 63 36
5 11 17 70
5 12 44 47
5 13 29 65
5 14 77 30
5 15 14 83
5 16 26 74
5 17 9 81
5 18 49 55
5 19 14 86
5 20 26 76
5 21 53 51
5 22 50 55
5 23 40 59
5 24 67 30
5 25 17 75
5 26 58 40
5 27 30 67
5 28 72 34
5 29 34 57
5 30 20 79
5 31 12 77
5 32 77 25
5 33 59 35
5 34 83 17
5 35 47 51
5 36 73 28
5 37 9 85
5 38 15 84
5 39 64 34
5 40 35 59
5 41 93 6
5 42 55 51
5 43 65 34
5 44 53 43
6 7 96 5
6 8 9 88
6 9 18 72
6 10 33 60
6 11 3 84
6 12 43 54
6 13 79 30
6 14 65 37
6 15 52 40
6 16 80 18
6 17 17 85
6 18 80 31
6 19 29 67
6 20 93 10
6 21 45 55
6 22 19 78
6 23 37 56
6 24 10 86
6 25 15 73
6 26 14 84
6 27 89 12
6 28 89 12
6 29 86 13
6 30 91 16
6 31 20 80
6 32 36 66
6 33 77 30
6 34 34 69
6 35 65 43
6 36 35 57
6 37 98 4
6 38 51 46
6 39 3 91
6 40 73 28
6 41 93 18
6 42 68 36
6 43 39 60
6 44 88 14
7 8 78 21
7 9 63 38
7 10 23 69
7 11 76 30
7 12 3 93
7 13 33 60
7 14 59 46
7 15 28 70
7 16 58 39
7 17 87 19
7 18 25 74
7 19 88 16
7 20 90 9
7 21 22 80
7 22 72 30
7 23 26 69
7 24 77 33
7 25 45 50
7 26 66 32
7 27 17 79
7 28 34 56
7 29 82 22
7 30 97 13
7 31 78 32
7 32 74 30
7 33 90 9
7 34 99 15
7 35 94 15
7 36 43 59
7 37 87 21
7 38 13 75
7 39 1 97
7 40 12 75
7 41 72 23
7 42 57 36
7 43 71 30
7 44 47 51
8 9 44 58
8 10 92 9
8 11 47 45
8 12 97 12
8 13 68 41
8 14 47 54
8 15 24 75
8 16 22 69
8 17 13 83
8 18 24 73
8 19 32 72
8 20 82 20
8 21 42 54
8 22 27 72
8 23 74 34
8 24 65 37
8 25 99 10
8 26 52 54
8 27 0 94
8 28 33 65
8 29 50 45
8 30 46 47
8 31 64 34
8 32 92 12
8 33 45 50
8 34 22 70
8 35 37 64
8 36 62 33
8 37 56 42
8 38 90 22
8 39 10 90
8 40 63 32
8 41 39 58
8 42 86 14
8 43 2 83
8 44 56 50
9 10 95 5
9 11 43 57
9 12 22 67
9 13 46 56
9 14 40 51
9 15 35 66
9 16 15 79
9 17 20 77
9 18 81 21
9 19 71 33
9 20 56 48
9 21 36 56
9 22 63 37
9 23 37 55
9 24 92 16
9 25 77 22
9 26 40 57
9 27 44 58
9 28 83 20
9 29 2 88
9 30 22 71
9 31 82 17
9 32 43 58
9 33 62 42
9 34 31 66
9 35 58 50
9 36 9 84
9 37 21 71
9 38 82 25
9 39 93 11
9 40 12 77
9 41 35 60
9 42 3 94
9 43 39 55
9 44 91 15
10 11 99 4
10 12 97 6
10 13 2 85
10 14 35 68
10 15 76 34
10 16 97 7
10 17 54 41
10 18 86 18
10 19 53 43
10 20 94 11
10 21 2 89
10 22 53 43
10 23 88 10
10 24 52 46
10 25 30 63
10 26 22 67
10 27 53 43
10 28 5 89
10 29 20 77
10 30 62 36
10 31 62 35
10 32 79 21
10 33 22 77
10 34 11 89
10 35 30 65
10 36 72 29
10 37 49 43
10 38 98 12
10 39 20 70
10 40 56 39
10 41 98 13
10 42 44 52
10 43 93 18
10 44 46 47
11 12 40 65
11 13 50 53
11 14 73 34
11 15 65 42
11 16 11 83
11 17 64 44
11 18 21 70
11 19 82 15
11 20 2 94
11 21 69 34
11 22 36 63
11 23 33 56
11 24 83 19
11 25 40 54
11 26 8 78
11 27 9 78
11 28 4 94
11 29 58 40
11 30 49 55
11 31 99 11
11 32 21 69
11 33 44 51
11 34 42 49
11 35 64 37
11 36 8 87
11 37 94 13
11 38 81 25
11 39 65 38
11 40 92 14
11 41 56 50
11 42 2 96
11 43 72 31
11 44 16 75
12 13 8 92
12 14 13 86
12 15 41 59
12 16 59 43
12 17 87 13
12 18 7 81
12 19 23 75
12 20 4 92
12 21 86 19
12 22 3 89
12 23 38 54
12 24 33 61
12 25 95 11
12 26 35 65
12 27 57 47
12 28 19 70
12 29 71 29
12 30 13 87
12 31 64 39
12 32 71 26
12 33 74 31
12 34 40 57
12 35 75 30
12 36 75 28
12 37 21 79
12 38 79 27
12 39 41 59
12 40 65 39
12 41 51 49
12 42 75 27
12 43 51 51
12 44 89 24
13 14 1 87
13 15 29 70
13 16 34 70
13 17 2 95
13 18 42 55
13 19 77 21
13 20 12 75
13 21 33 59
13 22 42 54
13 23 78 28
13 24 75 26
13 25 29 62
13 26 74 25
13 27 69 34
13 28 33 63
13 29 39 53
13 30 98 1
13 31 77 19
13 32 46 50
13 33 80 28
13 34 19 68
13 35 39 54
13 36 16 82
13 37 70 28
13 38 83 28
13 39 95 12
13 40 72 27
13 41 65 35
13 42 51 46
13 43 80 25
13 44 41 51
14 15 36 56
14 16 94 14
14 17 49 55
14 18 5 85
14 19 2 93
14 20 20 70
14 21 71 34
14 22 88 22
14 23 14 86
14 24 26 71
14 25 0 98
14 26 66 30
14 27 99 5
14 28 66 41
14 29 2 91
14 30 46 50
14 31 97 9
14 32 33 61
14 33 0 89
14 34 80 17
14 35 92 8
14 36 77 31
14 37 50 42
14 38 83 19
14 39 60 36
14 40 75 26
14 41 0 96
14 42 3 95
14 43 34 61
14 44 74 23
15 16 65 40
15 17 42 51
15 18 1 98
15 19 92 7
15 20 19 69
15 21 86 21
15 22 14 86
15 23 74 25
15 24 55 47
15 25 71 25
15 26 49 52
15 27 90 11
15 28 60 43
15 29 58 35
15 30 52 48
15 31 44 54
15 32 80 24
15 33 58 42
15 34 11 79
15 35 40 62
15 36 24 69
15 37 57 40
15 38 15 83
15 39 50 44
15 40 44 54
15 41 59 40
15 42 69 36
15 43 75 24
15 44 82 21
16 17 22 76
16 18 73 28
16 19 97 16
16 20 39 60
16 21 99 9
16 22 69 29
16 23 69 30
16 24 85 18
16 25 32 61
16 26 84 26
16 27 95 7
16 28 38 63
16 29 61 39
16 30 56 38
16 31 82 23
16 32 97 3
16 33 56 45
16 34 1 90
16 35 12 75
16 36 49 47
16 37 21 75
16 38 70 37
16 39 21 76
16 40 30 65
16 41 14 79
16 42 23 67
16 43 2 83
16 44 11 83
17 18 18 80
17 19 1 97
17 20 41 56
17 21 61 34
17 22 34 62
17 23 58 35
17 24 73 35
17 25 77 24
17 26 41 53
17 27 34 57
17 28 42 55
17 29 98 2
17 30 86 11
17 31 3 94
17 32 85 24
17 33 96 17
17 34 92 16
17 35 54 53
17 36 81 28
17 37 28 64
17 38 97 6
17 39 0 88
17 40 87 24
17 41 79 18
17 42 47 53
17 43 12 80
17 44 5 94
18 19 40 56
18 20 40 57
18 21 7 88
18 22 54 45
18 23 99 13
18 24 43 54
18 25 28 73
18 26 16 78
18 27 39 55
18 28 57 37
18 29 43 50
18 30 74 30
18 31 93 12
18 32 33 63
18 33 37 52
18 34 5 93
18 35 23 69
18 36 95 14
18 37 6 82
18 38 52 41
18 39 28 64
18 40 86 14
18 41 10 78
18 42 27 66
18 43 35 62
18 44 35 63
19 20 14 76
19 21 51 47
19 22 95 10
19 23 58 47
19 24 45 57
19 25 98 7
19 26 55 52
19 27 24 64
19 28 62 38
19 29 65 31
19 30 80 26
19 31 33 57
19 32 42 52
19 33 46 58
19 34 2 88
19 35 55 49
19 36 79 32
19 37 68 39
19 38 54 40
19 39 76 26
19 40 38 53
19 41 66 42
19 42 54 52
19 43 9 80
19 44 84 25
20 21 5 92
20 22 61 38
20 23 61 41
20 24 32 60
20 25 10 89
20 26 30 71
20 27 7 86
20 28 92 19
20 29 81 16
20 30 32 64
20 31 92 20
20 32 58 40
20 33 85 14
20 34 0 89
20 35 63 45
20 36 40 51
20 37 13 77
20 38 14 84
20 39 87 11
20 40 77 19
20 41 88 17
20 42 74 35
20 43 14 80
20 44 78 31
21 22 19 71
21 23 14 85
21 24 0 98
21 25 46 60
21 26 5 94
21 27 88 18
21 28 78 27
21 29 81 29
21 30 59 38
21 31 72 31
21 32 54 44
21 33 14 87
21 34 83 16
21 35 69 37
21 36 63 36
21 37 47 45
21 38 52 45
21 39 72 26
21 40 64 43
21 41 14 73
21 42 22 75
21 43 50 54
21 44 41 58
22 23 7 85
22 24 64 38
22 25 98 15
22 26 87 22
22 27 19 75
22 28 70 32
22 29 52 54
22 30 45 52
22 31 70 37
22 32 39 65
22 33 55 38
22 34 62 34
22 35 68 39
22 36 59 44
22 37 13 85
22 38 14 75
22 39 19 81
22 40 3 90
22 41 19 76
22 42 82 20
22 43 75 23
22 44 68 29
23 24 23 77
23 25 89 12
23 26 18 81
23 27 82 25
23 28 47 57
23 29 27 72
23 30 43 62
23 31 47 46
23 32 80 25
23 33 50 51
23 34 21 67
23 35 93 15
23 36 51 44
23 37 16 80
23 38 58 42
23 39 29 73
23 40 76 33
23 41 69 38
23 42 46 55
23 43 63 42
23 44 84 20
24 25 76 30
24 26 98 8
24 27 64 41
24 28 88 19
24 29 91 18
24 30 75 27
24 31 60 39
24 32 29 67
24 33 56 41
24 34 9 91
24 35 13 77
24 36 56 40
24 37 58 37
24 38 1 95
24 39 32 69
24 40 80 20
24 41 88 17
24 42 3 89
24 43 5 92
24 44 45 54
25 26 44 51
25 27 95 15
25 28 50 45
25 29 25 72
25 30 78 32
25 31 40 55
25 32 86 15
25 33 87 23
25 34 88 12
25 35 54 41
25 36 68 28
25 37 8 82
25 38 70 27
25 39 20 67
25 40 46 48
25 41 39 51
25 42 75 29
25 43 14 84
25 44 86 25
26 27 47 46
26 28 5 86
26 29 76 25
26 30 13 81
26 31 77 26
26 32 68 27
26 33 19 76
26 34 11 84
26 35 31 66
26 36 85 12
26 37 78 23
26 38 56 47
26 39 62 35
26 40 94 15
26 41 0 95
26 42 9 77
26 43 97 16
26 44 5 92
27 28 21 77
27 29 31 66
27 30 26 67
27 31 58 46
27 32 97 13
27 33 51 43
27 34 90 11
27 35 36 60
27 36 35 69
27 37 28 75
27 38 89 17
27 39 34 64
27 40 49 51
27 41 81 27
27 42 36 56
27 43 91 10
27 44 59 37
28 29 18 71
28 30 37 66
28 31 36 55
28 32 25 68
28 33 37 67
28 34 58 37
28 35 65 34
28 36 16 72
28 37 73 36
28 38 30 71
28 39 89 23
28 40 58 47
28 41 34 67
28 42 23 75
28 43 46 56
28 44 35 63
29 30 16 73
29 31 49 53
29 32 30 65
29 33 12 78
29 34 84 20
29 35 84 14
29 36 46 51
29 37 0 97
29 38 34 67
29 39 83 21
29 40 97 8
29 41 56 41
29 42 97 6
29 43 12 87
29 44 60 40
30 31 60 46
30 32 50 42
30 33 65 39
30 34 31 67
30 35 86 22
30 36 88 11
30 37 2 95
30 38 45 47
30 39 91 13
30 40 71 33
30 41 73 28
30 42 56 49
30 43 54 47
30 44 91 7
31 32 12 86
31 33 53 48
31 34 30 69
31 35 94 15
31 36 75 33
31 37 86 13
31 38 11 83
31 39 35 63
31 40 4 83
31 41 18 82
31 42 12 77
31 43 70 34
31 44 89 23
32 33 24 70
32 34 74 30
32 35 51 48
32 36 16 74
32 37 30 71
32 38 42 58
32 39 18 83
32 40 90 19
32 41 43 61
32 42 66 33
32 43 61 45
32 44 74 36
33 34 96 9
33 35 0 94
33 36 57 50
33 37 24 75
33 38 56 46
33 39 45 52
33 40 1 84
33 41 79 27
33 42 9 85
33 43 87 23
33 44 86 13
34 35 96 17
34 36 28 65
34 37 16 75
34 38 67 38
34 39 97 6
34 40 20 68
34 41 5 87
34 42 43 49
34 43 57 41
34 44 23 66
35 36 93 14
35 37 83 23
35 38 23 68
35 39 57 46
35 40 2 85
35 41 49 43
35 42 42 56
35 43 48 49
35 44 28 66
36 37 56 46
36 38 31 67
36 39 51 46
36 40 74 34
36 41 24 66
36 42 58 48
36 43 22 66
36 44 16 80
37 38 20 68
37 39 45 55
37 40 77 21
37 41 3 90
37 42 20 78
37 43 57 51
37 44 29 66
38 39 5 89
38 40 80 30
38 41 76 20
38 42 99 5
38 43 92 15
38 44 12 85
39 40 85 18
39 41 2 87
39 42 49 53
39 43 48 47
39 44 56 46
40 41 77 28
40 42 59 44
40 43 44 48
40 44 82 26
41 42 99 7
41 43 53 52
41 44 74 33
42 43 14 73
42 44 47 57
43 44 97 12
