48
0 1 27 63
0 2 24 65
0 3 79 20
0 4 65 32
0 5 24 76
0 6 95 7
0 7 43 57
0 8 87 24
0 9 29 67
0 10 84 18
0 11 97 12
0 12 67 31
0 13 54 52
0 14 12 82
0 15 73 26
0 16 35 56
0 17 82 18
0 18 4 83
0 19 91 17
0 20 94 13
0 21 25 67
0 22 75 21
0 23 22 71
0 24 12 83
0 25 13 82
0 26 66 39
0 27 40 64
0 28 91 17
0 29 62 40
0 30 93 8
0 31 18 78
0 32 65 33
0 33 59 40
0 34 78 24
0 35 89 10
0 36 16 72
0 37 54 50
0 38 48 54
0 39 85 17
0 40 95 18
0 41 61 46
0 42 83 16
0 43 29 62
0 44 52 42
0 45 66 29
0 46 43 49
0 47 20 76
1 2 78 28
1 3 23 73
1 4 46 46
1 5 42 50
1 6 35 58
1 7 3 94
1 8 66 30
1 9 38 55
1 10 31 69
1 11 13 79
1 12 23 74
1 13 54 44
1 14 68 33
1 15 58 47
1 16 43 62
1 17 89 11
1 18 56 50
1 19 21 78
1 20 75 34
1 21 34 65
1 22 53 42
1 23 80 24
1 24 2 91
1 25 12 78
1 26 74 30
1 27 71 24
1 28 33 61
1 29 12 80
1 30 74 26
1 31 63 43
1 32 99 7
1 33 60 41
1 34 71 24
1 35 78 27
1 36 22 73
1 37 39 53
1 38 33 70
1 39 71 34
1 40 90 19
1 41 23 73
1 42 83 19
1 43 94 12
1 44 11 82
1 45 3 89
1 46 27 75
1 47 29 70
2 3 97 11
2 4 88 15
2 5 24 78
2 6 81 21
2 7 93 8
2 8 14 75
2 9 26 72
2 10 29 61
2 11 38 57
2 12 26 73
2 13 66 29
2 14 92 6
2 15 15 79
2 16 10 85
2 17 39 61
2 18 3 92
2 19 62 43
2 20 88 11
2 21 59 43
2 22 97 9
2 23 42 61
2 24 28 65
2 25 26 68
2 26 26 63
2 27 52 52
2 28 88 14
2 29 28 71
2 30 84 25
2 31 60 44
2 32 84 24
2 33 84 21
2 34 58 37
2 35 96 13
2 36 22 74
2 37 17 73
2 38 75 33
2 39 10 78
2 40 49 53
2 41 22 67
2 42 67 34
2 43 10 77
2 44 18 84
2 45 84 23
2 46 23 66
2 47 45 46
3 4 91 22
3 5 63 40
3 6 25 73
3 7 65 38
3 8 41 62
3 9 53 47
3 10 43 56
3 11 39 58
3 12 68 36
3 13 55 50
3 14 54 39
3 15 52 48
3 16 78 20
3 17 16 84
3 18 27 66
3 19 96 11
3 20 6 87
3 21 18 70
3 22 27 62
3 23 57 46
3 24 25 65
3 25 7 91
3 26 13 88
3 27 94 6
3 28 71 33
3 29 13 81
3 30 28 70
3 31 37 60
3 32 22 76
3 33 7 88
3 34 39 65
3 35 7 92
3 36 76 23
3 37 70 27
3 38 56 38
3 39 74 28
3 40 79 26
3 41 14 85
3 42 19 79
3 43 61 34
3 44 98 11
3 45 82 15
3 46 67 39
3 47 31 67
4 5 90 20
4 6 72 29
4 7 72 30
4 8 97 11
4 9 67 29
4 10 8 83
4 11 79 26
4 12 4 87
4 13 91 8
4 14 54 44
4 15 86 16
4 16 60 41
4 17 87 22
4 18 98 11
4 19 28 69
4 20 1 96
4 21 24 72
4 22 38 63
4 23 48 54
4 24 31 59
4 25 58 49
4 26 86 25
4 27 88 13
4 28 45 55
4 29 71 27
4 30 86 25
4 31 53 48
4 32 68 32
4 33 14 83
4 34 59 40
4 35 35 56
4 36 33 57
4 37 24 79
4 38 81 16
4 39 1 89
4 40 52 52
4 41 43 54
4 42 53 48
4 43 86 14
4 44 34 60
4 45 52 53
4 46 26 63
4 47 17 85
5 6 12 77
5 7 10 77
5 8 39 66
5 9 1 86
5 10 20 82
5 11 35 65
5 12 94 8
5 13 28 75
5 14 98 14
5 15 88 22
5 16 88 13
5 17 42 59
5 18 23 77
5 19 18 72
5 20 79 31
5 21 74 28
5 22 18 71
5 23 71 26
5 24 67 42
5 25 40 54
5 26 14 80
5 27 70 25
5 28 10 76
5 29 86 18
5 30 42 52
5 31 31 64
5 32 40 63
5 33 2 85
5 34 70 37
5 35 70 35
5 36 19 68
5 37 30 65
5 38 14 83
5 39 9 91
5 40 18 78
5 41 60 43
5 42 71 36
5 43 44 58
5 44 9 83
5 45 64 36
5 46 97 12
5 47 96 8
6 7 4 90
6 8 45 54
6 9 38 57
6 10 61 40
6 11 90 15
6 12 44 55
6 13 93 6
6 14 6 89
6 15 22 80
6 16 56 38
6 17 79 31
6 18 3 90
6 19 13 84
6 20 52 44
6 21 53 47
6 22 56 42
6 23 62 35
6 24 43 58
6 25 67 34
6 26 54 39
6 27 35 56
6 28 24 71
6 29 31 59
6 30 75 27
6 31 15 81
6 32 24 79
6 33 45 58
6 34 89 14
6 35 20 74
6 36 35 66
6 37 31 59
6 38 12 82
6 39 24 68
6 40 5 84
6 41 16 71
6 42 49 57
6 43 47 56
6 44 5 93
6 45 27 72
6 46 38 65
6 47 93 9
7 8 72 28
7 9 78 21
7 10 25 66
7 11 65 31
7 12 53 46
7 13 46 59
7 14 5 92
7 15 74 25
7 16 21 79
7 17 0 95
7 18 44 54
7 19 80 23
7 20 37 60
7 21 92 12
7 22 59 35
7 23 63 38
7 24 49 48
7 25 7 91
7 26 57 38
7 27 35 59
7 28 71 38
7 29 79 22
7 30 83 15
7 31 88 16
7 32 12 75
7 33 4 88
7 34 11 79
7 35 39 61
7 36 15 74
7 37 78 19
7 38 22 69
7 39 18 76
7 40 45 61
7 41 29 62
7 42 35 61
7 43 18 77
7 44 23 67
7 45 57 45
7 46 93 16
7 47 54 38
8 9 40 56
8 10 96 12
8 11 2 89
8 12 95 17
8 13 68 28
8 14 81 28
8 15 95 16
8 16 62 41
8 17 88 11
8 18 31 64
8 19 26 63
8 20 46 48
8 21 70 39
8 22 80 20
8 23 67 33
8 24 42 53
8 25 11 77
8 26 85 15
8 27 5 85
8 28 85 25
8 29 4 84
8 30 85 17
8 31 45 53
8 32 30 72
8 33 68 35
8 34 96 13
8 35 32 60
8 36 99 10
8 37 56 45
8 38 95 11
8 39 71 29
8 40 25 71
8 41 54 50
8 42 58 47
8 43 35 67
8 44 53 40
8 45 92 10
8 46 49 56
8 47 86 20
9 10 91 12
9 11 95 15
9 12 27 64
9 13 31 63
9 14 79 23
9 15 51 53
9 16 15 77
9 17 14 79
9 18 58 35
9 19 34 65
9 20 47 46
9 21 81 29
9 22 42 57
9 23 15 79
9 24 44 58
9 25 60 43
9 26 33 59
9 27 58 50
9 28 68 39
9 29 64 35
9 30 1 97
9 31 75 31
9 32 57 45
9 33 72 32
9 34 75 27
9 35 25 66
9 36 57 44
9 37 24 65
9 38 19 75
9 39 90 20
9 40 25 77
9 41 13 86
9 42 52 46
9 43 69 28
9 44 94 8
9 45 7 87
9 46 60 40
9 47 70 36
10 11 50 54
10 12 60 37
10 13 33 66
10 14 17 83
10 15 95 4
10 16 8 79
10 17 72 27
10 18 31 68
10 19 45 47
10 20 49 47
10 21 99 10
10 22 65 37
10 23 11 84
10 24 38 62
10 25 22 74
10 26 19 71
10 27 3 83
10 28 48 49
10 29 80 26
10 30 57 43
10 31 4 85
10 32 41 58
10 33 57 41
10 34 78 20
10 35 18 76
10 36 30 69
10 37 83 25
10 38 71 38
10 39 2 96
10 40 36 59
10 41 44 49
10 42 77 31
10 43 95 5
10 44 31 67
10 45 3 89
10 46 7 86
10 47 49 49
11 12 4 92
11 13 1 85
11 14 87 13
11 15 11 79
11 16 72 37
11 17 36 67
11 18 14 77
11 19 46 55
11 20 53 43
11 21 57 40
11 22 59 40
11 23 9 91
11 24 85 27
11 25 47 48
11 26 99 1
11 27 82 20
11 28 54 51
11 29 93 9
11 30 18 78
11 31 59 39
11 32 0 97
11 33 13 74
11 34 0 92
11 35 98 5
11 36 52 50
11 37 41 51
11 38 58 40
11 39 38 58
11 40 83 16
11 41 1 96
11 42 42 53
11 43 10 82
11 44 6 80
11 45 18 83
11 46 58 42
11 47 97 16
12 13 72 33
12 14 97 15
12 15 18 74
12 16 89 20
12 17 67 40
12 18 12 81
12 19 33 66
12 20 16 73
12 21 8 81
12 22 8 79
12 23 0 87
12 24 38 65
12 25 17 71
12 26 53 39
12 27 8 82
12 28 80 23
12 29 84 15
12 30 19 71
12 31 85 12
12 32 35 59
12 33 9 80
12 34 67 30
12 35 47 58
12 36 33 64
12 37 26 62
12 38 69 39
12 39 73 31
12 40 43 50
12 41 98 10
12 42 96 3
12 43 35 66
12 44 88 13
12 45 51 54
12 46 43 59
12 47 52 50
13 14 47 44
13 15 39 62
13 16 62 38
13 17 32 59
13 18 58 47
13 19 47 56
13 20 0 93
13 21 56 47
13 22 33 70
13 23 84 16
13 24 18 76
13 25 15 77
13 26 60 47
13 27 72 27
13 28 38 52
13 29 92 6
13 30 46 58
13 31 67 35
13 32 2 84
13 33 85 19
13 34 44 60
13 35 47 59
13 36 69 39
13 37 52 54
13 38 94 15
13 39 93 17
13 40 83 26
13 41 54 49
13 42 57 39
13 43 34 60
13 44 38 63
13 45 17 72
13 46 9 88
13 47 79 26
14 15 58 41
14 16 6 80
14 17 68 31
14 18 46 50
14 19 96 7
14 20 51 49
14 21 96 6
14 22 48 48
14 23 24 65
14 24 83 15
14 25 98 14
14 26 6 91
14 27 1 88
14 28 29 62
14 29 58 39
14 30 89 21
14 31 8 87
14 32 59 41
14 33 91 21
14 34 71 35
14 35 51 43
14 36 27 68
14 37 92 6
14 38 30 63
14 39 95 17
14 40 45 59
14 41 15 84
14 42 41 56
14 43 43 60
14 44 29 68
14 45 79 29
14 46 52 46
14 47 54 40
15 16 54 42
15 17 99 1
15 18 85 21
15 19 64 41
15 20 33 68
15 21 41 53
15 22 12 81
15 23 29 66
15 24 91 10
15 25 4 81
15 26 70 28
15 27 19 74
15 28 9 85
15 29 30 69
15 30 89 15
15 31 47 52
15 32 95 14
15 33 4 84
15 34 25 73
15 35 87 14
15 36 82 24
15 37 41 56
15 38 59 47
15 39 82 15
15 40 26 74
15 41 31 70
15 42 42 50
15 43 88 15
15 44 50 53
15 45 80 17
15 46 32 57
15 47 62 37
16 17 68 28
16 18 37 63
16 19 33 57
16 20 89 16
16 21 47 51
16 22 20 74
16 23 36 64
16 24 86 22
16 25 76 32
16 26 74 28
16 27 2 90
16 28 68 40
16 29 4 96
16 30 99 5
16 31 0 94
16 32 3 97
16 33 12 83
16 34 52 49
16 35 11 87
16 36 71 36
16 37 73 32
16 38 76 29
16 39 64 42
16 40 63 46
16 41 3 94
16 42 29 73
16 43 27 69
16 44 50 48
16 45 76 28
16 46 39 65
16 47 0 87
17 18 30 67
17 19 64 41
17 20 36 68
17 21 36 58
17 22 11 89
17 23 82 25
17 24 86 14
17 25 9 90
17 26 28 74
17 27 17 81
17 28 79 25
17 29 82 21
17 30 31 58
17 31 26 75
17 32 66 41
17 33 55 46
17 34 5 95
17 35 69 38
17 36 58 37
17 37 44 49
17 38 99 0
17 39 1 83
17 40 15 81
17 41 5 88
17 42 73 35
17 43 50 45
17 44 63 31
17 45 62 34
17 46 24 68
17 47 87 13
18 19 53 50
18 20 52 46
18 21 49 49
18 22 79 28
18 23 79 22
18 24 61 46
18 25 8 87
18 26 7 81
18 27 67 32
18 28 16 83
18 29 73 22
18 30 16 79
18 31 29 62
18 32 41 58
18 33 81 20
18 34 14 78
18 35 96 14
18 36 33 59
18 37 94 18
18 38 38 66
18 39 8 89
18 40 5 81
18 41 31 62
18 42 1 84
18 43 20 73
18 44 63 38
18 45 80 16
18 46 35 62
18 47 90 20
19 20 70 37
19 21 61 41
19 22 18 77
19 23 93 13
19 24 35 57
19 25 25 77
19 26 40 55
19 27 43 60
19 28 43 51
19 29 46 51
19 30 20 73
19 31 81 19
19 32 5 93
19 33 6 88
19 34 15 84
19 35 73 33
19 36 62 32
19 37 96 11
19 38 71 27
19 39 21 74
19 40 41 59
19 41 68 34
19 42 12 89
19 43 78 19
19 44 98 9
19 45 72 35
19 46 21 78
19 47 9 77
20 21 17 82
20 22 80 17
20 23 88 14
20 24 13 76
20 25 15 72
20 26 12 79
20 27 99 14
20 28 10 82
20 29 72 30
20 30 25 64
20 31 12 85
20 32 77 24
20 33 66 39
20 34 0 95
20 35 60 37
20 36 52 46
20 37 83 14
20 38 67 31
20 39 80 22
20 40 83 20
20 41 74 29
20 42 22 66
20 43 50 45
20 44 98 11
20 45 36 58
20 46 76 23
20 47 97 5
21 22 97 3
21 23 48 56
21 24 72 37
21 25 79 23
21 26 86 21
21 27 74 29
21 28 32 70
21 29 73 30
21 30 12 89
21 31 62 34
21 32 22 73
21 33 1 88
21 34 74 31
21 35 64 36
21 36 85 20
21 37 12 77
21 38 14 79
21 39 90 22
21 40 1 87
21 41 99 8
21 42 69 39
21 43 77 20
21 44 4 93
21 45 33 65
21 46 40 53
21 47 47 45
22 23 4 91
22 24 10 88
22 25 2 97
22 26 57 36
22 27 72 32
22 28 45 57
22 29 25 67
22 30 84 21
22 31 2 95
22 32 65 35
22 33 47 58
22 34 82 17
22 35 43 53
22 36 41 57
22 37 40 60
22 38 62 43
22 39 8 80
22 40 53 45
22 41 62 38
22 42 19 71
22 43 39 58
22 44 36 66
22 45 0 91
22 46 31 62
22 47 32 63
23 24 69 37
23 25 22 74
23 26 93 8
23 27 18 76
23 28 35 63
23 29 94 6
23 30 99 7
23 31 59 49
23 32 78 24
23 33 13 74
23 34 36 60
23 35 92 17
23 36 8 81
23 37 67 35
23 38 71 25
23 39 86 25
23 40 60 38
23 41 74 35
23 42 74 34
23 43 0 86
23 44 92 18
23 45 14 84
23 46 74 34
23 47 25 64
24 25 28 71
24 26 4 95
24 27 92 16
24 28 29 63
24 29 16 76
24 30 83 19
24 31 64 33
24 32 28 61
24 33 97 11
24 34 66 33
24 35 53 46
24 36 93 7
24 37 82 28
24 38 19 82
24 39 62 34
24 40 91 12
24 41 18 84
24 42 79 19
24 43 68 32
24 44 93 12
24 45 21 75
24 46 26 72
24 47 93 10
25 26 83 16
25 27 70 33
25 28 30 62
25 29 61 44
25 30 57 37
25 31 33 63
25 32 63 45
25 33 73 32
25 34 91 9
25 35 20 82
25 36 54 43
25 37 22 76
25 38 41 60
25 39 94 8
25 40 47 55
25 41 26 77
25 42 30 70
25 43 25 72
25 44 65 34
25 45 43 57
25 46 41 49
25 47 80 27
26 27 21 72
26 28 57 39
26 29 4 84
26 30 42 63
26 31 40 64
26 32 90 11
26 33 14 79
26 34 39 51
26 35 59 44
26 36 55 51
26 37 0 97
26 38 23 67
26 39 85 19
26 40 45 48
26 41 35 67
26 42 19 82
26 43 70 38
26 44 80 24
26 45 69 39
26 46 92 11
26 47 71 32
27 28 47 49
27 29 15 74
27 30 21 69
27 31 94 6
27 32 62 45
27 33 53 47
27 34 31 60
27 35 39 51
27 36 20 69
27 37 53 43
27 38 61 43
27 39 1 94
27 40 76 21
27 41 30 63
27 42 3 87
27 43 84 27
27 44 89 18
27 45 58 45
27 46 50 52
27 47 20 75
28 29 69 30
28 30 20 69
28 31 59 43
28 32 31 59
28 33 72 38
28 34 0 96
28 35 88 12
28 36 15 79
28 37 52 43
28 38 91 9
28 39 4 92
28 40 37 62
28 41 6 81
28 42 33 68
28 43 11 85
28 44 5 89
28 45 67 40
28 46 29 67
28 47 29 61
29 30 89 21
29 31 62 37
29 32 10 83
29 33 34 67
29 34 11 84
29 35 73 35
29 36 22 75
29 37 42 52
29 38 23 72
29 39 25 69
29 40 98 9
29 41 62 39
29 42 88 20
29 43 97 16
29 44 47 56
29 45 72 34
29 46 43 58
29 47 61 40
30 31 15 72
30 32 20 73
30 33 29 69
30 34 33 71
30 35 36 55
30 36 76 20
30 37 58 44
30 38 17 75
30 39 63 42
30 40 3 88
30 41 4 89
30 42 96 8
30 43 9 87
30 44 33 65
30 45 31 72
30 46 11 78
30 47 10 78
31 32 38 63
31 33 69 27
31 34 24 76
31 35 47 46
31 36 61 47
31 37 92 9
31 38 39 62
31 39 63 33
31 40 53 52
31 41 7 84
31 42 72 31
31 43 21 77
31 44 99 15
31 45 65 33
31 46 37 67
31 47 35 65
32 33 88 14
32 34 30 62
32 35 97 3
32 36 66 37
32 37 97 10
32 38 5 92
32 39 55 48
32 40 49 46
32 41 92 17
32 42 80 22
32 43 24 74
32 44 58 44
32 45 11 78
32 46 98 2
32 47 27 69
33 34 37 63
33 35 96 15
33 36 31 70
33 37 89 16
33 38 31 60
33 39 50 46
33 40 87 16
33 41 2 88
33 42 51 42
33 43 41 59
33 44 42 49
33 45 78 18
33 46 48 55
33 47 17 79
34 35 23 69
34 36 1 90
34 37 41 59
34 38 71 35
34 39 90 21
34 40 65 40
34 41 91 11
34 42 76 29
34 43 73 26
34 44 32 60
34 45 47 52
34 46 96 3
34 47 7 80
35 36 35 57
35 37 94 18
35 38 82 17
35 39 26 76
35 40 62 33
35 41 88 19
35 42 36 68
35 43 94 17
35 44 94 7
35 45 87 11
35 46 60 34
35 47 15 85
36 37 5 91
36 38 70 39
36 39 54 44
36 40 35 62
36 41 62 35
36 42 52 49
36 43 28 61
36 44 91 20
36 45 83 14
36 46 76 28
36 47 61 40
37 38 2 88
37 39 93 12
37 40 9 78
37 41 23 66
37 42 67 27
37 43 90 8
37 44 87 23
37 45 67 34
37 46 64 32
37 47 73 32
38 39 78 31
38 40 5 82
38 41 15 72
38 42 97 15
38 43 87 15
38 44 80 30
38 45 70 36
38 46 44 62
38 47 63 40
39 40 41 49
39 41 84 14
39 42 62 34
39 43 31 69
39 44 25 66
39 45 8 88
39 46 32 64
39 47 26 65
40 41 80 30
40 42 77 20
40 43 95 13
40 44 95 6
40 45 78 24
40 46 39 64
40 47 87 15
41 42 45 47
41 43 82 21
41 44 86 18
41 45 47 48
41 46 31 69
41 47 2 90
42 43 34 60
42 44 7 84
42 45 24 67
42 46 3 89
42 47 40 53
43 44 23 75
43 45 34 58
43 46 42 60
43 47 92 16
44 45 47 51
44 46 49 44
44 47 81 21
45 46 7 85
45 47 58 48
46 47 59 35
