48
0 1 34 13
0 2 95 1
0 3 34 86
0 4 31 72
0 5 13 63
0 6 10 73
0 7 65 63
0 8 64 32
0 9 35 79
0 10 54 70
0 11 48 52
0 12 46 82
0 13 44 29
0 14 29 49
0 15 74 81
0 16 89 57
0 17 29 14
0 18 70 30
0 19 7 56
0 20 75 48
0 21 28 73
0 22 34 86
0 23 14 35
0 24 67 67
0 25 79 17
0 26 69 9
0 27 9 25
0 28 8 72
0 29 46 41
0 30 50 76
0 31 59 24
0 32 8 97
0 33 92 74
0 34 45 88
0 35 98 72
0 36 66 23
0 37 58 22
0 38 39 68
0 39 74 55
0 40 97 75
0 41 65 76
0 42 24 94
0 43 21 42
0 44 3 74
0 45 97 49
0 46 79 74
0 47 38 37
1 2 3 62
1 3 45 61
1 4 72 82
1 5 59 56
1 6 33 75
1 7 31 86
1 8 65 25
1 9 3 49
1 10 25 79
1 11 1 83
1 12 39 89
1 13 48 51
1 14 74 40
1 15 67 13
1 16 86 74
1 17 41 91
1 18 22 63
1 19 76 61
1 20 1 75
1 21 63 78
1 22 21 48
1 23 15 55
1 24 18 80
1 25 29 23
1 26 13 46
1 27 94 45
1 28 93 64
1 29 14 60
1 30 55 83
1 31 94 66
1 32 71 12
1 33 89 22
1 34 91 6
1 35 52 11
1 36 29 18
1 37 58 57
1 38 68 13
1 39 25 60
1 40 34 72
1 41 20 37
1 42 84 16
1 43 66 47
1 44 14 79
1 45 2 75
1 46 97 25
1 47 86 30
2 3 9 64
2 4 90 47
2 5 5 31
2 6 54 41
2 7 2 43
2 8 69 26
2 9 71 66
2 10 27 57
2 11 68 83
2 12 6 72
2 13 36 34
2 14 51 16
2 15 65 25
2 16 34 35
2 17 52 57
2 18 92 16
2 19 42 44
2 20 95 70
2 21 2 71
2 22 95 69
2 23 30 45
2 24 75 70
2 25 58 52
2 26 12 52
2 27 56 42
2 28 76 8
2 29 38 66
2 30 55 51
2 31 29 73
2 32 59 10
2 33 29 85
2 34 50 55
2 35 13 62
2 36 24 36
2 37 36 66
2 38 52 55
2 39 41 37
2 40 75 66
2 41 82 14
2 42 30 89
2 43 26 41
2 44 5 36
2 45 18 70
2 46 32 64
2 47 79 74
3 4 14 57
3 5 27 28
3 6 63 80
3 7 16 68
3 8 90 27
3 9 79 15
3 10 13 81
3 11 68 70
3 12 3 93
3 13 30 34
3 14 6 34
3 15 6 65
3 16 70 65
3 17 52 24
3 18 81 46
3 19 18 25
3 20 91 63
3 21 51 69
3 22 13 26
3 23 0 26
3 24 48 48
3 25 10 36
3 26 27 80
3 27 74 7
3 28 36 46
3 29 43 56
3 30 21 65
3 31 75 42
3 32 25 18
3 33 1 57
3 34 84 32
3 35 88 20
3 36 41 30
3 37 6 57
3 38 1 73
3 39 15 22
3 40 28 43
3 41 53 57
3 42 59 36
3 43 49 36
3 44 55 12
3 45 82 65
3 46 37 33
3 47 90 35
4 5 93 32
4 6 29 26
4 7 14 72
4 8 42 84
4 9 63 25
4 10 91 31
4 11 26 21
4 12 16 68
4 13 72 51
4 14 21 52
4 15 37 53
4 16 58 43
4 17 27 34
4 18 65 64
4 19 49 12
4 20 3 97
4 21 29 75
4 22 13 19
4 23 41 79
4 24 57 64
4 25 66 46
4 26 69 82
4 27 81 82
4 28 32 71
4 29 75 67
4 30 70 21
4 31 66 10
4 32 20 41
4 33 13 34
4 34 84 4
4 35 23 86
4 36 23 61
4 37 14 89
4 38 11 53
4 39 55 85
4 40 12 88
4 41 72 82
4 42 61 40
4 43 98 75
4 44 54 43
4 45 52 52
4 46 29 26
4 47 43 46
5 6 24 19
5 7 35 36
5 8 28 79
5 9 5 80
5 10 96 15
5 11 14 22
5 12 2 20
5 13 17 67
5 14 25 88
5 15 94 18
5 16 7 43
5 17 96 70
5 18 38 62
5 19 2 78
5 20 55 61
5 21 18 62
5 22 6 37
5 23 2 76
5 24 31 28
5 25 16 66
5 26 71 40
5 27 9 43
5 28 84 77
5 29 10 75
5 30 58 10
5 31 91 16
5 32 6 45
5 33 58 56
5 34 1 46
5 35 63 30
5 36 88 19
5 37 1 87
5 38 36 44
5 39 23 84
5 40 66 78
5 41 62 44
5 42 25 71
5 43 58 79
5 44 79 26
5 45 13 68
5 46 54 82
5 47 12 76
6 7 81 5
6 8 1 81
6 9 74 15
6 10 55 15
6 11 63 86
6 12 4 29
6 13 81 23
6 14 26 90
6 15 53 56
6 16 35 72
6 17 82 49
6 18 78 41
6 19 33 27
6 20 7 24
6 21 91 54
6 22 90 56
6 23 64 54
6 24 14 50
6 25 4 86
6 26 22 67
6 27 71 15
6 28 87 51
6 29 94 59
6 30 59 57
6 31 45 76
6 32 76 49
6 33 12 73
6 34 32 90
6 35 48 50
6 36 15 39
6 37 46 22
6 38 22 25
6 39 46 45
6 40 91 17
6 41 14 18
6 42 79 33
6 43 90 49
6 44 29 43
6 45 22 70
6 46 22 26
6 47 66 15
7 8 36 24
7 9 11 33
7 10 24 57
7 11 84 3
7 12 81 16
7 13 7 79
7 14 25 28
7 15 51 38
7 16 89 44
7 17 61 35
7 18 39 82
7 19 10 29
7 20 70 67
7 21 77 66
7 22 77 31
7 23 46 52
7 24 97 39
7 25 62 38
7 26 90 14
7 27 95 9
7 28 25 65
7 29 1 25
7 30 71 73
7 31 26 69
7 32 80 9
7 33 14 39
7 34 17 66
7 35 19 31
7 36 43 85
7 37 10 29
7 38 89 3
7 39 14 69
7 40 99 25
7 41 67 38
7 42 4 26
7 43 90 77
7 44 33 90
7 45 59 71
7 46 20 62
7 47 5 31
8 9 76 63
8 10 71 55
8 11 3 28
8 12 40 30
8 13 61 52
8 14 42 18
8 15 30 82
8 16 22 23
8 17 81 30
8 18 97 78
8 19 65 27
8 20 12 51
8 21 37 84
8 22 13 62
8 23 66 67
8 24 77 12
8 25 59 30
8 26 31 79
8 27 11 54
8 28 44 73
8 29 40 84
8 30 88 11
8 31 2 90
8 32 83 50
8 33 97 47
8 34 49 74
8 35 29 67
8 36 73 33
8 37 38 55
8 38 47 17
8 39 4 68
8 40 85 12
8 41 63 20
8 42 40 24
8 43 57 32
8 44 75 10
8 45 36 90
8 46 71 58
8 47 1 92
9 10 10 88
9 11 92 37
9 12 16 69
9 13 92 64
9 14 59 21
9 15 28 25
9 16 68 56
9 17 54 45
9 18 47 23
9 19 79 18
9 20 60 50
9 21 35 75
9 22 45 15
9 23 77 79
9 24 35 43
9 25 0 67
9 26 71 81
9 27 97 78
9 28 6 87
9 29 74 65
9 30 37 68
9 31 45 42
9 32 0 51
9 33 89 46
9 34 76 69
9 35 0 76
9 36 19 20
9 37 8 95
9 38 2 42
9 39 74 16
9 40 25 79
9 41 65 81
9 42 87 65
9 43 8 60
9 44 20 91
9 45 82 14
9 46 24 66
9 47 14 24
10 11 6 75
10 12 48 80
10 13 19 74
10 14 81 68
10 15 67 78
10 16 24 89
10 17 29 82
10 18 18 78
10 19 91 64
10 20 19 28
10 21 1 26
10 22 41 22
10 23 16 22
10 24 62 20
10 25 24 41
10 26 4 54
10 27 91 38
10 28 62 82
10 29 16 93
10 30 74 49
10 31 43 37
10 32 26 58
10 33 98 41
10 34 85 12
10 35 52 42
10 36 87 76
10 37 98 8
10 38 5 96
10 39 92 41
10 40 84 32
10 41 94 20
10 42 29 45
10 43 38 54
10 44 40 73
10 45 16 66
10 46 34 52
10 47 19 84
11 12 99 39
11 13 94 60
11 14 95 12
11 15 21 41
11 16 73 33
11 17 94 48
11 18 99 2
11 19 52 58
11 20 76 29
11 21 78 65
11 22 48 78
11 23 49 16
11 24 98 8
11 25 68 17
11 26 5 95
11 27 33 33
11 28 52 68
11 29 47 25
11 30 70 50
11 31 9 26
11 32 61 28
11 33 32 49
11 34 16 84
11 35 96 59
11 36 66 86
11 37 57 30
11 38 6 95
11 39 54 84
11 40 17 30
11 41 28 61
11 42 9 50
11 43 57 20
11 44 68 53
11 45 36 38
11 46 84 66
11 47 83 49
12 13 29 63
12 14 20 88
12 15 10 61
12 16 74 26
12 17 91 24
12 18 9 87
12 19 79 35
12 20 97 66
12 21 33 23
12 22 92 58
12 23 8 65
12 24 32 71
12 25 13 20
12 26 22 82
12 27 68 66
12 28 12 94
12 29 87 43
12 30 8 78
12 31 73 12
12 32 48 11
12 33 90 25
12 34 7 56
12 35 53 16
12 36 45 63
12 37 12 86
12 38 63 56
12 39 56 27
12 40 59 16
12 41 9 74
12 42 91 4
12 43 87 64
12 44 27 34
12 45 33 30
12 46 14 92
12 47 45 86
13 14 16 57
13 15 38 52
13 16 90 37
13 17 69 8
13 18 10 48
13 19 4 40
13 20 59 77
13 21 9 35
13 22 68 12
13 23 57 58
13 24 46 61
13 25 48 85
13 26 50 52
13 27 60 34
13 28 53 70
13 29 77 68
13 30 23 17
13 31 98 15
13 32 55 31
13 33 40 23
13 34 65 52
13 35 93 2
13 36 80 15
13 37 85 37
13 38 19 29
13 39 72 36
13 40 31 70
13 41 24 28
13 42 86 67
13 43 29 48
13 44 0 54
13 45 15 81
13 46 13 81
13 47 83 35
14 15 96 28
14 16 62 56
14 17 86 28
14 18 27 73
14 19 94 47
14 20 57 58
14 21 72 85
14 22 86 69
14 23 48 56
14 24 8 77
14 25 27 53
14 26 59 37
14 27 80 10
14 28 16 31
14 29 63 34
14 30 79 55
14 31 4 49
14 32 3 74
14 33 70 71
14 34 85 72
14 35 34 85
14 36 35 73
14 37 62 44
14 38 45 86
14 39 9 85
14 40 40 53
14 41 67 42
14 42 93 39
14 43 31 34
14 44 96 1
14 45 71 76
14 46 52 56
14 47 3 45
15 16 11 29
15 17 1 87
15 18 69 26
15 19 72 58
15 20 82 51
15 21 86 11
15 22 33 45
15 23 31 14
15 24 9 54
15 25 25 88
15 26 61 45
15 27 32 68
15 28 2 62
15 29 51 31
15 30 84 74
15 31 4 42
15 32 81 44
15 33 1 72
15 34 98 46
15 35 8 57
15 36 93 41
15 37 99 39
15 38 36 80
15 39 44 46
15 40 90 55
15 41 68 63
15 42 10 92
15 43 11 81
15 44 42 68
15 45 57 27
15 46 60 56
15 47 61 37
16 17 61 35
16 18 30 18
16 19 41 40
16 20 74 74
16 21 17 56
16 22 2 70
16 23 61 69
16 24 4 23
16 25 55 56
16 26 78 25
16 27 3 64
16 28 33 44
16 29 21 46
16 30 49 86
16 31 23 27
16 32 24 31
16 33 53 12
16 34 8 25
16 35 98 27
16 36 17 38
16 37 65 40
16 38 78 52
16 39 1 33
16 40 23 90
16 41 13 46
16 42 82 16
16 43 41 79
16 44 32 22
16 45 13 40
16 46 46 83
16 47 89 31
17 18 6 56
17 19 27 56
17 20 94 63
17 21 81 32
17 22 7 68
17 23 74 14
17 24 44 36
17 25 22 92
17 26 63 74
17 27 45 54
17 28 72 57
17 29 77 24
17 30 83 5
17 31 38 73
17 32 66 9
17 33 92 11
17 34 68 10
17 35 4 51
17 36 98 2
17 37 67 70
17 38 77 32
17 39 7 70
17 40 57 58
17 41 52 49
17 42 4 25
17 43 98 57
17 44 73 64
17 45 64 76
17 46 83 18
17 47 78 83
18 19 37 50
18 20 67 10
18 21 98 16
18 22 22 29
18 23 23 39
18 24 8 56
18 25 51 64
18 26 98 9
18 27 71 40
18 28 34 45
18 29 31 93
18 30 36 87
18 31 26 40
18 32 85 56
18 33 51 64
18 34 89 26
18 35 93 46
18 36 31 74
18 37 8 88
18 38 22 86
18 39 39 45
18 40 39 42
18 41 27 65
18 42 61 70
18 43 94 38
18 44 30 80
18 45 68 77
18 46 81 8
18 47 34 25
19 20 11 23
19 21 89 29
19 22 5 65
19 23 28 42
19 24 56 38
19 25 12 27
19 26 19 51
19 27 85 25
19 28 63 45
19 29 50 80
19 30 19 28
19 31 4 58
19 32 37 81
19 33 55 19
19 34 84 56
19 35 10 22
19 36 85 71
19 37 97 30
19 38 40 76
19 39 46 38
19 40 22 50
19 41 91 8
19 42 93 65
19 43 67 72
19 44 40 41
19 45 73 84
19 46 60 84
19 47 32 25
20 21 58 52
20 22 19 54
20 23 51 43
20 24 64 33
20 25 47 14
20 26 7 58
20 27 71 7
20 28 96 39
20 29 95 78
20 30 85 9
20 31 54 54
20 32 65 82
20 33 68 11
20 34 84 12
20 35 18 79
20 36 8 62
20 37 9 58
20 38 5 32
20 39 8 94
20 40 3 39
20 41 86 68
20 42 99 39
20 43 88 6
20 44 74 28
20 45 50 66
20 46 10 38
20 47 20 44
21 22 22 53
21 23 88 72
21 24 79 30
21 25 28 36
21 26 93 49
21 27 95 14
21 28 85 4
21 29 27 36
21 30 69 47
21 31 19 84
21 32 48 67
21 33 53 40
21 34 30 56
21 35 63 77
21 36 8 39
21 37 30 56
21 38 97 24
21 39 94 31
21 40 40 59
21 41 43 65
21 42 13 28
21 43 56 88
21 44 78 42
21 45 85 28
21 46 62 21
21 47 9 23
22 23 15 94
22 24 55 36
22 25 79 29
22 26 98 64
22 27 33 67
22 28 6 83
22 29 4 66
22 30 8 41
22 31 45 79
22 32 9 44
22 33 95 4
22 34 90 24
22 35 20 70
22 36 56 20
22 37 16 64
22 38 51 60
22 39 12 61
22 40 32 85
22 41 74 49
22 42 47 29
22 43 80 48
22 44 72 54
22 45 15 50
22 46 51 47
22 47 23 67
23 24 43 74
23 25 69 83
23 26 80 28
23 27 60 58
23 28 72 56
23 29 25 46
23 30 36 55
23 31 60 52
23 32 75 74
23 33 81 22
23 34 10 24
23 35 69 35
23 36 64 46
23 37 2 39
23 38 29 34
23 39 55 38
23 40 76 75
23 41 82 60
23 42 94 65
23 43 68 45
23 44 21 90
23 45 3 42
23 46 29 85
23 47 30 83
24 25 81 59
24 26 30 40
24 27 57 23
24 28 34 74
24 29 77 36
24 30 38 78
24 31 41 61
24 32 29 33
24 33 72 62
24 34 49 35
24 35 23 79
24 36 63 31
24 37 97 3
24 38 60 60
24 39 14 83
24 40 33 26
24 41 99 75
24 42 23 48
24 43 74 73
24 44 17 79
24 45 53 59
24 46 13 48
24 47 51 81
25 26 44 23
25 27 76 58
25 28 41 35
25 29 7 93
25 30 96 65
25 31 12 62
25 32 84 47
25 33 42 64
25 34 67 39
25 35 91 2
25 36 69 62
25 37 37 92
25 38 71 81
25 39 11 89
25 40 98 77
25 41 61 14
25 42 73 80
25 43 82 61
25 44 14 50
25 45 30 70
25 46 29 57
25 47 70 24
26 27 69 61
26 28 59 35
26 29 39 61
26 30 32 64
26 31 14 62
26 32 1 77
26 33 47 33
26 34 64 34
26 35 4 95
26 36 13 22
26 37 65 24
26 38 4 72
26 39 36 57
26 40 59 28
26 41 85 17
26 42 0 36
26 43 45 77
26 44 87 39
26 45 20 25
26 46 11 64
26 47 98 50
27 28 52 87
27 29 86 43
27 30 97 23
27 31 47 11
27 32 10 79
27 33 68 69
27 34 35 63
27 35 42 90
27 36 19 89
27 37 35 66
27 38 62 11
27 39 57 15
27 40 60 61
27 41 3 30
27 42 2 63
27 43 57 10
27 44 15 30
27 45 41 29
27 46 39 75
27 47 23 78
28 29 58 53
28 30 49 29
28 31 33 17
28 32 68 76
28 33 41 23
28 34 51 35
28 35 45 64
28 36 10 27
28 37 66 31
28 38 25 68
28 39 84 80
28 40 96 36
28 41 49 84
28 42 38 25
28 43 14 36
28 44 85 79
28 45 20 74
28 46 55 31
28 47 31 21
29 30 69 30
29 31 3 82
29 32 97 29
29 33 6 69
29 34 93 1
29 35 60 51
29 36 11 86
29 37 2 92
29 38 48 49
29 39 92 6
29 40 72 45
29 41 11 18
29 42 70 9
29 43 96 27
29 44 25 60
29 45 23 59
29 46 33 89
29 47 6 21
30 31 87 22
30 32 89 56
30 33 77 6
30 34 77 22
30 35 74 39
30 36 65 78
30 37 98 24
30 38 12 34
30 39 22 90
30 40 13 65
30 41 5 60
30 42 54 79
30 43 91 32
30 44 86 10
30 45 41 55
30 46 56 62
30 47 35 18
31 32 74 68
31 33 32 26
31 34 21 23
31 35 42 18
31 36 45 80
31 37 22 38
31 38 45 86
31 39 27 50
31 40 36 14
31 41 70 13
31 42 55 17
31 43 13 96
31 44 80 56
31 45 61 19
31 46 43 26
31 47 17 37
32 33 59 55
32 34 48 38
32 35 58 8
32 36 55 50
32 37 36 19
32 38 14 19
32 39 12 68
32 40 43 52
32 41 13 67
32 42 75 72
32 43 23 32
32 44 41 21
32 45 71 57
32 46 70 66
32 47 75 32
33 34 58 58
33 35 53 88
33 36 81 30
33 37 84 47
33 38 8 60
33 39 76 20
33 40 34 27
33 41 9 69
33 42 38 33
33 43 90 42
33 44 22 27
33 45 46 71
33 46 44 19
33 47 76 37
34 35 86 30
34 36 91 69
34 37 51 69
34 38 15 96
34 39 43 42
34 40 89 49
34 41 90 70
34 42 60 80
34 43 13 29
34 44 91 23
34 45 8 47
34 46 40 17
34 47 10 89
35 36 59 14
35 37 58 38
35 38 80 20
35 39 97 46
35 40 70 39
35 41 51 74
35 42 22 21
35 43 66 9
35 44 93 78
35 45 79 26
35 46 59 43
35 47 42 60
36 37 67 37
36 38 26 60
36 39 40 77
36 40 56 60
36 41 19 89
36 42 4 78
36 43 98 19
36 44 91 15
36 45 36 37
36 46 48 21
36 47 71 78
37 38 94 78
37 39 8 87
37 40 72 42
37 41 1 83
37 42 86 75
37 43 34 14
37 44 86 6
37 45 52 67
37 46 91 25
37 47 62 45
38 39 45 13
38 40 39 62
38 41 12 62
38 42 19 48
38 43 80 32
38 44 62 31
38 45 59 31
38 46 50 18
38 47 95 14
39 40 36 43
39 41 40 82
39 42 34 38
39 43 59 19
39 44 71 48
39 45 89 54
39 46 19 21
39 47 58 60
40 41 99 51
40 42 77 51
40 43 43 79
40 44 66 20
40 45 43 50
40 46 80 64
40 47 52 57
41 42 59 75
41 43 89 73
41 44 77 24
41 45 9 86
41 46 38 17
41 47 55 64
42 43 25 68
42 44 91 66
42 45 94 60
42 46 46 53
42 47 67 68
43 44 36 61
43 45 16 37
43 46 66 75
43 47 36 83
44 45 23 46
44 46 63 33
44 47 97 76
45 46 58 37
45 47 6 65
46 47 12 31
