50
0 1 92 13
0 2 15 73
0 3 45 60
0 4 16 79
0 5 65 37
0 6 70 32
0 7 9 79
0 8 69 32
0 9 66 29
0 10 1 89
0 11 16 71
0 12 18 73
0 13 87 22
0 14 78 19
0 15 86 14
0 16 94 9
0 17 99 12
0 18 64 41
0 19 74 25
0 20 53 51
0 21 72 27
0 22 58 39
0 23 1 91
0 24 64 31
0 25 45 53
0 26 7 84
0 27 50 51
0 28 16 79
0 29 73 34
0 30 28 66
0 31 81 16
0 32 26 75
0 33 79 28
0 34 85 20
0 35 61 43
0 36 72 24
0 37 89 15
0 38 20 76
0 39 35 55
0 40 2 88
0 41 22 72
0 42 11 88
0 43 89 19
0 44 42 52
0 45 50 47
0 46 98 8
0 47 82 24
0 48 0 98
0 49 16 71
1 2 7 83
1 3 23 77
1 4 39 57
1 5 13 77
1 6 46 59
1 7 3 85
1 8 29 66
1 9 32 60
1 10 63 36
1 11 38 61
1 12 31 64
1 13 69 29
1 14 36 55
1 15 57 43
1 16 12 75
1 17 87 17
1 18 45 52
1 19 58 44
1 20 14 78
1 21 35 59
1 22 57 48
1 23 81 23
1 24 31 72
1 25 18 69
1 26 32 61
1 27 14 73
1 28 16 84
1 29 35 68
1 30 54 50
1 31 72 24
1 32 8 86
1 33 68 36
1 34 75 21
1 35 70 25
1 36 66 34
1 37 8 83
1 38 0 86
1 39 72 24
1 40 55 46
1 41 14 74
1 42 87 25
1 43 6 94
1 44 40 55
1 45 26 63
1 46 19 80
1 47 34 58
1 48 56 38
1 49 33 61
2 3 21 76
2 4 37 61
2 5 14 87
2 6 12 86
2 7 10 89
2 8 41 63
2 9 24 67
2 10 91 12
2 11 56 44
2 12 37 64
2 13 68 38
2 14 3 95
2 15 15 85
2 16 14 80
2 17 66 31
2 18 49 52
2 19 34 60
2 20 86 24
2 21 15 83
2 22 22 80
2 23 78 28
2 24 39 60
2 25 19 73
2 26 7 88
2 27 8 89
2 28 64 38
2 29 1 90
2 30 39 52
2 31 11 80
2 32 76 34
2 33 66 33
2 34 2 83
2 35 24 75
2 36 44 53
2 37 76 32
2 38 30 70
2 39 47 58
2 40 52 40
2 41 36 62
2 42 56 38
2 43 50 50
2 44 86 13
2 45 68 39
2 46 12 77
2 47 32 60
2 48 94 14
2 49 49 51
3 4 31 64
3 5 26 66
3 6 50 46
3 7 26 70
3 8 32 59
3 9 7 91
3 10 72 31
3 11 34 61
3 12 1 85
3 13 40 62
3 14 50 49
3 15 72 37
3 16 17 79
3 17 61 38
3 18 72 37
3 19 50 51
3 20 21 67
3 21 29 72
3 22 52 43
3 23 18 83
3 24 76 23
3 25 79 21
3 26 63 44
3 27 86 14
3 28 99 4
3 29 86 14
3 30 18 74
3 31 5 91
3 32 81 18
3 33 40 59
3 34 31 63
3 35 87 17
3 36 33 71
3 37 20 79
3 38 74 22
3 39 27 64
3 40 87 23
3 41 25 78
3 42 76 21
3 43 41 51
3 44 61 44
3 45 86 17
3 46 89 19
3 47 87 21
3 48 42 60
3 49 26 66
4 5 90 11
4 6 55 39
4 7 51 42
4 8 31 66
4 9 12 87
4 10 71 28
4 11 87 20
4 12 24 74
4 13 69 35
4 14 21 77
4 15 67 31
4 16 24 77
4 17 99 14
4 18 72 29
4 19 83 24
4 20 66 38
4 21 7 87
4 22 40 64
4 23 86 26
4 24 20 78
4 25 69 38
4 26 20 79
4 27 0 99
4 28 84 15
4 29 15 83
4 30 52 47
4 31 84 24
4 32 99 9
4 33 85 16
4 34 84 21
4 35 24 74
4 36 95 4
4 37 52 50
4 38 48 47
4 39 13 76
4 40 61 42
4 41 64 36
4 42 9 82
4 43 21 77
4 44 70 27
4 45 78 30
4 46 13 87
4 47 98 16
4 48 32 64
4 49 88 18
5 6 49 56
5 7 83 18
5 8 96 3
5 9 29 65
5 10 68 38
5 11 35 62
5 12 98 12
5 13 78 29
5 14 75 34
5 15 76 30
5 16 95 6
5 17 83 25
5 18 27 65
5 19 23 77
5 20 58 39
5 21 16 77
5 22 22 80
5 23 71 27
5 24 16 73
5 25 5 82
5 26 53 45
5 27 21 70
5 28 73 35
5 29 20 77
5 30 81 19
5 31 28 69
5 32 41 63
5 33 31 66
5 34 98 10
5 35 73 29
5 36 45 46
5 37 64 41
5 38 14 84
5 39 90 9
5 40 22 77
5 41 78 22
5 42 94 16
5 43 68 30
5 44 77 22
5 45 99 3
5 46 9 82
5 47 3 90
5 48 64 32
5 49 20 71
6 7 95 18
6 8 47 45
6 9 92 12
6 10 52 53
6 11 0 94
6 12 50 44
6 13 10 87
6 14 31 72
6 15 37 64
6 16 0 99
6 17 40 52
6 18 40 56
6 19 28 73
6 20 44 59
6 21 22 68
6 22 58 38
6 23 28 64
6 24 76 31
6 25 67 33
6 26 17 78
6 27 15 72
6 28 84 21
6 29 3 86
6 30 66 37
6 31 40 64
6 32 5 89
6 33 59 38
6 34 11 84
6 35 65 38
6 36 86 16
6 37 93 18
6 38 83 16
6 39 3 95
6 40 45 50
6 41 62 41
6 42 53 41
6 43 72 34
6 44 26 63
6 45 49 50
6 46 77 23
6 47 12 76
6 48 93 13
6 49 62 36
7 8 46 56
7 9 91 7
7 10 20 72
7 11 90 12
7 12 30 71
7 13 17 81
7 14 17 79
7 15 49 57
7 16 27 65
7 17 38 66
7 18 85 13
7 19 34 66
7 20 26 65
7 21 66 32
7 22 13 85
7 23 80 25
7 24 32 69
7 25 55 44
7 26 43 60
7 27 79 19
7 28 69 35
7 29 56 39
7 30 4 86
7 31 65 29
7 32 13 74
7 33 74 22
7 34 97 10
7 35 60 46
7 36 76 33
7 37 38 58
7 38 7 89
7 39 31 65
7 40 2 96
7 41 39 61
7 42 33 63
7 43 15 83
7 44 1 92
7 45 10 78
7 46 91 12
7 47 71 38
7 48 89 17
7 49 32 64
8 9 34 70
8 10 20 78
8 11 58 43
8 12 60 44
8 13 8 91
8 14 35 68
8 15 95 15
8 16 32 70
8 17 26 63
8 18 45 50
8 19 47 44
8 20 35 68
8 21 76 26
8 22 83 26
8 23 29 66
8 24 13 85
8 25 95 11
8 26 51 50
8 27 20 77
8 28 9 78
8 29 51 44
8 30 48 47
8 31 39 65
8 32 58 42
8 33 19 78
8 34 25 64
8 35 85 16
8 36 92 11
8 37 18 73
8 38 51 48
8 39 24 72
8 40 72 34
8 41 16 73
8 42 13 76
8 43 24 79
8 44 57 40
8 45 49 56
8 46 95 16
8 47 27 63
8 48 72 38
8 49 74 23
9 10 82 28
9 11 31 69
9 12 98 14
9 13 64 37
9 14 61 34
9 15 2 89
9 16 80 19
9 17 49 49
9 18 27 71
9 19 25 65
9 20 94 6
9 21 84 13
9 22 33 61
9 23 1 99
9 24 6 88
9 25 74 35
9 26 91 10
9 27 50 46
9 28 68 34
9 29 98 12
9 30 63 33
9 31 36 59
9 32 35 67
9 33 72 24
9 34 71 36
9 35 90 19
9 36 78 26
9 37 31 63
9 38 76 32
9 39 85 17
9 40 33 57
9 41 3 91
9 42 26 70
9 43 1 84
9 44 92 8
9 45 62 37
9 46 13 87
9 47 25 65
9 48 48 54
9 49 10 84
10 11 37 64
10 12 23 71
10 13 52 46
10 14 59 49
10 15 44 58
10 16 13 74
10 17 41 57
10 18 20 71
10 19 99 2
10 20 48 57
10 21 66 38
10 22 15 85
10 23 32 60
10 24 54 44
10 25 52 54
10 26 98 7
10 27 81 27
10 28 82 19
10 29 32 68
10 30 7 80
10 31 92 10
10 32 22 76
10 33 98 3
10 34 48 57
10 35 73 31
10 36 65 30
10 37 88 11
10 38 54 53
10 39 88 15
10 40 40 64
10 41 19 76
10 42 64 42
10 43 97 5
10 44 72 37
10 45 47 57
10 46 67 30
10 47 45 56
10 48 22 67
10 49 19 81
11 12 34 58
11 13 17 74
11 14 34 67
11 15 0 96
11 16 48 51
11 17 34 66
11 18 8 87
11 19 70 31
11 20 2 94
11 21 86 24
11 22 54 42
11 23 16 76
11 24 62 44
11 25 16 79
11 26 76 30
11 27 89 17
11 28 29 64
11 29 62 40
11 30 77 28
11 31 27 72
11 32 2 90
11 33 42 61
11 34 67 28
11 35 41 50
11 36 63 42
11 37 3 86
11 38 11 79
11 39 53 46
11 40 75 22
11 41 99 5
11 42 44 50
11 43 45 47
11 44 19 81
11 45 1 84
11 46 91 9
11 47 37 63
11 48 75 31
11 49 12 80
12 13 20 70
12 14 0 94
12 15 39 58
12 16 91 12
12 17 74 29
12 18 48 48
12 19 32 62
12 20 2 89
12 21 46 51
12 22 93 6
12 23 8 86
12 24 67 38
12 25 97 7
12 26 2 86
12 27 23 79
12 28 29 64
12 29 62 45
12 30 84 16
12 31 1 98
12 32 23 77
12 33 3 85
12 34 18 78
12 35 67 39
12 36 93 17
12 37 43 51
12 38 36 54
12 39 75 24
12 40 49 52
12 41 98 12
12 42 96 5
12 43 57 37
12 44 0 97
12 45 27 73
12 46 76 24
12 47 39 63
12 48 92 14
12 49 81 23
13 14 41 49
13 15 73 36
13 16 24 71
13 17 87 19
13 18 71 35
13 19 44 58
13 20 3 84
13 21 51 55
13 22 11 87
13 23 13 78
13 24 20 73
13 25 15 77
13 26 2 92
13 27 2 96
13 28 20 77
13 29 74 30
13 30 33 69
13 31 88 22
13 32 83 26
13 33 56 47
13 34 80 20
13 35 6 84
13 36 32 60
13 37 55 40
13 38 33 65
13 39 67 31
13 40 84 25
13 41 59 38
13 42 34 65
13 43 99 5
13 44 38 56
13 45 91 20
13 46 33 65
13 47 88 13
13 48 43 56
13 49 71 35
14 15 17 76
14 16 84 26
14 17 25 72
14 18 50 50
14 19 75 21
14 20 19 81
14 21 99 14
14 22 16 73
14 23 73 35
14 24 90 12
14 25 42 63
14 26 63 40
14 27 40 63
14 28 58 44
14 29 72 31
14 30 64 30
14 31 40 57
14 32 32 64
14 33 95 15
14 34 64 42
14 35 7 87
14 36 7 84
14 37 24 66
14 38 92 18
14 39 13 77
14 40 23 69
14 41 16 80
14 42 23 75
14 43 34 62
14 44 91 21
14 45 66 36
14 46 78 32
14 47 9 84
14 48 87 24
14 49 60 43
15 16 5 90
15 17 42 63
15 18 71 38
15 19 7 81
15 20 25 70
15 21 15 84
15 22 19 77
15 23 2 91
15 24 3 96
15 25 80 17
15 26 6 87
15 27 47 55
15 28 42 63
15 29 24 65
15 30 89 21
15 31 2 89
15 32 70 35
15 33 0 97
15 34 16 85
15 35 12 75
15 36 1 85
15 37 6 87
15 38 44 55
15 39 38 58
15 40 22 77
15 41 87 17
15 42 1 97
15 43 41 53
15 44 18 79
15 45 18 83
15 46 2 86
15 47 75 23
15 48 81 24
15 49 90 22
16 17 10 79
16 18 66 38
16 19 73 24
16 20 51 49
16 21 3 84
16 22 32 67
16 23 19 76
16 24 71 24
16 25 35 61
16 26 52 53
16 27 49 55
16 28 13 84
16 29 47 51
16 30 22 71
16 31 38 55
16 32 11 83
16 33 55 40
16 34 71 24
16 35 66 36
16 36 84 19
16 37 65 35
16 38 30 66
16 39 67 31
16 40 79 29
16 41 6 91
16 42 67 28
16 43 80 28
16 44 47 45
16 45 45 57
16 46 53 41
16 47 64 35
16 48 86 17
16 49 86 15
17 18 38 53
17 19 91 20
17 20 51 42
17 21 49 53
17 22 5 92
17 23 92 9
17 24 43 58
17 25 12 75
17 26 47 56
17 27 63 46
17 28 6 85
17 29 0 95
17 30 82 25
17 31 66 37
17 32 5 85
17 33 71 31
17 34 31 67
17 35 70 33
17 36 53 53
17 37 9 87
17 38 8 87
17 39 29 65
17 40 76 22
17 41 17 72
17 42 33 59
17 43 71 34
17 44 77 32
17 45 4 87
17 46 16 77
17 47 1 86
17 48 45 55
17 49 86 12
18 19 16 76
18 20 87 21
18 21 47 56
18 22 2 87
18 23 44 50
18 24 17 80
18 25 34 56
18 26 41 54
18 27 1 90
18 28 22 66
18 29 4 84
18 30 30 69
18 31 66 40
18 32 17 81
18 33 54 45
18 34 10 90
18 35 55 50
18 36 42 51
18 37 81 23
18 38 81 24
18 39 71 36
18 40 28 61
18 41 68 38
18 42 26 72
18 43 74 33
18 44 89 9
18 45 75 33
18 46 50 43
18 47 15 86
18 48 15 76
18 49 38 54
19 20 0 88
19 21 88 10
19 22 50 45
19 23 87 22
19 24 45 59
19 25 42 61
19 26 11 76
19 27 93 19
19 28 91 9
19 29 27 67
19 30 6 86
19 31 59 46
19 32 53 43
19 33 4 95
19 34 67 37
19 35 53 42
19 36 16 76
19 37 0 91
19 38 86 18
19 39 55 48
19 40 80 30
19 41 89 15
19 42 50 56
19 43 89 11
19 44 83 16
19 45 19 74
19 46 74 22
19 47 99 11
19 48 8 92
19 49 17 72
20 21 65 33
20 22 51 55
20 23 64 31
20 24 54 39
20 25 8 80
20 26 74 22
20 27 93 11
20 28 76 22
20 29 17 70
20 30 8 79
20 31 75 31
20 32 25 64
20 33 18 83
20 34 8 92
20 35 99 12
20 36 60 36
20 37 43 53
20 38 66 28
20 39 29 73
20 40 19 70
20 41 92 16
20 42 29 63
20 43 19 77
20 44 12 77
20 45 99 1
20 46 62 39
20 47 22 74
20 48 52 55
20 49 52 55
21 22 29 66
21 23 2 97
21 24 36 61
21 25 82 25
21 26 4 83
21 27 56 43
21 28 48 51
21 29 53 50
21 30 66 32
21 31 62 45
21 32 60 37
21 33 69 26
21 34 63 44
21 35 67 40
21 36 0 97
21 37 70 38
21 38 77 21
21 39 81 27
21 40 24 71
21 41 74 29
21 42 59 39
21 43 1 86
21 44 92 16
21 45 61 33
21 46 29 70
21 47 7 82
21 48 95 10
21 49 57 42
22 23 13 73
22 24 18 80
22 25 21 77
22 26 55 46
22 27 20 79
22 28 53 43
22 29 36 57
22 30 74 31
22 31 23 78
22 32 30 65
22 33 51 43
22 34 50 49
22 35 91 22
22 36 33 57
22 37 48 45
22 38 98 10
22 39 49 57
22 40 4 82
22 41 33 59
22 42 14 73
22 43 27 65
22 44 97 10
22 45 99 7
22 46 93 17
22 47 79 26
22 48 51 51
22 49 71 25
23 24 67 33
23 25 47 46
23 26 7 81
23 27 4 81
23 28 51 54
23 29 66 40
23 30 72 36
23 31 23 74
23 32 40 51
23 33 76 20
23 34 67 34
23 35 89 13
23 36 63 38
23 37 22 65
23 38 16 72
23 39 96 5
23 40 53 43
23 41 20 74
23 42 47 52
23 43 32 58
23 44 24 74
23 45 28 65
23 46 77 23
23 47 87 14
23 48 83 21
23 49 64 40
24 25 30 64
24 26 74 33
24 27 76 26
24 28 87 22
24 29 78 21
24 30 17 73
24 31 53 46
24 32 92 20
24 33 40 51
24 34 47 58
24 35 80 26
24 36 11 90
24 37 63 39
24 38 77 21
24 39 29 64
24 40 86 15
24 41 37 62
24 42 47 45
24 43 37 63
24 44 25 74
24 45 7 93
24 46 38 58
24 47 37 61
24 48 54 39
24 49 19 71
25 26 58 39
25 27 0 87
25 28 21 81
25 29 9 80
25 30 47 46
25 31 0 96
25 32 98 3
25 33 16 80
25 34 29 72
25 35 26 66
25 36 83 22
25 37 19 75
25 38 87 21
25 39 80 21
25 40 38 57
25 41 7 81
25 42 69 34
25 43 33 63
25 44 64 41
25 45 40 57
25 46 89 13
25 47 98 13
25 48 5 87
25 49 56 39
26 27 90 10
26 28 31 60
26 29 88 22
26 30 99 14
26 31 2 87
26 32 51 49
26 33 65 31
26 34 4 85
26 35 67 35
26 36 76 23
26 37 40 55
26 38 5 85
26 39 74 35
26 40 44 48
26 41 33 67
26 42 69 36
26 43 80 21
26 44 48 49
26 45 94 11
26 46 4 92
26 47 59 35
26 48 97 5
26 49 25 69
27 28 14 74
27 29 96 12
27 30 37 56
27 31 77 28
27 32 5 88
27 33 19 72
27 34 24 65
27 35 77 30
27 36 68 32
27 37 29 72
27 38 48 46
27 39 25 64
27 40 62 33
27 41 10 79
27 42 36 55
27 43 43 62
27 44 0 91
27 45 83 14
27 46 32 70
27 47 52 53
27 48 19 68
27 49 78 26
28 29 60 46
28 30 36 54
28 31 86 20
28 32 60 34
28 33 51 43
28 34 65 38
28 35 59 45
28 36 32 57
28 37 9 85
28 38 4 90
28 39 15 80
28 40 79 22
28 41 74 24
28 42 4 85
28 43 89 18
28 44 53 53
28 45 73 23
28 46 19 73
28 47 18 77
28 48 21 69
28 49 53 52
29 30 75 27
29 31 99 4
29 32 62 36
29 33 6 80
29 34 33 70
29 35 26 64
29 36 17 82
29 37 58 37
29 38 70 26
29 39 30 68
29 40 0 89
29 41 15 81
29 42 62 38
29 43 2 83
29 44 87 16
29 45 81 24
29 46 46 57
29 47 12 74
29 48 89 21
29 49 82 16
30 31 5 93
30 32 40 64
30 33 59 38
30 34 69 33
30 35 58 50
30 36 79 22
30 37 8 90
30 38 62 33
30 39 62 42
30 40 28 71
30 41 14 83
30 42 96 6
30 43 73 26
30 44 9 82
30 45 9 77
30 46 9 81
30 47 35 59
30 48 3 85
30 49 73 33
31 32 14 82
31 33 57 42
31 34 2 86
31 35 64 40
31 36 5 94
31 37 28 68
31 38 20 74
31 39 63 39
31 40 2 84
31 41 52 48
31 42 1 87
31 43 31 67
31 44 50 42
31 45 97 12
31 46 31 58
31 47 23 76
31 48 30 64
31 49 33 66
32 33 39 56
32 34 12 80
32 35 14 79
32 36 73 24
32 37 4 90
32 38 2 86
32 39 41 62
32 40 31 64
32 41 80 24
32 42 98 11
32 43 22 79
32 44 54 40
32 45 68 39
32 46 79 17
32 47 44 60
32 48 65 40
32 49 8 80
33 34 78 32
33 35 3 92
33 36 5 90
33 37 46 58
33 38 28 66
33 39 5 81
33 40 77 25
33 41 76 23
33 42 53 40
33 43 4 83
33 44 61 33
33 45 47 45
33 46 94 18
33 47 34 70
33 48 7 81
33 49 25 70
34 35 4 86
34 36 17 84
34 37 69 32
34 38 62 43
34 39 39 53
34 40 31 59
34 41 17 79
34 42 97 16
34 43 93 6
34 44 60 48
34 45 67 28
34 46 94 9
34 47 84 25
34 48 3 94
34 49 61 44
35 36 36 68
35 37 30 67
35 38 50 54
35 39 41 59
35 40 33 65
35 41 31 66
35 42 13 82
35 43 56 36
35 44 14 83
35 45 91 16
35 46 47 54
35 47 31 70
35 48 37 53
35 49 99 6
36 37 24 72
36 38 38 56
36 39 46 60
36 40 64 35
36 41 64 33
36 42 6 90
36 43 32 59
36 44 71 28
36 45 41 60
36 46 40 65
36 47 60 47
36 48 62 47
36 49 13 79
37 38 8 84
37 39 30 67
37 40 85 20
37 41 33 67
37 42 10 82
37 43 47 50
37 44 94 14
37 45 92 9
37 46 75 26
37 47 73 33
37 48 99 5
37 49 11 77
38 39 23 70
38 40 26 70
38 41 67 39
38 42 80 19
38 43 0 92
38 44 27 76
38 45 87 13
38 46 16 81
38 47 61 38
38 48 88 15
38 49 59 43
39 40 83 25
39 41 92 13
39 42 57 50
39 43 20 69
39 44 21 77
39 45 21 74
39 46 81 24
39 47 16 82
39 48 32 58
39 49 62 42
40 41 90 12
40 42 50 55
40 43 52 46
40 44 43 51
40 45 17 78
40 46 68 29
40 47 70 29
40 48 97 5
40 49 48 45
41 42 35 66
41 43 82 21
41 44 15 84
41 45 2 85
41 46 23 72
41 47 79 29
41 48 97 11
41 49 65 43
42 43 98 4
42 44 60 45
42 45 37 62
42 46 89 22
42 47 1 97
42 48 65 32
42 49 39 55
43 44 42 50
43 45 97 14
43 46 25 68
43 47 8 91
43 48 63 45
43 49 21 71
44 45 45 58
44 46 27 76
44 47 17 80
44 48 67 34
44 49 21 70
45 46 98 2
45 47 65 44
45 48 93 12
45 49 80 18
46 47 73 35
46 48 9 79
46 49 68 38
47 48 67 33
47 49 7 84
48 49 12 86
