0 1 25 76
0 10 74 28
1 2 44 53
1 11 12 74
2 3 99 9
2 12 90 17
3 4 85 17
3 13 46 53
4 5 43 60
4 14 88 23
5 6 69 38
5 15 44 56
6 7 52 47
6 16 65 44
7 8 63 37
7 17 92 18
8 9 24 69
8 18 54 46
9 19 56 45
10 11 18 80
10 20 99 5
11 12 69 28
11 21 98 12
12 13 7 91
12 22 5 92
13 14 10 79
13 23 68 31
14 15 99 3
14 24 2 91
15 16 14 86
15 25 69 33
16 17 94 6
16 26 64 30
17 18 23 78
17 27 84 18
18 19 46 47
18 28 0 96
19 29 31 60
20 21 86 22
20 30 9 81
21 22 87 14
21 31 90 16
22 23 64 31
22 32 61 36
23 24 46 50
23 33 82 20
24 25 62 33
24 34 11 85
25 26 83 14
25 35 35 68
26 27 85 21
26 36 34 67
27 28 50 53
27 37 33 57
28 29 89 23
28 38 25 67
29 39 49 51
30 31 31 65
30 40 71 37
31 32 70 37
31 41 43 57
32 33 60 48
32 42 14 81
33 34 72 31
33 43 57 47
34 35 52 52
34 44 6 84
35 36 17 80
35 45 17 78
36 37 93 14
36 46 53 46
37 38 86 16
37 47 81 24
38 39 3 91
38 48 13 78
39 49 59 46
40 41 21 72
40 50 61 36
41 42 93 11
41 51 98 14
42 43 11 87
42 52 19 77
43 44 56 37
43 53 71 29
44 45 99 6
44 54 28 61
45 46 85 22
45 55 19 77
46 47 61 40
46 56 84 14
47 48 57 41
47 57 24 75
48 49 45 57
48 58 36 56
49 59 68 27
50 51 99 13
50 60 81 28
51 52 21 77
51 61 35 55
52 53 40 61
52 62 30 64
53 54 59 41
53 63 11 86
54 55 69 28
54 64 36 67
55 56 25 72
55 65 96 6
56 57 70 32
56 66 8 86
57 58 4 89
57 67 56 40
58 59 76 25
58 68 84 17
59 69 35 62
60 61 2 92
60 70 84 25
61 62 9 89
61 71 62 46
62 63 64 42
62 72 75 32
63 64 81 16
63 73 37 54
64 65 68 27
64 74 20 80
65 66 30 60
65 75 66 34
66 67 27 73
66 76 95 6
67 68 92 8
67 77 51 42
68 69 14 75
68 78 11 83
69 79 2 94
70 71 98 7
70 80 69 26
71 72 52 52
71 81 72 28
72 73 28 64
72 82 87 21
73 74 61 39
73 83 52 42
74 75 17 73
74 84 33 64
75 76 84 27
75 85 5 80
76 77 0 97
76 86 53 41
77 78 74 24
77 87 24 66
78 79 70 32
78 88 86 14
79 89 55 43
80 81 11 75
80 90 25 74
81 82 17 70
81 91 16 72
82 83 90 19
82 92 65 39
83 84 37 61
83 93 99 3
84 85 2 93
84 94 60 44
85 86 84 27
85 95 76 26
86 87 35 65
86 96 30 72
87 88 13 76
87 97 57 45
88 89 90 14
88 98 0 87
89 99 48 50
90 91 87 18
91 92 34 62
92 93 22 69
93 94 37 60
94 95 84 25
95 96 64 35
96 97 30 71
97 98 56 45
98 99 68 28
