0 1 30 56
0 10 28 69
1 2 79 27
1 11 2 82
2 3 20 53
2 12 56 41
3 4 79 39
3 13 24 77
4 5 53 55
4 14 64 33
5 6 16 53
5 15 31 52
6 7 67 27
6 16 97 31
7 8 34 64
7 17 79 31
8 9 2 55
8 18 18 69
9 19 78 57
10 11 6 74
10 20 41 70
11 12 94 39
11 21 22 66
12 13 78 17
12 22 1 89
13 14 28 60
13 23 42 48
14 15 17 49
14 24 34 41
15 16 22 71
15 25 33 60
16 17 99 20
16 26 47 27
17 18 57 63
17 27 33 38
18 19 93 11
18 28 94 12
19 29 17 84
20 21 84 47
21 22 50 35
22 23 79 11
23 24 87 37
24 25 5 91
25 26 1 77
26 27 71 50
27 28 51 50
28 29 20 67
