0 1 94 51
0 12 70 56
1 2 95 43
1 13 52 40
2 3 9 47
2 14 80 41
3 4 43 67
3 15 4 65
4 5 38 68
4 16 78 17
5 6 32 50
5 17 27 56
6 7 95 8
6 18 58 34
7 8 91 9
7 19 80 53
8 9 9 90
8 20 67 30
9 10 97 1
9 21 48 69
10 11 19 77
10 22 54 25
11 23 74 44
12 13 49 54
12 24 95 23
13 14 75 60
13 25 51 44
14 15 33 46
14 26 77 32
15 16 77 51
15 27 53 57
16 17 2 63
16 28 92 39
17 18 19 66
17 29 35 71
18 19 50 71
18 30 45 58
19 20 64 34
19 31 11 59
20 21 25 85
20 32 84 49
21 22 21 40
21 33 64 66
22 23 8 58
22 34 12 45
23 35 67 37
24 25 52 71
25 26 79 11
26 27 13 88
27 28 52 59
28 29 45 67
29 30 11 88
30 31 5 93
31 32 1 70
32 33 49 30
33 34 44 29
34 35 61 30
