0 1 81 25
0 12 2 87
1 2 81 29
1 13 11 86
2 3 50 55
2 14 27 69
3 4 64 32
3 15 86 13
4 5 13 83
4 16 50 53
5 6 96 11
5 17 23 75
6 7 63 44
6 18 57 36
7 8 7 92
7 19 97 13
8 9 4 91
8 20 70 31
9 10 39 53
9 21 64 37
10 11 19 74
10 22 30 70
11 23 69 29
12 13 44 59
12 24 41 54
13 14 29 68
13 25 81 29
14 15 8 83
14 26 17 83
15 16 82 28
15 27 86 26
16 17 8 87
16 28 52 46
17 18 99 2
17 29 62 41
18 19 90 9
18 30 13 78
19 20 93 8
19 31 17 80
20 21 0 86
20 32 92 15
21 22 88 17
21 33 14 76
22 23 31 70
22 34 98 1
23 35 22 77
24 25 2 89
25 26 40 63
26 27 7 89
27 28 44 54
28 29 15 83
29 30 39 59
30 31 46 52
31 32 5 88
32 33 61 33
33 34 56 41
34 35 19 76
