0 1 38 58
0 19 48 51
1 2 89 18
1 20 36 68
2 3 20 72
2 21 64 30
3 4 71 28
3 22 77 20
4 5 31 63
4 23 58 39
5 6 30 72
5 24 47 49
6 7 53 51
6 25 89 22
7 8 87 21
7 26 23 67
8 9 9 82
8 27 47 46
9 10 26 74
9 28 63 44
10 11 10 86
10 29 88 20
11 12 23 70
11 30 82 26
12 13 66 28
12 31 5 87
13 14 61 47
13 32 90 11
14 15 61 36
14 33 30 74
15 16 13 75
15 34 47 51
16 17 83 28
16 35 8 89
17 18 60 39
17 36 59 49
18 37 70 39
19 20 64 39
20 21 20 67
21 22 68 32
22 23 65 41
23 24 44 61
24 25 50 53
25 26 38 53
26 27 97 2
27 28 15 72
28 29 15 83
29 30 7 87
30 31 38 56
31 32 36 54
32 33 64 41
33 34 32 60
34 35 28 64
35 36 76 22
36 37 60 39
