0 1 74 26
0 10 30 65
1 2 75 71
1 11 94 35
2 3 10 91
2 12 10 33
3 4 40 89
3 13 7 64
4 5 3 61
4 14 76 55
5 6 90 2
5 15 37 12
6 7 65 47
6 16 31 64
7 8 44 65
7 17 29 62
8 9 90 18
8 18 84 51
9 19 99 46
10 11 4 43
10 20 31 39
11 12 28 79
11 21 27 80
12 13 28 29
12 22 55 20
13 14 92 5
13 23 13 76
14 15 73 39
14 24 94 6
15 16 11 44
15 25 51 21
16 17 87 24
16 26 50 15
17 18 16 33
17 27 79 74
18 19 50 58
18 28 40 75
19 29 89 73
20 21 4 19
20 30 90 51
21 22 23 23
21 31 93 15
22 23 38 21
22 32 25 47
23 24 83 49
23 33 59 49
24 25 81 41
24 34 39 19
25 26 18 77
25 35 17 70
26 27 41 79
26 36 21 18
27 28 85 16
27 37 62 25
28 29 81 52
28 38 96 57
29 39 0 59
30 31 7 39
31 32 89 41
32 33 43 33
33 34 79 39
34 35 50 78
35 36 42 79
36 37 7 96
37 38 61 49
38 39 83 71
