0 1 9 63
0 10 61 44
1 2 11 80
1 11 52 68
2 3 0 53
2 12 56 25
3 4 59 32
3 13 87 30
4 5 75 43
4 14 95 12
5 6 1 69
5 15 28 56
6 7 28 84
6 16 75 55
7 8 54 56
7 17 38 78
8 9 26 85
8 18 77 17
9 19 79 18
10 11 6 46
10 20 64 52
11 12 84 21
11 21 99 39
12 13 96 21
12 22 69 63
13 14 6 75
13 23 97 50
14 15 91 12
14 24 68 37
15 16 37 42
15 25 36 31
16 17 77 18
16 26 19 46
17 18 76 24
17 27 0 54
18 19 91 41
18 28 6 60
19 29 4 77
20 21 71 20
20 30 85 40
21 22 40 68
21 31 39 38
22 23 10 51
22 32 83 52
23 24 32 71
23 33 12 61
24 25 62 41
24 34 9 50
25 26 29 64
25 35 2 96
26 27 35 56
26 36 91 52
27 28 56 47
27 37 29 38
28 29 5 91
28 38 55 60
29 39 86 22
30 31 94 20
31 32 72 16
32 33 88 39
33 34 80 28
34 35 84 45
35 36 78 13
36 37 81 31
37 38 70 23
38 39 46 60
