0 1 75 42
0 10 78 13
1 2 31 48
1 11 13 91
2 3 72 44
2 12 4 80
3 4 11 45
3 13 33 67
4 5 25 74
4 14 51 44
5 6 54 30
5 15 75 44
6 7 63 32
6 16 6 92
7 8 97 29
7 17 21 63
8 9 53 53
8 18 49 33
9 19 85 23
10 11 36 65
10 20 55 43
11 12 22 45
11 21 50 34
12 13 92 12
12 22 75 46
13 14 90 34
13 23 95 29
14 15 14 75
14 24 82 13
15 16 15 87
15 25 52 39
16 17 68 23
16 26 41 69
17 18 3 57
17 27 66 56
18 19 4 93
18 28 20 51
19 29 27 42
20 21 58 24
20 30 38 47
21 22 19 73
21 31 56 61
22 23 24 70
22 32 85 7
23 24 48 40
23 33 9 52
24 25 89 54
24 34 43 43
25 26 20 80
25 35 6 72
26 27 38 31
26 36 71 24
27 28 28 45
27 37 59 28
28 29 56 36
28 38 96 21
29 39 68 45
30 31 66 52
30 40 7 77
31 32 71 51
31 41 75 14
32 33 72 60
32 42 31 61
33 34 93 24
33 43 61 62
34 35 3 63
34 44 22 87
35 36 38 31
35 45 81 31
36 37 6 61
36 46 54 47
37 38 43 43
37 47 30 84
38 39 39 60
38 48 57 21
39 49 31 40
40 41 70 34
41 42 66 49
42 43 60 33
43 44 73 28
44 45 12 68
45 46 15 57
46 47 52 50
47 48 52 66
48 49 73 15
