0 1 90 78
0 10 96 34
1 2 45 25
1 11 5 49
2 3 82 13
2 12 8 80
3 4 92 25
3 13 53 9
4 5 52 37
4 14 82 78
5 6 42 89
5 15 33 48
6 7 49 68
6 16 12 91
7 8 36 77
7 17 11 91
8 9 66 13
8 18 5 63
9 19 4 47
10 11 33 83
10 20 20 59
11 12 14 41
11 21 25 61
12 13 72 6
12 22 57 72
13 14 20 69
13 23 5 19
14 15 89 48
14 24 99 4
15 16 30 70
15 25 4 74
16 17 13 84
16 26 52 30
17 18 68 31
17 27 65 20
18 19 26 52
18 28 59 43
19 29 58 56
20 21 74 59
20 30 62 13
21 22 4 80
21 31 42 36
22 23 9 39
22 32 56 37
23 24 94 14
23 33 60 58
24 25 65 10
24 34 76 62
25 26 98 1
25 35 34 21
26 27 19 83
26 36 73 73
27 28 11 47
27 37 58 29
28 29 86 57
28 38 53 28
29 39 79 54
30 31 69 22
30 40 12 84
31 32 8 42
31 41 88 36
32 33 57 60
32 42 27 77
33 34 51 66
33 43 99 32
34 35 35 76
34 44 86 16
35 36 13 76
35 45 72 34
36 37 40 68
36 46 78 13
37 38 92 75
37 47 22 53
38 39 80 10
38 48 21 74
39 49 41 78
40 41 0 33
41 42 65 59
42 43 12 53
43 44 39 12
44 45 80 13
45 46 56 44
46 47 40 23
47 48 44 84
48 49 27 15
