0 1 97 73
0 26 42 64
1 2 54 51
1 27 80 73
2 3 53 20
2 28 97 6
3 4 50 74
3 29 95 36
4 5 72 82
4 30 92 28
5 6 79 38
5 31 61 43
6 7 93 75
6 32 98 51
7 8 71 37
7 33 44 12
8 9 29 92
8 34 90 8
9 10 1 99
9 35 94 12
10 11 26 71
10 36 40 74
11 12 50 59
11 37 35 23
12 13 62 77
12 38 82 73
13 14 80 54
13 39 75 16
14 15 59 11
14 40 57 47
15 16 29 91
15 41 71 27
16 17 27 91
16 42 51 63
17 18 24 35
17 43 99 36
18 19 74 84
18 44 0 90
19 20 72 68
19 45 63 60
20 21 66 33
20 46 60 77
21 22 7 31
21 47 98 78
22 23 33 19
22 48 83 20
23 24 92 37
23 49 89 26
24 25 66 35
24 50 23 85
25 51 54 69
26 27 88 2
27 28 62 17
28 29 29 54
29 30 24 34
30 31 8 57
31 32 66 57
32 33 77 65
33 34 16 36
34 35 45 46
35 36 21 40
36 37 72 34
37 38 72 36
38 39 46 57
39 40 47 68
40 41 0 82
41 42 2 35
42 43 30 32
43 44 83 38
44 45 32 15
45 46 43 38
46 47 82 20
47 48 9 39
48 49 32 78
49 50 50 47
50 51 96 63
