0 1 90 42
0 11 70 44
1 2 98 6
1 12 14 77
2 3 63 38
2 13 30 49
3 4 27 38
3 14 66 26
4 5 64 62
4 15 19 66
5 6 24 63
5 16 77 42
6 7 97 42
6 17 74 53
7 8 13 49
7 18 31 65
8 9 72 60
8 19 62 41
9 10 21 48
9 20 98 20
10 21 5 54
11 12 9 93
11 22 33 60
12 13 0 85
12 23 62 53
13 14 38 72
13 24 64 48
14 15 51 60
14 25 58 53
15 16 20 55
15 26 41 71
16 17 12 49
16 27 4 93
17 18 14 52
17 28 58 59
18 19 99 45
18 29 67 61
19 20 91 19
19 30 36 62
20 21 68 39
20 31 5 95
21 32 72 60
22 23 48 55
22 33 29 72
23 24 91 39
23 34 47 70
24 25 28 78
24 35 8 65
25 26 48 57
25 36 71 25
26 27 76 30
26 37 67 40
27 28 55 69
27 38 73 60
28 29 22 75
28 39 65 42
29 30 41 47
29 40 14 56
30 31 36 80
30 41 64 46
31 32 20 75
31 42 44 62
32 43 48 72
33 34 38 40
33 44 27 69
34 35 74 26
34 45 77 58
35 36 5 61
35 46 49 38
36 37 45 47
36 47 62 60
37 38 3 94
37 48 43 67
38 39 29 60
38 49 92 45
39 40 23 63
39 50 69 59
40 41 60 27
40 51 4 49
41 42 49 71
41 52 67 17
42 43 35 44
42 53 18 52
43 54 74 13
44 45 74 21
45 46 42 55
46 47 44 44
47 48 21 49
48 49 88 21
49 50 82 48
50 51 66 30
51 52 61 52
52 53 11 52
53 54 65 49
