0 1 55 78
0 11 38 71
1 2 62 28
1 12 56 39
2 3 73 37
2 13 34 79
3 4 8 44
3 14 86 71
4 5 41 28
4 15 0 90
5 6 63 13
5 16 36 56
6 7 84 13
6 17 31 26
7 8 54 60
7 18 74 68
8 9 39 74
8 19 72 67
9 10 45 45
9 20 2 85
10 21 79 72
11 12 62 41
11 22 72 54
12 13 46 85
12 23 14 66
13 14 42 89
13 24 1 89
14 15 57 31
14 25 13 77
15 16 27 79
15 26 91 27
16 17 62 65
16 27 78 28
17 18 0 32
17 28 86 62
18 19 9 56
18 29 4 98
19 20 80 17
19 30 22 87
20 21 74 83
20 31 35 15
21 32 70 66
22 23 15 23
22 33 56 24
23 24 23 33
23 34 71 81
24 25 75 54
24 35 75 37
25 26 42 62
25 36 22 30
26 27 19 91
26 37 12 26
27 28 64 65
27 38 47 44
28 29 9 85
28 39 62 61
29 30 51 51
29 40 76 66
30 31 95 51
30 41 23 84
31 32 85 65
31 42 74 41
32 43 52 17
33 34 98 42
33 44 12 79
34 35 81 13
34 45 16 85
35 36 20 38
35 46 73 21
36 37 99 1
36 47 72 24
37 38 28 63
37 48 37 75
38 39 17 72
38 49 22 43
39 40 76 78
39 50 51 86
40 41 23 84
40 51 67 25
41 42 25 33
41 52 20 39
42 43 73 45
42 53 95 34
43 54 52 38
44 45 91 21
45 46 22 32
46 47 7 26
47 48 98 31
48 49 72 61
49 50 24 33
50 51 77 61
51 52 18 32
52 53 19 61
53 54 34 19
