0 1 98 36
0 29 66 32
1 2 6 54
1 30 90 20
2 3 34 61
2 31 68 58
3 4 85 29
3 32 8 53
4 5 33 68
4 33 28 47
5 6 10 75
5 34 53 42
6 7 90 30
6 35 59 44
7 8 96 34
7 36 12 47
8 9 82 45
8 37 94 8
9 10 65 49
9 38 5 88
10 11 56 46
10 39 79 36
11 12 2 70
11 40 6 68
12 13 9 58
12 41 41 66
13 14 27 71
13 42 75 46
14 15 53 31
14 43 80 27
15 16 45 27
15 44 46 57
16 17 50 58
16 45 64 44
17 18 78 16
17 46 25 77
18 19 76 30
18 47 16 45
19 20 53 51
19 48 20 54
20 21 48 43
20 49 45 75
21 22 67 57
21 50 2 63
22 23 12 75
22 51 91 16
23 24 52 47
23 52 78 43
24 25 64 46
24 53 75 56
25 26 17 87
25 54 46 42
26 27 41 43
26 55 6 68
27 28 46 36
27 56 70 31
28 57 21 43
29 30 25 49
30 31 58 63
31 32 73 35
32 33 50 24
33 34 35 48
34 35 73 29
35 36 17 56
36 37 30 45
37 38 90 45
38 39 24 56
39 40 9 85
40 41 60 61
41 42 30 48
42 43 41 64
43 44 40 75
44 45 73 55
45 46 9 85
46 47 48 75
47 48 4 74
48 49 67 50
49 50 90 52
50 51 51 50
51 52 16 90
52 53 59 53
53 54 99 27
54 55 83 19
55 56 51 54
56 57 11 64
