0 1 5 80
0 10 62 43
1 2 64 57
1 11 65 63
2 3 4 88
2 12 6 47
3 4 93 49
3 13 98 5
4 5 51 36
4 14 86 8
5 6 93 18
5 15 27 56
6 7 29 50
6 16 89 40
7 8 74 28
7 17 38 79
8 9 36 57
8 18 19 41
9 19 0 53
10 11 52 35
10 20 46 46
11 12 86 45
11 21 6 85
12 13 45 48
12 22 85 53
13 14 20 78
13 23 13 73
14 15 16 89
14 24 9 68
15 16 95 25
15 25 46 53
16 17 67 33
16 26 22 84
17 18 74 30
17 27 90 18
18 19 73 39
18 28 29 84
19 29 52 51
20 21 40 48
20 30 46 28
21 22 54 45
21 31 59 43
22 23 88 26
22 32 72 22
23 24 99 24
23 33 46 67
24 25 50 57
24 34 47 46
25 26 59 49
25 35 85 29
26 27 79 47
26 36 86 45
27 28 95 6
27 37 9 48
28 29 76 57
28 38 79 48
29 39 40 42
30 31 71 63
30 40 90 7
31 32 6 77
31 41 15 71
32 33 62 27
32 42 17 67
33 34 1 70
33 43 89 37
34 35 72 17
34 44 23 86
35 36 71 27
35 45 69 55
36 37 58 30
36 46 82 44
37 38 98 28
37 47 64 24
38 39 69 51
38 48 85 9
39 49 13 72
40 41 98 4
40 50 90 35
41 42 38 69
41 51 1 51
42 43 64 53
42 52 7 57
43 44 17 88
43 53 89 25
44 45 32 48
44 54 24 54
45 46 42 40
45 55 28 71
46 47 53 48
46 56 8 65
47 48 99 29
47 57 42 49
48 49 99 5
48 58 86 28
49 59 6 64
50 51 47 35
51 52 83 10
52 53 35 53
53 54 78 53
54 55 80 42
55 56 99 39
56 57 18 87
57 58 36 65
58 59 17 47
