0 1 14 83
0 34 82 27
1 2 25 65
1 35 49 53
2 3 55 44
2 36 65 41
3 4 36 65
3 37 3 89
4 5 81 24
4 38 31 60
5 6 9 82
5 39 46 55
6 7 19 72
6 40 85 20
7 8 32 68
7 41 37 67
8 9 0 87
8 42 56 40
9 10 58 41
9 43 70 26
10 11 28 72
10 44 44 55
11 12 75 34
11 45 20 73
12 13 25 70
12 46 77 30
13 14 69 36
13 47 31 67
14 15 87 11
14 48 14 80
15 16 98 8
15 49 53 41
16 17 61 43
16 50 49 51
17 18 65 35
17 51 66 39
18 19 17 83
18 52 54 51
19 20 81 25
19 53 78 22
20 21 79 32
20 54 91 20
21 22 63 42
21 55 13 83
22 23 28 72
22 56 41 61
23 24 87 18
23 57 69 33
24 25 42 50
24 58 65 42
25 26 7 81
25 59 97 8
26 27 81 24
26 60 33 69
27 28 74 29
27 61 30 59
28 29 78 32
28 62 88 21
29 30 91 7
29 63 74 30
30 31 51 47
30 64 21 73
31 32 36 56
31 65 58 40
32 33 37 63
32 66 38 65
33 67 28 61
34 35 23 65
35 36 80 26
36 37 78 23
37 38 97 12
38 39 16 74
39 40 26 72
40 41 91 9
41 42 25 75
42 43 56 51
43 44 25 63
44 45 20 68
45 46 10 77
46 47 39 62
47 48 70 36
48 49 12 88
49 50 62 34
50 51 2 97
51 52 65 41
52 53 26 75
53 54 15 86
54 55 11 86
55 56 3 96
56 57 82 23
57 58 23 74
58 59 77 22
59 60 66 35
60 61 27 73
61 62 16 76
62 63 73 25
63 64 35 62
64 65 31 59
65 66 84 26
66 67 74 36
