0 1 28 46
0 34 1 61
1 2 90 38
1 35 92 21
2 3 16 65
2 36 70 30
3 4 68 28
3 37 24 79
4 5 59 55
4 38 64 23
5 6 0 98
5 39 57 63
6 7 9 71
6 40 45 49
7 8 76 35
7 41 83 40
8 9 20 72
8 42 70 41
9 10 36 35
9 43 79 26
10 11 58 49
10 44 54 25
11 12 21 79
11 45 24 68
12 13 37 55
12 46 42 41
13 14 69 57
13 47 3 70
14 15 11 66
14 48 95 7
15 16 28 49
15 49 40 37
16 17 32 59
16 50 94 7
17 18 17 56
17 51 19 46
18 19 70 31
18 52 38 39
19 20 48 58
19 53 60 63
20 21 38 75
20 54 83 42
21 22 52 52
21 55 55 52
22 23 37 71
22 56 74 27
23 24 50 73
23 57 85 19
24 25 50 45
24 58 81 14
25 26 57 63
25 59 37 56
26 27 74 22
26 60 90 24
27 28 9 46
27 61 68 63
28 29 10 55
28 62 4 87
29 30 54 45
29 63 70 33
30 31 49 69
30 64 18 62
31 32 18 90
31 65 81 44
32 33 2 68
32 66 98 45
33 67 88 51
34 35 43 71
35 36 2 70
36 37 13 58
37 38 38 60
38 39 14 59
39 40 26 68
40 41 25 60
41 42 67 65
42 43 90 15
43 44 67 48
44 45 50 50
45 46 24 70
46 47 39 47
47 48 76 56
48 49 93 15
49 50 28 52
50 51 53 48
51 52 59 27
52 53 57 36
53 54 14 43
54 55 42 77
55 56 45 28
56 57 77 33
57 58 9 86
58 59 90 37
59 60 39 62
60 61 73 50
61 62 74 46
62 63 45 48
63 64 84 48
64 65 78 50
65 66 72 58
66 67 67 31
