0 1 43 62
0 15 93 49
1 2 56 63
1 16 92 48
2 3 56 59
2 17 46 75
3 4 83 56
3 18 6 49
4 5 96 31
4 19 30 55
5 6 69 20
5 20 7 55
6 7 91 10
6 21 59 67
7 8 37 52
7 22 89 19
8 9 84 20
8 23 76 47
9 10 65 27
9 24 83 36
10 11 99 22
10 25 80 33
11 12 43 66
11 26 19 41
12 13 10 93
12 27 24 53
13 14 70 56
13 28 19 64
14 29 65 34
15 16 23 39
15 30 37 63
16 17 50 66
16 31 55 71
17 18 9 48
17 32 4 69
18 19 98 33
18 33 36 48
19 20 3 70
19 34 4 86
20 21 37 76
20 35 32 57
21 22 59 48
21 36 24 47
22 23 20 57
22 37 6 74
23 24 19 61
23 38 49 27
24 25 81 55
24 39 90 18
25 26 44 45
25 40 24 50
26 27 29 64
26 41 42 42
27 28 3 52
27 42 34 62
28 29 45 67
28 43 59 54
29 44 49 54
30 31 33 33
30 45 77 31
31 32 4 91
31 46 52 70
32 33 71 32
32 47 16 45
33 34 97 38
33 48 18 73
34 35 79 18
34 49 15 87
35 36 31 37
35 50 31 68
36 37 52 46
36 51 27 65
37 38 15 51
37 52 41 51
38 39 26 37
38 53 76 30
39 40 9 74
39 54 76 50
40 41 58 53
40 55 44 32
41 42 81 42
41 56 92 18
42 43 7 66
42 57 68 37
43 44 79 33
43 58 76 32
44 59 3 72
45 46 19 68
45 60 76 24
46 47 4 67
46 61 83 22
47 48 17 88
47 62 57 59
48 49 75 52
48 63 88 53
49 50 93 27
49 64 9 75
50 51 15 71
50 65 26 79
51 52 76 19
51 66 95 39
52 53 36 62
52 67 25 61
53 54 79 48
53 68 38 75
54 55 31 37
54 69 34 81
55 56 55 41
55 70 71 46
56 57 42 44
56 71 11 77
57 58 61 54
57 72 84 35
58 59 87 44
58 73 40 32
59 74 22 60
60 61 9 82
61 62 6 47
62 63 30 78
63 64 59 37
64 65 98 5
65 66 30 43
66 67 73 57
67 68 83 50
68 69 37 31
69 70 24 48
70 71 37 42
71 72 86 30
72 73 85 38
73 74 61 21
