0 1 0 54
0 11 88 18
1 2 14 70
1 12 67 22
2 3 76 24
2 13 32 77
3 4 40 57
3 14 46 39
4 5 64 50
4 15 37 70
5 6 51 60
5 16 30 61
6 7 80 20
6 17 90 48
7 8 66 45
7 18 14 92
8 9 88 55
8 19 1 87
9 10 49 52
9 20 79 26
10 21 37 39
11 12 84 10
11 22 92 34
12 13 51 55
12 23 27 86
13 14 40 52
13 24 39 40
14 15 37 70
14 25 90 34
15 16 98 30
15 26 36 73
16 17 5 84
16 27 93 30
17 18 15 83
17 28 37 76
18 19 37 52
18 29 47 42
19 20 7 56
19 30 65 35
20 21 83 13
20 31 0 92
21 32 68 51
22 23 17 68
22 33 28 54
23 24 90 12
23 34 72 25
24 25 85 51
24 35 20 54
25 26 77 59
25 36 6 60
26 27 87 24
26 37 56 41
27 28 98 23
27 38 6 73
28 29 31 70
28 39 0 80
29 30 54 36
29 40 32 39
30 31 71 20
30 41 63 29
31 32 5 63
31 42 34 36
32 43 55 35
33 34 61 33
33 44 69 33
34 35 15 46
34 45 37 49
35 36 84 10
35 46 62 51
36 37 37 76
36 47 91 32
37 38 27 59
37 48 10 45
38 39 60 21
38 49 3 67
39 40 31 72
39 50 17 56
40 41 45 38
40 51 36 46
41 42 67 64
41 52 47 38
42 43 61 54
42 53 68 62
43 54 65 66
44 45 60 62
44 55 84 16
45 46 38 79
45 56 76 38
46 47 30 38
46 57 73 63
47 48 67 40
47 58 17 56
48 49 59 65
48 59 46 30
49 50 42 30
49 60 14 75
50 51 79 57
50 61 73 60
51 52 82 26
51 62 68 49
52 53 68 19
52 63 73 13
53 54 11 48
53 64 92 36
54 65 78 26
55 56 71 47
55 66 3 88
56 57 91 46
56 67 82 32
57 58 9 75
57 68 43 28
58 59 28 36
58 69 28 47
59 60 10 83
59 70 40 54
60 61 78 50
60 71 8 95
61 62 70 37
61 72 39 53
62 63 47 34
62 73 66 41
63 64 66 43
63 74 62 38
64 65 15 59
64 75 70 44
65 76 71 20
66 67 31 68
67 68 29 37
68 69 40 61
69 70 45 69
70 71 15 52
71 72 16 85
72 73 22 69
73 74 44 72
74 75 75 19
75 76 93 16
