0 1 58 63
0 10 34 53
1 2 72 51
1 11 42 72
2 3 97 37
2 12 21 50
3 4 49 71
3 13 88 33
4 5 33 81
4 14 97 25
5 6 87 35
5 15 57 31
6 7 73 14
6 16 25 58
7 8 0 69
7 17 45 37
8 9 99 39
8 18 84 51
9 19 94 21
10 11 87 52
10 20 90 29
11 12 5 58
11 21 63 62
12 13 59 34
12 22 76 39
13 14 96 2
13 23 56 54
14 15 14 53
14 24 89 27
15 16 13 84
15 25 96 28
16 17 97 24
16 26 49 70
17 18 26 82
17 27 71 19
18 19 81 28
18 28 77 53
19 29 8 46
20 21 63 38
20 30 75 44
21 22 42 46
21 31 51 58
22 23 60 42
22 32 43 44
23 24 24 72
23 33 4 62
24 25 29 85
24 34 97 43
25 26 95 35
25 35 15 64
26 27 46 72
26 36 77 23
27 28 14 85
27 37 21 59
28 29 57 37
28 38 97 34
29 39 39 52
30 31 38 78
30 40 10 59
31 32 43 69
31 41 53 40
32 33 35 45
32 42 88 25
33 34 59 56
33 43 77 58
34 35 12 78
34 44 46 56
35 36 55 23
35 45 49 67
36 37 90 16
36 46 54 69
37 38 83 8
37 47 29 66
38 39 53 66
38 48 97 46
39 49 86 52
40 41 25 68
40 50 42 52
41 42 36 32
41 51 3 65
42 43 57 51
42 52 45 40
43 44 45 66
43 53 72 46
44 45 46 72
44 54 25 51
45 46 8 57
45 55 32 62
46 47 37 48
46 56 34 49
47 48 66 64
47 57 87 23
48 49 33 57
48 58 92 21
49 59 23 50
50 51 4 57
50 60 47 74
51 52 99 7
51 61 15 45
52 53 45 52
52 62 77 54
53 54 68 16
53 63 0 90
54 55 4 47
54 64 33 79
55 56 84 9
55 65 44 49
56 57 38 39
56 66 8 83
57 58 93 9
57 67 94 44
58 59 70 50
58 68 65 55
59 69 27 75
60 61 27 81
60 70 12 71
61 62 7 48
61 71 21 47
62 63 85 47
62 72 39 55
63 64 15 71
63 73 80 33
64 65 23 85
64 74 77 56
65 66 33 57
65 75 15 64
66 67 27 44
66 76 17 52
67 68 84 18
67 77 46 39
68 69 47 42
68 78 64 18
69 79 67 45
70 71 57 28
71 72 37 43
72 73 42 43
73 74 55 36
74 75 21 79
75 76 78 18
76 77 35 60
77 78 85 50
78 79 23 66
