0 1 94 4
0 10 16 71
1 2 58 45
1 11 51 45
2 3 86 21
2 12 66 33
3 4 68 27
3 13 68 31
4 5 56 49
4 14 16 85
5 6 98 2
5 15 98 7
6 7 86 12
6 16 18 77
7 8 59 40
7 17 4 91
8 9 34 70
8 18 25 64
9 19 72 25
10 11 35 65
10 20 19 76
11 12 7 92
11 21 30 65
12 13 20 75
12 22 33 58
13 14 53 45
13 23 81 20
14 15 73 30
14 24 52 44
15 16 27 76
15 25 70 36
16 17 74 36
16 26 56 42
17 18 74 22
17 27 81 16
18 19 63 38
18 28 86 14
19 29 19 73
20 21 30 72
20 30 75 33
21 22 70 27
21 31 15 73
22 23 6 88
22 32 32 58
23 24 11 88
23 33 1 93
24 25 7 81
24 34 64 33
25 26 96 9
25 35 76 27
26 27 41 61
26 36 9 77
27 28 89 11
27 37 10 81
28 29 94 7
28 38 72 25
29 39 99 12
30 31 55 50
30 40 16 78
31 32 32 63
31 41 32 65
32 33 87 17
32 42 69 34
33 34 35 57
33 43 61 39
34 35 27 73
34 44 97 7
35 36 57 47
35 45 26 75
36 37 34 67
36 46 57 42
37 38 66 40
37 47 75 35
38 39 92 10
38 48 49 56
39 49 58 42
40 41 20 76
40 50 43 62
41 42 91 20
41 51 60 33
42 43 27 73
42 52 33 57
43 44 88 9
43 53 82 25
44 45 26 73
44 54 14 86
45 46 18 75
45 55 37 59
46 47 27 70
46 56 5 82
47 48 2 84
47 57 52 43
48 49 42 55
48 58 41 53
49 59 86 15
50 51 38 66
50 60 25 65
51 52 43 48
51 61 51 41
52 53 74 33
52 62 48 55
53 54 30 60
53 63 87 17
54 55 95 11
54 64 46 54
55 56 91 9
55 65 88 14
56 57 58 40
56 66 44 50
57 58 38 66
57 67 0 90
58 59 57 42
58 68 43 58
59 69 46 52
60 61 49 54
60 70 79 28
61 62 51 42
61 71 83 18
62 63 13 85
62 72 68 37
63 64 55 51
63 73 75 32
64 65 81 22
64 74 15 84
65 66 18 80
65 75 79 28
66 67 34 60
66 76 10 78
67 68 50 45
67 77 6 82
68 69 51 41
68 78 35 67
69 79 87 10
70 71 97 5
71 72 58 49
72 73 17 71
73 74 67 32
74 75 96 15
75 76 63 37
76 77 11 84
77 78 81 23
78 79 71 27
