0 1 30 66
0 41 98 44
1 2 95 15
1 42 10 61
2 3 77 82
2 43 63 24
3 4 38 92
3 44 99 74
4 5 30 19
4 45 36 59
5 6 11 62
5 46 42 67
6 7 52 13
6 47 15 61
7 8 23 25
7 48 17 57
8 9 74 78
8 49 74 8
9 10 59 13
9 50 44 25
10 11 61 76
10 51 73 13
11 12 14 24
11 52 2 97
12 13 14 90
12 53 90 26
13 14 92 29
13 54 76 53
14 15 67 63
14 55 54 49
15 16 19 28
15 56 92 74
16 17 72 26
16 57 55 38
17 18 50 61
17 58 35 33
18 19 73 62
18 59 3 64
19 20 24 38
19 60 66 52
20 21 66 27
20 61 36 30
21 22 18 25
21 62 65 47
22 23 91 25
22 63 20 27
23 24 69 83
23 64 14 94
24 25 27 78
24 65 68 78
25 26 82 52
25 66 31 75
26 27 86 18
26 67 64 38
27 28 65 34
27 68 7 27
28 29 79 82
28 69 73 53
29 30 67 19
29 70 27 22
30 31 9 82
30 71 31 84
31 32 86 37
31 72 46 45
32 33 67 48
32 73 98 47
33 34 75 5
33 74 72 7
34 35 92 33
34 75 58 53
35 36 38 87
35 76 98 77
36 37 75 9
36 77 88 60
37 38 0 32
37 78 5 19
38 39 22 58
38 79 21 18
39 40 17 73
39 80 37 43
40 81 49 54
41 42 36 40
42 43 30 39
43 44 17 92
44 45 62 43
45 46 30 65
46 47 28 63
47 48 37 88
48 49 29 74
49 50 72 18
50 51 94 31
51 52 5 27
52 53 36 56
53 54 73 33
54 55 63 27
55 56 73 74
56 57 2 68
57 58 26 91
58 59 16 24
59 60 66 48
60 61 34 84
61 62 57 13
62 63 36 41
63 64 46 16
64 65 74 42
65 66 23 78
66 67 96 55
67 68 18 78
68 69 10 58
69 70 89 50
70 71 93 27
71 72 70 68
72 73 57 43
73 74 85 25
74 75 72 60
75 76 79 42
76 77 37 82
77 78 76 16
78 79 31 87
79 80 33 27
80 81 54 80
