0 1 66 57
0 41 81 26
1 2 81 57
1 42 68 34
2 3 18 42
2 43 10 90
3 4 8 72
3 44 30 77
4 5 54 33
4 45 57 33
5 6 74 46
5 46 35 71
6 7 68 62
6 47 61 41
7 8 86 51
7 48 79 41
8 9 63 48
8 49 71 38
9 10 44 77
9 50 1 53
10 11 50 59
10 51 86 50
11 12 44 29
11 52 30 79
12 13 41 75
12 53 21 89
13 14 46 57
13 54 69 59
14 15 71 18
14 55 68 28
15 16 53 70
15 56 93 44
16 17 69 38
16 57 62 46
17 18 43 54
17 58 27 79
18 19 27 63
18 59 50 45
19 20 26 78
19 60 9 75
20 21 58 51
20 61 47 48
21 22 11 80
21 62 18 63
22 23 30 55
22 63 34 68
23 24 9 74
23 64 19 50
24 25 36 75
24 65 4 86
25 26 24 39
25 66 46 57
26 27 58 40
26 67 4 51
27 28 14 90
27 68 29 65
28 29 72 17
28 69 88 54
29 30 46 43
29 70 19 84
30 31 76 15
30 71 68 30
31 32 91 30
31 72 13 46
32 33 97 50
32 73 87 19
33 34 10 70
33 74 94 48
34 35 89 53
34 75 22 60
35 36 1 87
35 76 87 20
36 37 26 39
36 77 29 70
37 38 15 65
37 78 14 68
38 39 61 26
38 79 66 35
39 40 47 58
39 80 42 66
40 81 54 35
41 42 9 66
42 43 52 67
43 44 43 65
44 45 85 36
45 46 92 10
46 47 95 16
47 48 66 41
48 49 92 42
49 50 21 71
50 51 72 37
51 52 21 81
52 53 37 70
53 54 12 49
54 55 59 47
55 56 76 22
56 57 50 32
57 58 91 40
58 59 95 44
59 60 50 41
60 61 79 48
61 62 84 11
62 63 52 32
63 64 9 47
64 65 85 31
65 66 94 25
66 67 52 49
67 68 20 46
68 69 64 49
69 70 32 56
70 71 65 27
71 72 20 72
72 73 4 62
73 74 71 55
74 75 63 55
75 76 65 40
76 77 72 34
77 78 77 31
78 79 48 54
79 80 77 52
80 81 85 9
