0 1 67 47
0 10 5 63
1 2 84 31
1 11 28 39
2 3 48 28
2 12 81 38
3 4 43 38
3 13 93 20
4 5 14 66
4 14 94 22
5 6 55 71
5 15 78 30
6 7 15 53
6 16 23 85
7 8 11 92
7 17 99 8
8 9 18 58
8 18 77 24
9 19 10 50
10 11 14 47
10 20 33 71
11 12 29 53
11 21 51 27
12 13 7 52
12 22 95 30
13 14 88 38
13 23 53 24
14 15 81 46
14 24 29 64
15 16 8 50
15 25 89 30
16 17 41 78
16 26 69 36
17 18 57 59
17 27 32 83
18 19 44 40
18 28 75 33
19 29 67 55
20 21 14 64
20 30 31 39
21 22 12 48
21 31 13 71
22 23 12 93
22 32 24 84
23 24 75 18
23 33 74 25
24 25 21 83
24 34 35 79
25 26 92 35
25 35 3 54
26 27 83 30
26 36 65 65
27 28 79 24
27 37 76 48
28 29 65 20
28 38 39 37
29 39 88 38
30 31 65 28
30 40 52 72
31 32 79 17
31 41 54 34
32 33 67 28
32 42 59 29
33 34 1 49
33 43 49 48
34 35 35 33
34 44 5 96
35 36 35 67
35 45 90 48
36 37 86 28
36 46 55 55
37 38 9 64
37 47 62 21
38 39 24 70
38 48 22 73
39 49 30 37
40 41 23 69
40 50 23 69
41 42 64 23
41 51 39 58
42 43 52 48
42 52 86 17
43 44 8 88
43 53 97 48
44 45 29 46
44 54 69 26
45 46 58 30
45 55 82 34
46 47 7 61
46 56 87 17
47 48 0 66
47 57 1 78
48 49 57 29
48 58 29 69
49 59 18 57
50 51 72 24
50 60 27 58
51 52 89 50
51 61 94 22
52 53 31 35
52 62 88 24
53 54 20 54
53 63 37 72
54 55 2 51
54 64 40 45
55 56 72 53
55 65 31 68
56 57 41 54
56 66 23 80
57 58 43 46
57 67 40 75
58 59 66 31
58 68 8 56
59 69 74 38
60 61 63 60
60 70 2 72
61 62 62 26
61 71 2 68
62 63 4 55
62 72 75 49
63 64 3 69
63 73 87 31
64 65 30 66
64 74 88 44
65 66 91 35
65 75 59 61
66 67 62 34
66 76 29 72
67 68 50 27
67 77 18 48
68 69 66 18
68 78 81 14
69 79 84 13
70 71 12 81
70 80 68 19
71 72 91 23
71 81 56 52
72 73 93 34
72 82 44 45
73 74 32 55
73 83 2 98
74 75 93 46
74 84 74 18
75 76 51 32
75 85 1 86
76 77 85 55
76 86 7 95
77 78 29 68
77 87 54 51
78 79 86 36
78 88 0 96
79 89 99 15
80 81 72 20
81 82 48 56
82 83 15 77
83 84 65 29
84 85 57 49
85 86 54 29
86 87 85 50
87 88 1 76
88 89 19 53
