0 1 74 53
0 31 0 61
1 2 41 42
1 32 2 82
2 3 18 44
2 33 17 54
3 4 99 18
3 34 32 69
4 5 31 43
4 35 99 22
5 6 36 71
5 36 99 41
6 7 52 70
6 37 0 69
7 8 35 34
7 38 19 68
8 9 66 23
8 39 94 40
9 10 36 38
9 40 0 62
10 11 10 69
10 41 69 26
11 12 34 69
11 42 20 53
12 13 40 40
12 43 29 82
13 14 43 48
13 44 16 87
14 15 68 21
14 45 40 36
15 16 90 30
15 46 92 37
16 17 46 56
16 47 93 28
17 18 37 51
17 48 94 43
18 19 83 50
18 49 3 56
19 20 87 32
19 50 65 51
20 21 38 77
20 51 43 52
21 22 78 22
21 52 97 20
22 23 99 16
22 53 21 82
23 24 82 48
23 54 49 64
24 25 16 73
24 55 19 56
25 26 58 37
25 56 45 58
26 27 47 35
26 57 99 1
27 28 23 47
27 58 57 39
28 29 31 40
28 59 89 36
29 30 47 66
29 60 73 54
30 61 7 72
31 32 40 31
31 62 66 28
32 33 29 64
32 63 24 81
33 34 89 44
33 64 17 60
34 35 91 38
34 65 15 84
35 36 76 41
35 66 40 61
36 37 46 30
36 67 37 77
37 38 92 50
37 68 8 68
38 39 84 55
38 69 42 55
39 40 66 39
39 70 4 88
40 41 73 59
40 71 93 33
41 42 21 40
41 72 4 64
42 43 88 30
42 73 73 62
43 44 83 12
43 74 75 16
44 45 81 15
44 75 92 49
45 46 54 30
45 76 41 77
46 47 61 27
46 77 55 66
47 48 89 50
47 78 92 5
48 49 89 52
48 79 70 46
49 50 53 56
49 80 28 71
50 51 11 75
50 81 80 35
51 52 75 62
51 82 42 53
52 53 21 41
52 83 3 59
53 54 96 25
53 84 86 25
54 55 14 60
54 85 46 58
55 56 89 50
55 86 14 49
56 57 15 60
56 87 14 58
57 58 16 75
57 88 8 77
58 59 64 45
58 89 67 56
59 60 93 11
59 90 24 62
60 61 53 36
60 91 33 40
61 92 5 90
62 63 32 54
63 64 69 19
64 65 5 59
65 66 33 62
66 67 42 70
67 68 4 81
68 69 70 50
69 70 71 27
70 71 17 81
71 72 89 7
72 73 62 53
73 74 80 34
74 75 62 25
75 76 13 66
76 77 29 58
77 78 96 27
78 79 28 54
79 80 73 14
80 81 18 64
81 82 80 39
82 83 72 23
83 84 10 88
84 85 11 93
85 86 83 20
86 87 89 18
87 88 96 38
88 89 0 80
89 90 23 47
90 91 20 70
91 92 24 44
