0 1 17 80
0 48 28 65
1 2 36 63
1 49 36 65
2 3 78 19
2 50 52 48
3 4 77 27
3 51 54 49
4 5 73 22
4 52 78 28
5 6 34 63
5 53 68 40
6 7 9 79
6 54 30 62
7 8 80 28
7 55 61 33
8 9 63 36
8 56 71 29
9 10 12 75
9 57 11 83
10 11 47 49
10 58 48 51
11 12 28 68
11 59 98 5
12 13 55 41
12 60 4 89
13 14 0 96
13 61 20 71
14 15 51 50
14 62 45 48
15 16 54 50
15 63 97 8
16 17 1 96
16 64 3 84
17 18 40 55
17 65 90 10
18 19 4 83
18 66 62 37
19 20 16 77
19 67 42 56
20 21 16 75
20 68 75 26
21 22 85 23
21 69 56 48
22 23 19 77
22 70 53 54
23 24 20 80
23 71 83 16
24 25 15 78
24 72 26 69
25 26 29 64
25 73 69 40
26 27 97 7
26 74 39 52
27 28 94 18
27 75 18 80
28 29 17 74
28 76 89 9
29 30 56 40
29 77 68 29
30 31 72 37
30 78 21 68
31 32 14 85
31 79 52 47
32 33 40 63
32 80 17 83
33 34 74 29
33 81 16 80
34 35 5 92
34 82 58 40
35 36 18 76
35 83 0 97
36 37 81 21
36 84 45 54
37 38 51 48
37 85 16 79
38 39 95 8
38 86 8 89
39 40 39 60
39 87 3 94
40 41 26 64
40 88 38 59
41 42 8 89
41 89 33 59
42 43 53 53
42 90 62 43
43 44 78 19
43 91 18 78
44 45 73 36
44 92 98 16
45 46 62 37
45 93 37 55
46 47 45 48
46 94 99 5
47 95 53 43
48 49 47 57
49 50 98 15
50 51 81 21
51 52 13 74
52 53 99 3
53 54 98 3
54 55 28 68
55 56 91 11
56 57 66 33
57 58 1 86
58 59 46 57
59 60 18 73
60 61 12 79
61 62 36 68
62 63 29 62
63 64 96 3
64 65 62 35
65 66 66 30
66 67 17 83
67 68 48 48
68 69 13 76
69 70 75 32
70 71 11 86
71 72 41 53
72 73 37 64
73 74 99 12
74 75 88 23
75 76 43 54
76 77 8 77
77 78 83 27
78 79 22 71
79 80 71 37
80 81 30 63
81 82 78 29
82 83 31 59
83 84 86 17
84 85 43 54
85 86 31 60
86 87 40 61
87 88 37 55
88 89 24 70
89 90 48 49
90 91 28 64
91 92 75 29
92 93 27 70
93 94 12 83
94 95 28 67
