0 1 81 34
0 48 46 56
1 2 0 52
1 49 28 52
2 3 89 9
2 50 56 27
3 4 58 45
3 51 24 61
4 5 1 81
4 52 10 83
5 6 23 56
5 53 27 64
6 7 46 32
6 54 36 53
7 8 70 51
7 55 52 67
8 9 29 81
8 56 29 79
9 10 33 47
9 57 60 69
10 11 15 57
10 58 44 59
11 12 58 48
11 59 33 51
12 13 44 60
12 60 91 51
13 14 68 43
13 61 53 61
14 15 30 84
14 62 72 24
15 16 71 47
15 63 10 59
16 17 35 33
16 64 46 73
17 18 71 27
17 65 1 59
18 19 92 29
18 66 2 55
19 20 56 26
19 67 56 57
20 21 12 62
20 68 47 38
21 22 89 21
21 69 84 19
22 23 69 44
22 70 15 84
23 24 74 14
23 71 76 53
24 25 50 68
24 72 30 73
25 26 75 36
25 73 2 90
26 27 54 31
26 74 91 30
27 28 45 57
27 75 61 53
28 29 31 47
28 76 24 48
29 30 92 22
29 77 68 28
30 31 22 41
30 78 28 43
31 32 95 38
31 79 59 46
32 33 65 34
32 80 86 49
33 34 24 85
33 81 70 19
34 35 27 68
34 82 52 49
35 36 2 86
35 83 90 30
36 37 61 41
36 84 7 69
37 38 10 57
37 85 40 40
38 39 12 91
38 86 1 87
39 40 84 31
39 87 11 76
40 41 12 50
40 88 64 54
41 42 67 44
41 89 76 46
42 43 84 40
42 90 35 54
43 44 91 32
43 91 83 54
44 45 37 77
44 92 45 62
45 46 74 14
45 93 48 61
46 47 93 16
46 94 6 87
47 95 46 73
48 49 78 49
49 50 88 38
50 51 2 71
51 52 88 12
52 53 74 25
53 54 13 58
54 55 8 47
55 56 49 47
56 57 97 28
57 58 59 22
58 59 47 52
59 60 0 71
60 61 31 59
61 62 42 45
62 63 17 64
63 64 68 54
64 65 6 84
65 66 97 15
66 67 8 60
67 68 15 45
68 69 4 74
69 70 9 65
70 71 21 72
71 72 24 54
72 73 56 44
73 74 63 43
74 75 18 65
75 76 70 27
76 77 13 92
77 78 53 47
78 79 38 69
79 80 45 54
80 81 63 67
81 82 95 20
82 83 28 78
83 84 39 77
84 85 40 57
85 86 40 47
86 87 90 43
87 88 86 31
88 89 87 18
89 90 43 51
90 91 53 69
91 92 50 27
92 93 76 24
93 94 48 68
94 95 36 60
