Iteracao 1
	Subarvore 1
	(0,0)

Iteracao 2
	Subarvore 1
	0 2 93 34
	(93,34)

	Subarvore 2
	0 3 4 40
	(4,40)

Iteracao 3
	Subarvore 1
	0 3 4 40
	1 3 73 19
	(77,59)

	Subarvore 2
	0 3 4 40
	3 4 31 54
	(35,94)

Iteracao 4
	Subarvore 1
	0 2 93 34
	0 3 4 40
	1 3 73 19
	(170,93)

	Subarvore 2
	0 3 4 40
	1 2 24 43
	1 3 73 19
	(101,102)

	Subarvore 3
	0 3 4 40
	1 4 37 53
	3 4 31 54
	(72,147)

0
0
7

Arvore 1
0 2 93 34
0 3 4 40
0 4 91 49
1 3 73 19
(261, 142)


Arvore 2
0 2 93 34
0 3 4 40
1 3 73 19
1 4 37 53
(207, 146)


Arvore 3
0 2 93 34
0 3 4 40
1 3 73 19
3 4 31 54
(201, 147)


Arvore 4
0 3 4 40
0 4 91 49
1 2 24 43
1 3 73 19
(192, 151)


Arvore 5
0 3 4 40
1 2 24 43
1 3 73 19
1 4 37 53
(138, 155)


Arvore 6
0 3 4 40
1 2 24 43
1 3 73 19
3 4 31 54
(132, 156)


Arvore 7
0 3 4 40
1 2 24 43
1 4 37 53
3 4 31 54
(96, 190)


