Iteracao 1
	Subarvore 1
	(0,0)

Iteracao 2
	Subarvore 1
	0 2 587 285
	(587,285)

	Subarvore 2
	0 3 745 225
	(745,225)

	Subarvore 3
	0 4 26 603
	(26,603)

Iteracao 3
	Subarvore 1
	0 2 587 285
	1 2 926 138
	(1513,423)

	Subarvore 2
	0 2 587 285
	2 3 375 323
	(962,608)

	Subarvore 3
	0 3 745 225
	3 4 10 275
	(755,500)

	Subarvore 4
	0 4 26 603
	3 4 10 275
	(36,878)

Iteracao 4
	Subarvore 1
	0 2 587 285
	0 3 745 225
	1 2 926 138
	(2258,648)

	Subarvore 2
	0 2 587 285
	0 4 26 603
	1 2 926 138
	(1539,1026)

	Subarvore 3
	0 2 587 285
	1 2 926 138
	2 3 375 323
	(1888,746)

	Subarvore 4
	0 2 587 285
	2 3 375 323
	3 4 10 275
	(972,883)

	Subarvore 5
	0 2 587 285
	0 3 745 225
	3 4 10 275
	(1342,785)

	Subarvore 6
	0 3 745 225
	1 4 857 231
	3 4 10 275
	(1612,731)

	Subarvore 7
	0 3 745 225
	2 3 375 323
	3 4 10 275
	(1130,823)

	Subarvore 8
	0 1 356 979
	0 4 26 603
	3 4 10 275
	(392,1857)

	Subarvore 9
	0 2 587 285
	0 4 26 603
	3 4 10 275
	(623,1163)

	Subarvore 10
	0 4 26 603
	1 4 857 231
	3 4 10 275
	(893,1109)

	Subarvore 11
	0 4 26 603
	2 3 375 323
	3 4 10 275
	(411,1201)

1
0.01
12

Arvore 1
0 2 587 285
0 3 745 225
1 2 926 138
3 4 10 275
(2268, 923)


Arvore 2
0 2 587 285
0 4 26 603
1 2 926 138
3 4 10 275
(1549, 1301)


Arvore 3
0 2 587 285
1 2 926 138
2 3 375 323
3 4 10 275
(1898, 1021)


Arvore 4
0 2 587 285
1 4 857 231
2 3 375 323
3 4 10 275
(1829, 1114)


Arvore 5
0 3 745 225
1 2 926 138
1 4 857 231
3 4 10 275
(2538, 869)


Arvore 6
0 3 745 225
1 2 926 138
2 3 375 323
3 4 10 275
(2056, 961)


Arvore 7
0 1 356 979
0 2 587 285
0 4 26 603
3 4 10 275
(979, 2142)


Arvore 8
0 1 356 979
0 4 26 603
2 3 375 323
3 4 10 275
(767, 2180)


Arvore 9
0 4 26 603
1 2 926 138
1 4 857 231
3 4 10 275
(1819, 1247)


Arvore 10
0 4 26 603
1 4 857 231
2 3 375 323
3 4 10 275
(1268, 1432)


Arvore 11
0 4 26 603
1 2 926 138
2 3 375 323
3 4 10 275
(1337, 1339)


Arvore 12
0 4 26 603
1 3 826 546
2 3 375 323
3 4 10 275
(1237, 1747)


