C1 = podado pela regra 1
C2 = podado pela regra 2
C3 = podado pela regra 3

Podas da ITERACAO = 1
Podas da ITERACAO = 2
	0 2 587 285
	0 3 745 225
	(1332,510) C3

	0 3 745 225
	0 4 26 603
	(771,828) C1

	0 2 587 285
	0 4 26 603
	(613,888) C3

Podas da ITERACAO = 3
	0 1 356 979
	0 3 745 225
	3 4 10 275
	(1111,1479) C1

Podas da ITERACAO = 4
	0 2 587 285
	0 3 745 225
	0 4 26 603
	1 2 926 138
	(2284,1251) C1

	0 2 587 285
	1 2 926 138
	1 4 857 231
	2 3 375 323
	(2745,977) C1

	0 2 587 285
	1 3 826 546
	2 3 375 323
	3 4 10 275
	(1798,1429) C1

	0 1 356 979
	0 2 587 285
	0 3 745 225
	3 4 10 275
	(1698,1764) C1

	0 2 587 285
	0 3 745 225
	1 3 826 546
	3 4 10 275
	(2168,1331) C1

	0 2 587 285
	0 3 745 225
	1 2 926 138
	1 4 857 231
	(3115,879) C1

	0 3 745 225
	1 4 857 231
	2 3 375 323
	3 4 10 275
	(1987,1054) C1

	0 2 587 285
	0 3 745 225
	1 4 857 231
	3 4 10 275
	(2199,1016) C1

	0 3 745 225
	1 3 826 546
	2 3 375 323
	3 4 10 275
	(1956,1369) C1

	0 3 745 225
	1 4 857 231
	2 3 375 323
	3 4 10 275
	(1987,1054) C1

	0 1 356 979
	0 3 745 225
	2 3 375 323
	3 4 10 275
	(1486,1802) C1

	0 1 356 979
	0 2 587 285
	2 3 375 323
	3 4 10 275
	(1328,1862) C1

	0 1 356 979
	0 4 26 603
	1 2 926 138
	3 4 10 275
	(1318,1995) C1

	0 2 587 285
	0 4 26 603
	1 3 826 546
	3 4 10 275
	(1449,1709) C1

	0 2 587 285
	0 4 26 603
	1 4 857 231
	3 4 10 275
	(1480,1394) C1


RESULTADO FINAL:

Arvore 1
0 2 587 285
0 3 745 225
1 2 926 138
3 4 10 275
(2268, 923)


Arvore 2
0 2 587 285
0 4 26 603
1 2 926 138
3 4 10 275
(1549, 1301)


Arvore 3
0 2 587 285
1 2 926 138
2 3 375 323
3 4 10 275
(1898, 1021)


Arvore 4
0 2 587 285
1 4 857 231
2 3 375 323
3 4 10 275
(1829, 1114)


Arvore 5
0 3 745 225
1 2 926 138
1 4 857 231
3 4 10 275
(2538, 869)


Arvore 6
0 3 745 225
1 2 926 138
2 3 375 323
3 4 10 275
(2056, 961)


Arvore 7
0 1 356 979
0 2 587 285
0 4 26 603
3 4 10 275
(979, 2142)


Arvore 8
0 1 356 979
0 4 26 603
2 3 375 323
3 4 10 275
(767, 2180)


Arvore 9
0 4 26 603
1 2 926 138
1 4 857 231
3 4 10 275
(1819, 1247)


Arvore 10
0 4 26 603
1 4 857 231
2 3 375 323
3 4 10 275
(1268, 1432)


Arvore 11
0 4 26 603
1 2 926 138
2 3 375 323
3 4 10 275
(1337, 1339)


Arvore 12
0 4 26 603
1 3 826 546
2 3 375 323
3 4 10 275
(1237, 1747)


