0 1 74 24
0 2 82 44
0 3 54 56
0 4 44 81
0 5 77 33
0 6 3 30
0 7 30 48
0 8 66 48
0 9 62 69
0 10 82 27
0 11 74 56
0 12 28 65
0 13 48 37
0 14 56 37
0 15 64 79
0 16 75 67
0 17 28 51
0 18 100 57
0 19 49 28
0 20 97 80
0 21 50 55
0 22 4 22
0 23 88 87
0 24 57 64
1 2 12 23
1 3 10 10
1 4 39 70
1 5 6 52
1 6 61 32
1 7 86 79
1 8 11 10
1 9 7 18
1 10 74 39
1 11 56 69
1 12 48 86
1 13 44 18
1 14 11 72
1 15 71 65
1 16 54 37
1 17 91 28
1 18 30 15
1 19 84 35
1 20 33 66
1 21 63 20
1 22 84 68
1 23 81 37
1 24 20 41
2 3 27 73
2 4 26 39
2 5 65 20
2 6 75 17
2 7 16 7
2 8 41 78
2 9 92 19
2 10 100 81
2 11 76 71
2 12 71 15
2 13 95 57
2 14 1 78
2 15 36 32
2 16 79 72
2 17 77 54
2 18 26 25
2 19 69 69
2 20 41 67
2 21 88 26
2 22 88 71
2 23 8 28
2 24 43 24
3 4 42 69
3 5 34 51
3 6 13 68
3 7 24 81
3 8 88 82
3 9 32 6
3 10 68 18
3 11 22 28
3 12 25 82
3 13 17 53
3 14 67 24
3 15 19 63
3 16 8 79
3 17 62 22
3 18 62 91
3 19 70 30
3 20 16 9
3 21 28 15
3 22 43 70
3 23 10 64
3 24 7 80
4 5 80 48
4 6 34 49
4 7 27 50
4 8 28 7
4 9 56 72
4 10 39 28
4 11 95 87
4 12 85 48
4 13 84 53
4 14 15 65
4 15 30 56
4 16 90 22
4 17 57 64
4 18 26 7
4 19 87 37
4 20 71 70
4 21 66 15
4 22 4 74
4 23 11 40
4 24 7 12
5 6 39 84
5 7 51 60
5 8 66 54
5 9 19 56
5 10 8 62
5 11 86 63
5 12 80 44
5 13 3 48
5 14 4 42
5 15 59 52
5 16 42 56
5 17 56 66
5 18 51 73
5 19 23 52
5 20 82 94
5 21 11 8
5 22 63 56
5 23 52 90
5 24 72 68
6 7 68 56
6 8 22 5
6 9 54 28
6 10 62 88
6 11 13 20
6 12 100 78
6 13 54 15
6 14 95 55
6 15 42 28
6 16 12 69
6 17 72 42
6 18 59 33
6 19 32 50
6 20 88 51
6 21 77 93
6 22 20 27
6 23 30 72
6 24 6 41
7 8 62 49
7 9 40 49
7 10 71 73
7 11 89 63
7 12 52 70
7 13 44 56
7 14 26 72
7 15 19 27
7 16 82 93
7 17 28 13
7 18 39 30
7 19 11 41
7 20 69 15
7 21 1 15
7 22 84 96
7 23 54 67
7 24 83 45
8 9 69 24
8 10 53 22
8 11 83 19
8 12 69 79
8 13 97 91
8 14 9 32
8 15 53 48
8 16 2 40
8 17 55 60
8 18 37 61
8 19 99 85
8 20 73 26
8 21 89 24
8 22 47 14
8 23 17 28
8 24 26 38
9 10 73 79
9 11 75 74
9 12 60 31
9 13 10 50
9 14 47 25
9 15 81 62
9 16 95 79
9 17 30 41
9 18 10 73
9 19 68 55
9 20 50 13
9 21 89 50
9 22 78 18
9 23 52 50
9 24 67 80
10 11 87 18
10 12 13 9
10 13 22 18
10 14 6 68
10 15 10 18
10 16 4 27
10 17 79 57
10 18 99 37
10 19 76 87
10 20 76 40
10 21 88 41
10 22 95 81
10 23 66 62
10 24 69 56
11 12 9 41
11 13 30 10
11 14 44 38
11 15 79 44
11 16 28 40
11 17 61 71
11 18 42 27
11 19 74 42
11 20 62 14
11 21 88 32
11 22 3 68
11 23 99 22
11 24 38 28
12 13 0 18
12 14 87 69
12 15 42 39
12 16 75 95
12 17 90 72
12 18 75 33
12 19 37 16
12 20 31 86
12 21 100 83
12 22 5 81
12 23 49 32
12 24 79 48
13 14 70 46
13 15 31 47
13 16 63 84
13 17 96 42
13 18 68 76
13 19 65 74
13 20 75 54
13 21 81 38
13 22 59 19
13 23 10 73
13 24 37 30
14 15 97 80
14 16 11 28
14 17 10 66
14 18 77 51
14 19 60 25
14 20 76 63
14 21 78 37
14 22 15 81
14 23 11 3
14 24 28 52
15 16 98 65
15 17 78 27
15 18 80 47
15 19 66 28
15 20 73 66
15 21 40 22
15 22 32 71
15 23 88 80
15 24 3 61
16 17 73 81
16 18 46 74
16 19 88 90
16 20 11 40
16 21 98 41
16 22 2 46
16 23 53 17
16 24 3 51
17 18 70 27
17 19 66 41
17 20 21 76
17 21 42 72
17 22 64 53
17 23 3 42
17 24 89 48
18 19 39 15
18 20 94 92
18 21 31 46
18 22 64 40
18 23 22 82
18 24 12 50
19 20 84 91
19 21 19 80
19 22 7 73
19 23 78 34
19 24 34 74
20 21 48 60
20 22 60 83
20 23 14 24
20 24 61 40
21 22 94 69
21 23 63 87
21 24 93 24
22 23 24 8
22 24 56 47
23 24 16 20
