7 21
0 1 68 49
0 2 52 30
0 3 92 75
0 4 83 17
0 5 68 85
0 6 26 91
1 2 45 27
1 3 78 8
1 4 26 45
1 5 21 70
1 6 95 8
2 3 50 40
2 4 84 59
2 5 78 80
2 6 45 62
3 4 63 14
3 5 74 28
3 6 57 88
4 5 28 37
4 6 46 16
5 6 51 41
0 2
0 3
0 4
0 7
0 10
0 12
0 13
0 16
1 0
1 2
1 3
1 4
1 7
1 10
1 12
1 13
1 15
1 16
1 17
2 10
3 2
3 10
3 12
4 2
4 3
4 7
4 10
4 12
4 13
4 16
5 0
5 1
5 2
5 3
5 4
5 6
5 7
5 10
5 11
5 12
5 13
5 14
5 15
5 16
5 17
5 18
5 19
5 20
6 0
6 1
6 2
6 3
6 4
6 7
6 10
6 11
6 12
6 13
6 14
6 15
6 16
6 17
6 19
6 20
7 2
7 3
7 10
7 12
7 13
8 0
8 1
8 2
8 3
8 4
8 5
8 6
8 7
8 10
8 11
8 12
8 13
8 14
8 15
8 16
8 17
8 18
8 19
8 20
9 0
9 1
9 2
9 3
9 4
9 5
9 6
9 7
9 8
9 10
9 11
9 12
9 13
9 14
9 15
9 16
9 17
9 18
9 19
9 20
11 0
11 1
11 2
11 3
11 4
11 7
11 10
11 12
11 13
11 15
11 16
11 17
11 20
12 2
12 10
13 2
13 3
13 10
13 12
14 0
14 1
14 2
14 3
14 4
14 7
14 10
14 11
14 12
14 13
14 15
14 16
14 17
14 19
14 20
15 0
15 2
15 3
15 4
15 7
15 10
15 12
15 13
15 16
16 2
16 3
16 7
16 10
16 12
16 13
17 0
17 2
17 3
17 4
17 7
17 10
17 12
17 13
17 15
17 16
18 0
18 1
18 2
18 3
18 4
18 6
18 7
18 10
18 11
18 12
18 13
18 14
18 15
18 16
18 17
18 19
18 20
19 0
19 1
19 2
19 3
19 4
19 7
19 10
19 11
19 12
19 13
19 15
19 16
19 17
19 20
20 0
20 1
20 2
20 3
20 4
20 7
20 10
20 12
20 13
20 15
20 16
20 17
