0 1 2 2
0 2 0 98
0 3 98 99
0 4 4 8
0 5 4 8
0 6 10 8
0 7 10 10
0 8 4 5
0 9 5 8
0 10 5 4
0 11 5 2
0 12 9 2
0 13 8 8
0 14 4 2
0 15 7 7
0 16 4 7
0 17 6 4
0 18 7 3
0 19 2 5
0 20 8 5
0 21 6 4
0 22 4 6
0 23 2 9
0 24 9 6
0 25 9 8
0 26 4 6
0 27 8 8
0 28 6 4
0 29 6 8
0 30 5 5
0 31 9 6
0 32 3 8
0 33 5 4
0 34 6 2
0 35 4 8
0 36 9 4
0 37 3 7
0 38 2 3
0 39 10 8
0 40 8 5
0 41 9 8
0 42 7 2
0 43 7 9
0 44 7 8
0 45 7 7
0 46 6 7
0 47 8 10
0 48 6 6
0 49 8 4
0 50 9 7
0 51 7 4
0 52 10 3
0 53 3 3
0 54 9 7
0 55 7 9
0 56 2 7
0 57 8 4
0 58 7 9
0 59 7 5
0 60 7 5
0 61 2 7
0 62 7 9
0 63 6 2
0 64 3 5
0 65 5 6
0 66 2 3
0 67 2 9
0 68 9 4
0 69 7 7
0 70 4 5
0 71 10 9
0 72 9 3
0 73 7 7
0 74 8 6
0 75 5 8
0 76 5 7
0 77 8 4
0 78 10 8
0 79 5 3
0 80 6 10
0 81 8 6
0 82 4 6
0 83 6 9
0 84 5 8
0 85 4 6
0 86 6 6
0 87 4 3
0 88 4 10
0 89 9 5
0 90 10 3
0 91 5 9
0 92 7 5
0 93 3 8
0 94 3 2
0 95 10 4
0 96 2 7
0 97 2 8
0 98 7 3
0 99 6 3
1 2 98 0
1 3 99 99
1 4 7 6
1 5 7 9
1 6 7 9
1 7 4 9
1 8 9 3
1 9 4 4
1 10 2 8
1 11 5 3
1 12 3 2
1 13 7 5
1 14 9 4
1 15 2 6
1 16 9 6
1 17 4 9
1 18 6 10
1 19 5 9
1 20 4 5
1 21 4 4
1 22 7 9
1 23 3 9
1 24 8 9
1 25 7 4
1 26 6 2
1 27 7 7
1 28 6 10
1 29 8 3
1 30 8 5
1 31 5 10
1 32 4 6
1 33 5 9
1 34 6 3
1 35 6 7
1 36 3 6
1 37 6 10
1 38 7 6
1 39 8 3
1 40 4 7
1 41 4 8
1 42 7 8
1 43 2 6
1 44 2 2
1 45 8 3
1 46 7 2
1 47 3 6
1 48 5 8
1 49 2 8
1 50 7 6
1 51 8 3
1 52 7 4
1 53 9 4
1 54 6 6
1 55 5 8
1 56 8 4
1 57 5 5
1 58 9 6
1 59 3 2
1 60 6 9
1 61 8 6
1 62 3 5
1 63 7 7
1 64 4 5
1 65 8 9
1 66 7 2
1 67 9 2
1 68 8 6
1 69 3 10
1 70 7 2
1 71 8 4
1 72 5 8
1 73 6 3
1 74 7 6
1 75 3 5
1 76 9 8
1 77 4 3
1 78 6 8
1 79 3 9
1 80 5 2
1 81 5 9
1 82 8 3
1 83 10 10
1 84 7 8
1 85 7 9
1 86 2 2
1 87 4 8
1 88 6 9
1 89 10 5
1 90 6 9
1 91 5 9
1 92 9 4
1 93 7 4
1 94 6 6
1 95 8 2
1 96 5 8
1 97 6 9
1 98 10 6
1 99 5 10
2 3 99 100
2 4 8 9
2 5 9 5
2 6 2 2
2 7 5 3
2 8 5 6
2 9 5 9
2 10 9 6
2 11 3 7
2 12 7 2
2 13 3 2
2 14 10 2
2 15 10 7
2 16 4 5
2 17 9 3
2 18 8 3
2 19 7 7
2 20 2 7
2 21 10 10
2 22 4 8
2 23 6 2
2 24 2 6
2 25 9 8
2 26 3 4
2 27 10 9
2 28 3 2
2 29 4 9
2 30 9 4
2 31 8 8
2 32 4 6
2 33 6 4
2 34 6 10
2 35 2 6
2 36 10 5
2 37 10 6
2 38 2 3
2 39 9 8
2 40 9 6
2 41 9 6
2 42 7 6
2 43 7 10
2 44 5 10
2 45 6 4
2 46 8 3
2 47 9 9
2 48 4 9
2 49 3 2
2 50 7 2
2 51 10 8
2 52 7 10
2 53 10 3
2 54 5 7
2 55 8 9
2 56 3 4
2 57 8 3
2 58 2 4
2 59 6 7
2 60 9 3
2 61 7 4
2 62 8 7
2 63 8 10
2 64 2 6
2 65 5 3
2 66 9 3
2 67 9 4
2 68 3 7
2 69 7 8
2 70 4 4
2 71 8 4
2 72 5 9
2 73 9 10
2 74 4 5
2 75 2 3
2 76 3 8
2 77 4 2
2 78 8 5
2 79 8 9
2 80 10 6
2 81 10 7
2 82 3 2
2 83 9 10
2 84 6 6
2 85 6 8
2 86 8 4
2 87 2 3
2 88 9 4
2 89 5 4
2 90 7 3
2 91 7 7
2 92 5 4
2 93 2 9
2 94 7 7
2 95 8 5
2 96 4 10
2 97 4 10
2 98 3 8
2 99 8 2
3 4 7 3
3 5 3 7
3 6 4 6
3 7 5 9
3 8 9 3
3 9 2 9
3 10 8 3
3 11 9 4
3 12 6 9
3 13 6 4
3 14 8 6
3 15 7 9
3 16 4 3
3 17 7 6
3 18 2 5
3 19 4 6
3 20 7 10
3 21 8 8
3 22 5 3
3 23 10 4
3 24 10 4
3 25 4 7
3 26 10 9
3 27 7 2
3 28 3 10
3 29 3 4
3 30 9 3
3 31 3 9
3 32 4 6
3 33 9 9
3 34 10 2
3 35 7 5
3 36 8 3
3 37 9 3
3 38 3 10
3 39 5 6
3 40 8 2
3 41 7 6
3 42 8 8
3 43 7 4
3 44 10 2
3 45 8 7
3 46 5 3
3 47 4 8
3 48 10 9
3 49 8 9
3 50 4 4
3 51 3 5
3 52 5 7
3 53 3 8
3 54 4 4
3 55 8 3
3 56 9 2
3 57 9 9
3 58 5 5
3 59 5 3
3 60 3 6
3 61 8 8
3 62 3 3
3 63 6 7
3 64 3 5
3 65 3 4
3 66 5 8
3 67 7 9
3 68 9 6
3 69 4 8
3 70 5 3
3 71 8 5
3 72 9 8
3 73 2 8
3 74 10 5
3 75 6 3
3 76 3 9
3 77 9 8
3 78 6 4
3 79 3 10
3 80 3 4
3 81 8 7
3 82 4 7
3 83 2 7
3 84 5 6
3 85 7 4
3 86 4 2
3 87 7 7
3 88 7 8
3 89 6 5
3 90 4 9
3 91 6 3
3 92 6 2
3 93 7 4
3 94 3 5
3 95 7 2
3 96 6 7
3 97 8 9
3 98 5 7
3 99 8 5
4 5 100 98
4 6 100 99
4 7 98 99
4 8 9 2
4 9 10 4
4 10 9 3
4 11 9 4
4 12 10 7
4 13 3 4
4 14 7 4
4 15 4 7
4 16 8 4
4 17 5 7
4 18 7 5
4 19 7 10
4 20 8 7
4 21 9 4
4 22 7 3
4 23 6 9
4 24 6 4
4 25 4 5
4 26 4 4
4 27 9 3
4 28 4 5
4 29 8 4
4 30 6 5
4 31 6 3
4 32 8 6
4 33 2 4
4 34 3 6
4 35 4 9
4 36 8 4
4 37 9 7
4 38 5 10
4 39 8 2
4 40 9 6
4 41 5 2
4 42 8 8
4 43 8 7
4 44 6 9
4 45 5 3
4 46 8 10
4 47 8 9
4 48 8 6
4 49 9 6
4 50 5 4
4 51 9 3
4 52 2 7
4 53 8 6
4 54 3 4
4 55 9 7
4 56 10 3
4 57 8 7
4 58 7 4
4 59 10 8
4 60 3 7
4 61 10 7
4 62 10 9
4 63 2 10
4 64 8 9
4 65 5 9
4 66 8 4
4 67 4 4
4 68 6 3
4 69 3 10
4 70 7 3
4 71 10 9
4 72 7 9
4 73 9 4
4 74 3 6
4 75 8 5
4 76 4 3
4 77 8 9
4 78 7 7
4 79 9 9
4 80 6 8
4 81 9 5
4 82 8 7
4 83 2 4
4 84 7 9
4 85 9 4
4 86 7 2
4 87 2 3
4 88 6 8
4 89 9 10
4 90 3 8
4 91 10 9
4 92 6 3
4 93 7 6
4 94 10 9
4 95 8 3
4 96 7 2
4 97 4 7
4 98 4 7
4 99 10 5
5 6 100 99
5 7 99 98
5 8 8 2
5 9 3 10
5 10 4 7
5 11 6 7
5 12 4 3
5 13 2 6
5 14 3 2
5 15 8 8
5 16 6 8
5 17 7 9
5 18 9 9
5 19 4 3
5 20 7 10
5 21 6 9
5 22 4 9
5 23 8 8
5 24 9 8
5 25 7 2
5 26 4 9
5 27 8 4
5 28 4 5
5 29 5 4
5 30 6 8
5 31 6 9
5 32 3 4
5 33 4 8
5 34 2 9
5 35 7 9
5 36 6 5
5 37 5 4
5 38 3 5
5 39 10 4
5 40 7 9
5 41 5 6
5 42 3 3
5 43 5 6
5 44 5 9
5 45 10 6
5 46 6 5
5 47 7 4
5 48 7 5
5 49 4 9
5 50 6 5
5 51 2 3
5 52 4 10
5 53 7 10
5 54 3 5
5 55 5 4
5 56 4 7
5 57 7 8
5 58 8 9
5 59 5 10
5 60 3 6
5 61 9 8
5 62 6 5
5 63 7 6
5 64 8 6
5 65 8 8
5 66 3 7
5 67 2 3
5 68 9 3
5 69 6 8
5 70 5 8
5 71 9 3
5 72 2 7
5 73 8 9
5 74 5 7
5 75 4 4
5 76 4 8
5 77 8 5
5 78 2 10
5 79 6 2
5 80 7 9
5 81 3 8
5 82 9 6
5 83 8 4
5 84 7 9
5 85 6 7
5 86 10 7
5 87 6 4
5 88 4 5
5 89 10 3
5 90 10 4
5 91 4 10
5 92 10 10
5 93 5 5
5 94 8 7
5 95 3 3
5 96 6 8
5 97 4 8
5 98 4 2
5 99 3 2
6 7 100 99
6 8 5 6
6 9 3 9
6 10 6 6
6 11 9 3
6 12 3 9
6 13 4 7
6 14 9 8
6 15 5 10
6 16 7 7
6 17 8 8
6 18 2 3
6 19 7 3
6 20 7 10
6 21 5 7
6 22 9 4
6 23 7 6
6 24 4 5
6 25 6 10
6 26 10 7
6 27 8 5
6 28 7 2
6 29 7 2
6 30 8 3
6 31 8 3
6 32 7 4
6 33 9 7
6 34 7 3
6 35 7 4
6 36 5 7
6 37 8 8
6 38 3 7
6 39 5 5
6 40 3 5
6 41 9 4
6 42 8 9
6 43 5 7
6 44 8 8
6 45 8 4
6 46 4 4
6 47 4 6
6 48 6 9
6 49 8 9
6 50 7 6
6 51 3 7
6 52 4 4
6 53 5 5
6 54 10 5
6 55 3 5
6 56 8 4
6 57 4 7
6 58 4 7
6 59 3 6
6 60 10 4
6 61 4 9
6 62 6 7
6 63 8 4
6 64 7 2
6 65 3 8
6 66 10 10
6 67 6 6
6 68 5 9
6 69 9 8
6 70 10 3
6 71 8 8
6 72 10 8
6 73 3 9
6 74 3 8
6 75 6 4
6 76 8 8
6 77 6 6
6 78 9 5
6 79 10 5
6 80 3 6
6 81 9 4
6 82 7 8
6 83 3 10
6 84 5 5
6 85 4 7
6 86 9 6
6 87 5 7
6 88 4 5
6 89 6 9
6 90 9 6
6 91 3 4
6 92 9 9
6 93 3 3
6 94 4 3
6 95 4 5
6 96 6 6
6 97 5 5
6 98 8 8
6 99 9 5
7 8 3 8
7 9 6 6
7 10 4 6
7 11 5 4
7 12 4 5
7 13 10 8
7 14 4 6
7 15 7 8
7 16 6 6
7 17 8 4
7 18 3 8
7 19 2 3
7 20 6 2
7 21 6 6
7 22 2 5
7 23 2 7
7 24 9 10
7 25 5 6
7 26 9 5
7 27 4 9
7 28 3 6
7 29 5 10
7 30 3 8
7 31 8 3
7 32 9 6
7 33 4 3
7 34 4 4
7 35 9 5
7 36 3 4
7 37 5 9
7 38 8 3
7 39 3 7
7 40 7 8
7 41 8 4
7 42 3 7
7 43 4 4
7 44 10 2
7 45 8 5
7 46 2 7
7 47 8 10
7 48 3 8
7 49 4 5
7 50 5 7
7 51 6 3
7 52 9 5
7 53 6 5
7 54 3 9
7 55 3 4
7 56 3 8
7 57 4 4
7 58 8 5
7 59 7 4
7 60 2 8
7 61 5 2
7 62 8 4
7 63 2 2
7 64 7 7
7 65 6 8
7 66 6 10
7 67 7 4
7 68 5 5
7 69 7 10
7 70 10 6
7 71 9 10
7 72 6 10
7 73 7 10
7 74 5 5
7 75 2 7
7 76 9 8
7 77 3 7
7 78 6 4
7 79 10 3
7 80 2 9
7 81 9 4
7 82 7 7
7 83 8 8
7 84 5 10
7 85 6 2
7 86 7 8
7 87 6 4
7 88 2 7
7 89 9 8
7 90 8 3
7 91 8 7
7 92 10 4
7 93 7 4
7 94 6 3
7 95 6 7
7 96 7 4
7 97 6 8
7 98 7 6
7 99 8 6
8 9 99 100
8 10 100 98
8 11 99 99
8 12 4 7
8 13 3 3
8 14 8 4
8 15 9 3
8 16 9 6
8 17 2 3
8 18 7 6
8 19 3 6
8 20 6 8
8 21 9 4
8 22 2 10
8 23 2 3
8 24 3 4
8 25 5 5
8 26 2 7
8 27 6 6
8 28 3 6
8 29 7 3
8 30 7 3
8 31 10 6
8 32 8 7
8 33 2 8
8 34 8 8
8 35 8 6
8 36 2 2
8 37 7 9
8 38 10 5
8 39 9 7
8 40 7 7
8 41 9 7
8 42 7 10
8 43 4 6
8 44 8 6
8 45 7 6
8 46 9 7
8 47 4 6
8 48 5 9
8 49 4 9
8 50 2 9
8 51 9 5
8 52 10 4
8 53 9 8
8 54 7 5
8 55 7 5
8 56 6 10
8 57 5 8
8 58 9 5
8 59 8 4
8 60 9 4
8 61 7 7
8 62 3 9
8 63 8 4
8 64 9 6
8 65 3 4
8 66 4 8
8 67 3 5
8 68 8 3
8 69 5 8
8 70 9 4
8 71 3 6
8 72 7 8
8 73 5 7
8 74 5 5
8 75 9 7
8 76 10 7
8 77 3 4
8 78 2 10
8 79 7 9
8 80 8 9
8 81 4 3
8 82 4 9
8 83 9 9
8 84 8 10
8 85 6 4
8 86 8 9
8 87 4 8
8 88 6 6
8 89 5 4
8 90 6 2
8 91 3 7
8 92 4 7
8 93 3 5
8 94 6 5
8 95 8 5
8 96 8 9
8 97 10 10
8 98 5 6
8 99 9 3
9 10 100 99
9 11 100 100
9 12 2 4
9 13 7 6
9 14 4 7
9 15 8 5
9 16 7 2
9 17 3 7
9 18 2 9
9 19 5 7
9 20 2 3
9 21 6 7
9 22 9 6
9 23 6 5
9 24 7 8
9 25 7 7
9 26 9 8
9 27 7 9
9 28 5 8
9 29 4 2
9 30 9 6
9 31 4 8
9 32 4 5
9 33 10 2
9 34 6 3
9 35 3 8
9 36 8 6
9 37 10 3
9 38 8 6
9 39 5 10
9 40 6 6
9 41 9 9
9 42 10 8
9 43 7 5
9 44 8 9
9 45 4 3
9 46 8 2
9 47 10 4
9 48 5 4
9 49 6 4
9 50 2 7
9 51 3 6
9 52 4 3
9 53 5 8
9 54 4 3
9 55 4 8
9 56 8 7
9 57 8 2
9 58 9 5
9 59 6 5
9 60 8 5
9 61 5 9
9 62 3 7
9 63 5 10
9 64 7 2
9 65 9 7
9 66 7 8
9 67 4 9
9 68 8 3
9 69 6 8
9 70 10 5
9 71 7 5
9 72 8 2
9 73 7 3
9 74 9 3
9 75 3 6
9 76 5 7
9 77 6 7
9 78 4 9
9 79 8 6
9 80 9 7
9 81 5 4
9 82 9 5
9 83 3 2
9 84 4 5
9 85 10 5
9 86 4 9
9 87 4 4
9 88 8 3
9 89 10 7
9 90 5 3
9 91 4 5
9 92 3 9
9 93 9 6
9 94 7 8
9 95 9 2
9 96 3 8
9 97 5 8
9 98 5 7
9 99 6 5
10 11 99 100
10 12 9 4
10 13 5 9
10 14 10 5
10 15 5 2
10 16 3 3
10 17 8 2
10 18 5 7
10 19 10 7
10 20 3 9
10 21 6 5
10 22 10 8
10 23 5 9
10 24 7 5
10 25 3 7
10 26 4 10
10 27 10 6
10 28 8 3
10 29 6 8
10 30 4 6
10 31 2 9
10 32 8 8
10 33 7 3
10 34 7 7
10 35 9 5
10 36 8 9
10 37 9 9
10 38 10 9
10 39 8 4
10 40 6 4
10 41 5 6
10 42 9 7
10 43 10 3
10 44 7 9
10 45 6 3
10 46 4 9
10 47 7 8
10 48 7 3
10 49 5 3
10 50 5 6
10 51 9 4
10 52 5 7
10 53 6 6
10 54 7 6
10 55 9 8
10 56 3 3
10 57 7 8
10 58 4 6
10 59 7 3
10 60 9 9
10 61 6 8
10 62 9 5
10 63 9 10
10 64 4 10
10 65 9 2
10 66 6 8
10 67 2 5
10 68 9 7
10 69 5 2
10 70 7 6
10 71 6 5
10 72 9 5
10 73 10 8
10 74 5 6
10 75 2 3
10 76 6 8
10 77 4 4
10 78 10 6
10 79 3 6
10 80 5 9
10 81 5 5
10 82 5 2
10 83 5 7
10 84 5 3
10 85 4 10
10 86 9 2
10 87 9 6
10 88 9 2
10 89 5 6
10 90 6 3
10 91 7 8
10 92 2 4
10 93 5 7
10 94 3 8
10 95 9 9
10 96 4 8
10 97 9 9
10 98 7 8
10 99 3 3
11 12 6 9
11 13 7 8
11 14 3 2
11 15 9 3
11 16 8 6
11 17 2 4
11 18 2 4
11 19 3 3
11 20 4 6
11 21 6 6
11 22 10 8
11 23 2 3
11 24 7 10
11 25 4 4
11 26 5 6
11 27 8 3
11 28 6 4
11 29 7 4
11 30 8 9
11 31 8 8
11 32 9 3
11 33 7 7
11 34 8 4
11 35 9 8
11 36 4 2
11 37 9 7
11 38 8 6
11 39 6 3
11 40 4 6
11 41 8 4
11 42 3 7
11 43 10 3
11 44 4 3
11 45 6 5
11 46 7 6
11 47 9 10
11 48 5 5
11 49 9 7
11 50 7 7
11 51 9 8
11 52 6 8
11 53 5 2
11 54 9 9
11 55 10 3
11 56 8 9
11 57 6 4
11 58 10 6
11 59 6 8
11 60 2 7
11 61 5 5
11 62 3 9
11 63 5 7
11 64 7 5
11 65 6 9
11 66 4 7
11 67 4 9
11 68 5 2
11 69 3 8
11 70 6 10
11 71 8 6
11 72 3 3
11 73 10 3
11 74 2 3
11 75 9 2
11 76 8 6
11 77 8 9
11 78 2 10
11 79 8 7
11 80 8 8
11 81 3 9
11 82 6 4
11 83 4 2
11 84 6 4
11 85 2 8
11 86 5 8
11 87 7 4
11 88 7 5
11 89 6 5
11 90 5 7
11 91 6 9
11 92 6 10
11 93 3 5
11 94 6 9
11 95 10 6
11 96 3 9
11 97 4 3
11 98 9 4
11 99 9 6
12 13 99 99
12 14 98 99
12 15 99 99
12 16 4 7
12 17 5 9
12 18 2 4
12 19 10 9
12 20 6 4
12 21 9 3
12 22 4 9
12 23 7 9
12 24 8 6
12 25 3 9
12 26 4 3
12 27 5 3
12 28 9 7
12 29 4 5
12 30 4 2
12 31 6 6
12 32 10 6
12 33 4 7
12 34 2 8
12 35 2 10
12 36 9 4
12 37 4 3
12 38 7 7
12 39 3 8
12 40 5 5
12 41 6 2
12 42 10 6
12 43 5 4
12 44 3 6
12 45 3 6
12 46 3 4
12 47 7 3
12 48 10 4
12 49 9 4
12 50 8 4
12 51 7 8
12 52 9 8
12 53 8 5
12 54 7 7
12 55 10 3
12 56 4 4
12 57 3 7
12 58 4 5
12 59 8 2
12 60 3 9
12 61 7 10
12 62 2 6
12 63 4 7
12 64 5 4
12 65 10 3
12 66 2 7
12 67 5 9
12 68 10 5
12 69 8 4
12 70 5 3
12 71 5 5
12 72 9 7
12 73 9 6
12 74 2 5
12 75 5 7
12 76 8 6
12 77 3 10
12 78 10 10
12 79 4 4
12 80 4 4
12 81 5 6
12 82 7 4
12 83 9 7
12 84 7 9
12 85 5 4
12 86 8 3
12 87 4 9
12 88 3 4
12 89 8 6
12 90 7 8
12 91 9 5
12 92 6 9
12 93 7 5
12 94 8 5
12 95 10 9
12 96 8 3
12 97 5 5
12 98 9 6
12 99 3 3
13 14 99 100
13 15 99 98
13 16 5 4
13 17 8 5
13 18 4 5
13 19 4 6
13 20 4 8
13 21 3 7
13 22 2 4
13 23 9 10
13 24 6 6
13 25 8 7
13 26 8 2
13 27 3 6
13 28 9 7
13 29 3 5
13 30 9 3
13 31 3 8
13 32 5 9
13 33 6 2
13 34 9 7
13 35 4 2
13 36 10 9
13 37 2 9
13 38 7 4
13 39 3 6
13 40 5 2
13 41 8 8
13 42 7 4
13 43 6 10
13 44 3 6
13 45 6 7
13 46 3 6
13 47 6 3
13 48 5 4
13 49 3 7
13 50 5 4
13 51 2 4
13 52 3 9
13 53 2 4
13 54 10 8
13 55 5 7
13 56 9 3
13 57 6 8
13 58 3 8
13 59 9 3
13 60 3 10
13 61 9 5
13 62 3 7
13 63 9 8
13 64 9 8
13 65 6 3
13 66 10 9
13 67 4 2
13 68 9 9
13 69 8 3
13 70 5 9
13 71 7 3
13 72 4 7
13 73 5 8
13 74 9 4
13 75 3 8
13 76 3 7
13 77 10 8
13 78 3 9
13 79 2 8
13 80 4 7
13 81 3 5
13 82 7 6
13 83 5 6
13 84 2 9
13 85 10 4
13 86 5 8
13 87 5 7
13 88 8 6
13 89 2 4
13 90 4 3
13 91 8 4
13 92 10 4
13 93 8 7
13 94 3 7
13 95 3 3
13 96 10 5
13 97 2 5
13 98 9 10
13 99 10 10
14 15 100 100
14 16 2 7
14 17 3 9
14 18 5 4
14 19 6 5
14 20 3 3
14 21 4 8
14 22 4 5
14 23 6 4
14 24 6 2
14 25 7 10
14 26 3 6
14 27 7 10
14 28 3 9
14 29 8 8
14 30 7 9
14 31 8 9
14 32 3 6
14 33 6 6
14 34 8 8
14 35 5 8
14 36 5 4
14 37 6 5
14 38 10 10
14 39 6 7
14 40 3 10
14 41 7 5
14 42 5 8
14 43 2 4
14 44 8 8
14 45 4 7
14 46 10 2
14 47 6 7
14 48 8 8
14 49 10 9
14 50 8 4
14 51 7 5
14 52 5 8
14 53 5 5
14 54 7 9
14 55 6 6
14 56 9 2
14 57 9 9
14 58 8 2
14 59 8 5
14 60 5 3
14 61 9 8
14 62 6 7
14 63 4 5
14 64 7 8
14 65 7 10
14 66 3 7
14 67 3 6
14 68 4 9
14 69 4 3
14 70 7 7
14 71 7 9
14 72 5 7
14 73 2 10
14 74 4 4
14 75 6 7
14 76 9 5
14 77 8 3
14 78 4 9
14 79 3 7
14 80 5 4
14 81 6 3
14 82 7 8
14 83 7 5
14 84 5 5
14 85 8 7
14 86 5 6
14 87 3 10
14 88 9 6
14 89 6 6
14 90 2 3
14 91 8 2
14 92 3 10
14 93 8 4
14 94 3 3
14 95 2 2
14 96 9 9
14 97 6 4
14 98 7 7
14 99 9 8
15 16 9 8
15 17 7 6
15 18 7 9
15 19 6 10
15 20 9 6
15 21 5 10
15 22 7 2
15 23 9 3
15 24 2 8
15 25 2 4
15 26 6 10
15 27 4 8
15 28 2 5
15 29 8 7
15 30 5 9
15 31 3 7
15 32 7 6
15 33 6 4
15 34 2 4
15 35 4 3
15 36 8 8
15 37 7 9
15 38 2 6
15 39 6 10
15 40 6 8
15 41 4 9
15 42 8 8
15 43 6 9
15 44 8 8
15 45 3 3
15 46 8 4
15 47 9 6
15 48 10 8
15 49 10 9
15 50 9 9
15 51 2 5
15 52 9 3
15 53 7 8
15 54 8 4
15 55 8 3
15 56 8 3
15 57 8 5
15 58 8 6
15 59 10 9
15 60 9 4
15 61 7 8
15 62 3 4
15 63 3 4
15 64 3 8
15 65 7 2
15 66 4 6
15 67 7 8
15 68 6 5
15 69 4 5
15 70 9 9
15 71 9 10
15 72 9 3
15 73 5 9
15 74 3 6
15 75 3 5
15 76 9 6
15 77 5 3
15 78 10 8
15 79 3 4
15 80 5 3
15 81 4 8
15 82 9 8
15 83 10 7
15 84 8 3
15 85 2 10
15 86 9 6
15 87 4 6
15 88 7 5
15 89 7 7
15 90 5 9
15 91 2 8
15 92 8 3
15 93 9 8
15 94 4 2
15 95 9 7
15 96 7 3
15 97 9 2
15 98 4 9
15 99 7 6
16 17 99 98
16 18 99 99
16 19 100 99
16 20 3 4
16 21 7 9
16 22 10 4
16 23 6 4
16 24 5 7
16 25 3 6
16 26 7 3
16 27 5 9
16 28 6 6
16 29 6 5
16 30 7 8
16 31 4 7
16 32 5 4
16 33 5 8
16 34 7 2
16 35 9 4
16 36 5 9
16 37 7 8
16 38 5 8
16 39 8 6
16 40 8 3
16 41 5 5
16 42 2 3
16 43 2 10
16 44 2 5
16 45 8 3
16 46 10 3
16 47 2 4
16 48 5 3
16 49 3 2
16 50 8 4
16 51 5 10
16 52 4 6
16 53 4 10
16 54 4 6
16 55 6 10
16 56 8 4
16 57 7 6
16 58 6 8
16 59 9 7
16 60 5 6
16 61 2 4
16 62 7 7
16 63 3 5
16 64 6 6
16 65 2 6
16 66 6 10
16 67 6 4
16 68 4 2
16 69 10 9
16 70 2 9
16 71 4 8
16 72 10 8
16 73 5 3
16 74 2 8
16 75 4 2
16 76 2 6
16 77 6 6
16 78 9 4
16 79 5 3
16 80 7 6
16 81 2 9
16 82 4 7
16 83 8 2
16 84 9 5
16 85 7 2
16 86 4 6
16 87 7 3
16 88 7 3
16 89 8 5
16 90 8 5
16 91 4 6
16 92 9 9
16 93 6 7
16 94 5 5
16 95 8 7
16 96 3 2
16 97 4 10
16 98 3 5
16 99 9 6
17 18 98 100
17 19 99 100
17 20 5 4
17 21 8 10
17 22 8 3
17 23 2 6
17 24 6 7
17 25 10 7
17 26 9 9
17 27 5 7
17 28 9 7
17 29 8 8
17 30 8 8
17 31 5 5
17 32 7 7
17 33 4 5
17 34 8 4
17 35 7 7
17 36 10 5
17 37 4 5
17 38 5 8
17 39 9 8
17 40 7 4
17 41 5 3
17 42 8 5
17 43 8 10
17 44 5 9
17 45 9 5
17 46 8 5
17 47 5 7
17 48 4 4
17 49 6 6
17 50 3 5
17 51 8 5
17 52 8 10
17 53 4 9
17 54 3 6
17 55 9 8
17 56 4 2
17 57 7 5
17 58 7 10
17 59 4 3
17 60 6 8
17 61 7 5
17 62 5 6
17 63 7 6
17 64 10 8
17 65 4 5
17 66 4 6
17 67 7 6
17 68 9 3
17 69 7 7
17 70 3 2
17 71 5 4
17 72 4 8
17 73 7 2
17 74 6 4
17 75 2 5
17 76 7 7
17 77 8 4
17 78 6 9
17 79 8 4
17 80 7 4
17 81 9 3
17 82 8 7
17 83 3 7
17 84 7 8
17 85 2 3
17 86 10 4
17 87 2 5
17 88 8 4
17 89 6 8
17 90 2 5
17 91 3 6
17 92 3 5
17 93 8 9
17 94 7 3
17 95 6 6
17 96 9 7
17 97 9 3
17 98 6 6
17 99 8 3
18 19 99 98
18 20 9 2
18 21 6 4
18 22 4 3
18 23 7 4
18 24 7 4
18 25 9 8
18 26 4 4
18 27 7 9
18 28 6 8
18 29 6 5
18 30 8 9
18 31 6 8
18 32 4 3
18 33 5 8
18 34 3 9
18 35 4 5
18 36 6 3
18 37 5 10
18 38 5 2
18 39 10 3
18 40 9 10
18 41 8 5
18 42 7 3
18 43 5 4
18 44 9 8
18 45 7 9
18 46 4 10
18 47 6 9
18 48 9 6
18 49 4 4
18 50 4 9
18 51 3 3
18 52 5 5
18 53 4 4
18 54 4 3
18 55 3 3
18 56 10 4
18 57 7 9
18 58 4 4
18 59 6 9
18 60 7 8
18 61 8 10
18 62 6 4
18 63 3 5
18 64 9 5
18 65 3 9
18 66 9 3
18 67 5 5
18 68 7 7
18 69 5 3
18 70 5 7
18 71 7 3
18 72 3 3
18 73 8 10
18 74 7 6
18 75 2 6
18 76 9 6
18 77 5 4
18 78 7 8
18 79 4 7
18 80 2 3
18 81 9 3
18 82 4 9
18 83 8 2
18 84 4 4
18 85 8 9
18 86 6 9
18 87 3 3
18 88 9 3
18 89 8 9
18 90 9 5
18 91 8 3
18 92 3 5
18 93 9 4
18 94 9 5
18 95 3 4
18 96 6 5
18 97 8 5
18 98 3 10
18 99 3 8
19 20 2 6
19 21 4 5
19 22 4 4
19 23 5 5
19 24 6 6
19 25 6 9
19 26 6 3
19 27 4 5
19 28 7 4
19 29 5 3
19 30 3 4
19 31 9 4
19 32 9 6
19 33 4 10
19 34 4 4
19 35 5 10
19 36 6 5
19 37 10 9
19 38 5 5
19 39 5 9
19 40 3 9
19 41 5 3
19 42 9 9
19 43 9 7
19 44 3 5
19 45 5 5
19 46 4 6
19 47 8 7
19 48 3 5
19 49 9 9
19 50 6 4
19 51 7 3
19 52 7 8
19 53 8 4
19 54 7 3
19 55 3 7
19 56 4 7
19 57 6 5
19 58 8 7
19 59 7 4
19 60 8 10
19 61 9 8
19 62 5 6
19 63 5 5
19 64 3 5
19 65 3 7
19 66 2 10
19 67 9 8
19 68 5 10
19 69 4 7
19 70 6 6
19 71 10 6
19 72 9 4
19 73 5 10
19 74 7 8
19 75 4 9
19 76 9 2
19 77 3 7
19 78 4 7
19 79 6 8
19 80 3 7
19 81 3 9
19 82 7 9
19 83 8 4
19 84 5 6
19 85 3 9
19 86 8 8
19 87 3 3
19 88 3 9
19 89 5 4
19 90 8 8
19 91 8 5
19 92 7 5
19 93 7 7
19 94 6 10
19 95 2 6
19 96 4 8
19 97 7 9
19 98 6 8
19 99 9 5
20 21 99 99
20 22 100 99
20 23 100 100
20 24 4 7
20 25 3 7
20 26 4 8
20 27 8 7
20 28 7 8
20 29 3 7
20 30 10 5
20 31 7 8
20 32 8 9
20 33 6 9
20 34 8 9
20 35 7 8
20 36 5 8
20 37 4 6
20 38 5 5
20 39 4 2
20 40 3 2
20 41 9 3
20 42 4 3
20 43 9 6
20 44 7 9
20 45 7 7
20 46 4 7
20 47 8 10
20 48 9 8
20 49 5 8
20 50 9 6
20 51 6 4
20 52 4 3
20 53 6 6
20 54 6 4
20 55 4 4
20 56 3 7
20 57 5 3
20 58 5 7
20 59 7 9
20 60 4 9
20 61 8 9
20 62 9 8
20 63 4 4
20 64 6 6
20 65 7 3
20 66 6 3
20 67 6 9
20 68 7 3
20 69 3 8
20 70 6 6
20 71 3 7
20 72 8 3
20 73 9 3
20 74 5 9
20 75 5 7
20 76 4 9
20 77 5 5
20 78 6 4
20 79 7 4
20 80 5 8
20 81 5 8
20 82 7 4
20 83 6 6
20 84 5 5
20 85 4 6
20 86 8 5
20 87 8 7
20 88 6 6
20 89 7 3
20 90 9 3
20 91 9 5
20 92 4 7
20 93 3 8
20 94 7 4
20 95 7 3
20 96 4 4
20 97 6 5
20 98 10 2
20 99 5 2
21 22 98 99
21 23 99 98
21 24 7 3
21 25 4 7
21 26 6 8
21 27 6 7
21 28 9 4
21 29 4 8
21 30 9 10
21 31 3 4
21 32 10 10
21 33 9 5
21 34 6 6
21 35 3 5
21 36 6 6
21 37 2 2
21 38 6 6
21 39 3 9
21 40 5 6
21 41 9 7
21 42 9 2
21 43 9 2
21 44 9 3
21 45 9 8
21 46 10 4
21 47 5 4
21 48 6 9
21 49 5 2
21 50 5 6
21 51 7 8
21 52 3 10
21 53 8 7
21 54 3 5
21 55 8 7
21 56 8 6
21 57 9 9
21 58 7 7
21 59 4 6
21 60 3 4
21 61 7 2
21 62 3 10
21 63 9 5
21 64 6 6
21 65 2 2
21 66 3 2
21 67 7 8
21 68 6 4
21 69 2 3
21 70 4 8
21 71 6 9
21 72 9 2
21 73 7 4
21 74 2 7
21 75 4 9
21 76 6 3
21 77 5 4
21 78 2 5
21 79 3 4
21 80 4 3
21 81 10 7
21 82 10 8
21 83 4 7
21 84 6 9
21 85 8 4
21 86 2 8
21 87 8 10
21 88 3 8
21 89 9 5
21 90 9 4
21 91 6 4
21 92 6 3
21 93 6 6
21 94 4 7
21 95 7 4
21 96 2 8
21 97 5 9
21 98 7 2
21 99 4 7
22 23 99 100
22 24 4 3
22 25 3 8
22 26 3 7
22 27 9 7
22 28 10 8
22 29 8 7
22 30 5 2
22 31 9 4
22 32 9 4
22 33 7 6
22 34 4 9
22 35 7 3
22 36 4 5
22 37 3 2
22 38 7 5
22 39 10 7
22 40 4 5
22 41 2 8
22 42 4 6
22 43 7 9
22 44 6 7
22 45 6 10
22 46 6 10
22 47 3 5
22 48 10 5
22 49 6 10
22 50 9 5
22 51 9 8
22 52 9 8
22 53 7 6
22 54 5 10
22 55 5 7
22 56 8 6
22 57 7 8
22 58 4 10
22 59 7 4
22 60 4 4
22 61 10 9
22 62 6 2
22 63 6 6
22 64 5 6
22 65 6 9
22 66 7 3
22 67 5 3
22 68 7 6
22 69 5 7
22 70 4 2
22 71 9 6
22 72 7 8
22 73 9 10
22 74 8 3
22 75 10 9
22 76 3 9
22 77 9 6
22 78 4 7
22 79 9 5
22 80 4 6
22 81 5 5
22 82 4 3
22 83 3 7
22 84 7 2
22 85 8 3
22 86 8 8
22 87 5 5
22 88 4 6
22 89 5 7
22 90 4 4
22 91 10 9
22 92 8 6
22 93 4 3
22 94 4 6
22 95 7 6
22 96 2 7
22 97 6 10
22 98 4 8
22 99 6 5
23 24 5 7
23 25 5 4
23 26 5 5
23 27 5 3
23 28 9 9
23 29 8 3
23 30 8 5
23 31 9 3
23 32 8 10
23 33 5 8
23 34 3 8
23 35 4 4
23 36 6 6
23 37 8 2
23 38 6 3
23 39 5 4
23 40 9 10
23 41 6 4
23 42 8 2
23 43 8 9
23 44 8 2
23 45 8 7
23 46 7 9
23 47 4 6
23 48 8 8
23 49 6 6
23 50 10 6
23 51 3 7
23 52 5 8
23 53 7 9
23 54 5 3
23 55 3 8
23 56 7 2
23 57 3 5
23 58 5 5
23 59 8 3
23 60 5 2
23 61 3 3
23 62 7 3
23 63 5 7
23 64 8 4
23 65 3 4
23 66 8 5
23 67 3 8
23 68 5 10
23 69 2 8
23 70 5 7
23 71 7 7
23 72 3 10
23 73 7 9
23 74 8 3
23 75 2 8
23 76 8 3
23 77 8 5
23 78 8 9
23 79 8 5
23 80 3 6
23 81 8 8
23 82 6 8
23 83 9 4
23 84 3 9
23 85 7 4
23 86 9 4
23 87 9 6
23 88 7 8
23 89 3 7
23 90 4 7
23 91 9 9
23 92 7 2
23 93 4 7
23 94 4 3
23 95 7 9
23 96 9 3
23 97 2 10
23 98 3 7
23 99 9 6
24 25 100 100
24 26 100 100
24 27 100 99
24 28 2 9
24 29 5 6
24 30 7 7
24 31 3 6
24 32 7 7
24 33 6 3
24 34 10 8
24 35 8 3
24 36 8 6
24 37 3 7
24 38 2 6
24 39 8 3
24 40 4 4
24 41 6 6
24 42 6 8
24 43 6 8
24 44 8 4
24 45 9 6
24 46 8 3
24 47 2 4
24 48 5 3
24 49 7 3
24 50 4 6
24 51 6 9
24 52 6 8
24 53 8 5
24 54 9 8
24 55 9 7
24 56 5 10
24 57 4 5
24 58 8 6
24 59 8 5
24 60 4 3
24 61 3 8
24 62 10 7
24 63 6 6
24 64 7 4
24 65 6 3
24 66 4 10
24 67 5 9
24 68 4 4
24 69 4 2
24 70 2 4
24 71 3 9
24 72 9 4
24 73 9 4
24 74 7 7
24 75 5 7
24 76 6 9
24 77 5 6
24 78 3 7
24 79 2 3
24 80 9 4
24 81 5 10
24 82 4 7
24 83 4 9
24 84 7 5
24 85 6 4
24 86 10 5
24 87 5 9
24 88 8 8
24 89 8 6
24 90 6 4
24 91 8 6
24 92 8 3
24 93 8 8
24 94 7 9
24 95 4 9
24 96 6 7
24 97 6 5
24 98 7 2
24 99 4 3
25 26 100 99
25 27 98 98
25 28 4 4
25 29 2 8
25 30 6 5
25 31 8 9
25 32 3 10
25 33 5 6
25 34 6 3
25 35 6 4
25 36 2 3
25 37 10 5
25 38 8 5
25 39 6 8
25 40 8 8
25 41 3 4
25 42 4 6
25 43 9 5
25 44 4 6
25 45 6 9
25 46 9 3
25 47 4 9
25 48 6 2
25 49 4 4
25 50 8 5
25 51 5 8
25 52 7 3
25 53 2 6
25 54 5 10
25 55 4 8
25 56 9 8
25 57 7 6
25 58 8 8
25 59 10 5
25 60 8 3
25 61 6 7
25 62 5 8
25 63 3 8
25 64 8 4
25 65 9 10
25 66 7 2
25 67 8 6
25 68 3 8
25 69 3 2
25 70 8 9
25 71 7 7
25 72 3 5
25 73 3 8
25 74 4 7
25 75 3 10
25 76 4 4
25 77 2 2
25 78 6 6
25 79 6 8
25 80 5 9
25 81 9 3
25 82 5 6
25 83 6 8
25 84 4 6
25 85 7 2
25 86 9 5
25 87 5 6
25 88 6 3
25 89 5 8
25 90 6 7
25 91 5 9
25 92 9 10
25 93 7 5
25 94 5 4
25 95 7 7
25 96 3 6
25 97 7 6
25 98 9 3
25 99 7 2
26 27 98 99
26 28 4 8
26 29 4 9
26 30 9 7
26 31 8 5
26 32 6 6
26 33 8 2
26 34 10 2
26 35 7 8
26 36 4 2
26 37 3 5
26 38 3 4
26 39 8 9
26 40 2 8
26 41 7 8
26 42 9 3
26 43 4 3
26 44 6 3
26 45 3 3
26 46 7 7
26 47 9 5
26 48 7 4
26 49 8 3
26 50 4 3
26 51 4 3
26 52 8 9
26 53 2 10
26 54 7 4
26 55 3 5
26 56 7 9
26 57 9 8
26 58 6 6
26 59 3 2
26 60 4 7
26 61 2 3
26 62 8 7
26 63 6 4
26 64 10 9
26 65 8 5
26 66 8 8
26 67 2 6
26 68 6 6
26 69 4 6
26 70 4 3
26 71 3 3
26 72 6 7
26 73 7 6
26 74 7 5
26 75 8 4
26 76 9 4
26 77 4 3
26 78 5 5
26 79 5 3
26 80 10 6
26 81 8 9
26 82 8 5
26 83 2 8
26 84 3 7
26 85 7 3
26 86 8 4
26 87 7 3
26 88 2 9
26 89 9 2
26 90 4 6
26 91 9 4
26 92 5 3
26 93 7 8
26 94 3 4
26 95 5 8
26 96 9 4
26 97 5 7
26 98 3 9
26 99 3 7
27 28 8 5
27 29 8 2
27 30 6 9
27 31 6 3
27 32 7 7
27 33 6 3
27 34 8 5
27 35 9 9
27 36 5 3
27 37 5 9
27 38 9 6
27 39 5 3
27 40 7 3
27 41 10 9
27 42 5 9
27 43 8 7
27 44 6 3
27 45 7 9
27 46 9 9
27 47 7 4
27 48 10 2
27 49 7 7
27 50 4 9
27 51 3 4
27 52 5 8
27 53 8 8
27 54 9 5
27 55 4 2
27 56 10 8
27 57 6 5
27 58 7 3
27 59 9 8
27 60 3 2
27 61 5 7
27 62 4 5
27 63 5 10
27 64 7 4
27 65 4 10
27 66 5 3
27 67 3 8
27 68 7 6
27 69 7 3
27 70 10 4
27 71 8 2
27 72 6 3
27 73 6 4
27 74 6 4
27 75 4 9
27 76 6 9
27 77 3 6
27 78 7 8
27 79 10 3
27 80 10 10
27 81 4 4
27 82 9 7
27 83 7 5
27 84 5 10
27 85 6 8
27 86 9 7
27 87 5 6
27 88 5 3
27 89 4 5
27 90 3 3
27 91 8 8
27 92 6 3
27 93 2 3
27 94 7 7
27 95 8 7
27 96 3 7
27 97 2 6
27 98 10 7
27 99 5 5
28 29 99 98
28 30 99 99
28 31 99 99
28 32 6 8
28 33 10 7
28 34 6 7
28 35 7 9
28 36 6 4
28 37 4 9
28 38 3 7
28 39 8 6
28 40 4 7
28 41 4 10
28 42 3 10
28 43 7 9
28 44 7 6
28 45 5 2
28 46 7 7
28 47 10 9
28 48 5 5
28 49 2 9
28 50 5 3
28 51 3 3
28 52 2 5
28 53 7 9
28 54 5 3
28 55 7 8
28 56 8 8
28 57 9 9
28 58 4 9
28 59 4 9
28 60 5 8
28 61 2 7
28 62 5 7
28 63 3 7
28 64 5 3
28 65 7 6
28 66 5 4
28 67 8 9
28 68 6 10
28 69 6 9
28 70 4 2
28 71 8 8
28 72 3 6
28 73 3 8
28 74 5 8
28 75 9 9
28 76 3 9
28 77 8 7
28 78 4 9
28 79 3 7
28 80 2 2
28 81 9 8
28 82 3 2
28 83 7 5
28 84 4 6
28 85 6 3
28 86 7 6
28 87 3 7
28 88 6 2
28 89 3 5
28 90 2 4
28 91 4 3
28 92 4 6
28 93 3 4
28 94 10 8
28 95 7 5
28 96 9 3
28 97 8 10
28 98 2 4
28 99 6 2
29 30 99 98
29 31 99 99
29 32 3 7
29 33 9 4
29 34 5 5
29 35 2 9
29 36 4 5
29 37 8 4
29 38 4 3
29 39 5 6
29 40 8 7
29 41 5 8
29 42 4 4
29 43 9 9
29 44 3 7
29 45 3 4
29 46 8 4
29 47 7 4
29 48 6 7
29 49 9 9
29 50 5 7
29 51 9 9
29 52 5 8
29 53 3 5
29 54 4 10
29 55 9 4
29 56 7 9
29 57 10 3
29 58 7 10
29 59 2 2
29 60 8 3
29 61 7 6
29 62 10 5
29 63 8 6
29 64 3 3
29 65 6 4
29 66 5 9
29 67 9 9
29 68 8 5
29 69 5 9
29 70 10 7
29 71 10 3
29 72 6 9
29 73 10 6
29 74 2 9
29 75 6 7
29 76 6 10
29 77 3 7
29 78 9 6
29 79 4 5
29 80 7 3
29 81 2 10
29 82 3 2
29 83 6 6
29 84 9 9
29 85 6 5
29 86 3 9
29 87 7 8
29 88 8 9
29 89 5 7
29 90 2 5
29 91 4 6
29 92 9 3
29 93 8 6
29 94 8 10
29 95 6 7
29 96 5 4
29 97 10 9
29 98 9 7
29 99 7 10
30 31 99 99
30 32 8 4
30 33 3 7
30 34 2 8
30 35 4 7
30 36 3 7
30 37 3 6
30 38 2 3
30 39 8 4
30 40 4 9
30 41 8 6
30 42 9 5
30 43 9 8
30 44 3 9
30 45 2 7
30 46 9 7
30 47 10 3
30 48 7 3
30 49 9 5
30 50 4 6
30 51 3 10
30 52 7 5
30 53 5 6
30 54 8 10
30 55 6 6
30 56 8 9
30 57 7 2
30 58 9 7
30 59 5 6
30 60 5 9
30 61 6 3
30 62 7 4
30 63 8 3
30 64 9 4
30 65 7 4
30 66 9 4
30 67 4 10
30 68 10 7
30 69 5 7
30 70 3 6
30 71 6 7
30 72 5 9
30 73 6 4
30 74 2 6
30 75 2 10
30 76 6 7
30 77 10 6
30 78 7 10
30 79 9 3
30 80 6 7
30 81 4 6
30 82 3 6
30 83 4 8
30 84 4 9
30 85 6 10
30 86 8 8
30 87 6 7
30 88 5 4
30 89 5 7
30 90 8 6
30 91 3 5
30 92 3 4
30 93 5 2
30 94 9 3
30 95 4 9
30 96 10 5
30 97 6 7
30 98 9 6
30 99 4 6
31 32 4 6
31 33 2 10
31 34 7 8
31 35 5 3
31 36 7 7
31 37 8 4
31 38 6 9
31 39 3 9
31 40 4 7
31 41 6 4
31 42 3 2
31 43 7 8
31 44 7 8
31 45 9 2
31 46 5 8
31 47 3 2
31 48 6 10
31 49 6 9
31 50 8 9
31 51 4 6
31 52 5 3
31 53 4 4
31 54 8 8
31 55 6 10
31 56 3 7
31 57 2 8
31 58 7 7
31 59 6 3
31 60 7 8
31 61 10 7
31 62 4 7
31 63 3 4
31 64 4 7
31 65 7 7
31 66 7 5
31 67 10 5
31 68 8 6
31 69 6 5
31 70 9 9
31 71 3 8
31 72 10 9
31 73 8 2
31 74 4 5
31 75 6 7
31 76 8 7
31 77 7 3
31 78 8 10
31 79 6 8
31 80 8 8
31 81 5 6
31 82 10 8
31 83 5 6
31 84 5 9
31 85 9 3
31 86 5 8
31 87 6 7
31 88 6 9
31 89 6 5
31 90 10 2
31 91 5 7
31 92 10 10
31 93 8 4
31 94 8 7
31 95 5 7
31 96 10 4
31 97 7 7
31 98 8 7
31 99 6 6
32 33 100 99
32 34 99 98
32 35 98 99
32 36 2 3
32 37 10 4
32 38 3 7
32 39 8 3
32 40 9 8
32 41 2 2
32 42 2 7
32 43 5 8
32 44 7 9
32 45 10 3
32 46 8 10
32 47 5 4
32 48 10 3
32 49 3 4
32 50 5 10
32 51 5 6
32 52 5 8
32 53 5 4
32 54 2 10
32 55 6 7
32 56 2 2
32 57 5 6
32 58 4 3
32 59 7 8
32 60 10 7
32 61 7 6
32 62 9 3
32 63 10 8
32 64 7 4
32 65 3 5
32 66 3 3
32 67 4 4
32 68 9 7
32 69 6 6
32 70 9 2
32 71 3 7
32 72 9 9
32 73 2 10
32 74 9 5
32 75 8 9
32 76 3 6
32 77 3 4
32 78 4 10
32 79 4 8
32 80 6 4
32 81 3 6
32 82 5 9
32 83 3 4
32 84 8 2
32 85 5 2
32 86 4 4
32 87 8 5
32 88 6 2
32 89 10 6
32 90 4 4
32 91 4 4
32 92 8 4
32 93 4 5
32 94 7 8
32 95 6 5
32 96 4 8
32 97 4 6
32 98 7 9
32 99 9 3
33 34 99 98
33 35 99 98
33 36 4 6
33 37 2 9
33 38 7 9
33 39 3 9
33 40 5 2
33 41 3 4
33 42 8 8
33 43 8 8
33 44 6 9
33 45 5 7
33 46 3 8
33 47 4 6
33 48 3 4
33 49 5 4
33 50 10 8
33 51 2 7
33 52 8 6
33 53 9 8
33 54 6 10
33 55 9 6
33 56 6 10
33 57 5 5
33 58 5 4
33 59 4 7
33 60 6 6
33 61 6 2
33 62 5 9
33 63 10 8
33 64 8 4
33 65 4 9
33 66 7 2
33 67 2 5
33 68 7 3
33 69 10 6
33 70 8 9
33 71 7 9
33 72 10 6
33 73 8 7
33 74 3 5
33 75 3 6
33 76 9 4
33 77 5 7
33 78 5 7
33 79 7 9
33 80 2 5
33 81 10 4
33 82 4 9
33 83 8 8
33 84 9 8
33 85 6 6
33 86 7 6
33 87 5 7
33 88 3 7
33 89 5 9
33 90 4 10
33 91 6 7
33 92 4 6
33 93 6 9
33 94 3 8
33 95 7 5
33 96 6 5
33 97 6 3
33 98 7 6
33 99 10 5
34 35 99 99
34 36 7 6
34 37 10 8
34 38 8 8
34 39 7 5
34 40 6 8
34 41 9 10
34 42 5 8
34 43 7 4
34 44 10 5
34 45 3 4
34 46 8 8
34 47 8 8
34 48 7 5
34 49 10 3
34 50 8 4
34 51 10 5
34 52 9 6
34 53 4 4
34 54 5 6
34 55 4 9
34 56 9 2
34 57 7 10
34 58 10 2
34 59 10 2
34 60 4 7
34 61 3 5
34 62 7 5
34 63 4 6
34 64 3 4
34 65 9 5
34 66 8 7
34 67 7 8
34 68 9 2
34 69 5 5
34 70 4 4
34 71 4 4
34 72 2 5
34 73 5 2
34 74 8 7
34 75 4 8
34 76 8 10
34 77 4 10
34 78 3 4
34 79 4 4
34 80 5 8
34 81 3 6
34 82 5 8
34 83 5 9
34 84 7 9
34 85 7 8
34 86 2 9
34 87 4 10
34 88 6 7
34 89 3 7
34 90 5 3
34 91 9 4
34 92 3 8
34 93 6 8
34 94 9 3
34 95 5 5
34 96 2 4
34 97 5 4
34 98 10 4
34 99 4 2
35 36 6 6
35 37 8 8
35 38 4 3
35 39 3 3
35 40 6 2
35 41 5 6
35 42 8 7
35 43 2 6
35 44 5 3
35 45 8 5
35 46 9 10
35 47 8 6
35 48 7 7
35 49 2 9
35 50 2 2
35 51 10 3
35 52 6 3
35 53 7 9
35 54 8 4
35 55 2 10
35 56 9 5
35 57 7 7
35 58 3 6
35 59 10 9
35 60 10 9
35 61 3 8
35 62 8 4
35 63 5 10
35 64 8 9
35 65 3 4
35 66 8 4
35 67 7 4
35 68 2 8
35 69 4 3
35 70 5 9
35 71 8 4
35 72 3 4
35 73 7 4
35 74 10 5
35 75 5 5
35 76 2 7
35 77 3 7
35 78 5 9
35 79 8 6
35 80 3 3
35 81 4 9
35 82 8 9
35 83 10 9
35 84 6 7
35 85 5 9
35 86 8 4
35 87 9 8
35 88 3 7
35 89 5 8
35 90 10 2
35 91 6 10
35 92 5 8
35 93 8 5
35 94 9 4
35 95 4 4
35 96 3 7
35 97 3 4
35 98 5 3
35 99 8 5
36 37 99 99
36 38 99 99
36 39 100 99
36 40 6 2
36 41 3 9
36 42 8 9
36 43 9 2
36 44 6 6
36 45 4 8
36 46 10 5
36 47 8 2
36 48 8 7
36 49 5 6
36 50 3 3
36 51 9 3
36 52 8 7
36 53 2 8
36 54 2 4
36 55 8 8
36 56 2 5
36 57 5 6
36 58 2 9
36 59 2 2
36 60 4 6
36 61 5 9
36 62 8 2
36 63 9 4
36 64 4 8
36 65 3 6
36 66 8 9
36 67 10 5
36 68 6 7
36 69 9 8
36 70 4 3
36 71 2 9
36 72 9 4
36 73 5 5
36 74 9 6
36 75 9 6
36 76 3 5
36 77 8 6
36 78 2 4
36 79 10 8
36 80 3 2
36 81 4 8
36 82 8 7
36 83 5 5
36 84 10 5
36 85 9 3
36 86 10 7
36 87 6 8
36 88 3 7
36 89 6 3
36 90 7 5
36 91 8 10
36 92 7 8
36 93 3 9
36 94 5 4
36 95 7 4
36 96 5 5
36 97 3 4
36 98 8 10
36 99 8 9
37 38 100 99
37 39 100 98
37 40 3 7
37 41 3 5
37 42 3 6
37 43 4 8
37 44 5 9
37 45 5 7
37 46 10 3
37 47 5 6
37 48 6 6
37 49 10 10
37 50 10 5
37 51 6 5
37 52 6 3
37 53 6 9
37 54 5 8
37 55 5 9
37 56 3 7
37 57 6 8
37 58 3 2
37 59 5 4
37 60 5 3
37 61 4 10
37 62 2 3
37 63 3 5
37 64 8 2
37 65 5 5
37 66 3 4
37 67 5 5
37 68 9 6
37 69 5 4
37 70 5 3
37 71 8 6
37 72 4 4
37 73 6 9
37 74 6 4
37 75 2 4
37 76 7 7
37 77 3 6
37 78 2 3
37 79 3 8
37 80 5 7
37 81 10 5
37 82 3 4
37 83 5 8
37 84 6 4
37 85 8 4
37 86 6 2
37 87 5 10
37 88 9 6
37 89 8 8
37 90 5 6
37 91 5 5
37 92 7 9
37 93 4 5
37 94 5 10
37 95 9 4
37 96 7 7
37 97 2 7
37 98 7 2
37 99 6 9
38 39 98 100
38 40 8 9
38 41 7 9
38 42 2 7
38 43 2 8
38 44 7 9
38 45 4 8
38 46 9 3
38 47 8 10
38 48 5 2
38 49 4 10
38 50 8 2
38 51 3 9
38 52 6 2
38 53 9 3
38 54 5 2
38 55 8 9
38 56 2 6
38 57 5 9
38 58 3 8
38 59 6 7
38 60 6 2
38 61 2 9
38 62 7 9
38 63 2 6
38 64 10 8
38 65 6 7
38 66 5 5
38 67 7 10
38 68 8 7
38 69 9 10
38 70 7 7
38 71 4 7
38 72 8 8
38 73 5 6
38 74 4 10
38 75 5 7
38 76 3 6
38 77 8 9
38 78 4 7
38 79 9 7
38 80 2 3
38 81 7 6
38 82 10 10
38 83 3 3
38 84 4 8
38 85 9 3
38 86 7 9
38 87 6 5
38 88 5 3
38 89 9 9
38 90 6 9
38 91 9 3
38 92 5 6
38 93 4 9
38 94 5 4
38 95 10 4
38 96 2 7
38 97 3 8
38 98 6 6
38 99 4 5
39 40 6 9
39 41 3 4
39 42 5 6
39 43 4 4
39 44 9 8
39 45 9 8
39 46 5 6
39 47 6 2
39 48 5 3
39 49 9 7
39 50 5 4
39 51 10 2
39 52 5 3
39 53 5 8
39 54 9 4
39 55 2 7
39 56 6 3
39 57 7 2
39 58 9 3
39 59 9 4
39 60 9 3
39 61 10 10
39 62 9 6
39 63 5 7
39 64 8 4
39 65 9 10
39 66 4 9
39 67 10 4
39 68 4 5
39 69 7 5
39 70 10 4
39 71 7 7
39 72 8 7
39 73 7 6
39 74 10 5
39 75 4 6
39 76 6 8
39 77 4 7
39 78 3 9
39 79 10 5
39 80 4 8
39 81 4 9
39 82 6 5
39 83 6 3
39 84 3 5
39 85 6 9
39 86 3 7
39 87 5 4
39 88 10 8
39 89 7 7
39 90 8 4
39 91 10 3
39 92 8 9
39 93 2 7
39 94 4 9
39 95 10 8
39 96 5 10
39 97 4 7
39 98 3 8
39 99 8 8
40 41 98 98
40 42 100 98
40 43 99 99
40 44 6 9
40 45 3 4
40 46 7 5
40 47 9 9
40 48 4 9
40 49 5 5
40 50 3 6
40 51 4 10
40 52 10 9
40 53 3 7
40 54 9 4
40 55 8 5
40 56 10 2
40 57 9 3
40 58 4 5
40 59 4 8
40 60 5 4
40 61 4 6
40 62 5 3
40 63 7 5
40 64 7 10
40 65 9 9
40 66 5 9
40 67 6 8
40 68 2 2
40 69 3 10
40 70 7 10
40 71 5 7
40 72 10 7
40 73 5 6
40 74 6 6
40 75 6 8
40 76 9 8
40 77 2 2
40 78 6 4
40 79 5 7
40 80 4 3
40 81 2 7
40 82 9 4
40 83 10 8
40 84 7 7
40 85 5 5
40 86 3 4
40 87 5 8
40 88 2 9
40 89 10 4
40 90 9 5
40 91 10 5
40 92 7 8
40 93 2 8
40 94 9 8
40 95 9 7
40 96 7 7
40 97 3 7
40 98 9 8
40 99 9 3
41 42 99 99
41 43 99 98
41 44 9 7
41 45 7 2
41 46 3 9
41 47 5 5
41 48 3 3
41 49 9 5
41 50 4 7
41 51 6 5
41 52 3 4
41 53 9 9
41 54 4 6
41 55 9 5
41 56 2 5
41 57 7 6
41 58 2 3
41 59 6 7
41 60 7 10
41 61 6 3
41 62 6 6
41 63 7 9
41 64 6 8
41 65 10 6
41 66 6 7
41 67 10 2
41 68 9 3
41 69 9 7
41 70 7 9
41 71 4 8
41 72 5 6
41 73 5 8
41 74 9 5
41 75 8 9
41 76 7 4
41 77 7 9
41 78 8 2
41 79 3 3
41 80 2 6
41 81 4 4
41 82 10 6
41 83 3 10
41 84 3 5
41 85 3 9
41 86 9 10
41 87 7 6
41 88 10 7
41 89 5 9
41 90 5 10
41 91 8 2
41 92 6 5
41 93 7 7
41 94 3 4
41 95 5 4
41 96 3 6
41 97 2 8
41 98 9 10
41 99 4 5
42 43 100 100
42 44 6 5
42 45 3 3
42 46 3 7
42 47 6 9
42 48 10 6
42 49 5 9
42 50 9 3
42 51 4 3
42 52 3 9
42 53 2 6
42 54 7 2
42 55 8 4
42 56 8 7
42 57 6 5
42 58 9 4
42 59 6 5
42 60 7 5
42 61 8 7
42 62 7 8
42 63 7 4
42 64 7 3
42 65 6 3
42 66 7 9
42 67 8 8
42 68 5 8
42 69 5 5
42 70 8 2
42 71 7 6
42 72 7 9
42 73 6 7
42 74 5 3
42 75 9 5
42 76 6 7
42 77 7 9
42 78 4 7
42 79 8 5
42 80 8 7
42 81 8 4
42 82 9 7
42 83 9 4
42 84 9 3
42 85 6 5
42 86 7 8
42 87 5 7
42 88 4 8
42 89 10 9
42 90 7 7
42 91 5 9
42 92 7 9
42 93 7 5
42 94 10 9
42 95 7 9
42 96 7 9
42 97 3 7
42 98 4 8
42 99 5 2
43 44 2 3
43 45 7 2
43 46 2 8
43 47 10 5
43 48 6 7
43 49 6 4
43 50 9 7
43 51 10 2
43 52 2 5
43 53 3 9
43 54 8 8
43 55 6 6
43 56 9 9
43 57 9 8
43 58 7 3
43 59 9 3
43 60 3 9
43 61 7 2
43 62 3 7
43 63 2 9
43 64 6 6
43 65 8 4
43 66 7 10
43 67 2 8
43 68 4 7
43 69 5 6
43 70 7 4
43 71 3 6
43 72 3 9
43 73 8 4
43 74 4 5
43 75 8 3
43 76 9 7
43 77 6 8
43 78 4 3
43 79 7 4
43 80 7 6
43 81 8 9
43 82 4 2
43 83 4 8
43 84 6 3
43 85 4 7
43 86 4 3
43 87 10 8
43 88 8 5
43 89 7 8
43 90 7 5
43 91 4 4
43 92 3 8
43 93 6 5
43 94 4 7
43 95 4 7
43 96 8 10
43 97 7 3
43 98 3 2
43 99 7 8
44 45 98 99
44 46 99 98
44 47 98 98
44 48 4 3
44 49 9 3
44 50 3 5
44 51 6 10
44 52 10 2
44 53 8 7
44 54 3 5
44 55 10 9
44 56 4 9
44 57 2 9
44 58 4 7
44 59 10 3
44 60 8 4
44 61 7 9
44 62 6 7
44 63 5 2
44 64 7 2
44 65 5 6
44 66 4 9
44 67 9 10
44 68 7 6
44 69 9 10
44 70 9 4
44 71 9 4
44 72 5 3
44 73 6 10
44 74 7 7
44 75 4 4
44 76 3 5
44 77 7 4
44 78 4 3
44 79 8 3
44 80 4 6
44 81 10 10
44 82 4 5
44 83 10 7
44 84 10 8
44 85 3 4
44 86 8 4
44 87 10 9
44 88 3 9
44 89 3 3
44 90 9 3
44 91 6 9
44 92 7 8
44 93 5 2
44 94 3 8
44 95 9 6
44 96 10 3
44 97 9 7
44 98 4 6
44 99 6 9
45 46 99 99
45 47 99 98
45 48 5 7
45 49 8 8
45 50 3 7
45 51 9 6
45 52 2 8
45 53 3 8
45 54 6 4
45 55 4 9
45 56 3 9
45 57 9 3
45 58 9 2
45 59 3 9
45 60 7 4
45 61 2 7
45 62 5 3
45 63 3 4
45 64 5 10
45 65 8 7
45 66 5 5
45 67 8 4
45 68 7 5
45 69 3 2
45 70 5 6
45 71 3 5
45 72 7 7
45 73 2 4
45 74 3 3
45 75 4 6
45 76 6 3
45 77 4 10
45 78 6 10
45 79 8 10
45 80 8 10
45 81 8 8
45 82 8 9
45 83 8 4
45 84 6 5
45 85 8 8
45 86 7 8
45 87 4 7
45 88 3 5
45 89 9 8
45 90 10 3
45 91 10 9
45 92 4 9
45 93 9 9
45 94 3 10
45 95 7 4
45 96 2 6
45 97 3 4
45 98 6 3
45 99 10 6
46 47 99 98
46 48 7 9
46 49 7 9
46 50 10 5
46 51 4 10
46 52 9 5
46 53 9 7
46 54 5 9
46 55 10 5
46 56 8 5
46 57 4 5
46 58 9 2
46 59 3 9
46 60 9 3
46 61 7 8
46 62 7 5
46 63 8 4
46 64 8 4
46 65 8 9
46 66 7 3
46 67 8 3
46 68 4 5
46 69 5 6
46 70 6 8
46 71 5 9
46 72 3 2
46 73 6 10
46 74 2 9
46 75 6 3
46 76 6 8
46 77 6 3
46 78 10 7
46 79 10 4
46 80 4 7
46 81 8 4
46 82 7 3
46 83 7 6
46 84 6 7
46 85 5 4
46 86 7 3
46 87 9 3
46 88 9 8
46 89 8 4
46 90 3 9
46 91 4 5
46 92 4 5
46 93 10 8
46 94 8 6
46 95 10 3
46 96 5 6
46 97 10 9
46 98 6 9
46 99 3 9
47 48 9 6
47 49 6 4
47 50 7 7
47 51 3 3
47 52 8 6
47 53 3 4
47 54 5 3
47 55 8 7
47 56 5 3
47 57 7 2
47 58 7 9
47 59 3 4
47 60 9 8
47 61 4 8
47 62 3 6
47 63 4 9
47 64 2 10
47 65 6 4
47 66 4 5
47 67 8 7
47 68 4 5
47 69 5 3
47 70 8 4
47 71 6 7
47 72 4 3
47 73 5 3
47 74 9 8
47 75 2 3
47 76 7 7
47 77 6 7
47 78 4 3
47 79 10 5
47 80 4 9
47 81 9 7
47 82 3 8
47 83 6 8
47 84 6 2
47 85 9 3
47 86 2 5
47 87 7 5
47 88 3 10
47 89 7 2
47 90 4 9
47 91 8 6
47 92 7 10
47 93 4 7
47 94 6 6
47 95 4 3
47 96 9 9
47 97 6 2
47 98 5 4
47 99 4 8
48 49 98 99
48 50 99 99
48 51 98 99
48 52 9 3
48 53 10 7
48 54 9 6
48 55 4 4
48 56 5 5
48 57 5 6
48 58 4 9
48 59 5 4
48 60 4 7
48 61 9 3
48 62 2 6
48 63 8 7
48 64 7 6
48 65 3 2
48 66 2 2
48 67 5 9
48 68 3 8
48 69 4 6
48 70 8 2
48 71 8 7
48 72 3 3
48 73 6 9
48 74 6 7
48 75 7 4
48 76 4 3
48 77 2 3
48 78 9 3
48 79 6 8
48 80 7 3
48 81 3 3
48 82 3 6
48 83 2 3
48 84 5 7
48 85 5 3
48 86 5 2
48 87 9 7
48 88 5 5
48 89 5 3
48 90 10 5
48 91 5 3
48 92 7 8
48 93 7 6
48 94 9 4
48 95 7 8
48 96 4 5
48 97 8 3
48 98 3 3
48 99 7 9
49 50 98 98
49 51 99 98
49 52 7 2
49 53 6 4
49 54 8 3
49 55 8 4
49 56 8 2
49 57 7 8
49 58 10 4
49 59 7 9
49 60 7 2
49 61 10 10
49 62 4 5
49 63 4 5
49 64 7 4
49 65 4 3
49 66 7 6
49 67 4 4
49 68 9 8
49 69 10 10
49 70 7 3
49 71 3 3
49 72 6 9
49 73 6 9
49 74 10 6
49 75 10 5
49 76 9 7
49 77 3 6
49 78 7 6
49 79 4 6
49 80 8 8
49 81 9 6
49 82 4 2
49 83 5 2
49 84 6 9
49 85 9 8
49 86 7 4
49 87 2 4
49 88 8 9
49 89 4 8
49 90 4 10
49 91 4 4
49 92 7 3
49 93 9 7
49 94 3 3
49 95 9 4
49 96 3 3
49 97 5 5
49 98 9 9
49 99 4 6
50 51 99 98
50 52 7 6
50 53 5 3
50 54 6 3
50 55 10 5
50 56 7 8
50 57 7 4
50 58 2 8
50 59 9 9
50 60 10 5
50 61 6 8
50 62 10 5
50 63 6 4
50 64 7 7
50 65 2 7
50 66 8 7
50 67 3 4
50 68 9 8
50 69 8 9
50 70 5 8
50 71 4 5
50 72 3 5
50 73 10 7
50 74 10 9
50 75 7 9
50 76 8 4
50 77 2 4
50 78 6 6
50 79 5 7
50 80 3 10
50 81 4 2
50 82 6 5
50 83 3 5
50 84 5 7
50 85 8 6
50 86 3 4
50 87 3 5
50 88 4 5
50 89 3 3
50 90 9 8
50 91 9 9
50 92 6 9
50 93 6 9
50 94 3 3
50 95 2 9
50 96 5 4
50 97 5 2
50 98 8 4
50 99 10 10
51 52 3 9
51 53 6 10
51 54 8 4
51 55 4 9
51 56 8 4
51 57 6 2
51 58 10 10
51 59 9 5
51 60 10 5
51 61 4 3
51 62 6 5
51 63 6 8
51 64 4 7
51 65 8 7
51 66 8 10
51 67 2 3
51 68 10 4
51 69 8 10
51 70 6 3
51 71 8 6
51 72 5 2
51 73 3 8
51 74 6 3
51 75 4 6
51 76 10 7
51 77 6 10
51 78 7 5
51 79 7 4
51 80 4 3
51 81 4 4
51 82 9 7
51 83 10 7
51 84 6 9
51 85 9 7
51 86 3 5
51 87 9 5
51 88 6 4
51 89 6 3
51 90 9 9
51 91 5 3
51 92 9 2
51 93 6 4
51 94 6 6
51 95 8 5
51 96 8 8
51 97 7 5
51 98 6 8
51 99 8 3
52 53 100 99
52 54 100 99
52 55 98 98
52 56 3 9
52 57 6 7
52 58 10 6
52 59 6 4
52 60 3 9
52 61 8 5
52 62 7 9
52 63 4 5
52 64 8 8
52 65 3 8
52 66 8 7
52 67 7 8
52 68 5 3
52 69 3 3
52 70 9 7
52 71 4 8
52 72 6 2
52 73 4 3
52 74 8 2
52 75 4 5
52 76 4 4
52 77 9 6
52 78 9 3
52 79 10 4
52 80 4 9
52 81 6 10
52 82 3 4
52 83 4 7
52 84 10 6
52 85 6 10
52 86 7 4
52 87 7 7
52 88 3 4
52 89 8 9
52 90 4 3
52 91 10 2
52 92 3 2
52 93 5 3
52 94 3 7
52 95 3 2
52 96 8 9
52 97 8 6
52 98 5 6
52 99 7 4
53 54 98 100
53 55 98 98
53 56 8 4
53 57 9 5
53 58 3 6
53 59 9 7
53 60 9 9
53 61 5 10
53 62 5 4
53 63 7 6
53 64 4 7
53 65 6 7
53 66 8 7
53 67 10 10
53 68 5 8
53 69 8 8
53 70 7 3
53 71 7 6
53 72 5 8
53 73 6 8
53 74 4 8
53 75 4 4
53 76 6 4
53 77 5 4
53 78 2 8
53 79 4 9
53 80 3 5
53 81 9 10
53 82 8 10
53 83 6 3
53 84 9 3
53 85 8 8
53 86 5 6
53 87 9 9
53 88 4 10
53 89 9 3
53 90 3 5
53 91 8 5
53 92 9 3
53 93 10 7
53 94 9 4
53 95 2 5
53 96 4 4
53 97 6 4
53 98 8 5
53 99 4 10
54 55 99 99
54 56 6 2
54 57 9 7
54 58 4 5
54 59 5 8
54 60 2 7
54 61 9 8
54 62 5 5
54 63 9 9
54 64 5 3
54 65 7 6
54 66 9 3
54 67 5 5
54 68 3 7
54 69 6 6
54 70 8 5
54 71 7 2
54 72 9 9
54 73 7 3
54 74 10 5
54 75 4 8
54 76 4 4
54 77 9 3
54 78 8 4
54 79 3 10
54 80 9 7
54 81 4 5
54 82 9 6
54 83 6 8
54 84 8 7
54 85 9 9
54 86 4 5
54 87 4 9
54 88 5 4
54 89 2 4
54 90 7 8
54 91 4 6
54 92 5 8
54 93 5 2
54 94 5 9
54 95 5 6
54 96 6 8
54 97 7 2
54 98 8 4
54 99 2 3
55 56 6 5
55 57 4 4
55 58 3 3
55 59 3 7
55 60 9 3
55 61 5 9
55 62 4 6
55 63 5 5
55 64 4 2
55 65 2 7
55 66 8 8
55 67 3 9
55 68 3 6
55 69 7 4
55 70 3 6
55 71 10 8
55 72 6 8
55 73 4 5
55 74 10 9
55 75 10 10
55 76 5 5
55 77 2 3
55 78 6 5
55 79 9 8
55 80 9 8
55 81 8 3
55 82 8 2
55 83 3 4
55 84 7 8
55 85 3 5
55 86 4 4
55 87 5 3
55 88 8 8
55 89 9 3
55 90 5 9
55 91 3 8
55 92 5 5
55 93 4 7
55 94 10 9
55 95 7 10
55 96 6 9
55 97 9 7
55 98 5 9
55 99 7 8
56 57 99 100
56 58 99 99
56 59 98 99
56 60 9 4
56 61 4 6
56 62 9 9
56 63 7 5
56 64 5 10
56 65 10 4
56 66 8 2
56 67 6 8
56 68 7 8
56 69 10 6
56 70 7 4
56 71 4 6
56 72 4 2
56 73 5 5
56 74 10 4
56 75 7 3
56 76 7 7
56 77 4 7
56 78 8 10
56 79 7 8
56 80 8 9
56 81 3 9
56 82 6 5
56 83 5 4
56 84 4 6
56 85 7 4
56 86 10 7
56 87 7 3
56 88 8 5
56 89 4 9
56 90 10 10
56 91 9 3
56 92 5 9
56 93 3 6
56 94 5 7
56 95 9 9
56 96 2 9
56 97 10 6
56 98 7 6
56 99 6 7
57 58 99 98
57 59 98 99
57 60 6 7
57 61 3 7
57 62 4 8
57 63 6 4
57 64 3 7
57 65 4 6
57 66 9 7
57 67 3 6
57 68 8 5
57 69 5 10
57 70 9 2
57 71 4 4
57 72 9 4
57 73 6 8
57 74 10 8
57 75 10 2
57 76 2 7
57 77 5 4
57 78 7 8
57 79 10 7
57 80 5 3
57 81 6 3
57 82 2 7
57 83 5 9
57 84 4 5
57 85 10 10
57 86 10 9
57 87 5 3
57 88 4 10
57 89 9 7
57 90 3 7
57 91 4 4
57 92 5 5
57 93 4 7
57 94 9 2
57 95 9 3
57 96 5 5
57 97 7 4
57 98 10 9
57 99 10 4
58 59 99 99
58 60 6 9
58 61 4 5
58 62 3 3
58 63 2 3
58 64 9 8
58 65 10 6
58 66 6 3
58 67 6 4
58 68 10 8
58 69 9 7
58 70 2 3
58 71 3 8
58 72 6 10
58 73 8 8
58 74 5 10
58 75 8 3
58 76 4 9
58 77 6 9
58 78 8 9
58 79 5 3
58 80 6 2
58 81 5 2
58 82 9 8
58 83 4 4
58 84 8 3
58 85 5 10
58 86 6 5
58 87 2 3
58 88 9 4
58 89 2 6
58 90 8 2
58 91 3 10
58 92 7 9
58 93 2 9
58 94 8 4
58 95 8 2
58 96 6 9
58 97 8 3
58 98 9 4
58 99 3 8
59 60 6 7
59 61 4 3
59 62 6 9
59 63 9 10
59 64 8 3
59 65 6 5
59 66 9 7
59 67 4 4
59 68 4 7
59 69 7 4
59 70 10 6
59 71 7 7
59 72 5 7
59 73 5 8
59 74 9 7
59 75 5 3
59 76 10 5
59 77 5 3
59 78 8 8
59 79 7 4
59 80 9 3
59 81 5 2
59 82 10 8
59 83 2 9
59 84 6 6
59 85 6 3
59 86 3 5
59 87 7 7
59 88 6 4
59 89 5 9
59 90 3 3
59 91 6 10
59 92 9 3
59 93 4 3
59 94 9 4
59 95 5 6
59 96 3 5
59 97 4 5
59 98 9 9
59 99 8 4
60 61 100 99
60 62 98 99
60 63 100 99
60 64 4 8
60 65 7 6
60 66 3 3
60 67 3 5
60 68 9 6
60 69 3 8
60 70 3 6
60 71 3 5
60 72 5 8
60 73 10 8
60 74 6 9
60 75 5 6
60 76 2 9
60 77 4 7
60 78 6 4
60 79 3 8
60 80 9 2
60 81 4 3
60 82 2 9
60 83 4 7
60 84 7 3
60 85 8 7
60 86 6 7
60 87 4 5
60 88 9 6
60 89 7 2
60 90 3 9
60 91 7 3
60 92 7 7
60 93 7 9
60 94 7 2
60 95 4 4
60 96 5 9
60 97 7 7
60 98 2 3
60 99 7 4
61 62 99 100
61 63 99 99
61 64 5 5
61 65 3 4
61 66 5 3
61 67 7 7
61 68 10 3
61 69 4 7
61 70 6 4
61 71 8 8
61 72 6 8
61 73 8 4
61 74 4 4
61 75 2 9
61 76 8 7
61 77 7 7
61 78 4 4
61 79 9 9
61 80 4 6
61 81 6 9
61 82 2 3
61 83 5 7
61 84 7 3
61 85 10 7
61 86 5 9
61 87 3 9
61 88 2 3
61 89 3 8
61 90 6 4
61 91 7 6
61 92 3 8
61 93 7 10
61 94 6 2
61 95 5 6
61 96 8 9
61 97 4 4
61 98 10 8
61 99 5 3
62 63 99 99
62 64 6 8
62 65 7 2
62 66 5 9
62 67 8 7
62 68 3 7
62 69 4 10
62 70 7 5
62 71 2 4
62 72 6 3
62 73 5 7
62 74 5 7
62 75 4 5
62 76 6 3
62 77 7 10
62 78 10 4
62 79 3 9
62 80 3 6
62 81 3 4
62 82 7 5
62 83 6 9
62 84 9 9
62 85 4 4
62 86 9 8
62 87 2 3
62 88 5 6
62 89 4 7
62 90 9 5
62 91 5 7
62 92 7 10
62 93 7 4
62 94 10 5
62 95 8 5
62 96 6 3
62 97 5 7
62 98 7 7
62 99 3 10
63 64 8 6
63 65 10 2
63 66 8 6
63 67 9 2
63 68 9 7
63 69 7 6
63 70 9 6
63 71 9 6
63 72 5 3
63 73 8 5
63 74 5 6
63 75 3 7
63 76 5 4
63 77 5 7
63 78 7 8
63 79 8 5
63 80 8 8
63 81 4 7
63 82 4 6
63 83 4 3
63 84 4 6
63 85 3 4
63 86 4 3
63 87 10 5
63 88 9 8
63 89 3 7
63 90 4 5
63 91 8 10
63 92 4 7
63 93 4 7
63 94 4 10
63 95 2 5
63 96 4 4
63 97 3 9
63 98 3 5
63 99 6 3
64 65 98 98
64 66 99 100
64 67 99 99
64 68 7 7
64 69 4 3
64 70 5 4
64 71 3 5
64 72 9 2
64 73 9 7
64 74 6 3
64 75 5 7
64 76 9 5
64 77 5 9
64 78 6 3
64 79 4 2
64 80 4 9
64 81 3 3
64 82 10 6
64 83 5 10
64 84 6 4
64 85 7 6
64 86 6 6
64 87 6 6
64 88 6 4
64 89 7 4
64 90 6 4
64 91 4 2
64 92 2 9
64 93 4 6
64 94 3 6
64 95 2 8
64 96 5 9
64 97 8 3
64 98 4 7
64 99 4 6
65 66 99 99
65 67 100 99
65 68 8 2
65 69 3 3
65 70 5 4
65 71 5 5
65 72 6 9
65 73 6 6
65 74 6 3
65 75 3 5
65 76 2 7
65 77 3 7
65 78 5 6
65 79 8 6
65 80 4 2
65 81 3 9
65 82 9 9
65 83 2 7
65 84 6 8
65 85 3 4
65 86 9 9
65 87 3 9
65 88 7 10
65 89 7 5
65 90 4 6
65 91 7 9
65 92 9 7
65 93 3 9
65 94 5 8
65 95 8 3
65 96 10 5
65 97 9 2
65 98 8 7
65 99 6 3
66 67 99 99
66 68 7 4
66 69 4 9
66 70 8 9
66 71 6 5
66 72 3 9
66 73 4 2
66 74 6 8
66 75 7 3
66 76 7 6
66 77 5 9
66 78 9 3
66 79 6 3
66 80 6 5
66 81 8 7
66 82 6 3
66 83 7 7
66 84 7 10
66 85 6 8
66 86 3 4
66 87 5 7
66 88 3 7
66 89 3 6
66 90 9 9
66 91 7 2
66 92 6 5
66 93 7 7
66 94 4 3
66 95 3 5
66 96 3 4
66 97 7 7
66 98 2 5
66 99 7 4
67 68 5 7
67 69 5 9
67 70 6 10
67 71 9 4
67 72 7 8
67 73 8 8
67 74 5 6
67 75 3 2
67 76 2 7
67 77 5 9
67 78 7 6
67 79 7 4
67 80 10 6
67 81 6 9
67 82 7 3
67 83 8 4
67 84 4 8
67 85 9 7
67 86 9 9
67 87 6 4
67 88 8 6
67 89 3 3
67 90 5 10
67 91 9 2
67 92 2 5
67 93 10 4
67 94 8 9
67 95 7 2
67 96 10 8
67 97 7 7
67 98 7 6
67 99 4 8
68 69 100 99
68 70 99 99
68 71 100 98
68 72 4 7
68 73 7 7
68 74 9 5
68 75 8 6
68 76 9 8
68 77 8 2
68 78 5 4
68 79 9 8
68 80 4 8
68 81 6 7
68 82 8 4
68 83 9 3
68 84 9 5
68 85 7 3
68 86 9 10
68 87 6 3
68 88 7 6
68 89 4 8
68 90 7 2
68 91 5 5
68 92 10 8
68 93 3 9
68 94 4 5
68 95 9 2
68 96 6 4
68 97 4 8
68 98 6 4
68 99 9 10
69 70 98 98
69 71 99 99
69 72 8 3
69 73 4 9
69 74 6 5
69 75 5 7
69 76 9 6
69 77 8 4
69 78 5 6
69 79 7 3
69 80 2 3
69 81 6 8
69 82 4 2
69 83 4 3
69 84 3 8
69 85 6 6
69 86 4 8
69 87 5 4
69 88 9 5
69 89 4 3
69 90 8 6
69 91 8 3
69 92 9 6
69 93 3 3
69 94 2 5
69 95 6 4
69 96 8 2
69 97 3 4
69 98 3 9
69 99 2 7
70 71 99 99
70 72 7 8
70 73 7 4
70 74 2 6
70 75 9 8
70 76 4 3
70 77 10 4
70 78 4 7
70 79 9 4
70 80 3 9
70 81 5 7
70 82 3 6
70 83 7 7
70 84 3 3
70 85 4 3
70 86 9 7
70 87 6 7
70 88 5 6
70 89 7 5
70 90 7 7
70 91 2 9
70 92 6 9
70 93 6 3
70 94 8 4
70 95 5 10
70 96 8 5
70 97 5 8
70 98 4 5
70 99 5 3
71 72 4 8
71 73 5 2
71 74 3 10
71 75 5 4
71 76 9 4
71 77 3 7
71 78 10 5
71 79 10 7
71 80 5 6
71 81 6 6
71 82 3 8
71 83 4 3
71 84 2 6
71 85 10 7
71 86 10 9
71 87 5 6
71 88 7 5
71 89 9 4
71 90 9 2
71 91 9 4
71 92 9 5
71 93 5 6
71 94 8 5
71 95 9 9
71 96 9 3
71 97 9 6
71 98 6 9
71 99 9 3
72 73 99 100
72 74 99 100
72 75 100 98
72 76 8 9
72 77 7 3
72 78 4 9
72 79 5 2
72 80 6 5
72 81 4 9
72 82 3 7
72 83 4 10
72 84 6 9
72 85 5 6
72 86 4 8
72 87 3 3
72 88 5 7
72 89 7 3
72 90 5 6
72 91 3 6
72 92 2 3
72 93 5 3
72 94 3 6
72 95 9 8
72 96 5 5
72 97 4 8
72 98 5 9
72 99 4 5
73 74 99 99
73 75 98 98
73 76 5 5
73 77 7 8
73 78 9 3
73 79 9 10
73 80 6 8
73 81 4 7
73 82 9 3
73 83 4 9
73 84 7 6
73 85 7 6
73 86 5 3
73 87 10 6
73 88 6 3
73 89 7 2
73 90 7 3
73 91 5 3
73 92 4 10
73 93 4 5
73 94 9 3
73 95 8 5
73 96 3 4
73 97 5 4
73 98 7 10
73 99 9 7
74 75 99 100
74 76 7 3
74 77 8 10
74 78 10 8
74 79 5 9
74 80 6 3
74 81 9 4
74 82 9 9
74 83 9 7
74 84 5 9
74 85 7 2
74 86 8 5
74 87 8 5
74 88 8 4
74 89 6 6
74 90 4 5
74 91 5 8
74 92 7 10
74 93 3 5
74 94 4 5
74 95 8 9
74 96 3 6
74 97 5 9
74 98 6 5
74 99 3 3
75 76 2 7
75 77 9 4
75 78 2 10
75 79 7 3
75 80 2 8
75 81 3 5
75 82 8 5
75 83 5 5
75 84 7 4
75 85 6 6
75 86 3 9
75 87 8 5
75 88 8 3
75 89 6 9
75 90 5 5
75 91 3 2
75 92 8 8
75 93 9 10
75 94 6 2
75 95 4 7
75 96 4 7
75 97 8 6
75 98 3 3
75 99 4 3
76 77 98 100
76 78 99 98
76 79 99 99
76 80 10 8
76 81 2 3
76 82 8 5
76 83 3 8
76 84 5 7
76 85 7 5
76 86 2 6
76 87 5 6
76 88 8 5
76 89 3 9
76 90 6 9
76 91 5 5
76 92 4 4
76 93 3 6
76 94 6 4
76 95 8 6
76 96 2 6
76 97 3 5
76 98 8 5
76 99 2 7
77 78 100 99
77 79 100 98
77 80 7 9
77 81 8 3
77 82 9 4
77 83 10 5
77 84 6 3
77 85 5 7
77 86 4 6
77 87 8 2
77 88 9 5
77 89 6 5
77 90 2 5
77 91 5 3
77 92 6 5
77 93 7 9
77 94 9 10
77 95 6 10
77 96 8 8
77 97 4 9
77 98 6 8
77 99 3 3
78 79 100 100
78 80 10 10
78 81 8 9
78 82 2 7
78 83 4 4
78 84 8 7
78 85 9 5
78 86 6 7
78 87 3 5
78 88 6 8
78 89 5 2
78 90 7 9
78 91 9 7
78 92 5 2
78 93 8 3
78 94 6 4
78 95 9 3
78 96 9 2
78 97 7 7
78 98 5 5
78 99 8 9
79 80 4 3
79 81 9 3
79 82 4 2
79 83 3 9
79 84 5 5
79 85 9 7
79 86 5 3
79 87 7 10
79 88 10 8
79 89 7 7
79 90 7 5
79 91 8 3
79 92 9 3
79 93 3 3
79 94 8 9
79 95 6 3
79 96 9 5
79 97 6 9
79 98 9 4
79 99 9 8
80 81 99 99
80 82 99 100
80 83 100 98
80 84 6 8
80 85 10 3
80 86 9 10
80 87 3 4
80 88 6 8
80 89 4 7
80 90 7 3
80 91 5 8
80 92 5 3
80 93 4 8
80 94 6 6
80 95 7 8
80 96 6 6
80 97 6 8
80 98 7 7
80 99 6 8
81 82 100 99
81 83 98 100
81 84 9 9
81 85 8 8
81 86 8 4
81 87 7 3
81 88 9 9
81 89 9 5
81 90 7 4
81 91 8 5
81 92 6 7
81 93 5 7
81 94 6 3
81 95 4 3
81 96 8 6
81 97 5 8
81 98 6 4
81 99 5 10
82 83 99 98
82 84 4 3
82 85 8 5
82 86 5 3
82 87 6 7
82 88 9 6
82 89 3 3
82 90 5 5
82 91 5 5
82 92 5 6
82 93 10 7
82 94 9 4
82 95 6 6
82 96 6 4
82 97 8 7
82 98 6 6
82 99 8 9
83 84 5 4
83 85 7 2
83 86 4 4
83 87 4 6
83 88 5 8
83 89 8 8
83 90 4 5
83 91 6 8
83 92 5 8
83 93 6 3
83 94 7 8
83 95 3 7
83 96 4 7
83 97 5 3
83 98 7 3
83 99 4 8
84 85 99 100
84 86 99 99
84 87 98 99
84 88 8 8
84 89 10 4
84 90 5 9
84 91 6 6
84 92 6 8
84 93 6 5
84 94 2 3
84 95 8 7
84 96 9 9
84 97 8 7
84 98 3 10
84 99 4 7
85 86 99 98
85 87 99 99
85 88 7 6
85 89 6 4
85 90 9 5
85 91 9 4
85 92 7 2
85 93 3 9
85 94 4 9
85 95 7 4
85 96 6 3
85 97 7 7
85 98 7 10
85 99 7 3
86 87 99 98
86 88 3 5
86 89 9 4
86 90 6 8
86 91 4 7
86 92 9 7
86 93 4 5
86 94 7 3
86 95 5 8
86 96 3 6
86 97 4 10
86 98 8 3
86 99 5 4
87 88 6 3
87 89 5 8
87 90 2 6
87 91 9 9
87 92 2 9
87 93 7 6
87 94 2 4
87 95 7 7
87 96 9 6
87 97 5 6
87 98 5 9
87 99 5 4
88 89 98 99
88 90 98 99
88 91 99 98
88 92 7 7
88 93 3 3
88 94 2 6
88 95 9 7
88 96 5 7
88 97 7 7
88 98 4 6
88 99 7 5
89 90 99 99
89 91 100 99
89 92 3 9
89 93 8 6
89 94 3 4
89 95 7 7
89 96 2 5
89 97 8 5
89 98 8 9
89 99 2 4
90 91 100 100
90 92 9 8
90 93 8 10
90 94 5 7
90 95 7 8
90 96 7 5
90 97 8 6
90 98 5 3
90 99 4 8
91 92 8 4
91 93 5 5
91 94 3 4
91 95 10 3
91 96 5 4
91 97 3 4
91 98 6 9
91 99 7 5
92 93 99 99
92 94 99 99
92 95 99 98
92 96 8 4
92 97 7 10
92 98 7 9
92 99 4 4
93 94 99 99
93 95 99 99
93 96 7 5
93 97 7 5
93 98 5 7
93 99 5 4
94 95 99 98
94 96 3 6
94 97 5 10
94 98 6 8
94 99 7 8
95 96 5 3
95 97 8 4
95 98 2 3
95 99 8 5
96 97 99 100
96 98 99 100
96 99 99 98
97 98 100 98
97 99 99 98
98 99 99 99
