0 1 28 48
0 12 46 34
1 2 86 24
1 13 4 78
2 3 71 37
2 14 15 59
3 4 59 54
3 15 48 38
4 5 34 76
4 16 25 79
5 6 48 59
5 17 22 69
6 7 10 60
6 18 27 44
7 8 34 40
7 19 37 55
8 9 94 41
8 20 44 63
9 10 7 74
9 21 93 22
10 11 65 32
10 22 10 77
11 23 28 79
12 13 94 33
12 24 92 6
13 14 85 37
13 25 94 10
14 15 82 25
14 26 33 64
15 16 40 64
15 27 50 46
16 17 91 23
16 28 10 76
17 18 93 15
17 29 45 51
18 19 36 60
18 30 84 31
19 20 46 41
19 31 71 17
20 21 93 15
20 32 38 47
21 22 53 34
21 33 63 39
22 23 76 44
22 34 20 50
23 35 30 60
24 25 43 57
25 26 53 50
26 27 4 68
27 28 4 74
28 29 45 45
29 30 94 32
30 31 60 56
31 32 73 19
32 33 26 72
33 34 12 64
34 35 17 73
