38
0 1 32 28
0 2 10 17
0 3 8 16
0 4 55 54
0 5 67 59
0 6 63 59
0 7 62 67
0 8 77 72
0 9 4 19
0 10 64 67
0 11 77 81
0 12 21 20
0 13 34 37
0 14 83 71
0 15 53 53
0 16 48 53
0 17 35 35
0 18 91 79
0 19 68 68
0 20 92 91
0 21 92 89
0 22 57 56
0 23 73 69
0 24 95 92
0 25 54 54
0 26 31 30
0 27 91 80
0 28 91 92
0 29 79 68
0 30 33 41
0 31 56 59
0 32 31 28
0 33 43 41
0 34 96 84
0 35 74 66
0 36 93 87
0 37 50 50
1 2 22 26
1 3 18 17
1 4 45 46
1 5 25 34
1 6 96 92
1 7 83 74
1 8 43 52
1 9 32 40
1 10 82 76
1 11 35 38
1 12 64 67
1 13 89 84
1 14 55 54
1 15 34 42
1 16 61 66
1 17 68 62
1 18 26 31
1 19 86 77
1 20 10 8
1 21 38 42
1 22 30 40
1 23 5 13
1 24 60 54
1 25 13 12
1 26 11 12
1 27 39 33
1 28 14 13
1 29 47 50
1 30 41 46
1 31 49 43
1 32 40 47
1 33 4 17
1 34 19 30
1 35 32 36
1 36 24 27
1 37 10 12
2 3 71 63
2 4 93 84
2 5 15 24
2 6 61 53
2 7 28 38
2 8 22 26
2 9 76 73
2 10 38 45
2 11 37 34
2 12 28 28
2 13 87 87
2 14 91 93
2 15 35 33
2 16 21 28
2 17 40 36
2 18 39 40
2 19 27 34
2 20 40 44
2 21 63 59
2 22 69 71
2 23 22 21
2 24 83 74
2 25 92 82
2 26 54 53
2 27 40 43
2 28 1 5
2 29 91 82
2 30 91 88
2 31 79 72
2 32 61 53
2 33 5 16
2 34 60 55
2 35 64 57
2 36 12 12
2 37 10 11
3 4 57 51
3 5 83 78
3 6 40 38
3 7 24 30
3 8 64 56
3 9 54 55
3 10 81 78
3 11 81 75
3 12 13 25
3 13 86 75
3 14 43 39
3 15 91 90
3 16 30 38
3 17 67 64
3 18 25 28
3 19 81 75
3 20 69 70
3 21 41 38
3 22 1 1
3 23 86 74
3 24 90 89
3 25 2 6
3 26 8 22
3 27 9 17
3 28 99 92
3 29 57 61
3 30 80 81
3 31 95 88
3 32 66 59
3 33 49 44
3 34 86 82
3 35 60 56
3 36 32 40
3 37 70 70
4 5 39 40
4 6 93 80
4 7 40 47
4 8 1 7
4 9 25 36
4 10 18 26
4 11 72 69
4 12 25 30
4 13 81 70
4 14 27 36
4 15 81 84
4 16 4 7
4 17 88 90
4 18 86 87
4 19 16 15
4 20 44 47
4 21 40 40
4 22 38 41
4 23 25 24
4 24 48 50
4 25 32 41
4 26 91 90
4 27 24 24
4 28 17 16
4 29 75 74
4 30 68 65
4 31 49 43
4 32 74 72
4 33 95 96
4 34 76 74
4 35 11 13
4 36 16 28
4 37 46 40
5 6 41 38
5 7 87 75
5 8 32 42
5 9 88 78
5 10 87 86
5 11 87 86
5 12 93 79
5 13 96 87
5 14 65 62
5 15 86 80
5 16 94 82
5 17 70 68
5 18 36 34
5 19 97 89
5 20 65 68
5 21 41 45
5 22 54 47
5 23 83 85
5 24 35 40
5 25 78 77
5 26 2 12
5 27 54 54
5 28 48 45
5 29 37 38
5 30 91 80
5 31 96 91
5 32 86 84
5 33 40 48
5 34 30 30
5 35 74 74
5 36 7 9
5 37 47 53
6 7 76 75
6 8 89 84
6 9 53 56
6 10 54 47
6 11 15 17
6 12 47 48
6 13 3 10
6 14 69 69
6 15 55 50
6 16 6 11
6 17 69 65
6 18 87 79
6 19 78 75
6 20 26 32
6 21 30 28
6 22 52 45
6 23 63 67
6 24 48 49
6 25 41 48
6 26 47 45
6 27 97 89
6 28 74 69
6 29 75 78
6 30 2 5
6 31 79 75
6 32 56 60
6 33 74 67
6 34 31 28
6 35 68 69
6 36 93 92
6 37 40 36
7 8 16 14
7 9 97 91
7 10 15 22
7 11 99 87
7 12 72 71
7 13 47 45
7 14 23 20
7 15 90 89
7 16 41 45
7 17 47 54
7 18 31 38
7 19 87 89
7 20 20 27
7 21 30 38
7 22 83 82
7 23 6 14
7 24 83 72
7 25 88 76
7 26 89 82
7 27 42 45
7 28 61 54
7 29 42 40
7 30 25 22
7 31 24 26
7 32 28 32
7 33 41 45
7 34 82 81
7 35 72 63
7 36 56 61
7 37 77 74
8 9 85 86
8 10 74 66
8 11 62 67
8 12 62 57
8 13 46 48
8 14 9 15
8 15 63 54
8 16 5 7
8 17 1 6
8 18 45 40
8 19 28 39
8 20 76 66
8 21 65 63
8 22 88 89
8 23 9 16
8 24 27 27
8 25 48 42
8 26 17 26
8 27 65 68
8 28 99 87
8 29 51 53
8 30 49 56
8 31 27 34
8 32 31 40
8 33 21 28
8 34 96 86
8 35 5 10
8 36 36 34
8 37 2 4
9 10 67 65
9 11 78 69
9 12 16 13
9 13 54 49
9 14 24 28
9 15 34 44
9 16 11 21
9 17 75 76
9 18 71 72
9 19 86 83
9 20 69 72
9 21 38 42
9 22 77 68
9 23 24 34
9 24 52 53
9 25 32 31
9 26 23 32
9 27 37 38
9 28 28 30
9 29 92 86
9 30 16 27
9 31 84 74
9 32 10 14
9 33 39 37
9 34 75 70
9 35 62 67
9 36 64 56
9 37 61 54
10 11 59 55
10 12 64 64
10 13 85 79
10 14 16 24
10 15 57 61
10 16 3 14
10 17 45 47
10 18 93 87
10 19 98 88
10 20 77 80
10 21 23 30
10 22 49 52
10 23 54 60
10 24 65 59
10 25 36 38
10 26 8 8
10 27 86 85
10 28 17 27
10 29 84 74
10 30 68 60
10 31 51 47
10 32 62 59
10 33 57 60
10 34 96 91
10 35 56 56
10 36 2 13
10 37 31 33
11 12 19 28
11 13 28 30
11 14 56 52
11 15 81 82
11 16 49 51
11 17 28 28
11 18 71 75
11 19 11 22
11 20 15 20
11 21 84 74
11 22 82 82
11 23 2 16
11 24 24 32
11 25 16 27
11 26 46 48
11 27 19 28
11 28 10 18
11 29 55 56
11 30 15 23
11 31 28 36
11 32 1 4
11 33 32 33
11 34 28 26
11 35 6 16
11 36 53 60
11 37 49 54
12 13 49 49
12 14 77 70
12 15 93 90
12 16 59 62
12 17 43 48
12 18 44 41
12 19 1 14
12 20 35 34
12 21 49 55
12 22 61 53
12 23 56 49
12 24 56 61
12 25 30 32
12 26 21 23
12 27 18 26
12 28 38 39
12 29 71 64
12 30 76 76
12 31 87 81
12 32 35 41
12 33 31 39
12 34 16 16
12 35 69 65
12 36 81 70
12 37 16 17
13 14 56 49
13 15 52 46
13 16 40 43
13 17 60 52
13 18 3 16
13 19 88 87
13 20 76 74
13 21 76 66
13 22 20 28
13 23 71 62
13 24 51 53
13 25 30 37
13 26 99 97
13 27 19 28
13 28 27 31
13 29 84 87
13 30 88 80
13 31 71 72
13 32 11 13
13 33 33 35
13 34 65 61
13 35 48 48
13 36 40 47
13 37 57 54
14 15 76 77
14 16 38 39
14 17 49 53
14 18 35 44
14 19 95 84
14 20 43 43
14 21 7 21
14 22 28 36
14 23 80 77
14 24 48 55
14 25 97 90
14 26 43 46
14 27 34 40
14 28 95 91
14 29 61 53
14 30 30 26
14 31 42 42
14 32 87 82
14 33 21 23
14 34 0 7
14 35 72 67
14 36 75 78
14 37 86 85
15 16 8 12
15 17 44 40
15 18 62 65
15 19 50 49
15 20 93 82
15 21 67 62
15 22 21 22
15 23 21 27
15 24 84 76
15 25 93 82
15 26 23 25
15 27 27 28
15 28 98 84
15 29 53 47
15 30 71 71
15 31 16 20
15 32 79 75
15 33 48 43
15 34 6 7
15 35 30 38
15 36 94 91
15 37 10 22
16 17 98 84
16 18 2 14
16 19 34 32
16 20 8 12
16 21 13 16
16 22 9 18
16 23 55 54
16 24 25 26
16 25 76 75
16 26 20 21
16 27 38 42
16 28 20 30
16 29 55 56
16 30 13 18
16 31 2 16
16 32 9 20
16 33 15 26
16 34 74 70
16 35 78 72
16 36 78 80
16 37 78 69
17 18 95 84
17 19 15 20
17 20 19 28
17 21 7 6
17 22 91 80
17 23 12 21
17 24 97 84
17 25 56 61
17 26 37 38
17 27 32 32
17 28 27 33
17 29 26 28
17 30 90 90
17 31 23 25
17 32 98 98
17 33 43 43
17 34 93 94
17 35 28 32
17 36 8 17
17 37 27 33
18 19 36 31
18 20 31 32
18 21 37 33
18 22 56 60
18 23 56 53
18 24 56 52
18 25 27 28
18 26 6 13
18 27 83 83
18 28 80 82
18 29 12 17
18 30 35 33
18 31 34 30
18 32 89 87
18 33 68 66
18 34 87 88
18 35 66 57
18 36 34 35
18 37 87 85
19 20 68 63
19 21 20 20
19 22 56 61
19 23 38 37
19 24 13 18
19 25 16 17
19 26 69 69
19 27 42 49
19 28 65 67
19 29 48 46
19 30 26 32
19 31 75 69
19 32 51 44
19 33 67 67
19 34 7 11
19 35 45 39
19 36 12 12
19 37 64 68
20 21 5 18
20 22 48 43
20 23 22 20
20 24 60 60
20 25 13 22
20 26 83 72
20 27 33 32
20 28 36 38
20 29 67 70
20 30 24 30
20 31 45 47
20 32 96 82
20 33 28 33
20 34 30 35
20 35 93 87
20 36 26 25
20 37 19 17
21 22 92 85
21 23 83 77
21 24 9 13
21 25 60 53
21 26 56 51
21 27 1 12
21 28 54 56
21 29 78 71
21 30 93 84
21 31 86 76
21 32 44 47
21 33 34 34
21 34 10 9
21 35 84 72
21 36 39 39
21 37 38 33
22 23 60 66
22 24 61 55
22 25 55 53
22 26 12 25
22 27 95 93
22 28 33 41
22 29 60 51
22 30 45 41
22 31 88 88
22 32 45 49
22 33 90 86
22 34 15 17
22 35 69 72
22 36 35 35
22 37 69 65
23 24 33 31
23 25 28 36
23 26 79 76
23 27 94 94
23 28 20 28
23 29 77 76
23 30 25 26
23 31 88 85
23 32 28 25
23 33 54 61
23 34 46 54
23 35 22 28
23 36 28 28
23 37 3 8
24 25 59 57
24 26 18 28
24 27 19 28
24 28 46 40
24 29 77 77
24 30 75 64
24 31 46 48
24 32 22 34
24 33 11 17
24 34 41 50
24 35 22 31
24 36 96 87
24 37 46 45
25 26 67 67
25 27 73 76
25 28 83 82
25 29 90 90
25 30 70 60
25 31 75 75
25 32 84 74
25 33 18 16
25 34 13 25
25 35 32 41
25 36 28 35
25 37 5 13
26 27 49 54
26 28 19 19
26 29 52 45
26 30 82 76
26 31 93 93
26 32 80 77
26 33 64 54
26 34 69 71
26 35 72 76
26 36 15 20
26 37 31 38
27 28 39 45
27 29 48 43
27 30 88 76
27 31 48 42
27 32 52 49
27 33 35 35
27 34 76 67
27 35 97 88
27 36 92 80
27 37 89 77
28 29 60 53
28 30 81 82
28 31 9 18
28 32 77 69
28 33 52 53
28 34 48 44
28 35 91 79
28 36 23 24
28 37 87 76
29 30 31 37
29 31 5 12
29 32 19 21
29 33 28 34
29 34 7 11
29 35 74 74
29 36 12 24
29 37 27 28
30 31 43 42
30 32 46 42
30 33 86 82
30 34 83 82
30 35 1 15
30 36 52 52
30 37 56 47
31 32 21 25
31 33 77 67
31 34 27 25
31 35 45 40
31 36 55 47
31 37 86 78
32 33 73 77
32 34 22 28
32 35 36 37
32 36 38 38
32 37 51 48
33 34 30 30
33 35 1 14
33 36 28 35
33 37 34 37
34 35 33 42
34 36 31 37
34 37 39 41
35 36 13 22
35 37 65 64
36 37 43 42
