33 52
0 1 99 34
0 11 37 73
1 2 6 79
1 12 63 26
2 3 72 24
2 13 36 63
3 4 14 84
3 14 98 5
4 5 72 53
4 15 30 65
5 6 94 16
5 16 67 57
6 7 45 43
6 17 61 57
7 8 38 75
7 18 97 7
8 9 23 79
8 19 89 33
9 10 69 27
9 20 53 45
10 21 72 22
11 12 8 88
11 22 0 64
12 13 45 60
12 23 17 85
13 14 11 84
13 24 81 22
14 15 51 42
14 25 84 10
15 16 37 74
15 26 50 63
16 17 22 61
16 27 92 20
17 18 65 56
17 28 5 61
18 19 83 43
18 29 38 74
19 20 82 11
19 30 15 84
20 21 9 94
20 31 93 23
21 32 61 40
22 23 83 34
23 24 2 94
24 25 80 20
25 26 55 38
26 27 24 63
27 28 11 68
28 29 4 71
29 30 74 49
30 31 73 24
31 32 75 20
1 14
1 29
1 36
2 6
2 16
2 21
2 24
2 25
2 38
2 39
3 0
3 8
3 11
3 17
3 18
3 33
3 35
3 42
3 49
4 0
4 8
4 17
4 35
4 42
4 49
4 50
5 1
5 14
5 29
5 30
5 36
6 24
6 38
7 0
9 1
9 14
9 29
9 36
10 0
12 8
12 11
12 13
12 19
12 23
12 30
12 33
12 35
12 49
13 11
15 0
17 0
18 0
18 8
18 17
18 35
18 42
18 49
19 8
19 11
19 13
19 33
19 49
20 0
20 4
20 8
20 17
20 26
20 35
20 40
20 42
20 49
20 50
21 39
22 1
22 2
22 6
22 9
22 14
22 16
22 21
22 24
22 25
22 29
22 36
22 38
22 39
22 43
22 47
22 48
23 30
25 6
25 24
25 38
26 0
26 17
26 35
26 40
26 42
27 8
27 11
27 13
27 19
27 33
27 35
27 49
28 0
28 10
28 17
28 32
28 40
29 14
29 36
31 1
31 5
31 9
31 14
31 16
31 29
31 30
31 36
31 46
32 0
32 40
33 11
34 1
34 2
34 5
34 6
34 9
34 14
34 16
34 21
34 24
34 25
34 29
34 30
34 31
34 36
34 38
34 39
34 46
34 47
36 14
37 0
37 10
37 17
37 32
37 35
37 40
37 42
38 24
40 0
41 8
41 11
41 13
41 33
41 35
41 49
42 0
42 35
43 39
44 0
44 17
44 26
44 32
44 35
44 40
44 42
45 8
45 11
45 13
45 33
45 35
45 41
45 49
46 1
46 5
46 9
46 14
46 29
46 30
46 36
47 1
47 6
47 14
47 16
47 24
47 25
47 29
47 36
47 38
48 1
48 2
48 6
48 14
48 16
48 21
48 24
48 25
48 29
48 36
48 38
48 39
50 0
50 17
50 35
50 42
50 49
51 0
51 17
51 26
51 32
51 35
51 40
51 42
51 44
