38 55
0 1 93 35
0 19 88 22
1 2 3 78
1 20 5 75
2 3 62 52
2 21 41 58
3 4 75 53
3 22 31 53
4 5 23 53
4 23 93 11
5 6 69 44
5 24 25 67
6 7 45 71
6 25 46 46
7 8 51 47
7 26 0 63
8 9 16 58
8 27 10 92
9 10 47 69
9 28 10 54
10 11 72 36
10 29 5 58
11 12 21 84
11 30 14 53
12 13 43 64
12 31 51 60
13 14 32 52
13 32 91 34
14 15 86 11
14 33 75 32
15 16 73 33
15 34 74 42
16 17 68 37
16 35 56 50
17 18 46 70
17 36 98 32
18 37 56 54
19 20 94 16
20 21 44 68
21 22 30 56
22 23 44 64
23 24 56 29
24 25 93 17
25 26 99 39
26 27 22 68
27 28 12 59
28 29 70 49
29 30 12 81
30 31 49 47
31 32 27 51
32 33 56 62
33 34 10 59
34 35 92 16
35 36 26 75
36 37 25 69
0 43
1 0
1 27
1 35
1 43
2 17
2 22
2 47
3 17
3 22
3 47
3 53
4 6
5 12
5 18
5 24
5 25
5 34
5 38
5 40
5 50
7 5
7 6
7 12
7 18
7 24
7 25
7 34
7 36
7 38
7 40
7 50
8 5
8 6
8 7
8 11
8 12
8 18
8 24
8 25
8 34
8 36
8 38
8 39
8 40
8 50
8 53
8 54
9 0
9 35
9 37
9 42
9 43
10 6
10 46
11 12
11 18
11 34
11 38
11 53
11 54
13 4
13 6
13 14
13 18
13 25
13 33
13 34
13 36
13 46
13 48
13 50
14 4
14 6
14 25
14 33
14 36
14 46
14 50
15 2
15 3
15 11
15 12
15 17
15 18
15 22
15 24
15 34
15 38
15 40
15 44
15 47
15 53
15 54
16 5
16 11
16 12
16 18
16 22
16 24
16 25
16 34
16 38
16 40
16 44
16 50
16 53
16 54
19 5
19 11
19 12
19 16
19 17
19 18
19 22
19 24
19 25
19 34
19 36
19 38
19 39
19 40
19 44
19 45
19 47
19 50
19 51
19 53
19 54
20 6
20 31
20 43
21 3
21 5
21 11
21 12
21 16
21 17
21 18
21 22
21 24
21 25
21 34
21 38
21 40
21 44
21 45
21 47
21 50
21 51
21 53
21 54
23 5
23 6
23 7
23 8
23 11
23 12
23 16
23 18
23 22
23 24
23 25
23 34
23 36
23 38
23 39
23 40
23 44
23 50
23 53
23 54
24 12
24 18
24 34
24 38
24 40
25 50
26 4
26 5
26 6
26 12
26 18
26 24
26 25
26 34
26 36
26 38
26 40
26 50
27 0
27 43
28 0
28 1
28 9
28 27
28 35
28 37
28 42
28 43
28 52
29 0
29 6
29 27
29 35
29 43
30 0
30 6
30 27
30 31
30 43
31 6
32 6
32 10
32 31
32 43
32 46
33 4
33 6
33 36
33 50
35 43
36 50
37 35
37 43
38 12
38 18
38 34
39 5
39 12
39 18
39 24
39 25
39 34
39 38
39 40
39 50
40 12
40 18
40 34
40 38
41 0
41 4
41 6
41 10
41 20
41 27
41 29
41 30
41 31
41 32
41 33
41 35
41 36
41 43
41 46
41 50
42 0
42 35
42 43
44 12
44 18
44 34
44 38
44 53
44 54
45 11
45 12
45 18
45 22
45 24
45 25
45 34
45 38
45 40
45 44
45 47
45 50
45 53
45 54
46 6
47 22
48 4
48 6
48 14
48 25
48 33
48 36
48 46
48 50
49 4
49 5
49 6
49 7
49 12
49 18
49 24
49 25
49 26
49 34
49 36
49 38
49 39
49 40
49 50
51 11
51 12
51 17
51 18
51 22
51 24
51 25
51 34
51 38
51 40
51 44
51 45
51 47
51 50
51 53
51 54
52 0
52 35
52 37
52 42
52 43
54 12
54 18
54 34
54 53
