50 85
0 1 12 89
0 10 27 59
1 2 80 39
1 11 43 42
2 3 27 67
2 12 4 80
3 4 33 41
3 13 16 60
4 5 4 82
4 14 9 80
5 6 65 41
5 15 50 46
6 7 71 18
6 16 11 76
7 8 66 43
7 17 86 25
8 9 1 96
8 18 92 37
9 19 41 37
10 11 68 36
10 20 97 10
11 12 3 81
11 21 18 82
12 13 11 62
12 22 25 50
13 14 43 35
13 23 54 37
14 15 42 58
14 24 7 56
15 16 97 5
15 25 12 65
16 17 65 33
16 26 83 28
17 18 48 32
17 27 2 86
18 19 73 51
18 28 66 36
19 29 15 61
20 21 34 62
20 30 31 72
21 22 13 53
21 31 45 45
22 23 80 50
22 32 86 41
23 24 77 21
23 33 17 68
24 25 95 3
24 34 11 66
25 26 57 29
25 35 74 39
26 27 32 45
26 36 27 44
27 28 63 42
27 37 57 34
28 29 23 64
28 38 85 36
29 39 87 21
30 31 84 37
30 40 19 50
31 32 99 33
31 41 20 78
32 33 97 4
32 42 93 24
33 34 94 24
33 43 47 68
34 35 55 63
34 44 91 9
35 36 23 82
35 45 65 49
36 37 52 32
36 46 16 60
37 38 69 29
37 47 58 44
38 39 62 38
38 48 69 49
39 49 55 30
40 41 39 37
41 42 15 89
42 43 96 19
43 44 38 62
44 45 16 57
45 46 62 62
46 47 4 72
47 48 4 86
48 49 21 70
0 77
1 4
1 38
1 39
1 64
1 65
1 79
1 81
2 42
2 43
3 11
3 14
3 35
3 41
3 42
3 52
3 64
3 65
3 68
3 72
3 74
3 81
4 39
4 64
5 0
5 8
5 9
5 22
5 67
5 77
5 83
6 3
6 10
6 11
6 14
6 27
6 35
6 38
6 41
6 42
6 43
6 52
6 64
6 65
6 68
6 72
6 74
6 79
6 81
7 4
7 22
7 38
7 39
7 45
7 54
7 60
7 64
7 65
7 67
7 79
7 81
7 84
8 0
8 22
8 67
8 77
8 83
9 0
9 22
9 67
9 77
10 14
10 35
10 42
10 43
10 68
10 74
11 35
11 42
11 65
11 68
11 74
11 81
12 2
12 15
12 17
12 32
12 35
12 42
12 43
12 44
12 49
12 55
12 56
12 57
12 59
12 62
12 63
12 78
13 0
13 22
13 60
13 67
13 77
14 35
14 42
14 74
15 17
15 43
15 59
18 2
18 3
18 10
18 11
18 14
18 17
18 26
18 27
18 35
18 41
18 42
18 43
18 49
18 52
18 57
18 64
18 65
18 68
18 72
18 73
18 74
18 81
19 2
19 17
19 35
19 42
19 43
19 49
19 55
19 57
19 74
20 59
21 0
21 8
21 22
21 67
21 77
21 83
22 67
23 0
23 4
23 13
23 22
23 30
23 38
23 39
23 45
23 47
23 54
23 60
23 64
23 65
23 67
23 77
23 79
23 81
23 84
24 1
24 4
24 27
24 35
24 38
24 39
24 42
24 64
24 65
24 79
24 81
25 2
25 3
25 10
25 11
25 14
25 17
25 19
25 26
25 35
25 36
25 41
25 42
25 43
25 49
25 52
25 55
25 57
25 64
25 65
25 68
25 72
25 73
25 74
25 81
26 2
26 10
26 14
26 17
26 35
26 42
26 43
26 49
26 52
26 57
26 65
26 68
26 72
26 73
26 74
26 81
27 64
27 65
27 81
28 0
28 1
28 4
28 7
28 9
28 13
28 22
28 23
28 27
28 30
28 37
28 38
28 39
28 45
28 47
28 54
28 60
28 64
28 65
28 67
28 70
28 77
28 79
28 80
28 81
28 84
29 20
29 59
30 0
30 4
30 22
30 39
30 45
30 60
30 64
30 67
30 77
30 84
31 2
31 10
31 14
31 17
31 19
31 35
31 36
31 42
31 43
31 49
31 55
31 57
31 59
31 68
31 74
32 17
32 43
32 55
32 57
32 59
33 2
33 10
33 11
33 14
33 17
33 19
33 26
33 31
33 35
33 36
33 42
33 43
33 49
33 52
33 53
33 55
33 57
33 59
33 65
33 68
33 69
33 72
33 73
33 74
33 81
34 0
34 77
34 83
36 2
36 14
36 17
36 19
36 35
36 42
36 43
36 49
36 55
36 57
36 74
37 4
37 22
37 38
37 39
37 45
37 54
37 60
37 64
37 65
37 67
37 77
37 79
37 81
37 84
38 64
38 65
38 79
38 81
40 1
40 4
40 7
40 22
40 27
40 37
40 38
40 39
40 45
40 54
40 60
40 64
40 65
40 67
40 70
40 77
40 79
40 80
40 81
40 84
41 11
41 35
41 42
41 64
41 65
41 68
41 74
41 81
44 2
44 15
44 17
44 32
44 42
44 43
44 55
44 56
44 57
44 59
44 62
44 63
45 22
45 39
45 60
45 64
45 67
45 84
46 20
46 29
46 59
46 61
46 78
47 0
47 4
47 13
47 22
47 39
47 45
47 60
47 64
47 67
47 77
47 84
48 2
48 10
48 14
48 17
48 19
48 31
48 35
48 36
48 42
48 43
48 49
48 52
48 53
48 55
48 57
48 59
48 68
48 71
48 72
48 73
48 74
48 81
49 2
49 42
49 43
50 11
50 27
50 35
50 38
50 41
50 42
50 64
50 65
50 68
50 74
50 79
50 81
51 1
51 4
51 11
51 27
51 35
51 38
51 39
51 41
51 42
51 50
51 64
51 65
51 68
51 72
51 74
51 79
51 81
52 14
52 35
52 42
52 68
52 74
53 2
53 10
53 14
53 17
53 19
53 35
53 36
53 42
53 43
53 49
53 52
53 55
53 57
53 68
53 72
53 73
53 74
53 81
54 4
54 39
54 64
54 67
55 17
55 43
56 17
56 59
56 62
56 63
57 17
57 43
58 1
58 4
58 24
58 27
58 35
58 38
58 39
58 42
58 54
58 60
58 64
58 65
58 67
58 79
58 81
58 84
60 67
61 20
61 29
61 59
62 59
62 63
63 59
66 17
66 20
66 59
66 62
66 63
66 78
68 35
68 42
68 74
69 2
69 10
69 14
69 17
69 19
69 26
69 31
69 35
69 36
69 42
69 43
69 49
69 52
69 53
69 55
69 57
69 59
69 65
69 68
69 72
69 73
69 74
69 81
70 4
70 22
70 38
70 39
70 45
70 54
70 60
70 64
70 65
70 67
70 79
70 81
70 84
71 2
71 17
71 35
71 42
71 43
71 49
71 55
71 57
71 59
71 74
72 35
72 42
72 68
72 74
72 81
73 2
73 10
73 14
73 35
73 42
73 43
73 49
73 52
73 68
73 74
73 81
74 35
74 42
75 2
75 10
75 14
75 17
75 19
75 31
75 35
75 36
75 42
75 43
75 49
75 52
75 53
75 55
75 57
75 59
75 65
75 68
75 72
75 73
75 74
75 81
76 2
76 3
76 10
76 11
76 14
76 17
76 18
76 26
76 27
76 35
76 41
76 42
76 43
76 49
76 52
76 57
76 64
76 65
76 68
76 72
76 73
76 74
76 81
78 59
79 64
79 65
79 81
80 1
80 4
80 7
80 22
80 27
80 38
80 39
80 45
80 54
80 60
80 64
80 65
80 67
80 70
80 79
80 81
80 84
82 0
82 5
82 8
82 9
82 13
82 22
82 39
82 60
82 67
82 77
82 83
83 0
83 77
84 39
84 67
