60 104
0 1 94 8
0 10 60 34
1 2 70 20
1 11 64 35
2 3 22 66
2 12 51 38
3 4 87 21
3 13 9 77
4 5 4 62
4 14 21 87
5 6 20 47
5 15 93 16
6 7 39 73
6 16 24 71
7 8 51 34
7 17 52 65
8 9 5 93
8 18 36 66
9 19 53 44
10 11 28 55
10 20 27 73
11 12 26 59
11 21 64 27
12 13 49 35
12 22 80 30
13 14 50 32
13 23 36 46
14 15 23 72
14 24 65 44
15 16 81 35
15 25 16 79
16 17 64 27
16 26 86 33
17 18 52 46
17 27 27 54
18 19 32 66
18 28 20 72
19 29 76 23
20 21 11 65
20 30 30 51
21 22 53 30
21 31 1 68
22 23 68 21
22 32 93 10
23 24 2 73
23 33 46 44
24 25 77 15
24 34 2 66
25 26 57 26
25 35 95 26
26 27 44 42
26 36 33 69
27 28 89 19
27 37 75 49
28 29 42 62
28 38 70 45
29 39 10 85
30 31 98 31
30 40 58 56
31 32 55 27
31 41 71 19
32 33 22 51
32 42 73 43
33 34 9 92
33 43 83 21
34 35 23 57
34 44 61 47
35 36 18 68
35 45 69 29
36 37 27 48
36 46 23 55
37 38 8 61
37 47 84 42
38 39 20 76
38 48 8 87
39 49 51 59
40 41 94 12
40 50 17 79
41 42 20 65
41 51 62 46
42 43 37 56
42 52 90 22
43 44 56 26
43 53 24 48
44 45 68 50
44 54 31 72
45 46 84 26
45 55 37 39
46 47 89 32
46 56 98 19
47 48 20 68
47 57 27 65
48 49 42 74
48 58 38 58
49 59 23 60
50 51 82 49
51 52 37 45
52 53 50 41
53 54 38 48
54 55 72 37
55 56 80 33
56 57 84 29
57 58 93 34
58 59 92 29
0 49
0 57
0 76
0 89
1 3
1 28
1 29
1 53
1 55
1 62
1 66
1 72
1 79
1 84
1 95
1 99
1 102
2 6
2 24
2 29
2 32
2 37
2 49
2 53
2 55
2 57
2 62
2 64
2 72
2 81
2 86
2 88
2 95
2 99
2 100
2 101
2 102
2 103
3 28
3 29
3 53
3 55
3 62
3 72
3 84
3 95
3 99
4 12
4 13
4 17
4 20
4 27
4 35
4 51
4 85
4 92
5 15
5 18
5 28
5 33
5 53
5 55
5 58
5 62
5 66
5 72
5 75
5 79
5 84
5 95
6 49
6 57
6 81
6 88
6 102
6 103
7 9
7 30
7 56
7 63
7 77
8 4
8 7
8 9
8 12
8 13
8 15
8 16
8 17
8 20
8 27
8 30
8 35
8 36
8 38
8 51
8 54
8 56
8 63
8 67
8 73
8 74
8 77
8 78
8 85
8 90
8 91
8 92
10 4
10 9
10 12
10 13
10 15
10 17
10 19
10 20
10 21
10 27
10 34
10 35
10 36
10 39
10 51
10 53
10 54
10 58
10 61
10 65
10 66
10 69
10 70
10 73
10 75
10 78
10 80
10 83
10 84
10 85
10 90
10 91
10 92
10 93
10 94
10 95
10 98
11 49
11 57
11 89
11 102
12 92
13 12
13 20
13 85
13 92
14 1
14 3
14 5
14 15
14 18
14 28
14 29
14 33
14 53
14 55
14 58
14 62
14 66
14 72
14 75
14 79
14 84
14 95
14 99
14 102
17 12
17 92
18 28
18 53
18 55
18 58
18 66
18 79
18 84
18 95
19 12
19 15
19 17
19 35
19 51
19 54
19 58
19 75
19 80
19 85
19 92
19 93
20 12
20 92
21 12
21 15
21 17
21 20
21 35
21 51
21 54
21 75
21 85
21 91
21 92
22 3
22 24
22 28
22 29
22 32
22 53
22 55
22 57
22 62
22 68
22 72
22 84
22 88
22 95
22 99
22 100
22 101
22 102
22 103
23 3
23 5
23 15
23 18
23 28
23 29
23 33
23 53
23 55
23 58
23 62
23 66
23 72
23 75
23 79
23 84
23 95
23 97
23 99
24 29
24 32
24 57
24 72
24 88
24 95
24 100
24 102
25 1
25 3
25 5
25 14
25 15
25 18
25 28
25 29
25 32
25 33
25 53
25 55
25 58
25 62
25 66
25 72
25 75
25 79
25 84
25 88
25 95
25 97
25 99
25 100
25 102
26 12
26 15
26 17
26 33
26 53
26 54
26 58
26 66
26 75
26 79
26 80
26 84
26 92
26 93
26 95
26 98
27 12
27 20
27 85
27 92
28 53
28 55
28 84
28 95
29 72
29 95
30 9
30 77
31 3
31 24
31 28
31 29
31 32
31 53
31 55
31 57
31 62
31 68
31 72
31 84
31 88
31 95
31 99
31 100
31 101
31 102
31 103
32 102
33 15
33 53
33 58
33 66
33 79
33 84
33 95
34 12
34 15
34 17
34 19
34 20
34 35
34 51
34 54
34 58
34 75
34 80
34 85
34 91
34 92
34 93
35 12
35 17
35 51
35 92
36 9
36 12
36 20
36 27
36 73
36 85
36 92
37 24
37 29
37 32
37 49
37 57
37 72
37 86
37 88
37 95
37 100
37 101
37 102
37 103
38 4
38 9
38 12
38 13
38 15
38 17
38 20
38 27
38 30
38 35
38 36
38 51
38 67
38 73
38 77
38 78
38 85
38 90
38 91
38 92
39 12
39 15
39 17
39 35
39 51
39 54
39 58
39 75
39 80
39 85
39 92
39 93
40 1
40 3
40 18
40 24
40 28
40 29
40 32
40 53
40 55
40 57
40 58
40 62
40 66
40 72
40 79
40 84
40 88
40 95
40 99
40 100
40 102
41 7
41 9
41 12
41 13
41 16
41 20
41 27
41 30
41 36
41 44
41 51
41 56
41 63
41 67
41 73
41 74
41 77
41 85
41 90
41 92
42 6
42 24
42 29
42 32
42 37
42 49
42 53
42 55
42 57
42 62
42 64
42 68
42 72
42 81
42 84
42 86
42 88
42 95
42 99
42 100
42 101
42 102
42 103
43 11
43 49
43 57
43 76
43 89
43 102
44 7
44 9
44 12
44 16
44 20
44 30
44 56
44 63
44 73
44 74
44 77
44 92
45 15
45 18
45 28
45 33
45 53
45 55
45 58
45 66
45 75
45 79
45 84
45 95
46 6
46 11
46 24
46 29
46 32
46 49
46 52
46 57
46 64
46 72
46 81
46 86
46 88
46 89
46 95
46 100
46 101
46 102
46 103
47 4
47 7
47 9
47 12
47 13
47 16
47 17
47 20
47 27
47 30
47 35
47 36
47 44
47 51
47 56
47 63
47 67
47 73
47 74
47 77
47 85
47 90
47 92
48 1
48 3
48 22
48 24
48 28
48 29
48 31
48 32
48 49
48 53
48 55
48 57
48 58
48 62
48 66
48 68
48 72
48 79
48 84
48 86
48 88
48 95
48 99
48 100
48 101
48 102
48 103
49 57
50 15
50 18
50 28
50 33
50 45
50 53
50 55
50 58
50 62
50 66
50 72
50 75
50 79
50 84
50 95
51 12
51 92
52 49
52 57
52 81
52 88
52 89
52 102
52 103
53 95
54 15
54 92
55 53
55 95
56 9
59 1
59 3
59 22
59 24
59 28
59 29
59 31
59 32
59 53
59 55
59 57
59 58
59 62
59 66
59 68
59 72
59 79
59 84
59 88
59 95
59 99
59 100
59 101
59 102
59 103
60 6
60 24
60 29
60 32
60 37
60 49
60 52
60 53
60 57
60 62
60 64
60 72
60 81
60 86
60 88
60 89
60 95
60 99
60 100
60 101
60 102
60 103
61 4
61 12
61 13
61 15
61 17
61 19
61 20
61 21
61 27
61 34
61 35
61 39
61 51
61 54
61 58
61 65
61 70
61 75
61 80
61 85
61 91
61 92
61 93
61 94
62 53
62 95
64 6
64 32
64 49
64 57
64 72
64 81
64 86
64 88
64 101
64 102
64 103
65 12
65 13
65 15
65 17
65 20
65 21
65 27
65 35
65 51
65 54
65 75
65 85
65 91
65 92
65 93
65 94
66 53
66 84
66 95
67 9
67 12
67 13
67 20
67 27
67 36
67 51
67 73
67 85
67 90
67 92
68 24
68 29
68 32
68 53
68 55
68 57
68 62
68 72
68 88
68 95
68 99
68 100
68 101
68 102
68 103
69 12
69 15
69 17
69 19
69 20
69 34
69 35
69 39
69 51
69 53
69 54
69 58
69 75
69 80
69 84
69 85
69 91
69 92
69 93
69 95
69 98
70 12
70 13
70 15
70 17
70 19
70 20
70 21
70 27
70 35
70 51
70 54
70 58
70 65
70 75
70 80
70 85
70 91
70 92
70 93
70 94
71 4
71 7
71 9
71 12
71 13
71 15
71 17
71 20
71 27
71 30
71 35
71 36
71 38
71 51
71 54
71 56
71 63
71 67
71 73
71 74
71 77
71 78
71 85
71 90
71 91
71 92
73 9
74 9
74 63
75 15
76 49
76 57
76 89
77 9
78 4
78 9
78 12
78 13
78 15
78 17
78 20
78 27
78 35
78 36
78 51
78 73
78 85
78 90
78 91
78 92
79 53
79 84
79 95
80 12
80 15
80 54
80 58
80 75
80 92
80 93
81 49
81 57
81 102
81 103
82 1
82 3
82 22
82 24
82 28
82 29
82 31
82 32
82 48
82 49
82 53
82 55
82 57
82 58
82 62
82 66
82 68
82 72
82 79
82 84
82 86
82 88
82 95
82 99
82 100
82 101
82 102
82 103
83 12
83 13
83 15
83 17
83 19
83 20
83 21
83 34
83 35
83 39
83 51
83 53
83 54
83 58
83 69
83 75
83 80
83 84
83 85
83 91
83 92
83 93
83 95
83 98
85 12
85 92
86 32
86 49
86 57
86 72
86 88
86 101
86 102
86 103
87 12
87 15
87 18
87 28
87 33
87 45
87 50
87 53
87 54
87 55
87 58
87 62
87 66
87 72
87 75
87 79
87 80
87 84
87 92
87 93
87 95
87 96
87 97
87 98
88 102
89 57
90 9
90 12
90 13
90 20
90 27
90 36
90 51
90 73
90 85
90 92
91 12
91 15
91 17
91 20
91 35
91 51
91 85
91 92
93 12
93 15
93 54
93 75
93 92
94 12
94 13
94 15
94 17
94 20
94 27
94 35
94 51
94 54
94 85
94 91
94 92
96 12
96 15
96 33
96 53
96 54
96 55
96 58
96 66
96 75
96 79
96 80
96 84
96 92
96 93
96 95
96 98
97 15
97 18
97 28
97 33
97 53
97 55
97 58
97 62
97 66
97 72
97 75
97 79
97 84
97 95
98 12
98 15
98 53
98 54
98 58
98 75
98 84
98 92
98 93
98 95
99 53
99 62
99 72
99 95
100 29
100 32
100 72
100 95
100 102
101 32
101 57
101 72
101 88
101 102
101 103
103 57
103 102
