30 47
0 1 1 29
0 10 77 57
1 2 0 25
1 11 8 41
2 3 33 21
2 12 70 44
3 4 31 55
3 13 83 80
4 5 90 82
4 14 95 96
5 6 48 52
5 15 94 90
6 7 36 30
6 16 61 41
7 8 42 58
7 17 35 44
8 9 23 20
8 18 4 4
9 19 55 55
10 11 95 58
10 20 90 59
11 12 5 30
11 21 72 82
12 13 30 25
12 22 9 12
13 14 75 57
13 23 90 83
14 15 59 62
14 24 50 53
15 16 62 39
15 25 55 50
16 17 30 43
16 26 65 75
17 18 61 37
17 27 25 46
18 19 92 85
18 28 33 27
19 29 78 84
20 21 12 39
21 22 25 28
22 23 13 8
23 24 23 47
24 25 51 52
25 26 33 24
26 27 29 49
27 28 84 73
28 29 31 26
0 1
0 3
0 5
0 6
0 7
0 8
0 9
0 10
0 11
0 12
0 13
0 14
0 15
0 18
0 19
0 20
0 21
0 22
0 25
0 26
0 27
0 28
0 29
0 30
0 31
0 32
0 33
0 34
0 35
0 37
0 38
0 41
0 42
0 44
0 45
1 7
1 8
1 9
1 11
1 19
1 20
1 26
1 35
1 37
1 45
2 0
2 1
2 3
2 5
2 6
2 7
2 8
2 9
2 10
2 11
2 12
2 13
2 14
2 15
2 18
2 19
2 20
2 21
2 22
2 23
2 25
2 26
2 27
2 28
2 29
2 30
2 31
2 32
2 33
2 34
2 35
2 36
2 37
2 38
2 39
2 41
2 42
2 44
2 45
2 46
3 1
3 5
3 6
3 7
3 8
3 9
3 10
3 11
3 13
3 14
3 15
3 18
3 19
3 20
3 22
3 25
3 26
3 27
3 28
3 30
3 31
3 32
3 34
3 35
3 37
3 41
3 42
3 44
3 45
4 1
4 5
4 7
4 8
4 9
4 10
4 11
4 12
4 13
4 14
4 15
4 18
4 19
4 20
4 22
4 25
4 26
4 27
4 28
4 29
4 30
4 32
4 33
4 35
4 36
4 37
4 42
4 43
4 45
5 1
5 7
5 8
5 9
5 11
5 19
5 20
5 22
5 25
5 26
5 35
5 37
5 45
6 1
6 7
6 8
6 9
6 11
6 14
6 18
6 19
6 20
6 22
6 25
6 26
6 27
6 32
6 35
6 37
6 45
7 8
7 9
7 11
7 26
7 35
8 9
8 11
8 26
8 35
10 1
10 7
10 8
10 9
10 11
10 18
10 19
10 20
10 22
10 25
10 26
10 27
10 28
10 32
10 35
10 37
10 42
10 45
11 9
12 1
12 5
12 7
12 8
12 9
12 10
12 11
12 13
12 14
12 18
12 19
12 20
12 22
12 25
12 26
12 27
12 28
12 29
12 30
12 32
12 33
12 35
12 37
12 42
12 45
13 1
13 5
13 7
13 8
13 9
13 11
13 19
13 20
13 22
13 25
13 26
13 32
13 35
13 37
13 45
14 7
14 8
14 9
14 11
14 19
14 20
14 22
14 26
14 27
14 32
14 35
14 37
14 45
15 1
15 5
15 7
15 8
15 9
15 10
15 11
15 14
15 18
15 19
15 20
15 22
15 25
15 26
15 27
15 28
15 30
15 32
15 35
15 37
15 42
15 45
16 1
16 4
16 5
16 6
16 7
16 8
16 9
16 10
16 11
16 12
16 13
16 14
16 15
16 18
16 19
16 20
16 22
16 23
16 25
16 26
16 27
16 28
16 29
16 30
16 31
16 32
16 33
16 34
16 35
16 36
16 37
16 39
16 41
16 42
16 43
16 44
16 45
16 46
17 1
17 3
17 4
17 5
17 6
17 7
17 8
17 9
17 10
17 11
17 12
17 13
17 14
17 15
17 16
17 18
17 19
17 20
17 21
17 22
17 23
17 24
17 25
17 26
17 27
17 28
17 29
17 30
17 31
17 32
17 33
17 34
17 35
17 36
17 37
17 38
17 39
17 40
17 41
17 42
17 43
17 44
17 45
17 46
18 1
18 7
18 8
18 9
18 11
18 19
18 20
18 22
18 25
18 26
18 27
18 32
18 35
18 37
18 45
19 9
20 8
20 9
20 11
20 26
20 35
21 1
21 3
21 5
21 6
21 7
21 8
21 9
21 10
21 11
21 12
21 13
21 14
21 15
21 18
21 19
21 20
21 22
21 25
21 26
21 27
21 28
21 29
21 30
21 31
21 32
21 33
21 34
21 35
21 37
21 38
21 41
21 42
21 44
21 45
22 8
22 9
22 11
22 26
22 35
22 37
23 1
23 5
23 6
23 7
23 8
23 9
23 10
23 11
23 12
23 13
23 14
23 15
23 18
23 19
23 20
23 22
23 25
23 26
23 27
23 28
23 29
23 30
23 31
23 32
23 33
23 35
23 36
23 37
23 42
23 45
23 46
24 1
24 4
24 5
24 6
24 7
24 8
24 9
24 10
24 11
24 12
24 13
24 14
24 15
24 16
24 18
24 19
24 20
24 22
24 23
24 25
24 26
24 27
24 28
24 29
24 30
24 31
24 32
24 33
24 34
24 35
24 36
24 37
24 38
24 39
24 41
24 42
24 43
24 44
24 45
24 46
25 1
25 7
25 8
25 9
25 11
25 19
25 20
25 26
25 35
25 37
25 45
26 9
26 11
26 35
27 7
27 8
27 9
27 11
27 22
27 26
27 32
27 35
27 37
27 45
28 1
28 7
28 8
28 9
28 11
28 18
28 19
28 20
28 22
28 25
28 26
28 27
28 32
28 35
28 37
28 45
29 1
29 5
29 7
29 8
29 9
29 11
29 19
29 20
29 22
29 25
29 26
29 32
29 35
29 37
29 45
30 1
30 7
30 8
30 9
30 11
30 18
30 19
30 20
30 22
30 25
30 26
30 27
30 32
30 35
30 37
30 45
31 1
31 5
31 6
31 7
31 8
31 9
31 10
31 11
31 14
31 15
31 18
31 19
31 20
31 22
31 25
31 26
31 27
31 28
31 30
31 32
31 35
31 37
31 42
31 45
32 7
32 8
32 9
32 11
32 22
32 26
32 35
32 37
33 1
33 5
33 7
33 8
33 9
33 11
33 13
33 19
33 20
33 22
33 25
33 26
33 29
33 32
33 35
33 37
33 45
34 1
34 6
34 7
34 8
34 9
34 10
34 11
34 14
34 18
34 19
34 20
34 22
34 25
34 26
34 27
34 28
34 30
34 32
34 35
34 37
34 42
34 44
34 45
35 9
35 11
36 1
36 5
36 7
36 8
36 9
36 10
36 11
36 12
36 13
36 14
36 15
36 18
36 19
36 20
36 22
36 25
36 26
36 27
36 28
36 29
36 30
36 32
36 33
36 35
36 37
36 42
36 45
37 9
37 11
37 35
38 1
38 5
38 6
38 7
38 8
38 9
38 10
38 11
38 13
38 14
38 15
38 18
38 19
38 20
38 22
38 25
38 26
38 27
38 28
38 29
38 30
38 31
38 32
38 34
38 35
38 37
38 41
38 42
38 44
38 45
39 1
39 5
39 6
39 7
39 8
39 9
39 10
39 11
39 12
39 13
39 14
39 15
39 18
39 19
39 20
39 22
39 25
39 26
39 27
39 28
39 29
39 30
39 31
39 32
39 33
39 34
39 35
39 37
39 42
39 44
39 45
40 1
40 4
40 5
40 6
40 7
40 8
40 9
40 10
40 11
40 12
40 13
40 14
40 15
40 16
40 18
40 19
40 20
40 22
40 23
40 25
40 26
40 27
40 28
40 29
40 30
40 31
40 32
40 33
40 34
40 35
40 36
40 37
40 39
40 41
40 42
40 43
40 44
40 45
40 46
41 1
41 6
41 7
41 8
41 9
41 10
41 11
41 14
41 18
41 19
41 20
41 22
41 25
41 26
41 27
41 28
41 30
41 32
41 35
41 37
41 42
41 44
41 45
42 1
42 7
42 8
42 9
42 11
42 18
42 19
42 20
42 22
42 25
42 26
42 27
42 32
42 35
42 37
42 45
43 1
43 5
43 7
43 8
43 9
43 10
43 11
43 12
43 13
43 14
43 15
43 18
43 19
43 20
43 22
43 25
43 26
43 27
43 28
43 29
43 30
43 32
43 33
43 35
43 36
43 37
43 42
43 45
44 1
44 6
44 7
44 8
44 9
44 10
44 11
44 14
44 18
44 19
44 20
44 22
44 25
44 26
44 27
44 28
44 30
44 32
44 35
44 37
44 42
44 45
45 8
45 9
45 11
45 26
45 35
46 1
46 5
46 6
46 7
46 8
46 9
46 10
46 11
46 12
46 13
46 14
46 15
46 18
46 19
46 20
46 22
46 25
46 26
46 27
46 28
46 29
46 30
46 32
46 33
46 35
46 36
46 37
46 42
46 45
