33
0 1 80 81
0 2 77 50
0 3 79 21
0 4 31 45
0 5 28 38
0 6 15 41
0 7 72 6
0 8 66 46
0 9 9 47
0 10 95 53
0 11 59 14
0 12 81 22
0 13 20 81
0 14 36 54
0 15 79 10
0 16 78 45
0 17 68 49
0 18 19 89
0 19 18 21
0 20 16 46
0 21 47 42
0 22 39 25
0 23 21 37
0 24 40 84
0 25 23 38
0 26 87 53
0 27 16 74
0 28 21 22
0 29 61 70
0 30 42 34
0 31 22 96
0 32 54 32
1 2 15 57
1 3 1 71
1 4 51 73
1 5 1 57
1 6 34 91
1 7 41 66
1 8 9 37
1 9 77 41
1 10 96 44
1 11 52 66
1 12 35 72
1 13 27 71
1 14 77 24
1 15 43 15
1 16 71 53
1 17 17 92
1 18 62 76
1 19 81 61
1 20 82 72
1 21 70 7
1 22 31 43
1 23 46 57
1 24 42 19
1 25 19 94
1 26 44 75
1 27 27 41
1 28 70 52
1 29 99 8
1 30 28 77
1 31 44 35
1 32 91 63
2 3 30 74
2 4 59 43
2 5 81 24
2 6 34 59
2 7 35 56
2 8 88 37
2 9 62 54
2 10 97 23
2 11 35 69
2 12 0 71
2 13 30 70
2 14 39 22
2 15 2 50
2 16 49 12
2 17 28 40
2 18 61 25
2 19 91 73
2 20 4 34
2 21 48 59
2 22 36 53
2 23 97 63
2 24 22 19
2 25 32 49
2 26 41 65
2 27 33 83
2 28 76 83
2 29 96 61
2 30 40 21
2 31 69 53
2 32 95 46
3 4 53 42
3 5 19 64
3 6 92 53
3 7 89 57
3 8 66 8
3 9 89 46
3 10 9 43
3 11 32 90
3 12 90 65
3 13 90 40
3 14 65 77
3 15 81 64
3 16 15 21
3 17 7 31
3 18 15 67
3 19 15 62
3 20 96 15
3 21 53 62
3 22 28 46
3 23 90 51
3 24 16 88
3 25 56 59
3 26 76 49
3 27 68 67
3 28 88 21
3 29 22 82
3 30 61 22
3 31 92 24
3 32 61 43
4 5 14 81
4 6 28 80
4 7 7 33
4 8 47 90
4 9 43 28
4 10 78 8
4 11 38 23
4 12 49 14
4 13 1 88
4 14 14 86
4 15 99 52
4 16 94 28
4 17 64 33
4 18 44 19
4 19 54 15
4 20 35 28
4 21 66 37
4 22 45 21
4 23 98 17
4 24 38 39
4 25 97 76
4 26 32 83
4 27 24 89
4 28 38 17
4 29 94 59
4 30 35 93
4 31 24 22
4 32 44 61
5 6 56 10
5 7 31 47
5 8 70 15
5 9 66 37
5 10 0 49
5 11 5 80
5 12 16 62
5 13 66 51
5 14 45 67
5 15 1 90
5 16 45 16
5 17 99 57
5 18 17 43
5 19 54 18
5 20 7 35
5 21 2 85
5 22 40 12
5 23 13 66
5 24 12 75
5 25 52 66
5 26 66 69
5 27 21 38
5 28 20 48
5 29 15 49
5 30 98 54
5 31 12 83
5 32 64 69
6 7 47 28
6 8 90 25
6 9 36 60
6 10 95 68
6 11 26 49
6 12 98 13
6 13 93 16
6 14 96 55
6 15 36 57
6 16 60 32
6 17 24 72
6 18 53 32
6 19 9 33
6 20 28 62
6 21 22 56
6 22 93 68
6 23 67 51
6 24 19 73
6 25 56 49
6 26 69 71
6 27 30 54
6 28 50 76
6 29 38 45
6 30 43 31
6 31 89 28
6 32 59 59
7 8 57 27
7 9 92 14
7 10 8 27
7 11 10 61
7 12 24 44
7 13 41 15
7 14 36 17
7 15 80 49
7 16 57 11
7 17 40 51
7 18 88 33
7 19 82 37
7 20 97 26
7 21 7 30
7 22 43 26
7 23 10 23
7 24 74 34
7 25 80 21
7 26 91 20
7 27 55 42
7 28 38 60
7 29 24 78
7 30 14 24
7 31 3 41
7 32 46 27
8 9 52 75
8 10 47 15
8 11 32 56
8 12 52 62
8 13 92 54
8 14 5 51
8 15 77 28
8 16 24 31
8 17 0 46
8 18 34 44
8 19 69 77
8 20 28 61
8 21 33 49
8 22 87 53
8 23 66 46
8 24 64 19
8 25 11 74
8 26 69 53
8 27 69 68
8 28 23 81
8 29 14 36
8 30 16 75
8 31 55 43
8 32 70 39
9 10 75 12
9 11 47 88
9 12 63 28
9 13 8 83
9 14 18 56
9 15 65 78
9 16 77 15
9 17 23 94
9 18 48 34
9 19 72 51
9 20 31 61
9 21 21 70
9 22 51 51
9 23 92 21
9 24 73 67
9 25 34 36
9 26 45 85
9 27 41 66
9 28 16 21
9 29 8 27
9 30 62 10
9 31 7 85
9 32 73 45
10 11 27 44
10 12 1 94
10 13 95 45
10 14 99 73
10 15 91 47
10 16 38 44
10 17 75 36
10 18 23 53
10 19 14 45
10 20 22 51
10 21 32 26
10 22 10 70
10 23 48 13
10 24 30 90
10 25 40 28
10 26 54 25
10 27 92 67
10 28 73 12
10 29 37 34
10 30 46 35
10 31 66 86
10 32 54 60
11 12 51 18
11 13 80 27
11 14 60 82
11 15 73 50
11 16 75 60
11 17 76 69
11 18 61 88
11 19 56 70
11 20 50 27
11 21 90 44
11 22 49 53
11 23 46 82
11 24 53 62
11 25 94 47
11 26 60 65
11 27 49 39
11 28 100 76
11 29 41 71
11 30 77 24
11 31 83 46
11 32 99 8
12 13 78 45
12 14 78 26
12 15 86 54
12 16 49 31
12 17 43 86
12 18 9 31
12 19 21 37
12 20 73 69
12 21 87 10
12 22 17 22
12 23 85 62
12 24 14 63
12 25 11 31
12 26 74 84
12 27 55 40
12 28 52 33
12 29 26 93
12 30 39 23
12 31 38 77
12 32 18 89
13 14 97 43
13 15 75 10
13 16 63 44
13 17 48 39
13 18 64 62
13 19 66 25
13 20 48 26
13 21 16 52
13 22 52 79
13 23 43 50
13 24 39 75
13 25 23 87
13 26 17 56
13 27 90 59
13 28 51 82
13 29 34 19
13 30 9 78
13 31 74 85
13 32 65 68
14 15 93 55
14 16 95 3
14 17 67 87
14 18 43 54
14 19 67 71
14 20 48 61
14 21 78 59
14 22 70 52
14 23 45 71
14 24 95 5
14 25 47 28
14 26 71 68
14 27 23 52
14 28 22 84
14 29 7 67
14 30 25 68
14 31 15 89
14 32 16 41
15 16 96 20
15 17 69 42
15 18 77 70
15 19 54 17
15 20 20 38
15 21 38 69
15 22 36 71
15 23 45 14
15 24 18 45
15 25 4 40
15 26 35 90
15 27 28 93
15 28 68 18
15 29 31 21
15 30 33 83
15 31 76 48
15 32 95 31
16 17 48 81
16 18 1 78
16 19 13 64
16 20 5 96
16 21 61 50
16 22 38 80
16 23 90 47
16 24 34 72
16 25 95 53
16 26 18 17
16 27 30 91
16 28 28 16
16 29 23 83
16 30 69 63
16 31 98 51
16 32 41 23
17 18 59 70
17 19 28 56
17 20 53 55
17 21 35 80
17 22 57 48
17 23 43 22
17 24 9 89
17 25 78 12
17 26 78 78
17 27 34 16
17 28 91 10
17 29 32 67
17 30 70 62
17 31 40 80
17 32 47 13
18 19 32 69
18 20 21 28
18 21 98 6
18 22 64 76
18 23 90 7
18 24 80 78
18 25 32 62
18 26 92 16
18 27 79 76
18 28 91 28
18 29 78 30
18 30 67 84
18 31 79 48
18 32 44 51
19 20 30 53
19 21 9 86
19 22 45 40
19 23 74 23
19 24 87 78
19 25 7 96
19 26 57 28
19 27 83 53
19 28 40 91
19 29 3 50
19 30 95 31
19 31 85 68
19 32 27 79
20 21 28 74
20 22 79 60
20 23 27 87
20 24 75 68
20 25 93 73
20 26 100 37
20 27 11 72
20 28 68 63
20 29 85 82
20 30 26 53
20 31 56 37
20 32 68 7
21 22 26 70
21 23 81 49
21 24 77 44
21 25 86 60
21 26 94 22
21 27 56 56
21 28 28 44
21 29 80 19
21 30 97 36
21 31 21 95
21 32 65 44
22 23 52 20
22 24 64 9
22 25 66 70
22 26 18 39
22 27 1 92
22 28 34 59
22 29 65 10
22 30 39 51
22 31 69 55
22 32 30 78
23 24 67 77
23 25 76 13
23 26 39 73
23 27 44 45
23 28 62 20
23 29 22 33
23 30 41 67
23 31 42 87
23 32 7 47
24 25 30 51
24 26 28 65
24 27 84 18
24 28 6 22
24 29 8 37
24 30 72 21
24 31 38 46
24 32 25 33
25 26 79 73
25 27 42 76
25 28 19 20
25 29 9 60
25 30 60 60
25 31 95 25
25 32 50 27
26 27 59 28
26 28 100 11
26 29 85 11
26 30 20 48
26 31 66 25
26 32 1 65
27 28 90 39
27 29 89 24
27 30 62 56
27 31 38 79
27 32 9 57
28 29 73 82
28 30 87 79
28 31 66 56
28 32 96 1
29 30 32 63
29 31 30 83
29 32 35 85
30 31 64 37
30 32 54 41
31 32 24 81
