33
0 1 43 60
0 2 85 14
0 3 8 80
0 4 16 78
0 5 75 31
0 6 26 70
0 7 72 30
0 8 27 69
0 9 41 53
0 10 77 33
0 11 11 77
0 12 25 66
0 13 1 85
0 14 21 79
0 15 76 32
0 16 13 88
0 17 98 10
0 18 79 22
0 19 16 84
0 20 13 84
0 21 1 87
0 22 15 86
0 23 45 56
0 24 89 21
0 25 78 24
0 26 43 51
0 27 61 46
0 28 73 28
0 29 79 26
0 30 47 53
0 31 0 93
0 32 67 41
1 2 77 27
1 3 6 82
1 4 91 15
1 5 21 74
1 6 56 39
1 7 15 84
1 8 20 81
1 9 24 74
1 10 53 51
1 11 62 38
1 12 50 45
1 13 85 27
1 14 46 55
1 15 10 85
1 16 33 68
1 17 50 53
1 18 57 40
1 19 81 21
1 20 35 70
1 21 11 78
1 22 16 86
1 23 95 4
1 24 85 27
1 25 34 63
1 26 13 85
1 27 54 54
1 28 66 33
1 29 19 73
1 30 24 71
1 31 97 14
1 32 95 9
2 3 73 30
2 4 0 92
2 5 34 62
2 6 13 83
2 7 18 77
2 8 68 38
2 9 47 56
2 10 36 63
2 11 40 64
2 12 50 56
2 13 27 76
2 14 25 76
2 15 60 42
2 16 86 24
2 17 65 42
2 18 79 19
2 19 78 22
2 20 32 63
2 21 99 4
2 22 8 84
2 23 46 47
2 24 59 45
2 25 56 50
2 26 47 51
2 27 68 39
2 28 93 15
2 29 55 48
2 30 56 49
2 31 40 61
2 32 1 96
3 4 16 79
3 5 47 54
3 6 56 45
3 7 56 40
3 8 11 88
3 9 50 55
3 10 23 72
3 11 28 74
3 12 37 57
3 13 63 45
3 14 40 59
3 15 13 86
3 16 69 32
3 17 32 63
3 18 60 35
3 19 5 91
3 20 96 17
3 21 63 46
3 22 44 51
3 23 81 27
3 24 63 43
3 25 59 37
3 26 84 16
3 27 73 35
3 28 28 75
3 29 57 43
3 30 5 95
3 31 97 14
3 32 8 93
4 5 51 54
4 6 53 51
4 7 31 64
4 8 98 13
4 9 18 78
4 10 70 27
4 11 80 30
4 12 51 51
4 13 6 95
4 14 21 79
4 15 85 15
4 16 90 8
4 17 97 9
4 18 15 86
4 19 83 24
4 20 30 66
4 21 41 52
4 22 67 28
4 23 73 31
4 24 83 18
4 25 20 76
4 26 47 54
4 27 52 43
4 28 97 16
4 29 24 65
4 30 39 54
4 31 53 51
4 32 91 11
5 6 31 64
5 7 56 38
5 8 71 34
5 9 60 39
5 10 65 36
5 11 87 22
5 12 11 80
5 13 57 38
5 14 16 74
5 15 56 43
5 16 92 10
5 17 54 50
5 18 81 24
5 19 68 41
5 20 90 16
5 21 41 56
5 22 64 33
5 23 46 57
5 24 62 43
5 25 31 63
5 26 83 27
5 27 80 18
5 28 86 26
5 29 56 43
5 30 62 34
5 31 5 85
5 32 95 12
6 7 13 85
6 8 89 13
6 9 75 27
6 10 26 65
6 11 64 41
6 12 60 39
6 13 98 16
6 14 24 72
6 15 13 74
6 16 96 5
6 17 48 52
6 18 64 44
6 19 51 52
6 20 56 42
6 21 4 92
6 22 16 80
6 23 24 71
6 24 44 54
6 25 61 44
6 26 8 82
6 27 34 66
6 28 1 86
6 29 54 53
6 30 21 77
6 31 1 97
6 32 96 6
7 8 97 10
7 9 85 16
7 10 74 26
7 11 95 13
7 12 8 90
7 13 2 85
7 14 39 66
7 15 35 71
7 16 79 19
7 17 53 43
7 18 61 38
7 19 18 77
7 20 62 40
7 21 20 81
7 22 88 17
7 23 100 13
7 24 62 35
7 25 54 46
7 26 15 83
7 27 31 62
7 28 41 52
7 29 83 15
7 30 48 54
7 31 46 52
7 32 52 41
8 9 99 11
8 10 77 33
8 11 99 5
8 12 39 66
8 13 51 42
8 14 47 47
8 15 40 59
8 16 33 70
8 17 3 93
8 18 38 68
8 19 9 87
8 20 84 14
8 21 6 90
8 22 26 77
8 23 94 13
8 24 0 97
8 25 34 69
8 26 92 16
8 27 71 38
8 28 51 46
8 29 92 20
8 30 12 90
8 31 13 84
8 32 79 25
9 10 50 48
9 11 89 15
9 12 71 25
9 13 88 20
9 14 62 47
9 15 87 14
9 16 68 39
9 17 7 93
9 18 27 72
9 19 34 68
9 20 51 44
9 21 7 93
9 22 87 15
9 23 11 86
9 24 94 20
9 25 92 16
9 26 55 40
9 27 50 44
9 28 22 80
9 29 30 74
9 30 17 72
9 31 64 37
9 32 75 27
10 11 27 71
10 12 99 6
10 13 36 70
10 14 80 19
10 15 87 25
10 16 33 60
10 17 28 69
10 18 50 44
10 19 62 42
10 20 38 60
10 21 1 94
10 22 54 48
10 23 5 93
10 24 30 72
10 25 71 26
10 26 33 61
10 27 80 22
10 28 52 46
10 29 49 54
10 30 83 26
10 31 62 36
10 32 0 95
11 12 99 5
11 13 28 65
11 14 91 13
11 15 74 31
11 16 18 70
11 17 92 15
11 18 42 63
11 19 99 10
11 20 69 28
11 21 25 76
11 22 21 76
11 23 63 34
11 24 16 82
11 25 11 80
11 26 63 39
11 27 20 74
11 28 66 36
11 29 57 45
11 30 70 30
11 31 20 70
11 32 87 26
12 13 39 60
12 14 37 68
12 15 10 85
12 16 5 86
12 17 99 1
12 18 25 69
12 19 22 79
12 20 54 40
12 21 68 32
12 22 56 45
12 23 17 83
12 24 31 59
12 25 61 39
12 26 57 47
12 27 65 40
12 28 32 70
12 29 18 80
12 30 88 11
12 31 66 32
12 32 81 17
13 14 28 63
13 15 14 75
13 16 56 41
13 17 11 84
13 18 59 50
13 19 15 83
13 20 19 84
13 21 92 11
13 22 87 17
13 23 6 93
13 24 56 49
13 25 41 61
13 26 70 30
13 27 35 66
13 28 28 73
13 29 54 41
13 30 31 63
13 31 73 31
13 32 53 42
14 15 14 81
14 16 85 15
14 17 22 80
14 18 62 35
14 19 85 16
14 20 6 83
14 21 69 30
14 22 1 97
14 23 85 21
14 24 59 36
14 25 26 69
14 26 69 41
14 27 61 47
14 28 66 38
14 29 32 68
14 30 74 30
14 31 25 75
14 32 91 8
15 16 3 88
15 17 30 69
15 18 31 67
15 19 86 22
15 20 90 21
15 21 83 18
15 22 35 59
15 23 97 11
15 24 15 73
15 25 23 79
15 26 87 21
15 27 93 14
15 28 18 71
15 29 40 63
15 30 15 77
15 31 80 18
15 32 28 70
16 17 83 25
16 18 19 73
16 19 26 73
16 20 27 77
16 21 17 71
16 22 89 15
16 23 99 4
16 24 80 27
16 25 50 44
16 26 88 16
16 27 88 15
16 28 38 60
16 29 13 84
16 30 21 79
16 31 12 76
16 32 99 9
17 18 22 70
17 19 43 61
17 20 20 80
17 21 93 7
17 22 70 33
17 23 56 43
17 24 82 26
17 25 77 26
17 26 98 12
17 27 45 56
17 28 72 38
17 29 42 54
17 30 15 82
17 31 52 45
17 32 94 6
18 19 10 89
18 20 78 23
18 21 46 48
18 22 95 9
18 23 35 65
18 24 11 83
18 25 25 74
18 26 16 76
18 27 50 53
18 28 82 23
18 29 8 87
18 30 49 49
18 31 21 78
18 32 56 44
19 20 33 66
19 21 76 25
19 22 43 55
19 23 9 87
19 24 21 82
19 25 59 37
19 26 25 64
19 27 38 53
19 28 51 43
19 29 17 81
19 30 43 57
19 31 91 8
19 32 35 59
20 21 80 22
20 22 82 26
20 23 78 26
20 24 79 31
20 25 72 25
20 26 33 64
20 27 20 73
20 28 59 42
20 29 20 79
20 30 17 76
20 31 10 84
20 32 68 33
21 22 57 37
21 23 66 42
21 24 69 27
21 25 6 82
21 26 78 23
21 27 41 60
21 28 75 27
21 29 99 4
21 30 15 84
21 31 78 28
21 32 91 13
22 23 25 74
22 24 23 79
22 25 3 92
22 26 28 73
22 27 38 56
22 28 94 6
22 29 1 85
22 30 44 56
22 31 33 68
22 32 41 59
23 24 56 46
23 25 6 93
23 26 63 32
23 27 15 76
23 28 22 78
23 29 41 59
23 30 8 78
23 31 12 86
23 32 45 55
24 25 6 86
24 26 35 56
24 27 18 81
24 28 14 86
24 29 46 48
24 30 43 56
24 31 20 75
24 32 85 23
25 26 14 77
25 27 88 14
25 28 91 12
25 29 38 56
25 30 33 62
25 31 59 47
25 32 67 38
26 27 48 47
26 28 46 54
26 29 32 60
26 30 32 63
26 31 50 44
26 32 98 2
27 28 85 21
27 29 4 83
27 30 62 39
27 31 46 57
27 32 94 18
28 29 77 25
28 30 77 21
28 31 48 55
28 32 65 42
29 30 97 6
29 31 28 75
29 32 26 67
30 31 7 83
30 32 76 31
31 32 79 27
