0 1 26 36
0 10 5 28
1 2 26 76
1 11 34 65
2 3 9 35
2 12 64 32
3 4 98 63
3 13 90 52
4 5 8 47
4 14 42 68
5 6 65 50
5 15 10 58
6 7 86 4
6 16 40 74
7 8 71 36
7 17 28 80
8 9 64 18
8 18 21 26
9 19 47 26
10 11 75 71
10 20 18 95
11 12 28 39
11 21 29 54
12 13 24 94
12 22 81 46
13 14 4 26
13 23 69 67
14 15 40 45
14 24 12 23
15 16 73 84
15 25 39 82
16 17 37 77
16 26 73 29
17 18 74 67
17 27 73 28
18 19 81 66
18 28 63 62
19 29 16 72
20 21 30 89
20 30 15 62
21 22 12 79
21 31 88 31
22 23 51 60
22 32 90 62
23 24 45 74
23 33 86 14
24 25 44 72
24 34 82 13
25 26 21 52
25 35 9 51
26 27 23 29
26 36 78 23
27 28 5 62
27 37 32 70
28 29 85 63
28 38 45 67
29 39 16 19
30 31 68 70
30 40 43 27
31 32 52 19
31 41 69 46
32 33 34 60
32 42 84 9
33 34 94 58
33 43 38 33
34 35 89 27
34 44 30 81
35 36 22 20
35 45 83 33
36 37 43 80
36 46 17 73
37 38 19 93
37 47 36 33
38 39 21 70
38 48 64 51
39 49 9 46
40 41 45 24
40 50 15 84
41 42 1 66
41 51 26 47
42 43 98 74
42 52 41 87
43 44 33 22
43 53 81 19
44 45 18 89
44 54 28 92
45 46 58 63
45 55 23 55
46 47 92 61
46 56 10 74
47 48 27 34
47 57 13 88
48 49 3 41
48 58 81 56
49 59 41 19
50 51 24 38
50 60 19 75
51 52 56 20
51 61 57 10
52 53 7 75
52 62 49 86
53 54 99 72
53 63 78 45
54 55 22 52
54 64 52 61
55 56 34 20
55 65 76 8
56 57 25 64
56 66 95 60
57 58 89 76
57 67 33 33
58 59 25 65
58 68 5 62
59 69 8 86
60 61 15 27
60 70 45 51
61 62 27 74
61 71 18 34
62 63 42 45
62 72 92 75
63 64 78 45
63 73 28 62
64 65 55 55
64 74 63 61
65 66 33 50
65 75 7 63
66 67 9 96
66 76 59 46
67 68 13 60
67 77 29 53
68 69 13 46
68 78 16 88
69 79 36 66
70 71 53 48
70 80 89 75
71 72 96 36
71 81 9 83
72 73 5 73
72 82 9 79
73 74 16 81
73 83 17 36
74 75 44 24
74 84 23 70
75 76 59 19
75 85 60 64
76 77 42 58
76 86 52 48
77 78 16 37
77 87 54 45
78 79 8 97
78 88 71 6
79 89 21 48
80 81 86 13
80 90 23 22
81 82 95 9
81 91 36 81
82 83 52 80
82 92 55 83
83 84 3 56
83 93 12 40
84 85 8 20
84 94 7 95
85 86 24 61
85 95 96 79
86 87 77 59
86 96 55 40
87 88 28 77
87 97 5 55
88 89 91 48
88 98 97 28
89 99 39 45
90 91 34 43
91 92 28 47
92 93 43 36
93 94 39 32
94 95 76 84
95 96 97 40
96 97 53 72
97 98 63 55
98 99 79 81
