0 1 48 47
0 10 70 27
1 2 48 49
1 11 51 47
2 3 90 19
2 12 6 80
3 4 38 58
3 13 1 87
4 5 4 93
4 14 82 21
5 6 39 58
5 15 95 17
6 7 65 33
6 16 81 27
7 8 93 6
7 17 49 49
8 9 38 52
8 18 60 47
9 19 10 82
10 11 80 16
10 20 86 20
11 12 91 15
11 21 75 32
12 13 12 78
12 22 62 41
13 14 39 60
13 23 45 50
14 15 39 53
14 24 25 72
15 16 46 50
15 25 42 63
16 17 61 44
16 26 73 35
17 18 27 64
17 27 75 32
18 19 7 85
18 28 31 72
19 29 84 19
20 21 67 29
20 30 85 20
21 22 22 75
21 31 15 82
22 23 62 41
22 32 27 67
23 24 91 21
23 33 49 43
24 25 50 47
24 34 32 66
25 26 57 46
25 35 35 69
26 27 46 46
26 36 76 23
27 28 17 83
27 37 46 56
28 29 74 35
28 38 64 35
29 39 55 45
30 31 93 17
30 40 16 84
31 32 50 49
31 41 42 53
32 33 34 56
32 42 86 26
33 34 72 33
33 43 20 70
34 35 3 85
34 44 30 60
35 36 33 60
35 45 95 6
36 37 83 20
36 46 83 19
37 38 18 84
37 47 3 82
38 39 1 94
38 48 38 63
39 49 7 83
40 41 55 50
40 50 34 63
41 42 76 31
41 51 39 54
42 43 58 35
42 52 79 19
43 44 78 28
43 53 74 23
44 45 13 78
44 54 70 39
45 46 8 90
45 55 85 19
46 47 93 14
46 56 50 48
47 48 5 86
47 57 2 88
48 49 76 29
48 58 12 79
49 59 84 27
50 51 12 84
50 60 0 87
51 52 79 24
51 61 82 20
52 53 5 81
52 62 30 67
53 54 43 54
53 63 61 47
54 55 88 21
54 64 26 71
55 56 13 76
55 65 58 42
56 57 14 83
56 66 18 71
57 58 46 56
57 67 37 58
58 59 51 48
58 68 66 30
59 69 62 35
60 61 13 81
60 70 34 57
61 62 93 16
61 71 99 0
62 63 40 55
62 72 7 80
63 64 51 45
63 73 78 29
64 65 90 13
64 74 63 45
65 66 9 90
65 75 14 86
66 67 89 19
66 76 36 63
67 68 34 62
67 77 66 31
68 69 37 58
68 78 78 20
69 79 33 59
70 71 62 40
70 80 54 53
71 72 35 55
71 81 19 68
72 73 65 29
72 82 87 15
73 74 4 82
73 83 61 34
74 75 95 6
74 84 59 43
75 76 19 72
75 85 37 68
76 77 27 72
76 86 24 64
77 78 20 69
77 87 15 72
78 79 50 44
78 88 32 71
79 89 13 87
80 81 71 31
80 90 95 11
81 82 51 52
81 91 46 55
82 83 96 12
82 92 89 23
83 84 63 34
83 93 50 50
84 85 18 79
84 94 3 85
85 86 85 18
85 95 97 8
86 87 0 88
86 96 49 49
87 88 80 31
87 97 11 76
88 89 8 85
88 98 61 46
89 99 71 25
90 91 2 90
91 92 48 44
92 93 69 27
93 94 85 19
94 95 32 58
95 96 37 65
96 97 26 67
97 98 19 71
98 99 30 63
