0 1 88 24
0 10 5 54
1 2 69 24
1 11 50 45
2 3 50 44
2 12 17 80
3 4 49 66
3 13 8 47
4 5 85 18
4 14 26 51
5 6 94 12
5 15 20 76
6 7 90 10
6 16 53 43
7 8 70 15
7 17 91 48
8 9 45 34
8 18 10 56
9 19 3 84
10 11 59 47
10 20 99 10
11 12 58 49
11 21 5 62
12 13 82 30
12 22 1 64
13 14 97 46
13 23 76 17
14 15 45 32
14 24 97 42
15 16 41 34
15 25 48 29
16 17 6 67
16 26 20 56
17 18 60 46
17 27 75 49
18 19 16 88
18 28 99 8
19 29 76 22
20 21 54 34
21 22 19 66
22 23 98 40
23 24 84 14
24 25 98 3
25 26 32 36
26 27 39 77
27 28 89 7
28 29 74 53
