0 1 10 43
0 11 19 62
1 2 41 81
1 12 17 96
2 3 31 25
2 13 59 24
3 4 39 40
3 14 19 63
4 5 32 33
4 15 16 58
5 6 19 53
5 16 55 60
6 7 70 54
6 17 45 25
7 8 44 72
7 18 13 48
8 9 71 27
8 19 1 87
9 10 19 32
9 20 68 29
10 21 72 32
11 12 78 25
11 22 8 58
12 13 29 82
12 23 92 11
13 14 46 36
13 24 67 31
14 15 13 33
14 25 82 48
15 16 41 85
15 26 82 13
16 17 16 64
16 27 62 33
17 18 62 86
17 28 34 52
18 19 7 49
18 29 44 45
19 20 81 46
19 30 40 60
20 21 54 50
20 31 38 29
21 32 11 93
22 23 31 65
23 24 66 46
24 25 63 21
25 26 66 75
26 27 89 61
27 28 3 74
28 29 11 53
29 30 32 63
30 31 34 44
31 32 91 28
