0 1 26 62
0 19 12 76
1 2 58 51
1 20 68 27
2 3 72 39
2 21 36 79
3 4 6 28
3 22 54 12
4 5 22 44
4 23 36 14
5 6 41 90
5 24 60 15
6 7 8 18
6 25 17 76
7 8 64 38
7 26 80 63
8 9 48 21
8 27 23 62
9 10 16 17
9 28 43 66
10 11 38 50
10 29 34 19
11 12 15 48
11 30 14 67
12 13 63 45
12 31 84 51
13 14 33 36
13 32 5 66
14 15 23 47
14 33 22 33
15 16 60 60
15 34 65 74
16 17 48 56
16 35 68 77
17 18 94 38
17 36 0 53
18 37 21 26
19 20 64 69
20 21 84 21
21 22 3 21
22 23 57 78
23 24 88 78
24 25 57 39
25 26 73 72
26 27 51 80
27 28 59 76
28 29 75 6
29 30 49 38
30 31 4 92
31 32 57 23
32 33 52 49
33 34 27 52
34 35 18 33
35 36 39 20
36 37 6 21
