0 1 61 68
0 19 43 36
1 2 93 50
1 20 25 46
2 3 11 72
2 21 80 11
3 4 23 55
3 22 31 40
4 5 91 5
4 23 1 56
5 6 98 10
5 24 96 37
6 7 64 51
6 25 52 26
7 8 14 70
7 26 27 59
8 9 19 54
8 27 49 52
9 10 25 54
9 28 20 58
10 11 91 8
10 29 55 68
11 12 95 46
11 30 33 34
12 13 19 58
12 31 31 68
13 14 37 74
13 32 81 43
14 15 88 6
14 33 20 78
15 16 47 48
15 34 30 43
16 17 13 47
16 35 90 16
17 18 85 21
17 36 12 55
18 37 49 72
19 20 21 46
20 21 58 25
21 22 54 49
22 23 8 63
23 24 20 63
24 25 85 51
25 26 68 60
26 27 23 64
27 28 64 58
28 29 18 80
29 30 5 80
30 31 75 12
31 32 54 68
32 33 61 47
33 34 89 11
34 35 94 14
35 36 70 34
36 37 52 66
