0 1 68 18
0 10 89 51
1 2 52 28
1 11 51 33
2 3 82 36
2 12 68 58
3 4 32 45
3 13 23 72
4 5 61 29
4 14 61 61
5 6 84 24
5 15 73 28
6 7 59 64
6 16 38 75
7 8 99 29
7 17 10 65
8 9 82 32
8 18 34 77
9 19 73 63
10 11 31 41
10 20 97 29
11 12 30 48
11 21 70 31
12 13 45 35
12 22 23 84
13 14 42 72
13 23 60 68
14 15 64 51
14 24 43 42
15 16 42 56
15 25 14 82
16 17 29 39
16 26 76 20
17 18 7 48
17 27 75 34
18 19 62 55
18 28 36 41
19 29 29 57
20 21 66 49
20 30 8 48
21 22 16 56
21 31 75 31
22 23 59 63
22 32 26 79
23 24 16 42
23 33 28 45
24 25 73 17
24 34 33 40
25 26 43 54
25 35 76 56
26 27 64 60
26 36 3 94
27 28 25 41
27 37 0 95
28 29 73 22
28 38 68 40
29 39 28 41
30 31 12 89
31 32 85 18
32 33 90 39
33 34 70 48
34 35 39 52
35 36 26 50
36 37 7 72
37 38 91 9
38 39 52 70
