0 1 76 56
0 14 85 31
1 2 60 62
1 15 76 34
2 3 2 75
2 16 6 84
3 4 39 61
3 17 64 67
4 5 30 65
4 18 19 80
5 6 18 65
5 19 98 35
6 7 0 59
6 20 71 43
7 8 80 28
7 21 89 11
8 9 39 52
8 22 63 31
9 10 63 45
9 23 83 17
10 11 44 74
10 24 44 52
11 12 82 15
11 25 43 47
12 13 60 63
12 26 83 24
13 27 60 36
14 15 71 63
14 28 17 89
15 16 27 62
15 29 87 40
16 17 75 20
16 30 76 12
17 18 50 50
17 31 74 16
18 19 51 35
18 32 87 48
19 20 22 52
19 33 20 85
20 21 13 66
20 34 19 83
21 22 57 24
21 35 26 41
22 23 26 57
22 36 28 56
23 24 13 43
23 37 70 29
24 25 40 68
24 38 86 9
25 26 70 51
25 39 77 59
26 27 52 44
26 40 38 59
27 41 18 81
28 29 36 34
29 30 53 63
30 31 53 54
31 32 95 28
32 33 51 46
33 34 39 48
34 35 86 48
35 36 80 19
36 37 97 46
37 38 13 75
38 39 77 34
39 40 64 65
40 41 26 75
