0 1 62 43
0 14 17 71
1 2 47 48
1 15 85 17
2 3 43 51
2 16 53 41
3 4 59 47
3 17 46 56
4 5 54 43
4 18 40 61
5 6 82 17
5 19 42 57
6 7 16 79
6 20 68 35
7 8 94 10
7 21 51 52
8 9 29 67
8 22 10 82
9 10 47 53
9 23 90 18
10 11 32 64
10 24 6 79
11 12 11 85
11 25 19 80
12 13 34 61
12 26 60 44
13 27 9 82
14 15 9 80
14 28 15 76
15 16 33 68
15 29 63 34
16 17 66 35
16 30 61 35
17 18 95 4
17 31 53 48
18 19 79 32
18 32 26 69
19 20 54 44
19 33 9 78
20 21 44 57
20 34 2 88
21 22 63 40
21 35 69 31
22 23 38 63
22 36 36 60
23 24 58 40
23 37 56 48
24 25 60 34
24 38 79 21
25 26 63 41
25 39 0 98
26 27 25 70
26 40 43 61
27 41 66 31
28 29 14 74
29 30 20 68
30 31 45 55
31 32 0 91
32 33 92 14
33 34 39 55
34 35 73 22
35 36 58 42
36 37 61 46
37 38 43 48
38 39 98 4
39 40 82 18
40 41 72 28
