0 1 90 61
0 14 3 71
1 2 24 38
1 15 18 93
2 3 62 71
2 16 60 57
3 4 70 19
3 17 34 58
4 5 57 68
4 18 50 38
5 6 7 47
5 19 56 56
6 7 86 48
6 20 27 82
7 8 20 63
7 21 79 66
8 9 3 88
8 22 69 10
9 10 82 42
9 23 31 35
10 11 60 17
10 24 86 37
11 12 7 87
11 25 22 35
12 13 92 4
12 26 11 20
13 27 66 72
14 15 40 23
14 28 28 68
15 16 31 33
15 29 75 74
16 17 51 70
16 30 63 40
17 18 35 48
17 31 86 33
18 19 77 38
18 32 71 40
19 20 36 83
19 33 9 68
20 21 45 48
20 34 96 58
21 22 69 74
21 35 21 53
22 23 39 77
22 36 49 54
23 24 72 16
23 37 88 42
24 25 0 32
24 38 78 17
25 26 4 96
25 39 9 97
26 27 54 27
26 40 26 83
27 41 31 42
28 29 94 68
29 30 6 93
30 31 79 75
31 32 80 46
32 33 49 66
33 34 15 47
34 35 9 59
35 36 7 37
36 37 59 38
37 38 32 66
38 39 59 10
39 40 27 43
40 41 15 37
