0 1 97 4
0 11 49 11
1 2 32 20
1 12 93 24
2 3 32 51
2 13 97 19
3 4 27 39
3 14 74 74
4 5 25 59
4 15 57 19
5 6 90 79
5 16 80 50
6 7 75 24
6 17 58 50
7 8 99 68
7 18 5 54
8 9 58 17
8 19 95 40
9 10 67 70
9 20 79 55
10 21 50 12
11 12 44 48
11 22 61 25
12 13 11 19
12 23 18 83
13 14 90 26
13 24 1 45
14 15 78 47
14 25 80 46
15 16 39 27
15 26 67 43
16 17 59 61
16 27 67 32
17 18 21 94
17 28 16 34
18 19 84 34
18 29 22 38
19 20 58 23
19 30 67 27
20 21 74 50
20 31 36 41
21 32 43 15
22 23 78 49
22 33 14 75
23 24 10 18
23 34 66 29
24 25 87 77
24 35 30 57
25 26 92 46
25 36 39 75
26 27 51 76
26 37 80 59
27 28 69 77
27 38 81 28
28 29 27 48
28 39 26 85
29 30 68 70
29 40 54 51
30 31 64 40
30 41 77 43
31 32 34 62
31 42 3 95
32 43 42 64
33 34 20 19
34 35 58 24
35 36 73 6
36 37 49 57
37 38 11 28
38 39 15 48
39 40 31 50
40 41 33 35
41 42 56 23
42 43 45 30
