0 1 83 50
0 11 81 51
1 2 68 56
1 12 1 75
2 3 21 50
2 13 43 33
3 4 46 75
3 14 54 45
4 5 47 43
4 15 26 74
5 6 51 45
5 16 21 84
6 7 89 54
6 17 51 48
7 8 58 51
7 18 13 88
8 9 92 43
8 19 86 17
9 10 96 42
9 20 28 38
10 21 81 58
11 12 96 4
11 22 80 22
12 13 74 39
12 23 76 13
13 14 99 20
13 24 79 58
14 15 41 59
14 25 97 2
15 16 59 21
15 26 47 64
16 17 45 46
16 27 34 80
17 18 82 35
17 28 91 49
18 19 84 15
18 29 3 85
19 20 95 31
19 30 14 47
20 21 10 88
20 31 7 59
21 32 57 41
22 23 83 51
22 33 72 62
23 24 78 35
23 34 58 45
24 25 26 40
24 35 75 35
25 26 92 36
25 36 73 35
26 27 48 60
26 37 97 29
27 28 17 71
27 38 89 27
28 29 87 8
28 39 87 16
29 30 91 22
29 40 77 13
30 31 86 49
30 41 17 81
31 32 30 74
31 42 70 42
32 43 83 45
33 34 3 58
34 35 14 55
35 36 6 95
36 37 65 25
37 38 92 32
38 39 84 19
39 40 56 30
40 41 16 73
41 42 74 15
42 43 85 48
