0 1 49 49
0 10 23 62
1 2 35 68
1 11 53 46
2 3 64 43
2 12 20 74
3 4 64 20
3 13 89 51
4 5 88 28
4 14 46 62
5 6 24 48
5 15 27 40
6 7 27 67
6 16 74 28
7 8 79 24
7 17 80 36
8 9 20 75
8 18 9 72
9 19 93 41
10 11 4 62
10 20 48 31
11 12 3 64
11 21 87 38
12 13 11 49
12 22 50 72
13 14 91 22
13 23 0 80
14 15 40 57
14 24 50 71
15 16 5 75
15 25 46 66
16 17 22 55
16 26 57 55
17 18 88 27
17 27 67 23
18 19 59 47
18 28 84 15
19 29 9 78
20 21 21 40
20 30 9 55
21 22 20 83
21 31 79 12
22 23 13 92
22 32 50 53
23 24 64 62
23 33 35 47
24 25 44 77
24 34 11 44
25 26 46 39
25 35 41 55
26 27 1 72
26 36 75 44
27 28 66 38
27 37 63 64
28 29 76 31
28 38 56 41
29 39 95 27
30 31 93 5
30 40 91 29
31 32 40 61
31 41 44 35
32 33 51 26
32 42 83 39
33 34 97 23
33 43 81 49
34 35 3 84
34 44 22 83
35 36 23 58
35 45 14 70
36 37 18 76
36 46 42 35
37 38 10 49
37 47 99 11
38 39 23 39
38 48 34 56
39 49 95 47
40 41 42 64
41 42 20 63
42 43 42 67
43 44 52 36
44 45 92 7
45 46 65 23
46 47 45 63
47 48 1 70
48 49 94 44
