0 1 12 28
0 10 91 73
1 2 49 23
1 11 44 86
2 3 73 44
2 12 74 70
3 4 44 38
3 13 58 29
4 5 14 21
4 14 26 49
5 6 62 14
5 15 34 46
6 7 12 88
6 16 78 8
7 8 67 31
7 17 69 31
8 9 32 53
8 18 64 8
9 19 11 75
10 11 0 87
10 20 12 55
11 12 94 26
11 21 11 63
12 13 88 27
12 22 78 30
13 14 15 55
13 23 51 57
14 15 51 86
14 24 49 82
15 16 92 3
15 25 61 19
16 17 67 14
16 26 2 58
17 18 16 58
17 27 53 79
18 19 86 37
18 28 91 8
19 29 10 65
20 21 3 33
20 30 83 38
21 22 78 15
21 31 48 60
22 23 29 90
22 32 32 71
23 24 37 21
23 33 11 67
24 25 24 44
24 34 8 27
25 26 28 23
25 35 93 69
26 27 5 69
26 36 76 25
27 28 1 88
27 37 91 46
28 29 35 55
28 38 12 22
29 39 37 28
30 31 62 30
30 40 40 41
31 32 18 95
31 41 89 24
32 33 15 73
32 42 63 20
33 34 35 42
33 43 48 59
34 35 55 36
34 44 42 25
35 36 1 62
35 45 42 82
36 37 69 62
36 46 66 51
37 38 11 80
37 47 52 51
38 39 20 72
38 48 47 44
39 49 70 46
40 41 2 49
41 42 67 50
42 43 75 30
43 44 53 17
44 45 95 46
45 46 7 84
46 47 64 77
47 48 69 56
48 49 11 67
