0 1 70 70
0 26 37 14
1 2 57 71
1 27 20 40
2 3 43 31
2 28 62 84
3 4 52 48
3 29 99 36
4 5 33 73
4 30 34 55
5 6 46 70
5 31 9 64
6 7 3 33
6 32 61 79
7 8 98 3
7 33 47 88
8 9 39 55
8 34 42 24
9 10 50 46
9 35 2 84
10 11 8 23
10 36 57 29
11 12 73 18
11 37 36 49
12 13 16 20
12 38 8 43
13 14 4 73
13 39 14 70
14 15 82 69
14 40 91 54
15 16 53 67
15 41 40 79
16 17 88 4
16 42 56 81
17 18 63 19
17 43 55 47
18 19 92 72
18 44 29 16
19 20 63 71
19 45 29 42
20 21 61 45
20 46 7 74
21 22 75 64
21 47 69 8
22 23 52 71
22 48 21 64
23 24 24 16
23 49 1 93
24 25 95 63
24 50 56 55
25 51 85 29
26 27 91 77
27 28 32 40
28 29 80 30
29 30 74 83
30 31 27 48
31 32 50 39
32 33 47 23
33 34 32 81
34 35 88 44
35 36 5 58
36 37 38 51
37 38 27 22
38 39 59 36
39 40 92 30
40 41 87 61
41 42 1 22
42 43 27 38
43 44 94 7
44 45 65 14
45 46 69 72
46 47 70 29
47 48 73 25
48 49 53 33
49 50 81 43
50 51 9 94
