0 1 92 15
0 26 52 45
1 2 80 25
1 27 37 55
2 3 24 64
2 28 54 38
3 4 41 51
3 29 61 38
4 5 79 17
4 30 74 23
5 6 71 24
5 31 94 5
6 7 33 64
6 32 51 46
7 8 21 81
7 33 18 82
8 9 13 83
8 34 81 29
9 10 13 75
9 35 7 83
10 11 76 28
10 36 71 33
11 12 69 31
11 37 74 33
12 13 98 7
12 38 95 8
13 14 82 15
13 39 16 77
14 15 99 7
14 40 70 26
15 16 14 78
15 41 23 67
16 17 50 46
16 42 75 32
17 18 36 61
17 43 57 39
18 19 92 16
18 44 85 27
19 20 95 16
19 45 4 85
20 21 85 20
20 46 10 86
21 22 73 32
21 47 7 86
22 23 64 42
22 48 65 33
23 24 30 60
23 49 71 35
24 25 70 31
24 50 40 54
25 51 90 22
26 27 95 6
27 28 27 76
28 29 56 37
29 30 56 46
30 31 27 67
31 32 63 39
32 33 47 58
33 34 96 14
34 35 10 82
35 36 58 48
36 37 56 48
37 38 28 61
38 39 24 68
39 40 20 71
40 41 53 49
41 42 79 21
42 43 92 15
43 44 77 20
44 45 30 61
45 46 55 41
46 47 38 58
47 48 89 14
48 49 81 17
49 50 21 73
50 51 76 31
