0 1 35 15
0 29 29 84
1 2 24 91
1 30 70 32
2 3 84 60
2 31 87 22
3 4 68 27
3 32 81 31
4 5 20 86
4 33 51 67
5 6 15 42
5 34 9 62
6 7 86 28
6 35 76 41
7 8 11 78
7 36 54 74
8 9 4 50
8 37 50 28
9 10 80 56
9 38 56 13
10 11 0 26
10 39 35 55
11 12 45 29
11 40 81 14
12 13 88 72
12 41 38 25
13 14 1 69
13 42 24 29
14 15 77 54
14 43 7 43
15 16 96 67
15 44 78 46
16 17 84 31
16 45 38 64
17 18 10 75
17 46 85 46
18 19 51 17
18 47 75 43
19 20 40 49
19 48 66 72
20 21 5 49
20 49 71 37
21 22 76 20
21 50 5 91
22 23 35 89
22 51 78 27
23 24 88 5
23 52 70 72
24 25 73 52
24 53 79 13
25 26 44 38
25 54 69 19
26 27 89 7
26 55 49 66
27 28 32 49
27 56 24 30
28 57 65 73
29 30 57 30
30 31 23 29
31 32 41 72
32 33 18 39
33 34 51 52
34 35 17 38
35 36 3 95
36 37 45 22
37 38 55 36
38 39 17 88
39 40 82 4
40 41 27 90
41 42 91 65
42 43 42 21
43 44 85 67
44 45 91 27
45 46 36 76
46 47 26 48
47 48 97 78
48 49 28 71
49 50 7 39
50 51 4 29
51 52 93 24
52 53 53 60
53 54 29 81
54 55 89 32
55 56 24 87
56 57 82 8
