0 1 57 47
0 29 43 53
1 2 96 10
1 30 37 59
2 3 64 44
2 31 79 28
3 4 6 82
3 32 92 13
4 5 16 76
4 33 90 15
5 6 89 18
5 34 43 58
6 7 65 31
6 35 66 35
7 8 83 21
7 36 75 27
8 9 28 64
8 37 89 17
9 10 94 9
9 38 13 80
10 11 19 71
10 39 50 47
11 12 94 12
11 40 71 30
12 13 72 37
12 41 77 22
13 14 81 23
13 42 27 73
14 15 44 51
14 43 85 20
15 16 2 85
15 44 54 50
16 17 83 22
16 45 87 21
17 18 2 85
17 46 95 8
18 19 44 50
18 47 56 39
19 20 24 76
19 48 65 42
20 21 69 32
20 49 26 62
21 22 81 29
21 50 96 8
22 23 41 54
22 51 97 12
23 24 42 54
23 52 2 87
24 25 68 40
24 53 34 65
25 26 13 75
25 54 25 76
26 27 20 78
26 55 93 11
27 28 16 85
27 56 60 36
28 57 5 92
29 30 32 67
30 31 69 31
31 32 60 47
32 33 91 14
33 34 65 41
34 35 36 54
35 36 88 15
36 37 8 92
37 38 99 13
38 39 55 39
39 40 22 80
40 41 56 50
41 42 81 16
42 43 61 37
43 44 68 40
44 45 28 72
45 46 22 71
46 47 46 53
47 48 43 50
48 49 10 82
49 50 88 16
50 51 81 27
51 52 58 37
52 53 52 54
53 54 77 30
54 55 60 46
55 56 20 70
56 57 50 54
