0 1 78 19
0 10 7 54
1 2 68 25
1 11 54 22
2 3 44 29
2 12 21 62
3 4 45 71
3 13 3 53
4 5 12 84
4 14 30 64
5 6 62 37
5 15 27 79
6 7 93 23
6 16 56 57
7 8 55 49
7 17 46 28
8 9 51 53
8 18 27 80
9 19 6 83
10 11 67 64
10 20 87 27
11 12 13 56
11 21 88 41
12 13 7 46
12 22 50 74
13 14 58 50
13 23 51 70
14 15 68 27
14 24 46 61
15 16 92 16
15 25 84 27
16 17 98 32
16 26 45 58
17 18 90 48
17 27 90 9
18 19 89 39
18 28 8 80
19 29 94 46
20 21 48 53
20 30 85 37
21 22 34 53
21 31 58 51
22 23 85 37
22 32 7 76
23 24 81 14
23 33 63 20
24 25 98 39
24 34 39 77
25 26 13 51
25 35 26 71
26 27 47 27
26 36 61 31
27 28 83 46
27 37 2 84
28 29 24 56
28 38 1 50
29 39 92 10
30 31 48 61
30 40 37 72
31 32 6 53
31 41 47 55
32 33 44 57
32 42 96 25
33 34 48 26
33 43 91 47
34 35 14 65
34 44 8 59
35 36 80 40
35 45 25 65
36 37 91 21
36 46 65 66
37 38 82 28
37 47 99 33
38 39 2 61
38 48 99 46
39 49 71 45
40 41 81 48
40 50 28 69
41 42 52 62
41 51 67 21
42 43 99 11
42 52 96 45
43 44 19 86
43 53 53 36
44 45 99 24
44 54 83 50
45 46 7 83
45 55 63 44
46 47 99 46
46 56 55 62
47 48 36 56
47 57 91 34
48 49 63 31
48 58 50 32
49 59 99 48
50 51 1 51
51 52 72 22
52 53 19 83
53 54 23 70
54 55 9 57
55 56 69 59
56 57 69 15
57 58 91 19
58 59 36 64
