0 1 71 30
0 21 35 70
1 2 62 64
1 22 88 34
2 3 5 81
2 23 4 57
3 4 21 64
3 24 24 43
4 5 53 71
4 25 57 69
5 6 57 42
5 26 93 37
6 7 46 39
6 27 31 78
7 8 45 49
7 28 81 17
8 9 42 39
8 29 46 63
9 10 22 78
9 30 16 44
10 11 9 47
10 31 25 69
11 12 62 36
11 32 11 73
12 13 88 27
12 33 99 22
13 14 68 48
13 34 24 81
14 15 72 20
14 35 30 52
15 16 18 76
15 36 9 82
16 17 38 56
16 37 68 63
17 18 86 36
17 38 98 34
18 19 8 48
18 39 39 32
19 20 16 63
19 40 90 43
20 41 20 63
21 22 64 23
21 42 14 71
22 23 18 48
22 43 8 71
23 24 29 49
23 44 62 31
24 25 50 69
24 45 40 75
25 26 53 43
25 46 6 54
26 27 9 78
26 47 88 39
27 28 4 72
27 48 70 25
28 29 75 39
28 49 17 48
29 30 66 60
29 50 46 74
30 31 29 60
30 51 46 44
31 32 16 60
31 52 48 58
32 33 80 49
32 53 82 10
33 34 38 70
33 54 47 29
34 35 19 48
34 55 93 50
35 36 84 17
35 56 85 22
36 37 15 60
36 57 39 54
37 38 71 18
37 58 29 69
38 39 24 78
38 59 84 34
39 40 73 43
39 60 40 35
40 41 26 45
40 61 84 32
41 62 22 76
42 43 48 63
43 44 51 41
44 45 35 33
45 46 72 15
46 47 37 67
47 48 46 54
48 49 67 23
49 50 46 47
50 51 13 80
51 52 13 44
52 53 64 62
53 54 15 58
54 55 46 46
55 56 39 46
56 57 33 66
57 58 75 36
58 59 85 29
59 60 56 58
60 61 72 56
61 62 19 62
