0 1 29 79
0 11 81 16
1 2 71 20
1 12 13 52
2 3 25 53
2 13 43 43
3 4 80 53
3 14 65 51
4 5 22 62
4 15 16 88
5 6 92 49
5 16 69 18
6 7 38 77
6 17 14 71
7 8 76 19
7 18 10 89
8 9 50 66
8 19 25 79
9 10 63 49
9 20 70 18
10 21 58 64
11 12 41 42
11 22 28 82
12 13 14 56
12 23 31 65
13 14 0 87
13 24 80 20
14 15 47 44
14 25 18 70
15 16 44 60
15 26 29 68
16 17 3 73
16 27 49 53
17 18 37 65
17 28 82 23
18 19 7 57
18 29 58 49
19 20 14 69
19 30 41 39
20 21 61 64
20 31 91 44
21 32 23 84
22 23 27 52
22 33 40 54
23 24 79 10
23 34 20 40
24 25 73 19
24 35 90 5
25 26 96 37
25 36 54 55
26 27 36 68
26 37 98 42
27 28 84 22
27 38 20 52
28 29 21 74
28 39 19 55
29 30 15 91
29 40 88 13
30 31 86 52
30 41 28 46
31 32 59 51
31 42 6 68
32 43 75 29
33 34 15 89
33 44 64 49
34 35 4 93
34 45 43 49
35 36 40 45
35 46 9 83
36 37 92 35
36 47 49 41
37 38 73 49
37 48 86 22
38 39 17 78
38 49 5 92
39 40 32 67
39 50 16 65
40 41 31 74
40 51 68 42
41 42 23 43
41 52 50 52
42 43 86 44
42 53 30 43
43 54 66 65
44 45 14 45
44 55 95 4
45 46 31 67
45 56 36 61
46 47 98 28
46 57 4 96
47 48 83 25
47 58 94 17
48 49 44 61
48 59 8 58
49 50 2 56
49 60 91 33
50 51 80 13
50 61 13 47
51 52 29 47
51 62 40 45
52 53 36 36
52 63 68 39
53 54 9 85
53 64 44 31
54 65 92 34
55 56 59 59
56 57 76 31
57 58 60 50
58 59 42 58
59 60 91 35
60 61 29 57
61 62 8 47
62 63 14 62
63 64 76 50
64 65 62 67
