0 1 73 34
0 34 9 84
1 2 65 40
1 35 47 49
2 3 86 21
2 36 77 30
3 4 58 47
3 37 38 62
4 5 65 30
4 38 95 16
5 6 40 52
5 39 88 17
6 7 96 15
6 40 45 49
7 8 72 25
7 41 3 85
8 9 49 54
8 42 4 96
9 10 40 60
9 43 32 68
10 11 95 11
10 44 70 25
11 12 72 33
11 45 41 59
12 13 95 11
12 46 70 37
13 14 30 60
13 47 92 16
14 15 88 13
14 48 30 71
15 16 69 31
15 49 78 30
16 17 66 35
16 50 0 98
17 18 27 72
17 51 34 63
18 19 98 10
18 52 77 23
19 20 10 90
19 53 62 33
20 21 28 73
20 54 48 52
21 22 12 84
21 55 16 79
22 23 5 93
22 56 52 46
23 24 60 35
23 57 79 22
24 25 13 75
24 58 3 85
25 26 81 16
25 59 43 54
26 27 59 40
26 60 3 89
27 28 16 80
27 61 92 8
28 29 2 88
28 62 76 31
29 30 8 92
29 63 84 13
30 31 36 59
30 64 32 65
31 32 52 48
31 65 62 38
32 33 63 36
32 66 83 14
33 67 56 42
34 35 82 19
35 36 38 63
36 37 35 68
37 38 34 69
38 39 65 34
39 40 75 31
40 41 79 21
41 42 91 20
42 43 19 75
43 44 16 80
44 45 41 59
45 46 74 25
46 47 29 64
47 48 9 79
48 49 94 10
49 50 29 70
50 51 72 32
51 52 28 64
52 53 12 87
53 54 18 80
54 55 48 52
55 56 79 23
56 57 18 81
57 58 50 51
58 59 13 76
59 60 37 54
60 61 77 21
61 62 93 17
62 63 50 44
63 64 31 71
64 65 92 16
65 66 16 84
66 67 41 53
