0 1 80 26
0 10 5 93
1 2 24 69
1 11 23 78
2 3 6 92
2 12 15 77
3 4 65 30
3 13 29 71
4 5 34 67
4 14 53 51
5 6 25 64
5 15 63 38
6 7 38 55
6 16 78 29
7 8 54 43
7 17 32 69
8 9 58 40
8 18 35 57
9 19 83 22
10 11 38 57
10 20 96 13
11 12 90 19
11 21 91 21
12 13 48 54
12 22 94 11
13 14 26 62
13 23 98 11
14 15 21 72
14 24 90 17
15 16 99 0
15 25 34 57
16 17 74 26
16 26 26 67
17 18 14 87
17 27 60 39
18 19 73 36
18 28 66 42
19 29 7 83
20 21 23 78
20 30 51 44
21 22 42 57
21 31 24 65
22 23 58 45
22 32 85 17
23 24 81 25
23 33 2 94
24 25 81 17
24 34 76 28
25 26 23 68
25 35 5 94
26 27 60 37
26 36 85 27
27 28 71 36
27 37 10 87
28 29 50 56
28 38 85 18
29 39 43 63
30 31 21 67
30 40 42 56
31 32 96 5
31 41 84 26
32 33 38 58
32 42 35 61
33 34 1 84
33 43 50 46
34 35 44 54
34 44 55 42
35 36 50 44
35 45 36 60
36 37 38 64
36 46 6 92
37 38 83 16
37 47 93 10
38 39 96 11
38 48 75 31
39 49 14 76
40 41 15 80
40 50 60 48
41 42 25 71
41 51 35 60
42 43 94 9
42 52 64 42
43 44 30 69
43 53 63 36
44 45 74 24
44 54 14 78
45 46 67 39
45 55 78 28
46 47 66 32
46 56 76 27
47 48 3 94
47 57 31 64
48 49 0 94
48 58 46 58
49 59 69 26
50 51 22 73
50 60 48 47
51 52 3 86
51 61 36 66
52 53 85 21
52 62 88 10
53 54 51 48
53 63 58 47
54 55 1 86
54 64 78 30
55 56 63 34
55 65 72 28
56 57 19 69
56 66 65 29
57 58 36 55
57 67 66 30
58 59 50 50
58 68 54 49
59 69 7 84
60 61 75 32
61 62 31 67
62 63 91 11
63 64 22 78
64 65 1 90
65 66 96 6
66 67 83 28
67 68 65 31
68 69 74 27
