0 1 9 69
0 10 92 53
1 2 2 71
1 11 57 86
2 3 27 66
2 12 74 54
3 4 28 59
3 13 20 66
4 5 40 46
4 14 17 37
5 6 55 28
5 15 83 34
6 7 14 29
6 16 44 73
7 8 39 86
7 17 70 30
8 9 94 17
8 18 8 64
9 19 33 28
10 11 48 41
10 20 96 4
11 12 48 70
11 21 69 51
12 13 39 38
12 22 96 73
13 14 80 45
13 23 19 78
14 15 78 32
14 24 93 58
15 16 55 20
15 25 76 67
16 17 65 36
16 26 15 60
17 18 28 38
17 27 62 45
18 19 45 68
18 28 50 80
19 29 7 65
20 21 37 89
20 30 79 38
21 22 51 63
21 31 8 58
22 23 34 68
22 32 44 44
23 24 82 7
23 33 88 60
24 25 32 60
24 34 8 86
25 26 25 48
25 35 16 63
26 27 30 91
26 36 64 61
27 28 66 8
27 37 5 91
28 29 21 67
28 38 11 47
29 39 55 20
30 31 73 35
30 40 44 44
31 32 60 13
31 41 78 47
32 33 72 30
32 42 9 57
33 34 4 55
33 43 85 42
34 35 16 89
34 44 41 89
35 36 13 51
35 45 38 28
36 37 53 39
36 46 39 58
37 38 45 80
37 47 82 4
38 39 83 32
38 48 92 10
39 49 94 25
40 41 76 22
40 50 69 27
41 42 84 9
41 51 45 82
42 43 68 24
42 52 85 42
43 44 59 71
43 53 57 40
44 45 83 16
44 54 61 59
45 46 0 74
45 55 56 70
46 47 4 63
46 56 86 34
47 48 66 19
47 57 20 30
48 49 21 71
48 58 80 43
49 59 0 38
50 51 68 45
50 60 98 49
51 52 34 60
51 61 88 80
52 53 98 32
52 62 18 60
53 54 87 77
53 63 51 39
54 55 92 48
54 64 93 3
55 56 47 37
55 65 48 21
56 57 72 72
56 66 90 15
57 58 85 21
57 67 4 56
58 59 15 25
58 68 3 29
59 69 28 34
60 61 46 40
61 62 41 79
62 63 74 50
63 64 47 14
64 65 14 79
65 66 82 51
66 67 35 54
67 68 42 22
68 69 21 94
