0 1 16 84
0 15 37 91
1 2 60 39
1 16 32 90
2 3 97 29
2 17 11 36
3 4 35 66
3 18 10 43
4 5 7 88
4 19 74 81
5 6 37 59
5 20 7 85
6 7 3 80
6 21 25 72
7 8 17 42
7 22 45 68
8 9 98 15
8 23 32 22
9 10 68 72
9 24 44 71
10 11 35 74
10 25 53 86
11 12 20 93
11 26 74 55
12 13 17 34
12 27 53 87
13 14 97 11
13 28 58 24
14 29 35 30
15 16 2 69
15 30 53 35
16 17 6 39
16 31 99 13
17 18 92 45
17 32 17 27
18 19 72 77
18 33 68 80
19 20 40 42
19 34 0 71
20 21 56 17
20 35 81 69
21 22 15 55
21 36 63 73
22 23 30 14
22 37 41 72
23 24 14 34
23 38 94 65
24 25 78 52
24 39 1 52
25 26 29 61
25 40 8 86
26 27 73 32
26 41 77 8
27 28 42 68
27 42 40 57
28 29 92 64
28 43 48 77
29 44 8 49
30 31 30 83
30 45 48 83
31 32 66 76
31 46 37 85
32 33 68 25
32 47 58 27
33 34 1 97
33 48 16 78
34 35 73 43
34 49 41 65
35 36 62 74
35 50 36 64
36 37 19 16
36 51 93 58
37 38 74 70
37 52 26 65
38 39 79 31
38 53 74 56
39 40 27 83
39 54 33 42
40 41 68 51
40 55 36 34
41 42 65 64
41 56 64 79
42 43 7 93
42 57 70 66
43 44 97 33
43 58 28 14
44 59 56 69
45 46 29 34
45 60 57 45
46 47 69 44
46 61 14 64
47 48 59 58
47 62 41 55
48 49 29 46
48 63 79 40
49 50 96 69
49 64 94 16
50 51 47 85
50 65 97 8
51 52 6 62
51 66 10 60
52 53 28 80
52 67 55 35
53 54 65 17
53 68 84 39
54 55 92 12
54 69 63 85
55 56 25 73
55 70 12 79
56 57 92 54
56 71 2 49
57 58 8 89
57 72 74 73
58 59 8 20
58 73 80 4
59 74 89 2
60 61 62 84
61 62 56 62
62 63 2 89
63 64 56 56
64 65 88 11
65 66 13 33
66 67 90 42
67 68 61 49
68 69 56 10
69 70 54 18
70 71 52 58
71 72 45 88
72 73 80 12
73 74 55 27
