0 1 88 23
0 15 51 41
1 2 82 28
1 16 48 49
2 3 27 63
2 17 53 46
3 4 24 79
3 18 21 75
4 5 53 45
4 19 63 38
5 6 61 39
5 20 41 61
6 7 32 68
6 21 14 86
7 8 39 52
7 22 15 85
8 9 21 76
8 23 20 68
9 10 31 71
9 24 49 52
10 11 53 52
10 25 66 30
11 12 17 74
11 26 62 34
12 13 49 48
12 27 39 60
13 14 23 68
13 28 57 44
14 29 47 50
15 16 23 79
15 30 52 49
16 17 22 66
16 31 87 11
17 18 28 67
17 32 94 17
18 19 12 78
18 33 37 57
19 20 93 17
19 34 1 91
20 21 15 86
20 35 99 4
21 22 13 85
21 36 0 91
22 23 91 6
22 37 1 87
23 24 69 35
23 38 11 79
24 25 49 51
24 39 3 87
25 26 4 83
25 40 3 93
26 27 52 43
26 41 19 71
27 28 20 67
27 42 20 76
28 29 66 39
28 43 99 9
29 44 43 62
30 31 53 51
30 45 78 22
31 32 40 55
31 46 93 14
32 33 59 43
32 47 25 70
33 34 20 82
33 48 37 65
34 35 89 14
34 49 13 84
35 36 4 83
35 50 63 46
36 37 4 91
36 51 27 70
37 38 47 53
37 52 62 42
38 39 67 41
38 53 62 32
39 40 16 77
39 54 43 60
40 41 90 20
40 55 61 36
41 42 61 46
41 56 93 13
42 43 9 90
42 57 28 61
43 44 71 30
43 58 59 36
44 59 57 42
45 46 65 29
45 60 28 64
46 47 97 2
46 61 51 50
47 48 32 57
47 62 32 65
48 49 12 75
48 63 97 11
49 50 8 82
49 64 81 18
50 51 6 89
50 65 96 4
51 52 57 36
51 66 51 43
52 53 83 17
52 67 82 25
53 54 93 9
53 68 80 25
54 55 11 77
54 69 47 47
55 56 5 85
55 70 29 69
56 57 9 83
56 71 6 83
57 58 82 20
57 72 31 63
58 59 62 43
58 73 4 94
59 74 28 75
60 61 94 12
61 62 59 40
62 63 88 19
63 64 10 90
64 65 21 74
65 66 74 30
66 67 1 98
67 68 35 68
68 69 88 15
69 70 58 50
70 71 54 45
71 72 57 41
72 73 72 37
73 74 97 5
