0 1 95 12
0 11 97 13
1 2 90 13
1 12 24 66
2 3 97 3
2 13 41 51
3 4 82 17
3 14 12 83
4 5 22 79
4 15 21 81
5 6 44 52
5 16 65 33
6 7 21 71
6 17 45 48
7 8 18 73
7 18 91 21
8 9 75 25
8 19 45 49
9 10 66 42
9 20 46 54
10 21 42 59
11 12 72 35
11 22 19 82
12 13 49 49
12 23 23 77
13 14 65 39
13 24 55 37
14 15 94 6
14 25 50 54
15 16 35 68
15 26 50 46
16 17 92 8
16 27 59 40
17 18 41 58
17 28 62 37
18 19 21 72
18 29 58 42
19 20 56 42
19 30 26 68
20 21 91 10
20 31 72 27
21 32 14 86
22 23 83 26
22 33 99 1
23 24 9 86
23 34 32 62
24 25 58 43
24 35 63 42
25 26 94 6
25 36 15 80
26 27 74 27
26 37 13 80
27 28 5 91
27 38 68 30
28 29 53 40
28 39 81 18
29 30 19 76
29 40 22 80
30 31 85 19
30 41 59 41
31 32 79 18
31 42 95 4
32 43 1 95
33 34 55 42
33 44 99 9
34 35 96 7
34 45 66 34
35 36 68 29
35 46 59 48
36 37 65 39
36 47 78 20
37 38 70 31
37 48 56 49
38 39 18 81
38 49 57 46
39 40 83 28
39 50 27 65
40 41 47 55
40 51 9 86
41 42 5 91
41 52 52 52
42 43 25 65
42 53 37 66
43 54 95 7
44 45 66 34
44 55 4 94
45 46 90 15
45 56 44 55
46 47 87 22
46 57 5 94
47 48 56 37
47 58 21 69
48 49 94 5
48 59 78 28
49 50 29 64
49 60 46 55
50 51 26 67
50 61 34 63
51 52 39 64
51 62 2 86
52 53 88 11
52 63 75 24
53 54 35 64
53 64 24 73
54 65 60 35
55 56 0 89
55 66 29 60
56 57 73 36
56 67 79 20
57 58 57 47
57 68 12 88
58 59 97 4
58 69 38 61
59 60 71 27
59 70 92 12
60 61 67 31
60 71 2 96
61 62 87 22
61 72 66 30
62 63 27 62
62 73 76 34
63 64 69 38
63 74 27 62
64 65 44 56
64 75 1 88
65 76 25 67
66 67 64 32
67 68 44 60
68 69 98 3
69 70 68 34
70 71 54 41
71 72 46 54
72 73 19 76
73 74 9 79
74 75 41 55
75 76 76 31
