0 1 67 49
0 10 11 56
1 2 62 64
1 11 41 68
2 3 78 53
2 12 83 24
3 4 70 18
3 13 23 74
4 5 18 84
4 14 60 59
5 6 18 84
5 15 49 43
6 7 0 80
6 16 85 49
7 8 40 30
7 17 12 76
8 9 49 53
8 18 34 40
9 19 79 12
10 11 51 38
10 20 11 84
11 12 86 53
11 21 16 86
12 13 37 53
12 22 5 77
13 14 1 78
13 23 32 78
14 15 43 36
14 24 12 86
15 16 5 62
15 25 47 56
16 17 6 57
16 26 94 5
17 18 72 36
17 27 84 50
18 19 6 82
18 28 21 80
19 29 0 79
20 21 67 54
20 30 39 65
21 22 78 45
21 31 1 80
22 23 57 39
22 32 48 34
23 24 57 48
23 33 27 47
24 25 69 48
24 34 32 72
25 26 51 27
25 35 5 78
26 27 46 55
26 36 84 31
27 28 8 47
27 37 33 44
28 29 97 1
28 38 5 60
29 39 59 40
30 31 91 5
30 40 45 60
31 32 32 62
31 41 58 64
32 33 70 47
32 42 76 49
33 34 69 36
33 43 22 73
34 35 20 42
34 44 68 38
35 36 88 46
35 45 81 17
36 37 14 86
36 46 28 52
37 38 0 56
37 47 33 53
38 39 83 32
38 48 98 46
39 49 38 73
40 41 28 64
40 50 39 42
41 42 2 64
41 51 69 27
42 43 45 57
42 52 77 19
43 44 50 28
43 53 72 20
44 45 76 58
44 54 61 39
45 46 31 65
45 55 47 54
46 47 0 96
46 56 35 75
47 48 84 53
47 57 7 96
48 49 73 50
48 58 58 26
49 59 34 55
50 51 23 44
50 60 44 70
51 52 67 38
51 61 81 46
52 53 66 55
52 62 36 59
53 54 21 74
53 63 20 58
54 55 66 61
54 64 43 55
55 56 50 48
55 65 25 55
56 57 97 1
56 66 5 89
57 58 53 67
57 67 9 87
58 59 19 81
58 68 61 34
59 69 86 14
60 61 66 33
60 70 78 30
61 62 82 47
61 71 9 83
62 63 8 80
62 72 77 57
63 64 53 66
63 73 20 44
64 65 86 33
64 74 22 38
65 66 90 39
65 75 22 69
66 67 43 43
66 76 97 13
67 68 52 65
67 77 90 38
68 69 76 32
68 78 48 47
69 79 27 79
70 71 33 52
71 72 33 67
72 73 69 33
73 74 94 27
74 75 32 80
75 76 82 53
76 77 48 38
77 78 84 51
78 79 0 70
