0 1 10 87
0 41 39 52
1 2 56 40
1 42 24 77
2 3 37 65
2 43 65 43
3 4 46 51
3 44 93 16
4 5 58 47
4 45 37 63
5 6 62 40
5 46 14 87
6 7 2 86
6 47 59 34
7 8 28 75
7 48 96 14
8 9 88 20
8 49 0 98
9 10 42 49
9 50 96 16
10 11 29 73
10 51 42 55
11 12 32 57
11 52 82 23
12 13 80 19
12 53 76 21
13 14 28 71
13 54 74 29
14 15 57 42
14 55 53 41
15 16 33 70
15 56 6 85
16 17 13 77
16 57 9 81
17 18 19 80
17 58 81 17
18 19 60 47
18 59 4 82
19 20 5 90
19 60 21 79
20 21 91 10
20 61 76 21
21 22 91 16
21 62 39 63
22 23 78 30
22 63 38 63
23 24 16 73
23 64 99 12
24 25 87 17
24 65 24 71
25 26 5 90
25 66 60 47
26 27 31 68
26 67 51 48
27 28 2 84
27 68 64 34
28 29 14 74
28 69 80 24
29 30 37 57
29 70 42 63
30 31 49 54
30 71 90 21
31 32 72 24
31 72 8 88
32 33 9 78
32 73 92 9
33 34 41 53
33 74 16 75
34 35 22 72
34 75 62 38
35 36 60 39
35 76 6 93
36 37 78 19
36 77 67 38
37 38 13 88
37 78 94 13
38 39 49 53
38 79 94 7
39 40 30 66
39 80 43 48
40 81 59 44
41 42 82 17
42 43 73 34
43 44 64 31
44 45 5 87
45 46 99 6
46 47 10 77
47 48 52 44
48 49 6 84
49 50 7 78
50 51 0 92
51 52 34 66
52 53 98 5
53 54 66 36
54 55 46 60
55 56 48 57
56 57 64 38
57 58 36 59
58 59 82 28
59 60 23 78
60 61 22 71
61 62 39 54
62 63 80 18
63 64 24 75
64 65 39 56
65 66 37 61
66 67 13 81
67 68 16 74
68 69 41 49
69 70 18 72
70 71 90 13
71 72 18 77
72 73 82 22
73 74 57 48
74 75 8 80
75 76 39 60
76 77 52 50
77 78 56 51
78 79 4 85
79 80 3 96
80 81 60 35
