0 1 75 42
0 41 58 41
1 2 21 44
1 42 16 67
2 3 48 33
2 43 21 59
3 4 79 21
3 44 65 27
4 5 38 46
4 45 70 25
5 6 5 48
5 46 26 41
6 7 44 50
6 47 21 49
7 8 25 75
7 48 95 50
8 9 12 86
8 49 69 62
9 10 27 59
9 50 63 52
10 11 18 56
10 51 12 68
11 12 91 50
11 52 0 54
12 13 59 37
12 53 11 69
13 14 3 85
13 54 75 21
14 15 65 37
14 55 74 27
15 16 10 87
15 56 49 43
16 17 49 43
16 57 32 46
17 18 14 43
17 58 44 62
18 19 44 76
18 59 94 21
19 20 58 65
19 60 75 60
20 21 16 58
20 61 86 12
21 22 12 64
21 62 38 69
22 23 87 17
22 63 83 49
23 24 24 42
23 64 22 81
24 25 46 45
24 65 25 49
25 26 20 88
25 66 51 70
26 27 29 54
26 67 45 28
27 28 1 53
27 68 56 50
28 29 21 87
28 69 0 90
29 30 68 17
29 70 92 4
30 31 46 56
30 71 39 62
31 32 22 76
31 72 45 49
32 33 41 39
32 73 24 85
33 34 39 66
33 74 30 65
34 35 93 15
34 75 84 32
35 36 82 15
35 76 1 50
36 37 29 48
36 77 79 24
37 38 90 19
37 78 48 75
38 39 37 74
38 79 83 45
39 40 8 94
39 80 58 54
40 81 59 40
41 42 31 48
42 43 25 40
43 44 71 19
44 45 14 71
45 46 57 28
46 47 54 65
47 48 27 36
48 49 78 41
49 50 73 45
50 51 7 67
51 52 25 60
52 53 67 34
53 54 55 40
54 55 36 61
55 56 51 35
56 57 24 70
57 58 95 49
58 59 95 41
59 60 17 45
60 61 45 69
61 62 62 65
62 63 69 47
63 64 96 16
64 65 23 80
65 66 40 40
66 67 95 51
67 68 26 45
68 69 17 63
69 70 75 44
70 71 60 59
71 72 30 57
72 73 16 74
73 74 44 51
74 75 86 27
75 76 57 25
76 77 13 50
77 78 10 56
78 79 74 45
79 80 85 39
80 81 15 49
