0 1 82 18
0 43 4 64
1 2 79 39
1 44 41 40
2 3 68 57
2 45 58 34
3 4 36 63
3 46 56 30
4 5 56 71
4 47 78 11
5 6 38 70
5 48 0 80
6 7 34 34
6 49 52 60
7 8 5 86
7 50 72 51
8 9 17 47
8 51 45 38
9 10 13 64
9 52 10 74
10 11 8 68
10 53 69 64
11 12 94 10
11 54 89 10
12 13 34 41
12 55 89 29
13 14 37 76
13 56 13 71
14 15 68 40
14 57 84 50
15 16 5 91
15 58 12 47
16 17 11 62
16 59 80 39
17 18 62 38
17 60 25 85
18 19 28 81
18 61 8 66
19 20 22 80
19 62 25 56
20 21 96 4
20 63 73 45
21 22 57 61
21 64 83 53
22 23 4 81
22 65 25 82
23 24 18 49
23 66 0 59
24 25 17 72
24 67 81 15
25 26 5 79
25 68 96 2
26 27 24 43
26 69 84 23
27 28 65 27
27 70 1 75
28 29 83 53
28 71 47 34
29 30 8 52
29 72 35 58
30 31 10 78
30 73 40 45
31 32 39 31
31 74 16 57
32 33 53 26
32 75 13 82
33 34 19 77
33 76 2 63
34 35 69 28
34 77 42 63
35 36 48 59
35 78 82 40
36 37 18 77
36 79 12 80
37 38 50 53
37 80 35 78
38 39 93 19
38 81 42 44
39 40 83 21
39 82 32 81
40 41 72 27
40 83 7 81
41 42 34 76
41 84 79 42
42 85 25 70
43 44 39 68
44 45 21 86
45 46 57 38
46 47 93 18
47 48 38 32
48 49 27 37
49 50 72 18
50 51 13 88
51 52 89 6
52 53 16 82
53 54 49 65
54 55 1 60
55 56 90 52
56 57 21 66
57 58 62 59
58 59 56 68
59 60 51 53
60 61 31 38
61 62 12 61
62 63 9 70
63 64 71 36
64 65 33 47
65 66 89 22
66 67 80 38
67 68 91 20
68 69 54 68
69 70 41 52
70 71 60 35
71 72 44 68
72 73 74 39
73 74 75 13
74 75 86 9
75 76 28 78
76 77 61 63
77 78 75 48
78 79 10 86
79 80 94 17
80 81 99 37
81 82 39 71
82 83 3 49
83 84 8 46
84 85 5 79
