0 1 4 88
0 10 18 45
1 2 1 47
1 11 8 44
2 3 99 13
2 12 1 40
3 4 75 7
3 13 17 73
4 5 2 95
4 14 68 41
5 6 12 60
5 15 85 46
6 7 13 22
6 16 43 14
7 8 78 49
7 17 44 34
8 9 93 62
8 18 86 51
9 19 28 86
10 11 20 34
10 20 31 40
11 12 39 63
11 21 49 39
12 13 37 39
12 22 28 38
13 14 40 32
13 23 82 55
14 15 34 65
14 24 57 35
15 16 37 50
15 25 92 76
16 17 25 32
16 26 53 64
17 18 80 68
17 27 14 30
18 19 53 54
18 28 1 38
19 29 31 86
20 21 61 32
20 30 95 35
21 22 98 32
21 31 85 15
22 23 40 77
22 32 78 83
23 24 40 76
23 33 6 84
24 25 20 35
24 34 74 16
25 26 55 68
25 35 92 15
26 27 5 88
26 36 25 57
27 28 92 3
27 37 57 73
28 29 56 31
28 38 17 24
29 39 82 49
30 31 33 19
30 40 4 65
31 32 53 65
31 41 18 30
32 33 92 71
32 42 99 50
33 34 93 19
33 43 54 39
34 35 98 40
34 44 77 5
35 36 93 69
35 45 77 83
36 37 92 34
36 46 33 35
37 38 97 2
37 47 72 60
38 39 97 56
38 48 52 10
39 49 76 74
40 41 77 57
40 50 74 35
41 42 44 58
41 51 42 79
42 43 60 63
42 52 3 19
43 44 98 16
43 53 37 57
44 45 77 53
44 54 75 33
45 46 48 45
45 55 80 79
46 47 3 76
46 56 22 91
47 48 92 69
47 57 30 73
48 49 30 93
48 58 90 61
49 59 3 78
50 51 25 65
50 60 53 16
51 52 65 51
51 61 53 82
52 53 96 80
52 62 87 12
53 54 58 26
53 63 7 71
54 55 7 77
54 64 55 32
55 56 5 55
55 65 32 63
56 57 13 48
56 66 23 46
57 58 7 40
57 67 7 34
58 59 82 40
58 68 37 18
59 69 70 24
60 61 18 46
60 70 58 39
61 62 66 75
61 71 91 6
62 63 13 80
62 72 35 62
63 64 81 12
63 73 42 15
64 65 50 46
64 74 35 66
65 66 87 49
65 75 11 59
66 67 33 63
66 76 5 82
67 68 93 34
67 77 50 17
68 69 74 24
68 78 51 52
69 79 40 91
70 71 48 25
70 80 83 60
71 72 0 92
71 81 5 93
72 73 30 87
72 82 89 3
73 74 5 76
73 83 85 14
74 75 38 69
74 84 45 76
75 76 44 60
75 85 6 31
76 77 48 40
76 86 29 47
77 78 16 52
77 87 0 59
78 79 96 24
78 88 38 74
79 89 10 49
80 81 53 38
81 82 19 23
82 83 41 44
83 84 9 80
84 85 34 13
85 86 49 79
86 87 61 33
87 88 62 49
88 89 3 82
