0 1 47 62
0 31 46 47
1 2 46 51
1 32 93 15
2 3 60 29
2 33 35 56
3 4 3 67
3 34 89 53
4 5 44 33
4 35 46 73
5 6 9 70
5 36 54 29
6 7 70 34
6 37 72 31
7 8 23 45
7 38 86 38
8 9 91 4
8 39 14 54
9 10 6 72
9 40 82 30
10 11 70 57
10 41 71 19
11 12 46 59
11 42 68 21
12 13 98 45
12 43 70 34
13 14 94 43
13 44 94 3
14 15 46 33
14 45 48 75
15 16 62 52
15 46 35 51
16 17 13 47
16 47 44 49
17 18 19 82
17 48 99 22
18 19 19 76
18 49 83 10
19 20 79 46
19 50 53 68
20 21 52 71
20 51 85 15
21 22 6 48
21 52 87 9
22 23 1 94
22 53 70 29
23 24 81 59
23 54 25 75
24 25 16 78
24 55 62 20
25 26 43 54
25 56 32 70
26 27 0 76
26 57 93 26
27 28 79 42
27 58 59 32
28 29 2 96
28 59 1 77
29 30 52 53
29 60 1 55
30 61 97 47
31 32 1 54
31 62 49 69
32 33 56 63
32 63 64 57
33 34 95 22
33 64 46 36
34 35 38 62
34 65 53 50
35 36 72 52
35 66 47 62
36 37 31 76
36 67 9 93
37 38 88 29
37 68 56 46
38 39 14 82
38 69 33 62
39 40 94 8
39 70 22 41
40 41 33 58
40 71 90 26
41 42 36 50
41 72 5 50
42 43 96 24
42 73 3 95
43 44 7 88
43 74 66 65
44 45 82 48
44 75 58 65
45 46 46 68
45 76 48 52
46 47 62 24
46 77 88 44
47 48 77 30
47 78 85 43
48 49 76 57
48 79 46 65
49 50 42 48
49 80 2 71
50 51 80 43
50 81 48 62
51 52 55 23
51 82 31 72
52 53 85 33
52 83 7 86
53 54 51 43
53 84 34 70
54 55 89 14
54 85 10 78
55 56 20 77
55 86 53 52
56 57 99 14
56 87 96 11
57 58 47 37
57 88 50 40
58 59 10 92
58 89 32 81
59 60 84 23
59 90 48 72
60 61 81 30
60 91 32 81
61 92 48 45
62 63 91 8
63 64 52 56
64 65 6 92
65 66 41 77
66 67 31 67
67 68 24 78
68 69 62 42
69 70 47 68
70 71 60 23
71 72 49 50
72 73 69 37
73 74 51 31
74 75 82 13
75 76 67 40
76 77 59 59
77 78 93 52
78 79 58 66
79 80 64 30
80 81 32 71
81 82 16 66
82 83 16 56
83 84 28 68
84 85 0 66
85 86 82 51
86 87 86 20
87 88 43 42
88 89 38 56
89 90 20 67
90 91 71 58
91 92 22 40
