0 1 55 56
0 48 42 74
1 2 54 24
1 49 68 16
2 3 80 19
2 50 73 59
3 4 61 55
3 51 80 47
4 5 13 90
4 52 5 92
5 6 94 44
5 53 29 54
6 7 12 70
6 54 6 76
7 8 4 53
7 55 64 34
8 9 48 64
8 56 92 45
9 10 45 36
9 57 33 58
10 11 15 42
10 58 83 41
11 12 5 65
11 59 13 46
12 13 31 65
12 60 5 82
13 14 38 51
13 61 94 9
14 15 63 54
14 62 26 66
15 16 28 83
15 63 25 84
16 17 58 46
16 64 84 27
17 18 69 51
17 65 96 34
18 19 37 74
18 66 53 48
19 20 25 43
19 67 68 62
20 21 86 28
20 68 75 31
21 22 65 33
21 69 67 57
22 23 88 36
22 70 33 36
23 24 65 64
23 71 35 35
24 25 36 44
24 72 12 60
25 26 98 38
25 73 10 47
26 27 31 37
26 74 66 23
27 28 29 53
27 75 52 67
28 29 39 70
28 76 30 59
29 30 18 82
29 77 66 66
30 31 2 78
30 78 51 45
31 32 41 35
31 79 30 58
32 33 2 68
32 80 27 43
33 34 1 52
33 81 62 33
34 35 62 50
34 82 28 53
35 36 27 54
35 83 46 61
36 37 60 25
36 84 37 35
37 38 42 49
37 85 64 41
38 39 36 65
38 86 25 39
39 40 65 24
39 87 93 24
40 41 22 78
40 88 49 64
41 42 86 7
41 89 62 27
42 43 45 42
42 90 64 33
43 44 71 29
43 91 7 96
44 45 0 68
44 92 70 20
45 46 84 47
45 93 43 32
46 47 0 57
46 94 96 3
47 95 61 58
48 49 99 2
49 50 36 71
50 51 73 25
51 52 72 40
52 53 96 12
53 54 73 30
54 55 30 45
55 56 13 52
56 57 82 24
57 58 76 50
58 59 36 66
59 60 26 85
60 61 83 47
61 62 32 54
62 63 39 42
63 64 96 43
64 65 28 53
65 66 83 56
66 67 48 63
67 68 85 49
68 69 41 32
69 70 80 45
70 71 73 20
71 72 28 79
72 73 46 33
73 74 97 14
74 75 65 29
75 76 95 44
76 77 86 15
77 78 34 68
78 79 3 86
79 80 90 52
80 81 33 61
81 82 6 88
82 83 80 49
83 84 54 35
84 85 0 91
85 86 50 66
86 87 16 70
87 88 82 46
88 89 24 55
89 90 78 14
90 91 69 44
91 92 82 14
92 93 49 70
93 94 8 91
94 95 57 33
