7 21
0 1 59 38 60
0 2 47 58 18
0 3 9 15 38
0 4 28 54 48
0 5 7 5 76
0 6 88 96 96
1 2 72 67 87
1 3 52 89 45
1 4 73 21 26
1 5 93 52 43
1 6 23 34 34
2 3 11 53 80
2 4 27 25 10
2 5 32 31 81
2 6 52 21 32
3 4 44 43 30
3 5 50 77 11
3 6 93 98 97
4 5 94 28 62
4 6 63 43 56
5 6 9 47 5
0 5
0 6
0 17
1 5
1 6
1 7
1 17
2 0
2 3
2 5
2 6
2 7
2 9
2 11
2 13
2 17
2 18
2 19
3 5
3 6
3 17
4 5
4 6
4 11
4 13
4 17
5 17
6 5
6 17
7 5
7 17
8 5
8 9
8 17
8 18
9 17
10 0
10 3
10 5
10 6
10 7
10 9
10 17
10 19
11 5
11 6
11 17
12 0
12 1
12 3
12 5
12 6
12 7
12 9
12 13
12 15
12 16
12 17
12 18
12 19
13 5
13 6
13 17
14 0
14 5
14 6
14 7
14 9
14 17
14 18
14 19
15 5
15 6
15 7
15 9
15 17
15 19
16 5
16 7
16 17
19 5
19 6
19 17
20 1
20 3
20 5
20 6
20 7
20 9
20 11
20 16
20 17