10
0 1 54 79 75
0 2 60 48 59
0 3 18 4 73
0 4 17 14 32
0 5 0 8 0
0 6 58 14 13
0 7 5 38 21
0 8 67 88 81
0 9 5 5 11
1 2 63 82 36
1 3 2 68 69
1 4 68 65 89
1 5 25 6 63
1 6 45 82 18
1 7 53 21 67
1 8 46 74 32
1 9 2 72 42
2 3 52 68 51
2 4 34 18 30
2 5 14 59 39
2 6 19 62 81
2 7 87 97 80
2 8 41 15 38
2 9 85 83 33
3 4 68 26 15
3 5 9 70 62
3 6 79 56 31
3 7 96 59 84
3 8 58 57 75
3 9 39 61 69
4 5 91 51 63
4 6 12 69 49
4 7 17 7 8
4 8 51 50 55
4 9 62 32 32
5 6 9 11 50
5 7 29 7 83
5 8 7 65 58
5 9 79 54 51
6 7 92 46 29
6 8 41 15 35
6 9 32 27 64
7 8 67 85 20
7 9 72 71 72
8 9 84 42 23
