10
0 1 27 17 14
0 2 54 47 61
0 3 20 15 53
0 4 10 49 27
0 5 15 27 44
0 6 6 37 30
0 7 80 64 67
0 8 2 30 29
0 9 53 48 31
1 2 87 73 82
1 3 31 29 17
1 4 91 47 62
1 5 3 19 44
1 6 36 20 35
1 7 3 8 37
1 8 56 31 35
1 9 38 57 29
2 3 45 42 47
2 4 52 52 38
2 5 78 78 45
2 6 90 49 92
2 7 23 12 61
2 8 67 57 66
2 9 65 56 58
3 4 6 39 23
3 5 93 81 56
3 6 13 39 29
3 7 22 43 28
3 8 25 56 38
3 9 8 46 49
4 5 72 56 70
4 6 39 37 28
4 7 88 67 91
4 8 15 34 48
4 9 35 54 42
5 6 50 74 41
5 7 77 49 61
5 8 91 75 74
5 9 83 69 59
6 7 96 55 60
6 8 31 46 53
6 9 21 17 23
7 8 6 17 5
7 9 50 43 68
8 9 43 66 35
