12
0 1 70 76 62
0 2 43 33 56
0 3 75 71 26
0 4 44 62 59
0 5 46 28 13
0 6 49 55 14
0 7 79 36 29
0 8 69 45 91
0 9 41 73 31
0 10 32 47 72
0 11 30 57 55
1 2 18 19 27
1 3 47 58 68
1 4 87 66 29
1 5 18 22 30
1 6 95 83 26
1 7 25 7 40
1 8 17 26 41
1 9 84 63 48
1 10 63 18 53
1 11 56 72 16
2 3 86 57 56
2 4 80 43 45
2 5 43 8 20
2 6 4 2 72
2 7 17 72 14
2 8 74 86 26
2 9 64 82 28
2 10 77 69 47
2 11 61 47 67
3 4 81 60 90
3 5 88 86 18
3 6 42 24 73
3 7 29 76 66
3 8 39 9 83
3 9 17 26 81
3 10 81 80 91
3 11 46 15 65
4 5 82 87 88
4 6 38 73 77
4 7 16 65 31
4 8 46 23 25
4 9 59 23 26
4 10 59 34 18
4 11 85 39 29
5 6 23 28 38
5 7 15 14 50
5 8 0 59 36
5 9 8 9 24
5 10 42 44 15
5 11 92 54 71
6 7 77 42 36
6 8 48 28 52
6 9 70 43 20
6 10 34 49 49
6 11 50 67 32
7 8 26 50 80
7 9 46 31 61
7 10 92 32 77
7 11 72 27 67
8 9 49 25 31
8 10 66 54 79
8 11 46 41 77
9 10 5 74 6
9 11 15 37 7
10 11 60 53 31
