12
0 1 41 29 47
0 2 87 92 59
0 3 76 80 46
0 4 86 46 66
0 5 59 65 33
0 6 93 72 47
0 7 0 35 20
0 8 48 25 69
0 9 31 47 63
0 10 97 82 57
0 11 45 25 28
1 2 70 73 46
1 3 51 31 41
1 4 92 93 92
1 5 71 62 55
1 6 95 70 52
1 7 70 66 44
1 8 0 36 25
1 9 2 44 50
1 10 11 40 45
1 11 21 16 16
2 3 96 91 59
2 4 55 60 44
2 5 97 89 65
2 6 62 46 50
2 7 37 67 31
2 8 50 43 44
2 9 1 36 32
2 10 98 73 76
2 11 37 20 25
3 4 26 33 62
3 5 42 34 26
3 6 96 54 69
3 7 98 65 99
3 8 64 64 75
3 9 41 45 44
3 10 72 45 55
3 11 62 48 73
4 5 8 43 35
4 6 70 72 53
4 7 48 32 39
4 8 38 32 30
4 9 49 52 50
4 10 36 34 64
4 11 7 50 43
5 6 14 21 21
5 7 67 61 81
5 8 52 48 53
5 9 65 63 42
5 10 25 27 17
5 11 25 24 29
6 7 12 48 8
6 8 8 30 43
6 9 96 79 55
6 10 37 48 56
6 11 80 49 77
7 8 42 42 61
7 9 50 28 34
7 10 80 86 77
7 11 38 38 21
8 9 93 87 56
8 10 12 19 27
8 11 94 86 75
9 10 19 40 15
9 11 85 69 49
10 11 53 38 33
