15
0 1 42 53 43
0 2 41 46 34
0 3 82 66 50
0 4 58 36 71
0 5 9 8 6
0 6 29 62 56
0 7 82 78 51
0 8 61 77 32
0 9 34 41 28
0 10 66 51 72
0 11 98 51 84
0 12 87 84 55
0 13 33 51 58
0 14 96 68 71
1 2 11 44 44
1 3 7 41 33
1 4 4 44 23
1 5 11 37 15
1 6 82 70 43
1 7 86 77 69
1 8 43 52 38
1 9 78 59 54
1 10 39 26 37
1 11 86 71 44
1 12 72 59 66
1 13 0 34 4
1 14 38 44 63
2 3 36 63 60
2 4 18 59 33
2 5 28 33 16
2 6 21 13 34
2 7 7 50 12
2 8 69 48 49
2 9 22 16 52
2 10 48 63 46
2 11 60 32 59
2 12 80 73 56
2 13 39 28 49
2 14 29 40 23
3 4 44 28 47
3 5 37 49 38
3 6 36 18 52
3 7 16 43 51
3 8 76 50 66
3 9 71 59 49
3 10 72 50 71
3 11 44 51 66
3 12 37 35 50
3 13 69 51 59
3 14 8 51 22
4 5 2 2 25
4 6 40 39 52
4 7 64 60 81
4 8 89 70 56
4 9 31 39 41
4 10 6 50 19
4 11 15 16 35
4 12 69 82 50
4 13 19 18 25
4 14 62 42 66
5 6 7 21 44
5 7 31 49 36
5 8 69 56 47
5 9 22 36 59
5 10 37 55 59
5 11 85 88 75
5 12 23 30 21
5 13 86 48 69
5 14 94 82 65
6 7 89 76 58
6 8 21 54 28
6 9 40 68 20
6 10 22 47 36
6 11 5 49 13
6 12 92 59 49
6 13 73 56 65
6 14 63 67 79
7 8 71 73 59
7 9 46 35 57
7 10 52 33 30
7 11 26 53 21
7 12 50 72 61
7 13 2 43 8
7 14 63 69 36
8 9 56 35 66
8 10 6 15 52
8 11 32 33 60
8 12 94 66 68
8 13 71 49 53
8 14 18 22 38
9 10 28 19 48
9 11 30 64 60
9 12 95 93 70
9 13 59 41 54
9 14 65 79 33
10 11 17 33 33
10 12 18 26 11
10 13 67 34 56
10 14 76 58 84
11 12 26 37 37
11 13 6 14 14
11 14 53 73 70
12 13 88 85 86
12 14 56 77 40
13 14 4 24 4
