17
0 1 29 37 37
0 2 18 26 22
0 3 90 89 84
0 4 75 77 71
0 5 17 15 16
0 6 12 25 23
0 7 74 73 65
0 8 89 87 91
0 9 57 62 50
0 10 94 85 93
0 11 36 38 36
0 12 78 79 69
0 13 45 46 53
0 14 81 72 83
0 15 52 52 52
0 16 80 77 75
1 2 85 80 73
1 3 44 47 48
1 4 95 95 85
1 5 78 73 74
1 6 5 5 14
1 7 1 4 7
1 8 75 66 65
1 9 58 53 53
1 10 91 84 92
1 11 61 65 53
1 12 82 83 85
1 13 0 15 1
1 14 13 11 20
1 15 84 75 76
1 16 2 11 9
2 3 16 26 25
2 4 55 52 50
2 5 27 29 23
2 6 12 20 16
2 7 55 59 52
2 8 2 5 7
2 9 67 64 62
2 10 64 62 60
2 11 52 56 55
2 12 41 49 50
2 13 7 19 16
2 14 13 22 19
2 15 78 77 68
2 16 80 80 79
3 4 80 81 76
3 5 19 31 20
3 6 90 78 77
3 7 14 23 24
3 8 62 60 57
3 9 75 65 66
3 10 33 37 32
3 11 28 32 29
3 12 63 58 67
3 13 23 33 26
3 14 38 44 44
3 15 86 78 77
3 16 17 16 22
4 5 20 22 18
4 6 63 61 58
4 7 92 79 87
4 8 8 10 10
4 9 8 9 12
4 10 21 27 33
4 11 36 43 34
4 12 46 51 50
4 13 95 83 87
4 14 76 74 77
4 15 72 67 61
4 16 35 33 33
5 6 56 60 50
5 7 24 27 27
5 8 47 51 52
5 9 67 69 66
5 10 23 23 20
5 11 52 56 49
5 12 15 17 26
5 13 7 10 20
5 14 58 52 62
5 15 30 28 38
5 16 88 85 87
6 7 30 35 34
6 8 63 55 54
6 9 61 59 61
6 10 93 92 92
6 11 59 53 51
6 12 28 24 36
6 13 52 57 45
6 14 81 70 73
6 15 78 78 76
6 16 69 59 64
7 8 73 67 66
7 9 6 16 14
7 10 17 22 19
7 11 91 79 87
7 12 20 21 22
7 13 78 73 81
7 14 46 47 53
7 15 41 45 36
7 16 60 55 51
8 9 73 75 67
8 10 92 93 82
8 11 35 31 30
8 12 73 73 65
8 13 17 25 21
8 14 22 28 33
8 15 19 20 17
8 16 91 89 83
9 10 4 8 5
9 11 32 30 32
9 12 31 29 30
9 13 70 72 63
9 14 53 46 60
9 15 78 68 80
9 16 92 85 88
10 11 80 82 72
10 12 29 30 28
10 13 74 74 74
10 14 3 15 17
10 15 62 67 59
10 16 80 71 71
11 12 86 83 82
11 13 63 54 68
11 14 44 41 45
11 15 2 17 16
11 16 98 87 96
12 13 73 76 65
12 14 55 57 62
12 15 47 40 44
12 16 93 87 92
13 14 9 20 16
13 15 60 55 58
13 16 10 22 14
14 15 39 44 37
14 16 33 29 40
15 16 26 26 35
