22
0 1 9 21 9
0 2 33 42 40
0 3 51 47 44
0 4 76 80 79
0 5 54 46 53
0 6 37 33 32
0 7 63 57 57
0 8 31 38 40
0 9 15 15 26
0 10 60 53 56
0 11 66 61 67
0 12 39 34 42
0 13 86 77 83
0 14 2 8 16
0 15 85 85 77
0 16 55 48 60
0 17 23 33 30
0 18 36 35 40
0 19 62 60 56
0 20 27 28 25
0 21 19 21 19
1 2 75 78 66
1 3 55 49 57
1 4 19 21 23
1 5 58 58 60
1 6 78 78 72
1 7 33 38 36
1 8 7 17 13
1 9 33 29 29
1 10 26 24 23
1 11 74 69 64
1 12 56 60 49
1 13 86 81 79
1 14 17 17 20
1 15 76 67 73
1 16 53 49 56
1 17 22 32 19
1 18 60 64 59
1 19 49 45 52
1 20 83 73 74
1 21 90 80 91
2 3 73 63 67
2 4 34 35 32
2 5 15 15 20
2 6 69 65 60
2 7 58 61 62
2 8 7 6 8
2 9 89 90 87
2 10 13 12 17
2 11 52 44 49
2 12 95 83 89
2 13 58 55 56
2 14 92 87 79
2 15 95 91 84
2 16 85 84 77
2 17 74 64 68
2 18 16 20 15
2 19 27 27 35
2 20 51 57 48
2 21 80 77 72
3 4 66 61 69
3 5 69 60 71
3 6 24 25 32
3 7 5 4 10
3 8 61 64 53
3 9 1 12 5
3 10 93 90 87
3 11 15 20 16
3 12 68 67 60
3 13 74 68 74
3 14 56 50 61
3 15 41 42 39
3 16 59 55 56
3 17 32 33 37
3 18 71 72 68
3 19 25 28 31
3 20 58 51 60
3 21 58 52 53
4 5 6 15 15
4 6 46 51 47
4 7 81 76 78
4 8 7 6 12
4 9 36 41 32
4 10 83 82 81
4 11 3 4 16
4 12 7 10 10
4 13 52 45 45
4 14 12 21 12
4 15 68 62 61
4 16 32 33 38
4 17 67 72 63
4 18 83 78 79
4 19 52 47 48
4 20 38 41 44
4 21 87 82 77
5 6 58 61 53
5 7 1 6 2
5 8 60 62 57
5 9 51 50 54
5 10 49 49 47
5 11 57 50 62
5 12 44 42 45
5 13 93 90 86
5 14 47 54 52
5 15 4 16 14
5 16 29 39 31
5 17 21 31 22
5 18 50 45 46
5 19 68 70 64
5 20 61 59 55
5 21 66 71 68
6 7 45 44 46
6 8 39 48 36
6 9 39 42 45
6 10 63 64 68
6 11 60 53 56
6 12 31 40 28
6 13 44 49 44
6 14 56 60 54
6 15 37 44 46
6 16 28 26 33
6 17 66 64 63
6 18 45 49 53
6 19 17 28 25
6 20 89 80 89
6 21 55 50 58
7 8 55 59 52
7 9 95 84 90
7 10 60 51 65
7 11 95 84 82
7 12 96 90 87
7 13 86 83 83
7 14 77 79 70
7 15 9 16 18
7 16 44 45 47
7 17 85 77 81
7 18 27 26 25
7 19 94 93 82
7 20 96 83 86
7 21 9 20 19
8 9 19 30 24
8 10 11 21 13
8 11 57 62 57
8 12 69 62 69
8 13 24 31 27
8 14 80 76 73
8 15 59 57 65
8 16 25 37 28
8 17 50 57 54
8 18 13 13 15
8 19 23 34 34
8 20 9 14 15
8 21 49 54 47
9 10 68 71 61
9 11 84 86 83
9 12 53 58 49
9 13 23 24 29
9 14 31 39 37
9 15 70 66 63
9 16 30 30 27
9 17 2 9 14
9 18 62 64 54
9 19 8 11 19
9 20 65 55 61
9 21 37 39 35
10 11 54 49 60
10 12 47 53 54
10 13 40 38 45
10 14 30 32 36
10 15 74 73 76
10 16 46 41 42
10 17 26 33 22
10 18 26 36 22
10 19 89 83 86
10 20 44 48 48
10 21 91 80 78
11 12 45 46 47
11 13 64 64 59
11 14 26 35 32
11 15 65 58 66
11 16 9 14 10
11 17 46 40 41
11 18 72 66 62
11 19 51 53 54
11 20 75 65 73
11 21 8 17 8
12 13 82 84 74
12 14 53 46 48
12 15 44 43 51
12 16 10 15 17
12 17 67 65 70
12 18 34 44 39
12 19 79 77 71
12 20 64 55 57
12 21 41 47 38
13 14 44 38 43
13 15 98 94 85
13 16 21 23 26
13 17 64 57 57
13 18 14 19 12
13 19 60 52 58
13 20 56 49 58
13 21 4 6 15
14 15 46 39 40
14 16 12 24 16
14 17 53 58 59
14 18 83 75 75
14 19 39 41 35
14 20 44 43 39
14 21 84 76 76
15 16 32 29 29
15 17 7 8 12
15 18 66 66 60
15 19 74 76 75
15 20 58 63 53
15 21 61 60 64
16 17 37 35 43
16 18 28 30 30
16 19 43 38 39
16 20 38 39 37
16 21 71 63 63
17 18 5 9 9
17 19 88 87 78
17 20 22 20 21
17 21 96 86 94
18 19 8 12 17
18 20 57 57 52
18 21 79 70 77
19 20 94 93 90
19 21 36 37 40
20 21 80 74 75
