25
0 1 30 29 39
0 2 27 45 58
0 3 3 54 3
0 4 18 42 54
0 5 68 65 93
0 6 32 73 69
0 7 85 76 58
0 8 63 22 60
0 9 7 56 5
0 10 30 50 63
0 11 37 27 23
0 12 48 87 12
0 13 52 57 62
0 14 20 9 55
0 15 5 79 59
0 16 85 55 58
0 17 48 47 50
0 18 66 52 28
0 19 96 85 64
0 20 96 28 72
0 21 4 26 53
0 22 82 55 89
0 23 8 34 28
0 24 20 76 60
1 2 42 27 34
1 3 66 24 88
1 4 4 10 22
1 5 6 54 37
1 6 16 61 30
1 7 79 60 23
1 8 51 50 54
1 9 36 53 52
1 10 1 16 62
1 11 6 9 78
1 12 89 53 94
1 13 41 29 77
1 14 27 15 49
1 15 85 24 86
1 16 92 93 89
1 17 42 73 87
1 18 54 29 31
1 19 45 74 25
1 20 35 21 66
1 21 73 59 92
1 22 86 18 96
1 23 74 77 39
1 24 53 71 28
2 3 98 84 40
2 4 22 71 47
2 5 16 44 48
2 6 99 83 95
2 7 58 48 54
2 8 45 10 79
2 9 53 39 28
2 10 75 34 65
2 11 59 86 16
2 12 99 62 82
2 13 95 48 46
2 14 34 86 29
2 15 74 70 54
2 16 92 42 67
2 17 65 86 26
2 18 72 43 58
2 19 84 45 26
2 20 60 43 82
2 21 65 28 68
2 22 62 59 68
2 23 41 30 55
2 24 9 69 72
3 4 80 36 42
3 5 24 13 33
3 6 56 25 44
3 7 2 35 73
3 8 52 30 85
3 9 68 88 37
3 10 61 27 40
3 11 95 19 92
3 12 26 7 65
3 13 11 54 47
3 14 12 11 13
3 15 64 83 25
3 16 18 78 53
3 17 16 67 63
3 18 42 15 61
3 19 31 36 17
3 20 38 67 33
3 21 20 69 31
3 22 33 28 85
3 23 68 24 33
3 24 24 82 48
4 5 24 21 84
4 6 30 75 44
4 7 6 7 2
4 8 16 38 32
4 9 9 67 19
4 10 14 32 48
4 11 34 25 14
4 12 52 78 51
4 13 73 55 56
4 14 99 63 45
4 15 33 21 44
4 16 20 38 51
4 17 28 25 75
4 18 30 7 70
4 19 99 23 72
4 20 95 56 53
4 21 43 34 34
4 22 39 66 18
4 23 64 30 27
4 24 30 7 64
5 6 57 59 63
5 7 53 38 30
5 8 42 83 52
5 9 22 29 16
5 10 13 62 23
5 11 12 4 31
5 12 40 69 40
5 13 83 31 26
5 14 12 11 29
5 15 89 38 21
5 16 18 33 39
5 17 74 50 91
5 18 37 70 75
5 19 76 21 90
5 20 58 34 30
5 21 75 24 33
5 22 67 92 49
5 23 7 77 27
5 24 81 38 75
6 7 14 34 65
6 8 10 38 79
6 9 62 60 30
6 10 75 16 15
6 11 8 14 3
6 12 2 60 49
6 13 97 74 35
6 14 94 52 25
6 15 9 47 43
6 16 67 49 84
6 17 9 19 70
6 18 53 72 40
6 19 75 20 64
6 20 46 70 44
6 21 36 78 46
6 22 82 59 24
6 23 86 78 25
6 24 25 68 46
7 8 83 54 29
7 9 28 75 13
7 10 87 78 84
7 11 53 17 67
7 12 63 34 16
7 13 24 9 53
7 14 90 88 43
7 15 43 70 46
7 16 33 56 75
7 17 89 66 97
7 18 62 71 74
7 19 37 8 53
7 20 18 11 49
7 21 17 58 66
7 22 44 74 85
7 23 38 36 35
7 24 28 72 33
8 9 20 19 28
8 10 75 32 42
8 11 70 81 71
8 12 27 25 54
8 13 40 79 12
8 14 9 46 71
8 15 42 83 53
8 16 26 64 58
8 17 79 53 81
8 18 51 57 78
8 19 38 47 52
8 20 90 62 57
8 21 83 17 36
8 22 11 30 74
8 23 63 39 87
8 24 97 85 50
9 10 34 73 75
9 11 78 16 67
9 12 0 69 22
9 13 24 29 16
9 14 19 40 78
9 15 97 62 85
9 16 30 39 58
9 17 88 35 83
9 18 85 42 90
9 19 78 17 41
9 20 64 31 88
9 21 38 63 34
9 22 4 29 11
9 23 60 32 90
9 24 12 75 17
10 11 68 71 71
10 12 82 24 56
10 13 70 25 46
10 14 3 2 25
10 15 69 73 57
10 16 45 44 17
10 17 73 56 30
10 18 49 84 35
10 19 87 60 61
10 20 26 35 83
10 21 62 87 56
10 22 97 43 93
10 23 19 76 44
10 24 41 49 50
11 12 37 49 18
11 13 16 29 80
11 14 29 80 51
11 15 95 30 49
11 16 55 48 19
11 17 7 19 44
11 18 59 43 15
11 19 94 84 68
11 20 57 62 21
11 21 42 12 78
11 22 12 54 39
11 23 10 8 28
11 24 91 26 94
12 13 72 83 39
12 14 96 21 73
12 15 70 24 86
12 16 49 29 14
12 17 56 57 73
12 18 49 81 68
12 19 70 76 39
12 20 91 46 32
12 21 66 66 46
12 22 13 78 14
12 23 77 30 80
12 24 16 4 14
13 14 43 19 44
13 15 11 62 11
13 16 15 57 22
13 17 52 67 60
13 18 14 24 47
13 19 10 20 6
13 20 25 67 64
13 21 67 69 32
13 22 18 67 76
13 23 11 59 60
13 24 68 79 71
14 15 76 70 42
14 16 27 11 23
14 17 34 72 18
14 18 16 41 24
14 19 85 36 39
14 20 99 55 64
14 21 57 36 22
14 22 70 64 51
14 23 81 80 30
14 24 29 23 30
15 16 2 29 21
15 17 71 71 61
15 18 55 75 36
15 19 31 69 38
15 20 65 49 18
15 21 72 35 89
15 22 87 60 22
15 23 54 34 22
15 24 59 56 70
16 17 48 53 45
16 18 28 26 6
16 19 34 26 32
16 20 40 20 83
16 21 54 81 90
16 22 46 28 19
16 23 97 69 64
16 24 34 12 75
17 18 83 88 57
17 19 16 14 53
17 20 59 41 65
17 21 26 9 28
17 22 64 33 85
17 23 61 45 49
17 24 87 47 30
18 19 27 28 17
18 20 68 57 91
18 21 43 79 48
18 22 18 74 8
18 23 58 56 81
18 24 19 41 31
19 20 73 48 84
19 21 83 70 88
19 22 30 45 73
19 23 2 13 77
19 24 55 58 46
20 21 95 89 45
20 22 5 44 77
20 23 82 86 95
20 24 55 64 29
21 22 2 8 55
21 23 72 84 17
21 24 86 25 92
22 23 13 16 77
22 24 56 87 43
23 24 88 30 39
