35
0 1 27 5 46
0 2 79 20 38
0 3 27 60 36
0 4 17 18 30
0 5 99 95 89
0 6 32 49 9
0 7 77 29 22
0 8 66 49 39
0 9 51 72 17
0 10 78 51 45
0 11 42 31 80
0 12 16 28 58
0 13 30 29 14
0 14 23 58 37
0 15 68 53 82
0 16 84 88 74
0 17 5 7 67
0 18 63 64 88
0 19 66 90 42
0 20 70 18 79
0 21 7 22 2
0 22 19 43 79
0 23 44 38 27
0 24 91 51 20
0 25 7 52 3
0 26 54 40 81
0 27 89 37 82
0 28 49 71 27
0 29 41 72 38
0 30 13 49 74
0 31 12 16 26
0 32 61 56 67
0 33 87 21 63
0 34 49 78 65
1 2 25 58 49
1 3 57 79 39
1 4 48 21 38
1 5 9 33 67
1 6 58 68 69
1 7 57 64 91
1 8 70 36 38
1 9 55 35 65
1 10 68 63 89
1 11 50 24 23
1 12 28 16 76
1 13 18 72 21
1 14 72 50 64
1 15 49 15 10
1 16 21 73 82
1 17 60 69 78
1 18 10 80 52
1 19 71 75 76
1 20 10 11 28
1 21 2 42 64
1 22 2 47 62
1 23 12 22 66
1 24 15 48 22
1 25 38 69 58
1 26 9 24 51
1 27 77 93 24
1 28 53 15 26
1 29 41 10 63
1 30 54 49 58
1 31 55 51 11
1 32 28 46 48
1 33 27 7 32
1 34 72 61 36
2 3 75 65 18
2 4 63 12 89
2 5 18 3 56
2 6 99 38 68
2 7 58 79 31
2 8 2 30 74
2 9 70 88 28
2 10 79 20 44
2 11 81 76 63
2 12 84 82 89
2 13 85 62 76
2 14 63 82 21
2 15 60 23 30
2 16 35 53 49
2 17 43 50 83
2 18 21 70 38
2 19 49 45 38
2 20 59 16 57
2 21 64 82 70
2 22 28 17 7
2 23 77 56 87
2 24 88 81 21
2 25 74 29 81
2 26 91 21 89
2 27 5 11 72
2 28 17 23 63
2 29 47 64 68
2 30 17 23 5
2 31 38 87 62
2 32 66 85 81
2 33 59 57 35
2 34 92 39 74
3 4 98 61 43
3 5 51 18 62
3 6 74 87 38
3 7 17 29 82
3 8 4 16 3
3 9 0 58 62
3 10 85 38 24
3 11 86 71 39
3 12 65 19 47
3 13 26 23 70
3 14 51 42 83
3 15 12 80 67
3 16 49 53 36
3 17 90 88 77
3 18 21 8 59
3 19 4 40 3
3 20 62 29 43
3 21 41 61 69
3 22 95 97 92
3 23 30 20 53
3 24 13 46 28
3 25 46 76 22
3 26 62 22 15
3 27 97 94 99
3 28 41 13 60
3 29 68 44 84
3 30 42 51 68
3 31 43 25 30
3 32 24 22 6
3 33 47 72 37
3 34 58 28 57
4 5 87 24 38
4 6 60 14 54
4 7 44 47 58
4 8 48 49 39
4 9 96 49 25
4 10 54 26 73
4 11 76 27 59
4 12 16 68 78
4 13 68 93 31
4 14 23 11 34
4 15 9 71 11
4 16 60 16 92
4 17 46 88 72
4 18 8 72 23
4 19 66 13 48
4 20 55 64 45
4 21 58 64 19
4 22 8 13 48
4 23 69 60 29
4 24 74 93 73
4 25 39 82 81
4 26 99 89 72
4 27 86 25 47
4 28 60 44 41
4 29 36 19 74
4 30 30 63 78
4 31 91 58 56
4 32 84 95 61
4 33 29 47 20
4 34 29 9 85
5 6 16 83 59
5 7 67 80 70
5 8 48 53 83
5 9 12 17 5
5 10 75 40 74
5 11 98 66 83
5 12 17 25 6
5 13 85 53 96
5 14 52 49 30
5 15 84 23 90
5 16 75 64 54
5 17 70 58 93
5 18 70 52 44
5 19 96 55 81
5 20 7 63 48
5 21 6 5 25
5 22 73 79 23
5 23 65 87 75
5 24 84 81 82
5 25 86 83 21
5 26 19 63 48
5 27 65 55 23
5 28 46 32 39
5 29 18 80 64
5 30 46 89 81
5 31 63 78 89
5 32 55 13 41
5 33 6 38 31
5 34 80 77 83
6 7 77 72 36
6 8 94 44 49
6 9 16 50 8
6 10 10 28 26
6 11 58 54 60
6 12 31 78 18
6 13 47 45 37
6 14 55 69 83
6 15 70 69 18
6 16 24 55 42
6 17 64 46 85
6 18 37 35 82
6 19 97 79 37
6 20 81 72 78
6 21 20 18 79
6 22 53 15 34
6 23 93 35 65
6 24 40 40 23
6 25 7 30 12
6 26 81 42 82
6 27 90 83 57
6 28 52 83 85
6 29 23 32 27
6 30 46 14 12
6 31 50 26 37
6 32 33 19 13
6 33 34 37 42
6 34 24 52 82
7 8 5 30 46
7 9 70 68 34
7 10 30 36 10
7 11 54 70 87
7 12 29 66 22
7 13 63 56 18
7 14 2 33 50
7 15 31 50 22
7 16 59 23 87
7 17 58 56 76
7 18 5 33 77
7 19 78 83 57
7 20 54 13 42
7 21 19 52 15
7 22 82 84 85
7 23 59 47 58
7 24 72 75 68
7 25 41 71 71
7 26 61 32 67
7 27 70 70 52
7 28 11 4 31
7 29 66 68 47
7 30 55 88 67
7 31 29 40 22
7 32 71 44 56
7 33 61 20 18
7 34 85 81 95
8 9 88 42 47
8 10 54 80 86
8 11 16 27 17
8 12 97 53 50
8 13 18 48 78
8 14 97 59 33
8 15 96 63 88
8 16 35 68 32
8 17 43 42 70
8 18 80 78 55
8 19 76 20 60
8 20 72 93 36
8 21 61 88 54
8 22 62 14 45
8 23 31 63 62
8 24 98 67 68
8 25 22 58 52
8 26 46 46 27
8 27 52 59 81
8 28 27 80 54
8 29 5 73 80
8 30 22 34 45
8 31 47 62 19
8 32 53 73 79
8 33 9 10 64
8 34 56 26 83
9 10 84 70 96
9 11 33 65 33
9 12 48 89 85
9 13 73 61 15
9 14 90 53 86
9 15 68 66 81
9 16 12 35 75
9 17 16 71 27
9 18 3 22 78
9 19 35 58 48
9 20 26 28 49
9 21 14 28 58
9 22 3 18 38
9 23 36 13 46
9 24 24 39 39
9 25 6 6 65
9 26 91 59 57
9 27 13 45 80
9 28 46 70 78
9 29 58 47 69
9 30 11 64 26
9 31 68 35 26
9 32 5 29 8
9 33 30 34 74
9 34 24 35 10
10 11 96 49 91
10 12 68 73 36
10 13 87 27 77
10 14 41 10 66
10 15 77 28 71
10 16 37 57 43
10 17 11 24 16
10 18 25 11 33
10 19 26 54 83
10 20 71 67 60
10 21 79 49 35
10 22 57 18 33
10 23 92 59 70
10 24 67 39 68
10 25 64 52 20
10 26 95 68 49
10 27 37 20 25
10 28 19 59 81
10 29 85 21 44
10 30 18 82 46
10 31 34 81 48
10 32 65 77 76
10 33 86 30 24
10 34 22 7 13
11 12 86 28 71
11 13 3 77 21
11 14 99 33 87
11 15 70 93 69
11 16 57 25 80
11 17 45 68 45
11 18 24 66 45
11 19 90 20 18
11 20 43 35 75
11 21 0 33 44
11 22 54 63 82
11 23 3 50 39
11 24 33 35 18
11 25 27 73 20
11 26 68 35 83
11 27 11 63 2
11 28 65 74 54
11 29 33 19 66
11 30 69 43 86
11 31 96 34 40
11 32 24 40 30
11 33 86 71 53
11 34 33 83 45
12 13 94 58 90
12 14 50 21 61
12 15 54 29 67
12 16 0 9 44
12 17 10 5 57
12 18 99 41 33
12 19 47 15 69
12 20 66 85 22
12 21 9 61 46
12 22 90 37 27
12 23 61 82 44
12 24 13 82 25
12 25 64 65 75
12 26 79 78 33
12 27 32 26 59
12 28 59 13 36
12 29 71 48 64
12 30 33 16 54
12 31 21 33 63
12 32 83 31 19
12 33 19 68 22
12 34 95 69 43
13 14 63 56 56
13 15 34 19 29
13 16 87 73 91
13 17 87 50 42
13 18 9 45 26
13 19 62 25 28
13 20 4 49 52
13 21 29 61 21
13 22 83 19 16
13 23 78 16 80
13 24 35 60 16
13 25 73 72 92
13 26 2 59 63
13 27 76 58 34
13 28 67 68 44
13 29 37 33 61
13 30 97 75 65
13 31 15 34 25
13 32 16 78 8
13 33 46 32 71
13 34 94 81 91
14 15 78 47 57
14 16 55 81 34
14 17 90 39 30
14 18 91 45 20
14 19 18 30 75
14 20 90 58 92
14 21 83 34 41
14 22 60 71 30
14 23 92 33 43
14 24 32 19 50
14 25 60 65 69
14 26 14 81 55
14 27 83 33 55
14 28 96 34 45
14 29 16 67 74
14 30 98 62 29
14 31 16 20 35
14 32 0 37 72
14 33 37 15 39
14 34 82 63 41
15 16 53 20 66
15 17 51 29 81
15 18 26 47 55
15 19 25 8 77
15 20 71 29 79
15 21 81 35 87
15 22 89 73 30
15 23 79 88 26
15 24 59 32 68
15 25 73 65 46
15 26 7 76 7
15 27 49 42 70
15 28 95 56 81
15 29 73 26 72
15 30 43 47 17
15 31 44 21 60
15 32 88 83 38
15 33 49 89 61
15 34 50 58 11
16 17 75 50 88
16 18 55 11 18
16 19 77 73 84
16 20 74 34 50
16 21 99 44 81
16 22 66 46 51
16 23 13 28 39
16 24 18 5 28
16 25 76 39 71
16 26 14 12 56
16 27 86 48 82
16 28 76 60 86
16 29 17 59 55
16 30 45 53 84
16 31 48 16 33
16 32 23 29 72
16 33 73 68 50
16 34 98 60 85
17 18 79 84 23
17 19 3 61 42
17 20 39 57 69
17 21 64 75 71
17 22 26 58 16
17 23 43 66 76
17 24 9 81 59
17 25 79 58 95
17 26 12 67 79
17 27 16 59 41
17 28 85 89 81
17 29 52 41 48
17 30 92 70 93
17 31 73 83 53
17 32 73 83 42
17 33 66 41 43
17 34 34 57 51
18 19 86 85 82
18 20 77 27 18
18 21 56 25 26
18 22 66 31 68
18 23 83 20 61
18 24 16 40 68
18 25 16 55 57
18 26 93 43 29
18 27 29 24 26
18 28 14 62 82
18 29 88 59 83
18 30 18 38 28
18 31 76 29 44
18 32 1 77 15
18 33 64 85 28
18 34 28 53 45
19 20 17 22 25
19 21 17 59 69
19 22 77 52 49
19 23 34 52 79
19 24 77 36 58
19 25 8 25 67
19 26 40 60 20
19 27 77 51 39
19 28 76 74 70
19 29 61 19 69
19 30 62 38 57
19 31 42 87 67
19 32 63 15 59
19 33 60 41 88
19 34 67 87 65
20 21 22 63 65
20 22 90 56 27
20 23 16 81 23
20 24 41 77 18
20 25 89 39 84
20 26 36 41 86
20 27 44 78 29
20 28 24 50 42
20 29 90 87 82
20 30 22 60 68
20 31 13 65 2
20 32 21 11 51
20 33 80 81 27
20 34 12 21 45
21 22 58 73 52
21 23 15 31 23
21 24 91 45 69
21 25 32 56 47
21 26 45 82 68
21 27 53 39 69
21 28 36 73 9
21 29 67 33 78
21 30 97 71 73
21 31 60 50 21
21 32 6 70 25
21 33 21 68 63
21 34 9 47 73
22 23 8 75 57
22 24 48 38 16
22 25 62 70 41
22 26 21 67 19
22 27 99 61 33
22 28 53 71 33
22 29 31 12 59
22 30 23 9 26
22 31 71 20 23
22 32 11 22 29
22 33 12 23 54
22 34 13 42 57
23 24 43 43 54
23 25 46 17 50
23 26 24 38 54
23 27 93 83 22
23 28 93 34 87
23 29 90 75 49
23 30 81 48 30
23 31 34 40 16
23 32 18 76 63
23 33 5 69 12
23 34 62 41 51
24 25 0 62 42
24 26 78 39 46
24 27 3 66 21
24 28 39 82 19
24 29 36 7 85
24 30 71 76 91
24 31 57 48 33
24 32 11 70 6
24 33 92 49 29
24 34 69 58 61
25 26 82 74 95
25 27 40 21 26
25 28 59 30 78
25 29 97 83 48
25 30 50 17 43
25 31 55 56 12
25 32 31 81 58
25 33 87 23 51
25 34 37 74 79
26 27 35 23 69
26 28 85 63 50
26 29 34 23 11
26 30 55 66 28
26 31 68 23 19
26 32 91 57 90
26 33 81 83 20
26 34 24 30 82
27 28 52 57 59
27 29 5 40 45
27 30 59 34 26
27 31 29 24 80
27 32 35 14 67
27 33 69 22 26
27 34 71 71 81
28 29 66 67 38
28 30 47 68 75
28 31 12 5 62
28 32 77 30 53
28 33 14 29 29
28 34 3 4 61
29 30 60 33 19
29 31 83 52 42
29 32 75 33 51
29 33 5 46 39
29 34 18 56 13
30 31 65 37 52
30 32 91 64 63
30 33 98 82 81
30 34 93 97 79
31 32 7 1 32
31 33 3 42 4
31 34 81 74 79
32 33 47 79 29
32 34 88 86 28
33 34 25 68 9
