40
0 1 0 13 11
0 2 82 76 75
0 3 92 79 85
0 4 52 49 58
0 5 65 63 59
0 6 48 46 45
0 7 61 57 58
0 8 73 68 66
0 9 45 52 45
0 10 83 80 78
0 11 16 16 20
0 12 97 85 97
0 13 2 11 11
0 14 35 41 31
0 15 94 92 85
0 16 72 68 63
0 17 5 7 8
0 18 68 64 71
0 19 16 17 17
0 20 79 70 77
0 21 49 51 42
0 22 51 48 45
0 23 16 28 20
0 24 38 34 45
0 25 57 49 57
0 26 54 47 55
0 27 16 25 27
0 28 44 40 41
0 29 45 45 40
0 30 28 33 34
0 31 83 78 84
0 32 24 22 24
0 33 99 93 86
0 34 93 81 80
0 35 18 16 19
0 36 71 66 63
0 37 65 61 67
0 38 12 24 17
0 39 31 37 37
1 2 17 24 14
1 3 16 21 23
1 4 45 52 41
1 5 50 53 48
1 6 91 86 78
1 7 34 42 32
1 8 6 5 6
1 9 90 91 79
1 10 16 18 21
1 11 14 23 17
1 12 65 65 64
1 13 12 15 10
1 14 79 68 76
1 15 75 77 75
1 16 43 51 50
1 17 1 6 4
1 18 68 65 58
1 19 26 31 23
1 20 16 27 21
1 21 5 7 8
1 22 24 26 29
1 23 5 13 7
1 24 77 79 73
1 25 82 76 72
1 26 9 7 13
1 27 3 9 4
1 28 59 57 59
1 29 25 31 31
1 30 98 94 91
1 31 43 43 39
1 32 81 70 80
1 33 11 21 13
1 34 34 32 41
1 35 67 69 66
1 36 88 85 88
1 37 41 46 40
1 38 9 22 16
1 39 56 55 57
2 3 55 56 48
2 4 84 83 85
2 5 68 60 61
2 6 55 52 54
2 7 55 51 54
2 8 61 60 61
2 9 35 33 35
2 10 51 50 57
2 11 82 76 83
2 12 69 68 67
2 13 29 31 33
2 14 22 25 33
2 15 35 36 36
2 16 42 39 47
2 17 30 31 26
2 18 13 18 19
2 19 14 15 16
2 20 65 69 69
2 21 73 66 71
2 22 65 57 57
2 23 24 29 35
2 24 96 89 88
2 25 10 22 19
2 26 20 24 26
2 27 91 82 80
2 28 49 42 51
2 29 68 60 65
2 30 59 63 52
2 31 82 71 74
2 32 30 27 27
2 33 95 84 83
2 34 10 21 8
2 35 98 94 94
2 36 36 40 32
2 37 90 88 80
2 38 2 12 6
2 39 13 23 18
3 4 36 44 43
3 5 78 77 67
3 6 89 83 88
3 7 96 85 95
3 8 2 4 6
3 9 16 22 22
3 10 20 18 27
3 11 62 63 67
3 12 20 21 25
3 13 8 14 8
3 14 77 70 80
3 15 82 81 73
3 16 62 66 62
3 17 3 10 11
3 18 99 93 84
3 19 21 24 24
3 20 2 3 4
3 21 74 73 73
3 22 81 79 79
3 23 66 67 63
3 24 70 62 65
3 25 61 54 62
3 26 85 83 82
3 27 95 84 92
3 28 80 79 80
3 29 83 79 83
3 30 16 18 14
3 31 46 39 44
3 32 30 32 38
3 33 35 37 31
3 34 62 53 53
3 35 48 41 46
3 36 47 50 43
3 37 20 25 27
3 38 31 37 35
3 39 9 21 20
4 5 64 59 56
4 6 30 38 38
4 7 1 12 5
4 8 5 17 7
4 9 5 11 6
4 10 33 31 41
4 11 23 23 29
4 12 28 28 31
4 13 99 86 89
4 14 10 23 21
4 15 58 57 55
4 16 88 75 84
4 17 62 68 58
4 18 29 33 29
4 19 20 21 25
4 20 81 72 82
4 21 17 26 22
4 22 89 82 87
4 23 38 37 36
4 24 55 47 52
4 25 26 37 24
4 26 0 1 6
4 27 58 61 50
4 28 58 56 50
4 29 64 60 58
4 30 81 75 75
4 31 46 47 42
4 32 91 86 78
4 33 42 48 46
4 34 66 67 61
4 35 41 45 45
4 36 90 78 85
4 37 94 88 80
4 38 83 80 72
4 39 30 33 30
5 6 51 58 48
5 7 18 17 22
5 8 6 7 16
5 9 93 86 81
5 10 2 3 2
5 11 45 43 41
5 12 78 76 73
5 13 72 73 73
5 14 75 78 74
5 15 53 54 57
5 16 94 84 88
5 17 41 47 37
5 18 33 31 33
5 19 71 69 74
5 20 66 67 68
5 21 84 86 73
5 22 43 40 39
5 23 47 42 47
5 24 44 40 46
5 25 99 96 91
5 26 45 45 49
5 27 58 62 62
5 28 50 44 43
5 29 34 37 32
5 30 22 26 21
5 31 23 23 28
5 32 55 61 55
5 33 46 39 41
5 34 67 69 60
5 35 47 47 41
5 36 66 67 69
5 37 14 24 14
5 38 79 75 81
5 39 17 21 19
6 7 75 71 70
6 8 64 68 65
6 9 70 69 66
6 10 4 12 18
6 11 86 81 78
6 12 94 91 86
6 13 88 75 83
6 14 4 10 13
6 15 50 46 56
6 16 75 71 76
6 17 99 91 87
6 18 39 45 40
6 19 76 66 77
6 20 95 86 92
6 21 52 53 54
6 22 94 89 82
6 23 73 66 71
6 24 5 13 13
6 25 24 21 27
6 26 65 57 55
6 27 43 47 39
6 28 77 69 69
6 29 28 27 35
6 30 70 61 63
6 31 92 93 87
6 32 5 13 9
6 33 15 27 28
6 34 49 45 51
6 35 9 15 15
6 36 54 47 56
6 37 37 36 38
6 38 58 52 59
6 39 9 20 11
7 8 54 60 57
7 9 33 29 42
7 10 86 82 82
7 11 48 52 45
7 12 58 63 58
7 13 9 13 12
7 14 74 64 72
7 15 29 29 29
7 16 28 29 26
7 17 53 59 46
7 18 27 34 37
7 19 62 61 67
7 20 47 47 46
7 21 38 37 34
7 22 73 74 74
7 23 33 40 40
7 24 50 51 46
7 25 0 13 5
7 26 61 66 53
7 27 11 13 23
7 28 16 21 20
7 29 66 58 66
7 30 38 46 45
7 31 30 34 27
7 32 46 49 49
7 33 28 35 37
7 34 41 42 47
7 35 22 19 23
7 36 17 20 14
7 37 85 76 78
7 38 27 23 25
7 39 32 36 40
8 9 5 16 6
8 10 38 46 38
8 11 20 30 28
8 12 69 61 64
8 13 86 74 79
8 14 54 53 46
8 15 79 75 81
8 16 82 78 76
8 17 44 49 43
8 18 87 86 81
8 19 78 69 75
8 20 77 75 67
8 21 18 28 22
8 22 49 56 55
8 23 1 3 6
8 24 84 78 86
8 25 20 26 20
8 26 33 41 39
8 27 61 60 60
8 28 22 28 23
8 29 4 15 16
8 30 73 70 76
8 31 98 91 84
8 32 68 69 65
8 33 95 81 85
8 34 99 92 95
8 35 47 43 55
8 36 30 37 29
8 37 34 32 41
8 38 46 47 50
8 39 20 29 32
9 10 93 84 84
9 11 73 74 73
9 12 61 59 59
9 13 68 69 59
9 14 4 5 6
9 15 33 31 39
9 16 56 59 62
9 17 85 77 73
9 18 85 84 78
9 19 66 58 56
9 20 45 51 44
9 21 37 44 35
9 22 10 13 13
9 23 29 25 40
9 24 91 86 81
9 25 32 37 37
9 26 18 26 17
9 27 77 76 71
9 28 90 90 83
9 29 15 25 22
9 30 64 69 66
9 31 38 45 39
9 32 1 4 3
9 33 27 23 35
9 34 15 18 14
9 35 44 41 43
9 36 77 71 77
9 37 79 70 70
9 38 67 61 64
9 39 6 15 12
10 11 97 85 91
10 12 51 52 57
10 13 33 32 33
10 14 5 15 5
10 15 98 94 87
10 16 46 46 43
10 17 12 23 11
10 18 68 60 63
10 19 41 43 48
10 20 43 43 39
10 21 3 3 9
10 22 53 57 58
10 23 11 20 20
10 24 35 43 39
10 25 4 14 14
10 26 14 22 22
10 27 4 12 17
10 28 36 43 39
10 29 43 38 50
10 30 27 28 29
10 31 49 53 50
10 32 93 92 84
10 33 6 17 10
10 34 40 49 37
10 35 9 21 12
10 36 60 54 57
10 37 79 72 76
10 38 46 45 42
10 39 56 48 51
11 12 37 40 34
11 13 69 69 64
11 14 72 73 76
11 15 73 72 73
11 16 50 56 55
11 17 45 53 42
11 18 40 42 41
11 19 81 71 71
11 20 95 93 87
11 21 58 54 55
11 22 84 73 80
11 23 40 38 46
11 24 95 91 86
11 25 53 49 45
11 26 4 5 7
11 27 0 13 9
11 28 2 13 16
11 29 60 51 55
11 30 54 55 54
11 31 46 53 51
11 32 86 86 86
11 33 24 21 28
11 34 11 18 11
11 35 5 19 10
11 36 47 50 44
11 37 33 43 35
11 38 54 61 59
11 39 65 59 67
12 13 50 54 47
12 14 38 35 33
12 15 84 76 75
12 16 89 78 89
12 17 79 69 79
12 18 59 58 57
12 19 61 53 57
12 20 15 21 14
12 21 86 75 75
12 22 31 32 33
12 23 88 79 78
12 24 5 11 9
12 25 16 14 14
12 26 22 30 32
12 27 44 41 42
12 28 15 25 16
12 29 59 61 51
12 30 4 9 12
12 31 56 55 57
12 32 97 93 90
12 33 27 29 31
12 34 56 50 57
12 35 22 29 20
12 36 37 45 33
12 37 6 12 8
12 38 37 36 43
12 39 38 36 33
13 14 61 54 61
13 15 88 75 83
13 16 73 64 72
13 17 58 60 62
13 18 11 11 10
13 19 30 40 36
13 20 67 68 59
13 21 74 69 75
13 22 29 30 32
13 23 58 51 59
13 24 38 37 35
13 25 24 24 26
13 26 90 89 83
13 27 31 31 27
13 28 92 83 79
13 29 39 36 47
13 30 87 89 86
13 31 61 60 65
13 32 28 27 28
13 33 64 58 57
13 34 49 45 48
13 35 33 29 33
13 36 76 66 72
13 37 34 41 40
13 38 23 31 23
13 39 96 83 92
14 15 54 56 60
14 16 50 48 51
14 17 46 54 39
14 18 98 88 98
14 19 78 79 78
14 20 23 20 21
14 21 30 40 28
14 22 80 76 71
14 23 22 20 21
14 24 73 71 65
14 25 16 24 20
14 26 99 89 91
14 27 23 32 20
14 28 34 36 29
14 29 62 62 54
14 30 97 83 91
14 31 62 60 62
14 32 16 22 21
14 33 26 28 37
14 34 7 7 19
14 35 77 74 74
14 36 99 94 89
14 37 49 44 54
14 38 74 76 72
14 39 77 73 72
15 16 97 86 91
15 17 14 26 14
15 18 2 15 11
15 19 6 19 15
15 20 48 49 51
15 21 26 26 30
15 22 67 63 63
15 23 26 35 34
15 24 44 44 41
15 25 31 36 41
15 26 64 65 55
15 27 71 61 70
15 28 94 91 87
15 29 62 58 64
15 30 99 87 92
15 31 11 15 21
15 32 31 33 28
15 33 99 86 87
15 34 91 80 78
15 35 59 59 61
15 36 63 62 54
15 37 24 26 22
15 38 77 66 77
15 39 63 61 67
16 17 68 70 70
16 18 53 58 58
16 19 10 11 12
16 20 65 55 61
16 21 79 75 79
16 22 66 60 68
16 23 25 22 33
16 24 48 45 47
16 25 23 31 31
16 26 14 20 23
16 27 32 36 39
16 28 82 70 83
16 29 55 55 51
16 30 76 65 71
16 31 4 8 8
16 32 98 98 97
16 33 48 42 54
16 34 39 33 34
16 35 65 66 61
16 36 83 79 84
16 37 23 28 29
16 38 62 60 66
16 39 90 86 90
17 18 10 14 19
17 19 16 23 18
17 20 53 53 52
17 21 80 69 80
17 22 24 27 26
17 23 88 79 75
17 24 12 10 16
17 25 35 30 38
17 26 38 35 33
17 27 68 60 64
17 28 31 41 35
17 29 20 27 21
17 30 22 31 25
17 31 92 80 87
17 32 90 82 89
17 33 17 28 16
17 34 10 20 10
17 35 70 67 73
17 36 47 44 50
17 37 55 62 61
17 38 12 19 13
17 39 77 67 77
18 19 59 64 52
18 20 53 52 59
18 21 78 75 72
18 22 60 60 58
18 23 17 24 23
18 24 94 93 93
18 25 30 30 37
18 26 19 27 25
18 27 32 37 33
18 28 42 50 48
18 29 5 15 11
18 30 51 52 50
18 31 97 94 85
18 32 0 10 1
18 33 59 63 56
18 34 98 93 98
18 35 1 14 11
18 36 95 84 90
18 37 71 73 72
18 38 43 42 48
18 39 2 12 11
19 20 57 60 62
19 21 44 39 47
19 22 15 22 23
19 23 37 34 34
19 24 23 21 24
19 25 41 37 45
19 26 97 89 92
19 27 84 80 78
19 28 49 52 53
19 29 76 72 71
19 30 76 78 72
19 31 4 6 5
19 32 85 79 81
19 33 35 38 34
19 34 31 35 28
19 35 80 69 69
19 36 98 87 88
19 37 51 53 47
19 38 6 11 6
19 39 49 44 49
20 21 7 13 9
20 22 79 74 82
20 23 87 86 79
20 24 93 87 80
20 25 50 57 54
20 26 71 75 74
20 27 2 16 15
20 28 48 42 52
20 29 83 77 83
20 30 34 40 31
20 31 47 40 42
20 32 41 49 40
20 33 79 68 79
20 34 57 59 51
20 35 91 84 90
20 36 84 81 74
20 37 84 82 77
20 38 14 18 15
20 39 61 59 63
21 22 57 51 52
21 23 34 31 29
21 24 42 41 37
21 25 87 86 80
21 26 80 72 71
21 27 7 10 14
21 28 88 83 88
21 29 54 49 51
21 30 46 51 45
21 31 35 42 30
21 32 92 89 91
21 33 7 10 9
21 34 51 49 57
21 35 93 81 84
21 36 9 15 10
21 37 27 28 31
21 38 17 28 24
21 39 60 53 60
22 23 27 35 29
22 24 46 44 54
22 25 71 75 68
22 26 64 63 55
22 27 20 31 29
22 28 11 20 21
22 29 67 63 69
22 30 35 38 44
22 31 10 14 17
22 32 32 35 30
22 33 14 24 14
22 34 36 35 31
22 35 95 88 94
22 36 66 67 65
22 37 38 35 33
22 38 72 63 65
22 39 30 34 33
23 24 79 74 74
23 25 7 18 11
23 26 37 33 35
23 27 88 86 76
23 28 39 47 41
23 29 26 30 32
23 30 14 14 21
23 31 81 73 79
23 32 54 51 58
23 33 75 65 67
23 34 69 61 71
23 35 86 81 79
23 36 43 46 41
23 37 58 51 60
23 38 21 27 31
23 39 81 83 73
24 25 43 37 51
24 26 61 55 59
24 27 81 75 75
24 28 60 60 54
24 29 51 52 51
24 30 80 74 74
24 31 60 62 60
24 32 40 45 35
24 33 47 55 47
24 34 22 21 31
24 35 39 42 36
24 36 26 29 37
24 37 28 31 26
24 38 35 31 35
24 39 66 65 70
25 26 21 26 23
25 27 82 78 84
25 28 77 72 67
25 29 12 11 25
25 30 54 54 55
25 31 48 52 44
25 32 41 47 36
25 33 83 76 81
25 34 7 8 19
25 35 62 54 56
25 36 83 79 81
25 37 35 34 39
25 38 9 15 9
25 39 93 84 83
26 27 78 76 77
26 28 97 83 84
26 29 39 35 35
26 30 22 24 31
26 31 42 36 40
26 32 85 73 75
26 33 40 35 37
26 34 31 28 30
26 35 50 49 50
26 36 86 74 82
26 37 53 60 53
26 38 36 41 42
26 39 9 12 12
27 28 2 9 13
27 29 53 60 48
27 30 1 9 13
27 31 35 39 44
27 32 22 29 19
27 33 82 82 83
27 34 96 81 90
27 35 41 45 44
27 36 5 17 9
27 37 45 51 39
27 38 59 62 53
27 39 46 50 47
28 29 14 22 20
28 30 51 47 58
28 31 76 70 71
28 32 63 67 56
28 33 65 67 69
28 34 10 20 11
28 35 55 49 61
28 36 77 70 70
28 37 30 30 28
28 38 62 65 65
28 39 30 36 31
29 30 31 41 37
29 31 65 63 60
29 32 89 77 86
29 33 20 20 26
29 34 22 22 31
29 35 11 22 9
29 36 97 97 84
29 37 35 36 45
29 38 50 51 46
29 39 64 63 61
30 31 34 34 39
30 32 99 95 87
30 33 50 54 54
30 34 29 33 34
30 35 9 11 17
30 36 15 26 19
30 37 88 87 86
30 38 92 82 79
30 39 4 15 13
31 32 18 21 25
31 33 38 42 45
31 34 58 53 54
31 35 69 66 62
31 36 53 58 58
31 37 63 65 56
31 38 95 84 93
31 39 80 74 72
32 33 81 81 76
32 34 96 87 86
32 35 79 70 71
32 36 21 21 28
32 37 17 16 28
32 38 53 55 56
32 39 78 75 80
33 34 32 27 37
33 35 30 39 40
33 36 40 41 35
33 37 43 39 50
33 38 47 49 44
33 39 77 80 66
34 35 82 79 85
34 36 55 51 61
34 37 35 37 43
34 38 91 78 85
34 39 75 77 65
35 36 29 36 38
35 37 36 40 45
35 38 14 26 23
35 39 89 86 85
36 37 21 27 23
36 38 28 34 38
36 39 26 34 34
37 38 46 52 52
37 39 60 65 61
38 39 42 41 40
