40
0 1 57 56 22
0 2 94 96 20
0 3 39 40 22
0 4 19 56 33
0 5 37 60 27
0 6 57 14 59
0 7 17 7 40
0 8 62 79 44
0 9 62 37 75
0 10 0 41 60
0 11 29 31 47
0 12 85 30 59
0 13 86 78 68
0 14 60 30 14
0 15 72 18 83
0 16 46 19 32
0 17 26 41 61
0 18 13 18 53
0 19 67 62 36
0 20 50 17 47
0 21 75 94 88
0 22 70 16 78
0 23 35 63 33
0 24 81 23 40
0 25 7 39 30
0 26 47 52 16
0 27 14 66 70
0 28 43 16 60
0 29 41 47 40
0 30 36 78 45
0 31 18 49 65
0 32 41 62 8
0 33 18 42 74
0 34 70 78 30
0 35 90 45 87
0 36 51 35 32
0 37 41 20 19
0 38 26 27 26
0 39 42 52 71
1 2 87 88 30
1 3 36 24 59
1 4 31 22 67
1 5 5 40 14
1 6 75 29 80
1 7 8 23 38
1 8 2 49 18
1 9 90 95 23
1 10 24 48 25
1 11 61 76 78
1 12 25 17 21
1 13 33 38 39
1 14 27 36 20
1 15 77 23 19
1 16 67 81 21
1 17 18 71 44
1 18 36 63 84
1 19 98 23 52
1 20 7 80 79
1 21 60 37 20
1 22 25 75 10
1 23 54 60 14
1 24 24 82 18
1 25 88 59 25
1 26 21 33 37
1 27 22 34 36
1 28 4 29 72
1 29 13 79 66
1 30 82 48 67
1 31 85 21 39
1 32 71 42 66
1 33 47 53 80
1 34 31 71 24
1 35 40 12 43
1 36 47 20 12
1 37 99 36 77
1 38 1 18 17
1 39 86 26 77
2 3 56 40 15
2 4 82 31 20
2 5 74 52 89
2 6 96 43 73
2 7 82 17 21
2 8 54 77 42
2 9 17 63 40
2 10 39 74 87
2 11 56 58 61
2 12 6 12 46
2 13 8 14 67
2 14 55 15 14
2 15 10 10 75
2 16 86 61 58
2 17 10 74 14
2 18 6 52 73
2 19 39 44 11
2 20 74 74 20
2 21 40 38 61
2 22 8 28 18
2 23 37 73 71
2 24 35 85 48
2 25 78 91 59
2 26 80 26 66
2 27 58 90 15
2 28 32 84 50
2 29 54 67 41
2 30 1 59 32
2 31 50 41 76
2 32 31 35 66
2 33 52 58 32
2 34 11 27 61
2 35 47 70 82
2 36 75 40 90
2 37 56 24 57
2 38 31 60 52
2 39 85 88 81
3 4 24 62 55
3 5 92 93 97
3 6 70 18 71
3 7 78 48 38
3 8 31 67 60
3 9 66 71 29
3 10 5 72 28
3 11 4 57 6
3 12 39 45 19
3 13 50 63 28
3 14 76 43 81
3 15 63 45 68
3 16 78 59 80
3 17 41 50 27
3 18 90 64 37
3 19 85 81 50
3 20 13 36 33
3 21 81 63 61
3 22 57 40 37
3 23 88 19 20
3 24 48 43 82
3 25 68 65 81
3 26 45 74 82
3 27 87 93 40
3 28 2 32 28
3 29 55 67 46
3 30 34 8 72
3 31 76 60 74
3 32 81 19 61
3 33 74 33 70
3 34 95 58 97
3 35 33 51 37
3 36 23 53 21
3 37 84 88 57
3 38 26 23 36
3 39 67 30 76
4 5 95 49 45
4 6 18 45 45
4 7 26 39 74
4 8 73 82 66
4 9 70 56 15
4 10 29 10 39
4 11 44 62 17
4 12 67 49 47
4 13 16 15 24
4 14 44 80 70
4 15 8 55 38
4 16 29 44 33
4 17 17 48 31
4 18 91 63 21
4 19 30 9 66
4 20 38 26 70
4 21 9 25 58
4 22 50 15 86
4 23 16 22 34
4 24 80 72 47
4 25 31 29 56
4 26 91 86 26
4 27 29 48 84
4 28 47 21 78
4 29 59 34 83
4 30 65 92 87
4 31 20 39 67
4 32 38 39 87
4 33 0 61 36
4 34 50 61 14
4 35 3 56 4
4 36 17 76 50
4 37 69 32 92
4 38 14 63 54
4 39 49 77 32
5 6 78 94 84
5 7 86 77 80
5 8 42 76 71
5 9 88 95 26
5 10 91 19 21
5 11 27 56 8
5 12 71 36 21
5 13 16 5 10
5 14 52 40 64
5 15 82 68 34
5 16 7 46 45
5 17 4 80 29
5 18 92 56 87
5 19 86 69 66
5 20 11 29 19
5 21 67 80 15
5 22 22 69 48
5 23 71 36 25
5 24 73 24 54
5 25 48 71 31
5 26 77 87 44
5 27 35 28 77
5 28 41 15 24
5 29 93 98 40
5 30 69 57 89
5 31 9 20 13
5 32 0 15 18
5 33 89 70 65
5 34 7 59 73
5 35 4 18 49
5 36 0 53 46
5 37 22 40 78
5 38 81 67 79
5 39 80 85 84
6 7 91 77 62
6 8 28 82 28
6 9 14 36 5
6 10 32 41 65
6 11 98 49 87
6 12 83 55 63
6 13 73 69 88
6 14 46 59 36
6 15 69 47 54
6 16 10 71 17
6 17 22 10 63
6 18 54 29 86
6 19 72 40 33
6 20 20 44 5
6 21 33 26 47
6 22 52 42 85
6 23 82 53 17
6 24 56 39 83
6 25 16 48 6
6 26 64 32 60
6 27 45 63 29
6 28 37 52 17
6 29 98 69 56
6 30 20 56 14
6 31 12 65 34
6 32 51 13 28
6 33 12 63 59
6 34 3 3 57
6 35 67 86 61
6 36 91 24 33
6 37 57 62 75
6 38 47 68 22
6 39 0 34 79
7 8 57 85 80
7 9 27 11 42
7 10 5 33 31
7 11 81 32 81
7 12 18 31 82
7 13 97 79 67
7 14 48 80 57
7 15 47 63 21
7 16 43 19 37
7 17 96 89 36
7 18 37 52 63
7 19 10 39 73
7 20 24 63 29
7 21 66 92 86
7 22 69 62 58
7 23 48 27 87
7 24 12 15 31
7 25 7 4 3
7 26 71 54 69
7 27 40 13 12
7 28 69 67 33
7 29 45 13 24
7 30 82 65 72
7 31 50 19 21
7 32 70 58 40
7 33 48 41 70
7 34 8 17 3
7 35 11 55 6
7 36 93 57 44
7 37 43 11 44
7 38 65 63 28
7 39 59 81 27
8 9 25 71 32
8 10 59 44 91
8 11 8 75 41
8 12 17 70 73
8 13 76 30 33
8 14 23 75 61
8 15 37 59 43
8 16 61 56 73
8 17 9 26 42
8 18 39 70 38
8 19 30 45 12
8 20 53 31 56
8 21 88 72 86
8 22 47 63 25
8 23 88 37 33
8 24 50 21 20
8 25 93 36 46
8 26 41 29 79
8 27 60 70 90
8 28 18 12 44
8 29 38 74 20
8 30 28 31 27
8 31 9 75 76
8 32 12 29 4
8 33 11 12 35
8 34 70 78 42
8 35 62 24 82
8 36 38 42 70
8 37 59 71 32
8 38 36 24 41
8 39 53 37 34
9 10 50 56 32
9 11 46 36 50
9 12 4 16 52
9 13 18 48 36
9 14 61 81 22
9 15 88 35 18
9 16 95 20 92
9 17 40 70 78
9 18 60 40 89
9 19 58 79 47
9 20 89 51 38
9 21 89 66 87
9 22 18 62 65
9 23 30 51 35
9 24 87 58 29
9 25 94 54 77
9 26 21 13 51
9 27 25 72 74
9 28 42 54 16
9 29 68 67 56
9 30 60 74 86
9 31 26 20 53
9 32 6 71 2
9 33 92 67 36
9 34 95 67 96
9 35 0 34 16
9 36 21 33 67
9 37 13 36 26
9 38 36 46 21
9 39 97 30 85
10 11 28 17 55
10 12 64 51 87
10 13 62 85 83
10 14 39 15 16
10 15 21 20 45
10 16 24 42 29
10 17 72 32 24
10 18 79 65 90
10 19 10 77 27
10 20 64 36 18
10 21 18 74 8
10 22 79 58 55
10 23 45 38 47
10 24 2 35 15
10 25 99 57 48
10 26 42 73 10
10 27 48 74 81
10 28 49 16 12
10 29 86 78 56
10 30 55 83 68
10 31 44 16 27
10 32 10 39 11
10 33 1 9 59
10 34 58 30 23
10 35 45 77 65
10 36 74 78 63
10 37 0 75 19
10 38 41 66 73
10 39 22 10 49
11 12 31 35 46
11 13 95 47 48
11 14 70 21 14
11 15 1 80 36
11 16 51 49 18
11 17 65 64 61
11 18 40 17 74
11 19 77 17 44
11 20 22 16 46
11 21 69 39 91
11 22 45 39 41
11 23 3 25 66
11 24 58 33 36
11 25 9 41 50
11 26 28 85 34
11 27 5 27 26
11 28 27 68 31
11 29 76 35 20
11 30 11 18 37
11 31 98 70 87
11 32 46 10 38
11 33 25 83 81
11 34 32 77 62
11 35 12 4 9
11 36 83 34 68
11 37 66 91 70
11 38 64 80 18
11 39 96 44 77
12 13 28 58 51
12 14 72 86 22
12 15 61 30 90
12 16 82 41 25
12 17 79 49 54
12 18 1 76 55
12 19 36 71 76
12 20 74 18 51
12 21 72 78 67
12 22 55 44 16
12 23 92 47 49
12 24 32 19 65
12 25 5 35 29
12 26 85 85 19
12 27 79 59 86
12 28 41 82 12
12 29 71 79 77
12 30 85 29 79
12 31 15 49 53
12 32 43 74 85
12 33 59 69 65
12 34 20 56 71
12 35 21 36 74
12 36 77 51 65
12 37 64 86 16
12 38 9 39 27
12 39 98 47 61
13 14 65 58 25
13 15 82 73 55
13 16 20 73 34
13 17 98 93 31
13 18 74 17 27
13 19 30 44 54
13 20 7 7 32
13 21 52 66 52
13 22 42 15 30
13 23 5 25 80
13 24 9 5 23
13 25 59 61 89
13 26 47 41 12
13 27 41 87 16
13 28 1 79 24
13 29 42 26 79
13 30 53 67 13
13 31 87 47 30
13 32 19 28 80
13 33 30 76 21
13 34 56 16 45
13 35 26 46 75
13 36 80 82 23
13 37 57 17 42
13 38 52 17 34
13 39 74 63 74
14 15 82 88 80
14 16 92 35 89
14 17 33 52 7
14 18 94 62 43
14 19 32 63 55
14 20 82 73 72
14 21 92 77 36
14 22 8 61 65
14 23 26 58 84
14 24 32 24 40
14 25 94 40 22
14 26 67 21 45
14 27 19 41 73
14 28 60 67 68
14 29 95 75 28
14 30 39 43 46
14 31 25 14 35
14 32 67 36 73
14 33 63 74 39
14 34 28 49 29
14 35 51 19 86
14 36 53 29 39
14 37 56 57 75
14 38 38 47 28
14 39 51 56 44
15 16 48 67 89
15 17 84 81 55
15 18 52 35 81
15 19 63 79 14
15 20 29 84 6
15 21 44 32 14
15 22 55 43 77
15 23 18 74 62
15 24 81 32 70
15 25 38 8 24
15 26 93 88 32
15 27 73 73 92
15 28 33 47 18
15 29 69 31 33
15 30 1 7 59
15 31 17 32 40
15 32 86 39 96
15 33 10 55 62
15 34 27 37 63
15 35 91 64 39
15 36 65 83 48
15 37 23 49 12
15 38 20 79 83
15 39 86 70 43
16 17 83 46 25
16 18 70 22 36
16 19 25 82 84
16 20 5 16 10
16 21 40 43 46
16 22 10 74 56
16 23 13 75 29
16 24 59 63 89
16 25 74 73 80
16 26 43 12 85
16 27 66 41 23
16 28 33 82 33
16 29 24 19 71
16 30 95 89 57
16 31 71 27 81
16 32 32 62 72
16 33 32 51 73
16 34 86 34 53
16 35 91 73 60
16 36 4 69 10
16 37 75 24 27
16 38 43 60 87
16 39 96 25 90
17 18 52 80 79
17 19 84 28 78
17 20 77 57 58
17 21 80 79 29
17 22 28 61 79
17 23 36 46 21
17 24 79 31 22
17 25 31 80 21
17 26 40 83 36
17 27 95 80 91
17 28 19 76 60
17 29 66 92 60
17 30 61 15 53
17 31 77 72 77
17 32 3 26 21
17 33 64 82 36
17 34 56 41 12
17 35 65 15 82
17 36 13 34 24
17 37 21 5 62
17 38 52 70 26
17 39 97 40 31
18 19 89 60 31
18 20 5 12 25
18 21 44 23 41
18 22 7 42 61
18 23 49 56 67
18 24 76 93 28
18 25 66 91 63
18 26 61 50 20
18 27 44 11 32
18 28 13 53 51
18 29 76 86 80
18 30 22 68 6
18 31 25 41 21
18 32 34 31 53
18 33 18 81 6
18 34 35 43 30
18 35 29 43 59
18 36 70 55 34
18 37 98 73 29
18 38 93 81 26
18 39 74 80 80
19 20 56 86 77
19 21 30 44 44
19 22 38 34 33
19 23 83 93 75
19 24 66 18 35
19 25 68 15 80
19 26 58 79 73
19 27 35 27 53
19 28 52 41 58
19 29 59 76 87
19 30 8 41 24
19 31 44 32 9
19 32 6 75 59
19 33 40 38 68
19 34 39 60 59
19 35 51 10 79
19 36 87 92 64
19 37 30 78 74
19 38 78 28 34
19 39 14 68 80
20 21 17 28 27
20 22 66 29 58
20 23 32 59 62
20 24 49 21 41
20 25 42 8 77
20 26 52 18 25
20 27 74 70 88
20 28 77 22 73
20 29 94 98 95
20 30 38 64 50
20 31 64 59 27
20 32 90 92 71
20 33 49 77 72
20 34 51 64 51
20 35 79 85 33
20 36 65 40 42
20 37 39 79 34
20 38 40 27 54
20 39 83 33 82
21 22 14 54 57
21 23 33 20 49
21 24 20 34 76
21 25 49 29 69
21 26 86 95 19
21 27 10 70 13
21 28 35 17 33
21 29 12 17 45
21 30 69 22 33
21 31 59 69 23
21 32 93 43 71
21 33 34 68 19
21 34 25 23 42
21 35 86 59 93
21 36 13 7 38
21 37 38 68 73
21 38 23 68 70
21 39 93 32 57
22 23 34 64 17
22 24 51 84 41
22 25 74 39 80
22 26 49 56 83
22 27 80 31 90
22 28 25 12 12
22 29 84 35 61
22 30 26 79 30
22 31 7 45 21
22 32 73 34 16
22 33 35 38 52
22 34 7 60 46
22 35 30 60 44
22 36 48 82 59
22 37 19 48 9
22 38 60 84 14
22 39 78 82 38
23 24 80 82 95
23 25 78 26 73
23 26 76 77 94
23 27 79 40 52
23 28 25 40 20
23 29 5 44 75
23 30 53 88 83
23 31 92 74 53
23 32 84 26 16
23 33 73 86 50
23 34 86 81 75
23 35 23 32 74
23 36 17 54 41
23 37 7 42 68
23 38 14 46 13
23 39 9 4 11
24 25 4 46 12
24 26 58 81 60
24 27 48 46 56
24 28 11 50 29
24 29 89 83 65
24 30 38 14 8
24 31 58 22 51
24 32 43 12 40
24 33 10 52 58
24 34 44 58 65
24 35 54 22 28
24 36 89 83 22
24 37 61 62 51
24 38 25 32 82
24 39 50 73 33
25 26 99 88 94
25 27 13 59 81
25 28 97 38 77
25 29 41 78 25
25 30 75 40 52
25 31 29 58 32
25 32 74 77 50
25 33 43 13 65
25 34 84 50 75
25 35 60 80 34
25 36 27 30 52
25 37 44 78 81
25 38 8 69 3
25 39 81 78 18
26 27 97 90 95
26 28 22 16 40
26 29 15 51 76
26 30 37 77 18
26 31 56 60 17
26 32 19 6 75
26 33 86 70 91
26 34 24 69 75
26 35 70 15 29
26 36 79 32 39
26 37 31 21 30
26 38 46 68 69
26 39 27 36 9
27 28 7 71 10
27 29 52 85 38
27 30 48 26 83
27 31 98 98 22
27 32 37 74 29
27 33 17 14 14
27 34 62 75 46
27 35 35 68 63
27 36 82 84 87
27 37 55 57 90
27 38 8 43 71
27 39 51 15 63
28 29 60 20 43
28 30 94 53 89
28 31 53 69 79
28 32 25 40 32
28 33 10 50 32
28 34 96 51 23
28 35 52 19 24
28 36 99 66 30
28 37 93 56 23
28 38 76 28 52
28 39 99 37 54
29 30 80 23 55
29 31 72 73 88
29 32 12 38 66
29 33 85 46 31
29 34 15 55 21
29 35 37 68 49
29 36 68 44 83
29 37 24 55 16
29 38 9 49 35
29 39 81 71 18
30 31 2 65 43
30 32 17 7 17
30 33 94 74 23
30 34 11 37 48
30 35 83 16 29
30 36 14 71 6
30 37 68 47 89
30 38 23 68 36
30 39 25 21 55
31 32 47 22 44
31 33 80 80 74
31 34 27 33 64
31 35 21 43 4
31 36 91 39 28
31 37 65 86 70
31 38 7 34 28
31 39 31 16 31
32 33 19 55 51
32 34 76 20 58
32 35 85 83 47
32 36 41 47 39
32 37 44 11 51
32 38 25 69 11
32 39 96 60 32
33 34 21 29 11
33 35 44 70 58
33 36 78 46 25
33 37 43 45 13
33 38 12 10 67
33 39 65 85 92
34 35 47 49 88
34 36 84 93 72
34 37 15 6 81
34 38 68 62 61
34 39 9 74 66
35 36 44 62 58
35 37 30 51 23
35 38 12 8 64
35 39 26 73 68
36 37 67 37 78
36 38 58 31 15
36 39 13 61 38
37 38 70 20 57
37 39 42 58 48
38 39 79 64 26
