40
0 1 28 57 37
0 2 88 82 84
0 3 90 45 85
0 4 61 64 53
0 5 51 68 26
0 6 3 34 34
0 7 40 24 60
0 8 92 60 85
0 9 5 41 42
0 10 17 11 35
0 11 97 86 89
0 12 44 50 39
0 13 46 51 40
0 14 74 70 78
0 15 90 69 76
0 16 61 78 59
0 17 97 78 69
0 18 79 42 81
0 19 19 55 17
0 20 13 8 25
0 21 59 43 33
0 22 73 49 80
0 23 65 63 55
0 24 40 70 59
0 25 66 82 37
0 26 67 80 61
0 27 12 19 10
0 28 30 38 15
0 29 79 49 72
0 30 71 84 79
0 31 52 56 29
0 32 5 40 47
0 33 60 79 71
0 34 77 39 59
0 35 95 87 56
0 36 91 71 70
0 37 78 73 42
0 38 25 36 38
0 39 80 63 54
1 2 74 42 71
1 3 95 48 78
1 4 61 69 47
1 5 53 69 63
1 6 57 39 30
1 7 59 47 49
1 8 70 41 56
1 9 9 50 30
1 10 6 15 19
1 11 83 87 65
1 12 31 35 22
1 13 12 34 27
1 14 33 56 27
1 15 74 61 68
1 16 6 4 34
1 17 30 30 16
1 18 40 44 37
1 19 77 43 60
1 20 95 78 64
1 21 81 53 44
1 22 72 49 49
1 23 72 39 59
1 24 82 52 69
1 25 87 47 82
1 26 96 52 78
1 27 16 44 54
1 28 32 21 40
1 29 27 38 54
1 30 9 26 8
1 31 25 24 32
1 32 9 50 22
1 33 0 32 6
1 34 13 28 16
1 35 16 37 42
1 36 81 57 88
1 37 21 24 43
1 38 62 65 37
1 39 64 78 33
2 3 57 35 78
2 4 36 39 42
2 5 53 43 43
2 6 22 22 15
2 7 85 84 86
2 8 40 40 64
2 9 11 9 43
2 10 82 56 46
2 11 41 49 35
2 12 45 60 32
2 13 34 19 39
2 14 62 80 40
2 15 77 74 44
2 16 95 72 61
2 17 77 39 75
2 18 38 55 53
2 19 6 22 34
2 20 32 25 51
2 21 25 29 55
2 22 11 26 55
2 23 60 73 35
2 24 22 40 14
2 25 53 54 34
2 26 32 49 31
2 27 71 48 37
2 28 21 49 28
2 29 54 47 37
2 30 97 60 77
2 31 39 67 33
2 32 62 69 75
2 33 94 47 55
2 34 88 48 70
2 35 11 30 23
2 36 57 34 44
2 37 94 70 97
2 38 50 29 40
2 39 59 53 65
3 4 72 63 38
3 5 10 7 54
3 6 16 28 53
3 7 59 46 36
3 8 31 35 35
3 9 63 52 49
3 10 62 75 31
3 11 70 43 36
3 12 59 70 72
3 13 44 32 48
3 14 33 36 47
3 15 42 22 24
3 16 27 46 62
3 17 27 19 29
3 18 69 56 51
3 19 84 49 53
3 20 75 47 70
3 21 86 54 68
3 22 41 38 49
3 23 22 12 58
3 24 30 50 40
3 25 73 81 43
3 26 33 53 37
3 27 80 51 81
3 28 60 73 66
3 29 91 59 73
3 30 35 61 57
3 31 77 86 40
3 32 61 58 77
3 33 30 57 46
3 34 33 17 50
3 35 44 35 25
3 36 55 51 53
3 37 62 69 72
3 38 45 33 42
3 39 42 49 65
4 5 37 37 57
4 6 60 68 72
4 7 41 21 69
4 8 97 74 88
4 9 69 77 73
4 10 94 61 91
4 11 21 41 15
4 12 77 47 60
4 13 33 23 37
4 14 67 64 39
4 15 81 84 82
4 16 27 47 52
4 17 13 31 41
4 18 82 77 77
4 19 57 49 56
4 20 36 33 60
4 21 13 29 55
4 22 78 74 42
4 23 98 54 89
4 24 17 14 40
4 25 22 37 49
4 26 15 20 23
4 27 22 16 49
4 28 73 44 67
4 29 53 38 48
4 30 13 55 34
4 31 22 44 22
4 32 85 60 43
4 33 67 74 35
4 34 17 32 42
4 35 30 52 22
4 36 61 50 76
4 37 32 65 39
4 38 49 36 71
4 39 49 37 72
5 6 41 48 49
5 7 45 60 62
5 8 22 22 39
5 9 38 21 54
5 10 96 50 89
5 11 81 63 63
5 12 1 15 30
5 13 55 76 40
5 14 53 53 70
5 15 17 21 54
5 16 91 54 57
5 17 27 26 15
5 18 61 72 68
5 19 82 68 49
5 20 61 31 65
5 21 72 40 84
5 22 63 81 32
5 23 50 65 73
5 24 57 62 37
5 25 85 61 47
5 26 92 67 64
5 27 49 47 28
5 28 4 51 33
5 29 93 91 85
5 30 72 57 52
5 31 83 77 44
5 32 24 48 14
5 33 70 73 65
5 34 37 47 21
5 35 38 54 65
5 36 96 49 97
5 37 32 63 42
5 38 76 61 72
5 39 97 79 92
6 7 43 61 52
6 8 48 61 53
6 9 32 43 16
6 10 3 2 35
6 11 2 34 48
6 12 70 80 45
6 13 53 63 27
6 14 69 83 73
6 15 11 21 10
6 16 39 55 41
6 17 77 43 51
6 18 71 46 41
6 19 13 27 36
6 20 13 52 19
6 21 34 43 32
6 22 85 83 80
6 23 75 85 58
6 24 37 68 63
6 25 76 41 79
6 26 4 3 23
6 27 46 57 24
6 28 74 64 78
6 29 57 71 36
6 30 86 43 87
6 31 78 43 78
6 32 48 64 35
6 33 74 43 73
6 34 71 41 66
6 35 42 54 25
6 36 3 9 48
6 37 45 35 58
6 38 4 30 32
6 39 69 63 47
7 8 56 62 77
7 9 55 44 75
7 10 19 12 11
7 11 76 81 48
7 12 19 25 58
7 13 59 46 42
7 14 83 50 83
7 15 64 46 73
7 16 34 56 44
7 17 49 60 56
7 18 1 11 44
7 19 52 31 68
7 20 28 39 61
7 21 66 42 73
7 22 25 17 55
7 23 88 50 82
7 24 1 0 42
7 25 75 79 86
7 26 38 60 24
7 27 56 42 48
7 28 2 41 19
7 29 34 28 42
7 30 11 38 47
7 31 98 54 64
7 32 76 57 73
7 33 3 14 22
7 34 66 42 65
7 35 87 69 86
7 36 2 46 9
7 37 47 36 73
7 38 90 70 81
7 39 43 58 31
8 9 64 54 34
8 10 41 32 59
8 11 24 40 56
8 12 77 61 83
8 13 5 47 35
8 14 26 51 48
8 15 14 31 16
8 16 90 51 72
8 17 32 54 59
8 18 31 46 53
8 19 1 42 13
8 20 0 25 45
8 21 42 42 69
8 22 80 79 45
8 23 66 69 49
8 24 16 19 10
8 25 5 37 33
8 26 87 60 61
8 27 13 8 12
8 28 84 64 50
8 29 88 55 62
8 30 90 90 47
8 31 71 52 53
8 32 56 52 32
8 33 28 42 30
8 34 88 58 57
8 35 11 16 36
8 36 82 84 64
8 37 64 72 47
8 38 85 76 78
8 39 18 45 25
9 10 76 73 58
9 11 87 70 44
9 12 31 26 18
9 13 62 51 73
9 14 62 50 32
9 15 63 54 69
9 16 43 64 45
9 17 90 78 66
9 18 32 50 32
9 19 26 36 56
9 20 72 81 59
9 21 73 68 77
9 22 76 74 60
9 23 49 70 40
9 24 95 55 74
9 25 3 12 24
9 26 31 45 59
9 27 27 46 55
9 28 94 49 52
9 29 0 21 6
9 30 51 73 53
9 31 96 91 80
9 32 83 63 91
9 33 84 46 46
9 34 50 53 62
9 35 88 59 75
9 36 15 33 51
9 37 15 56 46
9 38 25 26 56
9 39 42 46 55
10 11 85 79 72
10 12 95 87 95
10 13 85 78 82
10 14 18 18 57
10 15 20 19 54
10 16 38 19 52
10 17 33 44 35
10 18 26 41 35
10 19 2 10 41
10 20 23 21 16
10 21 55 57 70
10 22 96 53 73
10 23 10 23 32
10 24 53 72 43
10 25 93 73 75
10 26 66 37 41
10 27 62 37 57
10 28 47 32 67
10 29 64 58 70
10 30 10 30 33
10 31 33 61 52
10 32 96 79 64
10 33 93 77 78
10 34 28 40 49
10 35 80 84 52
10 36 32 64 62
10 37 6 46 26
10 38 16 29 48
10 39 50 51 51
11 12 29 45 16
11 13 64 70 82
11 14 0 48 27
11 15 80 83 42
11 16 80 47 62
11 17 34 30 37
11 18 52 46 51
11 19 12 26 11
11 20 18 20 18
11 21 62 72 67
11 22 52 54 48
11 23 24 51 13
11 24 72 77 36
11 25 67 49 42
11 26 17 25 38
11 27 93 73 90
11 28 53 29 43
11 29 0 48 40
11 30 89 91 65
11 31 85 62 65
11 32 89 66 66
11 33 30 27 21
11 34 21 56 21
11 35 16 20 49
11 36 14 8 45
11 37 11 11 28
11 38 85 55 78
11 39 61 70 38
12 13 33 56 30
12 14 19 48 24
12 15 20 25 56
12 16 94 90 57
12 17 81 45 51
12 18 24 58 36
12 19 53 43 60
12 20 78 47 62
12 21 7 6 45
12 22 75 85 65
12 23 50 67 65
12 24 23 49 46
12 25 53 66 32
12 26 90 67 94
12 27 13 44 29
12 28 18 47 40
12 29 66 44 35
12 30 14 20 15
12 31 86 75 70
12 32 4 45 4
12 33 72 74 68
12 34 64 59 70
12 35 34 45 37
12 36 5 8 45
12 37 44 24 26
12 38 96 77 50
12 39 5 23 11
13 14 49 47 60
13 15 61 48 76
13 16 46 69 55
13 17 56 35 63
13 18 51 46 53
13 19 8 42 37
13 20 21 49 26
13 21 98 67 57
13 22 9 18 5
13 23 76 47 38
13 24 3 16 42
13 25 52 41 37
13 26 70 68 74
13 27 68 71 71
13 28 13 26 31
13 29 16 46 53
13 30 49 30 50
13 31 42 54 34
13 32 89 89 88
13 33 35 42 21
13 34 51 73 36
13 35 90 47 53
13 36 71 47 81
13 37 56 47 34
13 38 73 67 61
13 39 1 2 7
14 15 76 80 70
14 16 25 33 37
14 17 86 44 77
14 18 75 54 83
14 19 4 11 33
14 20 63 59 65
14 21 81 43 41
14 22 15 47 9
14 23 58 33 39
14 24 18 21 40
14 25 38 19 23
14 26 20 38 40
14 27 46 35 32
14 28 49 40 29
14 29 31 41 36
14 30 59 44 34
14 31 67 67 72
14 32 18 30 38
14 33 36 35 46
14 34 92 87 60
14 35 45 45 28
14 36 24 39 32
14 37 88 87 69
14 38 23 15 18
14 39 3 40 42
15 16 66 57 43
15 17 44 41 41
15 18 98 81 62
15 19 49 29 44
15 20 80 80 43
15 21 37 27 42
15 22 26 45 59
15 23 87 84 75
15 24 83 65 69
15 25 47 46 28
15 26 27 45 20
15 27 12 19 26
15 28 49 30 56
15 29 61 55 36
15 30 26 58 42
15 31 96 53 73
15 32 61 52 60
15 33 85 55 86
15 34 66 38 43
15 35 5 33 33
15 36 0 17 40
15 37 48 39 69
15 38 40 41 64
15 39 36 24 60
16 17 50 38 27
16 18 4 50 17
16 19 18 16 37
16 20 33 18 47
16 21 75 66 78
16 22 88 94 65
16 23 65 41 47
16 24 56 72 42
16 25 13 50 36
16 26 87 72 91
16 27 39 45 33
16 28 64 38 58
16 29 88 74 79
16 30 63 71 71
16 31 3 34 17
16 32 49 36 38
16 33 44 47 32
16 34 48 24 30
16 35 4 25 10
16 36 47 29 42
16 37 38 24 21
16 38 13 45 10
16 39 0 2 10
17 18 48 31 67
17 19 46 26 29
17 20 52 67 52
17 21 91 66 61
17 22 5 13 40
17 23 41 29 29
17 24 22 33 43
17 25 86 48 44
17 26 55 29 39
17 27 0 20 4
17 28 57 69 32
17 29 14 43 53
17 30 6 44 51
17 31 92 62 52
17 32 28 38 51
17 33 55 67 62
17 34 43 62 58
17 35 47 49 73
17 36 87 68 64
17 37 94 66 76
17 38 98 85 94
17 39 91 71 78
18 19 43 62 45
18 20 10 24 18
18 21 25 48 24
18 22 62 80 68
18 23 15 31 12
18 24 84 57 66
18 25 69 59 69
18 26 4 3 41
18 27 42 32 66
18 28 8 4 38
18 29 47 44 69
18 30 0 16 31
18 31 39 30 33
18 32 95 94 54
18 33 44 54 52
18 34 7 46 32
18 35 7 18 30
18 36 23 25 52
18 37 68 77 50
18 38 16 12 30
18 39 53 62 39
19 20 66 43 34
19 21 76 51 45
19 22 52 26 26
19 23 63 33 34
19 24 31 38 55
19 25 22 37 47
19 26 54 60 70
19 27 27 33 40
19 28 92 59 65
19 29 46 70 25
19 30 79 76 86
19 31 2 39 46
19 32 97 76 54
19 33 85 83 59
19 34 72 76 83
19 35 85 78 65
19 36 35 63 53
19 37 67 44 81
19 38 35 56 54
19 39 28 37 29
20 21 40 53 66
20 22 23 50 52
20 23 61 51 76
20 24 60 38 47
20 25 58 42 53
20 26 92 62 79
20 27 73 86 51
20 28 86 75 43
20 29 89 69 58
20 30 86 82 88
20 31 85 58 61
20 32 37 27 49
20 33 96 57 59
20 34 2 47 31
20 35 86 74 62
20 36 68 81 51
20 37 73 71 51
20 38 63 41 61
20 39 85 83 72
21 22 17 33 14
21 23 22 60 56
21 24 22 22 26
21 25 84 79 43
21 26 87 78 64
21 27 59 64 75
21 28 56 44 64
21 29 11 40 37
21 30 17 23 44
21 31 77 55 84
21 32 26 56 54
21 33 88 93 56
21 34 82 89 76
21 35 38 49 53
21 36 44 29 63
21 37 15 27 10
21 38 6 3 17
21 39 62 73 32
22 23 21 54 50
22 24 15 54 40
22 25 25 32 21
22 26 86 74 82
22 27 14 40 8
22 28 74 77 52
22 29 54 72 72
22 30 43 54 26
22 31 61 40 43
22 32 25 53 18
22 33 19 11 14
22 34 88 54 51
22 35 95 81 81
22 36 16 13 46
22 37 62 58 79
22 38 59 38 55
22 39 42 63 22
23 24 49 54 68
23 25 90 89 50
23 26 11 31 54
23 27 55 51 72
23 28 1 32 14
23 29 29 61 50
23 30 79 47 78
23 31 41 31 50
23 32 37 58 37
23 33 55 32 67
23 34 57 74 46
23 35 27 29 42
23 36 79 80 87
23 37 16 12 35
23 38 99 64 86
23 39 64 68 37
24 25 3 36 5
24 26 68 58 65
24 27 16 38 25
24 28 11 26 13
24 29 28 19 25
24 30 27 56 58
24 31 45 28 32
24 32 64 38 71
24 33 2 36 10
24 34 71 75 67
24 35 26 32 60
24 36 73 67 60
24 37 97 53 92
24 38 43 54 48
24 39 87 46 58
25 26 54 32 28
25 27 4 30 16
25 28 1 44 36
25 29 80 57 89
25 30 4 36 33
25 31 43 35 34
25 32 88 56 68
25 33 44 57 23
25 34 83 89 87
25 35 33 42 41
25 36 0 26 25
25 37 30 34 44
25 38 71 62 53
25 39 6 52 34
26 27 90 91 48
26 28 65 50 77
26 29 28 27 37
26 30 45 69 37
26 31 3 25 11
26 32 32 33 56
26 33 53 29 50
26 34 79 59 47
26 35 97 63 91
26 36 46 57 62
26 37 75 86 51
26 38 57 38 43
26 39 20 50 54
27 28 64 76 81
27 29 49 41 55
27 30 4 23 44
27 31 71 58 36
27 32 52 53 48
27 33 48 36 60
27 34 29 48 24
27 35 34 32 53
27 36 65 37 54
27 37 51 43 46
27 38 23 25 30
27 39 54 66 74
28 29 2 10 37
28 30 21 35 25
28 31 46 52 46
28 32 27 53 48
28 33 75 50 65
28 34 73 39 41
28 35 77 59 45
28 36 61 44 62
28 37 88 56 78
28 38 58 58 32
28 39 54 69 49
29 30 76 42 61
29 31 66 47 36
29 32 16 45 31
29 33 74 58 48
29 34 52 73 50
29 35 75 86 55
29 36 5 29 49
29 37 15 39 42
29 38 14 10 41
29 39 92 93 87
30 31 46 60 40
30 32 50 36 63
30 33 82 84 76
30 34 57 78 38
30 35 36 34 27
30 36 75 62 56
30 37 63 77 45
30 38 14 46 30
30 39 8 15 19
31 32 96 62 79
31 33 4 20 14
31 34 90 53 90
31 35 89 45 86
31 36 40 38 30
31 37 35 44 64
31 38 48 56 69
31 39 52 53 41
32 33 63 70 71
32 34 37 47 20
32 35 81 85 82
32 36 37 25 34
32 37 61 61 33
32 38 5 6 32
32 39 23 14 39
33 34 49 42 61
33 35 21 41 49
33 36 90 45 91
33 37 34 21 38
33 38 69 46 39
33 39 73 77 47
34 35 74 80 43
34 36 23 31 29
34 37 74 79 62
34 38 54 45 69
34 39 42 37 61
35 36 14 22 40
35 37 97 84 87
35 38 18 54 24
35 39 10 11 8
36 37 75 86 45
36 38 62 37 66
36 39 36 40 21
37 38 43 36 35
37 39 96 83 83
38 39 79 50 47
