42
0 1 43 45 51
0 2 21 28 51
0 3 45 25 49
0 4 37 66 44
0 5 44 57 38
0 6 40 69 49
0 7 9 46 11
0 8 87 51 63
0 9 33 59 25
0 10 75 63 46
0 11 10 53 7
0 12 24 54 36
0 13 88 83 57
0 14 30 60 25
0 15 5 21 42
0 16 89 74 65
0 17 85 61 53
0 18 17 47 27
0 19 57 39 45
0 20 3 45 39
0 21 37 22 27
0 22 44 51 36
0 23 31 53 33
0 24 11 23 14
0 25 53 61 42
0 26 68 38 59
0 27 31 18 51
0 28 57 76 46
0 29 39 64 60
0 30 7 38 11
0 31 2 4 26
0 32 24 40 23
0 33 15 41 46
0 34 78 59 55
0 35 44 37 48
0 36 4 28 10
0 37 72 47 82
0 38 57 30 76
0 39 46 40 24
0 40 87 83 76
0 41 96 61 54
1 2 49 48 28
1 3 70 67 38
1 4 15 51 18
1 5 66 69 67
1 6 42 21 68
1 7 31 31 32
1 8 11 11 51
1 9 61 52 58
1 10 99 99 78
1 11 57 35 62
1 12 9 34 17
1 13 9 18 34
1 14 80 75 46
1 15 25 52 39
1 16 72 65 59
1 17 32 29 49
1 18 83 47 61
1 19 25 53 22
1 20 77 58 65
1 21 95 79 93
1 22 34 46 67
1 23 25 30 59
1 24 60 55 70
1 25 22 17 27
1 26 38 65 64
1 27 94 65 69
1 28 10 20 31
1 29 39 66 50
1 30 75 83 79
1 31 41 53 66
1 32 66 69 62
1 33 25 19 20
1 34 82 60 89
1 35 27 49 45
1 36 69 45 76
1 37 22 19 34
1 38 50 66 68
1 39 80 59 46
1 40 90 60 84
1 41 30 44 26
2 3 46 60 71
2 4 15 54 12
2 5 95 73 79
2 6 75 74 85
2 7 23 29 36
2 8 85 57 84
2 9 94 75 85
2 10 5 47 37
2 11 59 73 66
2 12 3 4 18
2 13 82 61 75
2 14 20 42 60
2 15 96 60 97
2 16 3 13 27
2 17 93 94 71
2 18 39 54 39
2 19 68 84 65
2 20 35 37 25
2 21 18 28 17
2 22 20 15 21
2 23 85 43 76
2 24 99 72 85
2 25 31 55 17
2 26 80 65 72
2 27 72 83 39
2 28 57 68 30
2 29 15 47 32
2 30 95 68 84
2 31 62 43 72
2 32 45 40 22
2 33 58 49 58
2 34 5 36 17
2 35 25 54 13
2 36 66 56 78
2 37 55 48 36
2 38 82 49 65
2 39 66 52 62
2 40 40 39 59
2 41 67 68 37
3 4 34 58 21
3 5 47 55 47
3 6 94 86 57
3 7 61 48 58
3 8 48 50 24
3 9 60 79 73
3 10 83 84 47
3 11 55 71 37
3 12 78 66 74
3 13 67 42 37
3 14 78 66 59
3 15 8 43 39
3 16 31 22 50
3 17 51 58 39
3 18 91 65 81
3 19 59 44 38
3 20 24 34 15
3 21 28 32 51
3 22 66 68 52
3 23 77 43 59
3 24 25 31 12
3 25 64 40 64
3 26 29 31 24
3 27 18 33 20
3 28 52 33 37
3 29 93 83 52
3 30 65 77 69
3 31 79 51 78
3 32 82 44 69
3 33 47 68 29
3 34 31 18 17
3 35 43 62 28
3 36 42 64 57
3 37 21 59 24
3 38 52 46 69
3 39 31 42 31
3 40 87 58 80
3 41 36 32 39
4 5 15 15 48
4 6 12 47 52
4 7 9 40 29
4 8 14 10 49
4 9 25 34 15
4 10 58 56 53
4 11 23 48 35
4 12 9 33 33
4 13 0 6 28
4 14 77 45 83
4 15 44 24 61
4 16 77 78 59
4 17 63 49 58
4 18 36 46 66
4 19 26 57 61
4 20 90 83 59
4 21 31 48 24
4 22 90 90 48
4 23 96 97 79
4 24 4 15 31
4 25 38 61 55
4 26 66 64 75
4 27 67 78 41
4 28 44 30 57
4 29 53 66 63
4 30 83 69 48
4 31 29 43 19
4 32 56 75 32
4 33 57 45 41
4 34 4 16 25
4 35 84 73 47
4 36 75 71 76
4 37 5 22 22
4 38 0 3 38
4 39 70 60 80
4 40 51 34 30
4 41 67 60 54
5 6 84 78 52
5 7 97 92 84
5 8 95 68 71
5 9 70 47 46
5 10 32 24 45
5 11 49 26 63
5 12 11 37 45
5 13 84 46 84
5 14 23 58 27
5 15 90 92 49
5 16 44 49 30
5 17 24 29 32
5 18 86 53 46
5 19 16 24 19
5 20 7 31 44
5 21 48 67 55
5 22 56 28 29
5 23 66 71 59
5 24 71 69 37
5 25 18 56 23
5 26 46 65 62
5 27 29 50 50
5 28 66 52 64
5 29 17 37 27
5 30 18 36 52
5 31 3 21 19
5 32 63 79 31
5 33 47 50 33
5 34 50 45 45
5 35 44 34 63
5 36 79 66 57
5 37 81 90 86
5 38 25 43 61
5 39 23 23 49
5 40 16 35 19
5 41 28 52 29
6 7 16 36 21
6 8 41 55 43
6 9 23 54 56
6 10 63 45 56
6 11 96 93 91
6 12 39 31 41
6 13 93 53 80
6 14 21 25 13
6 15 46 35 56
6 16 33 40 17
6 17 4 19 46
6 18 2 23 21
6 19 24 43 51
6 20 57 55 73
6 21 94 56 57
6 22 96 63 87
6 23 35 34 20
6 24 8 33 35
6 25 34 60 31
6 26 32 56 37
6 27 44 33 67
6 28 16 48 34
6 29 18 31 20
6 30 99 68 94
6 31 48 43 46
6 32 63 63 33
6 33 38 51 64
6 34 7 7 45
6 35 93 85 80
6 36 13 8 27
6 37 71 78 58
6 38 79 48 43
6 39 57 39 63
6 40 36 56 58
6 41 18 46 38
7 8 85 73 61
7 9 39 41 33
7 10 21 36 59
7 11 84 76 60
7 12 76 58 63
7 13 82 71 71
7 14 37 41 19
7 15 37 56 45
7 16 94 48 57
7 17 87 69 63
7 18 29 15 32
7 19 98 93 90
7 20 97 94 77
7 21 81 68 41
7 22 19 17 39
7 23 27 38 45
7 24 20 42 33
7 25 59 65 63
7 26 8 51 39
7 27 4 5 26
7 28 86 75 55
7 29 49 63 46
7 30 81 84 43
7 31 81 67 67
7 32 41 35 39
7 33 81 90 51
7 34 1 48 22
7 35 43 71 39
7 36 11 30 7
7 37 88 53 46
7 38 67 52 41
7 39 49 48 35
7 40 58 50 74
7 41 27 53 15
8 9 89 51 64
8 10 62 34 38
8 11 77 61 38
8 12 77 42 39
8 13 43 58 24
8 14 26 17 41
8 15 76 51 79
8 16 67 69 50
8 17 17 26 25
8 18 26 59 16
8 19 80 72 69
8 20 17 33 23
8 21 11 34 37
8 22 82 56 45
8 23 72 64 43
8 24 44 28 37
8 25 59 30 63
8 26 11 8 29
8 27 31 19 19
8 28 9 27 15
8 29 91 45 65
8 30 68 70 40
8 31 86 89 46
8 32 21 12 33
8 33 96 64 95
8 34 15 27 23
8 35 77 49 58
8 36 75 79 84
8 37 44 25 23
8 38 76 85 47
8 39 96 71 83
8 40 96 80 55
8 41 67 37 76
9 10 6 24 23
9 11 1 18 37
9 12 22 60 27
9 13 59 78 63
9 14 38 24 24
9 15 49 31 65
9 16 43 31 51
9 17 79 55 52
9 18 85 63 57
9 19 49 37 51
9 20 83 49 53
9 21 47 72 36
9 22 55 75 47
9 23 10 9 29
9 24 32 49 36
9 25 76 47 74
9 26 70 67 78
9 27 84 88 65
9 28 35 25 54
9 29 91 81 49
9 30 46 53 61
9 31 40 31 65
9 32 97 96 70
9 33 63 56 34
9 34 7 22 31
9 35 70 47 70
9 36 37 55 54
9 37 2 1 26
9 38 81 84 45
9 39 88 46 90
9 40 80 82 46
9 41 82 55 88
10 11 83 54 74
10 12 88 76 46
10 13 31 29 50
10 14 22 55 57
10 15 63 76 32
10 16 52 69 39
10 17 58 49 56
10 18 49 39 29
10 19 32 53 37
10 20 91 73 67
10 21 95 71 56
10 22 2 5 31
10 23 30 15 30
10 24 8 20 48
10 25 15 10 47
10 26 4 41 21
10 27 69 45 37
10 28 23 33 23
10 29 36 64 21
10 30 22 14 60
10 31 63 36 65
10 32 38 21 26
10 33 19 55 24
10 34 72 56 59
10 35 68 49 44
10 36 26 37 46
10 37 0 25 31
10 38 38 65 47
10 39 57 33 60
10 40 19 27 35
10 41 34 48 56
11 12 84 75 63
11 13 65 80 74
11 14 17 55 24
11 15 2 4 25
11 16 15 36 42
11 17 17 22 20
11 18 4 13 31
11 19 71 61 78
11 20 74 43 82
11 21 11 20 19
11 22 42 34 31
11 23 87 59 63
11 24 90 58 89
11 25 63 36 36
11 26 50 35 51
11 27 39 27 54
11 28 16 20 53
11 29 9 44 51
11 30 77 58 42
11 31 98 73 88
11 32 83 41 52
11 33 5 4 43
11 34 30 61 54
11 35 65 56 47
11 36 91 51 76
11 37 61 58 33
11 38 68 64 82
11 39 74 43 50
11 40 37 53 23
11 41 95 91 75
12 13 13 34 33
12 14 35 47 47
12 15 8 45 7
12 16 58 69 36
12 17 8 11 52
12 18 51 70 38
12 19 90 80 63
12 20 49 69 28
12 21 98 73 74
12 22 88 67 54
12 23 75 55 61
12 24 20 47 40
12 25 97 88 50
12 26 88 61 83
12 27 18 42 26
12 28 36 57 57
12 29 13 35 47
12 30 19 19 50
12 31 82 79 67
12 32 48 73 49
12 33 53 68 46
12 34 0 32 41
12 35 87 47 66
12 36 48 67 71
12 37 35 28 34
12 38 65 73 52
12 39 64 61 57
12 40 38 50 66
12 41 89 84 55
13 14 69 79 51
13 15 70 54 43
13 16 54 53 66
13 17 23 54 32
13 18 69 72 47
13 19 37 45 58
13 20 63 36 55
13 21 11 9 41
13 22 50 58 51
13 23 89 92 64
13 24 6 27 22
13 25 50 51 28
13 26 63 70 40
13 27 62 75 34
13 28 18 15 21
13 29 83 74 66
13 30 52 58 60
13 31 49 57 34
13 32 19 55 19
13 33 45 43 26
13 34 5 47 4
13 35 31 31 31
13 36 36 38 26
13 37 55 71 70
13 38 34 20 62
13 39 50 45 71
13 40 0 31 38
13 41 18 29 52
14 15 58 76 40
14 16 57 36 58
14 17 39 51 65
14 18 5 16 39
14 19 27 43 37
14 20 73 57 67
14 21 90 74 62
14 22 69 43 42
14 23 84 75 65
14 24 16 54 23
14 25 31 25 50
14 26 65 59 53
14 27 30 57 53
14 28 98 96 87
14 29 59 63 68
14 30 40 27 27
14 31 10 44 27
14 32 94 63 67
14 33 50 72 69
14 34 43 69 66
14 35 46 41 70
14 36 85 43 79
14 37 66 56 68
14 38 15 52 38
14 39 94 85 77
14 40 31 49 56
14 41 17 47 20
15 16 43 28 24
15 17 19 48 27
15 18 96 60 95
15 19 69 82 46
15 20 10 9 10
15 21 44 34 44
15 22 99 64 95
15 23 27 16 43
15 24 21 50 22
15 25 50 45 34
15 26 72 57 86
15 27 95 57 97
15 28 71 49 56
15 29 26 39 32
15 30 23 37 39
15 31 56 65 34
15 32 11 37 29
15 33 25 38 20
15 34 2 29 43
15 35 27 41 16
15 36 31 47 30
15 37 35 61 25
15 38 50 54 43
15 39 23 49 59
15 40 18 47 16
15 41 20 46 11
16 17 32 54 64
16 18 93 50 91
16 19 55 71 76
16 20 1 25 20
16 21 93 58 71
16 22 24 22 13
16 23 54 65 37
16 24 49 36 66
16 25 32 19 57
16 26 85 83 83
16 27 83 59 73
16 28 33 64 34
16 29 84 59 80
16 30 88 55 63
16 31 23 40 57
16 32 77 87 42
16 33 54 36 38
16 34 89 65 66
16 35 45 32 47
16 36 16 10 32
16 37 12 11 29
16 38 62 55 66
16 39 88 85 45
16 40 21 39 41
16 41 31 18 25
17 18 90 75 90
17 19 26 57 42
17 20 82 61 72
17 21 61 47 63
17 22 32 22 62
17 23 97 91 55
17 24 28 60 53
17 25 64 45 36
17 26 64 44 59
17 27 77 42 45
17 28 16 37 57
17 29 4 8 45
17 30 51 38 64
17 31 2 34 16
17 32 15 16 57
17 33 75 74 77
17 34 18 35 51
17 35 1 11 21
17 36 27 33 22
17 37 74 78 55
17 38 5 38 5
17 39 42 36 48
17 40 97 52 62
17 41 53 29 72
18 19 4 24 24
18 20 76 85 64
18 21 18 26 38
18 22 20 51 58
18 23 71 85 46
18 24 44 62 51
18 25 44 33 62
18 26 64 72 39
18 27 66 63 49
18 28 38 34 62
18 29 28 32 46
18 30 87 58 67
18 31 57 44 66
18 32 0 45 32
18 33 56 52 47
18 34 37 34 47
18 35 11 53 23
18 36 19 33 54
18 37 7 46 35
18 38 22 37 33
18 39 36 34 33
18 40 58 66 41
18 41 68 72 71
19 20 85 87 58
19 21 55 39 41
19 22 82 89 52
19 23 99 71 58
19 24 51 40 28
19 25 92 95 78
19 26 46 50 42
19 27 44 51 48
19 28 63 70 73
19 29 9 6 7
19 30 56 73 33
19 31 71 73 51
19 32 81 48 75
19 33 91 66 78
19 34 24 40 29
19 35 80 85 68
19 36 71 38 67
19 37 69 63 36
19 38 50 52 73
19 39 46 42 42
19 40 55 28 70
19 41 24 52 42
20 21 72 48 52
20 22 74 47 75
20 23 51 64 65
20 24 45 29 29
20 25 93 56 48
20 26 29 49 45
20 27 60 54 60
20 28 35 29 24
20 29 5 24 26
20 30 72 57 79
20 31 84 92 73
20 32 92 81 87
20 33 62 62 55
20 34 45 69 24
20 35 58 44 38
20 36 46 65 69
20 37 41 40 68
20 38 49 65 32
20 39 26 23 42
20 40 63 52 80
20 41 13 56 11
21 22 61 61 40
21 23 9 28 32
21 24 93 83 53
21 25 14 38 40
21 26 42 39 24
21 27 24 61 44
21 28 76 55 60
21 29 89 48 59
21 30 96 79 84
21 31 95 79 64
21 32 63 74 62
21 33 59 30 65
21 34 28 33 30
21 35 37 54 33
21 36 82 59 50
21 37 74 57 56
21 38 52 72 66
21 39 8 48 19
21 40 18 53 57
21 41 8 18 29
22 23 83 61 76
22 24 84 57 89
22 25 60 40 75
22 26 18 50 18
22 27 6 52 42
22 28 91 60 60
22 29 42 28 39
22 30 9 25 16
22 31 6 30 14
22 32 90 71 89
22 33 66 35 69
22 34 51 42 28
22 35 71 59 36
22 36 33 30 42
22 37 99 77 70
22 38 63 56 70
22 39 78 68 39
22 40 61 69 51
22 41 43 58 48
23 24 46 33 40
23 25 61 34 55
23 26 6 29 29
23 27 59 44 40
23 28 41 25 54
23 29 97 98 51
23 30 6 10 49
23 31 3 46 26
23 32 82 75 67
23 33 42 69 39
23 34 50 34 44
23 35 97 58 92
23 36 50 33 33
23 37 55 76 56
23 38 98 70 75
23 39 18 46 49
23 40 75 84 86
23 41 7 34 37
24 25 0 16 14
24 26 3 43 41
24 27 81 84 74
24 28 80 68 59
24 29 72 82 50
24 30 79 85 73
24 31 15 18 14
24 32 98 49 60
24 33 55 65 42
24 34 87 82 79
24 35 78 76 71
24 36 95 48 61
24 37 34 29 31
24 38 21 11 22
24 39 50 74 51
24 40 40 40 67
24 41 61 71 64
25 26 91 90 92
25 27 23 56 40
25 28 22 37 33
25 29 57 32 71
25 30 91 86 93
25 31 51 34 29
25 32 0 2 48
25 33 76 58 81
25 34 32 58 17
25 35 81 49 53
25 36 37 55 61
25 37 40 35 60
25 38 22 19 57
25 39 62 77 44
25 40 60 61 68
25 41 20 46 15
26 27 94 82 66
26 28 7 9 6
26 29 40 68 65
26 30 77 81 76
26 31 17 17 20
26 32 15 16 45
26 33 45 66 72
26 34 98 54 64
26 35 68 56 65
26 36 92 94 70
26 37 46 54 53
26 38 80 43 43
26 39 33 31 60
26 40 39 27 65
26 41 9 5 41
27 28 20 13 16
27 29 89 55 88
27 30 79 65 54
27 31 88 60 70
27 32 10 27 52
27 33 93 91 69
27 34 27 34 45
27 35 93 49 76
27 36 62 60 79
27 37 58 31 74
27 38 98 61 94
27 39 41 62 22
27 40 76 64 47
27 41 31 57 31
28 29 88 86 57
28 30 62 31 69
28 31 79 50 49
28 32 38 60 67
28 33 60 64 74
28 34 0 8 29
28 35 4 51 42
28 36 44 53 25
28 37 79 75 78
28 38 3 20 5
28 39 16 16 9
28 40 47 71 43
28 41 8 48 51
29 30 38 50 20
29 31 11 26 50
29 32 67 44 52
29 33 40 31 61
29 34 52 55 33
29 35 40 22 60
29 36 78 66 59
29 37 4 11 11
29 38 42 51 66
29 39 48 71 61
29 40 53 50 51
29 41 77 50 71
30 31 14 10 43
30 32 5 13 40
30 33 23 27 39
30 34 19 47 10
30 35 97 59 82
30 36 58 66 66
30 37 77 86 77
30 38 37 22 34
30 39 36 54 59
30 40 55 67 54
30 41 58 37 52
31 32 4 49 48
31 33 35 46 19
31 34 69 43 44
31 35 0 45 41
31 36 48 33 50
31 37 65 59 37
31 38 14 46 54
31 39 42 41 62
31 40 13 24 11
31 41 93 53 65
32 33 37 50 51
32 34 34 18 18
32 35 78 55 49
32 36 26 62 46
32 37 62 71 47
32 38 42 42 30
32 39 38 22 56
32 40 16 36 44
32 41 9 29 36
33 34 61 56 60
33 35 36 62 47
33 36 14 33 45
33 37 65 59 49
33 38 55 60 73
33 39 76 81 68
33 40 0 1 0
33 41 12 26 22
34 35 36 24 35
34 36 30 15 54
34 37 31 47 25
34 38 7 37 33
34 39 59 69 76
34 40 56 46 67
34 41 62 71 69
35 36 95 87 74
35 37 16 57 10
35 38 57 45 45
35 39 49 53 51
35 40 99 93 85
35 41 32 27 47
36 37 9 53 8
36 38 1 22 18
36 39 2 7 39
36 40 6 27 51
36 41 13 45 20
37 38 95 64 76
37 39 59 56 61
37 40 90 66 84
37 41 40 42 35
38 39 63 51 45
38 40 12 14 13
38 41 11 53 27
39 40 5 46 12
39 41 2 30 25
40 41 70 58 78
