45
0 1 30 29 32
0 2 97 89 96
0 3 3 5 17
0 4 54 49 56
0 5 2 13 14
0 6 23 23 22
0 7 1 1 2
0 8 16 23 27
0 9 6 16 10
0 10 52 56 54
0 11 99 95 89
0 12 13 13 14
0 13 49 44 51
0 14 64 67 55
0 15 41 45 47
0 16 61 53 64
0 17 13 14 12
0 18 91 81 82
0 19 18 24 17
0 20 32 37 38
0 21 34 33 34
0 22 10 10 12
0 23 30 27 38
0 24 60 55 54
0 25 88 77 80
0 26 42 37 41
0 27 38 45 46
0 28 98 90 84
0 29 64 55 69
0 30 67 59 63
0 31 28 27 31
0 32 87 78 83
0 33 67 68 65
0 34 18 16 24
0 35 86 79 78
0 36 16 17 16
0 37 67 60 66
0 38 67 60 58
0 39 89 84 83
0 40 3 7 16
0 41 54 48 48
0 42 7 12 7
0 43 88 82 86
0 44 27 26 32
1 2 47 55 48
1 3 7 9 18
1 4 32 38 41
1 5 11 22 22
1 6 50 57 56
1 7 28 24 37
1 8 25 24 22
1 9 70 64 73
1 10 94 81 92
1 11 64 57 68
1 12 34 37 39
1 13 84 80 81
1 14 98 85 93
1 15 55 49 50
1 16 49 47 47
1 17 81 81 78
1 18 55 56 54
1 19 55 58 56
1 20 84 81 76
1 21 72 73 69
1 22 19 31 25
1 23 24 26 22
1 24 57 51 55
1 25 63 56 61
1 26 92 80 90
1 27 16 26 18
1 28 65 65 66
1 29 55 50 48
1 30 27 33 31
1 31 54 50 48
1 32 47 43 44
1 33 13 22 16
1 34 89 81 83
1 35 61 66 63
1 36 73 63 68
1 37 5 18 18
1 38 44 38 43
1 39 34 42 43
1 40 97 87 97
1 41 34 31 44
1 42 24 31 27
1 43 73 64 75
1 44 58 52 57
2 3 89 81 88
2 4 18 20 29
2 5 28 36 32
2 6 61 60 57
2 7 14 25 17
2 8 34 39 37
2 9 36 45 34
2 10 54 54 51
2 11 88 83 81
2 12 23 30 25
2 13 77 66 71
2 14 28 38 37
2 15 84 74 83
2 16 16 18 22
2 17 69 63 71
2 18 56 50 58
2 19 96 83 90
2 20 14 26 25
2 21 68 71 69
2 22 37 45 33
2 23 0 1 6
2 24 54 51 61
2 25 73 74 71
2 26 80 72 80
2 27 27 27 36
2 28 2 11 11
2 29 0 3 6
2 30 95 86 94
2 31 16 22 26
2 32 32 37 37
2 33 91 91 84
2 34 49 45 47
2 35 77 72 68
2 36 39 40 35
2 37 90 78 79
2 38 35 39 36
2 39 60 57 65
2 40 30 36 37
2 41 62 57 61
2 42 2 12 15
2 43 17 17 21
2 44 21 28 18
3 4 45 49 49
3 5 35 39 43
3 6 89 87 82
3 7 55 52 57
3 8 2 6 10
3 9 47 51 50
3 10 30 36 26
3 11 81 69 70
3 12 66 63 66
3 13 22 30 21
3 14 94 94 86
3 15 1 1 14
3 16 24 35 31
3 17 89 79 79
3 18 35 41 41
3 19 78 72 75
3 20 94 92 92
3 21 77 69 75
3 22 19 24 20
3 23 47 48 41
3 24 55 53 48
3 25 79 79 73
3 26 73 66 63
3 27 8 19 7
3 28 97 96 82
3 29 47 47 51
3 30 87 88 83
3 31 73 69 62
3 32 20 31 21
3 33 75 67 69
3 34 52 53 49
3 35 9 8 18
3 36 35 41 36
3 37 57 55 54
3 38 0 9 4
3 39 72 70 70
3 40 50 54 52
3 41 96 90 95
3 42 54 60 56
3 43 1 6 8
3 44 62 53 60
4 5 38 45 47
4 6 85 86 85
4 7 15 23 22
4 8 28 29 38
4 9 80 73 74
4 10 52 54 57
4 11 34 34 34
4 12 36 41 35
4 13 19 18 29
4 14 90 89 84
4 15 41 40 44
4 16 52 51 46
4 17 81 81 79
4 18 5 13 18
4 19 50 49 53
4 20 88 80 79
4 21 33 32 30
4 22 81 77 84
4 23 79 73 68
4 24 47 44 47
4 25 25 23 32
4 26 13 15 13
4 27 90 89 82
4 28 31 37 33
4 29 44 52 49
4 30 82 78 72
4 31 8 21 7
4 32 32 37 38
4 33 7 12 12
4 34 44 42 42
4 35 58 53 57
4 36 1 9 13
4 37 92 84 78
4 38 16 29 21
4 39 37 33 37
4 40 89 81 89
4 41 63 63 59
4 42 19 18 25
4 43 32 37 34
4 44 29 35 31
5 6 33 30 34
5 7 94 86 89
5 8 92 87 78
5 9 54 54 48
5 10 25 35 28
5 11 98 96 90
5 12 88 88 87
5 13 95 83 82
5 14 93 91 87
5 15 58 54 50
5 16 99 95 88
5 17 52 54 50
5 18 46 41 41
5 19 49 51 47
5 20 96 90 87
5 21 28 25 25
5 22 73 75 66
5 23 21 28 18
5 24 51 50 53
5 25 84 75 86
5 26 76 72 76
5 27 27 36 23
5 28 56 51 55
5 29 7 19 14
5 30 74 70 69
5 31 35 38 43
5 32 1 2 4
5 33 39 47 44
5 34 77 70 73
5 35 39 44 34
5 36 59 51 51
5 37 6 9 6
5 38 27 34 29
5 39 8 19 10
5 40 5 9 11
5 41 34 32 43
5 42 33 42 36
5 43 64 61 65
5 44 2 6 13
6 7 69 58 62
6 8 61 57 64
6 9 32 31 36
6 10 44 50 43
6 11 74 67 70
6 12 82 73 74
6 13 4 11 13
6 14 59 62 54
6 15 28 24 24
6 16 2 8 5
6 17 40 38 44
6 18 60 60 58
6 19 64 62 60
6 20 25 35 28
6 21 45 43 53
6 22 34 37 43
6 23 65 65 57
6 24 66 60 57
6 25 50 50 51
6 26 28 28 36
6 27 64 56 54
6 28 58 55 63
6 29 29 37 36
6 30 44 43 43
6 31 12 23 11
6 32 89 88 78
6 33 28 33 32
6 34 19 21 25
6 35 14 14 15
6 36 12 12 16
6 37 99 96 96
6 38 55 55 61
6 39 79 82 78
6 40 0 7 2
6 41 37 43 41
6 42 96 85 85
6 43 72 62 72
6 44 67 64 63
7 8 0 2 12
7 9 21 32 23
7 10 61 53 54
7 11 12 11 11
7 12 31 38 39
7 13 2 5 15
7 14 78 77 74
7 15 9 15 15
7 16 40 36 47
7 17 39 46 40
7 18 65 66 56
7 19 17 28 24
7 20 59 60 57
7 21 44 51 44
7 22 78 79 73
7 23 43 47 43
7 24 51 55 50
7 25 43 41 51
7 26 72 65 75
7 27 61 52 60
7 28 5 4 6
7 29 9 20 19
7 30 64 60 63
7 31 46 48 40
7 32 9 9 9
7 33 57 54 51
7 34 33 30 38
7 35 48 44 56
7 36 96 90 82
7 37 13 14 14
7 38 56 53 55
7 39 94 86 85
7 40 88 90 89
7 41 31 32 36
7 42 26 37 31
7 43 87 75 87
7 44 50 48 53
8 9 19 22 17
8 10 67 68 64
8 11 34 34 30
8 12 44 50 43
8 13 72 74 63
8 14 54 59 47
8 15 25 25 26
8 16 41 37 49
8 17 75 77 64
8 18 64 56 67
8 19 97 90 94
8 20 79 70 82
8 21 49 56 52
8 22 29 37 30
8 23 50 54 55
8 24 39 42 39
8 25 93 88 80
8 26 80 76 72
8 27 8 12 22
8 28 79 77 77
8 29 71 68 66
8 30 81 78 82
8 31 48 42 42
8 32 73 65 77
8 33 5 4 4
8 34 93 85 81
8 35 53 57 50
8 36 84 72 76
8 37 76 70 70
8 38 14 26 18
8 39 80 76 77
8 40 7 16 13
8 41 3 9 13
8 42 38 33 35
8 43 25 28 35
8 44 43 45 47
9 10 43 42 50
9 11 50 46 57
9 12 52 45 47
9 13 21 25 23
9 14 55 57 60
9 15 24 32 25
9 16 1 12 5
9 17 22 25 20
9 18 9 10 21
9 19 20 18 25
9 20 12 14 14
9 21 36 42 36
9 22 92 87 87
9 23 63 62 59
9 24 76 68 66
9 25 34 30 43
9 26 98 86 97
9 27 1 13 2
9 28 92 80 79
9 29 95 91 92
9 30 67 61 63
9 31 11 11 12
9 32 62 53 57
9 33 78 76 80
9 34 0 9 10
9 35 11 18 12
9 36 67 68 67
9 37 63 54 62
9 38 59 57 59
9 39 41 38 48
9 40 25 27 26
9 41 59 58 59
9 42 69 64 70
9 43 72 63 67
9 44 74 68 76
10 11 53 52 59
10 12 86 77 74
10 13 82 74 74
10 14 60 52 64
10 15 30 30 31
10 16 66 60 67
10 17 28 27 28
10 18 44 40 43
10 19 52 58 56
10 20 22 25 22
10 21 80 74 74
10 22 50 50 56
10 23 45 49 41
10 24 84 71 82
10 25 18 24 22
10 26 77 68 71
10 27 16 16 28
10 28 95 81 95
10 29 79 73 79
10 30 90 84 88
10 31 49 44 49
10 32 75 73 74
10 33 61 60 66
10 34 7 8 15
10 35 68 69 72
10 36 8 7 19
10 37 52 47 54
10 38 71 74 65
10 39 16 28 28
10 40 82 79 80
10 41 30 32 35
10 42 7 6 12
10 43 61 54 54
10 44 3 5 10
11 12 6 17 10
11 13 60 54 61
11 14 89 78 76
11 15 89 90 84
11 16 1 3 2
11 17 41 48 47
11 18 79 79 76
11 19 81 70 71
11 20 36 45 36
11 21 80 72 82
11 22 51 48 54
11 23 13 17 24
11 24 83 84 76
11 25 6 14 17
11 26 9 8 11
11 27 22 29 30
11 28 30 34 35
11 29 66 57 69
11 30 62 57 61
11 31 61 62 54
11 32 99 99 85
11 33 44 50 51
11 34 16 28 28
11 35 21 31 19
11 36 38 34 41
11 37 82 70 79
11 38 46 44 46
11 39 19 26 18
11 40 0 0 11
11 41 85 83 78
11 42 40 49 47
11 43 27 31 29
11 44 41 40 42
12 13 39 34 35
12 14 73 63 65
12 15 24 33 28
12 16 94 87 86
12 17 70 68 69
12 18 18 30 16
12 19 98 85 87
12 20 54 54 56
12 21 71 61 70
12 22 7 16 15
12 23 61 63 55
12 24 85 86 83
12 25 73 67 64
12 26 75 74 68
12 27 77 73 73
12 28 33 38 42
12 29 69 71 65
12 30 25 22 35
12 31 33 30 33
12 32 36 41 37
12 33 80 82 78
12 34 92 86 79
12 35 97 88 88
12 36 34 38 44
12 37 13 25 20
12 38 11 13 24
12 39 79 78 76
12 40 71 70 74
12 41 22 33 23
12 42 13 16 20
12 43 28 26 34
12 44 0 11 2
13 14 40 42 42
13 15 16 17 19
13 16 55 54 56
13 17 55 55 55
13 18 20 29 22
13 19 92 83 82
13 20 14 13 14
13 21 95 86 82
13 22 61 55 54
13 23 71 66 69
13 24 30 35 40
13 25 57 63 58
13 26 52 52 54
13 27 77 68 65
13 28 48 47 45
13 29 76 67 76
13 30 86 84 79
13 31 40 42 48
13 32 30 40 30
13 33 28 37 30
13 34 71 74 64
13 35 19 25 29
13 36 61 52 67
13 37 21 31 32
13 38 54 59 60
13 39 7 14 8
13 40 31 35 36
13 41 60 51 57
13 42 63 53 64
13 43 93 93 87
13 44 72 64 74
14 15 64 58 64
14 16 25 35 27
14 17 22 22 32
14 18 74 72 67
14 19 57 54 59
14 20 40 45 46
14 21 26 28 26
14 22 54 58 50
14 23 79 78 81
14 24 29 37 26
14 25 14 16 23
14 26 76 77 65
14 27 35 42 40
14 28 15 23 24
14 29 84 77 85
14 30 0 1 8
14 31 71 67 66
14 32 60 57 56
14 33 5 6 10
14 34 14 22 24
14 35 84 78 74
14 36 99 94 86
14 37 42 39 49
14 38 82 83 74
14 39 91 85 79
14 40 29 37 29
14 41 21 31 29
14 42 44 42 43
14 43 18 16 17
14 44 67 71 61
15 16 30 37 25
15 17 26 36 32
15 18 22 20 29
15 19 25 34 30
15 20 2 6 5
15 21 17 23 14
15 22 73 68 64
15 23 25 32 32
15 24 73 73 67
15 25 89 78 87
15 26 90 87 80
15 27 8 16 18
15 28 19 17 21
15 29 65 56 68
15 30 23 26 25
15 31 43 43 46
15 32 57 49 53
15 33 59 51 61
15 34 43 41 47
15 35 74 72 70
15 36 99 98 96
15 37 19 25 29
15 38 42 38 37
15 39 14 12 25
15 40 34 42 42
15 41 31 39 34
15 42 86 74 76
15 43 46 48 48
15 44 93 86 90
16 17 92 82 92
16 18 26 27 37
16 19 12 21 11
16 20 60 55 54
16 21 4 14 6
16 22 67 69 58
16 23 7 19 18
16 24 60 53 51
16 25 72 66 61
16 26 23 21 25
16 27 28 29 39
16 28 93 88 85
16 29 4 5 12
16 30 36 31 40
16 31 86 83 80
16 32 32 41 36
16 33 20 30 26
16 34 71 64 68
16 35 73 74 74
16 36 88 82 82
16 37 38 33 33
16 38 88 80 84
16 39 41 38 46
16 40 66 56 69
16 41 4 6 7
16 42 35 34 41
16 43 46 45 42
16 44 12 13 11
17 18 78 81 74
17 19 40 49 40
17 20 69 65 64
17 21 66 70 63
17 22 32 27 41
17 23 52 52 52
17 24 2 16 11
17 25 4 12 5
17 26 43 46 45
17 27 35 32 40
17 28 89 90 83
17 29 81 71 72
17 30 81 80 70
17 31 72 70 75
17 32 89 80 91
17 33 52 50 56
17 34 62 61 60
17 35 14 23 18
17 36 94 88 91
17 37 0 10 8
17 38 16 17 22
17 39 50 54 46
17 40 16 26 14
17 41 65 65 65
17 42 56 48 52
17 43 40 46 48
17 44 65 70 59
18 19 13 13 22
18 20 21 31 26
18 21 74 75 75
18 22 82 73 74
18 23 98 90 84
18 24 1 2 6
18 25 35 37 31
18 26 45 40 44
18 27 84 84 78
18 28 23 32 34
18 29 4 12 13
18 30 2 13 8
18 31 89 85 81
18 32 16 25 25
18 33 76 77 73
18 34 70 64 70
18 35 30 31 38
18 36 61 53 61
18 37 91 88 78
18 38 71 71 70
18 39 97 82 86
18 40 7 15 19
18 41 67 65 63
18 42 72 73 74
18 43 89 78 88
18 44 70 67 70
19 20 27 34 26
19 21 97 83 84
19 22 65 59 57
19 23 60 56 66
19 24 5 8 15
19 25 0 3 3
19 26 89 88 79
19 27 18 30 27
19 28 58 54 61
19 29 11 17 10
19 30 11 9 19
19 31 45 51 41
19 32 35 31 35
19 33 33 40 34
19 34 4 11 17
19 35 61 56 67
19 36 30 36 30
19 37 76 66 77
19 38 34 32 43
19 39 82 70 72
19 40 19 27 17
19 41 25 31 25
19 42 23 30 25
19 43 74 70 70
19 44 75 64 71
20 21 79 79 79
20 22 25 22 28
20 23 77 81 68
20 24 56 50 47
20 25 97 86 92
20 26 48 50 47
20 27 29 34 40
20 28 83 71 72
20 29 7 19 8
20 30 49 41 44
20 31 96 87 88
20 32 60 52 61
20 33 2 13 1
20 34 55 53 61
20 35 97 94 85
20 36 20 26 27
20 37 83 74 82
20 38 72 65 73
20 39 79 69 67
20 40 68 65 68
20 41 5 5 7
20 42 52 58 59
20 43 29 32 38
20 44 63 65 63
21 22 7 7 11
21 23 85 78 78
21 24 53 52 57
21 25 61 56 54
21 26 37 36 44
21 27 7 15 15
21 28 48 49 51
21 29 31 27 32
21 30 12 19 15
21 31 81 73 78
21 32 17 22 22
21 33 66 65 63
21 34 36 32 44
21 35 19 24 25
21 36 18 25 26
21 37 69 64 62
21 38 41 43 36
21 39 9 18 15
21 40 51 48 51
21 41 18 17 27
21 42 3 15 4
21 43 11 24 17
21 44 39 38 39
22 23 18 21 28
22 24 26 26 27
22 25 46 53 46
22 26 44 48 40
22 27 20 28 20
22 28 60 60 66
22 29 41 46 48
22 30 27 36 35
22 31 18 26 25
22 32 54 48 48
22 33 27 31 28
22 34 60 66 56
22 35 90 88 77
22 36 27 24 33
22 37 50 53 47
22 38 87 88 78
22 39 52 47 47
22 40 4 10 11
22 41 45 49 48
22 42 32 27 32
22 43 28 27 37
22 44 94 89 86
23 24 72 68 62
23 25 76 79 69
23 26 2 12 12
23 27 55 50 61
23 28 95 84 93
23 29 34 38 34
23 30 42 39 48
23 31 44 43 44
23 32 57 53 49
23 33 72 64 75
23 34 46 41 53
23 35 27 33 30
23 36 69 68 63
23 37 0 2 9
23 38 82 82 82
23 39 46 47 45
23 40 94 92 83
23 41 41 43 39
23 42 2 12 3
23 43 72 65 65
23 44 69 64 70
24 25 84 83 85
24 26 75 73 75
24 27 84 76 75
24 28 82 77 76
24 29 82 73 75
24 30 6 17 16
24 31 4 9 10
24 32 98 97 95
24 33 32 37 42
24 34 85 86 74
24 35 8 10 14
24 36 84 80 79
24 37 51 49 57
24 38 23 28 34
24 39 78 74 75
24 40 0 2 14
24 41 40 38 37
24 42 62 58 62
24 43 37 34 31
24 44 56 51 62
25 26 54 55 48
25 27 42 48 40
25 28 44 41 41
25 29 2 7 12
25 30 52 47 54
25 31 57 57 60
25 32 99 91 89
25 33 71 75 74
25 34 34 33 31
25 35 89 86 82
25 36 73 63 77
25 37 17 27 23
25 38 13 25 22
25 39 18 21 25
25 40 10 16 17
25 41 76 65 67
25 42 11 19 19
25 43 25 30 32
25 44 33 41 34
26 27 29 32 36
26 28 35 31 39
26 29 8 18 16
26 30 13 18 18
26 31 37 36 34
26 32 79 70 74
26 33 84 82 82
26 34 97 89 85
26 35 22 20 26
26 36 6 11 15
26 37 34 35 35
26 38 75 71 71
26 39 13 25 20
26 40 24 32 32
26 41 19 27 26
26 42 46 45 48
26 43 60 64 63
26 44 96 88 96
27 28 15 21 26
27 29 28 34 27
27 30 87 81 89
27 31 41 42 45
27 32 30 30 26
27 33 10 13 15
27 34 30 35 36
27 35 2 4 5
27 36 22 23 31
27 37 46 49 49
27 38 84 75 72
27 39 54 54 48
27 40 18 22 28
27 41 45 48 52
27 42 85 78 75
27 43 77 70 70
27 44 77 74 75
28 29 8 19 8
28 30 31 35 40
28 31 84 81 72
28 32 8 12 11
28 33 94 86 86
28 34 49 47 53
28 35 52 55 58
28 36 28 30 25
28 37 96 83 93
28 38 64 58 66
28 39 99 96 93
28 40 72 71 66
28 41 86 88 85
28 42 85 78 79
28 43 11 15 18
28 44 83 82 81
29 30 97 92 94
29 31 50 48 51
29 32 58 52 50
29 33 32 30 38
29 34 56 59 59
29 35 67 72 64
29 36 37 43 35
29 37 18 29 23
29 38 0 13 2
29 39 75 71 67
29 40 56 54 61
29 41 67 68 58
29 42 61 67 64
29 43 60 52 65
29 44 85 87 81
30 31 57 55 51
30 32 56 59 53
30 33 28 31 31
30 34 88 83 78
30 35 77 79 79
30 36 78 71 73
30 37 44 48 52
30 38 10 17 9
30 39 44 43 40
30 40 30 33 35
30 41 59 53 64
30 42 60 57 59
30 43 30 36 26
30 44 24 35 24
31 32 81 73 74
31 33 7 9 8
31 34 87 89 80
31 35 69 70 67
31 36 58 61 49
31 37 49 55 53
31 38 30 30 31
31 39 70 72 74
31 40 46 51 53
31 41 86 81 81
31 42 15 18 13
31 43 23 27 21
31 44 55 47 54
32 33 35 30 37
32 34 77 75 66
32 35 9 15 10
32 36 1 14 1
32 37 59 59 62
32 38 86 73 81
32 39 0 2 9
32 40 79 80 74
32 41 73 67 67
32 42 98 87 91
32 43 45 49 52
32 44 8 15 12
33 34 17 18 16
33 35 82 81 83
33 36 56 62 54
33 37 20 18 29
33 38 89 89 88
33 39 71 70 64
33 40 58 53 64
33 41 42 38 39
33 42 44 52 42
33 43 6 10 14
33 44 77 69 75
34 35 21 31 26
34 36 26 30 31
34 37 94 87 86
34 38 73 64 66
34 39 8 14 9
34 40 36 42 43
34 41 72 61 73
34 42 8 10 18
34 43 73 75 75
34 44 94 82 90
35 36 15 20 21
35 37 74 69 73
35 38 81 73 79
35 39 93 88 87
35 40 70 67 66
35 41 76 67 72
35 42 3 4 16
35 43 81 73 76
35 44 82 78 73
36 37 47 44 42
36 38 48 55 42
36 39 1 7 15
36 40 27 27 37
36 41 31 29 40
36 42 80 71 82
36 43 16 21 28
36 44 72 71 63
37 38 11 17 19
37 39 89 84 78
37 40 5 7 8
37 41 37 39 42
37 42 83 73 73
37 43 71 74 66
37 44 57 49 59
38 39 27 31 24
38 40 74 74 68
38 41 98 97 86
38 42 29 38 27
38 43 50 48 44
38 44 52 44 56
39 40 38 40 39
39 41 97 85 86
39 42 91 86 81
39 43 78 71 72
39 44 2 3 6
40 41 68 63 64
40 42 93 93 90
40 43 5 6 7
40 44 14 19 22
41 42 56 51 59
41 43 57 51 54
41 44 6 12 18
42 43 32 40 32
42 44 21 28 18
43 44 92 90 83
