48
0 1 24 41 59
0 2 86 47 84
0 3 8 23 53
0 4 39 29 44
0 5 82 44 63
0 6 16 54 45
0 7 51 39 50
0 8 34 21 45
0 9 47 48 25
0 10 98 61 98
0 11 51 41 67
0 12 48 36 56
0 13 98 67 60
0 14 28 36 15
0 15 21 40 28
0 16 13 22 51
0 17 34 47 28
0 18 90 73 56
0 19 41 56 66
0 20 95 58 70
0 21 53 34 64
0 22 96 91 86
0 23 54 35 62
0 24 23 52 38
0 25 19 22 23
0 26 29 29 55
0 27 52 29 47
0 28 40 43 58
0 29 57 58 65
0 30 62 52 77
0 31 22 51 37
0 32 6 12 5
0 33 24 45 31
0 34 49 60 66
0 35 93 80 80
0 36 83 88 65
0 37 70 47 37
0 38 54 29 30
0 39 81 88 52
0 40 15 30 28
0 41 76 70 47
0 42 66 47 34
0 43 45 51 61
0 44 5 50 11
0 45 79 63 41
0 46 61 70 44
0 47 74 85 77
1 2 57 68 59
1 3 52 39 61
1 4 1 3 7
1 5 52 38 62
1 6 44 39 70
1 7 73 52 82
1 8 99 61 80
1 9 77 46 83
1 10 6 15 23
1 11 23 59 37
1 12 35 36 47
1 13 16 57 31
1 14 79 56 61
1 15 55 58 44
1 16 1 11 31
1 17 77 45 50
1 18 75 44 80
1 19 91 73 52
1 20 16 39 33
1 21 39 46 37
1 22 43 60 51
1 23 81 41 54
1 24 46 61 55
1 25 19 46 59
1 26 17 16 57
1 27 69 35 71
1 28 23 39 30
1 29 28 39 42
1 30 49 60 71
1 31 69 35 72
1 32 97 49 93
1 33 88 54 65
1 34 7 37 50
1 35 59 67 72
1 36 66 68 61
1 37 27 47 15
1 38 81 72 43
1 39 4 21 14
1 40 37 58 21
1 41 49 58 25
1 42 5 25 8
1 43 19 20 59
1 44 48 43 46
1 45 10 49 18
1 46 26 33 49
1 47 10 10 20
2 3 73 60 37
2 4 80 82 52
2 5 67 37 44
2 6 94 62 63
2 7 84 65 46
2 8 53 56 36
2 9 56 56 74
2 10 8 50 48
2 11 38 29 35
2 12 18 25 12
2 13 68 38 71
2 14 68 43 74
2 15 21 52 36
2 16 55 41 48
2 17 23 52 35
2 18 96 68 58
2 19 7 29 10
2 20 48 48 37
2 21 67 35 42
2 22 96 71 81
2 23 24 41 24
2 24 18 47 37
2 25 11 27 40
2 26 87 43 86
2 27 48 48 25
2 28 67 80 38
2 29 22 24 15
2 30 94 89 96
2 31 81 76 83
2 32 82 57 47
2 33 5 35 9
2 34 29 37 27
2 35 86 79 87
2 36 30 48 58
2 37 30 48 58
2 38 2 12 35
2 39 27 21 26
2 40 39 38 42
2 41 71 48 76
2 42 24 14 48
2 43 63 63 72
2 44 98 69 66
2 45 59 73 65
2 46 23 28 33
2 47 40 33 36
3 4 11 9 12
3 5 28 54 54
3 6 26 24 36
3 7 90 92 79
3 8 29 39 49
3 9 17 19 11
3 10 92 71 90
3 11 74 51 76
3 12 2 23 28
3 13 16 37 37
3 14 53 53 27
3 15 42 21 36
3 16 88 72 52
3 17 89 52 70
3 18 28 22 62
3 19 76 74 77
3 20 60 32 56
3 21 87 49 70
3 22 15 8 16
3 23 65 50 45
3 24 31 19 41
3 25 78 50 47
3 26 15 28 20
3 27 19 49 14
3 28 65 43 68
3 29 21 50 19
3 30 11 23 50
3 31 31 27 16
3 32 20 14 38
3 33 30 38 53
3 34 87 85 64
3 35 9 41 25
3 36 11 55 11
3 37 79 51 80
3 38 50 33 28
3 39 77 53 76
3 40 96 72 69
3 41 21 55 46
3 42 97 67 68
3 43 1 49 27
3 44 54 67 43
3 45 48 24 69
3 46 48 62 35
3 47 71 67 71
4 5 68 64 71
4 6 41 51 33
4 7 32 54 38
4 8 87 66 76
4 9 91 76 49
4 10 72 76 79
4 11 99 69 60
4 12 68 45 83
4 13 2 47 30
4 14 97 87 80
4 15 89 85 58
4 16 46 64 68
4 17 35 30 36
4 18 8 51 33
4 19 86 78 62
4 20 59 38 35
4 21 90 51 66
4 22 20 10 36
4 23 80 67 46
4 24 36 43 42
4 25 19 51 55
4 26 86 81 58
4 27 30 29 17
4 28 60 32 52
4 29 94 79 89
4 30 5 29 11
4 31 7 48 6
4 32 60 57 57
4 33 48 37 36
4 34 39 63 47
4 35 85 54 60
4 36 21 18 42
4 37 33 55 39
4 38 43 64 68
4 39 78 56 40
4 40 81 77 41
4 41 59 49 40
4 42 45 67 32
4 43 4 51 13
4 44 6 35 13
4 45 12 46 51
4 46 55 64 73
4 47 42 40 28
5 6 82 67 71
5 7 66 75 52
5 8 24 30 48
5 9 85 67 65
5 10 82 57 64
5 11 16 50 41
5 12 41 35 24
5 13 63 68 75
5 14 73 50 63
5 15 91 52 62
5 16 81 57 66
5 17 39 64 63
5 18 12 6 55
5 19 82 68 54
5 20 84 66 66
5 21 12 8 34
5 22 24 59 16
5 23 93 68 72
5 24 87 81 59
5 25 47 34 48
5 26 5 26 9
5 27 11 54 32
5 28 7 47 7
5 29 57 74 39
5 30 86 79 57
5 31 81 62 76
5 32 13 10 45
5 33 55 33 44
5 34 88 54 82
5 35 45 57 71
5 36 1 38 12
5 37 97 83 57
5 38 82 68 76
5 39 63 38 74
5 40 4 20 3
5 41 80 69 55
5 42 11 17 47
5 43 3 3 9
5 44 56 77 76
5 45 37 46 61
5 46 84 66 86
5 47 96 94 69
6 7 24 45 14
6 8 2 13 31
6 9 22 48 32
6 10 39 56 60
6 11 15 52 20
6 12 54 62 45
6 13 54 64 41
6 14 40 50 23
6 15 42 36 54
6 16 55 74 73
6 17 51 46 42
6 18 68 70 53
6 19 72 38 47
6 20 30 29 26
6 21 32 23 61
6 22 4 24 20
6 23 94 61 90
6 24 77 49 41
6 25 81 51 70
6 26 7 50 15
6 27 40 56 31
6 28 26 17 36
6 29 12 17 43
6 30 26 45 53
6 31 21 49 44
6 32 75 53 53
6 33 89 75 66
6 34 79 57 39
6 35 38 36 35
6 36 79 82 64
6 37 29 56 38
6 38 2 48 21
6 39 26 33 22
6 40 33 47 18
6 41 22 53 59
6 42 3 30 15
6 43 16 52 55
6 44 80 77 71
6 45 67 72 47
6 46 16 51 54
6 47 66 80 53
7 8 82 53 63
7 9 95 76 48
7 10 0 45 19
7 11 8 24 28
7 12 65 51 62
7 13 8 49 19
7 14 98 54 92
7 15 90 48 74
7 16 86 51 80
7 17 89 86 59
7 18 68 64 62
7 19 39 49 20
7 20 60 36 37
7 21 51 54 59
7 22 30 30 16
7 23 91 52 46
7 24 14 50 28
7 25 84 62 91
7 26 14 28 31
7 27 84 58 46
7 28 69 62 52
7 29 5 31 13
7 30 13 10 38
7 31 99 75 56
7 32 0 15 30
7 33 41 62 21
7 34 49 42 35
7 35 55 66 63
7 36 12 40 14
7 37 68 68 62
7 38 10 41 52
7 39 66 80 42
7 40 86 65 78
7 41 66 59 68
7 42 50 44 43
7 43 91 76 78
7 44 35 41 64
7 45 92 90 91
7 46 43 61 67
7 47 1 13 15
8 9 90 89 58
8 10 6 29 36
8 11 36 24 32
8 12 63 34 60
8 13 68 39 69
8 14 62 71 46
8 15 4 2 31
8 16 45 41 43
8 17 58 74 61
8 18 25 22 47
8 19 76 68 59
8 20 62 44 64
8 21 85 58 65
8 22 55 76 72
8 23 12 14 49
8 24 96 90 64
8 25 6 23 51
8 26 34 38 46
8 27 47 38 60
8 28 51 69 55
8 29 57 67 40
8 30 26 56 18
8 31 8 33 37
8 32 8 34 18
8 33 37 46 57
8 34 58 77 73
8 35 12 40 26
8 36 90 80 48
8 37 20 12 35
8 38 21 51 19
8 39 7 20 44
8 40 89 46 72
8 41 72 62 76
8 42 20 21 51
8 43 46 57 43
8 44 36 59 42
8 45 28 17 46
8 46 49 49 58
8 47 13 23 38
9 10 95 79 97
9 11 90 50 79
9 12 96 97 57
9 13 98 92 60
9 14 99 76 55
9 15 44 70 39
9 16 19 17 28
9 17 67 65 43
9 18 60 61 54
9 19 88 46 59
9 20 43 64 31
9 21 49 68 31
9 22 9 18 31
9 23 70 49 83
9 24 4 36 24
9 25 40 28 25
9 26 3 37 20
9 27 3 31 43
9 28 91 63 53
9 29 35 46 42
9 30 8 43 32
9 31 69 52 63
9 32 9 6 33
9 33 16 43 24
9 34 5 21 11
9 35 94 54 84
9 36 73 69 77
9 37 43 58 55
9 38 66 39 66
9 39 88 47 66
9 40 23 46 53
9 41 4 36 13
9 42 87 86 89
9 43 36 63 34
9 44 19 39 37
9 45 50 71 47
9 46 94 83 74
9 47 11 44 34
10 11 7 45 15
10 12 47 52 49
10 13 51 37 62
10 14 62 63 70
10 15 38 49 25
10 16 30 37 50
10 17 28 19 21
10 18 33 19 23
10 19 90 76 88
10 20 68 82 46
10 21 50 73 45
10 22 67 55 80
10 23 53 32 52
10 24 51 39 55
10 25 17 28 52
10 26 92 50 72
10 27 34 53 40
10 28 60 53 36
10 29 94 93 87
10 30 89 63 86
10 31 42 21 23
10 32 73 61 51
10 33 6 46 23
10 34 80 61 44
10 35 90 72 84
10 36 65 36 82
10 37 50 37 26
10 38 41 58 26
10 39 89 52 45
10 40 87 70 76
10 41 88 65 86
10 42 74 53 49
10 43 33 63 27
10 44 80 45 82
10 45 57 50 32
10 46 12 23 34
10 47 62 54 57
11 12 76 46 66
11 13 17 39 40
11 14 80 52 69
11 15 18 43 23
11 16 20 50 51
11 17 74 80 85
11 18 76 75 80
11 19 61 59 40
11 20 41 56 39
11 21 59 43 43
11 22 89 92 86
11 23 56 73 52
11 24 73 77 49
11 25 33 43 25
11 26 69 67 38
11 27 56 29 70
11 28 42 67 36
11 29 52 66 46
11 30 67 65 51
11 31 74 60 59
11 32 75 63 46
11 33 85 58 51
11 34 8 42 43
11 35 92 59 90
11 36 68 38 45
11 37 10 35 43
11 38 32 42 40
11 39 68 75 59
11 40 29 46 37
11 41 83 80 74
11 42 33 54 65
11 43 5 43 15
11 44 16 22 10
11 45 45 44 71
11 46 15 30 26
11 47 19 34 48
12 13 30 26 34
12 14 50 37 47
12 15 0 7 12
12 16 62 46 56
12 17 34 31 34
12 18 66 43 47
12 19 13 19 51
12 20 73 44 52
12 21 80 48 47
12 22 18 49 11
12 23 60 34 45
12 24 15 31 24
12 25 44 39 61
12 26 11 49 7
12 27 12 26 28
12 28 88 75 83
12 29 15 44 29
12 30 85 87 46
12 31 14 13 38
12 32 31 17 49
12 33 83 42 66
12 34 6 53 38
12 35 54 64 41
12 36 60 40 35
12 37 46 50 47
12 38 37 58 58
12 39 96 52 76
12 40 83 68 74
12 41 45 67 37
12 42 23 29 60
12 43 5 40 40
12 44 53 51 31
12 45 61 31 55
12 46 10 30 27
12 47 31 52 26
13 14 85 65 71
13 15 6 17 37
13 16 93 49 65
13 17 73 70 86
13 18 36 36 66
13 19 35 56 61
13 20 12 28 51
13 21 26 38 15
13 22 37 44 28
13 23 25 41 55
13 24 15 20 24
13 25 45 48 62
13 26 78 57 73
13 27 6 10 49
13 28 59 67 36
13 29 11 11 18
13 30 47 37 69
13 31 76 47 74
13 32 19 19 23
13 33 1 40 40
13 34 45 48 24
13 35 77 44 72
13 36 26 18 13
13 37 62 45 62
13 38 90 50 91
13 39 21 26 42
13 40 96 87 67
13 41 50 42 58
13 42 65 49 51
13 43 33 23 34
13 44 94 90 76
13 45 59 36 73
13 46 98 74 98
13 47 23 18 27
14 15 5 4 43
14 16 17 16 45
14 17 97 77 87
14 18 34 54 49
14 19 24 42 52
14 20 18 16 33
14 21 6 22 19
14 22 83 68 65
14 23 55 74 57
14 24 41 58 48
14 25 77 68 74
14 26 79 87 62
14 27 91 69 84
14 28 42 63 58
14 29 72 37 80
14 30 16 13 10
14 31 92 69 59
14 32 48 65 58
14 33 74 85 52
14 34 44 37 65
14 35 85 48 56
14 36 54 40 68
14 37 39 47 35
14 38 55 46 61
14 39 61 40 36
14 40 3 26 29
14 41 75 87 65
14 42 44 45 36
14 43 74 79 42
14 44 5 46 12
14 45 5 13 16
14 46 34 31 45
14 47 55 62 36
15 16 47 67 25
15 17 17 28 29
15 18 0 39 19
15 19 19 31 23
15 20 60 59 43
15 21 26 23 41
15 22 26 41 21
15 23 5 52 25
15 24 14 32 33
15 25 23 57 19
15 26 26 18 39
15 27 29 55 31
15 28 78 52 68
15 29 12 41 25
15 30 46 34 72
15 31 55 75 50
15 32 61 58 54
15 33 13 50 16
15 34 8 49 17
15 35 97 85 93
15 36 69 58 51
15 37 2 25 29
15 38 11 50 6
15 39 83 84 64
15 40 32 57 35
15 41 13 53 20
15 42 64 50 69
15 43 59 48 71
15 44 41 40 22
15 45 19 27 50
15 46 39 37 53
15 47 51 40 70
16 17 89 70 51
16 18 53 40 61
16 19 9 26 40
16 20 7 17 38
16 21 9 45 9
16 22 94 71 64
16 23 79 55 53
16 24 7 22 33
16 25 63 46 79
16 26 84 57 72
16 27 79 88 84
16 28 79 46 82
16 29 3 1 15
16 30 44 27 71
16 31 99 60 76
16 32 49 26 35
16 33 13 55 29
16 34 77 52 45
16 35 16 41 9
16 36 76 53 55
16 37 37 28 68
16 38 69 65 51
16 39 78 64 42
16 40 10 11 29
16 41 47 34 27
16 42 49 38 53
16 43 76 80 57
16 44 69 43 77
16 45 0 13 36
16 46 32 66 24
16 47 2 35 17
17 18 22 13 60
17 19 4 32 47
17 20 44 69 56
17 21 60 53 58
17 22 54 45 40
17 23 92 72 67
17 24 39 39 50
17 25 19 51 32
17 26 49 63 25
17 27 91 73 69
17 28 21 47 38
17 29 93 87 89
17 30 79 59 47
17 31 41 44 61
17 32 13 44 7
17 33 47 24 63
17 34 2 22 32
17 35 23 53 26
17 36 34 61 24
17 37 45 70 48
17 38 53 36 59
17 39 57 76 52
17 40 50 29 49
17 41 10 41 49
17 42 85 56 51
17 43 13 46 46
17 44 63 52 72
17 45 48 46 58
17 46 20 58 49
17 47 96 61 95
18 19 23 61 59
18 20 63 32 78
18 21 53 40 49
18 22 6 4 12
18 23 29 52 28
18 24 7 13 13
18 25 49 71 38
18 26 77 70 54
18 27 13 37 31
18 28 34 36 62
18 29 81 60 85
18 30 65 81 80
18 31 57 70 59
18 32 13 40 7
18 33 72 55 58
18 34 24 55 51
18 35 55 49 67
18 36 93 47 54
18 37 89 59 46
18 38 65 54 60
18 39 10 45 12
18 40 73 61 60
18 41 58 62 74
18 42 88 63 55
18 43 91 71 78
18 44 96 71 48
18 45 15 13 18
18 46 44 50 22
18 47 17 34 14
19 20 82 54 72
19 21 2 50 18
19 22 32 34 44
19 23 27 46 46
19 24 87 48 45
19 25 81 89 82
19 26 75 63 80
19 27 28 56 31
19 28 99 82 50
19 29 44 59 61
19 30 78 65 47
19 31 95 51 66
19 32 52 28 28
19 33 62 59 53
19 34 42 28 31
19 35 68 62 83
19 36 69 44 73
19 37 27 63 23
19 38 23 44 42
19 39 18 35 36
19 40 18 44 46
19 41 98 91 55
19 42 65 40 44
19 43 27 43 21
19 44 82 57 82
19 45 53 41 36
19 46 51 42 67
19 47 83 60 65
20 21 1 4 36
20 22 37 18 37
20 23 67 40 45
20 24 39 65 41
20 25 43 24 40
20 26 59 59 58
20 27 19 27 20
20 28 74 48 62
20 29 81 76 55
20 30 94 48 52
20 31 10 32 54
20 32 37 28 55
20 33 75 71 43
20 34 91 75 84
20 35 20 59 57
20 36 40 24 53
20 37 61 69 67
20 38 54 54 35
20 39 57 63 78
20 40 19 54 42
20 41 34 27 48
20 42 49 69 52
20 43 14 46 15
20 44 5 7 17
20 45 44 38 62
20 46 31 52 29
20 47 76 61 82
21 22 30 27 35
21 23 61 59 31
21 24 81 70 56
21 25 61 53 78
21 26 73 85 52
21 27 41 24 37
21 28 62 51 33
21 29 40 41 21
21 30 12 26 55
21 31 56 52 30
21 32 91 74 85
21 33 54 38 71
21 34 87 82 72
21 35 45 25 47
21 36 85 58 69
21 37 34 42 35
21 38 91 87 66
21 39 26 49 63
21 40 19 34 53
21 41 14 38 11
21 42 24 23 60
21 43 62 42 64
21 44 80 80 49
21 45 74 68 48
21 46 24 31 34
21 47 98 82 85
22 23 13 40 33
22 24 30 41 64
22 25 40 57 41
22 26 12 9 8
22 27 42 39 67
22 28 38 37 22
22 29 70 52 73
22 30 41 66 50
22 31 79 43 86
22 32 98 58 53
22 33 54 41 28
22 34 27 24 16
22 35 45 65 55
22 36 25 21 21
22 37 87 55 63
22 38 43 62 32
22 39 43 25 35
22 40 79 80 81
22 41 53 74 36
22 42 19 54 50
22 43 46 34 60
22 44 72 66 48
22 45 75 66 78
22 46 55 72 33
22 47 42 30 45
23 24 22 49 27
23 25 17 30 46
23 26 57 77 73
23 27 47 63 51
23 28 21 48 44
23 29 30 38 22
23 30 9 35 25
23 31 57 37 41
23 32 14 8 31
23 33 72 47 56
23 34 66 49 70
23 35 70 82 70
23 36 58 40 41
23 37 73 53 60
23 38 83 59 82
23 39 32 46 61
23 40 38 36 62
23 41 77 58 58
23 42 64 54 58
23 43 65 67 49
23 44 45 69 32
23 45 48 51 73
23 46 88 56 49
23 47 23 30 52
24 25 45 69 55
24 26 88 62 74
24 27 60 54 42
24 28 63 72 41
24 29 58 36 74
24 30 49 69 30
24 31 38 22 25
24 32 21 11 46
24 33 20 30 21
24 34 70 73 44
24 35 14 26 32
24 36 4 35 28
24 37 12 25 42
24 38 0 39 43
24 39 0 4 14
24 40 37 51 38
24 41 92 74 49
24 42 14 26 32
24 43 29 45 24
24 44 66 37 71
24 45 57 71 64
24 46 15 40 16
24 47 53 34 65
25 26 56 34 60
25 27 77 86 79
25 28 53 55 28
25 29 69 55 51
25 30 59 52 55
25 31 74 72 65
25 32 96 49 92
25 33 23 59 24
25 34 52 55 52
25 35 8 29 49
25 36 35 33 61
25 37 40 50 60
25 38 30 24 28
25 39 42 70 30
25 40 48 41 62
25 41 36 20 18
25 42 72 40 65
25 43 58 63 62
25 44 0 22 33
25 45 60 34 64
25 46 43 41 28
25 47 72 73 73
26 27 48 54 60
26 28 38 68 61
26 29 30 59 30
26 30 11 19 15
26 31 80 82 68
26 32 41 40 36
26 33 70 78 77
26 34 22 51 37
26 35 29 19 16
26 36 21 59 39
26 37 54 64 40
26 38 61 60 42
26 39 58 77 43
26 40 61 36 36
26 41 81 58 50
26 42 22 55 23
26 43 92 46 94
26 44 45 33 69
26 45 10 40 44
26 46 85 63 46
26 47 94 81 70
27 28 95 49 88
27 29 43 54 49
27 30 25 34 50
27 31 0 44 1
27 32 36 29 21
27 33 41 38 63
27 34 34 46 30
27 35 79 60 67
27 36 26 13 33
27 37 49 52 29
27 38 6 29 23
27 39 92 54 50
27 40 36 29 23
27 41 5 40 16
27 42 62 77 34
27 43 3 20 17
27 44 7 28 7
27 45 18 56 40
27 46 73 81 80
27 47 62 58 70
28 29 55 50 61
28 30 95 61 57
28 31 80 85 54
28 32 66 70 78
28 33 73 62 76
28 34 77 87 71
28 35 53 53 31
28 36 42 52 65
28 37 84 65 79
28 38 51 38 28
28 39 30 35 33
28 40 78 53 88
28 41 75 72 40
28 42 20 23 32
28 43 23 17 60
28 44 25 45 58
28 45 18 48 24
28 46 83 54 89
28 47 44 42 25
29 30 6 25 40
29 31 19 15 32
29 32 74 85 38
29 33 73 37 76
29 34 35 24 53
29 35 63 68 59
29 36 29 42 49
29 37 61 52 69
29 38 21 16 31
29 39 72 51 65
29 40 99 67 97
29 41 70 55 55
29 42 26 36 17
29 43 46 58 58
29 44 94 58 48
29 45 74 41 58
29 46 98 80 96
29 47 14 38 29
30 31 46 62 71
30 32 37 67 28
30 33 36 31 32
30 34 41 67 24
30 35 3 51 14
30 36 86 56 50
30 37 58 61 51
30 38 24 40 29
30 39 75 62 50
30 40 43 50 68
30 41 99 72 89
30 42 56 53 28
30 43 72 76 80
30 44 71 68 72
30 45 58 53 33
30 46 52 39 59
30 47 31 24 24
31 32 26 25 63
31 33 49 34 50
31 34 38 37 28
31 35 74 55 83
31 36 9 51 4
31 37 21 53 42
31 38 35 37 53
31 39 22 25 47
31 40 45 41 24
31 41 89 74 75
31 42 3 12 46
31 43 55 69 52
31 44 93 75 83
31 45 58 33 59
31 46 27 27 33
31 47 36 26 57
32 33 92 50 59
32 34 62 72 49
32 35 64 35 67
32 36 32 60 31
32 37 0 46 1
32 38 6 19 19
32 39 92 47 74
32 40 44 42 30
32 41 45 70 61
32 42 30 17 60
32 43 33 35 27
32 44 16 24 33
32 45 74 79 57
32 46 82 51 71
32 47 24 60 17
33 34 46 37 34
33 35 22 52 13
33 36 17 29 37
33 37 18 49 59
33 38 78 60 81
33 39 33 46 23
33 40 94 77 75
33 41 75 42 64
33 42 75 79 65
33 43 81 76 90
33 44 42 29 32
33 45 37 40 47
33 46 89 92 48
33 47 0 36 31
34 35 50 29 37
34 36 94 56 81
34 37 63 42 65
34 38 12 36 25
34 39 39 62 51
34 40 55 56 49
34 41 39 27 27
34 42 23 19 49
34 43 7 36 49
34 44 66 45 59
34 45 72 66 75
34 46 48 70 24
34 47 98 61 68
35 36 21 25 15
35 37 93 63 87
35 38 14 42 52
35 39 46 50 68
35 40 67 77 77
35 41 77 43 58
35 42 3 29 16
35 43 92 80 87
35 44 1 39 24
35 45 36 33 57
35 46 20 17 18
35 47 48 44 48
36 37 37 57 62
36 38 93 75 88
36 39 76 64 44
36 40 9 45 33
36 41 21 28 18
36 42 95 61 55
36 43 49 49 49
36 44 75 52 55
36 45 9 14 5
36 46 36 27 61
36 47 79 75 68
37 38 15 18 28
37 39 25 54 40
37 40 67 56 81
37 41 36 56 34
37 42 48 34 57
37 43 34 27 66
37 44 71 59 74
37 45 20 51 16
37 46 76 82 46
37 47 67 36 53
38 39 21 22 56
38 40 87 50 45
38 41 72 83 71
38 42 44 70 25
38 43 72 50 78
38 44 8 52 19
38 45 11 28 5
38 46 88 72 93
38 47 8 26 31
39 40 54 50 40
39 41 92 79 52
39 42 3 49 36
39 43 29 25 57
39 44 54 58 30
39 45 19 39 16
39 46 28 35 30
39 47 65 43 73
40 41 31 39 65
40 42 45 46 25
40 43 74 65 68
40 44 0 24 13
40 45 74 70 83
40 46 70 57 74
40 47 74 47 41
41 42 56 62 60
41 43 26 17 30
41 44 7 40 13
41 45 95 70 54
41 46 92 78 79
41 47 85 44 82
42 43 76 41 47
42 44 13 55 51
42 45 26 32 35
42 46 82 42 41
42 47 69 59 82
43 44 31 23 47
43 45 28 32 36
43 46 89 56 63
43 47 34 49 63
44 45 42 60 53
44 46 56 49 55
44 47 3 49 23
45 46 19 31 38
45 47 23 25 42
46 47 68 50 76
