48
0 1 1 43 39
0 2 91 87 19
0 3 5 24 22
0 4 96 57 52
0 5 66 35 48
0 6 18 6 56
0 7 24 27 28
0 8 47 70 42
0 9 48 79 37
0 10 20 44 31
0 11 18 48 26
0 12 22 12 31
0 13 12 7 71
0 14 29 83 56
0 15 11 21 49
0 16 82 55 43
0 17 35 37 20
0 18 67 34 87
0 19 81 67 62
0 20 99 51 92
0 21 46 53 12
0 22 29 7 19
0 23 29 18 40
0 24 34 80 19
0 25 69 64 40
0 26 42 35 84
0 27 14 80 40
0 28 85 92 22
0 29 52 28 76
0 30 67 19 38
0 31 52 51 57
0 32 35 51 81
0 33 0 2 43
0 34 1 15 65
0 35 47 20 74
0 36 37 40 39
0 37 56 34 29
0 38 57 82 26
0 39 63 34 27
0 40 52 67 70
0 41 5 4 66
0 42 55 37 35
0 43 54 56 86
0 44 70 21 63
0 45 43 11 76
0 46 55 62 72
0 47 78 61 22
1 2 78 16 95
1 3 37 59 22
1 4 18 50 15
1 5 39 15 60
1 6 50 78 15
1 7 24 80 56
1 8 72 33 42
1 9 53 89 75
1 10 60 85 53
1 11 53 32 69
1 12 75 68 29
1 13 19 34 47
1 14 50 38 71
1 15 59 27 35
1 16 21 26 6
1 17 45 54 11
1 18 59 20 46
1 19 44 82 57
1 20 93 57 49
1 21 55 83 66
1 22 21 66 61
1 23 51 49 49
1 24 97 86 52
1 25 80 68 20
1 26 52 47 81
1 27 28 22 34
1 28 96 32 97
1 29 10 44 15
1 30 7 77 6
1 31 8 45 49
1 32 96 28 77
1 33 54 74 67
1 34 85 28 32
1 35 65 79 83
1 36 33 12 24
1 37 73 58 83
1 38 30 71 13
1 39 10 47 72
1 40 53 16 48
1 41 48 22 24
1 42 44 32 78
1 43 95 62 93
1 44 79 81 38
1 45 45 51 57
1 46 79 25 70
1 47 81 66 45
2 3 88 27 67
2 4 49 61 62
2 5 15 70 75
2 6 11 28 76
2 7 55 11 75
2 8 34 16 72
2 9 3 17 9
2 10 83 58 21
2 11 36 37 51
2 12 3 26 27
2 13 21 56 34
2 14 91 43 52
2 15 99 85 39
2 16 44 16 70
2 17 67 87 17
2 18 94 55 46
2 19 41 38 19
2 20 48 39 38
2 21 41 8 31
2 22 49 82 10
2 23 37 81 82
2 24 75 22 36
2 25 14 82 81
2 26 70 77 82
2 27 87 79 39
2 28 97 21 33
2 29 94 83 74
2 30 48 27 34
2 31 1 65 6
2 32 60 80 25
2 33 44 46 85
2 34 49 39 80
2 35 91 20 65
2 36 33 75 60
2 37 10 73 5
2 38 64 28 31
2 39 28 69 13
2 40 51 18 61
2 41 56 78 42
2 42 84 47 86
2 43 58 26 68
2 44 53 81 35
2 45 30 53 77
2 46 0 15 32
2 47 89 22 22
3 4 12 71 82
3 5 47 22 36
3 6 8 27 73
3 7 72 63 52
3 8 0 58 69
3 9 65 49 56
3 10 98 79 57
3 11 48 49 61
3 12 34 84 50
3 13 73 65 41
3 14 31 35 22
3 15 99 55 20
3 16 19 71 11
3 17 73 94 68
3 18 29 22 14
3 19 68 62 91
3 20 54 88 52
3 21 52 31 14
3 22 47 10 70
3 23 78 27 29
3 24 5 71 54
3 25 53 38 61
3 26 25 66 40
3 27 56 14 64
3 28 82 49 83
3 29 70 76 38
3 30 21 63 39
3 31 79 73 45
3 32 70 32 32
3 33 65 43 86
3 34 58 65 59
3 35 1 7 75
3 36 19 58 13
3 37 48 59 27
3 38 49 13 84
3 39 43 22 59
3 40 47 76 48
3 41 87 38 41
3 42 36 55 69
3 43 95 59 53
3 44 55 20 21
3 45 60 34 74
3 46 71 21 76
3 47 83 41 94
4 5 78 88 72
4 6 37 72 41
4 7 76 89 70
4 8 61 41 67
4 9 83 60 50
4 10 64 35 85
4 11 37 27 79
4 12 91 88 20
4 13 90 23 91
4 14 25 6 27
4 15 34 38 46
4 16 37 27 42
4 17 29 8 61
4 18 74 16 44
4 19 91 35 65
4 20 39 25 24
4 21 98 22 53
4 22 93 48 43
4 23 37 24 26
4 24 95 68 81
4 25 47 11 74
4 26 12 69 11
4 27 23 64 79
4 28 64 70 74
4 29 83 67 33
4 30 79 30 44
4 31 19 48 65
4 32 74 16 92
4 33 74 79 87
4 34 47 12 18
4 35 46 51 55
4 36 63 73 75
4 37 81 53 31
4 38 60 87 48
4 39 84 86 78
4 40 56 34 85
4 41 18 67 72
4 42 76 65 49
4 43 82 81 58
4 44 25 73 41
4 45 80 71 73
4 46 92 73 83
4 47 20 67 74
5 6 28 20 11
5 7 78 17 45
5 8 99 29 92
5 9 84 24 53
5 10 24 52 65
5 11 80 57 80
5 12 79 63 63
5 13 4 62 15
5 14 80 68 84
5 15 12 52 68
5 16 32 78 14
5 17 31 22 74
5 18 22 30 21
5 19 54 83 69
5 20 44 30 68
5 21 18 79 10
5 22 54 51 61
5 23 79 32 57
5 24 27 52 46
5 25 76 35 66
5 26 95 66 28
5 27 65 26 51
5 28 48 18 67
5 29 4 35 13
5 30 16 31 22
5 31 34 74 74
5 32 97 88 50
5 33 49 16 36
5 34 86 74 52
5 35 90 74 45
5 36 8 50 19
5 37 76 28 32
5 38 36 61 70
5 39 57 36 80
5 40 71 69 90
5 41 50 25 54
5 42 93 46 43
5 43 85 61 41
5 44 68 20 14
5 45 39 25 48
5 46 28 57 19
5 47 20 15 46
6 7 82 53 20
6 8 44 81 69
6 9 20 28 32
6 10 37 84 39
6 11 94 31 23
6 12 34 45 37
6 13 11 81 42
6 14 88 97 65
6 15 49 32 12
6 16 73 40 47
6 17 56 67 84
6 18 27 56 72
6 19 50 27 25
6 20 57 42 54
6 21 42 9 10
6 22 92 50 69
6 23 39 82 51
6 24 70 82 38
6 25 37 15 86
6 26 41 34 51
6 27 41 42 86
6 28 8 63 65
6 29 82 38 37
6 30 54 72 36
6 31 92 92 81
6 32 81 59 23
6 33 17 78 81
6 34 82 45 28
6 35 87 73 21
6 36 86 45 62
6 37 65 22 49
6 38 32 56 64
6 39 4 41 4
6 40 97 71 65
6 41 1 26 58
6 42 24 32 72
6 43 43 47 21
6 44 10 81 5
6 45 43 27 35
6 46 42 52 21
6 47 24 13 38
7 8 23 61 29
7 9 9 64 49
7 10 23 16 21
7 11 62 91 56
7 12 30 66 57
7 13 18 45 53
7 14 18 40 74
7 15 45 79 82
7 16 94 56 39
7 17 63 47 36
7 18 22 6 56
7 19 25 6 8
7 20 19 39 47
7 21 88 89 87
7 22 61 52 61
7 23 47 30 85
7 24 87 89 80
7 25 11 21 26
7 26 41 13 69
7 27 94 69 60
7 28 0 65 39
7 29 85 44 61
7 30 20 6 42
7 31 51 56 58
7 32 53 31 89
7 33 0 24 36
7 34 42 31 59
7 35 43 17 58
7 36 87 75 96
7 37 51 54 64
7 38 30 78 69
7 39 77 92 54
7 40 0 52 14
7 41 58 29 26
7 42 79 78 58
7 43 53 66 33
7 44 75 79 26
7 45 20 25 25
7 46 50 52 73
7 47 68 35 83
8 9 7 1 30
8 10 5 42 73
8 11 47 79 19
8 12 46 52 31
8 13 54 27 60
8 14 15 17 22
8 15 39 26 34
8 16 80 76 20
8 17 33 43 63
8 18 82 27 76
8 19 16 6 44
8 20 16 55 22
8 21 82 64 79
8 22 53 51 51
8 23 91 72 38
8 24 77 57 27
8 25 52 44 33
8 26 18 30 26
8 27 83 32 83
8 28 19 10 19
8 29 84 56 61
8 30 48 87 68
8 31 63 58 73
8 32 57 46 69
8 33 54 19 81
8 34 45 61 72
8 35 93 30 46
8 36 83 45 94
8 37 75 55 63
8 38 51 56 35
8 39 62 56 66
8 40 86 85 62
8 41 28 35 43
8 42 57 70 27
8 43 43 47 69
8 44 21 44 20
8 45 38 15 31
8 46 14 53 21
8 47 39 21 42
9 10 72 15 57
9 11 58 79 55
9 12 21 42 36
9 13 64 61 48
9 14 60 33 34
9 15 99 36 96
9 16 72 59 78
9 17 20 34 8
9 18 32 17 60
9 19 92 20 76
9 20 5 39 17
9 21 48 15 42
9 22 76 32 35
9 23 15 12 43
9 24 67 58 50
9 25 45 52 31
9 26 54 57 11
9 27 76 35 61
9 28 67 16 41
9 29 42 32 80
9 30 40 27 58
9 31 59 28 67
9 32 1 6 73
9 33 82 20 79
9 34 5 80 31
9 35 26 70 21
9 36 42 29 72
9 37 74 77 63
9 38 95 40 38
9 39 30 26 84
9 40 6 79 50
9 41 19 17 5
9 42 25 43 53
9 43 64 23 84
9 44 96 53 97
9 45 65 29 90
9 46 55 59 60
9 47 44 27 70
10 11 51 82 53
10 12 1 63 56
10 13 37 70 41
10 14 53 15 38
10 15 82 76 64
10 16 73 90 77
10 17 44 12 35
10 18 0 18 39
10 19 95 88 77
10 20 88 33 49
10 21 91 93 33
10 22 8 44 25
10 23 64 60 25
10 24 54 89 55
10 25 97 56 35
10 26 51 76 64
10 27 87 95 39
10 28 55 74 18
10 29 0 50 6
10 30 94 43 93
10 31 50 13 27
10 32 50 43 41
10 33 52 40 82
10 34 69 28 80
10 35 47 11 28
10 36 77 66 33
10 37 12 59 52
10 38 0 26 11
10 39 54 81 43
10 40 55 59 19
10 41 87 61 73
10 42 60 49 21
10 43 62 69 50
10 44 67 77 43
10 45 30 84 60
10 46 13 8 75
10 47 63 33 50
11 12 87 31 49
11 13 41 40 23
11 14 24 17 23
11 15 92 62 66
11 16 44 15 63
11 17 63 76 26
11 18 63 92 90
11 19 18 63 21
11 20 11 39 61
11 21 60 27 28
11 22 82 81 73
11 23 97 74 43
11 24 2 56 60
11 25 32 38 69
11 26 74 63 26
11 27 69 36 58
11 28 4 31 72
11 29 67 50 45
11 30 46 65 46
11 31 90 69 57
11 32 86 94 30
11 33 66 49 49
11 34 18 35 75
11 35 99 42 65
11 36 64 61 37
11 37 30 69 43
11 38 58 14 30
11 39 59 64 40
11 40 39 65 36
11 41 22 28 71
11 42 54 43 36
11 43 58 64 78
11 44 39 52 58
11 45 64 34 29
11 46 73 36 92
11 47 73 32 57
12 13 23 59 26
12 14 72 75 61
12 15 19 80 73
12 16 17 17 79
12 17 24 34 65
12 18 20 7 21
12 19 96 49 76
12 20 71 36 57
12 21 60 31 22
12 22 26 72 57
12 23 58 77 17
12 24 16 32 75
12 25 84 89 71
12 26 23 61 42
12 27 49 69 18
12 28 23 63 52
12 29 77 69 69
12 30 20 28 70
12 31 19 72 61
12 32 6 31 77
12 33 30 38 85
12 34 97 49 98
12 35 44 68 23
12 36 82 47 37
12 37 90 90 74
12 38 24 70 38
12 39 54 45 26
12 40 10 16 48
12 41 62 37 76
12 42 0 64 34
12 43 8 63 71
12 44 94 41 32
12 45 58 33 17
12 46 5 64 34
12 47 73 15 72
13 14 58 66 37
13 15 51 70 43
13 16 24 58 67
13 17 98 87 98
13 18 56 82 59
13 19 96 37 98
13 20 97 55 88
13 21 45 88 12
13 22 17 7 8
13 23 47 54 86
13 24 9 58 6
13 25 62 22 84
13 26 74 68 74
13 27 6 27 50
13 28 25 62 74
13 29 30 54 78
13 30 14 21 59
13 31 41 59 61
13 32 8 22 71
13 33 97 60 81
13 34 27 76 15
13 35 51 65 32
13 36 18 4 26
13 37 39 72 59
13 38 94 67 66
13 39 94 31 29
13 40 23 31 6
13 41 7 2 31
13 42 41 53 62
13 43 54 31 68
13 44 76 47 76
13 45 39 85 83
13 46 68 47 40
13 47 11 8 21
14 15 10 35 6
14 16 50 76 87
14 17 10 41 71
14 18 56 76 82
14 19 54 47 42
14 20 41 59 12
14 21 81 40 79
14 22 28 59 26
14 23 27 54 31
14 24 94 56 43
14 25 84 33 89
14 26 79 30 31
14 27 54 89 15
14 28 54 65 44
14 29 83 47 76
14 30 57 37 28
14 31 74 83 38
14 32 54 80 42
14 33 35 51 19
14 34 0 3 70
14 35 8 79 52
14 36 44 59 69
14 37 85 97 92
14 38 40 47 60
14 39 23 43 11
14 40 71 26 25
14 41 46 86 49
14 42 19 8 16
14 43 40 39 83
14 44 11 42 81
14 45 31 27 74
14 46 31 48 74
14 47 77 39 91
15 16 41 78 62
15 17 43 75 44
15 18 55 88 15
15 19 89 68 48
15 20 97 71 31
15 21 1 47 61
15 22 6 24 47
15 23 76 20 92
15 24 97 87 82
15 25 60 34 59
15 26 68 88 88
15 27 57 79 68
15 28 20 32 69
15 29 43 12 81
15 30 84 89 64
15 31 38 8 48
15 32 17 78 23
15 33 74 34 69
15 34 94 66 48
15 35 83 30 18
15 36 47 58 54
15 37 40 36 28
15 38 31 6 21
15 39 49 39 64
15 40 62 92 45
15 41 25 12 60
15 42 76 16 28
15 43 11 28 73
15 44 82 43 21
15 45 95 91 72
15 46 16 32 16
15 47 44 61 61
16 17 70 81 14
16 18 35 62 39
16 19 14 7 29
16 20 78 82 81
16 21 0 20 3
16 22 15 29 82
16 23 65 13 87
16 24 99 33 44
16 25 85 93 56
16 26 25 63 40
16 27 11 6 33
16 28 80 93 46
16 29 93 42 52
16 30 27 11 33
16 31 23 12 22
16 32 82 53 70
16 33 20 55 83
16 34 51 80 51
16 35 99 27 47
16 36 96 68 84
16 37 53 33 58
16 38 97 83 77
16 39 94 25 45
16 40 83 65 48
16 41 23 21 84
16 42 91 85 91
16 43 31 80 44
16 44 6 32 71
16 45 67 53 86
16 46 34 23 9
16 47 77 34 21
17 18 52 85 33
17 19 68 58 43
17 20 16 82 32
17 21 72 90 31
17 22 72 17 80
17 23 85 39 75
17 24 29 16 41
17 25 16 17 27
17 26 90 57 91
17 27 30 82 32
17 28 48 66 41
17 29 4 52 66
17 30 74 33 17
17 31 66 84 90
17 32 18 58 46
17 33 22 17 72
17 34 0 64 39
17 35 82 67 94
17 36 91 87 44
17 37 65 13 35
17 38 91 32 91
17 39 71 40 80
17 40 3 30 72
17 41 28 35 22
17 42 21 26 82
17 43 80 59 54
17 44 51 76 50
17 45 48 70 59
17 46 18 69 23
17 47 44 10 37
18 19 54 81 85
18 20 71 72 30
18 21 48 37 67
18 22 30 33 64
18 23 56 63 69
18 24 81 48 70
18 25 47 61 37
18 26 14 38 13
18 27 68 55 44
18 28 49 84 54
18 29 32 51 23
18 30 58 60 60
18 31 59 30 72
18 32 83 38 31
18 33 21 15 68
18 34 95 94 81
18 35 0 77 8
18 36 50 41 29
18 37 44 79 40
18 38 27 36 74
18 39 85 71 49
18 40 96 21 45
18 41 50 70 10
18 42 27 74 18
18 43 23 4 81
18 44 20 15 84
18 45 45 11 83
18 46 14 58 17
18 47 74 34 56
19 20 50 10 50
19 21 66 91 71
19 22 87 28 45
19 23 71 77 88
19 24 44 23 85
19 25 27 24 12
19 26 57 65 71
19 27 37 85 11
19 28 40 79 15
19 29 6 75 61
19 30 71 42 92
19 31 22 65 27
19 32 36 19 12
19 33 19 39 61
19 34 1 13 67
19 35 47 28 28
19 36 2 64 56
19 37 55 53 63
19 38 46 73 42
19 39 49 38 29
19 40 72 51 37
19 41 76 44 63
19 42 78 46 82
19 43 65 61 51
19 44 51 30 63
19 45 68 81 44
19 46 20 9 40
19 47 28 7 31
20 21 13 15 72
20 22 32 18 17
20 23 75 18 62
20 24 23 12 8
20 25 3 64 24
20 26 68 72 84
20 27 81 51 50
20 28 86 50 43
20 29 91 42 34
20 30 56 72 11
20 31 44 53 36
20 32 52 30 36
20 33 25 39 56
20 34 27 42 13
20 35 42 54 40
20 36 73 64 25
20 37 23 50 74
20 38 44 29 14
20 39 84 83 35
20 40 93 89 30
20 41 58 48 41
20 42 25 70 15
20 43 38 29 44
20 44 20 6 8
20 45 80 52 76
20 46 62 82 35
20 47 45 14 20
21 22 12 34 30
21 23 92 59 31
21 24 11 16 31
21 25 53 82 37
21 26 30 17 71
21 27 13 67 44
21 28 35 13 82
21 29 13 40 8
21 30 72 71 68
21 31 69 62 33
21 32 53 81 15
21 33 41 63 63
21 34 44 28 11
21 35 40 31 71
21 36 27 80 23
21 37 22 62 8
21 38 98 31 67
21 39 57 27 43
21 40 96 83 87
21 41 54 45 63
21 42 71 74 16
21 43 5 54 51
21 44 24 36 34
21 45 41 64 28
21 46 62 16 34
21 47 60 64 81
22 23 63 14 50
22 24 90 92 29
22 25 11 51 59
22 26 47 11 78
22 27 45 20 19
22 28 14 22 15
22 29 24 38 35
22 30 19 26 58
22 31 14 9 22
22 32 27 36 74
22 33 97 49 61
22 34 97 59 48
22 35 70 69 16
22 36 61 53 56
22 37 39 36 25
22 38 79 40 85
22 39 11 24 69
22 40 48 28 16
22 41 80 34 58
22 42 47 53 15
22 43 22 45 50
22 44 58 78 65
22 45 41 62 30
22 46 5 72 7
22 47 59 53 74
23 24 8 26 36
23 25 21 46 82
23 26 20 54 76
23 27 61 16 46
23 28 33 27 70
23 29 31 7 12
23 30 54 32 26
23 31 59 50 36
23 32 98 51 89
23 33 1 39 74
23 34 17 8 29
23 35 47 51 37
23 36 88 28 20
23 37 35 44 70
23 38 43 30 73
23 39 19 24 66
23 40 33 78 44
23 41 12 43 36
23 42 33 40 30
23 43 7 55 73
23 44 94 66 66
23 45 80 90 88
23 46 40 56 82
23 47 26 23 25
24 25 68 76 26
24 26 96 55 61
24 27 91 82 84
24 28 81 65 64
24 29 4 73 52
24 30 67 29 20
24 31 10 23 71
24 32 14 16 80
24 33 72 61 64
24 34 83 50 23
24 35 34 83 31
24 36 18 80 41
24 37 73 92 32
24 38 70 46 30
24 39 11 12 59
24 40 99 83 68
24 41 41 35 21
24 42 70 74 42
24 43 57 59 30
24 44 75 20 30
24 45 43 76 34
24 46 13 62 29
24 47 71 21 36
25 26 49 88 64
25 27 26 16 40
25 28 23 30 39
25 29 95 66 30
25 30 54 15 30
25 31 20 69 76
25 32 8 63 63
25 33 90 53 27
25 34 22 5 6
25 35 11 61 35
25 36 18 5 79
25 37 46 22 36
25 38 46 82 58
25 39 37 25 26
25 40 31 61 58
25 41 32 79 74
25 42 0 17 42
25 43 45 63 27
25 44 66 82 77
25 45 96 79 74
25 46 3 44 44
25 47 39 27 70
26 27 20 66 36
26 28 63 77 66
26 29 14 5 49
26 30 51 52 63
26 31 42 42 67
26 32 26 36 50
26 33 78 42 85
26 34 51 88 11
26 35 30 70 52
26 36 77 16 24
26 37 31 12 76
26 38 31 73 66
26 39 79 36 83
26 40 22 18 13
26 41 61 54 23
26 42 20 63 11
26 43 25 42 6
26 44 82 85 18
26 45 22 56 27
26 46 97 55 54
26 47 87 81 38
27 28 34 28 59
27 29 28 78 53
27 30 80 32 28
27 31 56 90 69
27 32 42 63 29
27 33 49 78 37
27 34 17 61 54
27 35 77 41 66
27 36 54 31 87
27 37 16 17 65
27 38 10 58 38
27 39 86 38 61
27 40 77 33 39
27 41 82 43 33
27 42 61 13 17
27 43 89 80 73
27 44 13 81 48
27 45 4 45 1
27 46 22 15 64
27 47 12 22 10
28 29 7 20 35
28 30 38 64 67
28 31 80 50 81
28 32 29 44 58
28 33 1 64 23
28 34 10 42 54
28 35 81 40 27
28 36 54 78 23
28 37 18 74 64
28 38 40 34 49
28 39 67 80 61
28 40 9 39 2
28 41 37 73 58
28 42 38 87 58
28 43 68 54 30
28 44 55 59 38
28 45 24 75 78
28 46 94 49 53
28 47 20 47 38
29 30 34 65 34
29 31 72 77 73
29 32 15 29 51
29 33 65 22 74
29 34 62 30 66
29 35 68 24 16
29 36 87 64 39
29 37 48 68 82
29 38 94 63 36
29 39 31 52 60
29 40 68 25 31
29 41 5 65 68
29 42 53 19 10
29 43 22 46 34
29 44 86 39 94
29 45 1 75 24
29 46 22 48 48
29 47 66 54 22
30 31 70 36 75
30 32 42 19 31
30 33 97 61 46
30 34 98 34 34
30 35 1 19 39
30 36 61 91 49
30 37 75 90 88
30 38 42 26 52
30 39 97 77 82
30 40 77 54 20
30 41 66 15 31
30 42 96 46 76
30 43 39 78 11
30 44 61 31 86
30 45 61 12 59
30 46 56 59 42
30 47 6 66 23
31 32 17 34 5
31 33 66 26 46
31 34 57 87 60
31 35 75 70 24
31 36 55 27 14
31 37 80 63 22
31 38 63 19 47
31 39 76 54 16
31 40 20 43 40
31 41 24 76 20
31 42 54 88 87
31 43 87 86 41
31 44 56 51 73
31 45 13 38 66
31 46 6 18 23
31 47 67 66 92
32 33 92 52 64
32 34 6 44 9
32 35 46 69 19
32 36 6 4 72
32 37 49 55 62
32 38 59 78 43
32 39 63 43 24
32 40 37 65 73
32 41 26 45 61
32 42 77 54 95
32 43 79 65 45
32 44 55 51 68
32 45 21 33 18
32 46 97 40 48
32 47 11 34 24
33 34 59 40 28
33 35 28 76 32
33 36 2 6 52
33 37 27 51 18
33 38 79 75 92
33 39 76 30 75
33 40 6 24 47
33 41 1 18 46
33 42 88 66 91
33 43 51 46 71
33 44 77 57 26
33 45 97 63 98
33 46 62 31 52
33 47 67 78 19
34 35 77 82 88
34 36 52 84 57
34 37 38 72 73
34 38 35 74 86
34 39 67 79 47
34 40 65 44 56
34 41 8 33 43
34 42 3 18 5
34 43 72 65 81
34 44 93 54 51
34 45 8 52 21
34 46 42 33 75
34 47 46 20 68
35 36 76 24 78
35 37 66 87 37
35 38 53 54 70
35 39 28 77 27
35 40 30 79 71
35 41 50 35 17
35 42 85 77 44
35 43 9 27 50
35 44 74 58 59
35 45 59 85 79
35 46 27 73 60
35 47 32 66 11
36 37 31 81 52
36 38 18 61 78
36 39 67 67 47
36 40 47 60 18
36 41 97 40 31
36 42 84 43 83
36 43 18 52 23
36 44 37 30 78
36 45 31 43 35
36 46 22 69 26
36 47 39 49 53
37 38 72 59 52
37 39 80 26 68
37 40 22 22 52
37 41 33 18 20
37 42 95 91 64
37 43 25 70 78
37 44 76 77 58
37 45 59 39 80
37 46 62 56 43
37 47 29 53 9
38 39 85 35 78
38 40 69 33 45
38 41 34 37 7
38 42 29 18 13
38 43 39 62 31
38 44 57 88 82
38 45 83 85 68
38 46 25 36 60
38 47 41 28 8
39 40 46 67 27
39 41 26 77 46
39 42 21 77 5
39 43 60 28 65
39 44 87 40 43
39 45 82 74 61
39 46 42 45 85
39 47 62 33 21
40 41 51 89 80
40 42 93 87 70
40 43 6 6 61
40 44 21 84 68
40 45 13 58 81
40 46 31 41 35
40 47 90 93 84
41 42 65 77 66
41 43 88 28 20
41 44 23 35 70
41 45 84 85 79
41 46 70 37 40
41 47 66 78 77
42 43 28 62 68
42 44 75 55 33
42 45 94 79 20
42 46 16 56 53
42 47 89 89 74
43 44 12 48 21
43 45 76 26 18
43 46 30 18 64
43 47 24 37 62
44 45 14 23 10
44 46 73 70 27
44 47 82 81 40
45 46 15 60 5
45 47 36 82 67
46 47 33 15 49
