50
0 1 74 69 38
0 2 40 67 39
0 3 14 45 41
0 4 10 19 46
0 5 82 85 60
0 6 1 31 42
0 7 81 52 55
0 8 44 65 29
0 9 97 92 98
0 10 13 23 52
0 11 98 95 92
0 12 7 41 45
0 13 17 40 28
0 14 67 76 70
0 15 41 22 68
0 16 93 59 50
0 17 32 47 40
0 18 0 4 39
0 19 48 32 39
0 20 87 81 90
0 21 95 67 77
0 22 11 42 33
0 23 33 51 45
0 24 42 56 42
0 25 99 53 86
0 26 20 12 31
0 27 76 59 77
0 28 33 31 59
0 29 51 67 31
0 30 80 56 79
0 31 48 55 26
0 32 76 52 57
0 33 56 31 42
0 34 45 34 25
0 35 26 38 44
0 36 76 49 39
0 37 11 26 8
0 38 6 38 6
0 39 64 64 76
0 40 71 81 40
0 41 71 65 49
0 42 42 50 61
0 43 12 36 18
0 44 10 13 51
0 45 50 27 67
0 46 68 76 78
0 47 50 57 25
0 48 70 48 58
0 49 7 23 36
1 2 71 44 37
1 3 50 52 67
1 4 77 68 47
1 5 93 93 87
1 6 84 86 87
1 7 84 87 50
1 8 9 30 26
1 9 95 73 89
1 10 70 79 66
1 11 39 49 45
1 12 85 91 78
1 13 73 41 49
1 14 48 55 58
1 15 41 29 32
1 16 30 32 41
1 17 59 33 72
1 18 86 47 74
1 19 27 20 36
1 20 20 18 32
1 21 7 13 36
1 22 13 43 33
1 23 49 35 71
1 24 29 52 39
1 25 78 77 51
1 26 61 54 51
1 27 17 32 31
1 28 39 47 35
1 29 21 46 53
1 30 30 17 34
1 31 90 85 72
1 32 11 50 21
1 33 97 92 77
1 34 86 69 75
1 35 43 63 71
1 36 36 42 68
1 37 26 23 22
1 38 69 76 64
1 39 5 14 14
1 40 68 35 75
1 41 24 58 38
1 42 83 72 52
1 43 22 18 37
1 44 33 42 42
1 45 20 47 57
1 46 99 61 79
1 47 20 43 37
1 48 40 35 26
1 49 92 48 53
2 3 95 66 97
2 4 25 38 14
2 5 92 62 88
2 6 52 29 69
2 7 95 88 49
2 8 37 63 21
2 9 48 71 43
2 10 87 58 86
2 11 33 30 49
2 12 13 7 33
2 13 70 50 67
2 14 29 26 64
2 15 45 42 40
2 16 45 41 44
2 17 95 97 50
2 18 28 36 52
2 19 19 47 41
2 20 77 39 40
2 21 94 85 69
2 22 79 56 77
2 23 46 30 58
2 24 58 30 29
2 25 48 25 38
2 26 22 28 34
2 27 27 60 45
2 28 98 51 58
2 29 42 61 40
2 30 3 50 16
2 31 91 77 59
2 32 74 67 68
2 33 29 49 36
2 34 69 42 47
2 35 32 47 37
2 36 47 70 24
2 37 26 26 43
2 38 92 78 80
2 39 55 69 67
2 40 81 46 72
2 41 23 29 56
2 42 46 68 58
2 43 77 81 67
2 44 91 59 62
2 45 79 45 47
2 46 35 51 22
2 47 59 38 76
2 48 45 26 65
2 49 21 43 42
3 4 45 36 46
3 5 75 43 58
3 6 48 60 24
3 7 26 29 46
3 8 19 17 19
3 9 40 28 49
3 10 92 71 72
3 11 6 46 43
3 12 91 58 74
3 13 47 62 34
3 14 87 92 69
3 15 55 45 69
3 16 46 69 60
3 17 91 85 80
3 18 23 54 12
3 19 86 83 68
3 20 16 33 54
3 21 5 48 49
3 22 50 75 43
3 23 49 28 72
3 24 21 22 34
3 25 46 42 53
3 26 24 24 28
3 27 35 17 58
3 28 86 79 68
3 29 72 53 72
3 30 22 16 53
3 31 84 78 73
3 32 68 46 73
3 33 83 89 84
3 34 54 62 66
3 35 42 68 52
3 36 35 42 60
3 37 71 83 62
3 38 17 43 32
3 39 98 88 82
3 40 30 40 50
3 41 58 50 75
3 42 40 65 69
3 43 50 25 42
3 44 3 22 20
3 45 24 18 29
3 46 9 11 9
3 47 15 56 27
3 48 80 66 68
3 49 4 33 40
4 5 56 55 41
4 6 34 19 21
4 7 20 59 43
4 8 81 67 75
4 9 26 36 33
4 10 18 26 25
4 11 83 77 85
4 12 90 89 79
4 13 61 40 79
4 14 92 70 66
4 15 42 65 59
4 16 96 96 70
4 17 28 36 37
4 18 86 60 57
4 19 70 49 81
4 20 37 37 38
4 21 43 57 55
4 22 98 74 85
4 23 11 16 52
4 24 62 68 38
4 25 89 46 46
4 26 78 60 61
4 27 33 65 24
4 28 27 17 54
4 29 32 19 56
4 30 72 78 73
4 31 39 41 55
4 32 6 24 23
4 33 24 21 45
4 34 32 39 59
4 35 73 58 51
4 36 72 84 48
4 37 39 60 48
4 38 6 35 8
4 39 45 56 63
4 40 67 56 43
4 41 83 69 65
4 42 51 42 48
4 43 86 90 59
4 44 6 51 8
4 45 74 67 84
4 46 85 75 54
4 47 93 96 53
4 48 3 16 27
4 49 52 72 32
5 6 20 27 14
5 7 8 45 53
5 8 55 71 50
5 9 27 60 17
5 10 63 67 39
5 11 43 70 46
5 12 69 46 75
5 13 37 57 53
5 14 53 38 63
5 15 64 49 77
5 16 16 36 27
5 17 82 45 74
5 18 86 88 80
5 19 44 32 27
5 20 96 82 52
5 21 87 78 51
5 22 22 14 59
5 23 8 5 5
5 24 27 49 43
5 25 91 94 83
5 26 77 64 39
5 27 83 69 71
5 28 76 76 43
5 29 45 72 32
5 30 95 62 53
5 31 59 61 74
5 32 78 69 76
5 33 16 46 55
5 34 73 53 77
5 35 12 22 27
5 36 95 51 83
5 37 59 36 67
5 38 52 30 39
5 39 33 44 45
5 40 98 69 95
5 41 83 51 53
5 42 74 47 50
5 43 5 16 29
5 44 95 54 71
5 45 20 59 10
5 46 15 17 47
5 47 45 48 38
5 48 55 64 42
5 49 98 88 99
6 7 64 65 53
6 8 38 36 66
6 9 26 33 17
6 10 79 63 55
6 11 41 49 32
6 12 56 71 45
6 13 72 78 65
6 14 86 86 48
6 15 63 64 63
6 16 14 47 21
6 17 94 51 59
6 18 34 32 62
6 19 71 45 81
6 20 76 56 73
6 21 4 48 51
6 22 12 46 14
6 23 5 20 8
6 24 80 53 72
6 25 26 39 29
6 26 91 55 67
6 27 5 21 41
6 28 23 37 55
6 29 71 51 41
6 30 15 57 32
6 31 25 61 55
6 32 27 30 28
6 33 46 64 69
6 34 18 12 53
6 35 61 38 79
6 36 44 65 28
6 37 74 77 62
6 38 33 35 62
6 39 65 77 36
6 40 64 77 39
6 41 62 40 59
6 42 55 60 57
6 43 5 6 46
6 44 83 49 83
6 45 53 72 51
6 46 68 46 46
6 47 19 50 45
6 48 77 68 46
6 49 34 60 22
7 8 45 67 49
7 9 47 69 48
7 10 84 42 55
7 11 46 63 57
7 12 4 45 51
7 13 39 46 63
7 14 88 88 51
7 15 86 58 57
7 16 40 35 67
7 17 87 58 45
7 18 76 83 82
7 19 77 54 63
7 20 12 45 20
7 21 30 25 51
7 22 0 49 13
7 23 84 75 86
7 24 28 31 52
7 25 9 19 47
7 26 41 57 57
7 27 88 74 69
7 28 65 55 36
7 29 58 58 72
7 30 92 52 63
7 31 28 34 19
7 32 91 79 73
7 33 81 76 47
7 34 41 41 37
7 35 5 47 28
7 36 52 57 42
7 37 53 34 58
7 38 47 58 48
7 39 48 56 32
7 40 3 36 5
7 41 71 36 48
7 42 98 89 66
7 43 98 96 62
7 44 16 35 8
7 45 12 15 8
7 46 32 47 58
7 47 9 53 52
7 48 46 24 54
7 49 29 39 58
8 9 47 26 26
8 10 86 45 65
8 11 85 82 81
8 12 27 62 32
8 13 87 75 88
8 14 53 73 59
8 15 59 37 39
8 16 59 62 76
8 17 43 29 58
8 18 20 52 21
8 19 92 77 49
8 20 5 3 20
8 21 32 33 16
8 22 90 79 66
8 23 19 48 18
8 24 1 1 20
8 25 51 56 71
8 26 10 15 11
8 27 85 61 56
8 28 24 36 44
8 29 18 10 17
8 30 60 73 65
8 31 95 71 94
8 32 89 52 59
8 33 42 66 34
8 34 24 50 50
8 35 83 58 71
8 36 98 51 50
8 37 34 42 20
8 38 87 73 49
8 39 57 51 37
8 40 55 37 29
8 41 10 40 47
8 42 57 51 57
8 43 1 5 20
8 44 70 47 48
8 45 27 27 59
8 46 9 17 4
8 47 39 21 39
8 48 62 40 35
8 49 77 46 82
9 10 90 53 65
9 11 13 15 30
9 12 49 26 58
9 13 92 68 75
9 14 33 29 46
9 15 36 65 51
9 16 65 74 48
9 17 85 68 66
9 18 9 12 53
9 19 3 18 46
9 20 49 56 61
9 21 45 42 58
9 22 56 44 61
9 23 72 81 46
9 24 83 52 89
9 25 55 31 34
9 26 63 62 46
9 27 70 40 42
9 28 21 53 17
9 29 7 8 30
9 30 38 67 50
9 31 82 86 76
9 32 55 73 47
9 33 22 22 47
9 34 27 15 18
9 35 65 55 81
9 36 17 16 53
9 37 91 62 55
9 38 73 83 63
9 39 6 43 8
9 40 1 26 3
9 41 84 91 68
9 42 92 49 65
9 43 67 54 64
9 44 74 49 69
9 45 61 57 47
9 46 87 74 72
9 47 10 11 12
9 48 80 44 80
9 49 6 25 19
10 11 33 44 56
10 12 38 36 27
10 13 60 77 49
10 14 5 27 27
10 15 71 61 53
10 16 60 38 76
10 17 2 46 3
10 18 41 55 21
10 19 7 21 25
10 20 52 52 72
10 21 5 16 47
10 22 74 51 52
10 23 27 49 24
10 24 35 41 48
10 25 1 38 5
10 26 64 78 65
10 27 67 43 78
10 28 40 32 37
10 29 87 50 73
10 30 27 21 28
10 31 90 76 86
10 32 6 16 9
10 33 81 53 47
10 34 31 55 56
10 35 85 49 92
10 36 91 87 66
10 37 8 42 52
10 38 17 58 25
10 39 74 39 40
10 40 60 38 64
10 41 29 40 24
10 42 2 14 39
10 43 64 58 54
10 44 96 60 97
10 45 83 77 43
10 46 28 51 26
10 47 84 81 74
10 48 16 38 18
10 49 73 53 50
11 12 45 27 64
11 13 77 54 77
11 14 32 18 30
11 15 40 28 31
11 16 94 83 91
11 17 3 26 43
11 18 47 38 68
11 19 8 44 23
11 20 15 51 47
11 21 16 40 23
11 22 81 78 42
11 23 27 59 55
11 24 47 61 49
11 25 32 43 30
11 26 32 46 44
11 27 82 80 64
11 28 96 94 68
11 29 80 53 67
11 30 15 11 8
11 31 89 46 46
11 32 36 42 34
11 33 14 47 19
11 34 66 69 54
11 35 59 78 79
11 36 99 72 97
11 37 4 4 45
11 38 83 66 90
11 39 38 35 26
11 40 85 57 62
11 41 54 38 75
11 42 50 54 58
11 43 9 28 14
11 44 77 87 80
11 45 87 85 64
11 46 40 65 37
11 47 98 79 53
11 48 15 39 47
11 49 59 60 65
12 13 84 73 61
12 14 96 63 94
12 15 53 74 29
12 16 26 43 17
12 17 1 46 49
12 18 44 57 34
12 19 81 89 58
12 20 14 8 50
12 21 83 47 76
12 22 64 40 69
12 23 50 47 46
12 24 9 31 17
12 25 57 53 63
12 26 31 29 36
12 27 15 38 10
12 28 62 32 45
12 29 43 54 42
12 30 46 23 52
12 31 45 59 33
12 32 87 74 70
12 33 43 41 57
12 34 9 4 45
12 35 43 36 47
12 36 60 37 37
12 37 88 49 81
12 38 38 51 30
12 39 35 43 24
12 40 44 48 29
12 41 65 53 73
12 42 20 14 41
12 43 52 58 47
12 44 78 54 72
12 45 94 82 96
12 46 15 49 54
12 47 33 23 18
12 48 34 26 26
12 49 87 58 93
13 14 59 37 54
13 15 3 15 49
13 16 45 39 27
13 17 16 17 56
13 18 58 38 44
13 19 26 40 32
13 20 6 33 21
13 21 23 42 42
13 22 12 10 37
13 23 61 38 68
13 24 62 38 57
13 25 10 27 36
13 26 37 30 18
13 27 81 45 78
13 28 1 42 11
13 29 89 65 51
13 30 67 44 46
13 31 62 56 73
13 32 24 60 55
13 33 90 83 55
13 34 2 45 12
13 35 34 41 45
13 36 75 71 77
13 37 82 68 84
13 38 76 84 84
13 39 55 63 46
13 40 5 2 8
13 41 55 44 35
13 42 46 26 31
13 43 48 33 36
13 44 34 56 42
13 45 42 61 25
13 46 87 45 50
13 47 69 37 84
13 48 57 61 45
13 49 98 50 87
14 15 44 68 43
14 16 86 46 76
14 17 72 55 56
14 18 96 57 63
14 19 61 34 77
14 20 18 54 47
14 21 34 54 57
14 22 61 56 68
14 23 36 64 21
14 24 7 34 38
14 25 59 33 60
14 26 73 57 81
14 27 68 50 56
14 28 97 78 80
14 29 71 73 36
14 30 37 30 52
14 31 95 56 56
14 32 88 77 71
14 33 8 28 7
14 34 12 47 42
14 35 93 92 86
14 36 79 58 74
14 37 60 70 53
14 38 25 22 42
14 39 72 84 58
14 40 81 79 61
14 41 96 68 52
14 42 80 49 88
14 43 4 32 4
14 44 28 37 27
14 45 27 36 29
14 46 21 41 48
14 47 40 67 32
14 48 75 64 74
14 49 99 78 72
15 16 10 30 40
15 17 46 49 64
15 18 39 27 58
15 19 18 28 50
15 20 73 62 67
15 21 53 34 51
15 22 78 51 39
15 23 89 80 49
15 24 10 45 54
15 25 14 56 33
15 26 61 78 78
15 27 15 14 10
15 28 73 44 71
15 29 67 75 60
15 30 48 39 49
15 31 32 16 57
15 32 5 9 12
15 33 65 37 33
15 34 68 73 67
15 35 99 63 70
15 36 52 41 57
15 37 41 33 31
15 38 11 18 41
15 39 6 15 50
15 40 49 49 26
15 41 35 18 24
15 42 14 10 38
15 43 12 43 40
15 44 3 6 41
15 45 22 38 25
15 46 96 48 81
15 47 91 81 66
15 48 15 20 47
15 49 75 75 43
16 17 89 57 89
16 18 7 37 45
16 19 80 41 67
16 20 28 49 24
16 21 54 68 29
16 22 21 34 36
16 23 83 74 58
16 24 9 23 15
16 25 95 89 74
16 26 77 44 85
16 27 37 25 63
16 28 63 71 81
16 29 59 70 33
16 30 96 66 61
16 31 83 48 64
16 32 81 71 77
16 33 13 26 55
16 34 97 78 68
16 35 17 15 34
16 36 60 53 80
16 37 52 46 45
16 38 26 24 21
16 39 1 9 38
16 40 59 55 36
16 41 24 15 56
16 42 92 84 59
16 43 52 46 70
16 44 43 25 34
16 45 50 54 55
16 46 67 49 72
16 47 12 43 55
16 48 25 24 60
16 49 2 36 25
17 18 18 9 49
17 19 48 64 32
17 20 80 75 64
17 21 93 71 79
17 22 96 66 61
17 23 16 52 14
17 24 79 74 44
17 25 2 17 49
17 26 1 20 10
17 27 26 14 18
17 28 26 50 56
17 29 94 79 78
17 30 4 28 34
17 31 83 81 64
17 32 48 62 33
17 33 14 7 26
17 34 76 51 85
17 35 22 50 58
17 36 82 55 66
17 37 72 49 38
17 38 57 55 41
17 39 70 72 51
17 40 73 44 78
17 41 56 75 29
17 42 78 76 43
17 43 50 63 44
17 44 41 20 29
17 45 49 72 71
17 46 25 45 14
17 47 1 34 9
17 48 30 55 18
17 49 41 25 52
18 19 0 4 4
18 20 50 48 37
18 21 92 75 55
18 22 12 34 27
18 23 75 42 77
18 24 69 82 77
18 25 20 36 47
18 26 90 45 94
18 27 47 64 46
18 28 22 26 43
18 29 53 53 40
18 30 68 64 45
18 31 90 69 49
18 32 53 61 31
18 33 34 25 59
18 34 79 76 51
18 35 76 78 64
18 36 6 25 31
18 37 66 35 61
18 38 75 38 81
18 39 78 83 53
18 40 45 31 37
18 41 16 30 46
18 42 19 35 31
18 43 16 40 16
18 44 40 22 21
18 45 69 71 43
18 46 90 92 48
18 47 31 26 28
18 48 10 21 6
18 49 46 25 58
19 20 61 61 69
19 21 21 53 17
19 22 36 59 40
19 23 51 71 50
19 24 31 24 49
19 25 57 70 75
19 26 8 30 12
19 27 58 76 59
19 28 61 36 79
19 29 89 57 48
19 30 51 51 68
19 31 38 23 49
19 32 70 51 48
19 33 99 74 58
19 34 23 44 55
19 35 25 51 21
19 36 39 27 34
19 37 36 39 21
19 38 36 42 58
19 39 48 25 34
19 40 58 51 35
19 41 88 86 92
19 42 31 35 34
19 43 60 56 68
19 44 90 60 50
19 45 3 13 49
19 46 11 14 42
19 47 42 61 60
19 48 53 42 61
19 49 61 74 53
20 21 26 33 50
20 22 1 3 43
20 23 82 72 88
20 24 72 61 60
20 25 56 63 68
20 26 83 43 71
20 27 2 45 13
20 28 27 33 19
20 29 91 80 58
20 30 30 30 45
20 31 41 42 65
20 32 72 69 67
20 33 57 51 31
20 34 58 50 74
20 35 89 49 47
20 36 30 59 63
20 37 0 45 49
20 38 59 70 67
20 39 88 73 47
20 40 8 16 37
20 41 33 40 52
20 42 94 71 76
20 43 96 80 52
20 44 23 19 28
20 45 18 13 52
20 46 71 67 77
20 47 60 74 73
20 48 20 30 26
20 49 34 40 17
21 22 89 78 87
21 23 64 45 60
21 24 18 19 45
21 25 24 37 18
21 26 73 53 50
21 27 67 41 81
21 28 66 76 63
21 29 46 72 44
21 30 11 22 44
21 31 75 47 86
21 32 34 46 31
21 33 64 39 54
21 34 60 37 80
21 35 94 56 91
21 36 76 84 81
21 37 42 63 31
21 38 63 53 59
21 39 56 41 33
21 40 56 33 59
21 41 77 64 59
21 42 79 70 71
21 43 97 71 70
21 44 72 47 63
21 45 63 42 39
21 46 36 57 67
21 47 80 59 73
21 48 39 32 52
21 49 75 52 69
22 23 54 66 41
22 24 67 79 38
22 25 52 39 32
22 26 43 30 27
22 27 99 85 91
22 28 72 68 64
22 29 55 35 33
22 30 14 43 32
22 31 28 54 54
22 32 37 56 64
22 33 26 16 25
22 34 57 73 40
22 35 90 65 57
22 36 97 65 55
22 37 34 35 54
22 38 85 84 77
22 39 51 61 58
22 40 95 90 51
22 41 24 44 44
22 42 79 65 42
22 43 76 48 73
22 44 9 10 35
22 45 16 54 16
22 46 17 50 26
22 47 51 74 65
22 48 22 35 19
22 49 90 66 70
23 24 55 75 62
23 25 12 15 33
23 26 32 57 42
23 27 93 76 64
23 28 78 85 55
23 29 52 60 56
23 30 40 24 31
23 31 18 35 44
23 32 13 17 35
23 33 62 40 41
23 34 93 89 61
23 35 7 25 52
23 36 34 37 45
23 37 70 46 65
23 38 99 66 58
23 39 49 40 49
23 40 97 58 95
23 41 2 22 31
23 42 10 29 46
23 43 19 9 53
23 44 18 49 42
23 45 28 52 34
23 46 56 47 61
23 47 10 28 39
23 48 27 17 54
23 49 47 33 55
24 25 35 44 38
24 26 40 49 67
24 27 35 56 60
24 28 84 90 91
24 29 25 28 25
24 30 0 24 25
24 31 31 23 64
24 32 85 63 49
24 33 10 23 30
24 34 94 53 82
24 35 72 75 66
24 36 8 48 11
24 37 79 47 44
24 38 62 41 65
24 39 29 59 25
24 40 81 65 57
24 41 42 34 55
24 42 66 47 63
24 43 14 47 49
24 44 41 45 39
24 45 40 49 65
24 46 73 54 76
24 47 64 78 62
24 48 21 28 40
24 49 48 59 65
25 26 9 32 17
25 27 34 62 24
25 28 61 74 56
25 29 32 47 24
25 30 43 35 48
25 31 63 35 48
25 32 50 71 57
25 33 36 23 31
25 34 52 32 33
25 35 78 71 45
25 36 94 67 67
25 37 22 46 34
25 38 72 55 56
25 39 49 52 47
25 40 59 76 57
25 41 58 37 50
25 42 45 63 52
25 43 80 60 41
25 44 27 25 26
25 45 71 71 54
25 46 54 54 32
25 47 18 57 55
25 48 7 44 5
25 49 82 85 83
26 27 72 45 41
26 28 13 51 11
26 29 5 34 41
26 30 4 13 22
26 31 39 58 63
26 32 46 54 26
26 33 94 67 77
26 34 96 78 65
26 35 1 36 2
26 36 95 65 65
26 37 47 40 25
26 38 5 47 9
26 39 69 76 39
26 40 91 57 56
26 41 81 56 75
26 42 31 58 57
26 43 0 10 23
26 44 52 64 34
26 45 24 59 15
26 46 68 77 83
26 47 30 42 46
26 48 48 59 63
26 49 11 47 16
27 28 73 84 48
27 29 58 68 65
27 30 46 40 39
27 31 25 47 33
27 32 62 51 57
27 33 75 69 84
27 34 79 66 53
27 35 61 79 36
27 36 39 21 66
27 37 27 47 31
27 38 52 54 42
27 39 14 19 54
27 40 35 43 20
27 41 45 43 42
27 42 96 95 60
27 43 74 73 82
27 44 75 60 54
27 45 42 65 56
27 46 65 72 75
27 47 50 31 64
27 48 99 83 60
27 49 86 85 49
28 29 51 41 27
28 30 68 35 83
28 31 38 50 24
28 32 95 96 77
28 33 50 28 65
28 34 41 51 44
28 35 96 70 66
28 36 8 36 16
28 37 25 52 48
28 38 40 22 41
28 39 13 53 13
28 40 44 59 60
28 41 52 55 26
28 42 43 21 66
28 43 47 43 60
28 44 66 34 36
28 45 9 11 11
28 46 46 44 46
28 47 67 76 55
28 48 69 38 59
28 49 63 81 62
29 30 46 66 51
29 31 57 33 42
29 32 56 31 70
29 33 92 75 77
29 34 26 25 37
29 35 51 45 35
29 36 45 50 38
29 37 22 57 34
29 38 30 19 48
29 39 52 33 69
29 40 92 68 72
29 41 12 11 20
29 42 38 33 19
29 43 76 81 43
29 44 79 74 62
29 45 74 57 82
29 46 91 89 51
29 47 79 82 76
29 48 17 27 45
29 49 21 31 60
30 31 97 51 82
30 32 99 87 89
30 33 30 63 42
30 34 72 55 50
30 35 69 69 64
30 36 83 52 63
30 37 52 30 60
30 38 19 21 49
30 39 10 13 28
30 40 77 41 69
30 41 31 62 56
30 42 8 9 15
30 43 91 84 85
30 44 92 71 87
30 45 60 39 40
30 46 69 50 57
30 47 60 35 70
30 48 42 42 40
30 49 67 67 36
31 32 96 51 58
31 33 51 47 28
31 34 73 85 50
31 35 3 35 21
31 36 95 54 61
31 37 95 57 48
31 38 50 47 57
31 39 68 80 58
31 40 74 84 45
31 41 32 51 28
31 42 57 34 72
31 43 21 23 51
31 44 46 70 65
31 45 18 48 36
31 46 60 71 67
31 47 32 46 29
31 48 73 58 77
31 49 86 91 81
32 33 54 73 61
32 34 54 36 69
32 35 72 73 66
32 36 94 72 82
32 37 50 68 59
32 38 34 40 63
32 39 62 73 49
32 40 6 5 24
32 41 58 75 33
32 42 5 14 23
32 43 95 71 77
32 44 41 63 53
32 45 56 56 68
32 46 37 27 44
32 47 79 52 41
32 48 29 62 20
32 49 7 20 17
33 34 52 39 52
33 35 76 58 62
33 36 81 56 52
33 37 39 54 67
33 38 32 25 65
33 39 37 63 32
33 40 21 60 47
33 41 2 32 18
33 42 30 54 27
33 43 10 10 53
33 44 70 57 58
33 45 9 39 39
33 46 84 82 86
33 47 8 23 30
33 48 54 55 59
33 49 63 47 38
34 35 31 54 29
34 36 62 52 46
34 37 53 40 69
34 38 20 49 21
34 39 62 61 58
34 40 52 44 31
34 41 1 49 9
34 42 36 47 38
34 43 52 49 56
34 44 78 53 48
34 45 99 60 92
34 46 65 60 74
34 47 90 92 83
34 48 53 33 34
34 49 92 52 76
35 36 92 62 68
35 37 98 76 59
35 38 80 72 61
35 39 96 76 57
35 40 66 78 56
35 41 53 59 43
35 42 49 46 35
35 43 24 14 47
35 44 47 64 47
35 45 77 42 48
35 46 46 23 71
35 47 6 34 30
35 48 57 61 35
35 49 86 82 75
36 37 98 84 74
36 38 45 28 41
36 39 39 23 43
36 40 77 85 83
36 41 98 90 67
36 42 36 49 66
36 43 51 55 63
36 44 21 57 18
36 45 15 43 13
36 46 50 44 30
36 47 1 35 9
36 48 68 80 34
36 49 76 85 53
37 38 42 26 42
37 39 45 61 58
37 40 34 47 61
37 41 98 78 68
37 42 84 59 42
37 43 27 49 29
37 44 80 51 42
37 45 69 50 36
37 46 81 57 69
37 47 12 49 21
37 48 98 63 94
37 49 42 52 28
38 39 62 64 61
38 40 23 30 39
38 41 18 17 23
38 42 84 78 90
38 43 83 68 45
38 44 88 78 55
38 45 11 25 52
38 46 42 27 39
38 47 83 84 57
38 48 13 30 8
38 49 98 86 56
39 40 34 51 43
39 41 93 51 64
39 42 71 84 54
39 43 22 33 15
39 44 51 46 66
39 45 13 30 16
39 46 73 48 43
39 47 59 40 59
39 48 83 85 81
39 49 99 96 97
40 41 70 84 64
40 42 60 37 72
40 43 31 56 27
40 44 37 57 22
40 45 74 37 76
40 46 57 39 68
40 47 47 43 47
40 48 40 47 62
40 49 76 65 69
41 42 62 38 74
41 43 57 40 64
41 44 5 4 42
41 45 50 31 63
41 46 83 51 72
41 47 30 23 37
41 48 94 49 66
41 49 64 61 76
42 43 60 78 34
42 44 52 73 69
42 45 43 68 48
42 46 12 12 12
42 47 86 48 58
42 48 2 42 12
42 49 41 64 37
43 44 56 44 56
43 45 9 36 6
43 46 32 47 19
43 47 0 9 7
43 48 4 30 27
43 49 67 79 48
44 45 14 38 20
44 46 42 37 59
44 47 25 54 40
44 48 54 53 44
44 49 75 66 84
45 46 16 57 58
45 47 38 19 28
45 48 43 51 27
45 49 74 42 75
46 47 90 71 67
46 48 36 35 29
46 49 22 32 52
47 48 11 50 36
47 49 42 54 53
48 49 8 37 47
