12 16
0 1 14 48
0 6 73 45
1 2 97 66
1 7 91 83
2 3 34 49
2 8 65 44
3 4 1 38
3 9 25 42
4 5 87 71
4 10 49 65
5 11 37 26
6 7 36 25
7 8 30 42
8 9 91 91
9 10 34 41
10 11 77 75
0 1
0 2
0 3
0 4
0 5
0 7
0 8
0 9
0 10
0 11
0 12
0 13
0 14
0 15
1 2
1 3
1 8
1 13
1 15
3 2
3 13
4 1
4 2
4 3
4 5
4 8
4 9
4 10
4 11
4 13
4 15
5 1
5 2
5 3
5 8
5 13
5 15
6 0
6 1
6 2
6 3
6 4
6 5
6 7
6 8
6 9
6 10
6 11
6 12
6 13
6 14
6 15
7 1
7 2
7 3
7 4
7 5
7 8
7 9
7 10
7 11
7 12
7 13
7 14
7 15
8 2
8 3
8 13
9 1
9 2
9 3
9 5
9 8
9 13
9 15
10 1
10 2
10 3
10 5
10 8
10 9
10 13
10 15
11 1
11 2
11 3
11 5
11 8
11 9
11 10
11 13
11 15
12 1
12 2
12 3
12 4
12 5
12 8
12 9
12 10
12 11
12 13
12 14
12 15
13 2
14 1
14 2
14 3
14 4
14 5
14 8
14 9
14 10
14 11
14 13
14 15
15 2
15 3
15 8
15 13
