20 28
0 1 98 65
0 10 78 83
1 2 94 67
1 11 89 74
2 3 70 62
2 12 75 68
3 4 59 60
3 13 5 7
4 5 16 48
4 14 18 31
5 6 32 58
5 15 3 14
6 7 85 83
6 16 31 35
7 8 35 47
7 17 38 48
8 9 54 52
8 18 81 62
9 19 61 50
10 11 54 58
11 12 55 48
12 13 49 49
13 14 85 85
14 15 48 54
15 16 67 71
16 17 99 92
17 18 24 29
18 19 25 54
0 25
1 12
1 22
1 25
2 25
3 25
4 0
4 1
4 2
4 3
4 5
4 12
4 17
4 22
4 25
5 1
5 3
5 12
5 22
5 25
6 0
6 1
6 2
6 3
6 4
6 5
6 12
6 17
6 22
6 24
6 25
7 0
7 1
7 2
7 3
7 4
7 5
7 6
7 8
7 9
7 10
7 12
7 13
7 14
7 15
7 16
7 17
7 18
7 19
7 20
7 21
7 22
7 23
7 24
7 25
7 26
7 27
8 0
8 1
8 2
8 3
8 4
8 5
8 6
8 10
8 12
8 15
8 16
8 17
8 18
8 19
8 20
8 21
8 22
8 23
8 24
8 25
8 27
9 0
9 1
9 2
9 3
9 4
9 5
9 6
9 10
9 12
9 13
9 14
9 15
9 16
9 17
9 18
9 19
9 20
9 21
9 22
9 23
9 24
9 25
9 27
10 0
10 1
10 2
10 3
10 4
10 5
10 6
10 12
10 17
10 19
10 22
10 24
10 25
11 0
11 1
11 2
11 3
11 4
11 5
11 6
11 8
11 9
11 10
11 12
11 13
11 14
11 15
11 16
11 17
11 18
11 19
11 20
11 21
11 22
11 23
11 24
11 25
11 26
11 27
12 22
12 25
13 0
13 1
13 2
13 3
13 4
13 5
13 6
13 10
13 12
13 14
13 15
13 16
13 17
13 18
13 19
13 20
13 21
13 22
13 23
13 24
13 25
14 0
14 1
14 2
14 3
14 4
14 5
14 6
14 12
14 15
14 16
14 17
14 18
14 19
14 20
14 21
14 22
14 23
14 24
14 25
15 0
15 1
15 2
15 3
15 4
15 5
15 6
15 12
15 16
15 17
15 18
15 19
15 20
15 21
15 22
15 23
15 24
15 25
16 0
16 1
16 2
16 3
16 4
16 5
16 6
16 12
16 17
16 19
16 22
16 24
16 25
17 0
17 2
17 3
17 12
17 22
17 25
18 0
18 1
18 2
18 3
18 4
18 5
18 12
18 17
18 22
18 24
18 25
19 0
19 1
19 2
19 3
19 4
19 5
19 6
19 12
19 17
19 22
19 24
19 25
20 0
20 1
20 2
20 3
20 4
20 5
20 6
20 12
20 17
20 18
20 22
20 24
20 25
21 0
21 1
21 2
21 3
21 4
21 5
21 6
21 12
21 16
21 17
21 18
21 19
21 22
21 24
21 25
22 25
23 0
23 1
23 2
23 3
23 4
23 5
23 6
23 12
23 17
23 19
23 22
23 24
23 25
24 1
24 3
24 12
24 22
24 25
26 0
26 1
26 2
26 3
26 4
26 5
26 6
26 10
26 12
26 13
26 14
26 15
26 16
26 17
26 18
26 19
26 20
26 21
26 22
26 23
26 24
26 25
26 27
27 0
27 1
27 2
27 3
27 4
27 5
27 6
27 10
27 12
27 17
27 19
27 22
27 23
27 24
27 25
