27 42
0 1 21 24
0 9 66 43
1 2 69 75
1 10 65 79
2 3 31 58
2 11 89 62
3 4 83 61
3 12 79 70
4 5 73 57
4 13 44 29
5 6 37 52
5 14 81 75
6 7 61 51
6 15 33 31
7 8 32 49
7 16 28 48
8 17 82 85
9 10 25 45
9 18 39 38
10 11 71 60
10 19 56 51
11 12 5 6
11 20 38 48
12 13 63 51
12 21 3 36
13 14 55 72
13 22 12 29
14 15 93 76
14 23 42 32
15 16 70 47
15 24 81 64
16 17 96 87
16 25 82 61
17 26 9 13
18 19 41 48
19 20 12 27
20 21 10 12
21 22 19 19
22 23 19 50
23 24 84 51
24 25 58 44
25 26 79 63
0 1
0 2
0 3
0 4
0 5
0 6
0 7
0 8
0 9
0 10
0 11
0 12
0 13
0 14
0 15
0 16
0 17
0 18
0 19
0 20
0 22
0 23
0 25
0 27
0 28
0 29
0 30
0 31
0 32
0 34
0 39
0 40
0 41
1 2
1 5
1 6
1 7
1 8
1 11
1 16
1 19
1 27
1 29
1 30
1 31
1 32
1 39
1 41
2 5
2 6
2 7
2 8
2 11
2 16
2 19
2 27
2 29
2 30
2 31
2 32
2 39
2 41
3 1
3 2
3 5
3 6
3 7
3 8
3 11
3 16
3 19
3 27
3 29
3 30
3 31
3 32
3 39
3 41
4 1
4 2
4 3
4 5
4 6
4 7
4 8
4 9
4 10
4 11
4 12
4 13
4 14
4 16
4 18
4 19
4 20
4 22
4 23
4 25
4 27
4 28
4 29
4 30
4 31
4 32
4 34
4 39
4 40
4 41
5 27
5 31
6 5
6 27
6 31
6 39
7 5
7 6
7 11
7 16
7 27
7 30
7 31
7 32
7 39
8 5
8 6
8 7
8 11
8 16
8 27
8 30
8 31
8 32
8 39
8 41
9 1
9 2
9 3
9 5
9 6
9 7
9 8
9 11
9 12
9 16
9 19
9 20
9 23
9 25
9 27
9 29
9 30
9 31
9 32
9 39
9 40
9 41
10 1
10 2
10 3
10 5
10 6
10 7
10 8
10 9
10 11
10 12
10 16
10 18
10 19
10 20
10 22
10 23
10 25
10 27
10 28
10 29
10 30
10 31
10 32
10 34
10 39
10 40
10 41
11 5
11 6
11 16
11 27
11 31
11 32
11 39
12 1
12 2
12 3
12 5
12 6
12 7
12 8
12 11
12 16
12 19
12 23
12 27
12 29
12 30
12 31
12 32
12 39
12 41
13 1
13 2
13 3
13 5
13 6
13 7
13 8
13 9
13 10
13 11
13 12
13 16
13 18
13 19
13 20
13 22
13 23
13 25
13 27
13 28
13 29
13 30
13 31
13 32
13 34
13 39
13 40
13 41
14 1
14 2
14 3
14 5
14 6
14 7
14 8
14 9
14 10
14 11
14 12
14 13
14 16
14 18
14 19
14 20
14 22
14 23
14 25
14 27
14 28
14 29
14 30
14 31
14 32
14 34
14 39
14 40
14 41
15 1
15 2
15 3
15 4
15 5
15 6
15 7
15 8
15 9
15 10
15 11
15 12
15 13
15 14
15 16
15 18
15 19
15 20
15 22
15 23
15 25
15 27
15 28
15 29
15 30
15 31
15 32
15 34
15 39
15 40
15 41
16 5
16 6
16 27
16 31
16 39
17 1
17 2
17 3
17 4
17 5
17 6
17 7
17 8
17 9
17 10
17 11
17 12
17 13
17 14
17 15
17 16
17 18
17 19
17 20
17 22
17 23
17 25
17 27
17 28
17 29
17 30
17 31
17 32
17 34
17 39
17 40
17 41
18 1
18 2
18 3
18 5
18 6
18 7
18 8
18 9
18 11
18 12
18 16
18 19
18 20
18 23
18 25
18 27
18 28
18 29
18 30
18 31
18 32
18 34
18 39
18 40
18 41
19 5
19 6
19 7
19 8
19 11
19 16
19 27
19 30
19 31
19 32
19 39
19 41
20 1
20 2
20 3
20 5
20 6
20 7
20 8
20 11
20 12
20 16
20 19
20 23
20 27
20 29
20 30
20 31
20 32
20 39
20 40
20 41
21 0
21 1
21 2
21 3
21 4
21 5
21 6
21 7
21 8
21 9
21 10
21 11
21 12
21 13
21 14
21 15
21 16
21 17
21 18
21 19
21 20
21 22
21 23
21 25
21 26
21 27
21 28
21 29
21 30
21 31
21 32
21 33
21 34
21 35
21 36
21 37
21 38
21 39
21 40
21 41
22 1
22 2
22 3
22 5
22 6
22 7
22 8
22 9
22 11
22 12
22 16
22 18
22 19
22 20
22 23
22 25
22 27
22 28
22 29
22 30
22 31
22 32
22 34
22 39
22 40
22 41
23 1
23 2
23 3
23 5
23 6
23 7
23 8
23 11
23 16
23 19
23 27
23 29
23 30
23 31
23 32
23 39
23 41
24 0
24 1
24 2
24 3
24 4
24 5
24 6
24 7
24 8
24 9
24 10
24 11
24 12
24 13
24 14
24 15
24 16
24 17
24 18
24 19
24 20
24 21
24 22
24 23
24 25
24 26
24 27
24 28
24 29
24 30
24 31
24 32
24 33
24 34
24 35
24 36
24 37
24 38
24 39
24 40
24 41
25 1
25 2
25 3
25 5
25 6
25 7
25 8
25 11
25 12
25 16
25 19
25 20
25 23
25 27
25 29
25 30
25 31
25 32
25 39
25 40
25 41
26 0
26 1
26 2
26 3
26 4
26 5
26 6
26 7
26 8
26 9
26 10
26 11
26 12
26 13
26 14
26 15
26 16
26 17
26 18
26 19
26 20
26 22
26 23
26 25
26 27
26 28
26 29
26 30
26 31
26 32
26 34
26 37
26 38
26 39
26 40
26 41
27 31
28 1
28 2
28 3
28 5
28 6
28 7
28 8
28 9
28 11
28 12
28 16
28 19
28 20
28 23
28 25
28 27
28 29
28 30
28 31
28 32
28 39
28 40
28 41
29 5
29 6
29 7
29 8
29 11
29 16
29 19
29 27
29 30
29 31
29 32
29 39
29 41
30 5
30 6
30 11
30 16
30 27
30 31
30 32
30 39
32 5
32 6
32 16
32 27
32 31
32 39
33 0
33 1
33 2
33 3
33 4
33 5
33 6
33 7
33 8
33 9
33 10
33 11
33 12
33 13
33 14
33 15
33 16
33 17
33 18
33 19
33 20
33 22
33 23
33 25
33 26
33 27
33 28
33 29
33 30
33 31
33 32
33 34
33 35
33 36
33 37
33 38
33 39
33 40
33 41
34 1
34 2
34 3
34 5
34 6
34 7
34 8
34 9
34 11
34 12
34 16
34 19
34 20
34 23
34 25
34 27
34 28
34 29
34 30
34 31
34 32
34 39
34 40
34 41
35 0
35 1
35 2
35 3
35 4
35 5
35 6
35 7
35 8
35 9
35 10
35 11
35 12
35 13
35 14
35 15
35 16
35 17
35 18
35 19
35 20
35 22
35 23
35 25
35 26
35 27
35 28
35 29
35 30
35 31
35 32
35 34
35 37
35 38
35 39
35 40
35 41
36 0
36 1
36 2
36 3
36 4
36 5
36 6
36 7
36 8
36 9
36 10
36 11
36 12
36 13
36 14
36 15
36 16
36 17
36 18
36 19
36 20
36 22
36 23
36 25
36 26
36 27
36 28
36 29
36 30
36 31
36 32
36 34
36 35
36 37
36 38
36 39
36 40
36 41
37 0
37 1
37 2
37 3
37 4
37 5
37 6
37 7
37 8
37 9
37 10
37 11
37 12
37 13
37 14
37 15
37 16
37 17
37 18
37 19
37 20
37 22
37 23
37 25
37 27
37 28
37 29
37 30
37 31
37 32
37 34
37 38
37 39
37 40
37 41
38 0
38 1
38 2
38 3
38 4
38 5
38 6
38 7
38 8
38 9
38 10
38 11
38 12
38 13
38 14
38 15
38 16
38 17
38 18
38 19
38 20
38 22
38 23
38 25
38 27
38 28
38 29
38 30
38 31
38 32
38 34
38 39
38 40
38 41
39 5
39 27
39 31
40 1
40 2
40 3
40 5
40 6
40 7
40 8
40 11
40 12
40 16
40 19
40 23
40 27
40 29
40 30
40 31
40 32
40 39
40 41
41 5
41 6
41 7
41 11
41 16
41 27
41 30
41 31
41 32
41 39
