0 1 8 75
0 2 77 56
0 3 34 49
0 4 28 50
0 5 51 35
0 6 61 24
0 7 49 28
0 8 36 79
0 9 52 42
0 10 38 64
0 11 34 66
0 12 20 42
0 13 94 38
0 14 16 90
0 15 3 52
0 16 70 21
0 17 15 52
0 18 65 49
0 19 99 50
0 20 56 37
0 21 50 62
0 22 68 26
0 23 88 28
0 24 82 35
0 25 48 52
0 26 71 17
0 27 93 8
0 28 90 11
0 29 92 23
0 30 64 26
0 31 13 64
0 32 61 25
0 33 55 28
0 34 49 57
1 2 89 13
1 3 91 52
1 4 98 2
1 5 35 61
1 6 63 33
1 7 53 50
1 8 44 52
1 9 39 41
1 10 33 63
1 11 4 66
1 12 17 45
1 13 37 73
1 14 34 54
1 15 8 71
1 16 43 69
1 17 33 59
1 18 75 32
1 19 56 41
1 20 6 66
1 21 48 61
1 22 60 33
1 23 32 42
1 24 93 28
1 25 99 33
1 26 70 60
1 27 79 43
1 28 30 65
1 29 95 21
1 30 24 44
1 31 30 42
1 32 74 18
1 33 69 52
1 34 25 43
2 3 33 40
2 4 92 7
2 5 74 45
2 6 42 28
2 7 53 34
2 8 2 92
2 9 83 25
2 10 28 81
2 11 56 61
2 12 61 51
2 13 28 39
2 14 72 22
2 15 89 8
2 16 96 14
2 17 38 72
2 18 59 28
2 19 100 49
2 20 97 40
2 21 95 4
2 22 27 67
2 23 9 51
2 24 92 40
2 25 21 84
2 26 25 81
2 27 36 46
2 28 82 52
2 29 87 52
2 30 24 45
2 31 45 71
2 32 66 40
2 33 13 76
2 34 66 56
3 4 33 70
3 5 82 11
3 6 44 39
3 7 43 56
3 8 78 53
3 9 88 28
3 10 54 51
3 11 10 65
3 12 44 59
3 13 40 36
3 14 21 56
3 15 85 49
3 16 81 21
3 17 46 33
3 18 4 96
3 19 21 60
3 20 63 49
3 21 32 83
3 22 57 34
3 23 89 6
3 24 25 74
3 25 48 30
3 26 59 28
3 27 59 57
3 28 51 40
3 29 84 31
3 30 48 71
3 31 10 54
3 32 21 69
3 33 7 71
3 34 61 38
4 5 85 26
4 6 69 59
4 7 46 66
4 8 100 50
4 9 40 76
4 10 38 74
4 11 83 22
4 12 18 77
4 13 94 53
4 14 96 9
4 15 11 82
4 16 14 62
4 17 22 86
4 18 50 46
4 19 28 60
4 20 62 36
4 21 28 83
4 22 73 55
4 23 91 38
4 24 77 50
4 25 19 90
4 26 13 46
4 27 56 69
4 28 66 27
4 29 40 42
4 30 33 47
4 31 59 52
4 32 90 43
4 33 11 91
4 34 56 39
5 6 98 30
5 7 9 87
5 8 74 42
5 9 67 62
5 10 43 47
5 11 51 39
5 12 20 42
5 13 67 31
5 14 69 28
5 15 19 85
5 16 17 57
5 17 84 17
5 18 50 68
5 19 72 49
5 20 71 33
5 21 77 55
5 22 80 49
5 23 76 47
5 24 87 18
5 25 79 28
5 26 81 21
5 27 28 36
5 28 98 34
5 29 28 73
5 30 86 53
5 31 36 64
5 32 47 56
5 33 49 46
5 34 13 48
6 7 85 14
6 8 32 36
6 9 74 32
6 10 23 55
6 11 55 64
6 12 37 63
6 13 8 53
6 14 24 73
6 15 89 16
6 16 82 39
6 17 95 9
6 18 85 56
6 19 56 37
6 20 46 32
6 21 65 55
6 22 89 43
6 23 64 67
6 24 65 51
6 25 97 39
6 26 44 74
6 27 37 75
6 28 66 63
6 29 99 28
6 30 45 53
6 31 93 4
6 32 66 55
6 33 85 53
6 34 7 67
7 8 56 38
7 9 80 14
7 10 73 30
7 11 95 28
7 12 84 38
7 13 54 56
7 14 61 21
7 15 56 34
7 16 93 10
7 17 60 48
7 18 55 59
7 19 21 61
7 20 80 51
7 21 80 18
7 22 96 24
7 23 79 20
7 24 27 39
7 25 59 60
7 26 27 56
7 27 50 30
7 28 20 69
7 29 23 50
7 30 77 24
7 31 3 70
7 32 24 72
7 33 66 62
7 34 87 28
8 9 27 68
8 10 53 70
8 11 98 4
8 12 56 71
8 13 69 17
8 14 21 41
8 15 8 46
8 16 87 20
8 17 9 81
8 18 51 39
8 19 63 49
8 20 4 71
8 21 37 65
8 22 81 57
8 23 51 56
8 24 21 69
8 25 80 27
8 26 95 28
8 27 4 54
8 28 36 76
8 29 71 40
8 30 84 9
8 31 1 73
8 32 98 46
8 33 6 55
8 34 48 56
9 10 41 79
9 11 94 15
9 12 68 28
9 13 70 51
9 14 13 66
9 15 36 42
9 16 60 46
9 17 44 56
9 18 38 62
9 19 26 45
9 20 48 50
9 21 84 30
9 22 40 77
9 23 75 46
9 24 24 57
9 25 31 64
9 26 61 42
9 27 79 55
9 28 14 81
9 29 1 59
9 30 10 79
9 31 64 28
9 32 68 42
9 33 9 94
9 34 21 75
10 11 28 77
10 12 65 65
10 13 1 75
10 14 1 51
10 15 11 83
10 16 82 20
10 17 55 43
10 18 60 34
10 19 87 54
10 20 74 28
10 21 12 73
10 22 28 64
10 23 93 13
10 24 51 57
10 25 10 60
10 26 94 18
10 27 0 75
10 28 28 68
10 29 3 97
10 30 12 49
10 31 35 53
10 32 85 37
10 33 49 63
10 34 27 56
11 12 52 37
11 13 89 45
11 14 72 20
11 15 32 68
11 16 22 51
11 17 12 78
11 18 96 20
11 19 99 16
11 20 8 70
11 21 70 16
11 22 85 42
11 23 30 67
11 24 77 22
11 25 13 44
11 26 93 17
11 27 48 48
11 28 31 79
11 29 31 64
11 30 92 48
11 31 68 47
11 32 55 47
11 33 94 36
11 34 59 69
12 13 31 75
12 14 3 59
12 15 27 79
12 16 82 54
12 17 36 49
12 18 69 50
12 19 6 57
12 20 2 70
12 21 2 50
12 22 95 10
12 23 96 48
12 24 45 37
12 25 24 83
12 26 16 64
12 27 66 39
12 28 85 56
12 29 36 44
12 30 32 77
12 31 97 50
12 32 25 56
12 33 42 79
12 34 68 28
13 14 34 76
13 15 10 83
13 16 56 66
13 17 20 64
13 18 82 42
13 19 68 33
13 20 6 55
13 21 49 32
13 22 21 61
13 23 55 35
13 24 12 55
13 25 25 86
13 26 27 81
13 27 7 49
13 28 52 59
13 29 66 52
13 30 75 16
13 31 27 62
13 32 97 10
13 33 11 51
13 34 73 37
14 15 57 43
14 16 99 2
14 17 9 68
14 18 77 42
14 19 68 54
14 20 3 71
14 21 33 80
14 22 21 54
14 23 13 93
14 24 98 30
14 25 33 50
14 26 30 56
14 27 24 73
14 28 72 32
14 29 52 62
14 30 4 65
14 31 8 57
14 32 8 77
14 33 3 60
14 34 59 44
15 16 69 57
15 17 30 60
15 18 57 26
15 19 20 82
15 20 75 14
15 21 11 71
15 22 18 50
15 23 75 31
15 24 96 24
15 25 47 31
15 26 10 75
15 27 63 21
15 28 0 50
15 29 91 35
15 30 81 11
15 31 21 77
15 32 1 98
15 33 67 20
15 34 82 45
16 17 14 59
16 18 33 63
16 19 43 70
16 20 17 53
16 21 51 71
16 22 52 41
16 23 77 53
16 24 70 57
16 25 75 25
16 26 90 13
16 27 61 69
16 28 22 47
16 29 55 61
16 30 52 52
16 31 53 62
16 32 54 48
16 33 0 52
16 34 95 35
17 18 75 34
17 19 8 91
17 20 76 45
17 21 32 56
17 22 53 55
17 23 12 66
17 24 86 44
17 25 20 57
17 26 93 24
17 27 45 34
17 28 16 88
17 29 98 2
17 30 21 65
17 31 25 42
17 32 76 30
17 33 7 64
17 34 15 59
18 19 47 67
18 20 3 70
18 21 96 38
18 22 49 56
18 23 86 52
18 24 27 41
18 25 43 49
18 26 47 35
18 27 68 65
18 28 95 28
18 29 46 41
18 30 73 20
18 31 51 56
18 32 5 56
18 33 57 28
18 34 38 49
19 20 23 42
19 21 69 23
19 22 71 35
19 23 28 77
19 24 8 70
19 25 52 26
19 26 95 21
19 27 97 32
19 28 64 64
19 29 34 71
19 30 34 43
19 31 4 80
19 32 51 33
19 33 36 36
19 34 97 44
20 21 74 40
20 22 51 68
20 23 38 72
20 24 87 48
20 25 88 20
20 26 71 27
20 27 40 64
20 28 50 38
20 29 74 57
20 30 39 59
20 31 93 54
20 32 60 36
20 33 35 44
20 34 14 90
21 22 6 76
21 23 72 14
21 24 99 3
21 25 50 35
21 26 30 47
21 27 34 45
21 28 71 33
21 29 80 38
21 30 57 27
21 31 25 73
21 32 46 39
21 33 56 62
21 34 43 51
22 23 97 28
22 24 54 37
22 25 3 80
22 26 36 39
22 27 26 44
22 28 86 18
22 29 38 38
22 30 27 40
22 31 43 51
22 32 89 41
22 33 63 20
22 34 11 90
23 24 22 46
23 25 55 23
23 26 40 64
23 27 15 61
23 28 53 65
23 29 56 28
23 30 17 61
23 31 75 47
23 32 52 67
23 33 77 33
23 34 34 73
24 25 23 84
24 26 92 28
24 27 54 26
24 28 97 47
24 29 9 67
24 30 44 65
24 31 24 76
24 32 49 67
24 33 36 76
24 34 78 21
25 26 54 38
25 27 100 19
25 28 7 83
25 29 44 43
25 30 12 64
25 31 65 54
25 32 6 66
25 33 66 20
25 34 16 55
26 27 80 31
26 28 99 9
26 29 39 61
26 30 92 13
26 31 57 21
26 32 6 70
26 33 44 36
26 34 1 79
27 28 55 28
27 29 33 54
27 30 68 46
27 31 80 24
27 32 5 51
27 33 65 28
27 34 13 93
28 29 77 56
28 30 77 34
28 31 38 75
28 32 87 12
28 33 43 66
28 34 27 79
29 30 57 23
29 31 61 39
29 32 65 60
29 33 12 49
29 34 87 8
30 31 74 24
30 32 43 68
30 33 75 22
30 34 32 80
31 32 57 54
31 33 67 28
31 34 97 5
32 33 17 84
32 34 5 84
33 34 2 97
