33
0 1 38 76
0 11 99 15
1 2 34 68
1 12 99 2
2 3 63 27
2 13 44 41
3 4 22 83
3 14 93 17
4 5 80 31
4 15 20 62
5 6 48 38
5 16 48 47
6 7 70 36
6 17 17 75
7 8 5 77
7 18 79 36
8 9 38 49
8 19 22 77
9 10 55 66
9 20 56 54
10 21 84 34
11 12 46 51
11 22 65 36
12 13 74 42
12 23 6 78
13 14 10 80
13 24 29 78
14 15 69 41
14 25 26 56
15 16 25 49
15 26 67 26
16 17 91 24
16 27 96 20
17 18 16 64
17 28 50 61
18 19 63 28
18 29 98 17
19 20 78 16
19 30 96 20
20 21 34 77
20 31 11 61
21 32 76 20
22 23 78 23
23 24 85 48
24 25 16 80
25 26 77 28
26 27 47 56
27 28 63 59
28 29 48 67
29 30 58 45
30 31 49 32
31 32 6 62
