36
0 1 38 76
0 12 99 15
1 2 34 68
1 13 99 2
2 3 63 27
2 14 44 41
3 4 22 83
3 15 93 17
4 5 80 31
4 16 20 62
5 6 48 38
5 17 48 47
6 7 70 36
6 18 17 75
7 8 5 77
7 19 79 36
8 9 38 49
8 20 22 77
9 10 55 66
9 21 56 54
10 11 84 34
10 22 46 51
11 23 65 36
12 13 74 42
12 24 6 78
13 14 10 80
13 25 29 78
14 15 69 41
14 26 26 56
15 16 25 49
15 27 67 26
16 17 91 24
16 28 96 20
17 18 16 64
17 29 50 61
18 19 63 28
18 30 98 17
19 20 78 16
19 31 96 20
20 21 34 77
20 32 11 61
21 22 76 20
21 33 78 23
22 23 85 48
22 34 16 80
23 35 77 28
24 25 47 56
25 26 63 59
26 27 48 67
27 28 58 45
28 29 49 32
29 30 6 62
30 31 75 26
31 32 21 60
32 33 19 83
33 34 74 50
34 35 98 4
