38
0 1 93 35
0 19 88 22
1 2 3 78
1 20 5 75
2 3 62 52
2 21 41 58
3 4 75 53
3 22 31 53
4 5 23 53
4 23 93 11
5 6 69 44
5 24 25 67
6 7 45 71
6 25 46 46
7 8 51 47
7 26 0 63
8 9 16 58
8 27 10 92
9 10 47 69
9 28 10 54
10 11 72 36
10 29 5 58
11 12 21 84
11 30 14 53
12 13 43 64
12 31 51 60
13 14 32 52
13 32 91 34
14 15 86 11
14 33 75 32
15 16 73 33
15 34 74 42
16 17 68 37
16 35 56 50
17 18 46 70
17 36 98 32
18 37 56 54
19 20 94 16
20 21 44 68
21 22 30 56
22 23 44 64
23 24 56 29
24 25 93 17
25 26 99 39
26 27 22 68
27 28 12 59
28 29 70 49
29 30 12 81
30 31 49 47
31 32 27 51
32 33 56 62
33 34 10 59
34 35 92 16
35 36 26 75
36 37 25 69
