50
0 1 38 76
0 10 99 15
1 2 34 68
1 11 99 2
2 3 63 27
2 12 44 41
3 4 22 83
3 13 93 17
4 5 80 31
4 14 20 62
5 6 48 38
5 15 48 47
6 7 70 36
6 16 17 75
7 8 5 77
7 17 79 36
8 9 38 49
8 18 22 77
9 19 55 66
10 11 56 54
10 20 84 34
11 12 46 51
11 21 65 36
12 13 74 42
12 22 6 78
13 14 10 80
13 23 29 78
14 15 69 41
14 24 26 56
15 16 25 49
15 25 67 26
16 17 91 24
16 26 96 20
17 18 16 64
17 27 50 61
18 19 63 28
18 28 98 17
19 29 78 16
20 21 96 20
20 30 34 77
21 22 11 61
21 31 76 20
22 23 78 23
22 32 85 48
23 24 16 80
23 33 77 28
24 25 47 56
24 34 63 59
25 26 48 67
25 35 58 45
26 27 49 32
26 36 6 62
27 28 75 26
27 37 21 60
28 29 19 83
28 38 74 50
29 39 98 4
30 31 20 55
30 40 8 83
31 32 90 14
31 41 91 9
32 33 78 48
32 42 44 64
33 34 85 32
33 43 16 69
34 35 89 38
34 44 67 26
35 36 48 44
35 45 11 83
36 37 52 43
36 46 6 66
37 38 83 13
37 47 60 26
38 39 16 73
38 48 35 46
39 49 35 75
40 41 94 23
41 42 59 53
42 43 92 42
43 44 42 48
44 45 67 26
45 46 17 83
46 47 98 26
47 48 85 41
48 49 99 15
