66
0 1 38 76
0 11 99 15
1 2 34 68
1 12 99 2
2 3 63 27
2 13 44 41
3 4 22 83
3 14 93 17
4 5 80 31
4 15 20 62
5 6 48 38
5 16 48 47
6 7 70 36
6 17 17 75
7 8 5 77
7 18 79 36
8 9 38 49
8 19 22 77
9 10 55 66
9 20 56 54
10 21 84 34
11 12 46 51
11 22 65 36
12 13 74 42
12 23 6 78
13 14 10 80
13 24 29 78
14 15 69 41
14 25 26 56
15 16 25 49
15 26 67 26
16 17 91 24
16 27 96 20
17 18 16 64
17 28 50 61
18 19 63 28
18 29 98 17
19 20 78 16
19 30 96 20
20 21 34 77
20 31 11 61
21 32 76 20
22 23 78 23
22 33 85 48
23 24 16 80
23 34 77 28
24 25 47 56
24 35 63 59
25 26 48 67
25 36 58 45
26 27 49 32
26 37 6 62
27 28 75 26
27 38 21 60
28 29 19 83
28 39 74 50
29 30 98 4
29 40 20 55
30 31 8 83
30 41 90 14
31 32 91 9
31 42 78 48
32 43 44 64
33 34 85 32
33 44 16 69
34 35 89 38
34 45 67 26
35 36 48 44
35 46 11 83
36 37 52 43
36 47 6 66
37 38 83 13
37 48 60 26
38 39 16 73
38 49 35 46
39 40 35 75
39 50 94 23
40 41 59 53
40 51 92 42
41 42 42 48
41 52 67 26
42 43 17 83
42 53 98 26
43 54 85 41
44 45 99 15
44 55 61 56
45 46 44 37
45 56 47 60
46 47 90 28
46 57 81 22
47 48 12 57
47 58 73 17
48 49 44 66
48 59 69 49
49 50 35 76
49 60 56 36
50 51 23 64
50 61 4 72
51 52 46 45
51 62 61 60
52 53 2 76
52 63 76 25
53 54 65 24
53 64 31 61
54 65 89 31
55 56 75 36
56 57 25 58
57 58 33 58
58 59 58 30
59 60 93 19
60 61 81 15
61 62 89 24
62 63 34 41
63 64 16 76
64 65 19 64
