68
0 1 16 58
0 34 71 27
1 2 46 56
1 35 48 57
2 3 12 55
2 36 34 54
3 4 44 34
3 37 43 42
4 5 18 70
4 38 79 51
5 6 1 77
5 39 57 37
6 7 5 87
6 40 27 60
7 8 62 25
7 41 47 43
8 9 70 46
8 42 64 55
9 10 20 55
9 43 26 49
10 11 22 65
10 44 28 63
11 12 66 50
11 45 21 57
12 13 35 69
12 46 20 67
13 14 59 61
13 47 5 80
14 15 77 19
14 48 37 77
15 16 9 80
15 49 10 69
16 17 13 68
16 50 64 48
17 18 11 68
17 51 68 49
18 19 68 50
18 52 56 50
19 20 75 32
19 53 44 48
20 21 43 41
20 54 74 29
21 22 93 35
21 55 7 72
22 23 44 52
22 56 66 42
23 24 20 50
23 57 77 21
24 25 1 81
24 58 12 72
25 26 37 57
25 59 0 77
26 27 28 70
26 60 88 31
27 28 2 73
27 61 5 57
28 29 19 61
28 62 2 84
29 30 60 62
29 63 72 34
30 31 74 49
30 64 75 34
31 32 87 21
31 65 24 77
32 33 49 58
32 66 74 51
33 67 69 47
34 35 2 96
35 36 29 69
36 37 26 83
37 38 37 40
38 39 6 59
39 40 7 74
40 41 34 62
41 42 95 16
42 43 34 49
43 44 17 51
44 45 67 33
45 46 59 50
46 47 96 23
47 48 89 15
48 49 77 17
49 50 59 26
50 51 64 35
51 52 80 28
52 53 11 87
53 54 61 42
54 55 51 56
55 56 81 50
56 57 14 54
57 58 20 65
58 59 75 43
59 60 53 64
60 61 44 41
61 62 70 43
62 63 83 23
63 64 55 57
64 65 58 53
65 66 94 4
66 67 93 16
