70
0 1 96 10
0 10 32 48
1 2 77 38
1 11 41 51
2 3 64 35
2 12 65 42
3 4 92 8
3 13 97 40
4 5 35 46
4 14 29 50
5 6 12 67
5 15 70 42
6 7 29 69
6 16 55 57
7 8 71 36
7 17 3 87
8 9 10 80
8 18 92 21
9 19 85 19
10 11 49 61
10 20 5 89
11 12 28 61
11 21 50 44
12 13 89 9
12 22 42 56
13 14 42 73
13 23 89 41
14 15 26 52
14 24 42 40
15 16 87 30
15 25 44 68
16 17 8 74
16 26 14 83
17 18 37 71
17 27 21 78
18 19 29 54
18 28 26 71
19 29 5 71
20 21 63 42
20 30 36 52
21 22 52 35
21 31 26 68
22 23 28 56
22 32 86 34
23 24 56 31
23 33 10 85
24 25 51 42
24 34 90 19
25 26 19 53
25 35 24 66
26 27 54 31
26 36 15 83
27 28 36 46
27 37 67 20
28 29 97 31
28 38 69 45
29 39 26 73
30 31 57 58
30 40 89 35
31 32 64 53
31 41 69 44
32 33 48 56
32 42 11 62
33 34 71 49
33 43 66 45
34 35 17 67
34 44 54 54
35 36 2 67
35 45 67 20
36 37 13 60
36 46 75 19
37 38 6 78
37 47 34 76
38 39 86 32
38 48 48 62
39 49 77 21
40 41 84 10
40 50 20 51
41 42 76 46
41 51 71 37
42 43 31 58
42 52 9 58
43 44 22 76
43 53 5 95
44 45 25 63
44 54 80 24
45 46 41 58
45 55 33 59
46 47 14 60
46 56 73 40
47 48 76 47
47 57 90 28
48 49 66 59
48 58 15 57
49 59 9 58
50 51 13 86
50 60 48 62
51 52 65 51
51 61 69 44
52 53 26 48
52 62 50 60
53 54 16 78
53 63 30 50
54 55 26 49
54 64 91 27
55 56 72 43
55 65 48 70
56 57 3 97
56 66 57 44
57 58 86 9
57 67 63 53
58 59 18 70
58 68 62 37
59 69 16 58
60 61 87 27
61 62 0 91
62 63 35 45
63 64 35 51
64 65 32 45
65 66 40 64
66 67 33 71
67 68 88 8
68 69 94 11
