75
0 1 38 76
0 15 99 15
1 2 34 68
1 16 99 2
2 3 63 27
2 17 44 41
3 4 22 83
3 18 93 17
4 5 80 31
4 19 20 62
5 6 48 38
5 20 48 47
6 7 70 36
6 21 17 75
7 8 5 77
7 22 79 36
8 9 38 49
8 23 22 77
9 10 55 66
9 24 56 54
10 11 84 34
10 25 46 51
11 12 65 36
11 26 74 42
12 13 6 78
12 27 10 80
13 14 29 78
13 28 69 41
14 29 26 56
15 16 25 49
15 30 67 26
16 17 91 24
16 31 96 20
17 18 16 64
17 32 50 61
18 19 63 28
18 33 98 17
19 20 78 16
19 34 96 20
20 21 34 77
20 35 11 61
21 22 76 20
21 36 78 23
22 23 85 48
22 37 16 80
23 24 77 28
23 38 47 56
24 25 63 59
24 39 48 67
25 26 58 45
25 40 49 32
26 27 6 62
26 41 75 26
27 28 21 60
27 42 19 83
28 29 74 50
28 43 98 4
29 44 20 55
30 31 8 83
30 45 90 14
31 32 91 9
31 46 78 48
32 33 44 64
32 47 85 32
33 34 16 69
33 48 89 38
34 35 67 26
34 49 48 44
35 36 11 83
35 50 52 43
36 37 6 66
36 51 83 13
37 38 60 26
37 52 16 73
38 39 35 46
38 53 35 75
39 40 94 23
39 54 59 53
40 41 92 42
40 55 42 48
41 42 67 26
41 56 17 83
42 43 98 26
42 57 85 41
43 44 99 15
43 58 61 56
44 59 44 37
45 46 47 60
45 60 90 28
46 47 81 22
46 61 12 57
47 48 73 17
47 62 44 66
48 49 69 49
48 63 35 76
49 50 56 36
49 64 23 64
50 51 4 72
50 65 46 45
51 52 61 60
51 66 2 76
52 53 76 25
52 67 65 24
53 54 31 61
53 68 89 31
54 55 75 36
54 69 25 58
55 56 33 58
55 70 58 30
56 57 93 19
56 71 81 15
57 58 89 24
57 72 34 41
58 59 16 76
58 73 19 64
59 74 44 42
60 61 52 52
61 62 86 44
62 63 95 3
63 64 68 53
64 65 87 37
65 66 64 61
66 67 74 31
67 68 61 29
68 69 94 24
69 70 10 69
70 71 65 52
71 72 82 23
72 73 66 27
73 74 62 24
