86
0 1 38 76
0 43 99 15
1 2 34 68
1 44 99 2
2 3 63 27
2 45 44 41
3 4 22 83
3 46 93 17
4 5 80 31
4 47 20 62
5 6 48 38
5 48 48 47
6 7 70 36
6 49 17 75
7 8 5 77
7 50 79 36
8 9 38 49
8 51 22 77
9 10 55 66
9 52 56 54
10 11 84 34
10 53 46 51
11 12 65 36
11 54 74 42
12 13 6 78
12 55 10 80
13 14 29 78
13 56 69 41
14 15 26 56
14 57 25 49
15 16 67 26
15 58 91 24
16 17 96 20
16 59 16 64
17 18 50 61
17 60 63 28
18 19 98 17
18 61 78 16
19 20 96 20
19 62 34 77
20 21 11 61
20 63 76 20
21 22 78 23
21 64 85 48
22 23 16 80
22 65 77 28
23 24 47 56
23 66 63 59
24 25 48 67
24 67 58 45
25 26 49 32
25 68 6 62
26 27 75 26
26 69 21 60
27 28 19 83
27 70 74 50
28 29 98 4
28 71 20 55
29 30 8 83
29 72 90 14
30 31 91 9
30 73 78 48
31 32 44 64
31 74 85 32
32 33 16 69
32 75 89 38
33 34 67 26
33 76 48 44
34 35 11 83
34 77 52 43
35 36 6 66
35 78 83 13
36 37 60 26
36 79 16 73
37 38 35 46
37 80 35 75
38 39 94 23
38 81 59 53
39 40 92 42
39 82 42 48
40 41 67 26
40 83 17 83
41 42 98 26
41 84 85 41
42 85 99 15
43 44 61 56
44 45 44 37
45 46 47 60
46 47 90 28
47 48 81 22
48 49 12 57
49 50 73 17
50 51 44 66
51 52 69 49
52 53 35 76
53 54 56 36
54 55 23 64
55 56 4 72
56 57 46 45
57 58 61 60
58 59 2 76
59 60 76 25
60 61 65 24
61 62 31 61
62 63 89 31
63 64 75 36
64 65 25 58
65 66 33 58
66 67 58 30
67 68 93 19
68 69 81 15
69 70 89 24
70 71 34 41
71 72 16 76
72 73 19 64
73 74 44 42
74 75 52 52
75 76 86 44
76 77 95 3
77 78 68 53
78 79 87 37
79 80 64 61
80 81 74 31
81 82 61 29
82 83 94 24
83 84 10 69
84 85 65 52
