90
0 1 29 63
0 10 38 74
1 2 69 21
1 11 21 77
2 3 88 37
2 12 32 66
3 4 80 28
3 13 1 92
4 5 43 52
4 14 25 72
5 6 96 18
5 15 2 78
6 7 89 44
6 16 73 28
7 8 23 54
7 17 77 33
8 9 6 90
8 18 25 78
9 19 93 7
10 11 98 30
10 20 38 65
11 12 59 60
11 21 60 26
12 13 51 50
12 22 88 31
13 14 42 40
13 23 43 73
14 15 16 65
14 24 88 7
15 16 70 18
15 25 20 85
16 17 65 23
16 26 46 65
17 18 31 66
17 27 41 52
18 19 66 25
18 28 37 65
19 29 34 66
20 21 59 48
20 30 56 44
21 22 51 43
21 31 38 53
22 23 22 78
22 32 92 13
23 24 21 59
23 33 33 73
24 25 7 67
24 34 48 45
25 26 82 30
25 35 3 86
26 27 10 76
26 36 41 46
27 28 56 42
27 37 15 64
28 29 71 20
28 38 12 72
29 39 80 43
30 31 19 77
30 40 44 34
31 32 45 52
31 41 91 13
32 33 2 89
32 42 45 37
33 34 67 22
33 43 98 17
34 35 81 47
34 44 82 19
35 36 39 40
35 45 85 12
36 37 80 49
36 46 81 28
37 38 40 41
37 47 94 40
38 39 67 43
38 48 51 53
39 49 67 32
40 41 49 43
40 50 5 85
41 42 84 30
41 51 66 37
42 43 58 46
42 52 67 37
43 44 37 67
43 53 23 53
44 45 41 40
44 54 62 29
45 46 98 13
45 55 30 51
46 47 77 24
46 56 83 35
47 48 95 5
47 57 3 95
48 49 9 90
48 58 61 52
49 59 24 53
50 51 97 13
50 60 61 57
51 52 98 19
51 61 48 45
52 53 96 18
52 62 22 53
53 54 9 59
53 63 96 16
54 55 78 32
54 64 22 63
55 56 79 13
55 65 18 83
56 57 87 11
56 66 94 10
57 58 22 72
57 67 38 38
58 59 99 8
58 68 74 28
59 69 1 93
60 61 3 71
60 70 21 85
61 62 17 67
61 71 89 20
62 63 69 19
62 72 32 49
63 64 63 50
63 73 56 38
64 65 15 65
64 74 49 69
65 66 20 49
65 75 52 60
66 67 42 44
66 76 50 55
67 68 77 33
67 77 70 18
68 69 25 58
68 78 66 27
69 79 3 63
70 71 31 76
70 80 30 80
71 72 20 73
71 81 81 46
72 73 32 56
72 82 61 48
73 74 63 56
73 83 59 28
74 75 89 18
74 84 51 45
75 76 21 58
75 85 1 61
76 77 93 41
76 86 20 61
77 78 97 16
77 87 16 50
78 79 44 60
78 88 15 70
79 89 91 32
80 81 30 76
81 82 45 60
82 83 88 18
83 84 79 20
84 85 69 49
85 86 2 96
86 87 28 45
87 88 24 55
88 89 61 30
