93
0 1 38 76
0 31 99 15
1 2 34 68
1 32 99 2
2 3 63 27
2 33 44 41
3 4 22 83
3 34 93 17
4 5 80 31
4 35 20 62
5 6 48 38
5 36 48 47
6 7 70 36
6 37 17 75
7 8 5 77
7 38 79 36
8 9 38 49
8 39 22 77
9 10 55 66
9 40 56 54
10 11 84 34
10 41 46 51
11 12 65 36
11 42 74 42
12 13 6 78
12 43 10 80
13 14 29 78
13 44 69 41
14 15 26 56
14 45 25 49
15 16 67 26
15 46 91 24
16 17 96 20
16 47 16 64
17 18 50 61
17 48 63 28
18 19 98 17
18 49 78 16
19 20 96 20
19 50 34 77
20 21 11 61
20 51 76 20
21 22 78 23
21 52 85 48
22 23 16 80
22 53 77 28
23 24 47 56
23 54 63 59
24 25 48 67
24 55 58 45
25 26 49 32
25 56 6 62
26 27 75 26
26 57 21 60
27 28 19 83
27 58 74 50
28 29 98 4
28 59 20 55
29 30 8 83
29 60 90 14
30 61 91 9
31 32 78 48
31 62 44 64
32 33 85 32
32 63 16 69
33 34 89 38
33 64 67 26
34 35 48 44
34 65 11 83
35 36 52 43
35 66 6 66
36 37 83 13
36 67 60 26
37 38 16 73
37 68 35 46
38 39 35 75
38 69 94 23
39 40 59 53
39 70 92 42
40 41 42 48
40 71 67 26
41 42 17 83
41 72 98 26
42 43 85 41
42 73 99 15
43 44 61 56
43 74 44 37
44 45 47 60
44 75 90 28
45 46 81 22
45 76 12 57
46 47 73 17
46 77 44 66
47 48 69 49
47 78 35 76
48 49 56 36
48 79 23 64
49 50 4 72
49 80 46 45
50 51 61 60
50 81 2 76
51 52 76 25
51 82 65 24
52 53 31 61
52 83 89 31
53 54 75 36
53 84 25 58
54 55 33 58
54 85 58 30
55 56 93 19
55 86 81 15
56 57 89 24
56 87 34 41
57 58 16 76
57 88 19 64
58 59 44 42
58 89 52 52
59 60 86 44
59 90 95 3
60 61 68 53
60 91 87 37
61 92 64 61
62 63 74 31
63 64 61 29
64 65 94 24
65 66 10 69
66 67 65 52
67 68 82 23
68 69 66 27
69 70 62 24
70 71 32 40
71 72 79 50
72 73 78 28
73 74 96 8
74 75 63 34
75 76 69 28
76 77 90 22
77 78 51 62
78 79 84 31
79 80 48 45
80 81 38 62
81 82 35 77
82 83 28 56
83 84 52 55
84 85 23 59
85 86 61 35
86 87 12 70
87 88 26 51
88 89 92 7
89 90 3 91
90 91 29 45
91 92 55 30
