96
0 1 38 76
0 48 99 15
1 2 34 68
1 49 99 2
2 3 63 27
2 50 44 41
3 4 22 83
3 51 93 17
4 5 80 31
4 52 20 62
5 6 48 38
5 53 48 47
6 7 70 36
6 54 17 75
7 8 5 77
7 55 79 36
8 9 38 49
8 56 22 77
9 10 55 66
9 57 56 54
10 11 84 34
10 58 46 51
11 12 65 36
11 59 74 42
12 13 6 78
12 60 10 80
13 14 29 78
13 61 69 41
14 15 26 56
14 62 25 49
15 16 67 26
15 63 91 24
16 17 96 20
16 64 16 64
17 18 50 61
17 65 63 28
18 19 98 17
18 66 78 16
19 20 96 20
19 67 34 77
20 21 11 61
20 68 76 20
21 22 78 23
21 69 85 48
22 23 16 80
22 70 77 28
23 24 47 56
23 71 63 59
24 25 48 67
24 72 58 45
25 26 49 32
25 73 6 62
26 27 75 26
26 74 21 60
27 28 19 83
27 75 74 50
28 29 98 4
28 76 20 55
29 30 8 83
29 77 90 14
30 31 91 9
30 78 78 48
31 32 44 64
31 79 85 32
32 33 16 69
32 80 89 38
33 34 67 26
33 81 48 44
34 35 11 83
34 82 52 43
35 36 6 66
35 83 83 13
36 37 60 26
36 84 16 73
37 38 35 46
37 85 35 75
38 39 94 23
38 86 59 53
39 40 92 42
39 87 42 48
40 41 67 26
40 88 17 83
41 42 98 26
41 89 85 41
42 43 99 15
42 90 61 56
43 44 44 37
43 91 47 60
44 45 90 28
44 92 81 22
45 46 12 57
45 93 73 17
46 47 44 66
46 94 69 49
47 95 35 76
48 49 56 36
49 50 23 64
50 51 4 72
51 52 46 45
52 53 61 60
53 54 2 76
54 55 76 25
55 56 65 24
56 57 31 61
57 58 89 31
58 59 75 36
59 60 25 58
60 61 33 58
61 62 58 30
62 63 93 19
63 64 81 15
64 65 89 24
65 66 34 41
66 67 16 76
67 68 19 64
68 69 44 42
69 70 52 52
70 71 86 44
71 72 95 3
72 73 68 53
73 74 87 37
74 75 64 61
75 76 74 31
76 77 61 29
77 78 94 24
78 79 10 69
79 80 65 52
80 81 82 23
81 82 66 27
82 83 62 24
83 84 32 40
84 85 79 50
85 86 78 28
86 87 96 8
87 88 63 34
88 89 69 28
89 90 90 22
90 91 51 62
91 92 84 31
92 93 48 45
93 94 38 62
94 95 35 77
