12 66
0 1 24 81
0 2 77 76
0 3 69 41
0 4 47 89
0 5 63 69
0 6 68 19
0 7 83 21
0 8 4 28
0 9 66 22
0 10 98 65
0 11 97 47
1 2 88 94
1 3 84 30
1 4 91 95
1 5 69 47
1 6 47 45
1 7 37 65
1 8 35 82
1 9 59 74
1 10 6 76
1 11 52 25
2 3 39 69
2 4 82 90
2 5 33 9
2 6 86 31
2 7 61 59
2 8 47 10
2 9 11 66
2 10 30 33
2 11 73 19
3 4 45 37
3 5 39 42
3 6 75 55
3 7 25 23
3 8 94 50
3 9 1 78
3 10 42 14
3 11 64 74
4 5 70 31
4 6 55 61
4 7 48 63
4 8 32 77
4 9 48 40
4 10 24 11
4 11 4 57
5 6 45 51
5 7 1 32
5 8 94 78
5 9 79 69
5 10 9 52
5 11 28 27
6 7 87 94
6 8 99 22
6 9 72 78
6 10 41 20
6 11 66 87
7 8 55 54
7 9 8 49
7 10 61 64
7 11 45 23
8 9 62 19
8 10 28 76
8 11 53 68
9 10 49 12
9 11 2 34
10 11 52 74
0 1
0 2
0 3
0 4
0 5
0 6
0 8
0 9
0 10
0 11
0 12
0 13
0 14
0 15
0 16
0 17
0 18
0 20
0 21
0 22
0 23
0 24
0 25
0 26
0 28
0 29
0 30
0 31
0 32
0 33
0 34
0 36
0 37
0 38
0 39
0 40
0 41
0 42
0 45
0 47
0 48
0 50
0 51
0 52
0 53
0 54
0 55
0 56
0 58
0 59
0 60
0 61
0 62
0 63
0 65
1 6
1 9
1 10
1 11
1 12
1 13
1 22
1 24
1 34
1 47
1 48
1 51
1 52
2 1
2 6
2 9
2 10
2 11
2 12
2 13
2 14
2 22
2 24
2 29
2 32
2 34
2 38
2 47
2 48
2 51
2 52
2 53
3 1
3 2
3 4
3 5
3 6
3 8
3 9
3 10
3 11
3 12
3 13
3 14
3 18
3 20
3 22
3 24
3 25
3 29
3 32
3 34
3 37
3 38
3 39
3 40
3 42
3 47
3 48
3 51
3 52
3 53
3 55
3 56
3 58
3 60
3 62
3 63
3 65
4 1
4 2
4 5
4 6
4 8
4 9
4 10
4 11
4 12
4 13
4 14
4 22
4 24
4 29
4 32
4 34
4 37
4 38
4 47
4 48
4 51
4 52
4 53
4 55
5 1
5 2
5 6
5 9
5 10
5 11
5 12
5 13
5 14
5 22
5 24
5 29
5 32
5 34
5 38
5 47
5 48
5 51
5 52
5 53
6 9
6 10
6 11
6 12
6 13
6 24
6 34
6 47
6 51
6 52
7 0
7 1
7 2
7 3
7 4
7 5
7 6
7 8
7 9
7 10
7 11
7 12
7 13
7 14
7 15
7 16
7 17
7 18
7 19
7 20
7 21
7 22
7 23
7 24
7 25
7 26
7 27
7 28
7 29
7 30
7 31
7 32
7 33
7 34
7 36
7 37
7 38
7 39
7 40
7 41
7 42
7 43
7 44
7 45
7 47
7 48
7 49
7 50
7 51
7 52
7 53
7 54
7 55
7 56
7 57
7 58
7 59
7 60
7 61
7 62
7 63
7 65
8 1
8 2
8 5
8 6
8 9
8 10
8 11
8 12
8 13
8 14
8 22
8 24
8 29
8 32
8 34
8 38
8 47
8 48
8 51
8 52
8 53
8 55
9 52
10 9
10 52
11 9
11 10
11 13
11 34
11 47
11 52
12 9
12 10
12 11
12 13
12 24
12 34
12 47
12 51
12 52
13 9
13 10
13 34
13 47
13 52
14 1
14 6
14 9
14 10
14 11
14 12
14 13
14 22
14 24
14 29
14 32
14 34
14 38
14 47
14 48
14 51
14 52
14 53
15 1
15 2
15 3
15 4
15 5
15 6
15 8
15 9
15 10
15 11
15 12
15 13
15 14
15 18
15 20
15 22
15 24
15 25
15 29
15 32
15 34
15 37
15 38
15 39
15 40
15 42
15 47
15 48
15 51
15 52
15 53
15 55
15 56
15 58
15 60
15 62
15 63
15 65
16 1
16 2
16 3
16 4
16 5
16 6
16 8
16 9
16 10
16 11
16 12
16 13
16 14
16 15
16 18
16 20
16 21
16 22
16 24
16 25
16 26
16 29
16 30
16 31
16 32
16 34
16 36
16 37
16 38
16 39
16 40
16 42
16 45
16 47
16 48
16 51
16 52
16 53
16 54
16 55
16 56
16 58
16 59
16 60
16 62
16 63
16 65
17 1
17 2
17 3
17 4
17 5
17 6
17 8
17 9
17 10
17 11
17 12
17 13
17 14
17 15
17 16
17 18
17 20
17 21
17 22
17 24
17 25
17 26
17 29
17 30
17 31
17 32
17 34
17 36
17 37
17 38
17 39
17 40
17 42
17 45
17 47
17 48
17 51
17 52
17 53
17 54
17 55
17 56
17 58
17 59
17 60
17 62
17 63
17 65
18 1
18 2
18 4
18 5
18 6
18 8
18 9
18 10
18 11
18 12
18 13
18 14
18 22
18 24
18 25
18 29
18 32
18 34
18 37
18 38
18 47
18 48
18 51
18 52
18 53
18 55
18 58
18 60
19 0
19 1
19 2
19 3
19 4
19 5
19 6
19 8
19 9
19 10
19 11
19 12
19 13
19 14
19 15
19 16
19 17
19 18
19 20
19 21
19 22
19 23
19 24
19 25
19 26
19 27
19 28
19 29
19 30
19 31
19 32
19 33
19 34
19 36
19 37
19 38
19 39
19 40
19 41
19 42
19 43
19 45
19 47
19 48
19 49
19 50
19 51
19 52
19 53
19 54
19 55
19 56
19 57
19 58
19 59
19 60
19 61
19 62
19 63
19 65
20 1
20 2
20 4
20 5
20 6
20 8
20 9
20 10
20 11
20 12
20 13
20 14
20 18
20 22
20 24
20 25
20 29
20 32
20 34
20 37
20 38
20 39
20 47
20 48
20 51
20 52
20 53
20 55
20 56
20 58
20 60
20 62
20 65
21 1
21 2
21 3
21 4
21 5
21 6
21 8
21 9
21 10
21 11
21 12
21 13
21 14
21 15
21 18
21 20
21 22
21 24
21 25
21 26
21 29
21 30
21 32
21 34
21 36
21 37
21 38
21 39
21 40
21 42
21 45
21 47
21 48
21 51
21 52
21 53
21 54
21 55
21 56
21 58
21 59
21 60
21 62
21 63
21 65
22 6
22 9
22 10
22 11
22 12
22 13
22 24
22 34
22 47
22 51
22 52
23 1
23 2
23 3
23 4
23 5
23 6
23 8
23 9
23 10
23 11
23 12
23 13
23 14
23 15
23 16
23 17
23 18
23 20
23 21
23 22
23 24
23 25
23 26
23 29
23 30
23 31
23 32
23 34
23 36
23 37
23 38
23 39
23 40
23 42
23 45
23 47
23 48
23 51
23 52
23 53
23 54
23 55
23 56
23 58
23 59
23 60
23 62
23 63
23 65
24 9
24 10
24 11
24 13
24 34
24 47
24 51
24 52
25 1
25 2
25 4
25 5
25 6
25 8
25 9
25 10
25 11
25 12
25 13
25 14
25 22
25 24
25 29
25 32
25 34
25 37
25 38
25 47
25 48
25 51
25 52
25 53
25 55
25 58
25 60
26 1
26 2
26 3
26 4
26 5
26 6
26 8
26 9
26 10
26 11
26 12
26 13
26 14
26 15
26 18
26 20
26 22
26 24
26 25
26 29
26 32
26 34
26 37
26 38
26 39
26 40
26 42
26 47
26 48
26 51
26 52
26 53
26 55
26 56
26 58
26 60
26 62
26 63
26 65
27 0
27 1
27 2
27 3
27 4
27 5
27 6
27 8
27 9
27 10
27 11
27 12
27 13
27 14
27 15
27 16
27 17
27 18
27 20
27 21
27 22
27 23
27 24
27 25
27 26
27 28
27 29
27 30
27 31
27 32
27 33
27 34
27 36
27 37
27 38
27 39
27 40
27 41
27 42
27 43
27 45
27 47
27 48
27 50
27 51
27 52
27 53
27 54
27 55
27 56
27 58
27 59
27 60
27 61
27 62
27 63
27 65
28 1
28 2
28 3
28 4
28 5
28 6
28 8
28 9
28 10
28 11
28 12
28 13
28 14
28 15
28 16
28 17
28 18
28 20
28 21
28 22
28 23
28 24
28 25
28 26
28 29
28 30
28 31
28 32
28 34
28 36
28 37
28 38
28 39
28 40
28 41
28 42
28 45
28 47
28 48
28 51
28 52
28 53
28 54
28 55
28 56
28 58
28 59
28 60
28 62
28 63
28 65
29 1
29 6
29 9
29 10
29 11
29 12
29 13
29 22
29 24
29 32
29 34
29 47
29 48
29 51
29 52
30 1
30 2
30 3
30 4
30 5
30 6
30 8
30 9
30 10
30 11
30 12
30 13
30 14
30 15
30 18
30 20
30 22
30 24
30 25
30 26
30 29
30 32
30 34
30 37
30 38
30 39
30 40
30 42
30 45
30 47
30 48
30 51
30 52
30 53
30 55
30 56
30 58
30 60
30 62
30 63
30 65
31 1
31 2
31 3
31 4
31 5
31 6
31 8
31 9
31 10
31 11
31 12
31 13
31 14
31 15
31 18
31 20
31 21
31 22
31 24
31 25
31 26
31 29
31 30
31 32
31 34
31 36
31 37
31 38
31 39
31 40
31 42
31 45
31 47
31 48
31 51
31 52
31 53
31 54
31 55
31 56
31 58
31 59
31 60
31 62
31 63
31 65
32 1
32 6
32 9
32 10
32 11
32 12
32 13
32 22
32 24
32 34
32 47
32 48
32 51
32 52
33 1
33 2
33 3
33 4
33 5
33 6
33 8
33 9
33 10
33 11
33 12
33 13
33 14
33 15
33 16
33 17
33 18
33 20
33 21
33 22
33 23
33 24
33 25
33 26
33 28
33 29
33 30
33 31
33 32
33 34
33 36
33 37
33 38
33 39
33 40
33 41
33 42
33 45
33 47
33 48
33 50
33 51
33 52
33 53
33 54
33 55
33 56
33 58
33 59
33 60
33 61
33 62
33 63
33 65
34 9
34 10
34 47
34 52
35 0
35 1
35 2
35 3
35 4
35 5
35 6
35 7
35 8
35 9
35 10
35 11
35 12
35 13
35 14
35 15
35 16
35 17
35 18
35 19
35 20
35 21
35 22
35 23
35 24
35 25
35 26
35 27
35 28
35 29
35 30
35 31
35 32
35 33
35 34
35 36
35 37
35 38
35 39
35 40
35 41
35 42
35 43
35 44
35 45
35 47
35 48
35 49
35 50
35 51
35 52
35 53
35 54
35 55
35 56
35 57
35 58
35 59
35 60
35 61
35 62
35 63
35 64
35 65
36 1
36 2
36 3
36 4
36 5
36 6
36 8
36 9
36 10
36 11
36 12
36 13
36 14
36 15
36 18
36 20
36 22
36 24
36 25
36 26
36 29
36 30
36 32
36 34
36 37
36 38
36 39
36 40
36 42
36 45
36 47
36 48
36 51
36 52
36 53
36 55
36 56
36 58
36 59
36 60
36 62
36 63
36 65
37 1
37 2
37 5
37 6
37 8
37 9
37 10
37 11
37 12
37 13
37 14
37 22
37 24
37 29
37 32
37 34
37 38
37 47
37 48
37 51
37 52
37 53
37 55
38 1
38 6
38 9
38 10
38 11
38 12
38 13
38 22
38 24
38 29
38 32
38 34
38 47
38 48
38 51
38 52
38 53
39 1
39 2
39 4
39 5
39 6
39 8
39 9
39 10
39 11
39 12
39 13
39 14
39 18
39 22
39 24
39 25
39 29
39 32
39 34
39 37
39 38
39 47
39 48
39 51
39 52
39 53
39 55
39 58
39 60
40 1
40 2
40 4
40 5
40 6
40 8
40 9
40 10
40 11
40 12
40 13
40 14
40 18
40 20
40 22
40 24
40 25
40 29
40 32
40 34
40 37
40 38
40 39
40 47
40 48
40 51
40 52
40 53
40 55
40 56
40 58
40 60
40 62
40 63
40 65
41 1
41 2
41 3
41 4
41 5
41 6
41 8
41 9
41 10
41 11
41 12
41 13
41 14
41 15
41 16
41 17
41 18
41 20
41 21
41 22
41 23
41 24
41 25
41 26
41 29
41 30
41 31
41 32
41 34
41 36
41 37
41 38
41 39
41 40
41 42
41 45
41 47
41 48
41 51
41 52
41 53
41 54
41 55
41 56
41 58
41 59
41 60
41 62
41 63
41 65
42 1
42 2
42 4
42 5
42 6
42 8
42 9
42 10
42 11
42 12
42 13
42 14
42 18
42 20
42 22
42 24
42 25
42 29
42 32
42 34
42 37
42 38
42 39
42 40
42 47
42 48
42 51
42 52
42 53
42 55
42 56
42 58
42 60
42 62
42 63
42 65
43 0
43 1
43 2
43 3
43 4
43 5
43 6
43 8
43 9
43 10
43 11
43 12
43 13
43 14
43 15
43 16
43 17
43 18
43 20
43 21
43 22
43 23
43 24
43 25
43 26
43 28
43 29
43 30
43 31
43 32
43 33
43 34
43 36
43 37
43 38
43 39
43 40
43 41
43 42
43 45
43 47
43 48
43 50
43 51
43 52
43 53
43 54
43 55
43 56
43 58
43 59
43 60
43 61
43 62
43 63
43 65
44 0
44 1
44 2
44 3
44 4
44 5
44 6
44 8
44 9
44 10
44 11
44 12
44 13
44 14
44 15
44 16
44 17
44 18
44 19
44 20
44 21
44 22
44 23
44 24
44 25
44 26
44 27
44 28
44 29
44 30
44 31
44 32
44 33
44 34
44 36
44 37
44 38
44 39
44 40
44 41
44 42
44 43
44 45
44 47
44 48
44 49
44 50
44 51
44 52
44 53
44 54
44 55
44 56
44 57
44 58
44 59
44 60
44 61
44 62
44 63
44 65
45 1
45 2
45 3
45 4
45 5
45 6
45 8
45 9
45 10
45 11
45 12
45 13
45 14
45 15
45 18
45 20
45 22
45 24
45 25
45 26
45 29
45 32
45 34
45 37
45 38
45 39
45 40
45 42
45 47
45 48
45 51
45 52
45 53
45 55
45 56
45 58
45 60
45 62
45 63
45 65
46 0
46 1
46 2
46 3
46 4
46 5
46 6
46 7
46 8
46 9
46 10
46 11
46 12
46 13
46 14
46 15
46 16
46 17
46 18
46 19
46 20
46 21
46 22
46 23
46 24
46 25
46 26
46 27
46 28
46 29
46 30
46 31
46 32
46 33
46 34
46 35
46 36
46 37
46 38
46 39
46 40
46 41
46 42
46 43
46 44
46 45
46 47
46 48
46 49
46 50
46 51
46 52
46 53
46 54
46 55
46 56
46 57
46 58
46 59
46 60
46 61
46 62
46 63
46 64
46 65
47 9
47 10
47 52
48 6
48 9
48 10
48 11
48 12
48 13
48 22
48 24
48 34
48 47
48 51
48 52
49 0
49 1
49 2
49 3
49 4
49 5
49 6
49 8
49 9
49 10
49 11
49 12
49 13
49 14
49 15
49 16
49 17
49 18
49 20
49 21
49 22
49 23
49 24
49 25
49 26
49 27
49 28
49 29
49 30
49 31
49 32
49 33
49 34
49 36
49 37
49 38
49 39
49 40
49 41
49 42
49 43
49 45
49 47
49 48
49 50
49 51
49 52
49 53
49 54
49 55
49 56
49 58
49 59
49 60
49 61
49 62
49 63
49 65
50 1
50 2
50 3
50 4
50 5
50 6
50 8
50 9
50 10
50 11
50 12
50 13
50 14
50 15
50 16
50 17
50 18
50 20
50 21
50 22
50 23
50 24
50 25
50 26
50 28
50 29
50 30
50 31
50 32
50 34
50 36
50 37
50 38
50 39
50 40
50 41
50 42
50 45
50 47
50 48
50 51
50 52
50 53
50 54
50 55
50 56
50 58
50 59
50 60
50 61
50 62
50 63
50 65
51 9
51 10
51 11
51 13
51 34
51 47
51 52
53 1
53 6
53 9
53 10
53 11
53 12
53 13
53 22
53 24
53 29
53 32
53 34
53 47
53 48
53 51
53 52
54 1
54 2
54 3
54 4
54 5
54 6
54 8
54 9
54 10
54 11
54 12
54 13
54 14
54 15
54 18
54 20
54 22
54 24
54 25
54 26
54 29
54 30
54 32
54 34
54 36
54 37
54 38
54 39
54 40
54 42
54 45
54 47
54 48
54 51
54 52
54 53
54 55
54 56
54 58
54 59
54 60
54 62
54 63
54 65
55 1
55 2
55 5
55 6
55 9
55 10
55 11
55 12
55 13
55 14
55 22
55 24
55 29
55 32
55 34
55 38
55 47
55 48
55 51
55 52
55 53
56 1
56 2
56 4
56 5
56 6
56 8
56 9
56 10
56 11
56 12
56 13
56 14
56 18
56 22
56 24
56 25
56 29
56 32
56 34
56 37
56 38
56 39
56 47
56 48
56 51
56 52
56 53
56 55
56 58
56 60
57 0
57 1
57 2
57 3
57 4
57 5
57 6
57 8
57 9
57 10
57 11
57 12
57 13
57 14
57 15
57 16
57 17
57 18
57 20
57 21
57 22
57 23
57 24
57 25
57 26
57 27
57 28
57 29
57 30
57 31
57 32
57 33
57 34
57 36
57 37
57 38
57 39
57 40
57 41
57 42
57 43
57 45
57 47
57 48
57 49
57 50
57 51
57 52
57 53
57 54
57 55
57 56
57 58
57 59
57 60
57 61
57 62
57 63
57 65
58 1
58 2
58 4
58 5
58 6
58 8
58 9
58 10
58 11
58 12
58 13
58 14
58 22
58 24
58 29
58 32
58 34
58 37
58 38
58 47
58 48
58 51
58 52
58 53
58 55
58 60
59 1
59 2
59 3
59 4
59 5
59 6
59 8
59 9
59 10
59 11
59 12
59 13
59 14
59 15
59 18
59 20
59 22
59 24
59 25
59 26
59 29
59 30
59 32
59 34
59 37
59 38
59 39
59 40
59 42
59 45
59 47
59 48
59 51
59 52
59 53
59 55
59 56
59 58
59 60
59 62
59 63
59 65
60 1
60 2
60 4
60 5
60 6
60 8
60 9
60 10
60 11
60 12
60 13
60 14
60 22
60 24
60 29
60 32
60 34
60 37
60 38
60 47
60 48
60 51
60 52
60 53
60 55
61 1
61 2
61 3
61 4
61 5
61 6
61 8
61 9
61 10
61 11
61 12
61 13
61 14
61 15
61 16
61 17
61 18
61 20
61 21
61 22
61 23
61 24
61 25
61 26
61 28
61 29
61 30
61 31
61 32
61 34
61 36
61 37
61 38
61 39
61 40
61 41
61 42
61 45
61 47
61 48
61 51
61 52
61 53
61 54
61 55
61 56
61 58
61 59
61 60
61 62
61 63
61 65
62 1
62 2
62 4
62 5
62 6
62 8
62 9
62 10
62 11
62 12
62 13
62 14
62 18
62 22
62 24
62 25
62 29
62 32
62 34
62 37
62 38
62 39
62 47
62 48
62 51
62 52
62 53
62 55
62 56
62 58
62 60
63 1
63 2
63 4
63 5
63 6
63 8
63 9
63 10
63 11
63 12
63 13
63 14
63 18
63 20
63 22
63 24
63 25
63 29
63 32
63 34
63 37
63 38
63 39
63 47
63 48
63 51
63 52
63 53
63 55
63 56
63 58
63 60
63 62
63 65
64 0
64 1
64 2
64 3
64 4
64 5
64 6
64 7
64 8
64 9
64 10
64 11
64 12
64 13
64 14
64 15
64 16
64 17
64 18
64 19
64 20
64 21
64 22
64 23
64 24
64 25
64 26
64 27
64 28
64 29
64 30
64 31
64 32
64 33
64 34
64 36
64 37
64 38
64 39
64 40
64 41
64 42
64 43
64 44
64 45
64 47
64 48
64 49
64 50
64 51
64 52
64 53
64 54
64 55
64 56
64 57
64 58
64 59
64 60
64 61
64 62
64 63
64 65
65 1
65 2
65 4
65 5
65 6
65 8
65 9
65 10
65 11
65 12
65 13
65 14
65 18
65 22
65 24
65 25
65 29
65 32
65 34
65 37
65 38
65 39
65 47
65 48
65 51
65 52
65 53
65 55
65 56
65 58
65 60
65 62
