12
0 1 35 72
0 2 11 67
0 3 26 82
0 4 68 31
0 5 44 38
0 6 23 46
0 7 48 52
0 8 37 43
0 9 95 20
0 10 83 48
0 11 74 30
1 2 33 69
1 3 41 67
1 4 22 88
1 5 59 59
1 6 14 68
1 7 82 47
1 8 89 27
1 9 40 31
1 10 68 39
1 11 29 73
2 3 59 41
2 4 4 73
2 5 56 32
2 6 53 34
2 7 9 89
2 8 11 81
2 9 65 27
2 10 74 52
2 11 67 29
3 4 74 40
3 5 29 58
3 6 45 62
3 7 48 75
3 8 5 76
3 9 61 56
3 10 40 39
3 11 89 13
4 5 47 54
4 6 8 76
4 7 57 63
4 8 67 23
4 9 71 19
4 10 11 79
4 11 10 85
5 6 25 84
5 7 73 45
5 8 36 65
5 9 3 70
5 10 15 82
5 11 40 34
6 7 8 78
6 8 79 42
6 9 58 27
6 10 1 80
6 11 62 53
7 8 51 72
7 9 79 44
7 10 11 62
7 11 23 69
8 9 83 53
8 10 64 41
8 11 96 26
9 10 26 60
9 11 1 68
10 11 27 44
