15
0 1 28 42
0 2 89 3
0 3 70 45
0 4 51 49
0 5 54 48
0 6 56 77
0 7 74 31
0 8 8 19
0 9 85 18
0 10 60 81
0 11 18 83
0 12 48 48
0 13 44 83
0 14 46 81
1 2 47 53
1 3 48 40
1 4 21 91
1 5 55 38
1 6 52 9
1 7 12 96
1 8 97 30
1 9 64 63
1 10 70 57
1 11 50 76
1 12 27 77
1 13 35 55
1 14 59 60
2 3 49 25
2 4 74 13
2 5 73 22
2 6 71 23
2 7 96 80
2 8 37 16
2 9 65 56
2 10 31 56
2 11 89 57
2 12 96 3
2 13 27 54
2 14 89 17
3 4 69 60
3 5 27 51
3 6 82 60
3 7 82 62
3 8 70 44
3 9 95 5
3 10 3 62
3 11 42 85
3 12 35 47
3 13 36 46
3 14 99 3
4 5 35 68
4 6 41 18
4 7 83 68
4 8 31 50
4 9 35 87
4 10 22 34
4 11 29 48
4 12 14 55
4 13 28 87
4 14 44 37
5 6 35 56
5 7 74 72
5 8 56 52
5 9 19 65
5 10 28 42
5 11 13 40
5 12 65 84
5 13 79 10
5 14 83 39
6 7 67 32
6 8 0 21
6 9 10 96
6 10 79 11
6 11 89 2
6 12 12 77
6 13 42 41
6 14 83 31
7 8 78 63
7 9 62 85
7 10 72 79
7 11 6 53
7 12 1 65
7 13 98 69
7 14 80 64
8 9 79 21
8 10 29 23
8 11 55 24
8 12 84 53
8 13 32 24
8 14 27 89
9 10 12 55
9 11 25 42
9 12 39 67
9 13 11 43
9 14 62 64
10 11 19 18
10 12 95 52
10 13 56 31
10 14 81 35
11 12 53 21
11 13 42 42
11 14 46 18
12 13 77 30
12 14 15 28
13 14 49 84
