15
0 1 21 70
0 2 17 71
0 3 14 74
0 4 85 15
0 5 64 41
0 6 40 56
0 7 1 86
0 8 79 21
0 9 77 33
0 10 38 59
0 11 15 80
0 12 65 35
0 13 50 50
0 14 24 66
1 2 90 14
1 3 38 55
1 4 66 38
1 5 30 70
1 6 75 29
1 7 69 29
1 8 80 24
1 9 88 10
1 10 9 89
1 11 21 77
1 12 85 26
1 13 99 12
1 14 52 50
2 3 87 18
2 4 36 64
2 5 51 47
2 6 1 91
2 7 8 89
2 8 90 21
2 9 59 41
2 10 3 91
2 11 84 14
2 12 45 54
2 13 85 24
2 14 86 19
3 4 24 71
3 5 38 66
3 6 44 59
3 7 7 90
3 8 76 23
3 9 77 29
3 10 1 88
3 11 85 14
3 12 97 9
3 13 67 30
3 14 70 25
4 5 78 26
4 6 70 35
4 7 35 66
4 8 82 19
4 9 34 63
4 10 76 21
4 11 7 92
4 12 81 29
4 13 83 16
4 14 52 53
5 6 38 61
5 7 43 55
5 8 75 29
5 9 25 76
5 10 53 43
5 11 62 32
5 12 37 58
5 13 23 67
5 14 5 81
6 7 71 28
6 8 45 54
6 9 65 38
6 10 76 20
6 11 86 16
6 12 71 31
6 13 9 80
6 14 2 89
7 8 34 67
7 9 4 82
7 10 78 21
7 11 27 74
7 12 30 64
7 13 56 50
7 14 40 55
8 9 66 32
8 10 69 32
8 11 24 68
8 12 40 52
8 13 97 7
8 14 80 21
9 10 41 49
9 11 18 74
9 12 55 47
9 13 27 70
9 14 59 36
10 11 6 90
10 12 31 67
10 13 70 34
10 14 48 48
11 12 70 34
11 13 7 82
11 14 6 94
12 13 30 66
12 14 57 47
13 14 73 34
