17
0 1 22 72
0 2 91 11
0 3 67 32
0 4 44 52
0 5 95 7
0 6 12 86
0 7 87 17
0 8 93 17
0 9 88 13
0 10 26 67
0 11 97 8
0 12 10 86
0 13 49 44
0 14 88 20
0 15 17 79
0 16 60 44
1 2 24 78
1 3 39 66
1 4 96 6
1 5 38 59
1 6 70 38
1 7 89 13
1 8 24 65
1 9 9 88
1 10 51 50
1 11 81 23
1 12 28 62
1 13 19 72
1 14 19 83
1 15 70 38
1 16 72 34
2 3 48 54
2 4 89 9
2 5 62 39
2 6 12 77
2 7 35 66
2 8 42 50
2 9 21 77
2 10 66 34
2 11 65 38
2 12 45 60
2 13 2 86
2 14 47 55
2 15 30 69
2 16 37 53
3 4 88 15
3 5 43 61
3 6 26 74
3 7 77 30
3 8 93 15
3 9 12 77
3 10 4 84
3 11 59 38
3 12 3 96
3 13 43 58
3 14 33 66
3 15 53 51
3 16 33 62
4 5 93 10
4 6 50 46
4 7 77 21
4 8 46 52
4 9 6 93
4 10 47 44
4 11 31 69
4 12 71 38
4 13 3 95
4 14 69 27
4 15 89 21
4 16 33 68
5 6 64 41
5 7 28 64
5 8 28 68
5 9 12 77
5 10 10 89
5 11 59 42
5 12 50 42
5 13 25 68
5 14 11 86
5 15 85 19
5 16 40 62
6 7 88 20
6 8 35 66
6 9 39 58
6 10 4 82
6 11 73 32
6 12 79 18
6 13 77 25
6 14 0 89
6 15 43 61
6 16 54 39
7 8 14 82
7 9 67 42
7 10 21 68
7 11 24 66
7 12 6 87
7 13 40 59
7 14 29 64
7 15 43 49
7 16 71 31
8 9 46 48
8 10 33 62
8 11 59 41
8 12 54 43
8 13 29 62
8 14 94 17
8 15 10 87
8 16 26 71
9 10 69 27
9 11 49 43
9 12 53 43
9 13 20 76
9 14 39 63
9 15 45 51
9 16 79 24
10 11 44 55
10 12 13 84
10 13 65 36
10 14 80 25
10 15 56 51
10 16 38 60
11 12 80 29
11 13 96 17
11 14 54 40
11 15 76 32
11 16 85 14
12 13 90 10
12 14 29 67
12 15 33 63
12 16 46 48
13 14 37 65
13 15 55 52
13 16 30 70
14 15 25 76
14 16 91 9
15 16 60 33
