17
0 1 51 48
0 2 27 49
0 3 45 59
0 4 28 36
0 5 16 43
0 6 20 49
0 7 49 37
0 8 33 66
0 9 93 27
0 10 38 38
0 11 25 81
0 12 27 74
0 13 72 15
0 14 0 62
0 15 97 45
0 16 91 26
1 2 53 42
1 3 4 83
1 4 36 32
1 5 36 35
1 6 6 76
1 7 80 14
1 8 34 80
1 9 28 67
1 10 78 15
1 11 57 32
1 12 66 61
1 13 89 39
1 14 30 38
1 15 28 79
1 16 11 91
2 3 29 52
2 4 10 80
2 5 1 59
2 6 28 43
2 7 8 51
2 8 63 34
2 9 41 77
2 10 77 59
2 11 63 50
2 12 38 38
2 13 27 37
2 14 58 33
2 15 4 64
2 16 63 19
3 4 35 53
3 5 11 70
3 6 44 72
3 7 40 33
3 8 33 52
3 9 62 60
3 10 33 69
3 11 25 70
3 12 74 42
3 13 6 80
3 14 3 58
3 15 19 77
3 16 23 82
4 5 3 51
4 6 90 15
4 7 12 52
4 8 81 33
4 9 26 86
4 10 57 21
4 11 77 20
4 12 13 83
4 13 74 55
4 14 23 57
4 15 2 69
4 16 88 42
5 6 44 43
5 7 9 86
5 8 11 72
5 9 9 61
5 10 7 88
5 11 68 40
5 12 28 46
5 13 98 33
5 14 23 59
5 15 42 32
5 16 89 47
6 7 28 70
6 8 90 37
6 9 3 53
6 10 39 52
6 11 7 84
6 12 8 54
6 13 63 45
6 14 96 14
6 15 10 49
6 16 96 40
7 8 68 30
7 9 6 80
7 10 36 46
7 11 17 79
7 12 25 54
7 13 76 46
7 14 43 41
7 15 50 29
7 16 1 87
8 9 82 37
8 10 38 54
8 11 78 13
8 12 14 49
8 13 54 72
8 14 6 79
8 15 37 38
8 16 77 16
9 10 25 81
9 11 4 50
9 12 56 23
9 13 72 56
9 14 79 48
9 15 68 23
9 16 42 54
10 11 42 70
10 12 74 38
10 13 47 30
10 14 23 58
10 15 0 87
10 16 87 14
11 12 81 29
11 13 51 36
11 14 2 98
11 15 71 39
11 16 76 34
12 13 42 39
12 14 46 70
12 15 32 52
12 16 49 30
13 14 0 97
13 15 66 23
13 16 86 40
14 15 39 71
14 16 39 64
15 16 40 67
