20
0 1 37 63
0 2 83 23
0 3 83 15
0 4 95 5
0 5 36 64
0 6 37 58
0 7 3 89
0 8 25 64
0 9 26 68
0 10 42 54
0 11 66 36
0 12 10 89
0 13 31 69
0 14 2 88
0 15 79 27
0 16 15 79
0 17 37 59
0 18 45 47
0 19 23 78
1 2 39 64
1 3 58 41
1 4 61 36
1 5 41 62
1 6 96 4
1 7 15 80
1 8 53 54
1 9 65 42
1 10 70 39
1 11 54 43
1 12 28 68
1 13 8 89
1 14 32 64
1 15 84 13
1 16 48 44
1 17 18 80
1 18 33 67
1 19 29 62
2 3 9 86
2 4 0 94
2 5 27 64
2 6 34 59
2 7 87 25
2 8 96 3
2 9 92 20
2 10 78 19
2 11 34 66
2 12 76 22
2 13 41 52
2 14 75 27
2 15 1 98
2 16 59 47
2 17 7 93
2 18 7 86
2 19 99 4
3 4 80 25
3 5 68 32
3 6 13 76
3 7 83 21
3 8 49 54
3 9 64 36
3 10 57 41
3 11 36 62
3 12 34 62
3 13 36 54
3 14 90 11
3 15 15 76
3 16 43 56
3 17 5 85
3 18 10 82
3 19 58 43
4 5 76 23
4 6 1 90
4 7 18 70
4 8 26 67
4 9 15 73
4 10 64 44
4 11 9 83
4 12 24 69
4 13 52 54
4 14 67 36
4 15 71 38
4 16 25 71
4 17 35 66
4 18 10 87
4 19 47 50
5 6 28 70
5 7 21 79
5 8 40 57
5 9 69 28
5 10 56 49
5 11 68 29
5 12 60 37
5 13 69 38
5 14 31 65
5 15 81 18
5 16 11 77
5 17 36 54
5 18 0 96
5 19 8 81
6 7 71 33
6 8 47 47
6 9 13 78
6 10 70 30
6 11 37 64
6 12 40 57
6 13 95 4
6 14 67 34
6 15 65 32
6 16 14 86
6 17 65 32
6 18 86 26
6 19 49 50
7 8 79 30
7 9 13 87
7 10 60 46
7 11 67 40
7 12 63 38
7 13 69 30
7 14 26 76
7 15 3 89
7 16 57 48
7 17 55 48
7 18 58 35
7 19 36 56
8 9 19 82
8 10 90 17
8 11 59 42
8 12 64 33
8 13 5 89
8 14 90 20
8 15 90 9
8 16 53 50
8 17 93 20
8 18 80 19
8 19 51 42
9 10 47 57
9 11 64 35
9 12 68 37
9 13 27 69
9 14 53 51
9 15 13 76
9 16 92 10
9 17 42 51
9 18 41 54
9 19 4 89
10 11 89 22
10 12 65 37
10 13 95 10
10 14 49 49
10 15 54 46
10 16 13 87
10 17 84 18
10 18 22 68
10 19 86 13
11 12 13 78
11 13 22 76
11 14 5 86
11 15 20 80
11 16 32 62
11 17 46 57
11 18 53 39
11 19 44 57
12 13 72 31
12 14 30 64
12 15 0 88
12 16 34 59
12 17 78 27
12 18 98 1
12 19 63 37
13 14 98 1
13 15 59 47
13 16 58 38
13 17 88 20
13 18 91 16
13 19 10 81
14 15 49 46
14 16 98 14
14 17 22 74
14 18 16 84
14 19 32 64
15 16 22 80
15 17 1 91
15 18 54 46
15 19 2 92
16 17 33 68
16 18 59 42
16 19 5 91
17 18 75 21
17 19 89 9
18 19 80 16
