25
0 1 95 38
0 2 53 71
0 3 44 33
0 4 30 69
0 5 38 48
0 6 97 35
0 7 96 6
0 8 80 9
0 9 56 39
0 10 89 9
0 11 33 66
0 12 80 57
0 13 72 23
0 14 49 59
0 15 88 44
0 16 17 69
0 17 53 43
0 18 34 70
0 19 33 40
0 20 60 39
0 21 44 36
0 22 75 21
0 23 67 39
0 24 30 39
1 2 66 18
1 3 22 62
1 4 35 53
1 5 53 48
1 6 3 62
1 7 72 19
1 8 91 40
1 9 55 69
1 10 19 67
1 11 27 41
1 12 9 79
1 13 4 75
1 14 10 79
1 15 23 88
1 16 23 39
1 17 67 54
1 18 45 65
1 19 89 22
1 20 79 16
1 21 89 18
1 22 68 18
1 23 3 60
1 24 13 55
2 3 51 50
2 4 50 64
2 5 46 29
2 6 99 27
2 7 52 69
2 8 83 53
2 9 57 45
2 10 5 80
2 11 94 45
2 12 46 56
2 13 97 3
2 14 0 95
2 15 60 56
2 16 48 64
2 17 57 58
2 18 41 47
2 19 21 87
2 20 24 69
2 21 59 60
2 22 31 62
2 23 52 45
2 24 43 36
3 4 29 77
3 5 76 53
3 6 30 64
3 7 80 21
3 8 6 60
3 9 97 15
3 10 22 54
3 11 84 51
3 12 97 22
3 13 12 55
3 14 80 22
3 15 48 74
3 16 14 67
3 17 32 47
3 18 85 28
3 19 31 58
3 20 75 51
3 21 11 59
3 22 87 49
3 23 0 87
3 24 50 64
4 5 99 14
4 6 95 12
4 7 96 39
4 8 42 40
4 9 56 34
4 10 61 26
4 11 16 47
4 12 55 26
4 13 28 36
4 14 80 58
4 15 40 44
4 16 83 33
4 17 41 77
4 18 93 10
4 19 46 71
4 20 97 42
4 21 70 24
4 22 48 62
4 23 30 67
4 24 28 44
5 6 23 63
5 7 64 50
5 8 64 27
5 9 57 39
5 10 28 74
5 11 8 60
5 12 73 26
5 13 35 56
5 14 80 57
5 15 10 54
5 16 75 54
5 17 75 21
5 18 6 95
5 19 65 37
5 20 93 4
5 21 48 34
5 22 90 31
5 23 35 80
5 24 40 57
6 7 33 73
6 8 94 35
6 9 64 59
6 10 26 45
6 11 21 57
6 12 42 50
6 13 36 54
6 14 1 55
6 15 6 52
6 16 99 9
6 17 12 54
6 18 71 32
6 19 3 55
6 20 70 33
6 21 37 66
6 22 63 30
6 23 75 40
6 24 81 49
7 8 56 58
7 9 34 75
7 10 97 19
7 11 53 27
7 12 80 34
7 13 52 37
7 14 76 38
7 15 17 70
7 16 69 25
7 17 81 35
7 18 41 39
7 19 87 33
7 20 58 63
7 21 88 32
7 22 70 51
7 23 71 53
7 24 14 67
8 9 23 60
8 10 38 31
8 11 98 41
8 12 4 50
8 13 61 32
8 14 69 39
8 15 41 50
8 16 49 51
8 17 95 38
8 18 49 66
8 19 50 49
8 20 62 45
8 21 59 21
8 22 23 56
8 23 12 58
8 24 59 40
9 10 62 63
9 11 75 33
9 12 78 40
9 13 24 72
9 14 89 9
9 15 91 13
9 16 99 13
9 17 96 34
9 18 22 83
9 19 64 18
9 20 82 47
9 21 63 27
9 22 77 19
9 23 97 21
9 24 37 61
10 11 20 43
10 12 85 29
10 13 31 74
10 14 63 37
10 15 42 43
10 16 37 49
10 17 91 50
10 18 54 53
10 19 18 44
10 20 36 48
10 21 56 65
10 22 43 49
10 23 55 33
10 24 16 63
11 12 39 64
11 13 82 22
11 14 9 73
11 15 94 42
11 16 16 65
11 17 98 3
11 18 31 36
11 19 5 91
11 20 20 88
11 21 73 17
11 22 86 33
11 23 23 46
11 24 66 47
12 13 79 42
12 14 40 69
12 15 45 46
12 16 33 47
12 17 23 61
12 18 0 81
12 19 98 41
12 20 78 45
12 21 83 8
12 22 51 32
12 23 74 45
12 24 5 74
13 14 63 22
13 15 86 54
13 16 29 61
13 17 36 66
13 18 64 54
13 19 28 49
13 20 68 56
13 21 67 53
13 22 33 61
13 23 61 48
13 24 68 58
14 15 51 35
14 16 43 37
14 17 48 33
14 18 88 11
14 19 36 41
14 20 80 27
14 21 42 40
14 22 89 41
14 23 2 85
14 24 20 62
15 16 90 15
15 17 44 43
15 18 6 85
15 19 76 27
15 20 54 36
15 21 16 60
15 22 48 67
15 23 0 63
15 24 46 73
16 17 92 52
16 18 1 87
16 19 60 29
16 20 99 22
16 21 54 60
16 22 89 22
16 23 34 79
16 24 57 24
17 18 24 44
17 19 69 56
17 20 55 28
17 21 49 70
17 22 4 79
17 23 63 24
17 24 74 39
18 19 26 84
18 20 55 24
18 21 42 63
18 22 28 38
18 23 3 93
18 24 70 57
19 20 47 36
19 21 27 63
19 22 52 63
19 23 30 75
19 24 36 42
20 21 26 40
20 22 16 48
20 23 55 68
20 24 42 38
21 22 24 87
21 23 94 48
21 24 53 30
22 23 63 49
22 24 22 51
23 24 85 32
