25
0 1 24 20
0 2 89 2
0 3 22 82
0 4 63 49
0 5 57 36
0 6 6 72
0 7 8 64
0 8 19 45
0 9 11 92
0 10 0 68
0 11 10 23
0 12 97 44
0 13 95 70
0 14 62 29
0 15 68 67
0 16 99 10
0 17 33 92
0 18 50 85
0 19 76 19
0 20 62 29
0 21 83 63
0 22 70 27
0 23 81 68
0 24 54 31
1 2 98 73
1 3 52 37
1 4 27 87
1 5 25 32
1 6 14 40
1 7 76 55
1 8 20 65
1 9 70 39
1 10 15 54
1 11 77 66
1 12 22 85
1 13 6 96
1 14 35 33
1 15 19 76
1 16 76 57
1 17 17 27
1 18 44 90
1 19 67 8
1 20 83 72
1 21 89 44
1 22 44 65
1 23 20 63
1 24 15 45
2 3 63 21
2 4 14 63
2 5 46 67
2 6 19 19
2 7 18 52
2 8 14 74
2 9 87 20
2 10 93 6
2 11 28 43
2 12 46 51
2 13 76 5
2 14 41 24
2 15 57 25
2 16 0 96
2 17 91 4
2 18 0 28
2 19 43 72
2 20 96 11
2 21 83 48
2 22 10 30
2 23 13 21
2 24 10 67
3 4 79 42
3 5 36 51
3 6 28 45
3 7 21 78
3 8 0 28
3 9 53 85
3 10 26 40
3 11 40 42
3 12 9 93
3 13 98 1
3 14 22 80
3 15 25 43
3 16 29 87
3 17 52 33
3 18 8 74
3 19 86 27
3 20 78 36
3 21 12 61
3 22 36 46
3 23 26 66
3 24 23 64
4 5 85 64
4 6 13 62
4 7 97 3
4 8 38 81
4 9 79 47
4 10 17 84
4 11 36 80
4 12 46 17
4 13 61 84
4 14 90 32
4 15 14 90
4 16 68 18
4 17 81 39
4 18 75 20
4 19 49 88
4 20 57 44
4 21 27 69
4 22 97 40
4 23 79 80
4 24 72 46
5 6 96 41
5 7 79 38
5 8 50 40
5 9 61 19
5 10 21 94
5 11 18 73
5 12 28 63
5 13 65 26
5 14 66 62
5 15 55 56
5 16 59 53
5 17 61 77
5 18 76 52
5 19 99 24
5 20 71 42
5 21 69 60
5 22 12 21
5 23 36 69
5 24 87 72
6 7 27 85
6 8 47 18
6 9 61 71
6 10 36 88
6 11 56 16
6 12 96 77
6 13 5 49
6 14 41 17
6 15 32 49
6 16 75 46
6 17 50 70
6 18 28 77
6 19 8 69
6 20 67 17
6 21 56 42
6 22 36 65
6 23 29 61
6 24 53 55
7 8 38 72
7 9 49 78
7 10 52 41
7 11 3 52
7 12 61 17
7 13 88 14
7 14 60 56
7 15 76 16
7 16 9 67
7 17 28 47
7 18 43 69
7 19 93 22
7 20 64 47
7 21 84 9
7 22 0 89
7 23 75 57
7 24 45 33
8 9 67 8
8 10 36 23
8 11 59 50
8 12 76 14
8 13 21 16
8 14 69 73
8 15 70 28
8 16 54 16
8 17 27 56
8 18 58 11
8 19 2 38
8 20 96 50
8 21 69 36
8 22 74 17
8 23 51 51
8 24 47 47
9 10 16 19
9 11 61 79
9 12 42 35
9 13 48 30
9 14 39 42
9 15 92 56
9 16 17 59
9 17 41 74
9 18 9 68
9 19 15 83
9 20 21 25
9 21 13 73
9 22 92 28
9 23 32 19
9 24 81 28
10 11 6 93
10 12 43 48
10 13 51 9
10 14 8 40
10 15 34 68
10 16 0 78
10 17 77 51
10 18 18 43
10 19 51 12
10 20 35 15
10 21 72 9
10 22 59 47
10 23 65 68
10 24 65 39
11 12 9 19
11 13 47 89
11 14 93 36
11 15 11 64
11 16 42 74
11 17 35 84
11 18 30 51
11 19 19 24
11 20 20 55
11 21 74 31
11 22 92 1
11 23 89 15
11 24 86 38
12 13 98 68
12 14 16 22
12 15 73 58
12 16 53 71
12 17 60 33
12 18 38 85
12 19 40 89
12 20 73 39
12 21 72 12
12 22 38 69
12 23 47 57
12 24 19 69
13 14 4 25
13 15 38 78
13 16 94 14
13 17 30 88
13 18 12 89
13 19 5 86
13 20 19 38
13 21 1 56
13 22 44 23
13 23 62 28
13 24 95 80
14 15 79 45
14 16 44 24
14 17 10 29
14 18 96 46
14 19 77 31
14 20 45 41
14 21 90 62
14 22 99 28
14 23 68 55
14 24 15 66
15 16 14 31
15 17 16 95
15 18 83 67
15 19 53 34
15 20 67 39
15 21 99 32
15 22 21 47
15 23 72 18
15 24 0 29
16 17 24 87
16 18 49 75
16 19 12 20
16 20 9 46
16 21 69 71
16 22 5 28
16 23 22 68
16 24 40 19
17 18 60 36
17 19 27 71
17 20 4 89
17 21 84 34
17 22 48 16
17 23 40 40
17 24 70 56
18 19 35 90
18 20 11 81
18 21 44 32
18 22 25 57
18 23 53 22
18 24 97 61
19 20 72 10
19 21 93 55
19 22 77 7
19 23 6 51
19 24 34 33
20 21 28 53
20 22 88 80
20 23 35 73
20 24 42 64
21 22 10 50
21 23 64 10
21 24 52 53
22 23 87 70
22 24 79 42
23 24 97 12
