30
0 1 25 64
0 2 87 29
0 3 77 12
0 4 81 54
0 5 18 82
0 6 98 25
0 7 77 19
0 8 94 16
0 9 80 15
0 10 72 36
0 11 20 65
0 12 30 80
0 13 37 58
0 14 30 49
0 15 12 62
0 16 80 58
0 17 83 22
0 18 50 32
0 19 93 12
0 20 71 34
0 21 79 33
0 22 81 15
0 23 63 49
0 24 70 53
0 25 12 67
0 26 34 43
0 27 31 38
0 28 76 36
0 29 45 51
1 2 6 90
1 3 27 78
1 4 33 81
1 5 10 56
1 6 37 45
1 7 94 39
1 8 2 65
1 9 58 46
1 10 39 60
1 11 40 63
1 12 43 58
1 13 18 45
1 14 87 38
1 15 79 44
1 16 33 54
1 17 79 33
1 18 28 52
1 19 63 20
1 20 67 47
1 21 89 31
1 22 24 40
1 23 43 53
1 24 26 74
1 25 54 46
1 26 89 30
1 27 5 95
1 28 11 89
1 29 44 44
2 3 35 62
2 4 60 31
2 5 64 48
2 6 54 43
2 7 57 22
2 8 8 84
2 9 15 78
2 10 17 70
2 11 7 75
2 12 90 49
2 13 22 66
2 14 43 45
2 15 94 9
2 16 18 49
2 17 33 38
2 18 27 48
2 19 80 36
2 20 25 43
2 21 42 66
2 22 58 27
2 23 38 48
2 24 49 62
2 25 80 42
2 26 56 30
2 27 20 79
2 28 0 58
2 29 50 29
3 4 59 40
3 5 33 43
3 6 83 56
3 7 56 34
3 8 85 44
3 9 32 68
3 10 62 30
3 11 28 36
3 12 89 47
3 13 52 54
3 14 34 57
3 15 52 42
3 16 13 67
3 17 7 76
3 18 58 69
3 19 6 82
3 20 48 62
3 21 0 56
3 22 97 26
3 23 66 22
3 24 89 34
3 25 91 50
3 26 14 57
3 27 18 53
3 28 42 65
3 29 34 75
4 5 76 20
4 6 24 83
4 7 98 2
4 8 0 61
4 9 78 23
4 10 93 52
4 11 79 50
4 12 18 73
4 13 67 26
4 14 12 44
4 15 85 12
4 16 49 34
4 17 32 69
4 18 24 39
4 19 78 43
4 20 28 75
4 21 27 61
4 22 89 45
4 23 21 80
4 24 82 35
4 25 79 40
4 26 59 61
4 27 23 63
4 28 68 51
4 29 61 29
5 6 91 47
5 7 49 34
5 8 50 31
5 9 13 55
5 10 80 25
5 11 86 34
5 12 8 79
5 13 70 63
5 14 72 19
5 15 13 77
5 16 72 32
5 17 43 42
5 18 5 84
5 19 77 55
5 20 26 83
5 21 64 62
5 22 76 30
5 23 13 92
5 24 6 61
5 25 82 23
5 26 18 57
5 27 43 71
5 28 85 49
5 29 33 39
6 7 9 54
6 8 97 16
6 9 74 32
6 10 0 55
6 11 98 25
6 12 37 45
6 13 77 22
6 14 10 72
6 15 85 14
6 16 53 45
6 17 29 78
6 18 93 29
6 19 32 56
6 20 54 40
6 21 30 73
6 22 32 74
6 23 74 14
6 24 28 44
6 25 38 51
6 26 8 73
6 27 17 63
6 28 92 30
6 29 96 6
7 8 6 59
7 9 35 51
7 10 90 37
7 11 54 43
7 12 45 49
7 13 8 93
7 14 28 67
7 15 38 78
7 16 48 63
7 17 55 56
7 18 35 36
7 19 86 46
7 20 9 53
7 21 39 67
7 22 55 62
7 23 66 44
7 24 58 62
7 25 85 21
7 26 76 39
7 27 25 42
7 28 64 30
7 29 48 64
8 9 6 58
8 10 73 38
8 11 22 88
8 12 83 32
8 13 93 37
8 14 61 46
8 15 5 78
8 16 18 65
8 17 96 30
8 18 44 55
8 19 99 20
8 20 50 65
8 21 52 65
8 22 50 58
8 23 53 32
8 24 89 49
8 25 97 9
8 26 24 42
8 27 26 76
8 28 39 77
8 29 50 55
9 10 68 32
9 11 33 74
9 12 0 55
9 13 35 35
9 14 98 39
9 15 74 45
9 16 40 49
9 17 21 67
9 18 82 21
9 19 71 18
9 20 96 9
9 21 29 58
9 22 93 5
9 23 71 47
9 24 56 30
9 25 11 46
9 26 40 65
9 27 64 37
9 28 78 45
9 29 26 63
10 11 10 81
10 12 78 31
10 13 83 55
10 14 76 12
10 15 9 69
10 16 72 59
10 17 62 42
10 18 5 61
10 19 25 45
10 20 64 26
10 21 72 24
10 22 19 84
10 23 37 79
10 24 26 41
10 25 23 56
10 26 26 81
10 27 8 89
10 28 11 78
10 29 54 28
11 12 22 73
11 13 86 27
11 14 42 35
11 15 20 62
11 16 14 61
11 17 94 39
11 18 19 54
11 19 98 26
11 20 74 21
11 21 11 83
11 22 86 34
11 23 27 52
11 24 44 73
11 25 15 83
11 26 25 81
11 27 49 47
11 28 98 8
11 29 42 63
12 13 45 57
12 14 11 82
12 15 68 37
12 16 78 49
12 17 15 77
12 18 98 37
12 19 65 59
12 20 41 32
12 21 52 53
12 22 23 49
12 23 63 58
12 24 82 13
12 25 37 77
12 26 49 55
12 27 5 96
12 28 47 29
12 29 96 25
13 14 66 23
13 15 51 59
13 16 71 27
13 17 25 62
13 18 86 48
13 19 67 66
13 20 53 51
13 21 71 29
13 22 67 57
13 23 55 60
13 24 61 22
13 25 35 75
13 26 76 16
13 27 24 76
13 28 25 59
13 29 92 29
14 15 92 40
14 16 4 49
14 17 42 31
14 18 6 52
14 19 61 52
14 20 49 61
14 21 22 58
14 22 4 79
14 23 59 40
14 24 69 20
14 25 73 61
14 26 18 84
14 27 11 62
14 28 98 34
14 29 76 36
15 16 10 71
15 17 54 25
15 18 77 13
15 19 5 66
15 20 26 50
15 21 5 88
15 22 97 5
15 23 72 26
15 24 99 20
15 25 34 46
15 26 37 49
15 27 44 45
15 28 32 67
15 29 25 62
16 17 49 59
16 18 96 15
16 19 60 26
16 20 44 49
16 21 91 16
16 22 8 54
16 23 55 24
16 24 83 50
16 25 12 62
16 26 48 28
16 27 50 30
16 28 87 13
16 29 33 42
17 18 7 65
17 19 21 42
17 20 72 17
17 21 37 51
17 22 27 36
17 23 97 23
17 24 23 74
17 25 11 77
17 26 88 34
17 27 58 31
17 28 19 76
17 29 44 47
18 19 32 56
18 20 17 53
18 21 37 36
18 22 36 60
18 23 46 51
18 24 93 18
18 25 25 78
18 26 40 48
18 27 97 3
18 28 42 73
18 29 64 33
19 20 74 46
19 21 25 76
19 22 3 93
19 23 18 72
19 24 21 85
19 25 61 36
19 26 26 70
19 27 49 65
19 28 39 47
19 29 16 74
20 21 53 35
20 22 87 29
20 23 46 26
20 24 27 51
20 25 55 29
20 26 40 47
20 27 71 31
20 28 8 77
20 29 69 56
21 22 99 7
21 23 30 47
21 24 81 21
21 25 88 16
21 26 87 9
21 27 26 53
21 28 97 37
21 29 27 41
22 23 55 63
22 24 81 56
22 25 47 43
22 26 16 73
22 27 64 40
22 28 16 56
22 29 75 62
23 24 61 41
23 25 94 44
23 26 38 32
23 27 17 72
23 28 81 27
23 29 71 46
24 25 3 57
24 26 31 39
24 27 43 73
24 28 84 15
24 29 84 11
25 26 97 26
25 27 63 53
25 28 55 37
25 29 81 29
26 27 9 59
26 28 39 77
26 29 2 97
27 28 79 39
27 29 58 49
28 29 29 41
