33
0 1 12 81
0 2 93 15
0 3 66 33
0 4 49 46
0 5 90 20
0 6 16 73
0 7 82 20
0 8 37 57
0 9 14 72
0 10 29 67
0 11 63 35
0 12 65 35
0 13 99 13
0 14 36 62
0 15 98 15
0 16 59 37
0 17 24 69
0 18 48 49
0 19 89 12
0 20 84 22
0 21 94 10
0 22 27 70
0 23 39 53
0 24 11 76
0 25 25 76
0 26 12 75
0 27 69 27
0 28 3 90
0 29 24 75
0 30 72 32
0 31 4 94
0 32 32 59
1 2 49 56
1 3 22 72
1 4 0 87
1 5 73 34
1 6 59 35
1 7 38 55
1 8 49 52
1 9 6 91
1 10 39 59
1 11 12 76
1 12 90 9
1 13 71 31
1 14 94 8
1 15 56 43
1 16 18 79
1 17 4 83
1 18 62 40
1 19 83 25
1 20 51 55
1 21 60 45
1 22 38 65
1 23 24 71
1 24 30 63
1 25 82 26
1 26 91 16
1 27 29 65
1 28 98 2
1 29 23 76
1 30 78 21
1 31 66 30
1 32 21 68
2 3 90 20
2 4 96 7
2 5 40 62
2 6 94 11
2 7 19 80
2 8 52 53
2 9 43 61
2 10 98 10
2 11 57 40
2 12 33 70
2 13 16 82
2 14 77 30
2 15 11 79
2 16 74 30
2 17 85 17
2 18 47 49
2 19 24 76
2 20 99 2
2 21 23 68
2 22 58 46
2 23 41 59
2 24 97 10
2 25 58 40
2 26 4 84
2 27 29 74
2 28 61 34
2 29 98 9
2 30 65 32
2 31 40 61
2 32 88 21
3 4 32 64
3 5 62 37
3 6 74 24
3 7 10 87
3 8 63 35
3 9 54 52
3 10 36 58
3 11 51 48
3 12 99 1
3 13 38 62
3 14 0 93
3 15 2 97
3 16 23 74
3 17 74 23
3 18 29 71
3 19 73 36
3 20 55 43
3 21 98 10
3 22 2 95
3 23 89 22
3 24 19 79
3 25 32 70
3 26 26 64
3 27 60 35
3 28 38 56
3 29 89 11
3 30 74 26
3 31 93 8
3 32 11 77
4 5 69 31
4 6 55 40
4 7 1 88
4 8 71 32
4 9 39 53
4 10 16 74
4 11 66 28
4 12 42 57
4 13 81 24
4 14 35 59
4 15 4 91
4 16 24 67
4 17 98 9
4 18 27 62
4 19 35 64
4 20 97 9
4 21 41 51
4 22 41 58
4 23 52 51
4 24 73 29
4 25 7 85
4 26 42 49
4 27 98 13
4 28 7 86
4 29 96 17
4 30 25 63
4 31 33 69
4 32 8 90
5 6 25 75
5 7 78 18
5 8 78 23
5 9 95 17
5 10 85 17
5 11 47 53
5 12 56 47
5 13 49 54
5 14 45 52
5 15 9 83
5 16 83 25
5 17 50 43
5 18 44 56
5 19 69 26
5 20 52 43
5 21 89 13
5 22 9 85
5 23 48 53
5 24 3 93
5 25 15 78
5 26 27 74
5 27 89 17
5 28 76 31
5 29 94 7
5 30 87 23
5 31 52 49
5 32 97 12
6 7 18 69
6 8 40 58
6 9 98 7
6 10 99 10
6 11 68 39
6 12 85 14
6 13 28 70
6 14 93 8
6 15 66 40
6 16 93 7
6 17 32 62
6 18 31 65
6 19 38 53
6 20 60 47
6 21 83 13
6 22 57 49
6 23 25 67
6 24 58 42
6 25 7 84
6 26 63 37
6 27 34 66
6 28 69 31
6 29 72 24
6 30 59 38
6 31 56 50
6 32 53 54
7 8 26 73
7 9 70 39
7 10 72 38
7 11 85 27
7 12 6 84
7 13 54 53
7 14 70 32
7 15 51 54
7 16 96 11
7 17 75 29
7 18 73 25
7 19 19 72
7 20 6 89
7 21 2 90
7 22 99 7
7 23 30 61
7 24 27 68
7 25 29 68
7 26 95 6
7 27 11 88
7 28 34 62
7 29 88 18
7 30 34 56
7 31 78 30
7 32 84 18
8 9 87 22
8 10 56 48
8 11 65 37
8 12 72 26
8 13 36 56
8 14 9 79
8 15 18 71
8 16 34 56
8 17 29 68
8 18 88 19
8 19 20 68
8 20 77 21
8 21 32 59
8 22 34 69
8 23 80 24
8 24 47 48
8 25 7 78
8 26 82 27
8 27 76 28
8 28 93 8
8 29 32 70
8 30 24 76
8 31 96 9
8 32 77 23
9 10 64 44
9 11 66 39
9 12 20 72
9 13 13 76
9 14 80 23
9 15 0 95
9 16 58 42
9 17 42 53
9 18 7 86
9 19 20 74
9 20 53 53
9 21 43 56
9 22 99 11
9 23 40 52
9 24 0 87
9 25 8 89
9 26 53 41
9 27 55 43
9 28 92 8
9 29 96 17
9 30 1 86
9 31 87 16
9 32 1 90
10 11 53 53
10 12 24 68
10 13 90 17
10 14 45 57
10 15 22 71
10 16 46 45
10 17 14 87
10 18 3 92
10 19 78 22
10 20 6 89
10 21 7 91
10 22 94 12
10 23 48 47
10 24 70 35
10 25 19 68
10 26 38 63
10 27 34 57
10 28 27 70
10 29 72 26
10 30 12 74
10 31 47 57
10 32 16 72
11 12 20 80
11 13 68 32
11 14 12 74
11 15 9 84
11 16 52 50
11 17 35 57
11 18 62 33
11 19 17 70
11 20 5 86
11 21 78 28
11 22 59 42
11 23 40 54
11 24 66 28
11 25 58 35
11 26 64 39
11 27 98 14
11 28 65 35
11 29 43 60
11 30 38 56
11 31 58 38
11 32 96 16
12 13 2 84
12 14 44 61
12 15 44 55
12 16 39 53
12 17 63 31
12 18 45 49
12 19 58 45
12 20 14 77
12 21 61 40
12 22 15 76
12 23 98 9
12 24 76 23
12 25 65 33
12 26 73 30
12 27 53 52
12 28 40 51
12 29 96 6
12 30 40 53
12 31 77 24
12 32 85 13
13 14 24 75
13 15 34 58
13 16 82 21
13 17 27 68
13 18 32 60
13 19 96 6
13 20 85 18
13 21 41 49
13 22 4 90
13 23 32 58
13 24 21 76
13 25 73 25
13 26 33 59
13 27 46 51
13 28 50 52
13 29 8 77
13 30 68 30
13 31 88 20
13 32 82 20
14 15 12 87
14 16 94 16
14 17 26 63
14 18 85 25
14 19 37 61
14 20 54 51
14 21 90 18
14 22 85 14
14 23 35 66
14 24 83 18
14 25 4 93
14 26 84 21
14 27 48 49
14 28 30 72
14 29 14 75
14 30 26 68
14 31 99 13
14 32 28 75
15 16 0 90
15 17 56 44
15 18 1 89
15 19 67 36
15 20 76 31
15 21 1 95
15 22 77 25
15 23 49 52
15 24 68 32
15 25 43 55
15 26 42 54
15 27 54 44
15 28 62 41
15 29 78 27
15 30 97 14
15 31 46 50
15 32 11 83
16 17 30 68
16 18 56 47
16 19 79 30
16 20 85 18
16 21 10 84
16 22 36 62
16 23 67 39
16 24 89 16
16 25 50 53
16 26 81 29
16 27 94 15
16 28 18 82
16 29 51 53
16 30 22 80
16 31 32 59
16 32 37 61
17 18 40 60
17 19 8 89
17 20 18 78
17 21 71 23
17 22 46 53
17 23 92 18
17 24 78 26
17 25 47 55
17 26 42 50
17 27 18 72
17 28 36 68
17 29 75 25
17 30 33 65
17 31 56 50
17 32 55 42
18 19 61 38
18 20 32 68
18 21 45 54
18 22 87 11
18 23 68 34
18 24 24 65
18 25 24 75
18 26 56 41
18 27 72 31
18 28 52 48
18 29 92 14
18 30 11 75
18 31 60 39
18 32 61 47
19 20 48 57
19 21 58 41
19 22 32 65
19 23 79 20
19 24 18 80
19 25 19 68
19 26 31 65
19 27 46 56
19 28 41 54
19 29 66 36
19 30 63 35
19 31 49 48
19 32 63 39
20 21 78 29
20 22 30 60
20 23 74 25
20 24 66 37
20 25 67 42
20 26 10 80
20 27 40 55
20 28 44 48
20 29 92 20
20 30 8 87
20 31 16 82
20 32 73 23
21 22 50 46
21 23 1 93
21 24 18 81
21 25 13 84
21 26 45 46
21 27 78 33
21 28 59 46
21 29 47 57
21 30 76 33
21 31 24 70
21 32 11 81
22 23 56 38
22 24 90 16
22 25 59 46
22 26 6 91
22 27 97 16
22 28 95 12
22 29 50 53
22 30 26 70
22 31 1 88
22 32 6 86
23 24 15 73
23 25 94 17
23 26 12 88
23 27 79 21
23 28 36 56
23 29 27 64
23 30 45 53
23 31 99 9
23 32 5 92
24 25 36 62
24 26 43 53
24 27 28 66
24 28 8 91
24 29 97 5
24 30 42 55
24 31 18 81
24 32 87 23
25 26 96 9
25 27 21 70
25 28 86 19
25 29 4 84
25 30 31 66
25 31 58 36
25 32 44 52
26 27 95 12
26 28 10 85
26 29 82 16
26 30 64 35
26 31 82 29
26 32 37 67
27 28 37 63
27 29 97 9
27 30 12 87
27 31 95 15
27 32 25 76
28 29 38 58
28 30 62 42
28 31 41 61
28 32 76 27
29 30 72 33
29 31 65 31
29 32 0 90
30 31 4 92
30 32 86 20
31 32 45 60
