35
0 1 5 66
0 2 71 33
0 3 11 54
0 4 83 40
0 5 50 34
0 6 0 79
0 7 60 45
0 8 60 35
0 9 57 53
0 10 7 92
0 11 61 50
0 12 84 26
0 13 6 85
0 14 66 54
0 15 93 39
0 16 51 58
0 17 71 18
0 18 75 62
0 19 15 62
0 20 45 29
0 21 31 42
0 22 56 50
0 23 83 14
0 24 39 50
0 25 91 26
0 26 37 58
0 27 75 52
0 28 56 66
0 29 56 34
0 30 75 44
0 31 65 24
0 32 32 34
0 33 48 44
0 34 24 56
1 2 43 57
1 3 57 31
1 4 65 60
1 5 28 45
1 6 6 54
1 7 55 42
1 8 85 32
1 9 56 36
1 10 52 33
1 11 79 41
1 12 4 92
1 13 19 48
1 14 78 43
1 15 50 62
1 16 13 60
1 17 81 12
1 18 1 75
1 19 2 60
1 20 42 40
1 21 5 53
1 22 28 71
1 23 5 55
1 24 71 53
1 25 3 92
1 26 56 71
1 27 87 10
1 28 72 50
1 29 75 20
1 30 29 49
1 31 81 10
1 32 57 59
1 33 99 32
1 34 67 63
2 3 24 39
2 4 99 21
2 5 99 21
2 6 79 39
2 7 26 55
2 8 94 9
2 9 36 63
2 10 32 61
2 11 85 57
2 12 16 52
2 13 2 68
2 14 95 37
2 15 9 57
2 16 24 70
2 17 43 31
2 18 68 23
2 19 42 63
2 20 70 55
2 21 80 13
2 22 80 53
2 23 40 77
2 24 62 42
2 25 5 68
2 26 54 44
2 27 84 25
2 28 70 50
2 29 41 30
2 30 78 16
2 31 38 44
2 32 22 56
2 33 96 23
2 34 84 56
3 4 87 53
3 5 3 71
3 6 13 51
3 7 43 29
3 8 88 46
3 9 82 34
3 10 59 38
3 11 3 80
3 12 31 41
3 13 46 71
3 14 42 32
3 15 30 72
3 16 35 56
3 17 0 80
3 18 93 49
3 19 57 39
3 20 62 42
3 21 88 32
3 22 17 67
3 23 88 52
3 24 64 27
3 25 51 57
3 26 2 68
3 27 4 85
3 28 27 79
3 29 11 87
3 30 37 65
3 31 43 52
3 32 50 24
3 33 56 57
3 34 45 59
4 5 3 62
4 6 36 32
4 7 57 34
4 8 10 46
4 9 83 57
4 10 58 60
4 11 94 30
4 12 96 47
4 13 95 16
4 14 37 39
4 15 65 31
4 16 9 64
4 17 5 73
4 18 52 44
4 19 44 43
4 20 39 79
4 21 99 0
4 22 12 81
4 23 97 10
4 24 40 59
4 25 8 51
4 26 52 30
4 27 74 31
4 28 80 12
4 29 95 18
4 30 32 48
4 31 29 50
4 32 28 51
4 33 82 41
4 34 45 66
5 6 63 56
5 7 39 40
5 8 12 85
5 9 37 63
5 10 26 70
5 11 62 64
5 12 3 80
5 13 43 75
5 14 80 23
5 15 9 80
5 16 67 29
5 17 20 66
5 18 78 45
5 19 45 38
5 20 74 53
5 21 10 70
5 22 93 10
5 23 22 82
5 24 10 56
5 25 55 27
5 26 97 43
5 27 45 76
5 28 52 58
5 29 92 33
5 30 46 45
5 31 9 47
5 32 12 84
5 33 86 11
5 34 59 25
6 7 13 89
6 8 92 13
6 9 62 57
6 10 60 38
6 11 99 35
6 12 17 74
6 13 41 44
6 14 34 48
6 15 0 61
6 16 82 13
6 17 60 61
6 18 45 64
6 19 3 92
6 20 56 61
6 21 80 42
6 22 23 50
6 23 59 65
6 24 97 20
6 25 31 71
6 26 84 22
6 27 66 31
6 28 32 67
6 29 81 56
6 30 57 47
6 31 14 73
6 32 45 38
6 33 95 18
6 34 75 26
7 8 97 40
7 9 48 38
7 10 86 32
7 11 26 61
7 12 61 45
7 13 51 33
7 14 58 46
7 15 81 16
7 16 38 78
7 17 71 35
7 18 15 83
7 19 70 40
7 20 18 67
7 21 20 75
7 22 22 79
7 23 27 71
7 24 92 21
7 25 97 9
7 26 66 41
7 27 58 47
7 28 71 35
7 29 37 72
7 30 41 55
7 31 48 68
7 32 93 28
7 33 56 66
7 34 96 22
8 9 27 70
8 10 95 51
8 11 96 33
8 12 4 91
8 13 17 44
8 14 83 39
8 15 88 10
8 16 61 59
8 17 61 27
8 18 41 37
8 19 59 29
8 20 96 19
8 21 92 16
8 22 18 55
8 23 91 11
8 24 80 46
8 25 5 88
8 26 87 51
8 27 48 37
8 28 17 60
8 29 84 27
8 30 48 53
8 31 75 12
8 32 24 86
8 33 66 42
8 34 39 79
9 10 84 51
9 11 51 54
9 12 33 64
9 13 87 49
9 14 10 50
9 15 28 40
9 16 40 73
9 17 40 77
9 18 32 82
9 19 35 37
9 20 31 77
9 21 8 83
9 22 29 79
9 23 54 53
9 24 26 48
9 25 4 80
9 26 85 53
9 27 60 60
9 28 50 47
9 29 45 75
9 30 25 47
9 31 96 46
9 32 46 60
9 33 23 82
9 34 45 59
10 11 97 23
10 12 27 53
10 13 11 92
10 14 74 15
10 15 82 38
10 16 73 57
10 17 33 70
10 18 13 80
10 19 48 51
10 20 25 82
10 21 54 64
10 22 64 33
10 23 95 44
10 24 88 43
10 25 75 17
10 26 93 35
10 27 72 58
10 28 21 45
10 29 69 63
10 30 71 24
10 31 54 53
10 32 22 60
10 33 60 40
10 34 29 83
11 12 80 21
11 13 57 25
11 14 86 44
11 15 65 50
11 16 39 40
11 17 33 54
11 18 92 34
11 19 15 91
11 20 28 44
11 21 44 47
11 22 37 69
11 23 89 49
11 24 74 56
11 25 25 86
11 26 56 25
11 27 17 55
11 28 31 74
11 29 55 22
11 30 51 73
11 31 16 60
11 32 37 64
11 33 90 54
11 34 69 52
12 13 45 69
12 14 41 60
12 15 25 66
12 16 69 15
12 17 29 84
12 18 27 54
12 19 24 38
12 20 48 52
12 21 81 35
12 22 79 54
12 23 30 79
12 24 98 34
12 25 23 61
12 26 38 58
12 27 37 73
12 28 34 78
12 29 59 47
12 30 56 28
12 31 62 35
12 32 68 54
12 33 47 58
12 34 25 51
13 14 59 65
13 15 64 20
13 16 75 43
13 17 45 30
13 18 26 81
13 19 36 52
13 20 11 78
13 21 41 45
13 22 98 9
13 23 26 85
13 24 67 52
13 25 46 61
13 26 32 41
13 27 55 54
13 28 44 65
13 29 22 56
13 30 38 37
13 31 74 57
13 32 10 79
13 33 76 31
13 34 71 55
14 15 18 83
14 16 57 32
14 17 24 41
14 18 54 57
14 19 6 79
14 20 37 64
14 21 8 51
14 22 89 35
14 23 28 83
14 24 50 42
14 25 15 64
14 26 88 23
14 27 42 53
14 28 26 66
14 29 64 57
14 30 93 36
14 31 26 39
14 32 2 86
14 33 22 40
14 34 11 70
15 16 38 46
15 17 50 55
15 18 78 26
15 19 78 34
15 20 96 46
15 21 52 71
15 22 87 33
15 23 75 41
15 24 27 46
15 25 19 77
15 26 23 50
15 27 58 34
15 28 81 54
15 29 18 55
15 30 22 81
15 31 1 96
15 32 91 38
15 33 1 52
15 34 21 78
16 17 79 25
16 18 26 77
16 19 78 44
16 20 23 42
16 21 5 75
16 22 48 41
16 23 18 61
16 24 8 49
16 25 44 58
16 26 30 83
16 27 86 10
16 28 26 86
16 29 87 48
16 30 20 59
16 31 4 96
16 32 17 88
16 33 56 26
16 34 73 55
17 18 56 60
17 19 82 17
17 20 78 49
17 21 63 26
17 22 60 60
17 23 30 79
17 24 52 49
17 25 46 70
17 26 33 73
17 27 16 81
17 28 85 32
17 29 43 35
17 30 9 62
17 31 64 38
17 32 33 35
17 33 96 48
17 34 76 57
18 19 78 35
18 20 51 67
18 21 12 73
18 22 71 44
18 23 72 36
18 24 46 34
18 25 79 59
18 26 98 46
18 27 90 29
18 28 76 19
18 29 60 66
18 30 61 53
18 31 34 58
18 32 52 62
18 33 74 50
18 34 80 21
19 20 50 44
19 21 46 45
19 22 29 54
19 23 29 35
19 24 0 61
19 25 86 17
19 26 22 45
19 27 24 47
19 28 79 29
19 29 30 52
19 30 84 37
19 31 8 69
19 32 34 36
19 33 58 55
19 34 57 59
20 21 9 77
20 22 66 51
20 23 39 55
20 24 0 65
20 25 24 49
20 26 55 52
20 27 75 46
20 28 81 14
20 29 65 55
20 30 3 67
20 31 55 67
20 32 84 48
20 33 23 46
20 34 24 76
21 22 63 25
21 23 18 83
21 24 41 74
21 25 77 29
21 26 56 54
21 27 7 48
21 28 31 44
21 29 13 43
21 30 76 55
21 31 46 38
21 32 2 60
21 33 74 39
21 34 48 41
22 23 31 46
22 24 58 38
22 25 88 33
22 26 79 46
22 27 41 71
22 28 40 51
22 29 14 47
22 30 65 38
22 31 17 81
22 32 25 75
22 33 65 48
22 34 17 79
23 24 47 73
23 25 57 33
23 26 5 64
23 27 73 59
23 28 85 10
23 29 66 64
23 30 80 17
23 31 43 28
23 32 99 39
23 33 25 43
23 34 78 16
24 25 65 26
24 26 16 43
24 27 47 65
24 28 33 48
24 29 20 86
24 30 12 81
24 31 83 22
24 32 82 58
24 33 39 73
24 34 12 91
25 26 91 47
25 27 55 33
25 28 46 48
25 29 3 86
25 30 42 37
25 31 28 74
25 32 79 56
25 33 22 59
25 34 20 45
26 27 93 32
26 28 86 36
26 29 57 55
26 30 12 68
26 31 24 63
26 32 78 40
26 33 42 40
26 34 95 44
27 28 82 51
27 29 1 72
27 30 80 20
27 31 95 27
27 32 12 44
27 33 48 61
27 34 50 27
28 29 51 69
28 30 72 13
28 31 26 37
28 32 96 22
28 33 65 57
28 34 72 62
29 30 30 63
29 31 30 83
29 32 28 39
29 33 71 40
29 34 61 20
30 31 41 45
30 32 41 71
30 33 38 75
30 34 57 71
31 32 17 42
31 33 11 47
31 34 26 84
32 33 21 75
32 34 7 59
33 34 9 71
