38
0 1 78 22
0 2 59 47
0 3 35 64
0 4 8 79
0 5 11 75
0 6 13 76
0 7 82 27
0 8 82 20
0 9 62 34
0 10 32 66
0 11 63 36
0 12 8 79
0 13 79 26
0 14 13 79
0 15 85 20
0 16 85 15
0 17 43 48
0 18 11 75
0 19 33 56
0 20 1 87
0 21 17 71
0 22 45 48
0 23 14 72
0 24 27 71
0 25 44 48
0 26 51 51
0 27 14 86
0 28 13 80
0 29 12 88
0 30 10 82
0 31 61 32
0 32 43 49
0 33 15 83
0 34 13 78
0 35 44 53
0 36 22 68
0 37 59 46
1 2 38 65
1 3 41 55
1 4 32 69
1 5 43 53
1 6 36 58
1 7 22 69
1 8 78 26
1 9 19 76
1 10 31 62
1 11 98 9
1 12 65 43
1 13 42 51
1 14 63 33
1 15 29 65
1 16 58 45
1 17 94 8
1 18 53 41
1 19 61 36
1 20 63 33
1 21 12 80
1 22 22 72
1 23 6 82
1 24 76 25
1 25 44 57
1 26 72 37
1 27 3 94
1 28 52 46
1 29 33 70
1 30 91 8
1 31 48 44
1 32 64 33
1 33 77 21
1 34 30 63
1 35 55 48
1 36 95 10
1 37 87 13
2 3 53 52
2 4 71 28
2 5 61 34
2 6 54 44
2 7 49 44
2 8 10 88
2 9 81 22
2 10 24 70
2 11 69 27
2 12 75 24
2 13 36 67
2 14 6 90
2 15 45 46
2 16 18 69
2 17 37 56
2 18 26 62
2 19 91 19
2 20 8 91
2 21 24 70
2 22 9 82
2 23 69 39
2 24 54 44
2 25 99 8
2 26 95 16
2 27 89 12
2 28 46 48
2 29 43 51
2 30 11 88
2 31 4 84
2 32 19 75
2 33 42 56
2 34 26 69
2 35 43 58
2 36 55 44
2 37 15 80
3 4 73 26
3 5 40 63
3 6 95 18
3 7 65 40
3 8 17 76
3 9 27 72
3 10 31 68
3 11 36 62
3 12 87 17
3 13 3 84
3 14 21 67
3 15 68 30
3 16 35 63
3 17 32 65
3 18 82 15
3 19 95 8
3 20 41 49
3 21 74 28
3 22 95 17
3 23 96 14
3 24 69 32
3 25 60 41
3 26 11 75
3 27 35 59
3 28 35 63
3 29 31 64
3 30 66 32
3 31 65 37
3 32 74 23
3 33 46 50
3 34 99 6
3 35 6 91
3 36 7 82
3 37 98 13
4 5 45 59
4 6 64 33
4 7 82 14
4 8 32 63
4 9 51 47
4 10 25 69
4 11 59 48
4 12 74 26
4 13 39 53
4 14 89 20
4 15 57 38
4 16 23 70
4 17 85 22
4 18 83 22
4 19 93 18
4 20 9 79
4 21 28 63
4 22 21 80
4 23 47 45
4 24 19 75
4 25 72 25
4 26 42 50
4 27 59 34
4 28 91 16
4 29 4 87
4 30 70 29
4 31 38 60
4 32 7 81
4 33 83 24
4 34 75 26
4 35 79 29
4 36 43 53
4 37 29 62
5 6 21 81
5 7 50 50
5 8 69 37
5 9 3 89
5 10 11 76
5 11 68 35
5 12 14 84
5 13 40 51
5 14 2 94
5 15 24 65
5 16 92 20
5 17 88 17
5 18 7 85
5 19 57 40
5 20 67 40
5 21 57 50
5 22 76 21
5 23 43 60
5 24 32 71
5 25 84 23
5 26 60 40
5 27 52 49
5 28 64 36
5 29 67 34
5 30 99 8
5 31 70 25
5 32 62 45
5 33 50 50
5 34 15 76
5 35 1 84
5 36 36 58
5 37 42 50
6 7 69 31
6 8 87 16
6 9 99 8
6 10 16 76
6 11 6 84
6 12 85 26
6 13 92 8
6 14 32 66
6 15 28 72
6 16 72 33
6 17 53 41
6 18 80 29
6 19 11 76
6 20 11 87
6 21 40 57
6 22 72 23
6 23 53 46
6 24 13 81
6 25 38 55
6 26 87 14
6 27 14 80
6 28 83 18
6 29 60 34
6 30 46 56
6 31 11 83
6 32 17 72
6 33 15 79
6 34 21 67
6 35 36 67
6 36 96 14
6 37 44 61
7 8 48 51
7 9 95 9
7 10 85 24
7 11 34 61
7 12 47 46
7 13 11 88
7 14 19 69
7 15 2 93
7 16 88 10
7 17 51 45
7 18 44 49
7 19 47 46
7 20 71 30
7 21 29 72
7 22 61 36
7 23 38 56
7 24 16 75
7 25 7 79
7 26 50 53
7 27 33 62
7 28 70 37
7 29 46 53
7 30 19 77
7 31 37 65
7 32 10 88
7 33 57 49
7 34 93 11
7 35 41 60
7 36 36 66
7 37 77 23
8 9 7 90
8 10 74 26
8 11 75 23
8 12 93 15
8 13 64 33
8 14 35 64
8 15 17 77
8 16 31 58
8 17 78 23
8 18 46 53
8 19 89 12
8 20 49 53
8 21 75 32
8 22 38 60
8 23 67 39
8 24 25 76
8 25 50 42
8 26 58 45
8 27 56 46
8 28 95 4
8 29 7 91
8 30 63 40
8 31 10 80
8 32 67 39
8 33 72 34
8 34 35 57
8 35 15 85
8 36 6 91
8 37 47 52
9 10 77 33
9 11 73 24
9 12 42 56
9 13 60 42
9 14 2 95
9 15 60 35
9 16 1 90
9 17 59 49
9 18 52 50
9 19 12 85
9 20 17 81
9 21 13 77
9 22 90 16
9 23 99 0
9 24 14 77
9 25 73 34
9 26 45 55
9 27 54 39
9 28 51 44
9 29 94 5
9 30 41 63
9 31 86 14
9 32 36 54
9 33 56 49
9 34 54 43
9 35 98 15
9 36 60 39
9 37 76 29
10 11 63 45
10 12 25 66
10 13 12 84
10 14 1 94
10 15 65 39
10 16 47 53
10 17 8 86
10 18 51 48
10 19 35 64
10 20 62 39
10 21 93 10
10 22 80 20
10 23 35 63
10 24 76 22
10 25 17 73
10 26 48 43
10 27 69 40
10 28 94 19
10 29 95 14
10 30 19 81
10 31 19 70
10 32 47 59
10 33 98 11
10 34 13 76
10 35 78 20
10 36 31 66
10 37 28 73
11 12 22 79
11 13 13 79
11 14 59 39
11 15 38 62
11 16 13 80
11 17 9 82
11 18 40 56
11 19 7 84
11 20 74 35
11 21 89 14
11 22 62 42
11 23 43 59
11 24 67 27
11 25 98 12
11 26 28 72
11 27 39 54
11 28 66 42
11 29 85 25
11 30 14 80
11 31 2 94
11 32 19 73
11 33 59 40
11 34 17 83
11 35 13 85
11 36 67 29
11 37 27 75
12 13 89 13
12 14 69 26
12 15 43 53
12 16 44 50
12 17 0 88
12 18 35 67
12 19 61 45
12 20 38 55
12 21 4 82
12 22 73 26
12 23 54 52
12 24 89 15
12 25 84 17
12 26 14 85
12 27 68 32
12 28 10 86
12 29 82 17
12 30 52 46
12 31 19 77
12 32 11 77
12 33 69 40
12 34 59 34
12 35 65 39
12 36 2 88
12 37 74 30
13 14 98 11
13 15 36 62
13 16 5 84
13 17 18 71
13 18 44 59
13 19 10 85
13 20 6 81
13 21 1 98
13 22 38 56
13 23 63 42
13 24 75 33
13 25 11 88
13 26 32 67
13 27 76 28
13 28 46 52
13 29 17 73
13 30 42 62
13 31 12 77
13 32 10 86
13 33 52 48
13 34 5 82
13 35 81 18
13 36 62 34
13 37 99 13
14 15 13 77
14 16 15 78
14 17 75 28
14 18 52 53
14 19 13 81
14 20 60 34
14 21 67 38
14 22 33 65
14 23 95 9
14 24 57 43
14 25 40 60
14 26 86 13
14 27 6 82
14 28 8 81
14 29 91 9
14 30 95 9
14 31 82 15
14 32 28 65
14 33 45 57
14 34 66 40
14 35 66 42
14 36 92 11
14 37 62 36
15 16 18 75
15 17 72 37
15 18 36 64
15 19 61 43
15 20 53 40
15 21 95 9
15 22 48 49
15 23 13 76
15 24 3 95
15 25 33 65
15 26 78 21
15 27 92 7
15 28 87 18
15 29 25 70
15 30 72 34
15 31 62 37
15 32 90 9
15 33 15 86
15 34 76 20
15 35 60 46
15 36 73 25
15 37 25 69
16 17 6 88
16 18 11 76
16 19 24 78
16 20 73 37
16 21 3 85
16 22 81 21
16 23 74 36
16 24 74 29
16 25 43 48
16 26 1 86
16 27 19 78
16 28 34 61
16 29 8 91
16 30 95 10
16 31 90 13
16 32 41 53
16 33 62 34
16 34 57 46
16 35 58 48
16 36 44 51
16 37 9 84
17 18 39 65
17 19 59 34
17 20 42 50
17 21 50 54
17 22 73 27
17 23 27 74
17 24 88 23
17 25 16 74
17 26 85 20
17 27 20 81
17 28 26 62
17 29 17 79
17 30 15 82
17 31 95 14
17 32 60 48
17 33 92 13
17 34 64 31
17 35 51 49
17 36 97 3
17 37 3 85
18 19 87 24
18 20 85 15
18 21 5 94
18 22 44 49
18 23 91 15
18 24 89 23
18 25 0 96
18 26 81 20
18 27 90 15
18 28 72 23
18 29 37 61
18 30 23 68
18 31 91 7
18 32 83 24
18 33 50 52
18 34 66 33
18 35 59 34
18 36 17 76
18 37 57 45
19 20 66 38
19 21 63 41
19 22 76 29
19 23 20 76
19 24 13 77
19 25 49 44
19 26 90 7
19 27 28 66
19 28 28 69
19 29 40 58
19 30 63 33
19 31 0 96
19 32 39 65
19 33 63 38
19 34 80 16
19 35 33 60
19 36 13 85
19 37 11 85
20 21 27 67
20 22 41 51
20 23 44 47
20 24 8 79
20 25 71 28
20 26 57 42
20 27 58 50
20 28 56 41
20 29 3 84
20 30 65 38
20 31 2 88
20 32 31 62
20 33 9 86
20 34 4 85
20 35 79 29
20 36 11 87
20 37 19 78
21 22 17 74
21 23 56 39
21 24 26 69
21 25 56 39
21 26 74 24
21 27 20 73
21 28 59 36
21 29 90 15
21 30 54 52
21 31 13 83
21 32 49 47
21 33 94 15
21 34 63 38
21 35 66 41
21 36 33 70
21 37 3 89
22 23 22 72
22 24 97 8
22 25 2 92
22 26 93 17
22 27 29 67
22 28 66 35
22 29 7 88
22 30 18 75
22 31 2 84
22 32 89 11
22 33 90 8
22 34 10 86
22 35 28 69
22 36 56 43
22 37 13 76
23 24 16 77
23 25 22 74
23 26 58 36
23 27 78 18
23 28 58 42
23 29 19 78
23 30 19 80
23 31 49 42
23 32 65 34
23 33 80 18
23 34 43 55
23 35 50 47
23 36 62 44
23 37 48 48
24 25 41 62
24 26 44 62
24 27 79 27
24 28 44 54
24 29 42 58
24 30 66 30
24 31 45 51
24 32 46 60
24 33 76 29
24 34 54 42
24 35 81 24
24 36 48 50
24 37 44 56
25 26 80 17
25 27 84 21
25 28 13 79
25 29 80 18
25 30 2 96
25 31 1 88
25 32 36 57
25 33 85 19
25 34 7 85
25 35 22 67
25 36 49 51
25 37 38 65
26 27 54 46
26 28 78 32
26 29 54 47
26 30 31 66
26 31 73 35
26 32 28 68
26 33 38 67
26 34 46 51
26 35 32 61
26 36 42 54
26 37 17 74
27 28 25 68
27 29 12 80
27 30 24 70
27 31 38 56
27 32 9 81
27 33 17 72
27 34 10 82
27 35 34 62
27 36 69 30
27 37 98 10
28 29 35 56
28 30 61 40
28 31 77 30
28 32 87 12
28 33 24 69
28 34 75 29
28 35 47 56
28 36 62 40
28 37 70 35
29 30 7 81
29 31 29 65
29 32 15 86
29 33 18 82
29 34 72 30
29 35 48 47
29 36 76 26
29 37 94 17
30 31 49 44
30 32 73 25
30 33 9 86
30 34 74 31
30 35 95 18
30 36 83 18
30 37 64 43
31 32 75 26
31 33 27 64
31 34 35 65
31 35 12 75
31 36 92 7
31 37 43 56
32 33 66 41
32 34 94 14
32 35 89 14
32 36 29 61
32 37 1 85
33 34 30 62
33 35 90 18
33 36 31 61
33 37 14 84
34 35 10 88
34 36 27 73
34 37 93 10
35 36 25 77
35 37 41 58
36 37 14 81
