38
0 1 35 43
0 2 32 86
0 3 41 26
0 4 76 21
0 5 52 71
0 6 31 52
0 7 57 32
0 8 13 88
0 9 73 59
0 10 7 96
0 11 71 29
0 12 96 16
0 13 78 29
0 14 42 36
0 15 1 83
0 16 56 31
0 17 59 54
0 18 0 24
0 19 77 63
0 20 14 50
0 21 8 66
0 22 50 72
0 23 10 43
0 24 47 86
0 25 85 81
0 26 44 37
0 27 86 31
0 28 3 44
0 29 91 48
0 30 39 49
0 31 56 75
0 32 77 53
0 33 33 76
0 34 69 31
0 35 58 54
0 36 54 29
0 37 87 24
1 2 15 73
1 3 52 55
1 4 69 45
1 5 76 84
1 6 44 69
1 7 67 47
1 8 26 57
1 9 62 86
1 10 77 57
1 11 28 33
1 12 73 76
1 13 13 19
1 14 28 74
1 15 30 79
1 16 29 32
1 17 76 14
1 18 79 71
1 19 87 34
1 20 85 53
1 21 17 64
1 22 70 57
1 23 48 86
1 24 43 59
1 25 94 29
1 26 57 80
1 27 10 57
1 28 86 61
1 29 56 71
1 30 76 27
1 31 2 82
1 32 21 73
1 33 50 68
1 34 40 22
1 35 60 61
1 36 89 52
1 37 70 82
2 3 71 60
2 4 18 28
2 5 74 9
2 6 16 46
2 7 72 32
2 8 16 21
2 9 62 12
2 10 36 85
2 11 72 59
2 12 96 79
2 13 87 61
2 14 24 76
2 15 93 27
2 16 81 36
2 17 5 69
2 18 37 85
2 19 25 87
2 20 13 41
2 21 95 75
2 22 29 51
2 23 26 15
2 24 73 42
2 25 25 18
2 26 60 10
2 27 79 70
2 28 5 82
2 29 88 38
2 30 68 46
2 31 7 83
2 32 94 49
2 33 0 32
2 34 97 56
2 35 4 57
2 36 96 20
2 37 89 43
3 4 56 11
3 5 13 54
3 6 24 40
3 7 24 31
3 8 87 47
3 9 8 21
3 10 76 63
3 11 16 46
3 12 20 30
3 13 70 13
3 14 73 43
3 15 65 40
3 16 72 7
3 17 8 90
3 18 68 71
3 19 81 61
3 20 74 54
3 21 20 58
3 22 45 16
3 23 9 80
3 24 90 74
3 25 94 32
3 26 10 91
3 27 5 30
3 28 86 61
3 29 49 62
3 30 92 77
3 31 15 30
3 32 21 80
3 33 7 46
3 34 63 75
3 35 44 81
3 36 64 24
3 37 48 32
4 5 19 16
4 6 65 31
4 7 95 20
4 8 85 76
4 9 52 24
4 10 15 36
4 11 45 39
4 12 16 55
4 13 93 6
4 14 48 80
4 15 92 61
4 16 91 71
4 17 29 17
4 18 80 33
4 19 63 79
4 20 26 37
4 21 77 71
4 22 6 43
4 23 9 29
4 24 95 63
4 25 69 69
4 26 20 66
4 27 95 77
4 28 87 58
4 29 13 74
4 30 93 65
4 31 35 43
4 32 3 59
4 33 42 80
4 34 14 94
4 35 70 43
4 36 29 58
4 37 56 67
5 6 47 74
5 7 88 57
5 8 30 36
5 9 90 31
5 10 12 51
5 11 13 51
5 12 87 45
5 13 80 16
5 14 87 63
5 15 99 27
5 16 44 11
5 17 5 27
5 18 44 30
5 19 87 66
5 20 13 27
5 21 28 42
5 22 42 11
5 23 48 66
5 24 17 51
5 25 70 61
5 26 2 54
5 27 0 89
5 28 77 17
5 29 29 33
5 30 89 23
5 31 63 69
5 32 93 62
5 33 93 53
5 34 34 91
5 35 45 74
5 36 84 70
5 37 97 6
6 7 71 28
6 8 39 16
6 9 90 61
6 10 36 68
6 11 92 13
6 12 45 30
6 13 76 63
6 14 72 51
6 15 32 87
6 16 2 37
6 17 86 44
6 18 29 86
6 19 18 36
6 20 68 14
6 21 7 60
6 22 77 35
6 23 27 83
6 24 74 16
6 25 90 20
6 26 75 31
6 27 31 20
6 28 35 23
6 29 16 78
6 30 65 75
6 31 44 18
6 32 48 35
6 33 70 18
6 34 43 21
6 35 15 61
6 36 68 66
6 37 2 29
7 8 86 29
7 9 61 45
7 10 16 36
7 11 88 41
7 12 70 33
7 13 7 23
7 14 77 37
7 15 50 34
7 16 61 33
7 17 11 83
7 18 87 53
7 19 19 58
7 20 26 75
7 21 76 28
7 22 77 76
7 23 7 22
7 24 93 58
7 25 10 61
7 26 49 68
7 27 85 8
7 28 48 54
7 29 75 84
7 30 82 43
7 31 34 16
7 32 75 23
7 33 55 58
7 34 45 22
7 35 87 70
7 36 97 51
7 37 44 11
8 9 30 76
8 10 42 38
8 11 40 37
8 12 41 44
8 13 34 23
8 14 89 26
8 15 13 95
8 16 85 17
8 17 54 16
8 18 82 9
8 19 80 28
8 20 36 79
8 21 69 15
8 22 6 50
8 23 23 38
8 24 97 33
8 25 35 68
8 26 31 72
8 27 95 20
8 28 77 44
8 29 63 14
8 30 1 58
8 31 68 72
8 32 44 22
8 33 65 50
8 34 6 43
8 35 23 87
8 36 61 50
8 37 8 22
9 10 59 69
9 11 60 9
9 12 41 82
9 13 44 40
9 14 11 91
9 15 82 69
9 16 92 24
9 17 30 76
9 18 11 58
9 19 19 73
9 20 9 82
9 21 61 64
9 22 58 38
9 23 35 83
9 24 62 76
9 25 46 37
9 26 11 58
9 27 55 10
9 28 13 77
9 29 16 61
9 30 60 61
9 31 21 62
9 32 63 30
9 33 89 37
9 34 65 83
9 35 37 30
9 36 71 49
9 37 74 7
10 11 69 9
10 12 19 59
10 13 31 39
10 14 65 56
10 15 82 14
10 16 24 33
10 17 35 13
10 18 27 90
10 19 81 80
10 20 89 21
10 21 84 52
10 22 76 49
10 23 85 19
10 24 21 44
10 25 45 75
10 26 17 22
10 27 71 74
10 28 69 6
10 29 59 10
10 30 51 23
10 31 2 56
10 32 25 27
10 33 35 29
10 34 94 34
10 35 22 32
10 36 84 51
10 37 69 37
11 12 41 71
11 13 38 29
11 14 33 31
11 15 0 45
11 16 7 20
11 17 74 60
11 18 33 51
11 19 50 56
11 20 6 76
11 21 28 72
11 22 49 55
11 23 98 23
11 24 54 39
11 25 9 60
11 26 46 56
11 27 42 75
11 28 82 4
11 29 87 18
11 30 3 61
11 31 47 59
11 32 91 10
11 33 5 29
11 34 48 48
11 35 71 32
11 36 77 72
11 37 93 74
12 13 52 61
12 14 50 39
12 15 10 69
12 16 16 32
12 17 38 36
12 18 17 48
12 19 92 20
12 20 96 2
12 21 30 88
12 22 0 52
12 23 83 56
12 24 12 71
12 25 37 68
12 26 65 83
12 27 24 69
12 28 65 81
12 29 83 9
12 30 36 30
12 31 31 52
12 32 17 39
12 33 35 38
12 34 67 78
12 35 1 46
12 36 41 52
12 37 32 58
13 14 69 30
13 15 55 71
13 16 40 80
13 17 95 33
13 18 97 15
13 19 40 14
13 20 76 30
13 21 55 54
13 22 88 19
13 23 91 52
13 24 3 84
13 25 41 83
13 26 99 53
13 27 71 37
13 28 89 51
13 29 53 73
13 30 46 77
13 31 81 13
13 32 95 31
13 33 53 51
13 34 80 21
13 35 42 26
13 36 22 51
13 37 56 27
14 15 76 81
14 16 99 11
14 17 61 59
14 18 28 70
14 19 2 75
14 20 26 66
14 21 31 63
14 22 87 18
14 23 49 88
14 24 59 48
14 25 11 97
14 26 2 40
14 27 74 27
14 28 2 67
14 29 42 88
14 30 81 36
14 31 12 47
14 32 36 22
14 33 97 59
14 34 92 71
14 35 94 72
14 36 92 7
14 37 40 31
15 16 83 25
15 17 4 76
15 18 98 66
15 19 16 48
15 20 42 76
15 21 17 78
15 22 63 44
15 23 37 24
15 24 17 70
15 25 2 29
15 26 53 56
15 27 99 39
15 28 41 78
15 29 7 77
15 30 28 79
15 31 91 11
15 32 47 18
15 33 54 17
15 34 24 84
15 35 59 45
15 36 34 43
15 37 52 67
16 17 53 75
16 18 21 56
16 19 67 79
16 20 29 22
16 21 3 74
16 22 83 28
16 23 63 68
16 24 35 81
16 25 41 34
16 26 64 41
16 27 10 68
16 28 75 26
16 29 77 6
16 30 59 62
16 31 37 61
16 32 76 70
16 33 12 45
16 34 64 25
16 35 35 47
16 36 78 54
16 37 92 4
17 18 19 87
17 19 65 33
17 20 61 41
17 21 96 42
17 22 19 25
17 23 82 39
17 24 12 89
17 25 66 9
17 26 80 15
17 27 6 81
17 28 97 48
17 29 76 20
17 30 9 82
17 31 25 15
17 32 30 58
17 33 5 73
17 34 16 67
17 35 96 19
17 36 90 65
17 37 60 69
18 19 18 84
18 20 39 31
18 21 1 21
18 22 62 61
18 23 60 10
18 24 71 60
18 25 8 94
18 26 35 48
18 27 89 46
18 28 47 42
18 29 2 69
18 30 72 47
18 31 25 93
18 32 20 60
18 33 55 72
18 34 49 45
18 35 85 11
18 36 75 26
18 37 86 42
19 20 98 47
19 21 16 77
19 22 40 40
19 23 46 52
19 24 41 34
19 25 53 32
19 26 11 62
19 27 22 91
19 28 2 61
19 29 47 46
19 30 48 74
19 31 65 40
19 32 18 39
19 33 46 88
19 34 51 76
19 35 94 2
19 36 37 81
19 37 49 35
20 21 40 22
20 22 46 10
20 23 55 58
20 24 16 31
20 25 32 71
20 26 75 15
20 27 70 29
20 28 38 26
20 29 34 13
20 30 7 80
20 31 43 44
20 32 17 47
20 33 17 25
20 34 41 12
20 35 4 74
20 36 50 41
20 37 22 78
21 22 64 82
21 23 28 76
21 24 26 83
21 25 83 55
21 26 99 54
21 27 22 93
21 28 0 31
21 29 99 72
21 30 37 78
21 31 59 56
21 32 17 62
21 33 5 76
21 34 62 79
21 35 35 77
21 36 66 23
21 37 2 89
22 23 97 52
22 24 69 83
22 25 49 48
22 26 15 72
22 27 36 38
22 28 51 24
22 29 95 47
22 30 76 66
22 31 37 16
22 32 96 60
22 33 70 49
22 34 0 86
22 35 93 66
22 36 97 47
22 37 35 88
23 24 72 72
23 25 36 49
23 26 53 82
23 27 8 47
23 28 99 68
23 29 48 44
23 30 56 38
23 31 22 90
23 32 84 68
23 33 1 29
23 34 90 57
23 35 58 88
23 36 66 32
23 37 49 53
24 25 76 12
24 26 47 58
24 27 61 23
24 28 87 4
24 29 74 35
24 30 37 89
24 31 13 44
24 32 53 46
24 33 53 35
24 34 89 13
24 35 98 44
24 36 78 82
24 37 97 25
25 26 58 48
25 27 52 29
25 28 78 44
25 29 69 29
25 30 0 76
25 31 6 55
25 32 41 61
25 33 14 63
25 34 24 32
25 35 19 79
25 36 56 67
25 37 57 52
26 27 7 54
26 28 8 68
26 29 51 12
26 30 93 35
26 31 1 49
26 32 25 41
26 33 42 60
26 34 98 43
26 35 56 69
26 36 2 40
26 37 12 66
27 28 23 81
27 29 49 45
27 30 42 76
27 31 57 26
27 32 82 17
27 33 17 94
27 34 39 33
27 35 46 29
27 36 97 47
27 37 44 14
28 29 66 75
28 30 32 54
28 31 43 40
28 32 6 80
28 33 62 50
28 34 26 55
28 35 21 93
28 36 68 63
28 37 22 93
29 30 41 76
29 31 31 33
29 32 2 24
29 33 5 31
29 34 33 50
29 35 87 31
29 36 94 14
29 37 96 22
30 31 91 13
30 32 35 16
30 33 31 31
30 34 92 76
30 35 42 72
30 36 30 78
30 37 98 10
31 32 6 79
31 33 34 30
31 34 2 92
31 35 47 81
31 36 17 94
31 37 8 79
32 33 64 63
32 34 52 63
32 35 4 72
32 36 65 72
32 37 39 19
33 34 92 3
33 35 48 52
33 36 31 55
33 37 8 74
34 35 2 62
34 36 55 75
34 37 97 67
35 36 32 92
35 37 65 35
36 37 29 28
