40
0 1 50 47
0 2 24 49
0 3 8 76
0 4 76 42
0 5 42 91
0 6 6 34
0 7 72 11
0 8 45 70
0 9 60 52
0 10 23 67
0 11 39 21
0 12 45 28
0 13 60 51
0 14 6 52
0 15 11 64
0 16 10 34
0 17 72 77
0 18 56 57
0 19 4 66
0 20 15 39
0 21 47 43
0 22 22 61
0 23 77 35
0 24 86 44
0 25 1 71
0 26 17 31
0 27 76 71
0 28 56 55
0 29 79 33
0 30 98 64
0 31 41 64
0 32 59 68
0 33 74 33
0 34 96 34
0 35 0 55
0 36 31 46
0 37 93 1
0 38 59 33
0 39 76 14
1 2 2 46
1 3 62 62
1 4 94 66
1 5 45 77
1 6 74 22
1 7 89 60
1 8 0 38
1 9 19 40
1 10 19 88
1 11 55 47
1 12 32 44
1 13 65 13
1 14 2 61
1 15 64 7
1 16 30 17
1 17 86 9
1 18 32 50
1 19 87 33
1 20 27 14
1 21 8 37
1 22 10 55
1 23 32 44
1 24 15 43
1 25 19 92
1 26 18 65
1 27 8 75
1 28 91 16
1 29 97 38
1 30 20 29
1 31 20 23
1 32 71 58
1 33 77 26
1 34 0 85
1 35 33 35
1 36 24 31
1 37 46 73
1 38 89 77
1 39 53 53
2 3 59 70
2 4 25 50
2 5 7 89
2 6 39 82
2 7 85 78
2 8 48 59
2 9 94 70
2 10 52 62
2 11 9 24
2 12 99 26
2 13 8 56
2 14 65 9
2 15 76 66
2 16 54 11
2 17 30 40
2 18 20 53
2 19 42 53
2 20 16 76
2 21 50 16
2 22 34 81
2 23 69 53
2 24 73 8
2 25 67 17
2 26 23 91
2 27 18 18
2 28 52 30
2 29 59 86
2 30 63 9
2 31 12 58
2 32 96 36
2 33 67 35
2 34 86 46
2 35 77 16
2 36 49 83
2 37 39 40
2 38 34 90
2 39 82 43
3 4 77 54
3 5 71 6
3 6 74 48
3 7 85 8
3 8 13 42
3 9 23 78
3 10 93 41
3 11 77 69
3 12 5 88
3 13 98 21
3 14 98 74
3 15 23 41
3 16 22 23
3 17 30 15
3 18 17 94
3 19 55 19
3 20 12 58
3 21 12 30
3 22 73 17
3 23 48 28
3 24 96 34
3 25 82 62
3 26 17 35
3 27 98 57
3 28 93 60
3 29 89 11
3 30 63 86
3 31 64 8
3 32 33 52
3 33 3 57
3 34 57 46
3 35 71 34
3 36 17 86
3 37 69 66
3 38 13 39
3 39 60 9
4 5 37 75
4 6 35 65
4 7 32 20
4 8 33 21
4 9 36 82
4 10 40 31
4 11 69 28
4 12 43 36
4 13 94 50
4 14 40 91
4 15 35 37
4 16 93 57
4 17 25 85
4 18 6 65
4 19 86 48
4 20 60 81
4 21 11 85
4 22 56 59
4 23 93 79
4 24 17 45
4 25 16 94
4 26 53 88
4 27 93 28
4 28 71 46
4 29 88 39
4 30 3 38
4 31 86 70
4 32 56 37
4 33 83 75
4 34 80 74
4 35 7 56
4 36 1 70
4 37 99 9
4 38 32 40
4 39 33 82
5 6 40 81
5 7 93 5
5 8 61 24
5 9 89 33
5 10 70 44
5 11 45 51
5 12 50 29
5 13 78 6
5 14 54 44
5 15 85 36
5 16 58 39
5 17 33 47
5 18 21 29
5 19 80 43
5 20 2 53
5 21 6 72
5 22 6 82
5 23 58 80
5 24 53 34
5 25 64 36
5 26 79 65
5 27 1 90
5 28 17 31
5 29 83 57
5 30 83 11
5 31 97 67
5 32 32 56
5 33 91 31
5 34 73 83
5 35 9 36
5 36 35 25
5 37 90 49
5 38 67 10
5 39 29 37
6 7 65 8
6 8 43 73
6 9 11 66
6 10 18 75
6 11 42 40
6 12 38 81
6 13 91 79
6 14 61 56
6 15 79 18
6 16 69 9
6 17 10 57
6 18 5 61
6 19 60 29
6 20 83 74
6 21 31 86
6 22 58 86
6 23 30 35
6 24 26 20
6 25 48 87
6 26 12 45
6 27 3 46
6 28 4 90
6 29 11 43
6 30 58 53
6 31 36 64
6 32 19 91
6 33 16 41
6 34 62 28
6 35 47 65
6 36 41 90
6 37 71 71
6 38 3 74
6 39 82 13
7 8 18 19
7 9 30 70
7 10 61 67
7 11 49 15
7 12 87 21
7 13 34 26
7 14 72 8
7 15 68 55
7 16 33 30
7 17 72 46
7 18 46 53
7 19 38 71
7 20 79 40
7 21 28 20
7 22 16 47
7 23 68 41
7 24 34 68
7 25 26 39
7 26 48 66
7 27 5 48
7 28 7 70
7 29 14 31
7 30 61 72
7 31 70 48
7 32 55 65
7 33 79 47
7 34 90 61
7 35 29 31
7 36 66 86
7 37 7 53
7 38 34 83
7 39 64 77
8 9 29 76
8 10 90 68
8 11 98 3
8 12 38 17
8 13 46 57
8 14 95 11
8 15 52 81
8 16 50 86
8 17 64 43
8 18 39 35
8 19 15 42
8 20 72 46
8 21 39 43
8 22 31 44
8 23 18 50
8 24 35 39
8 25 9 66
8 26 89 48
8 27 79 61
8 28 88 57
8 29 30 78
8 30 67 16
8 31 68 11
8 32 90 56
8 33 13 43
8 34 27 43
8 35 61 18
8 36 82 16
8 37 98 51
8 38 43 62
8 39 81 26
9 10 42 39
9 11 18 79
9 12 5 65
9 13 42 13
9 14 78 41
9 15 6 46
9 16 78 27
9 17 46 36
9 18 74 51
9 19 1 48
9 20 44 48
9 21 75 22
9 22 33 15
9 23 49 31
9 24 43 61
9 25 50 23
9 26 80 79
9 27 23 59
9 28 59 78
9 29 75 54
9 30 4 54
9 31 12 65
9 32 67 33
9 33 61 83
9 34 7 67
9 35 32 78
9 36 98 7
9 37 88 61
9 38 0 95
9 39 76 32
10 11 99 46
10 12 11 26
10 13 32 24
10 14 65 54
10 15 54 47
10 16 77 27
10 17 40 76
10 18 22 53
10 19 70 48
10 20 57 81
10 21 87 68
10 22 4 35
10 23 82 51
10 24 56 65
10 25 74 73
10 26 79 57
10 27 22 92
10 28 84 25
10 29 88 5
10 30 94 33
10 31 76 27
10 32 41 19
10 33 99 60
10 34 18 90
10 35 59 18
10 36 30 37
10 37 63 28
10 38 56 79
10 39 99 70
11 12 91 28
11 13 10 26
11 14 53 38
11 15 34 76
11 16 85 61
11 17 69 42
11 18 43 30
11 19 83 49
11 20 29 79
11 21 5 59
11 22 80 57
11 23 13 73
11 24 91 77
11 25 18 71
11 26 77 42
11 27 24 42
11 28 34 88
11 29 85 40
11 30 1 26
11 31 65 23
11 32 67 57
11 33 0 61
11 34 41 37
11 35 31 53
11 36 70 25
11 37 75 73
11 38 6 73
11 39 93 75
12 13 0 34
12 14 83 61
12 15 42 55
12 16 68 81
12 17 72 68
12 18 7 40
12 19 8 62
12 20 59 8
12 21 32 44
12 22 69 58
12 23 54 65
12 24 17 49
12 25 63 23
12 26 75 46
12 27 64 82
12 28 22 57
12 29 68 9
12 30 78 22
12 31 77 35
12 32 99 6
12 33 30 72
12 34 71 8
12 35 88 74
12 36 48 34
12 37 52 21
12 38 41 49
12 39 47 71
13 14 40 29
13 15 95 3
13 16 18 56
13 17 2 34
13 18 49 33
13 19 42 84
13 20 23 95
13 21 62 79
13 22 31 19
13 23 37 75
13 24 88 38
13 25 45 35
13 26 40 25
13 27 40 41
13 28 2 81
13 29 43 21
13 30 25 37
13 31 24 29
13 32 5 70
13 33 90 57
13 34 48 85
13 35 57 34
13 36 94 80
13 37 60 21
13 38 85 75
13 39 41 68
14 15 16 47
14 16 59 20
14 17 24 73
14 18 52 25
14 19 90 66
14 20 79 48
14 21 14 96
14 22 12 68
14 23 78 68
14 24 60 62
14 25 1 44
14 26 26 29
14 27 95 78
14 28 41 45
14 29 1 93
14 30 63 51
14 31 74 31
14 32 73 51
14 33 1 92
14 34 62 10
14 35 98 33
14 36 35 54
14 37 97 35
14 38 90 11
14 39 4 70
15 16 89 16
15 17 0 55
15 18 33 82
15 19 49 54
15 20 32 58
15 21 24 60
15 22 41 35
15 23 44 77
15 24 57 36
15 25 33 13
15 26 63 35
15 27 26 40
15 28 37 46
15 29 10 96
15 30 21 39
15 31 33 86
15 32 47 25
15 33 88 27
15 34 54 48
15 35 85 71
15 36 83 30
15 37 13 93
15 38 49 16
15 39 65 36
16 17 62 48
16 18 3 58
16 19 87 25
16 20 48 60
16 21 85 70
16 22 87 24
16 23 59 14
16 24 90 21
16 25 80 65
16 26 65 73
16 27 92 42
16 28 94 69
16 29 95 75
16 30 36 16
16 31 63 27
16 32 33 15
16 33 78 53
16 34 63 73
16 35 13 34
16 36 66 52
16 37 32 39
16 38 34 76
16 39 4 86
17 18 91 52
17 19 82 72
17 20 32 51
17 21 28 92
17 22 51 80
17 23 17 40
17 24 75 72
17 25 91 6
17 26 26 53
17 27 83 37
17 28 51 73
17 29 78 16
17 30 50 44
17 31 54 63
17 32 50 41
17 33 28 46
17 34 69 79
17 35 37 84
17 36 26 49
17 37 30 74
17 38 43 19
17 39 3 23
18 19 73 58
18 20 87 44
18 21 22 44
18 22 43 79
18 23 61 82
18 24 45 88
18 25 26 66
18 26 40 70
18 27 90 35
18 28 69 19
18 29 58 22
18 30 91 34
18 31 95 49
18 32 23 77
18 33 93 64
18 34 79 5
18 35 74 70
18 36 3 83
18 37 50 10
18 38 67 63
18 39 33 77
19 20 98 66
19 21 16 94
19 22 39 26
19 23 94 80
19 24 51 80
19 25 48 17
19 26 11 68
19 27 70 21
19 28 70 72
19 29 13 45
19 30 74 78
19 31 41 64
19 32 35 55
19 33 0 31
19 34 98 47
19 35 75 29
19 36 56 72
19 37 83 29
19 38 45 20
19 39 11 77
20 21 40 60
20 22 23 59
20 23 55 33
20 24 60 23
20 25 32 67
20 26 50 26
20 27 87 5
20 28 48 11
20 29 82 71
20 30 57 25
20 31 7 66
20 32 29 63
20 33 40 26
20 34 79 42
20 35 41 68
20 36 76 22
20 37 34 63
20 38 26 23
20 39 22 24
21 22 92 77
21 23 50 33
21 24 71 39
21 25 96 23
21 26 59 34
21 27 62 70
21 28 3 46
21 29 58 11
21 30 84 42
21 31 63 9
21 32 41 68
21 33 30 14
21 34 70 79
21 35 85 47
21 36 29 61
21 37 64 21
21 38 22 90
21 39 53 31
22 23 46 38
22 24 48 35
22 25 42 37
22 26 85 76
22 27 84 45
22 28 70 36
22 29 81 43
22 30 98 56
22 31 63 80
22 32 50 84
22 33 96 11
22 34 26 64
22 35 62 53
22 36 97 55
22 37 82 56
22 38 88 37
22 39 11 49
23 24 12 94
23 25 52 84
23 26 36 67
23 27 22 67
23 28 95 11
23 29 19 31
23 30 34 40
23 31 73 80
23 32 5 52
23 33 16 65
23 34 36 64
23 35 29 54
23 36 17 48
23 37 53 64
23 38 84 10
23 39 59 12
24 25 19 92
24 26 51 18
24 27 40 73
24 28 55 64
24 29 78 59
24 30 8 94
24 31 8 89
24 32 29 89
24 33 68 83
24 34 50 42
24 35 38 21
24 36 30 57
24 37 9 38
24 38 62 46
24 39 2 21
25 26 41 44
25 27 31 31
25 28 9 38
25 29 96 30
25 30 90 66
25 31 8 52
25 32 85 33
25 33 95 12
25 34 44 21
25 35 48 27
25 36 43 32
25 37 61 29
25 38 17 87
25 39 65 76
26 27 90 51
26 28 50 46
26 29 66 57
26 30 89 64
26 31 59 30
26 32 33 38
26 33 89 70
26 34 36 67
26 35 83 48
26 36 59 14
26 37 34 34
26 38 56 55
26 39 66 75
27 28 94 31
27 29 48 58
27 30 93 14
27 31 30 32
27 32 2 58
27 33 39 24
27 34 52 48
27 35 36 62
27 36 83 82
27 37 0 45
27 38 73 19
27 39 98 19
28 29 19 26
28 30 85 9
28 31 39 65
28 32 42 26
28 33 12 35
28 34 14 88
28 35 39 27
28 36 36 56
28 37 71 24
28 38 35 69
28 39 87 53
29 30 60 65
29 31 44 75
29 32 77 36
29 33 40 63
29 34 95 10
29 35 74 42
29 36 36 66
29 37 46 66
29 38 97 56
29 39 40 76
30 31 68 19
30 32 11 53
30 33 72 85
30 34 92 1
30 35 21 49
30 36 96 68
30 37 2 35
30 38 38 43
30 39 76 36
31 32 16 58
31 33 77 24
31 34 43 34
31 35 55 52
31 36 54 56
31 37 54 40
31 38 68 45
31 39 37 59
32 33 96 71
32 34 18 41
32 35 37 37
32 36 42 49
32 37 93 75
32 38 36 67
32 39 46 17
33 34 64 27
33 35 87 46
33 36 89 11
33 37 5 26
33 38 83 67
33 39 20 32
34 35 57 35
34 36 62 27
34 37 47 60
34 38 84 64
34 39 67 61
35 36 15 21
35 37 27 85
35 38 3 84
35 39 83 16
36 37 43 55
36 38 0 97
36 39 33 82
37 38 84 7
37 39 10 38
38 39 64 77
