40
0 1 21 47
0 2 88 45
0 3 80 32
0 4 43 31
0 5 72 14
0 6 48 54
0 7 61 68
0 8 56 65
0 9 6 58
0 10 13 44
0 11 13 63
0 12 79 13
0 13 39 42
0 14 46 49
0 15 34 75
0 16 32 71
0 17 47 38
0 18 45 42
0 19 19 58
0 20 72 20
0 21 67 32
0 22 89 8
0 23 77 41
0 24 28 84
0 25 37 67
0 26 8 60
0 27 58 45
0 28 11 72
0 29 48 41
0 30 77 18
0 31 48 55
0 32 83 21
0 33 71 42
0 34 91 23
0 35 87 49
0 36 32 71
0 37 74 18
0 38 74 50
0 39 90 18
1 2 26 59
1 3 97 36
1 4 15 83
1 5 60 61
1 6 71 63
1 7 94 12
1 8 66 50
1 9 17 83
1 10 96 30
1 11 48 48
1 12 92 48
1 13 1 49
1 14 43 52
1 15 8 90
1 16 73 49
1 17 67 16
1 18 28 81
1 19 64 53
1 20 33 77
1 21 48 51
1 22 57 32
1 23 38 56
1 24 37 39
1 25 41 76
1 26 19 86
1 27 64 61
1 28 62 36
1 29 45 51
1 30 88 12
1 31 65 19
1 32 67 40
1 33 20 61
1 34 21 47
1 35 87 39
1 36 76 53
1 37 61 62
1 38 35 58
1 39 66 42
2 3 70 31
2 4 44 49
2 5 36 69
2 6 38 49
2 7 51 39
2 8 19 88
2 9 51 66
2 10 19 66
2 11 92 30
2 12 99 39
2 13 2 96
2 14 36 33
2 15 50 64
2 16 1 86
2 17 27 46
2 18 66 27
2 19 59 53
2 20 27 44
2 21 34 67
2 22 42 34
2 23 97 48
2 24 87 41
2 25 78 44
2 26 37 40
2 27 86 42
2 28 45 41
2 29 2 50
2 30 34 74
2 31 2 80
2 32 42 76
2 33 20 50
2 34 8 85
2 35 50 46
2 36 83 49
2 37 45 40
2 38 88 53
2 39 31 34
3 4 25 70
3 5 90 29
3 6 19 68
3 7 10 74
3 8 67 37
3 9 26 39
3 10 37 80
3 11 2 49
3 12 48 41
3 13 40 34
3 14 39 40
3 15 71 49
3 16 72 22
3 17 84 35
3 18 4 88
3 19 18 48
3 20 7 57
3 21 5 94
3 22 1 71
3 23 38 39
3 24 20 54
3 25 81 31
3 26 23 38
3 27 89 6
3 28 99 40
3 29 63 56
3 30 30 80
3 31 86 35
3 32 74 13
3 33 85 28
3 34 48 69
3 35 89 28
3 36 98 28
3 37 95 2
3 38 91 52
3 39 52 49
4 5 5 77
4 6 88 41
4 7 3 55
4 8 97 34
4 9 12 63
4 10 87 9
4 11 93 46
4 12 4 59
4 13 2 81
4 14 93 10
4 15 95 37
4 16 16 66
4 17 61 52
4 18 31 46
4 19 65 37
4 20 84 51
4 21 69 33
4 22 43 72
4 23 96 31
4 24 27 58
4 25 98 27
4 26 42 78
4 27 43 31
4 28 78 55
4 29 30 40
4 30 48 67
4 31 22 51
4 32 49 59
4 33 25 55
4 34 43 55
4 35 53 26
4 36 63 64
4 37 60 34
4 38 48 43
4 39 24 84
5 6 1 80
5 7 67 32
5 8 16 44
5 9 52 39
5 10 78 38
5 11 88 52
5 12 76 35
5 13 61 60
5 14 3 72
5 15 34 39
5 16 20 42
5 17 45 59
5 18 80 39
5 19 66 33
5 20 2 51
5 21 13 67
5 22 0 55
5 23 3 70
5 24 67 64
5 25 70 39
5 26 42 51
5 27 32 80
5 28 62 63
5 29 80 41
5 30 13 55
5 31 4 89
5 32 6 85
5 33 82 35
5 34 94 43
5 35 87 17
5 36 88 14
5 37 98 30
5 38 85 18
5 39 64 27
6 7 91 46
6 8 42 32
6 9 7 69
6 10 62 36
6 11 69 34
6 12 32 79
6 13 84 54
6 14 48 45
6 15 68 35
6 16 25 62
6 17 85 8
6 18 52 71
6 19 38 79
6 20 45 72
6 21 75 52
6 22 96 18
6 23 78 13
6 24 65 31
6 25 87 9
6 26 9 93
6 27 10 47
6 28 4 65
6 29 95 46
6 30 90 8
6 31 72 55
6 32 34 77
6 33 65 24
6 34 53 52
6 35 98 18
6 36 83 15
6 37 75 60
6 38 64 60
6 39 93 6
7 8 69 51
7 9 55 26
7 10 20 68
7 11 97 19
7 12 71 40
7 13 89 47
7 14 21 75
7 15 91 36
7 16 85 27
7 17 54 46
7 18 39 35
7 19 84 39
7 20 66 44
7 21 80 49
7 22 6 86
7 23 10 54
7 24 78 46
7 25 21 63
7 26 49 43
7 27 67 29
7 28 71 47
7 29 51 68
7 30 79 24
7 31 91 28
7 32 50 40
7 33 11 54
7 34 72 39
7 35 16 57
7 36 20 50
7 37 48 42
7 38 94 39
7 39 28 49
8 9 6 68
8 10 47 36
8 11 50 52
8 12 87 13
8 13 45 55
8 14 47 70
8 15 85 10
8 16 42 70
8 17 74 42
8 18 21 69
8 19 67 41
8 20 79 53
8 21 37 31
8 22 48 59
8 23 21 74
8 24 36 40
8 25 13 66
8 26 1 99
8 27 69 18
8 28 86 30
8 29 6 77
8 30 8 47
8 31 83 37
8 32 81 28
8 33 14 86
8 34 54 28
8 35 17 82
8 36 24 85
8 37 23 39
8 38 10 75
8 39 12 72
9 10 36 34
9 11 30 84
9 12 45 66
9 13 67 51
9 14 42 67
9 15 19 43
9 16 82 28
9 17 74 42
9 18 70 42
9 19 91 30
9 20 6 73
9 21 94 51
9 22 92 12
9 23 50 38
9 24 89 9
9 25 45 42
9 26 32 62
9 27 52 44
9 28 73 30
9 29 83 47
9 30 88 25
9 31 97 22
9 32 93 41
9 33 57 60
9 34 4 71
9 35 87 49
9 36 25 68
9 37 41 42
9 38 60 33
9 39 92 36
10 11 49 43
10 12 70 36
10 13 83 56
10 14 35 50
10 15 93 39
10 16 98 22
10 17 72 41
10 18 95 42
10 19 43 74
10 20 87 54
10 21 18 44
10 22 43 73
10 23 56 30
10 24 50 47
10 25 76 51
10 26 21 87
10 27 32 72
10 28 41 68
10 29 1 78
10 30 84 50
10 31 75 56
10 32 62 31
10 33 42 56
10 34 8 70
10 35 18 88
10 36 76 18
10 37 69 48
10 38 23 84
10 39 79 55
11 12 97 42
11 13 69 22
11 14 46 47
11 15 96 21
11 16 5 90
11 17 7 70
11 18 96 13
11 19 71 49
11 20 3 89
11 21 89 7
11 22 72 39
11 23 39 77
11 24 9 80
11 25 25 70
11 26 43 45
11 27 16 54
11 28 18 76
11 29 72 36
11 30 10 93
11 31 74 22
11 32 65 49
11 33 67 25
11 34 57 57
11 35 96 21
11 36 27 60
11 37 57 70
11 38 6 93
11 39 48 61
12 13 55 48
12 14 49 64
12 15 11 48
12 16 38 43
12 17 0 79
12 18 44 47
12 19 66 57
12 20 72 33
12 21 69 39
12 22 54 34
12 23 98 22
12 24 4 85
12 25 61 57
12 26 44 47
12 27 91 41
12 28 12 50
12 29 32 53
12 30 95 19
12 31 17 77
12 32 18 67
12 33 69 46
12 34 83 10
12 35 33 40
12 36 85 54
12 37 7 69
12 38 56 28
12 39 28 61
13 14 51 47
13 15 82 14
13 16 26 63
13 17 33 50
13 18 59 30
13 19 52 61
13 20 24 40
13 21 14 63
13 22 23 76
13 23 95 20
13 24 98 49
13 25 4 92
13 26 82 13
13 27 88 17
13 28 19 63
13 29 80 11
13 30 32 75
13 31 20 77
13 32 36 34
13 33 91 15
13 34 18 47
13 35 11 87
13 36 89 5
13 37 69 25
13 38 21 83
13 39 28 48
14 15 23 75
14 16 91 14
14 17 41 30
14 18 29 54
14 19 82 19
14 20 54 25
14 21 26 60
14 22 24 59
14 23 83 42
14 24 61 34
14 25 12 87
14 26 59 53
14 27 18 58
14 28 13 64
14 29 38 50
14 30 93 36
14 31 83 23
14 32 88 26
14 33 99 22
14 34 34 66
14 35 74 16
14 36 51 54
14 37 86 30
14 38 15 63
14 39 30 57
15 16 50 36
15 17 85 39
15 18 26 54
15 19 41 56
15 20 53 61
15 21 88 33
15 22 71 46
15 23 94 11
15 24 97 22
15 25 11 94
15 26 18 45
15 27 72 49
15 28 1 99
15 29 28 73
15 30 37 46
15 31 91 28
15 32 2 69
15 33 30 55
15 34 93 36
15 35 5 52
15 36 5 91
15 37 86 16
15 38 31 76
15 39 30 64
16 17 82 40
16 18 21 68
16 19 23 42
16 20 39 44
16 21 55 72
16 22 87 14
16 23 66 27
16 24 42 49
16 25 1 93
16 26 70 56
16 27 90 5
16 28 15 71
16 29 32 49
16 30 15 44
16 31 57 37
16 32 56 68
16 33 25 73
16 34 81 12
16 35 97 42
16 36 74 20
16 37 41 68
16 38 37 73
16 39 52 49
17 18 89 11
17 19 79 36
17 20 14 62
17 21 2 73
17 22 47 58
17 23 35 43
17 24 0 87
17 25 71 49
17 26 30 70
17 27 99 5
17 28 2 81
17 29 77 25
17 30 80 36
17 31 99 24
17 32 1 92
17 33 27 72
17 34 80 12
17 35 31 77
17 36 71 14
17 37 14 86
17 38 93 18
17 39 25 41
18 19 66 30
18 20 75 38
18 21 75 33
18 22 49 35
18 23 92 27
18 24 81 38
18 25 56 62
18 26 54 49
18 27 29 46
18 28 69 20
18 29 53 69
18 30 97 3
18 31 2 49
18 32 15 59
18 33 73 26
18 34 75 14
18 35 93 30
18 36 56 57
18 37 65 25
18 38 21 69
18 39 1 83
19 20 87 23
19 21 78 60
19 22 75 33
19 23 5 78
19 24 51 53
19 25 43 37
19 26 53 65
19 27 95 27
19 28 63 42
19 29 82 48
19 30 18 67
19 31 48 34
19 32 46 60
19 33 61 25
19 34 86 55
19 35 3 71
19 36 68 60
19 37 36 54
19 38 36 40
19 39 38 49
20 21 95 10
20 22 5 49
20 23 69 18
20 24 3 96
20 25 80 46
20 26 76 47
20 27 84 8
20 28 62 54
20 29 73 51
20 30 39 66
20 31 62 57
20 32 30 55
20 33 20 70
20 34 7 48
20 35 98 36
20 36 44 27
20 37 88 36
20 38 83 54
20 39 25 41
21 22 78 31
21 23 23 51
21 24 79 13
21 25 96 49
21 26 18 65
21 27 8 48
21 28 51 63
21 29 50 51
21 30 75 42
21 31 60 43
21 32 42 61
21 33 61 39
21 34 10 79
21 35 96 46
21 36 88 37
21 37 89 48
21 38 79 51
21 39 35 45
22 23 41 56
22 24 61 69
22 25 66 25
22 26 97 40
22 27 17 73
22 28 56 70
22 29 35 77
22 30 62 63
22 31 35 62
22 32 0 69
22 33 45 29
22 34 53 41
22 35 52 48
22 36 18 75
22 37 76 58
22 38 5 79
22 39 1 90
23 24 83 11
23 25 60 22
23 26 83 26
23 27 2 71
23 28 95 39
23 29 20 50
23 30 21 80
23 31 58 67
23 32 44 36
23 33 73 18
23 34 36 70
23 35 23 46
23 36 12 48
23 37 40 44
23 38 49 37
23 39 99 29
24 25 57 46
24 26 21 49
24 27 7 65
24 28 72 61
24 29 52 59
24 30 8 57
24 31 78 25
24 32 60 54
24 33 1 81
24 34 53 58
24 35 70 21
24 36 70 23
24 37 30 84
24 38 55 45
24 39 46 38
25 26 87 25
25 27 37 56
25 28 80 41
25 29 18 41
25 30 47 34
25 31 87 7
25 32 59 56
25 33 23 62
25 34 21 56
25 35 28 57
25 36 80 35
25 37 1 55
25 38 4 73
25 39 29 69
26 27 25 67
26 28 91 47
26 29 87 31
26 30 32 44
26 31 35 40
26 32 67 34
26 33 81 53
26 34 86 16
26 35 60 38
26 36 64 44
26 37 99 34
26 38 18 51
26 39 92 19
27 28 93 19
27 29 49 35
27 30 18 68
27 31 47 61
27 32 22 45
27 33 81 30
27 34 5 92
27 35 12 50
27 36 49 64
27 37 5 79
27 38 40 62
27 39 76 19
28 29 35 38
28 30 45 36
28 31 86 22
28 32 61 62
28 33 74 55
28 34 54 65
28 35 27 39
28 36 83 8
28 37 11 70
28 38 42 67
28 39 12 61
29 30 88 43
29 31 51 72
29 32 88 34
29 33 60 33
29 34 31 81
29 35 1 93
29 36 90 48
29 37 89 33
29 38 92 35
29 39 49 31
30 31 78 17
30 32 28 74
30 33 19 41
30 34 35 53
30 35 80 13
30 36 67 62
30 37 46 69
30 38 22 47
30 39 35 57
31 32 62 31
31 33 39 33
31 34 10 50
31 35 63 29
31 36 59 22
31 37 73 22
31 38 59 36
31 39 44 76
32 33 13 56
32 34 77 13
32 35 78 14
32 36 28 75
32 37 16 81
32 38 93 47
32 39 49 42
33 34 42 71
33 35 4 90
33 36 38 49
33 37 34 33
33 38 81 35
33 39 72 57
34 35 57 25
34 36 14 66
34 37 71 16
34 38 48 58
34 39 81 46
35 36 50 56
35 37 22 75
35 38 45 32
35 39 40 31
36 37 44 32
36 38 18 65
36 39 3 64
37 38 8 54
37 39 98 14
38 39 31 43
