42
0 1 65 11
0 2 16 95
0 3 74 56
0 4 77 43
0 5 33 70
0 6 32 81
0 7 88 52
0 8 77 52
0 9 98 5
0 10 41 79
0 11 9 33
0 12 97 40
0 13 94 28
0 14 24 92
0 15 26 64
0 16 70 76
0 17 40 34
0 18 67 49
0 19 88 79
0 20 74 53
0 21 44 45
0 22 5 48
0 23 6 62
0 24 37 81
0 25 30 26
0 26 55 10
0 27 31 48
0 28 75 41
0 29 83 44
0 30 75 59
0 31 95 72
0 32 10 49
0 33 35 75
0 34 45 44
0 35 17 55
0 36 86 66
0 37 82 66
0 38 96 32
0 39 4 29
0 40 6 59
0 41 42 21
1 2 22 34
1 3 43 65
1 4 99 17
1 5 15 53
1 6 17 62
1 7 76 65
1 8 33 27
1 9 54 73
1 10 28 41
1 11 31 93
1 12 5 89
1 13 58 84
1 14 94 22
1 15 51 40
1 16 59 14
1 17 73 33
1 18 24 82
1 19 89 47
1 20 50 23
1 21 83 67
1 22 82 73
1 23 59 62
1 24 48 88
1 25 95 13
1 26 18 31
1 27 3 71
1 28 31 40
1 29 1 95
1 30 16 86
1 31 82 6
1 32 42 45
1 33 18 94
1 34 53 77
1 35 47 11
1 36 16 89
1 37 77 60
1 38 7 48
1 39 39 91
1 40 28 45
1 41 3 47
2 3 95 48
2 4 9 30
2 5 4 85
2 6 74 21
2 7 70 17
2 8 51 14
2 9 92 55
2 10 16 23
2 11 13 38
2 12 35 15
2 13 64 13
2 14 83 7
2 15 51 29
2 16 17 32
2 17 77 10
2 18 49 15
2 19 37 13
2 20 71 27
2 21 55 39
2 22 3 61
2 23 98 73
2 24 81 71
2 25 72 21
2 26 23 45
2 27 83 67
2 28 67 27
2 29 54 38
2 30 50 41
2 31 96 28
2 32 21 26
2 33 27 87
2 34 10 87
2 35 79 50
2 36 39 21
2 37 64 41
2 38 24 53
2 39 71 57
2 40 97 29
2 41 18 87
3 4 48 36
3 5 22 19
3 6 4 49
3 7 77 30
3 8 93 67
3 9 70 13
3 10 85 16
3 11 88 41
3 12 17 20
3 13 43 20
3 14 22 88
3 15 57 54
3 16 46 74
3 17 71 12
3 18 5 77
3 19 71 75
3 20 53 38
3 21 18 76
3 22 21 85
3 23 12 63
3 24 88 44
3 25 70 52
3 26 85 56
3 27 44 62
3 28 27 47
3 29 73 76
3 30 48 59
3 31 75 22
3 32 26 57
3 33 0 60
3 34 15 48
3 35 19 94
3 36 36 60
3 37 70 50
3 38 99 35
3 39 17 89
3 40 95 38
3 41 17 36
4 5 73 39
4 6 81 80
4 7 83 20
4 8 4 96
4 9 0 54
4 10 18 87
4 11 30 82
4 12 42 67
4 13 25 32
4 14 32 35
4 15 82 68
4 16 97 72
4 17 89 47
4 18 46 77
4 19 38 30
4 20 51 55
4 21 30 24
4 22 2 39
4 23 42 59
4 24 97 36
4 25 43 22
4 26 6 52
4 27 86 25
4 28 0 29
4 29 66 44
4 30 21 78
4 31 35 37
4 32 8 33
4 33 56 53
4 34 77 7
4 35 86 19
4 36 58 56
4 37 74 73
4 38 17 28
4 39 92 44
4 40 99 78
4 41 56 43
5 6 94 55
5 7 55 88
5 8 67 71
5 9 59 74
5 10 17 87
5 11 36 22
5 12 8 28
5 13 78 59
5 14 85 53
5 15 79 25
5 16 93 10
5 17 28 28
5 18 27 65
5 19 88 10
5 20 55 13
5 21 33 82
5 22 8 88
5 23 82 71
5 24 21 80
5 25 47 55
5 26 94 63
5 27 72 22
5 28 36 62
5 29 65 67
5 30 45 13
5 31 34 23
5 32 7 84
5 33 82 31
5 34 51 16
5 35 15 50
5 36 28 70
5 37 85 81
5 38 42 82
5 39 66 27
5 40 16 26
5 41 11 43
6 7 85 43
6 8 49 71
6 9 80 54
6 10 63 65
6 11 79 19
6 12 20 36
6 13 16 27
6 14 94 15
6 15 43 11
6 16 18 84
6 17 52 31
6 18 55 50
6 19 9 64
6 20 35 36
6 21 81 5
6 22 43 36
6 23 92 33
6 24 66 19
6 25 30 67
6 26 30 49
6 27 99 69
6 28 45 85
6 29 50 81
6 30 66 32
6 31 8 30
6 32 5 69
6 33 41 91
6 34 61 74
6 35 29 23
6 36 63 49
6 37 73 10
6 38 47 41
6 39 32 80
6 40 11 77
6 41 45 45
7 8 15 49
7 9 40 44
7 10 39 18
7 11 5 90
7 12 81 41
7 13 85 56
7 14 71 48
7 15 93 29
7 16 62 54
7 17 11 50
7 18 24 47
7 19 43 25
7 20 60 76
7 21 44 54
7 22 23 57
7 23 30 22
7 24 63 86
7 25 69 25
7 26 97 34
7 27 16 66
7 28 32 73
7 29 52 43
7 30 18 63
7 31 90 30
7 32 97 48
7 33 3 20
7 34 82 25
7 35 80 9
7 36 32 18
7 37 47 48
7 38 72 27
7 39 21 44
7 40 35 81
7 41 54 25
8 9 83 14
8 10 3 53
8 11 99 48
8 12 43 12
8 13 28 26
8 14 17 80
8 15 21 89
8 16 65 70
8 17 92 62
8 18 63 62
8 19 22 47
8 20 94 39
8 21 7 87
8 22 28 63
8 23 24 56
8 24 95 27
8 25 55 34
8 26 38 75
8 27 98 47
8 28 51 62
8 29 88 30
8 30 8 70
8 31 13 69
8 32 87 72
8 33 10 38
8 34 14 72
8 35 48 70
8 36 84 31
8 37 44 90
8 38 62 59
8 39 94 75
8 40 24 69
8 41 54 86
9 10 85 75
9 11 60 84
9 12 9 97
9 13 48 74
9 14 99 64
9 15 27 30
9 16 25 51
9 17 56 29
9 18 43 88
9 19 79 22
9 20 73 44
9 21 54 72
9 22 45 62
9 23 43 30
9 24 2 36
9 25 62 50
9 26 21 63
9 27 30 64
9 28 77 20
9 29 70 27
9 30 24 62
9 31 25 74
9 32 83 6
9 33 13 24
9 34 64 75
9 35 21 91
9 36 28 66
9 37 48 62
9 38 75 74
9 39 34 91
9 40 80 80
9 41 98 57
10 11 48 35
10 12 40 21
10 13 22 48
10 14 93 32
10 15 81 24
10 16 12 55
10 17 43 36
10 18 16 40
10 19 12 29
10 20 4 68
10 21 46 25
10 22 84 37
10 23 62 34
10 24 80 15
10 25 3 74
10 26 52 70
10 27 57 30
10 28 94 13
10 29 35 22
10 30 6 91
10 31 30 40
10 32 93 52
10 33 8 75
10 34 40 72
10 35 11 74
10 36 49 32
10 37 3 95
10 38 47 28
10 39 17 68
10 40 93 36
10 41 74 60
11 12 7 78
11 13 34 43
11 14 77 12
11 15 28 38
11 16 69 25
11 17 13 65
11 18 3 92
11 19 57 15
11 20 88 77
11 21 99 30
11 22 37 30
11 23 88 5
11 24 13 85
11 25 93 65
11 26 32 13
11 27 83 60
11 28 3 72
11 29 87 25
11 30 70 28
11 31 59 55
11 32 84 41
11 33 38 61
11 34 30 61
11 35 0 77
11 36 60 62
11 37 60 30
11 38 3 38
11 39 37 44
11 40 79 13
11 41 22 42
12 13 42 41
12 14 45 47
12 15 68 47
12 16 86 6
12 17 29 58
12 18 66 40
12 19 9 67
12 20 62 40
12 21 83 9
12 22 60 44
12 23 93 49
12 24 19 28
12 25 27 73
12 26 29 43
12 27 19 29
12 28 30 27
12 29 44 79
12 30 66 41
12 31 84 29
12 32 68 78
12 33 77 70
12 34 97 79
12 35 65 85
12 36 12 91
12 37 37 53
12 38 4 93
12 39 70 14
12 40 42 64
12 41 56 76
13 14 91 68
13 15 70 22
13 16 36 25
13 17 33 56
13 18 31 84
13 19 15 82
13 20 17 88
13 21 2 76
13 22 79 15
13 23 10 23
13 24 79 16
13 25 46 62
13 26 4 93
13 27 74 41
13 28 81 26
13 29 57 55
13 30 20 18
13 31 1 42
13 32 45 63
13 33 18 88
13 34 4 51
13 35 73 33
13 36 1 89
13 37 87 64
13 38 96 14
13 39 40 15
13 40 56 34
13 41 50 16
14 15 92 37
14 16 25 36
14 17 5 34
14 18 24 65
14 19 52 86
14 20 27 68
14 21 81 66
14 22 46 66
14 23 39 35
14 24 75 62
14 25 58 10
14 26 66 22
14 27 12 44
14 28 73 76
14 29 98 50
14 30 91 18
14 31 25 90
14 32 84 66
14 33 23 21
14 34 65 72
14 35 9 44
14 36 3 46
14 37 65 60
14 38 98 16
14 39 76 29
14 40 0 77
14 41 58 35
15 16 46 23
15 17 5 42
15 18 90 5
15 19 54 88
15 20 88 13
15 21 19 32
15 22 52 41
15 23 11 89
15 24 48 61
15 25 93 43
15 26 25 80
15 27 93 60
15 28 34 13
15 29 25 31
15 30 24 46
15 31 97 59
15 32 56 18
15 33 75 75
15 34 54 17
15 35 82 60
15 36 86 62
15 37 51 75
15 38 0 32
15 39 98 29
15 40 55 19
15 41 76 60
16 17 24 78
16 18 99 5
16 19 76 70
16 20 55 34
16 21 97 54
16 22 46 60
16 23 10 77
16 24 78 44
16 25 4 89
16 26 77 64
16 27 17 88
16 28 74 10
16 29 61 29
16 30 26 90
16 31 62 54
16 32 96 80
16 33 20 23
16 34 70 69
16 35 71 84
16 36 48 47
16 37 98 58
16 38 79 76
16 39 65 9
16 40 12 33
16 41 1 69
17 18 19 41
17 19 17 79
17 20 97 16
17 21 57 22
17 22 53 68
17 23 61 28
17 24 6 68
17 25 86 66
17 26 78 35
17 27 38 71
17 28 63 19
17 29 0 64
17 30 58 38
17 31 18 53
17 32 82 28
17 33 30 27
17 34 78 74
17 35 1 39
17 36 60 62
17 37 83 53
17 38 30 41
17 39 99 17
17 40 10 26
17 41 33 30
18 19 40 88
18 20 77 9
18 21 45 16
18 22 21 25
18 23 71 62
18 24 8 39
18 25 33 59
18 26 64 80
18 27 19 51
18 28 97 63
18 29 54 83
18 30 46 68
18 31 32 21
18 32 19 63
18 33 94 33
18 34 35 52
18 35 81 37
18 36 96 29
18 37 80 23
18 38 91 44
18 39 48 48
18 40 33 20
18 41 77 45
19 20 59 30
19 21 78 21
19 22 97 72
19 23 98 55
19 24 13 80
19 25 40 12
19 26 90 56
19 27 98 51
19 28 4 32
19 29 85 58
19 30 87 53
19 31 31 59
19 32 89 55
19 33 70 31
19 34 7 72
19 35 65 52
19 36 63 13
19 37 99 38
19 38 27 31
19 39 94 6
19 40 31 22
19 41 60 29
20 21 73 50
20 22 7 89
20 23 43 29
20 24 79 15
20 25 93 8
20 26 77 8
20 27 81 43
20 28 38 13
20 29 26 21
20 30 3 98
20 31 49 51
20 32 62 15
20 33 38 25
20 34 93 34
20 35 66 34
20 36 48 67
20 37 37 85
20 38 37 59
20 39 35 19
20 40 17 60
20 41 16 52
21 22 20 62
21 23 1 31
21 24 67 46
21 25 83 53
21 26 13 67
21 27 56 52
21 28 39 39
21 29 56 81
21 30 39 38
21 31 48 36
21 32 57 88
21 33 75 45
21 34 44 90
21 35 44 26
21 36 69 16
21 37 95 49
21 38 6 55
21 39 38 63
21 40 20 82
21 41 53 58
22 23 88 81
22 24 87 11
22 25 89 33
22 26 88 62
22 27 50 13
22 28 23 19
22 29 44 61
22 30 51 57
22 31 79 65
22 32 46 63
22 33 69 74
22 34 68 11
22 35 45 68
22 36 67 27
22 37 17 47
22 38 9 94
22 39 99 66
22 40 25 22
22 41 45 45
23 24 98 39
23 25 31 22
23 26 3 75
23 27 89 79
23 28 34 38
23 29 82 31
23 30 4 41
23 31 94 43
23 32 60 40
23 33 40 48
23 34 55 29
23 35 56 71
23 36 34 66
23 37 75 67
23 38 70 27
23 39 6 37
23 40 35 80
23 41 80 77
24 25 85 32
24 26 3 54
24 27 12 18
24 28 59 54
24 29 15 70
24 30 49 67
24 31 4 94
24 32 50 55
24 33 2 41
24 34 71 73
24 35 56 27
24 36 81 11
24 37 94 16
24 38 93 80
24 39 8 86
24 40 43 43
24 41 87 26
25 26 75 19
25 27 89 52
25 28 33 80
25 29 1 98
25 30 56 37
25 31 36 24
25 32 97 10
25 33 95 78
25 34 67 21
25 35 87 56
25 36 26 78
25 37 91 7
25 38 17 22
25 39 85 27
25 40 81 13
25 41 9 60
26 27 80 31
26 28 55 74
26 29 49 34
26 30 12 58
26 31 47 34
26 32 7 85
26 33 92 53
26 34 76 7
26 35 15 61
26 36 91 15
26 37 97 33
26 38 29 80
26 39 92 8
26 40 31 87
26 41 34 58
27 28 74 58
27 29 43 23
27 30 72 8
27 31 64 8
27 32 75 40
27 33 41 53
27 34 59 70
27 35 25 32
27 36 7 31
27 37 91 52
27 38 3 96
27 39 36 31
27 40 5 94
27 41 97 24
28 29 93 7
28 30 4 49
28 31 9 96
28 32 64 24
28 33 18 35
28 34 85 10
28 35 11 23
28 36 3 46
28 37 55 28
28 38 44 64
28 39 84 79
28 40 68 82
28 41 93 20
29 30 88 27
29 31 45 38
29 32 98 34
29 33 79 42
29 34 64 58
29 35 95 64
29 36 44 85
29 37 77 41
29 38 69 59
29 39 60 75
29 40 12 84
29 41 50 15
30 31 81 78
30 32 96 39
30 33 0 52
30 34 29 17
30 35 88 46
30 36 75 39
30 37 83 9
30 38 17 75
30 39 86 2
30 40 54 10
30 41 39 89
31 32 27 26
31 33 29 58
31 34 48 68
31 35 40 62
31 36 50 83
31 37 63 51
31 38 46 90
31 39 94 41
31 40 94 61
31 41 92 7
32 33 86 48
32 34 56 30
32 35 66 44
32 36 11 35
32 37 37 21
32 38 20 90
32 39 31 49
32 40 31 62
32 41 31 88
33 34 83 80
33 35 68 36
33 36 83 78
33 37 29 15
33 38 34 72
33 39 89 61
33 40 68 52
33 41 54 59
34 35 65 59
34 36 87 55
34 37 74 54
34 38 67 47
34 39 92 56
34 40 80 60
34 41 77 23
35 36 26 53
35 37 75 14
35 38 90 72
35 39 16 61
35 40 47 81
35 41 79 55
36 37 3 77
36 38 7 38
36 39 45 83
36 40 85 61
36 41 38 53
37 38 42 40
37 39 17 53
37 40 94 20
37 41 6 25
38 39 84 7
38 40 12 82
38 41 59 59
39 40 8 28
39 41 89 81
40 41 37 72
