42
0 1 87 19
0 2 30 49
0 3 97 49
0 4 94 6
0 5 13 78
0 6 74 19
0 7 27 50
0 8 38 44
0 9 44 60
0 10 80 42
0 11 82 47
0 12 30 51
0 13 72 32
0 14 63 52
0 15 48 43
0 16 90 12
0 17 63 60
0 18 5 66
0 19 50 48
0 20 79 21
0 21 12 91
0 22 70 53
0 23 4 77
0 24 28 79
0 25 66 30
0 26 97 3
0 27 66 58
0 28 36 37
0 29 61 53
0 30 66 59
0 31 21 87
0 32 10 80
0 33 66 25
0 34 84 45
0 35 60 66
0 36 7 67
0 37 0 75
0 38 66 66
0 39 44 63
0 40 79 18
0 41 50 51
1 2 42 57
1 3 84 39
1 4 50 32
1 5 2 54
1 6 90 49
1 7 3 85
1 8 6 57
1 9 3 79
1 10 46 66
1 11 15 70
1 12 22 83
1 13 37 59
1 14 66 49
1 15 35 55
1 16 11 46
1 17 92 9
1 18 42 46
1 19 99 30
1 20 24 87
1 21 82 27
1 22 96 3
1 23 76 48
1 24 88 17
1 25 18 80
1 26 24 76
1 27 15 54
1 28 91 44
1 29 18 48
1 30 42 60
1 31 40 79
1 32 65 18
1 33 58 39
1 34 5 78
1 35 55 61
1 36 12 70
1 37 65 31
1 38 18 59
1 39 78 37
1 40 47 53
1 41 74 62
2 3 72 59
2 4 65 53
2 5 90 6
2 6 15 51
2 7 73 51
2 8 78 20
2 9 20 79
2 10 44 72
2 11 49 60
2 12 59 55
2 13 56 44
2 14 38 46
2 15 81 17
2 16 75 50
2 17 37 69
2 18 92 24
2 19 54 47
2 20 15 51
2 21 95 9
2 22 35 70
2 23 77 34
2 24 86 24
2 25 21 74
2 26 88 47
2 27 42 71
2 28 94 39
2 29 12 80
2 30 12 91
2 31 73 17
2 32 43 44
2 33 96 37
2 34 4 95
2 35 33 63
2 36 74 31
2 37 42 36
2 38 10 70
2 39 56 23
2 40 2 49
2 41 92 53
3 4 75 46
3 5 10 57
3 6 54 59
3 7 46 34
3 8 67 21
3 9 93 36
3 10 62 63
3 11 66 51
3 12 59 47
3 13 57 59
3 14 55 36
3 15 90 23
3 16 38 59
3 17 86 21
3 18 56 55
3 19 36 37
3 20 68 47
3 21 46 59
3 22 84 43
3 23 92 39
3 24 46 56
3 25 88 29
3 26 15 78
3 27 31 67
3 28 70 17
3 29 6 62
3 30 81 22
3 31 6 78
3 32 38 71
3 33 78 21
3 34 20 63
3 35 39 66
3 36 45 46
3 37 92 51
3 38 26 65
3 39 16 48
3 40 53 47
3 41 2 92
4 5 27 53
4 6 89 50
4 7 45 31
4 8 51 65
4 9 98 43
4 10 23 62
4 11 15 69
4 12 29 55
4 13 2 70
4 14 3 70
4 15 77 48
4 16 9 86
4 17 92 28
4 18 73 57
4 19 40 79
4 20 9 73
4 21 12 82
4 22 19 67
4 23 37 50
4 24 48 59
4 25 58 27
4 26 5 73
4 27 69 60
4 28 70 41
4 29 47 43
4 30 46 31
4 31 58 33
4 32 11 58
4 33 21 73
4 34 42 44
4 35 75 33
4 36 49 49
4 37 53 68
4 38 33 50
4 39 40 60
4 40 73 31
4 41 56 36
5 6 3 54
5 7 44 63
5 8 82 17
5 9 20 53
5 10 35 64
5 11 36 36
5 12 17 67
5 13 50 31
5 14 75 60
5 15 1 91
5 16 42 40
5 17 15 50
5 18 61 48
5 19 26 50
5 20 69 34
5 21 97 39
5 22 78 31
5 23 83 28
5 24 58 20
5 25 50 58
5 26 18 47
5 27 73 24
5 28 37 61
5 29 53 45
5 30 96 18
5 31 17 44
5 32 68 24
5 33 83 55
5 34 3 50
5 35 2 50
5 36 37 46
5 37 10 45
5 38 66 36
5 39 89 47
5 40 98 47
5 41 29 61
6 7 18 41
6 8 83 14
6 9 73 35
6 10 65 17
6 11 59 45
6 12 98 46
6 13 98 50
6 14 19 82
6 15 89 21
6 16 77 40
6 17 81 52
6 18 79 37
6 19 54 59
6 20 66 18
6 21 64 60
6 22 67 56
6 23 49 45
6 24 47 34
6 25 15 64
6 26 50 71
6 27 69 20
6 28 41 40
6 29 49 51
6 30 98 31
6 31 90 5
6 32 62 62
6 33 25 51
6 34 45 62
6 35 11 63
6 36 24 42
6 37 11 75
6 38 91 18
6 39 47 56
6 40 53 32
6 41 76 19
7 8 74 48
7 9 47 67
7 10 93 19
7 11 31 53
7 12 53 33
7 13 34 40
7 14 57 41
7 15 1 70
7 16 21 61
7 17 82 9
7 18 50 60
7 19 92 33
7 20 57 55
7 21 94 10
7 22 18 70
7 23 80 56
7 24 49 60
7 25 66 29
7 26 82 35
7 27 93 38
7 28 89 18
7 29 34 57
7 30 52 36
7 31 88 22
7 32 55 63
7 33 76 29
7 34 62 29
7 35 5 93
7 36 52 56
7 37 56 62
7 38 94 38
7 39 40 58
7 40 42 66
7 41 92 47
8 9 22 69
8 10 86 44
8 11 17 60
8 12 73 55
8 13 56 23
8 14 87 34
8 15 48 55
8 16 91 13
8 17 9 84
8 18 59 35
8 19 35 77
8 20 58 70
8 21 7 90
8 22 32 73
8 23 0 50
8 24 94 6
8 25 6 90
8 26 25 61
8 27 88 13
8 28 45 43
8 29 87 36
8 30 68 17
8 31 65 22
8 32 40 65
8 33 99 40
8 34 94 44
8 35 81 29
8 36 55 30
8 37 56 52
8 38 28 51
8 39 63 65
8 40 82 57
8 41 74 35
9 10 54 32
9 11 96 28
9 12 57 33
9 13 24 63
9 14 44 33
9 15 11 59
9 16 33 70
9 17 70 51
9 18 56 49
9 19 52 59
9 20 62 40
9 21 22 42
9 22 30 47
9 23 82 9
9 24 83 57
9 25 60 59
9 26 1 86
9 27 50 25
9 28 96 34
9 29 7 81
9 30 48 49
9 31 61 28
9 32 45 72
9 33 95 21
9 34 92 26
9 35 92 26
9 36 51 39
9 37 99 35
9 38 97 26
9 39 30 56
9 40 71 17
9 41 74 58
10 11 37 53
10 12 18 61
10 13 41 57
10 14 50 66
10 15 57 40
10 16 97 19
10 17 38 63
10 18 39 45
10 19 51 24
10 20 37 51
10 21 19 86
10 22 29 72
10 23 47 51
10 24 59 32
10 25 25 49
10 26 47 39
10 27 74 26
10 28 5 55
10 29 45 68
10 30 44 43
10 31 63 54
10 32 49 68
10 33 97 36
10 34 0 58
10 35 51 59
10 36 0 78
10 37 48 43
10 38 91 9
10 39 60 23
10 40 26 55
10 41 64 21
11 12 11 50
11 13 85 29
11 14 29 57
11 15 93 20
11 16 34 57
11 17 49 61
11 18 77 60
11 19 58 23
11 20 42 61
11 21 66 50
11 22 51 26
11 23 26 51
11 24 37 32
11 25 46 27
11 26 77 36
11 27 78 22
11 28 25 37
11 29 21 63
11 30 12 59
11 31 43 45
11 32 78 25
11 33 66 49
11 34 6 85
11 35 98 43
11 36 95 21
11 37 95 33
11 38 49 50
11 39 47 60
11 40 50 45
11 41 86 46
12 13 18 51
12 14 57 66
12 15 90 18
12 16 46 38
12 17 19 74
12 18 43 52
12 19 67 18
12 20 69 40
12 21 6 77
12 22 22 86
12 23 83 23
12 24 41 67
12 25 22 81
12 26 65 20
12 27 17 66
12 28 53 50
12 29 55 64
12 30 46 70
12 31 47 59
12 32 72 20
12 33 64 51
12 34 2 87
12 35 53 32
12 36 22 68
12 37 11 93
12 38 12 73
12 39 22 64
12 40 91 14
12 41 66 36
13 14 97 28
13 15 72 19
13 16 8 49
13 17 63 48
13 18 28 56
13 19 49 58
13 20 47 52
13 21 64 49
13 22 68 65
13 23 29 56
13 24 52 50
13 25 61 28
13 26 39 60
13 27 26 70
13 28 45 35
13 29 64 45
13 30 98 8
13 31 1 86
13 32 29 54
13 33 27 76
13 34 44 28
13 35 52 48
13 36 15 71
13 37 37 80
13 38 70 40
13 39 37 40
13 40 49 33
13 41 19 56
14 15 70 21
14 16 92 18
14 17 52 33
14 18 47 40
14 19 49 34
14 20 67 43
14 21 64 43
14 22 68 55
14 23 30 63
14 24 96 44
14 25 32 73
14 26 5 90
14 27 46 44
14 28 6 82
14 29 49 32
14 30 13 77
14 31 23 80
14 32 27 72
14 33 87 14
14 34 4 70
14 35 76 41
14 36 35 50
14 37 8 50
14 38 40 33
14 39 83 42
14 40 53 33
14 41 89 19
15 16 59 69
15 17 3 53
15 18 69 25
15 19 77 17
15 20 98 2
15 21 23 49
15 22 5 65
15 23 91 40
15 24 30 39
15 25 90 38
15 26 34 62
15 27 32 35
15 28 13 51
15 29 75 32
15 30 48 52
15 31 39 56
15 32 94 38
15 33 20 81
15 34 66 31
15 35 45 53
15 36 81 41
15 37 1 59
15 38 93 41
15 39 61 51
15 40 81 9
15 41 91 53
16 17 98 50
16 18 43 30
16 19 9 74
16 20 51 56
16 21 57 25
16 22 88 15
16 23 45 37
16 24 99 17
16 25 27 49
16 26 26 63
16 27 22 47
16 28 20 54
16 29 12 88
16 30 28 43
16 31 59 54
16 32 40 53
16 33 2 90
16 34 60 21
16 35 90 5
16 36 39 78
16 37 48 73
16 38 12 75
16 39 51 30
16 40 31 78
16 41 98 34
17 18 34 37
17 19 39 73
17 20 8 87
17 21 0 95
17 22 97 33
17 23 92 53
17 24 82 55
17 25 10 46
17 26 87 25
17 27 63 45
17 28 98 36
17 29 78 16
17 30 51 66
17 31 16 80
17 32 99 44
17 33 29 72
17 34 28 51
17 35 17 84
17 36 7 61
17 37 29 59
17 38 40 56
17 39 82 45
17 40 57 21
17 41 26 49
18 19 80 11
18 20 57 37
18 21 7 57
18 22 42 31
18 23 13 69
18 24 52 71
18 25 58 27
18 26 65 34
18 27 13 56
18 28 10 51
18 29 57 45
18 30 50 34
18 31 83 44
18 32 37 68
18 33 24 77
18 34 31 59
18 35 21 84
18 36 93 16
18 37 27 78
18 38 72 43
18 39 46 39
18 40 48 59
18 41 8 63
19 20 55 64
19 21 5 68
19 22 66 47
19 23 68 61
19 24 51 52
19 25 98 39
19 26 67 40
19 27 85 28
19 28 33 76
19 29 68 36
19 30 97 1
19 31 64 43
19 32 81 44
19 33 3 73
19 34 87 44
19 35 99 17
19 36 52 27
19 37 56 25
19 38 70 47
19 39 43 30
19 40 60 44
19 41 58 50
20 21 62 43
20 22 4 85
20 23 4 59
20 24 57 59
20 25 90 35
20 26 75 18
20 27 59 61
20 28 92 33
20 29 80 52
20 30 81 11
20 31 98 48
20 32 99 48
20 33 50 70
20 34 4 54
20 35 59 41
20 36 81 37
20 37 58 24
20 38 22 39
20 39 42 36
20 40 15 68
20 41 6 47
21 22 96 2
21 23 89 30
21 24 73 53
21 25 47 47
21 26 63 53
21 27 79 28
21 28 63 45
21 29 61 27
21 30 32 61
21 31 35 69
21 32 34 79
21 33 31 39
21 34 33 40
21 35 95 33
21 36 10 84
21 37 51 62
21 38 80 51
21 39 88 24
21 40 56 47
21 41 64 62
22 23 13 54
22 24 1 68
22 25 78 51
22 26 50 37
22 27 75 12
22 28 36 64
22 29 89 24
22 30 58 25
22 31 85 48
22 32 86 9
22 33 66 30
22 34 23 71
22 35 45 65
22 36 7 89
22 37 56 22
22 38 56 27
22 39 86 41
22 40 9 91
22 41 87 53
23 24 53 63
23 25 40 65
23 26 85 25
23 27 17 43
23 28 71 40
23 29 43 77
23 30 42 48
23 31 20 54
23 32 59 48
23 33 46 33
23 34 37 61
23 35 98 16
23 36 42 35
23 37 71 53
23 38 62 55
23 39 68 17
23 40 65 18
23 41 87 52
24 25 26 41
24 26 40 71
24 27 15 65
24 28 38 77
24 29 75 49
24 30 50 58
24 31 7 48
24 32 54 69
24 33 47 58
24 34 42 31
24 35 26 59
24 36 7 90
24 37 75 17
24 38 81 12
24 39 67 48
24 40 19 53
24 41 53 55
25 26 43 34
25 27 31 36
25 28 59 22
25 29 49 55
25 30 59 23
25 31 36 75
25 32 17 90
25 33 2 98
25 34 33 70
25 35 81 35
25 36 9 74
25 37 86 12
25 38 77 55
25 39 69 41
25 40 90 19
25 41 79 21
26 27 54 36
26 28 52 50
26 29 49 28
26 30 97 30
26 31 2 97
26 32 18 64
26 33 94 9
26 34 72 16
26 35 77 19
26 36 19 84
26 37 71 37
26 38 16 57
26 39 21 65
26 40 5 58
26 41 23 65
27 28 18 52
27 29 22 82
27 30 93 44
27 31 81 22
27 32 45 53
27 33 21 58
27 34 27 83
27 35 66 40
27 36 71 44
27 37 24 72
27 38 34 75
27 39 87 30
27 40 62 43
27 41 27 82
28 29 72 17
28 30 79 48
28 31 1 64
28 32 90 42
28 33 96 11
28 34 16 67
28 35 52 63
28 36 24 71
28 37 26 59
28 38 29 76
28 39 12 84
28 40 95 5
28 41 49 59
29 30 89 16
29 31 39 65
29 32 2 86
29 33 3 48
29 34 61 52
29 35 99 18
29 36 8 83
29 37 73 50
29 38 37 61
29 39 23 38
29 40 60 61
29 41 12 61
30 31 53 50
30 32 5 81
30 33 4 49
30 34 35 37
30 35 63 65
30 36 14 71
30 37 60 53
30 38 82 34
30 39 81 18
30 40 46 66
30 41 74 22
31 32 80 51
31 33 19 57
31 34 13 92
31 35 91 47
31 36 80 39
31 37 94 28
31 38 29 63
31 39 32 79
31 40 95 43
31 41 56 71
32 33 17 75
32 34 83 54
32 35 15 51
32 36 13 66
32 37 84 49
32 38 3 51
32 39 8 92
32 40 21 82
32 41 3 73
33 34 66 42
33 35 65 64
33 36 4 96
33 37 88 28
33 38 52 53
33 39 60 46
33 40 27 37
33 41 14 66
34 35 2 60
34 36 73 14
34 37 74 14
34 38 79 32
34 39 68 38
34 40 62 49
34 41 72 25
35 36 92 44
35 37 2 53
35 38 96 28
35 39 4 59
35 40 58 44
35 41 54 42
36 37 48 50
36 38 58 24
36 39 67 26
36 40 91 50
36 41 43 35
37 38 8 92
37 39 91 33
37 40 98 37
37 41 52 35
38 39 55 54
38 40 75 15
38 41 76 40
39 40 62 44
39 41 22 47
40 41 8 65
