45
0 1 80 36
0 2 8 70
0 3 41 26
0 4 28 34
0 5 74 80
0 6 8 89
0 7 5 67
0 8 10 95
0 9 36 27
0 10 58 51
0 11 29 93
0 12 48 89
0 13 78 22
0 14 41 60
0 15 91 7
0 16 80 62
0 17 58 43
0 18 79 63
0 19 73 37
0 20 36 50
0 21 44 22
0 22 42 33
0 23 40 28
0 24 95 42
0 25 19 64
0 26 5 40
0 27 53 18
0 28 65 54
0 29 14 18
0 30 34 39
0 31 40 12
0 32 10 62
0 33 55 51
0 34 14 73
0 35 17 82
0 36 38 23
0 37 84 57
0 38 61 14
0 39 80 83
0 40 76 23
0 41 9 78
0 42 8 95
0 43 20 26
0 44 26 34
1 2 66 64
1 3 33 34
1 4 5 59
1 5 42 60
1 6 24 78
1 7 23 66
1 8 77 29
1 9 29 31
1 10 22 42
1 11 96 31
1 12 46 38
1 13 92 11
1 14 39 54
1 15 42 11
1 16 65 75
1 17 22 46
1 18 49 82
1 19 86 62
1 20 42 36
1 21 75 24
1 22 97 27
1 23 27 34
1 24 3 31
1 25 10 45
1 26 9 50
1 27 81 31
1 28 3 66
1 29 84 57
1 30 33 22
1 31 70 51
1 32 22 16
1 33 55 19
1 34 4 23
1 35 73 26
1 36 5 86
1 37 24 48
1 38 54 53
1 39 72 82
1 40 8 51
1 41 85 49
1 42 99 34
1 43 97 25
1 44 70 19
2 3 59 49
2 4 6 79
2 5 76 11
2 6 92 48
2 7 3 44
2 8 96 76
2 9 13 61
2 10 29 76
2 11 42 74
2 12 79 68
2 13 45 34
2 14 49 39
2 15 2 45
2 16 85 82
2 17 3 45
2 18 39 20
2 19 28 50
2 20 39 36
2 21 96 67
2 22 52 75
2 23 15 47
2 24 56 84
2 25 82 30
2 26 17 83
2 27 15 58
2 28 49 34
2 29 28 89
2 30 38 26
2 31 77 10
2 32 44 84
2 33 10 69
2 34 34 44
2 35 23 47
2 36 55 49
2 37 21 90
2 38 26 59
2 39 66 20
2 40 53 73
2 41 17 36
2 42 1 96
2 43 85 23
2 44 13 82
3 4 35 29
3 5 54 20
3 6 55 88
3 7 43 20
3 8 55 14
3 9 22 43
3 10 81 22
3 11 30 61
3 12 22 94
3 13 71 41
3 14 34 71
3 15 92 56
3 16 63 26
3 17 63 10
3 18 41 12
3 19 25 32
3 20 55 62
3 21 8 63
3 22 28 23
3 23 26 75
3 24 36 78
3 25 83 56
3 26 21 33
3 27 72 53
3 28 63 30
3 29 60 82
3 30 16 51
3 31 50 22
3 32 62 28
3 33 38 13
3 34 91 9
3 35 56 25
3 36 88 81
3 37 43 52
3 38 64 27
3 39 6 50
3 40 92 21
3 41 4 93
3 42 72 25
3 43 19 72
3 44 15 83
4 5 97 9
4 6 55 44
4 7 54 43
4 8 58 81
4 9 8 54
4 10 30 31
4 11 78 64
4 12 63 50
4 13 12 58
4 14 52 85
4 15 19 42
4 16 98 66
4 17 8 75
4 18 22 88
4 19 4 47
4 20 14 84
4 21 70 41
4 22 20 44
4 23 28 28
4 24 32 47
4 25 22 30
4 26 56 75
4 27 22 65
4 28 64 64
4 29 46 23
4 30 75 54
4 31 43 27
4 32 55 72
4 33 83 70
4 34 47 37
4 35 61 40
4 36 24 15
4 37 90 5
4 38 15 57
4 39 58 40
4 40 26 33
4 41 50 28
4 42 9 89
4 43 67 34
4 44 37 58
5 6 70 37
5 7 87 8
5 8 87 70
5 9 77 36
5 10 80 36
5 11 0 24
5 12 52 51
5 13 6 28
5 14 84 54
5 15 14 44
5 16 29 16
5 17 50 83
5 18 36 78
5 19 7 35
5 20 28 49
5 21 46 87
5 22 35 44
5 23 39 27
5 24 14 85
5 25 44 57
5 26 75 56
5 27 70 32
5 28 54 58
5 29 17 19
5 30 76 28
5 31 88 6
5 32 79 80
5 33 1 20
5 34 63 83
5 35 33 91
5 36 48 37
5 37 79 51
5 38 12 41
5 39 36 80
5 40 29 65
5 41 71 58
5 42 61 76
5 43 52 28
5 44 51 68
6 7 42 85
6 8 39 91
6 9 71 78
6 10 89 50
6 11 30 85
6 12 1 64
6 13 29 67
6 14 63 62
6 15 36 36
6 16 88 45
6 17 34 49
6 18 19 32
6 19 18 92
6 20 1 47
6 21 23 51
6 22 3 66
6 23 16 17
6 24 51 33
6 25 87 56
6 26 28 21
6 27 35 81
6 28 45 90
6 29 5 98
6 30 94 76
6 31 25 58
6 32 35 65
6 33 54 15
6 34 53 10
6 35 94 21
6 36 30 88
6 37 13 32
6 38 84 65
6 39 84 16
6 40 83 10
6 41 72 52
6 42 82 66
6 43 13 51
6 44 96 48
7 8 94 47
7 9 43 35
7 10 30 14
7 11 92 42
7 12 48 45
7 13 16 50
7 14 97 58
7 15 14 52
7 16 72 58
7 17 85 45
7 18 6 88
7 19 21 25
7 20 60 83
7 21 57 13
7 22 59 20
7 23 71 59
7 24 86 72
7 25 32 91
7 26 43 63
7 27 75 20
7 28 80 79
7 29 56 71
7 30 31 30
7 31 20 35
7 32 6 21
7 33 75 65
7 34 10 60
7 35 84 73
7 36 79 51
7 37 9 39
7 38 71 12
7 39 59 63
7 40 17 34
7 41 75 32
7 42 26 80
7 43 19 84
7 44 70 20
8 9 76 80
8 10 53 72
8 11 72 44
8 12 19 44
8 13 1 63
8 14 40 43
8 15 96 62
8 16 27 91
8 17 92 38
8 18 64 60
8 19 28 36
8 20 18 42
8 21 77 58
8 22 80 41
8 23 8 44
8 24 17 23
8 25 38 54
8 26 92 63
8 27 85 52
8 28 93 66
8 29 27 86
8 30 71 64
8 31 5 23
8 32 39 32
8 33 44 55
8 34 80 49
8 35 64 52
8 36 70 29
8 37 26 78
8 38 50 32
8 39 14 80
8 40 92 5
8 41 40 12
8 42 28 89
8 43 77 10
8 44 88 82
9 10 2 80
9 11 16 95
9 12 57 37
9 13 17 77
9 14 61 45
9 15 19 66
9 16 8 80
9 17 6 67
9 18 93 27
9 19 78 55
9 20 77 78
9 21 30 59
9 22 28 27
9 23 57 19
9 24 10 94
9 25 14 55
9 26 41 29
9 27 96 25
9 28 18 94
9 29 54 66
9 30 82 6
9 31 67 23
9 32 80 76
9 33 47 59
9 34 19 45
9 35 11 38
9 36 15 25
9 37 71 40
9 38 8 40
9 39 4 38
9 40 46 35
9 41 38 31
9 42 96 1
9 43 78 83
9 44 0 64
10 11 26 39
10 12 74 47
10 13 51 22
10 14 65 26
10 15 9 23
10 16 60 45
10 17 97 3
10 18 49 25
10 19 46 81
10 20 45 46
10 21 55 71
10 22 92 34
10 23 97 19
10 24 65 84
10 25 16 73
10 26 3 72
10 27 10 31
10 28 3 97
10 29 64 48
10 30 40 47
10 31 50 67
10 32 7 36
10 33 26 49
10 34 78 60
10 35 72 15
10 36 12 86
10 37 47 24
10 38 13 54
10 39 8 19
10 40 11 69
10 41 21 47
10 42 66 45
10 43 20 23
10 44 34 63
11 12 74 79
11 13 50 70
11 14 22 44
11 15 87 40
11 16 94 60
11 17 90 29
11 18 20 29
11 19 40 48
11 20 42 82
11 21 23 64
11 22 49 33
11 23 36 23
11 24 88 21
11 25 14 39
11 26 20 37
11 27 68 23
11 28 0 96
11 29 66 9
11 30 75 39
11 31 51 77
11 32 75 84
11 33 17 88
11 34 91 75
11 35 44 80
11 36 88 65
11 37 34 39
11 38 92 29
11 39 83 70
11 40 76 26
11 41 90 22
11 42 59 48
11 43 59 84
11 44 39 79
12 13 23 79
12 14 97 11
12 15 56 27
12 16 90 27
12 17 20 21
12 18 87 38
12 19 33 19
12 20 82 29
12 21 83 45
12 22 74 19
12 23 41 23
12 24 1 34
12 25 73 81
12 26 27 50
12 27 63 53
12 28 48 88
12 29 57 74
12 30 42 12
12 31 78 78
12 32 83 37
12 33 48 77
12 34 18 48
12 35 81 33
12 36 72 54
12 37 83 27
12 38 98 22
12 39 94 7
12 40 60 50
12 41 56 43
12 42 42 13
12 43 58 54
12 44 26 70
13 14 44 36
13 15 69 70
13 16 91 61
13 17 31 89
13 18 76 11
13 19 61 56
13 20 68 30
13 21 81 28
13 22 75 79
13 23 91 20
13 24 30 52
13 25 67 37
13 26 29 65
13 27 79 30
13 28 68 33
13 29 51 86
13 30 73 42
13 31 11 31
13 32 50 17
13 33 37 42
13 34 90 37
13 35 93 14
13 36 16 63
13 37 46 12
13 38 79 23
13 39 11 29
13 40 3 81
13 41 10 48
13 42 75 71
13 43 57 47
13 44 81 70
14 15 93 40
14 16 61 21
14 17 78 47
14 18 74 52
14 19 25 22
14 20 95 47
14 21 50 75
14 22 74 69
14 23 41 90
14 24 44 41
14 25 12 74
14 26 14 88
14 27 78 68
14 28 85 33
14 29 3 98
14 30 83 73
14 31 99 64
14 32 62 37
14 33 24 37
14 34 21 73
14 35 45 34
14 36 87 3
14 37 66 59
14 38 28 37
14 39 51 18
14 40 49 46
14 41 24 19
14 42 85 60
14 43 9 75
14 44 53 15
15 16 99 24
15 17 40 54
15 18 38 30
15 19 71 11
15 20 13 66
15 21 91 24
15 22 99 64
15 23 89 24
15 24 34 73
15 25 77 12
15 26 61 26
15 27 99 34
15 28 5 41
15 29 59 87
15 30 45 47
15 31 68 72
15 32 10 38
15 33 72 39
15 34 16 93
15 35 66 36
15 36 46 28
15 37 98 29
15 38 13 42
15 39 55 41
15 40 54 43
15 41 62 87
15 42 27 88
15 43 75 69
15 44 90 13
16 17 83 19
16 18 7 61
16 19 62 25
16 20 89 38
16 21 25 64
16 22 43 84
16 23 56 44
16 24 55 68
16 25 41 75
16 26 2 94
16 27 73 77
16 28 32 61
16 29 40 75
16 30 96 35
16 31 6 66
16 32 30 86
16 33 12 54
16 34 22 31
16 35 70 10
16 36 30 56
16 37 16 60
16 38 96 33
16 39 17 19
16 40 77 22
16 41 89 59
16 42 8 28
16 43 90 16
16 44 96 43
17 18 55 85
17 19 42 19
17 20 48 33
17 21 57 63
17 22 75 73
17 23 67 47
17 24 21 39
17 25 64 43
17 26 39 88
17 27 2 21
17 28 10 29
17 29 2 29
17 30 82 4
17 31 24 48
17 32 61 27
17 33 33 27
17 34 36 25
17 35 78 13
17 36 88 74
17 37 79 13
17 38 75 57
17 39 45 61
17 40 21 84
17 41 18 85
17 42 33 73
17 43 84 5
17 44 49 25
18 19 16 93
18 20 94 16
18 21 73 32
18 22 50 55
18 23 81 43
18 24 8 85
18 25 79 19
18 26 53 43
18 27 3 58
18 28 98 50
18 29 59 58
18 30 50 56
18 31 11 92
18 32 44 63
18 33 59 38
18 34 60 33
18 35 28 80
18 36 88 30
18 37 3 28
18 38 5 88
18 39 31 18
18 40 58 86
18 41 75 14
18 42 62 44
18 43 94 32
18 44 17 39
19 20 52 31
19 21 17 16
19 22 47 27
19 23 24 61
19 24 99 27
19 25 87 2
19 26 83 75
19 27 59 49
19 28 68 11
19 29 89 29
19 30 33 51
19 31 77 18
19 32 77 56
19 33 35 53
19 34 50 48
19 35 81 69
19 36 81 42
19 37 60 48
19 38 64 84
19 39 52 51
19 40 83 70
19 41 88 62
19 42 54 80
19 43 85 55
19 44 87 75
20 21 92 50
20 22 57 66
20 23 60 58
20 24 61 78
20 25 55 56
20 26 61 10
20 27 29 71
20 28 78 73
20 29 56 33
20 30 86 63
20 31 69 65
20 32 91 31
20 33 35 27
20 34 63 20
20 35 41 43
20 36 59 71
20 37 51 15
20 38 95 13
20 39 68 59
20 40 6 93
20 41 57 62
20 42 4 74
20 43 29 54
20 44 93 52
21 22 59 44
21 23 79 23
21 24 39 42
21 25 25 84
21 26 92 73
21 27 26 84
21 28 14 72
21 29 48 13
21 30 86 75
21 31 88 28
21 32 15 68
21 33 24 21
21 34 75 9
21 35 99 76
21 36 73 69
21 37 54 33
21 38 28 25
21 39 66 51
21 40 58 80
21 41 40 69
21 42 75 70
21 43 4 32
21 44 87 44
22 23 75 73
22 24 66 35
22 25 27 48
22 26 66 51
22 27 39 28
22 28 51 12
22 29 32 58
22 30 76 64
22 31 41 47
22 32 7 39
22 33 13 23
22 34 84 5
22 35 13 34
22 36 27 34
22 37 39 55
22 38 99 29
22 39 91 75
22 40 4 66
22 41 54 27
22 42 65 78
22 43 13 25
22 44 98 58
23 24 92 25
23 25 50 50
23 26 0 19
23 27 10 78
23 28 37 38
23 29 22 92
23 30 40 14
23 31 95 39
23 32 75 54
23 33 54 37
23 34 0 78
23 35 40 88
23 36 40 20
23 37 40 77
23 38 91 57
23 39 25 62
23 40 19 77
23 41 13 79
23 42 15 29
23 43 38 20
23 44 66 12
24 25 12 73
24 26 5 20
24 27 83 67
24 28 46 24
24 29 85 79
24 30 5 35
24 31 59 56
24 32 14 33
24 33 82 22
24 34 63 28
24 35 47 82
24 36 87 20
24 37 81 15
24 38 42 20
24 39 7 62
24 40 98 65
24 41 56 59
24 42 78 41
24 43 38 41
24 44 92 46
25 26 39 55
25 27 20 50
25 28 76 44
25 29 47 36
25 30 26 75
25 31 37 83
25 32 99 64
25 33 27 78
25 34 34 69
25 35 61 14
25 36 72 15
25 37 82 65
25 38 95 47
25 39 95 33
25 40 29 42
25 41 82 59
25 42 59 45
25 43 20 76
25 44 79 30
26 27 20 60
26 28 4 69
26 29 80 18
26 30 35 22
26 31 50 35
26 32 69 36
26 33 99 20
26 34 38 23
26 35 44 60
26 36 94 45
26 37 29 77
26 38 39 83
26 39 65 79
26 40 28 22
26 41 3 89
26 42 39 91
26 43 62 45
26 44 10 86
27 28 82 20
27 29 6 68
27 30 17 61
27 31 75 46
27 32 53 18
27 33 35 19
27 34 15 74
27 35 90 70
27 36 88 42
27 37 94 14
27 38 65 15
27 39 23 89
27 40 49 42
27 41 61 9
27 42 65 60
27 43 42 50
27 44 27 24
28 29 70 80
28 30 42 76
28 31 43 70
28 32 10 51
28 33 89 6
28 34 73 12
28 35 93 60
28 36 87 15
28 37 22 65
28 38 25 16
28 39 1 82
28 40 88 45
28 41 51 28
28 42 98 15
28 43 13 18
28 44 2 27
29 30 82 32
29 31 30 68
29 32 98 4
29 33 22 26
29 34 17 65
29 35 74 52
29 36 82 65
29 37 35 51
29 38 98 56
29 39 95 61
29 40 76 22
29 41 2 78
29 42 39 26
29 43 30 55
29 44 2 41
30 31 25 85
30 32 43 28
30 33 98 55
30 34 1 47
30 35 42 61
30 36 94 42
30 37 50 44
30 38 99 47
30 39 62 28
30 40 66 9
30 41 11 51
30 42 87 35
30 43 44 28
30 44 82 81
31 32 12 46
31 33 38 67
31 34 42 32
31 35 54 49
31 36 73 78
31 37 20 82
31 38 14 88
31 39 29 66
31 40 47 16
31 41 4 74
31 42 98 26
31 43 26 44
31 44 62 19
32 33 11 53
32 34 12 63
32 35 95 75
32 36 62 74
32 37 40 67
32 38 72 66
32 39 56 67
32 40 94 63
32 41 29 55
32 42 56 11
32 43 25 69
32 44 36 73
33 34 52 85
33 35 38 35
33 36 7 67
33 37 45 30
33 38 97 73
33 39 44 45
33 40 0 30
33 41 3 96
33 42 95 30
33 43 31 25
33 44 82 39
34 35 72 50
34 36 13 79
34 37 35 80
34 38 85 26
34 39 68 49
34 40 83 41
34 41 56 26
34 42 49 36
34 43 75 63
34 44 46 56
35 36 56 41
35 37 68 58
35 38 22 19
35 39 92 59
35 40 34 35
35 41 41 69
35 42 44 31
35 43 0 40
35 44 32 21
36 37 79 81
36 38 93 72
36 39 11 88
36 40 42 46
36 41 31 40
36 42 75 35
36 43 19 94
36 44 63 37
37 38 11 56
37 39 59 71
37 40 38 27
37 41 31 46
37 42 10 75
37 43 89 78
37 44 1 46
38 39 34 49
38 40 57 58
38 41 52 84
38 42 77 64
38 43 81 26
38 44 40 59
39 40 0 94
39 41 18 82
39 42 62 12
39 43 53 66
39 44 86 14
40 41 95 48
40 42 20 68
40 43 8 80
40 44 57 33
41 42 2 83
41 43 21 49
41 44 8 90
42 43 74 58
42 44 63 11
43 44 5 91
