48
0 1 45 71
0 2 50 25
0 3 58 86
0 4 78 25
0 5 14 23
0 6 33 18
0 7 20 50
0 8 42 25
0 9 73 29
0 10 75 83
0 11 98 6
0 12 49 32
0 13 11 88
0 14 7 57
0 15 54 67
0 16 38 78
0 17 25 44
0 18 38 18
0 19 5 22
0 20 43 83
0 21 39 58
0 22 22 55
0 23 66 64
0 24 44 24
0 25 45 51
0 26 90 13
0 27 55 24
0 28 81 5
0 29 64 46
0 30 56 82
0 31 37 78
0 32 53 10
0 33 54 64
0 34 98 75
0 35 64 10
0 36 66 33
0 37 38 52
0 38 0 62
0 39 96 33
0 40 98 10
0 41 83 70
0 42 49 15
0 43 45 78
0 44 83 4
0 45 70 18
0 46 61 60
0 47 95 61
1 2 96 61
1 3 3 53
1 4 22 69
1 5 96 4
1 6 64 46
1 7 49 77
1 8 18 42
1 9 14 32
1 10 82 20
1 11 15 93
1 12 66 57
1 13 16 33
1 14 31 19
1 15 65 86
1 16 56 73
1 17 59 76
1 18 28 29
1 19 61 37
1 20 24 75
1 21 83 15
1 22 75 79
1 23 1 62
1 24 58 67
1 25 45 15
1 26 44 14
1 27 7 41
1 28 78 38
1 29 41 91
1 30 67 73
1 31 18 36
1 32 88 81
1 33 76 18
1 34 83 18
1 35 32 43
1 36 20 38
1 37 11 66
1 38 54 60
1 39 68 85
1 40 68 10
1 41 35 79
1 42 86 50
1 43 85 13
1 44 50 15
1 45 12 40
1 46 35 71
1 47 78 21
2 3 0 77
2 4 28 84
2 5 25 83
2 6 16 91
2 7 83 6
2 8 3 30
2 9 76 59
2 10 61 60
2 11 5 39
2 12 51 80
2 13 8 81
2 14 53 45
2 15 27 43
2 16 0 93
2 17 87 32
2 18 79 64
2 19 52 38
2 20 88 35
2 21 21 72
2 22 69 27
2 23 45 30
2 24 3 92
2 25 12 40
2 26 41 45
2 27 24 85
2 28 49 65
2 29 1 29
2 30 29 23
2 31 47 17
2 32 90 26
2 33 36 54
2 34 86 51
2 35 69 18
2 36 11 64
2 37 27 34
2 38 3 33
2 39 40 39
2 40 16 21
2 41 93 15
2 42 75 40
2 43 15 58
2 44 19 95
2 45 42 54
2 46 11 34
2 47 27 67
3 4 77 67
3 5 42 18
3 6 74 60
3 7 61 30
3 8 25 40
3 9 36 27
3 10 38 84
3 11 37 79
3 12 45 76
3 13 3 94
3 14 36 46
3 15 93 7
3 16 77 16
3 17 15 37
3 18 57 49
3 19 92 70
3 20 56 23
3 21 37 14
3 22 3 43
3 23 67 42
3 24 55 25
3 25 71 66
3 26 55 42
3 27 25 72
3 28 74 83
3 29 77 10
3 30 50 44
3 31 13 25
3 32 7 22
3 33 46 53
3 34 56 25
3 35 15 55
3 36 66 36
3 37 83 18
3 38 27 77
3 39 23 36
3 40 9 21
3 41 23 26
3 42 2 36
3 43 93 36
3 44 99 32
3 45 56 48
3 46 58 33
3 47 83 83
4 5 45 65
4 6 3 39
4 7 49 55
4 8 39 88
4 9 11 88
4 10 70 49
4 11 81 82
4 12 1 58
4 13 2 29
4 14 39 40
4 15 38 48
4 16 74 51
4 17 23 68
4 18 38 81
4 19 30 48
4 20 7 78
4 21 17 90
4 22 15 87
4 23 18 67
4 24 92 66
4 25 21 39
4 26 31 43
4 27 48 27
4 28 81 55
4 29 52 44
4 30 66 20
4 31 16 56
4 32 1 74
4 33 79 74
4 34 7 80
4 35 69 74
4 36 11 33
4 37 36 83
4 38 92 52
4 39 21 60
4 40 33 54
4 41 98 44
4 42 99 26
4 43 36 22
4 44 12 53
4 45 66 73
4 46 37 74
4 47 98 4
5 6 74 48
5 7 2 27
5 8 13 63
5 9 15 28
5 10 25 44
5 11 59 23
5 12 35 51
5 13 45 57
5 14 12 41
5 15 66 86
5 16 57 69
5 17 65 56
5 18 44 63
5 19 61 32
5 20 31 70
5 21 58 14
5 22 20 71
5 23 24 31
5 24 41 45
5 25 80 72
5 26 79 44
5 27 31 40
5 28 56 81
5 29 88 24
5 30 26 67
5 31 69 14
5 32 53 23
5 33 91 78
5 34 49 63
5 35 65 63
5 36 36 55
5 37 37 67
5 38 71 40
5 39 52 68
5 40 96 34
5 41 28 37
5 42 8 22
5 43 71 70
5 44 63 76
5 45 97 67
5 46 39 68
5 47 46 69
6 7 83 40
6 8 95 18
6 9 44 38
6 10 60 78
6 11 3 89
6 12 93 14
6 13 54 52
6 14 28 60
6 15 96 17
6 16 37 37
6 17 83 7
6 18 89 79
6 19 45 88
6 20 76 34
6 21 53 74
6 22 29 82
6 23 96 22
6 24 4 65
6 25 19 67
6 26 76 10
6 27 13 47
6 28 2 35
6 29 96 24
6 30 90 74
6 31 15 46
6 32 77 18
6 33 49 72
6 34 94 71
6 35 12 94
6 36 39 70
6 37 24 88
6 38 49 54
6 39 10 90
6 40 51 37
6 41 33 39
6 42 60 74
6 43 24 16
6 44 81 31
6 45 57 81
6 46 50 54
6 47 97 18
7 8 81 43
7 9 91 25
7 10 74 15
7 11 5 50
7 12 39 70
7 13 6 50
7 14 2 23
7 15 32 25
7 16 15 20
7 17 27 40
7 18 82 55
7 19 82 57
7 20 24 91
7 21 98 72
7 22 19 43
7 23 65 49
7 24 85 17
7 25 74 76
7 26 44 68
7 27 34 55
7 28 70 65
7 29 1 94
7 30 36 91
7 31 27 49
7 32 9 85
7 33 40 39
7 34 47 11
7 35 11 19
7 36 89 44
7 37 32 34
7 38 38 80
7 39 88 11
7 40 74 48
7 41 70 60
7 42 83 77
7 43 52 88
7 44 83 4
7 45 80 16
7 46 74 78
7 47 82 29
8 9 30 77
8 10 1 26
8 11 79 27
8 12 87 54
8 13 24 66
8 14 8 32
8 15 6 79
8 16 1 79
8 17 69 31
8 18 54 26
8 19 90 35
8 20 48 75
8 21 29 19
8 22 71 76
8 23 1 80
8 24 29 86
8 25 94 3
8 26 46 16
8 27 96 62
8 28 33 54
8 29 91 75
8 30 7 84
8 31 71 56
8 32 56 18
8 33 33 33
8 34 87 55
8 35 68 37
8 36 62 52
8 37 48 79
8 38 1 24
8 39 5 22
8 40 88 60
8 41 53 61
8 42 79 77
8 43 55 65
8 44 4 47
8 45 36 49
8 46 57 33
8 47 69 21
9 10 41 59
9 11 28 81
9 12 21 65
9 13 67 25
9 14 96 55
9 15 80 65
9 16 21 79
9 17 49 63
9 18 58 20
9 19 95 61
9 20 56 33
9 21 75 56
9 22 43 55
9 23 67 29
9 24 19 34
9 25 55 40
9 26 9 20
9 27 68 45
9 28 0 32
9 29 68 44
9 30 21 88
9 31 60 83
9 32 89 48
9 33 99 36
9 34 41 51
9 35 95 12
9 36 16 82
9 37 10 55
9 38 12 54
9 39 80 41
9 40 84 19
9 41 66 10
9 42 54 74
9 43 69 48
9 44 79 17
9 45 80 76
9 46 51 46
9 47 16 55
10 11 23 94
10 12 32 29
10 13 38 33
10 14 98 76
10 15 88 52
10 16 51 73
10 17 56 34
10 18 22 57
10 19 5 96
10 20 13 93
10 21 16 57
10 22 13 93
10 23 74 18
10 24 20 53
10 25 11 58
10 26 37 79
10 27 97 45
10 28 32 67
10 29 38 47
10 30 32 51
10 31 23 46
10 32 24 83
10 33 15 34
10 34 80 60
10 35 87 35
10 36 89 59
10 37 56 38
10 38 68 33
10 39 3 76
10 40 15 84
10 41 19 52
10 42 39 26
10 43 9 21
10 44 66 63
10 45 9 58
10 46 26 15
10 47 70 83
11 12 96 32
11 13 28 88
11 14 71 11
11 15 39 49
11 16 48 71
11 17 12 51
11 18 4 35
11 19 45 86
11 20 47 54
11 21 46 85
11 22 39 64
11 23 59 80
11 24 45 32
11 25 30 65
11 26 37 31
11 27 91 75
11 28 7 92
11 29 66 84
11 30 54 36
11 31 64 32
11 32 50 33
11 33 82 71
11 34 63 76
11 35 9 64
11 36 37 49
11 37 89 46
11 38 74 52
11 39 58 19
11 40 52 19
11 41 83 34
11 42 20 52
11 43 59 69
11 44 30 72
11 45 3 31
11 46 19 44
11 47 25 87
12 13 35 35
12 14 54 21
12 15 26 75
12 16 0 98
12 17 22 92
12 18 30 25
12 19 85 49
12 20 32 80
12 21 1 82
12 22 31 38
12 23 14 93
12 24 57 49
12 25 26 27
12 26 77 50
12 27 74 78
12 28 66 51
12 29 38 80
12 30 54 62
12 31 21 61
12 32 79 52
12 33 16 30
12 34 7 83
12 35 10 91
12 36 78 48
12 37 93 63
12 38 77 57
12 39 89 80
12 40 60 83
12 41 93 6
12 42 7 64
12 43 28 31
12 44 93 64
12 45 54 83
12 46 39 16
12 47 48 77
13 14 3 65
13 15 36 92
13 16 31 38
13 17 21 16
13 18 8 42
13 19 23 16
13 20 80 18
13 21 38 37
13 22 23 91
13 23 13 72
13 24 82 69
13 25 96 72
13 26 95 62
13 27 34 43
13 28 33 53
13 29 73 42
13 30 70 43
13 31 33 76
13 32 71 25
13 33 62 83
13 34 1 73
13 35 66 40
13 36 45 62
13 37 1 34
13 38 25 56
13 39 27 82
13 40 33 59
13 41 39 52
13 42 97 44
13 43 47 62
13 44 38 65
13 45 73 32
13 46 89 30
13 47 17 80
14 15 80 52
14 16 85 66
14 17 55 75
14 18 72 42
14 19 73 52
14 20 81 80
14 21 11 30
14 22 45 47
14 23 78 5
14 24 7 92
14 25 66 46
14 26 88 59
14 27 47 43
14 28 13 44
14 29 20 73
14 30 38 51
14 31 30 53
14 32 98 11
14 33 8 70
14 34 5 55
14 35 91 14
14 36 91 36
14 37 33 48
14 38 50 83
14 39 82 31
14 40 26 77
14 41 29 15
14 42 30 86
14 43 1 77
14 44 32 47
14 45 42 31
14 46 9 88
14 47 21 75
15 16 33 39
15 17 18 39
15 18 48 85
15 19 6 33
15 20 4 43
15 21 86 34
15 22 31 57
15 23 46 86
15 24 97 64
15 25 73 19
15 26 22 46
15 27 57 24
15 28 99 29
15 29 87 33
15 30 50 30
15 31 89 12
15 32 10 43
15 33 19 70
15 34 9 38
15 35 69 12
15 36 35 32
15 37 56 33
15 38 17 85
15 39 43 57
15 40 65 71
15 41 13 94
15 42 88 64
15 43 23 81
15 44 60 77
15 45 9 79
15 46 93 64
15 47 44 58
16 17 81 12
16 18 54 59
16 19 69 55
16 20 30 58
16 21 23 58
16 22 79 33
16 23 45 29
16 24 19 75
16 25 74 13
16 26 32 80
16 27 51 19
16 28 29 44
16 29 55 33
16 30 79 16
16 31 90 76
16 32 98 50
16 33 24 44
16 34 76 29
16 35 25 38
16 36 5 23
16 37 74 52
16 38 48 51
16 39 72 21
16 40 12 40
16 41 81 64
16 42 66 62
16 43 92 12
16 44 19 46
16 45 57 69
16 46 99 35
16 47 88 33
17 18 7 33
17 19 12 80
17 20 71 32
17 21 14 96
17 22 66 71
17 23 5 78
17 24 77 50
17 25 2 57
17 26 54 49
17 27 65 18
17 28 86 79
17 29 48 84
17 30 5 94
17 31 38 82
17 32 36 41
17 33 98 10
17 34 48 66
17 35 62 21
17 36 67 12
17 37 69 7
17 38 41 57
17 39 33 34
17 40 17 75
17 41 7 84
17 42 83 24
17 43 11 71
17 44 86 41
17 45 27 26
17 46 90 79
17 47 76 11
18 19 72 21
18 20 88 9
18 21 34 57
18 22 82 11
18 23 46 84
18 24 94 75
18 25 30 69
18 26 32 74
18 27 3 45
18 28 97 6
18 29 80 12
18 30 39 50
18 31 21 36
18 32 33 13
18 33 12 44
18 34 96 72
18 35 82 48
18 36 20 84
18 37 72 36
18 38 5 78
18 39 90 22
18 40 67 31
18 41 71 21
18 42 19 81
18 43 17 62
18 44 50 74
18 45 29 68
18 46 41 34
18 47 13 35
19 20 36 27
19 21 85 22
19 22 35 85
19 23 72 58
19 24 32 47
19 25 96 35
19 26 11 60
19 27 71 78
19 28 7 26
19 29 51 30
19 30 5 49
19 31 67 81
19 32 19 64
19 33 0 69
19 34 32 34
19 35 49 14
19 36 62 79
19 37 69 46
19 38 52 23
19 39 32 70
19 40 80 65
19 41 3 37
19 42 91 76
19 43 12 94
19 44 37 39
19 45 85 69
19 46 73 40
19 47 54 61
20 21 56 71
20 22 21 42
20 23 62 53
20 24 17 83
20 25 71 60
20 26 57 44
20 27 51 54
20 28 82 70
20 29 48 83
20 30 60 20
20 31 91 39
20 32 47 20
20 33 81 33
20 34 97 8
20 35 64 36
20 36 1 94
20 37 10 24
20 38 23 29
20 39 89 49
20 40 72 57
20 41 41 89
20 42 47 83
20 43 23 42
20 44 49 10
20 45 30 39
20 46 57 61
20 47 43 18
21 22 26 50
21 23 90 77
21 24 9 46
21 25 39 28
21 26 34 68
21 27 16 17
21 28 48 72
21 29 47 19
21 30 84 43
21 31 18 41
21 32 99 78
21 33 9 75
21 34 98 15
21 35 26 44
21 36 85 56
21 37 22 29
21 38 20 37
21 39 75 67
21 40 53 39
21 41 55 64
21 42 92 72
21 43 86 40
21 44 29 71
21 45 91 33
21 46 16 43
21 47 49 75
22 23 14 72
22 24 60 22
22 25 17 85
22 26 43 11
22 27 81 34
22 28 57 24
22 29 62 9
22 30 5 36
22 31 27 55
22 32 60 19
22 33 23 30
22 34 62 37
22 35 25 37
22 36 97 33
22 37 95 74
22 38 20 70
22 39 79 36
22 40 73 8
22 41 28 21
22 42 30 45
22 43 1 29
22 44 62 82
22 45 89 50
22 46 33 91
22 47 51 70
23 24 35 79
23 25 72 62
23 26 89 51
23 27 80 30
23 28 61 46
23 29 81 82
23 30 55 27
23 31 44 36
23 32 64 41
23 33 60 83
23 34 11 91
23 35 77 68
23 36 18 59
23 37 42 17
23 38 76 7
23 39 79 45
23 40 77 14
23 41 31 38
23 42 67 33
23 43 81 75
23 44 71 70
23 45 56 55
23 46 16 32
23 47 24 20
24 25 10 28
24 26 3 76
24 27 5 31
24 28 81 29
24 29 18 28
24 30 50 75
24 31 29 81
24 32 91 62
24 33 8 79
24 34 70 6
24 35 57 55
24 36 31 61
24 37 74 6
24 38 41 53
24 39 78 77
24 40 49 66
24 41 13 29
24 42 82 66
24 43 34 28
24 44 88 6
24 45 86 53
24 46 4 31
24 47 23 62
25 26 19 37
25 27 25 17
25 28 7 22
25 29 47 57
25 30 18 42
25 31 76 69
25 32 37 75
25 33 27 49
25 34 55 9
25 35 25 78
25 36 42 27
25 37 88 26
25 38 81 15
25 39 71 40
25 40 88 27
25 41 22 15
25 42 83 24
25 43 41 18
25 44 53 58
25 45 51 14
25 46 9 29
25 47 69 78
26 27 9 19
26 28 79 19
26 29 92 24
26 30 30 53
26 31 29 14
26 32 77 53
26 33 60 46
26 34 84 39
26 35 72 68
26 36 43 88
26 37 23 50
26 38 19 56
26 39 79 75
26 40 22 86
26 41 24 29
26 42 23 19
26 43 46 23
26 44 50 89
26 45 59 32
26 46 16 37
26 47 9 31
27 28 21 81
27 29 22 33
27 30 0 29
27 31 79 53
27 32 42 72
27 33 30 69
27 34 97 45
27 35 96 18
27 36 34 35
27 37 82 65
27 38 48 84
27 39 12 96
27 40 66 59
27 41 41 87
27 42 66 17
27 43 18 57
27 44 57 81
27 45 69 38
27 46 25 24
27 47 69 62
28 29 24 44
28 30 10 44
28 31 8 41
28 32 39 39
28 33 28 79
28 34 0 69
28 35 2 92
28 36 84 58
28 37 4 47
28 38 79 43
28 39 19 64
28 40 45 29
28 41 79 22
28 42 22 17
28 43 54 47
28 44 17 44
28 45 40 46
28 46 23 81
28 47 61 30
29 30 89 6
29 31 89 66
29 32 10 74
29 33 65 34
29 34 19 31
29 35 15 64
29 36 19 87
29 37 48 66
29 38 60 81
29 39 25 68
29 40 67 20
29 41 56 42
29 42 16 52
29 43 58 82
29 44 90 8
29 45 51 35
29 46 71 43
29 47 49 57
30 31 88 63
30 32 73 26
30 33 8 44
30 34 73 41
30 35 87 80
30 36 97 21
30 37 82 50
30 38 66 48
30 39 2 55
30 40 8 32
30 41 26 23
30 42 78 36
30 43 26 44
30 44 59 84
30 45 68 18
30 46 64 43
30 47 10 42
31 32 29 61
31 33 33 25
31 34 44 23
31 35 8 34
31 36 87 33
31 37 6 20
31 38 33 69
31 39 23 84
31 40 94 42
31 41 2 66
31 42 40 90
31 43 58 79
31 44 27 26
31 45 97 75
31 46 56 15
31 47 79 42
32 33 73 11
32 34 12 43
32 35 85 62
32 36 88 12
32 37 5 47
32 38 1 65
32 39 80 63
32 40 50 85
32 41 37 59
32 42 20 77
32 43 24 46
32 44 9 51
32 45 44 50
32 46 93 78
32 47 66 37
33 34 94 36
33 35 9 69
33 36 57 31
33 37 46 55
33 38 63 71
33 39 16 22
33 40 38 60
33 41 54 32
33 42 56 69
33 43 49 76
33 44 73 12
33 45 85 74
33 46 14 67
33 47 56 53
34 35 68 52
34 36 30 36
34 37 14 89
34 38 35 78
34 39 77 60
34 40 28 86
34 41 95 33
34 42 78 18
34 43 58 21
34 44 85 35
34 45 96 53
34 46 11 82
34 47 55 36
35 36 37 73
35 37 1 46
35 38 40 26
35 39 22 29
35 40 40 29
35 41 4 35
35 42 72 37
35 43 90 22
35 44 21 53
35 45 83 11
35 46 13 22
35 47 66 76
36 37 99 75
36 38 61 8
36 39 27 19
36 40 83 30
36 41 41 25
36 42 60 84
36 43 8 70
36 44 13 46
36 45 93 64
36 46 81 7
36 47 55 74
37 38 44 75
37 39 42 13
37 40 29 68
37 41 62 66
37 42 26 75
37 43 18 87
37 44 49 84
37 45 75 42
37 46 33 15
37 47 24 88
38 39 88 28
38 40 48 45
38 41 44 79
38 42 80 14
38 43 29 38
38 44 80 47
38 45 57 10
38 46 43 80
38 47 50 63
39 40 46 30
39 41 29 58
39 42 63 41
39 43 74 25
39 44 46 68
39 45 21 29
39 46 59 45
39 47 68 7
40 41 63 72
40 42 36 27
40 43 71 80
40 44 21 16
40 45 32 77
40 46 47 76
40 47 95 20
41 42 38 25
41 43 4 84
41 44 11 50
41 45 9 63
41 46 73 20
41 47 36 74
42 43 23 23
42 44 22 29
42 45 82 33
42 46 48 37
42 47 0 36
43 44 68 64
43 45 31 53
43 46 49 42
43 47 63 16
44 45 25 55
44 46 81 23
44 47 59 60
45 46 24 31
45 47 49 82
46 47 80 26
