50
0 1 53 46
0 2 70 35
0 3 19 79
0 4 13 81
0 5 16 84
0 6 93 16
0 7 14 77
0 8 97 6
0 9 4 92
0 10 22 77
0 11 15 79
0 12 19 80
0 13 53 53
0 14 5 82
0 15 13 81
0 16 89 17
0 17 41 63
0 18 78 22
0 19 16 75
0 20 65 38
0 21 26 75
0 22 37 65
0 23 93 5
0 24 79 21
0 25 48 43
0 26 64 34
0 27 81 22
0 28 72 37
0 29 24 75
0 30 66 39
0 31 91 10
0 32 54 51
0 33 25 74
0 34 24 75
0 35 64 40
0 36 62 37
0 37 12 77
0 38 29 72
0 39 10 90
0 40 60 34
0 41 2 90
0 42 51 53
0 43 27 69
0 44 83 18
0 45 25 71
0 46 65 40
0 47 95 5
0 48 56 49
0 49 25 77
1 2 20 80
1 3 5 83
1 4 8 91
1 5 64 34
1 6 69 31
1 7 2 95
1 8 12 76
1 9 63 38
1 10 37 57
1 11 5 88
1 12 94 9
1 13 68 29
1 14 20 72
1 15 4 91
1 16 46 55
1 17 70 35
1 18 40 56
1 19 19 82
1 20 20 73
1 21 71 37
1 22 84 24
1 23 19 78
1 24 79 22
1 25 15 73
1 26 55 46
1 27 82 20
1 28 21 79
1 29 39 52
1 30 32 66
1 31 54 50
1 32 33 64
1 33 87 17
1 34 25 68
1 35 52 53
1 36 34 66
1 37 41 57
1 38 75 21
1 39 47 44
1 40 23 70
1 41 38 61
1 42 0 93
1 43 1 92
1 44 11 82
1 45 49 50
1 46 21 69
1 47 73 37
1 48 74 25
1 49 64 33
2 3 64 31
2 4 94 7
2 5 24 65
2 6 40 51
2 7 60 39
2 8 65 37
2 9 69 35
2 10 28 62
2 11 24 73
2 12 78 25
2 13 31 65
2 14 14 76
2 15 82 15
2 16 68 31
2 17 60 41
2 18 82 21
2 19 88 19
2 20 13 78
2 21 97 11
2 22 15 74
2 23 17 72
2 24 25 65
2 25 78 18
2 26 77 22
2 27 22 67
2 28 25 65
2 29 36 58
2 30 76 29
2 31 20 72
2 32 41 59
2 33 4 92
2 34 73 36
2 35 42 56
2 36 37 53
2 37 96 7
2 38 82 27
2 39 58 49
2 40 95 10
2 41 20 78
2 42 58 49
2 43 87 13
2 44 39 62
2 45 27 69
2 46 34 66
2 47 28 66
2 48 69 32
2 49 40 54
3 4 30 70
3 5 51 43
3 6 2 93
3 7 97 9
3 8 54 49
3 9 0 94
3 10 11 86
3 11 67 29
3 12 87 23
3 13 99 10
3 14 38 66
3 15 81 17
3 16 49 49
3 17 84 18
3 18 88 10
3 19 36 67
3 20 70 32
3 21 28 73
3 22 6 80
3 23 86 15
3 24 27 73
3 25 23 79
3 26 96 13
3 27 4 95
3 28 35 55
3 29 28 61
3 30 12 82
3 31 20 81
3 32 83 17
3 33 70 33
3 34 22 75
3 35 69 34
3 36 63 34
3 37 6 81
3 38 95 17
3 39 85 22
3 40 76 30
3 41 81 30
3 42 65 33
3 43 18 83
3 44 38 63
3 45 64 34
3 46 78 27
3 47 30 65
3 48 4 85
3 49 88 10
4 5 18 81
4 6 67 31
4 7 62 41
4 8 9 89
4 9 94 9
4 10 44 59
4 11 84 15
4 12 10 88
4 13 27 63
4 14 71 36
4 15 69 34
4 16 35 67
4 17 89 10
4 18 14 79
4 19 81 28
4 20 14 79
4 21 82 23
4 22 50 45
4 23 22 73
4 24 97 7
4 25 57 50
4 26 82 23
4 27 51 55
4 28 31 59
4 29 40 63
4 30 16 78
4 31 24 73
4 32 43 59
4 33 3 89
4 34 9 82
4 35 49 52
4 36 42 52
4 37 55 39
4 38 51 49
4 39 38 61
4 40 12 77
4 41 17 72
4 42 38 62
4 43 85 21
4 44 87 17
4 45 14 76
4 46 37 66
4 47 91 18
4 48 65 41
4 49 74 28
5 6 0 97
5 7 57 39
5 8 28 75
5 9 64 40
5 10 87 23
5 11 94 16
5 12 44 54
5 13 19 83
5 14 70 35
5 15 29 66
5 16 36 61
5 17 7 88
5 18 67 40
5 19 58 43
5 20 85 22
5 21 56 39
5 22 21 78
5 23 21 72
5 24 14 83
5 25 49 46
5 26 65 31
5 27 76 25
5 28 99 6
5 29 72 25
5 30 81 21
5 31 14 75
5 32 85 22
5 33 32 67
5 34 46 54
5 35 92 12
5 36 46 57
5 37 7 85
5 38 33 65
5 39 52 41
5 40 28 71
5 41 47 55
5 42 6 80
5 43 48 54
5 44 92 13
5 45 9 82
5 46 28 69
5 47 84 15
5 48 85 22
5 49 99 3
6 7 83 27
6 8 23 73
6 9 75 25
6 10 61 34
6 11 2 85
6 12 12 77
6 13 41 64
6 14 54 43
6 15 28 67
6 16 62 36
6 17 30 73
6 18 12 74
6 19 25 71
6 20 52 52
6 21 28 66
6 22 99 1
6 23 58 47
6 24 51 51
6 25 86 26
6 26 97 5
6 27 36 68
6 28 31 61
6 29 29 67
6 30 37 60
6 31 4 89
6 32 23 70
6 33 1 97
6 34 68 41
6 35 9 87
6 36 8 82
6 37 64 42
6 38 62 37
6 39 25 77
6 40 29 68
6 41 35 68
6 42 45 51
6 43 73 33
6 44 58 42
6 45 56 40
6 46 94 12
6 47 36 55
6 48 11 82
6 49 33 60
7 8 28 66
7 9 47 50
7 10 19 73
7 11 46 56
7 12 84 22
7 13 87 19
7 14 40 59
7 15 42 49
7 16 30 67
7 17 33 68
7 18 82 19
7 19 14 75
7 20 35 60
7 21 67 39
7 22 13 85
7 23 40 58
7 24 59 37
7 25 78 28
7 26 60 38
7 27 70 36
7 28 33 64
7 29 79 23
7 30 42 53
7 31 69 34
7 32 32 60
7 33 90 22
7 34 0 97
7 35 56 44
7 36 94 8
7 37 25 67
7 38 84 19
7 39 98 1
7 40 15 80
7 41 54 46
7 42 61 40
7 43 21 71
7 44 21 71
7 45 1 89
7 46 5 92
7 47 61 45
7 48 5 86
7 49 18 80
8 9 14 80
8 10 29 70
8 11 30 66
8 12 32 70
8 13 75 30
8 14 18 73
8 15 40 62
8 16 1 84
8 17 73 30
8 18 90 18
8 19 30 71
8 20 36 56
8 21 79 24
8 22 89 10
8 23 59 36
8 24 89 11
8 25 35 57
8 26 92 12
8 27 85 12
8 28 0 97
8 29 33 69
8 30 1 83
8 31 58 47
8 32 65 40
8 33 42 57
8 34 12 89
8 35 75 26
8 36 36 64
8 37 58 39
8 38 46 50
8 39 18 80
8 40 88 17
8 41 86 15
8 42 42 61
8 43 90 20
8 44 3 86
8 45 1 94
8 46 22 69
8 47 70 29
8 48 17 75
8 49 54 49
9 10 10 88
9 11 23 76
9 12 71 38
9 13 45 60
9 14 4 82
9 15 37 65
9 16 80 17
9 17 26 74
9 18 60 35
9 19 82 23
9 20 26 66
9 21 94 8
9 22 44 53
9 23 42 52
9 24 29 67
9 25 19 80
9 26 86 21
9 27 68 28
9 28 22 70
9 29 97 5
9 30 9 77
9 31 49 47
9 32 3 85
9 33 13 78
9 34 70 24
9 35 78 25
9 36 37 68
9 37 70 31
9 38 48 44
9 39 89 12
9 40 47 49
9 41 33 63
9 42 68 36
9 43 27 69
9 44 52 40
9 45 50 48
9 46 56 43
9 47 52 54
9 48 64 43
9 49 52 52
10 11 99 13
10 12 30 65
10 13 40 63
10 14 74 32
10 15 75 34
10 16 72 23
10 17 85 23
10 18 0 86
10 19 87 14
10 20 67 34
10 21 38 61
10 22 9 78
10 23 31 59
10 24 7 87
10 25 50 50
10 26 31 69
10 27 30 62
10 28 82 22
10 29 58 40
10 30 8 78
10 31 21 78
10 32 45 58
10 33 13 80
10 34 94 11
10 35 14 79
10 36 28 73
10 37 84 21
10 38 40 63
10 39 47 59
10 40 72 38
10 41 67 38
10 42 30 73
10 43 93 18
10 44 95 16
10 45 11 83
10 46 16 72
10 47 83 15
10 48 98 3
10 49 60 41
11 12 58 38
11 13 58 45
11 14 98 4
11 15 90 22
11 16 64 36
11 17 28 72
11 18 33 66
11 19 10 77
11 20 90 9
11 21 55 43
11 22 64 40
11 23 25 71
11 24 61 42
11 25 16 81
11 26 4 85
11 27 20 71
11 28 77 20
11 29 5 80
11 30 87 17
11 31 63 44
11 32 82 21
11 33 16 71
11 34 32 71
11 35 62 34
11 36 98 9
11 37 36 67
11 38 87 24
11 39 67 27
11 40 61 40
11 41 67 39
11 42 45 46
11 43 55 48
11 44 53 43
11 45 39 65
11 46 3 91
11 47 9 90
11 48 86 19
11 49 67 32
12 13 63 43
12 14 65 32
12 15 28 66
12 16 18 77
12 17 60 43
12 18 15 78
12 19 99 0
12 20 17 78
12 21 89 17
12 22 93 19
12 23 35 60
12 24 2 88
12 25 57 38
12 26 83 26
12 27 97 11
12 28 31 63
12 29 47 50
12 30 43 52
12 31 57 41
12 32 75 34
12 33 65 35
12 34 90 22
12 35 16 76
12 36 90 11
12 37 66 39
12 38 98 13
12 39 24 77
12 40 49 51
12 41 80 25
12 42 5 90
12 43 91 7
12 44 0 94
12 45 99 3
12 46 16 74
12 47 70 35
12 48 21 69
12 49 85 21
13 14 61 42
13 15 68 34
13 16 95 15
13 17 36 56
13 18 27 63
13 19 69 26
13 20 21 74
13 21 65 42
13 22 0 87
13 23 57 39
13 24 84 21
13 25 23 74
13 26 34 68
13 27 90 15
13 28 59 40
13 29 30 71
13 30 20 74
13 31 22 72
13 32 0 96
13 33 54 40
13 34 9 89
13 35 13 79
13 36 48 56
13 37 20 78
13 38 21 79
13 39 50 53
13 40 9 80
13 41 13 79
13 42 34 70
13 43 92 15
13 44 73 27
13 45 39 64
13 46 58 39
13 47 27 70
13 48 80 25
13 49 47 45
14 15 97 5
14 16 52 44
14 17 77 23
14 18 73 36
14 19 97 5
14 20 35 63
14 21 10 81
14 22 55 51
14 23 62 36
14 24 90 11
14 25 68 40
14 26 18 75
14 27 62 45
14 28 1 95
14 29 88 23
14 30 34 67
14 31 51 41
14 32 89 12
14 33 68 41
14 34 10 90
14 35 65 42
14 36 43 53
14 37 58 45
14 38 43 53
14 39 92 15
14 40 76 30
14 41 36 67
14 42 31 70
14 43 87 19
14 44 86 23
14 45 75 22
14 46 53 47
14 47 72 38
14 48 8 78
14 49 37 66
15 16 55 38
15 17 97 13
15 18 75 29
15 19 44 57
15 20 66 30
15 21 31 59
15 22 7 83
15 23 13 83
15 24 12 88
15 25 3 87
15 26 77 23
15 27 67 42
15 28 26 64
15 29 42 60
15 30 84 19
15 31 64 41
15 32 46 56
15 33 74 28
15 34 8 80
15 35 90 9
15 36 13 84
15 37 53 46
15 38 48 48
15 39 28 66
15 40 82 27
15 41 97 6
15 42 47 54
15 43 87 15
15 44 88 20
15 45 60 45
15 46 40 53
15 47 83 23
15 48 87 17
15 49 27 65
16 17 49 46
16 18 18 79
16 19 67 29
16 20 4 93
16 21 41 51
16 22 91 9
16 23 58 36
16 24 20 79
16 25 44 49
16 26 56 43
16 27 99 11
16 28 57 48
16 29 96 7
16 30 61 40
16 31 26 73
16 32 2 86
16 33 77 25
16 34 66 38
16 35 23 77
16 36 95 10
16 37 12 82
16 38 56 42
16 39 26 69
16 40 67 27
16 41 68 32
16 42 17 73
16 43 75 26
16 44 83 19
16 45 25 75
16 46 87 13
16 47 97 4
16 48 4 90
16 49 28 74
17 18 35 69
17 19 31 63
17 20 56 50
17 21 1 98
17 22 26 76
17 23 50 56
17 24 18 77
17 25 86 21
17 26 53 47
17 27 77 26
17 28 55 39
17 29 48 50
17 30 82 27
17 31 60 41
17 32 60 42
17 33 48 55
17 34 48 44
17 35 54 44
17 36 80 20
17 37 81 23
17 38 85 19
17 39 59 40
17 40 71 30
17 41 40 65
17 42 41 57
17 43 59 36
17 44 18 80
17 45 7 87
17 46 23 69
17 47 70 29
17 48 77 19
17 49 81 30
18 19 11 89
18 20 24 70
18 21 22 71
18 22 32 71
18 23 5 94
18 24 59 38
18 25 81 17
18 26 24 78
18 27 64 44
18 28 59 46
18 29 55 38
18 30 35 67
18 31 59 35
18 32 88 21
18 33 70 36
18 34 54 49
18 35 94 17
18 36 71 26
18 37 65 40
18 38 62 46
18 39 21 69
18 40 14 76
18 41 80 28
18 42 63 38
18 43 20 70
18 44 71 26
18 45 23 76
18 46 0 86
18 47 71 27
18 48 15 72
18 49 13 74
19 20 76 26
19 21 27 69
19 22 91 21
19 23 98 6
19 24 54 43
19 25 20 72
19 26 76 27
19 27 48 53
19 28 1 93
19 29 92 17
19 30 79 18
19 31 95 4
19 32 1 96
19 33 84 16
19 34 15 81
19 35 50 47
19 36 83 20
19 37 84 14
19 38 20 70
19 39 52 44
19 40 1 92
19 41 83 20
19 42 76 27
19 43 45 60
19 44 11 85
19 45 44 48
19 46 68 32
19 47 84 21
19 48 64 38
19 49 22 66
20 21 74 32
20 22 94 19
20 23 11 86
20 24 16 85
20 25 7 90
20 26 38 55
20 27 29 64
20 28 58 41
20 29 72 29
20 30 74 24
20 31 55 44
20 32 96 7
20 33 92 10
20 34 44 54
20 35 36 66
20 36 84 26
20 37 39 54
20 38 84 22
20 39 3 85
20 40 17 70
20 41 78 27
20 42 87 21
20 43 28 73
20 44 78 24
20 45 82 27
20 46 52 42
20 47 32 58
20 48 91 19
20 49 12 83
21 22 61 43
21 23 60 39
21 24 84 21
21 25 26 75
21 26 99 1
21 27 18 80
21 28 90 9
21 29 55 41
21 30 40 56
21 31 5 93
21 32 22 68
21 33 65 38
21 34 90 10
21 35 94 8
21 36 69 34
21 37 58 39
21 38 0 89
21 39 79 21
21 40 34 68
21 41 50 42
21 42 32 58
21 43 96 7
21 44 21 69
21 45 94 13
21 46 44 48
21 47 49 45
21 48 92 12
21 49 25 75
22 23 81 22
22 24 51 55
22 25 48 57
22 26 33 66
22 27 67 29
22 28 34 62
22 29 60 43
22 30 45 61
22 31 6 92
22 32 35 60
22 33 87 18
22 34 2 88
22 35 85 19
22 36 60 36
22 37 91 18
22 38 69 31
22 39 88 20
22 40 18 74
22 41 17 70
22 42 87 24
22 43 5 83
22 44 7 92
22 45 43 51
22 46 45 57
22 47 11 84
22 48 62 41
22 49 93 20
23 24 48 50
23 25 77 24
23 26 72 36
23 27 58 44
23 28 15 83
23 29 96 3
23 30 47 45
23 31 3 93
23 32 31 65
23 33 63 34
23 34 62 39
23 35 71 26
23 36 97 12
23 37 77 27
23 38 97 3
23 39 59 49
23 40 49 55
23 41 28 71
23 42 86 24
23 43 93 12
23 44 39 65
23 45 42 53
23 46 19 70
23 47 59 46
23 48 66 31
23 49 47 57
24 25 46 51
24 26 9 89
24 27 46 48
24 28 22 73
24 29 30 66
24 30 18 70
24 31 64 43
24 32 40 59
24 33 5 82
24 34 74 22
24 35 43 52
24 36 60 38
24 37 30 65
24 38 83 27
24 39 83 28
24 40 93 10
24 41 82 21
24 42 50 52
24 43 73 32
24 44 48 45
24 45 35 67
24 46 83 27
24 47 20 73
24 48 33 57
24 49 15 86
25 26 6 87
25 27 48 58
25 28 60 39
25 29 3 86
25 30 41 53
25 31 23 65
25 32 96 17
25 33 69 31
25 34 89 20
25 35 78 30
25 36 67 39
25 37 74 31
25 38 63 43
25 39 75 22
25 40 16 80
25 41 58 41
25 42 46 46
25 43 41 63
25 44 72 30
25 45 24 74
25 46 81 16
25 47 35 68
25 48 70 29
25 49 37 60
26 27 8 85
26 28 32 62
26 29 45 57
26 30 30 69
26 31 6 85
26 32 8 79
26 33 51 49
26 34 41 58
26 35 25 65
26 36 67 36
26 37 67 40
26 38 68 27
26 39 95 8
26 40 43 58
26 41 83 19
26 42 3 87
26 43 83 22
26 44 88 19
26 45 94 13
26 46 65 40
26 47 75 22
26 48 43 52
26 49 25 66
27 28 70 25
27 29 17 80
27 30 42 56
27 31 67 36
27 32 74 23
27 33 0 95
27 34 15 86
27 35 56 52
27 36 31 71
27 37 73 26
27 38 28 62
27 39 26 64
27 40 73 36
27 41 79 30
27 42 95 7
27 43 61 38
27 44 5 92
27 45 92 8
27 46 90 17
27 47 69 34
27 48 23 67
27 49 96 7
28 29 72 27
28 30 54 43
28 31 26 76
28 32 77 29
28 33 1 89
28 34 64 34
28 35 41 64
28 36 74 26
28 37 91 8
28 38 60 35
28 39 0 89
28 40 52 42
28 41 85 20
28 42 72 30
28 43 15 79
28 44 29 59
28 45 70 39
28 46 68 31
28 47 98 7
28 48 87 11
28 49 63 36
29 30 98 11
29 31 72 35
29 32 80 28
29 33 85 25
29 34 90 18
29 35 88 13
29 36 71 34
29 37 8 84
29 38 21 70
29 39 7 93
29 40 38 53
29 41 70 37
29 42 27 67
29 43 90 10
29 44 58 37
29 45 98 11
29 46 49 45
29 47 87 18
29 48 3 90
29 49 58 43
30 31 52 54
30 32 37 57
30 33 99 14
30 34 10 90
30 35 87 17
30 36 59 40
30 37 97 3
30 38 68 29
30 39 71 36
30 40 94 17
30 41 0 93
30 42 89 13
30 43 32 70
30 44 11 81
30 45 11 84
30 46 21 73
30 47 32 68
30 48 14 73
30 49 77 28
31 32 40 58
31 33 13 77
31 34 33 66
31 35 72 30
31 36 56 44
31 37 76 20
31 38 91 12
31 39 99 12
31 40 49 44
31 41 30 63
31 42 45 55
31 43 53 53
31 44 6 83
31 45 41 54
31 46 57 39
31 47 66 31
31 48 54 45
31 49 82 16
32 33 47 47
32 34 17 76
32 35 62 40
32 36 78 22
32 37 66 42
32 38 14 81
32 39 56 38
32 40 3 93
32 41 66 29
32 42 68 37
32 43 40 60
32 44 97 13
32 45 17 79
32 46 40 53
32 47 80 30
32 48 69 37
32 49 81 16
33 34 71 37
33 35 16 81
33 36 7 91
33 37 43 59
33 38 75 31
33 39 33 64
33 40 62 42
33 41 16 82
33 42 1 96
33 43 58 46
33 44 45 56
33 45 27 63
33 46 61 33
33 47 28 71
33 48 77 34
33 49 24 76
34 35 32 58
34 36 81 28
34 37 35 59
34 38 10 77
34 39 62 45
34 40 94 10
34 41 72 26
34 42 65 40
34 43 12 89
34 44 12 75
34 45 82 19
34 46 64 37
34 47 37 66
34 48 71 32
34 49 48 57
35 36 39 52
35 37 60 44
35 38 19 72
35 39 60 42
35 40 58 42
35 41 45 56
35 42 86 15
35 43 96 3
35 44 77 23
35 45 88 13
35 46 73 35
35 47 61 36
35 48 12 81
35 49 56 50
36 37 70 36
36 38 78 26
36 39 14 82
36 40 58 49
36 41 47 50
36 42 91 15
36 43 53 45
36 44 28 68
36 45 89 16
36 46 0 86
36 47 76 21
36 48 27 72
36 49 37 67
37 38 70 29
37 39 63 33
37 40 88 24
37 41 92 18
37 42 17 79
37 43 21 80
37 44 25 63
37 45 90 9
37 46 74 32
37 47 22 75
37 48 22 78
37 49 69 29
38 39 41 59
38 40 26 65
38 41 97 7
38 42 16 73
38 43 94 13
38 44 89 13
38 45 70 25
38 46 16 85
38 47 41 53
38 48 5 82
38 49 56 38
39 40 83 14
39 41 42 55
39 42 59 37
39 43 25 72
39 44 40 51
39 45 81 25
39 46 74 34
39 47 59 37
39 48 5 88
39 49 76 34
40 41 60 42
40 42 50 51
40 43 63 43
40 44 19 69
40 45 46 52
40 46 32 57
40 47 54 53
40 48 33 61
40 49 91 21
41 42 98 15
41 43 97 16
41 44 12 80
41 45 43 55
41 46 6 84
41 47 96 4
41 48 1 89
41 49 93 15
42 43 86 18
42 44 24 65
42 45 11 86
42 46 4 93
42 47 87 20
42 48 1 86
42 49 8 85
43 44 32 64
43 45 15 82
43 46 36 59
43 47 72 28
43 48 81 19
43 49 70 36
44 45 14 84
44 46 76 33
44 47 4 86
44 48 63 31
44 49 72 26
45 46 77 24
45 47 11 89
45 48 29 69
45 49 64 37
46 47 7 79
46 48 57 38
46 49 11 79
47 48 82 24
47 49 14 80
48 49 13 82
