0 1 9 72
0 2 17 88
0 3 57 59
0 4 100 16
0 5 24 80
0 6 27 52
0 7 76 50
0 8 14 64
0 9 88 46
0 10 10 54
0 11 55 57
0 12 88 20
0 13 65 54
0 14 56 68
0 15 52 71
0 16 13 60
0 17 62 44
0 18 68 66
0 19 48 41
0 20 27 84
0 21 28 77
0 22 8 73
0 23 33 60
0 24 42 32
0 25 82 51
0 26 95 32
1 2 18 65
1 3 57 52
1 4 44 72
1 5 66 45
1 6 71 14
1 7 63 26
1 8 81 45
1 9 94 14
1 10 31 64
1 11 69 56
1 12 33 77
1 13 77 52
1 14 61 40
1 15 28 51
1 16 79 46
1 17 90 18
1 18 15 84
1 19 44 68
1 20 33 64
1 21 42 28
1 22 85 32
1 23 86 37
1 24 3 59
1 25 56 43
1 26 89 26
2 3 95 25
2 4 26 76
2 5 26 55
2 6 97 39
2 7 33 67
2 8 56 71
2 9 79 36
2 10 69 17
2 11 18 55
2 12 84 30
2 13 92 14
2 14 87 14
2 15 94 45
2 16 95 8
2 17 99 1
2 18 7 95
2 19 93 14
2 20 50 46
2 21 11 72
2 22 88 14
2 23 16 62
2 24 76 34
2 25 55 32
2 26 15 73
3 4 77 39
3 5 65 28
3 6 60 69
3 7 99 21
3 8 19 81
3 9 63 40
3 10 16 68
3 11 37 54
3 12 27 73
3 13 30 60
3 14 54 67
3 15 32 77
3 16 71 34
3 17 6 51
3 18 16 46
3 19 63 26
3 20 78 45
3 21 7 78
3 22 28 66
3 23 79 51
3 24 22 76
3 25 76 22
3 26 7 56
4 5 96 33
4 6 19 89
4 7 59 26
4 8 11 70
4 9 12 63
4 10 64 39
4 11 67 45
4 12 82 16
4 13 96 20
4 14 0 85
4 15 18 90
4 16 74 23
4 17 81 59
4 18 52 26
4 19 37 42
4 20 27 78
4 21 20 84
4 22 20 57
4 23 34 81
4 24 78 28
4 25 98 43
4 26 91 31
5 6 46 66
5 7 51 28
5 8 23 48
5 9 22 48
5 10 60 38
5 11 2 61
5 12 23 63
5 13 47 55
5 14 32 81
5 15 32 67
5 16 70 20
5 17 57 50
5 18 24 55
5 19 95 47
5 20 51 52
5 21 66 52
5 22 43 67
5 23 19 66
5 24 51 64
5 25 39 40
5 26 35 39
6 7 91 37
6 8 13 44
6 9 89 31
6 10 6 53
6 11 84 33
6 12 100 48
6 13 8 53
6 14 70 64
6 15 89 41
6 16 24 79
6 17 82 19
6 18 74 34
6 19 14 50
6 20 80 57
6 21 36 65
6 22 13 56
6 23 57 22
6 24 73 51
6 25 45 62
6 26 43 43
7 8 3 83
7 9 78 19
7 10 91 26
7 11 99 8
7 12 82 39
7 13 92 7
7 14 81 21
7 15 18 86
7 16 53 30
7 17 68 30
7 18 24 66
7 19 15 43
7 20 78 13
7 21 89 49
7 22 84 56
7 23 51 61
7 24 54 54
7 25 60 26
7 26 82 20
8 9 34 48
8 10 74 35
8 11 41 74
8 12 8 75
8 13 6 56
8 14 30 73
8 15 17 59
8 16 69 32
8 17 63 35
8 18 34 80
8 19 33 83
8 20 7 62
8 21 38 74
8 22 28 84
8 23 12 74
8 24 75 16
8 25 22 79
8 26 21 53
9 10 66 37
9 11 85 46
9 12 1 89
9 13 76 26
9 14 85 12
9 15 3 62
9 16 16 52
9 17 64 41
9 18 16 68
9 19 62 68
9 20 15 44
9 21 15 47
9 22 5 85
9 23 73 51
9 24 97 48
9 25 79 18
9 26 97 46
10 11 52 33
10 12 85 46
10 13 9 61
10 14 40 60
10 15 20 55
10 16 30 72
10 17 84 38
10 18 14 62
10 19 51 30
10 20 90 27
10 21 9 60
10 22 98 15
10 23 80 42
10 24 4 54
10 25 83 26
10 26 40 54
11 12 36 39
11 13 98 37
11 14 25 80
11 15 66 47
11 16 69 60
11 17 2 86
11 18 30 35
11 19 60 42
11 20 41 72
11 21 68 56
11 22 23 64
11 23 68 53
11 24 87 45
11 25 61 50
11 26 11 85
12 13 41 47
12 14 79 11
12 15 43 57
12 16 53 27
12 17 71 46
12 18 48 43
12 19 95 41
12 20 28 57
12 21 72 52
12 22 50 60
12 23 59 46
12 24 97 20
12 25 73 19
12 26 79 34
13 14 42 62
13 15 68 45
13 16 47 53
13 17 28 45
13 18 25 69
13 19 78 25
13 20 91 18
13 21 75 38
13 22 86 24
13 23 43 46
13 24 51 34
13 25 5 80
13 26 87 24
14 15 41 70
14 16 5 83
14 17 23 55
14 18 96 40
14 19 81 27
14 20 64 38
14 21 63 19
14 22 82 22
14 23 43 66
14 24 52 34
14 25 93 48
14 26 97 18
15 16 92 54
15 17 6 49
15 18 59 26
15 19 100 50
15 20 87 13
15 21 45 49
15 22 5 92
15 23 3 85
15 24 90 15
15 25 7 47
15 26 57 48
16 17 1 98
16 18 97 38
16 19 23 54
16 20 80 11
16 21 9 87
16 22 17 87
16 23 90 33
16 24 9 93
16 25 80 34
16 26 86 50
17 18 100 19
17 19 56 54
17 20 89 13
17 21 45 70
17 22 68 49
17 23 72 37
17 24 15 56
17 25 35 82
17 26 28 46
18 19 53 62
18 20 96 4
18 21 67 18
18 22 84 54
18 23 7 75
18 24 41 76
18 25 78 46
18 26 51 38
19 20 66 23
19 21 11 91
19 22 76 14
19 23 57 36
19 24 35 35
19 25 79 53
19 26 11 78
20 21 54 61
20 22 14 57
20 23 43 72
20 24 95 7
20 25 93 39
20 26 55 34
21 22 28 85
21 23 8 47
21 24 93 48
21 25 35 68
21 26 36 51
22 23 96 20
22 24 16 54
22 25 50 60
22 26 87 17
23 24 21 62
23 25 23 55
23 26 70 62
24 25 45 44
24 26 91 13
25 26 67 31
