33
0 1 3 3
0 2 0 97
0 3 100 99
0 4 9 13
0 5 6 10
0 6 6 11
0 7 9 12
0 8 13 8
0 9 10 7
0 10 8 12
0 11 11 9
0 12 10 8
0 13 11 4
0 14 13 12
0 15 10 12
0 16 10 4
0 17 8 6
0 18 5 9
0 19 7 6
0 20 5 3
0 21 10 8
0 22 13 8
0 23 14 11
0 24 3 4
0 25 12 6
0 26 7 14
0 27 5 13
0 28 11 10
0 29 12 12
0 30 13 10
0 31 10 9
0 32 5 9
1 2 97 0
1 3 99 97
1 4 12 6
1 5 12 13
1 6 9 12
1 7 9 14
1 8 10 3
1 9 3 5
1 10 9 13
1 11 4 4
1 12 7 13
1 13 10 5
1 14 9 12
1 15 8 11
1 16 5 7
1 17 9 9
1 18 4 6
1 19 9 8
1 20 6 9
1 21 9 7
1 22 12 11
1 23 9 13
1 24 14 6
1 25 10 11
1 26 7 7
1 27 13 4
1 28 5 10
1 29 4 3
1 30 9 11
1 31 12 6
1 32 11 13
2 3 99 97
2 4 7 9
2 5 10 8
2 6 5 10
2 7 4 12
2 8 8 14
2 9 6 4
2 10 11 4
2 11 5 7
2 12 9 7
2 13 4 10
2 14 4 8
2 15 13 9
2 16 6 13
2 17 13 5
2 18 10 4
2 19 13 9
2 20 12 5
2 21 12 12
2 22 7 10
2 23 12 6
2 24 11 4
2 25 8 4
2 26 8 4
2 27 5 13
2 28 12 8
2 29 8 9
2 30 4 13
2 31 7 6
2 32 13 9
3 4 8 11
3 5 12 7
3 6 12 5
3 7 14 5
3 8 13 4
3 9 9 3
3 10 12 12
3 11 5 11
3 12 10 12
3 13 5 12
3 14 4 9
3 15 7 13
3 16 10 4
3 17 6 7
3 18 8 6
3 19 10 10
3 20 6 8
3 21 5 4
3 22 7 8
3 23 11 6
3 24 10 11
3 25 3 10
3 26 7 7
3 27 10 13
3 28 12 10
3 29 9 7
3 30 8 7
3 31 3 14
3 32 6 5
4 5 98 97
4 6 99 100
4 7 99 99
4 8 11 14
4 9 13 10
4 10 9 8
4 11 10 6
4 12 8 13
4 13 9 14
4 14 8 12
4 15 4 7
4 16 4 10
4 17 6 13
4 18 10 7
4 19 4 6
4 20 5 9
4 21 4 5
4 22 6 6
4 23 13 12
4 24 8 12
4 25 4 10
4 26 7 5
4 27 13 8
4 28 12 10
4 29 12 5
4 30 8 9
4 31 12 12
4 32 5 4
5 6 98 100
5 7 98 100
5 8 6 11
5 9 4 9
5 10 3 5
5 11 13 10
5 12 8 9
5 13 4 6
5 14 8 12
5 15 13 13
5 16 5 3
5 17 12 10
5 18 11 5
5 19 12 4
5 20 4 4
5 21 10 7
5 22 6 12
5 23 13 11
5 24 7 5
5 25 13 7
5 26 11 5
5 27 9 8
5 28 9 14
5 29 14 9
5 30 4 13
5 31 6 6
5 32 9 12
6 7 99 98
6 8 11 4
6 9 7 8
6 10 4 5
6 11 4 12
6 12 4 9
6 13 7 6
6 14 3 6
6 15 7 9
6 16 4 12
6 17 4 14
6 18 10 10
6 19 11 5
6 20 7 4
6 21 11 12
6 22 12 9
6 23 9 11
6 24 10 5
6 25 6 3
6 26 14 7
6 27 13 6
6 28 8 12
6 29 7 11
6 30 4 9
6 31 11 6
6 32 9 3
7 8 9 14
7 9 8 13
7 10 9 12
7 11 5 7
7 12 10 4
7 13 13 9
7 14 5 6
7 15 10 14
7 16 12 10
7 17 5 8
7 18 7 13
7 19 7 10
7 20 7 12
7 21 8 10
7 22 13 5
7 23 7 8
7 24 13 8
7 25 10 14
7 26 8 3
7 27 9 13
7 28 8 10
7 29 4 7
7 30 5 12
7 31 9 11
7 32 13 5
8 9 98 98
8 10 99 97
8 11 100 97
8 12 11 4
8 13 8 9
8 14 10 7
8 15 13 7
8 16 4 12
8 17 14 5
8 18 13 14
8 19 13 6
8 20 8 12
8 21 4 5
8 22 13 6
8 23 7 4
8 24 7 3
8 25 3 5
8 26 10 9
8 27 10 6
8 28 13 9
8 29 4 6
8 30 6 7
8 31 8 7
8 32 14 4
9 10 99 98
9 11 99 97
9 12 4 10
9 13 7 11
9 14 7 12
9 15 7 6
9 16 5 10
9 17 9 13
9 18 12 5
9 19 6 6
9 20 13 14
9 21 13 8
9 22 14 10
9 23 9 9
9 24 12 12
9 25 4 8
9 26 12 10
9 27 12 4
9 28 9 10
9 29 4 12
9 30 8 10
9 31 6 7
9 32 6 8
10 11 98 98
10 12 10 6
10 13 7 13
10 14 3 7
10 15 8 5
10 16 9 3
10 17 8 4
10 18 10 11
10 19 10 11
10 20 7 10
10 21 8 13
10 22 6 4
10 23 5 12
10 24 12 7
10 25 7 5
10 26 7 12
10 27 4 8
10 28 4 5
10 29 13 7
10 30 8 8
10 31 6 10
10 32 3 6
11 12 6 9
11 13 9 12
11 14 10 10
11 15 12 4
11 16 10 11
11 17 8 10
11 18 4 6
11 19 3 13
11 20 9 14
11 21 13 11
11 22 6 5
11 23 6 12
11 24 4 10
11 25 13 8
11 26 7 13
11 27 13 10
11 28 9 7
11 29 8 13
11 30 4 4
11 31 5 4
11 32 7 6
12 13 97 99
12 14 97 99
12 15 99 98
12 16 11 9
12 17 4 11
12 18 12 10
12 19 7 8
12 20 10 6
12 21 10 14
12 22 4 5
12 23 5 10
12 24 9 7
12 25 5 12
12 26 12 14
12 27 3 4
12 28 7 14
12 29 10 13
12 30 8 6
12 31 13 5
12 32 12 10
13 14 98 98
13 15 99 99
13 16 7 8
13 17 6 10
13 18 5 11
13 19 9 14
13 20 10 12
13 21 4 7
13 22 5 4
13 23 7 14
13 24 5 13
13 25 7 7
13 26 10 12
13 27 5 10
13 28 11 6
13 29 13 13
13 30 6 11
13 31 8 13
13 32 13 9
14 15 98 97
14 16 12 5
14 17 10 6
14 18 7 6
14 19 14 9
14 20 9 10
14 21 10 11
14 22 7 14
14 23 12 9
14 24 8 7
14 25 10 7
14 26 13 9
14 27 12 10
14 28 9 7
14 29 12 4
14 30 10 5
14 31 9 9
14 32 13 12
15 16 7 6
15 17 9 7
15 18 4 8
15 19 11 4
15 20 13 4
15 21 6 10
15 22 13 5
15 23 9 14
15 24 10 4
15 25 8 4
15 26 7 10
15 27 13 9
15 28 7 12
15 29 12 7
15 30 11 14
15 31 8 6
15 32 13 10
16 17 99 99
16 18 99 99
16 19 99 98
16 20 9 13
16 21 11 11
16 22 10 11
16 23 7 11
16 24 8 4
16 25 12 11
16 26 11 12
16 27 13 10
16 28 11 12
16 29 9 8
16 30 5 6
16 31 11 6
16 32 4 13
17 18 99 99
17 19 98 97
17 20 13 13
17 21 8 7
17 22 8 7
17 23 3 10
17 24 3 13
17 25 4 9
17 26 8 8
17 27 8 10
17 28 6 12
17 29 6 3
17 30 7 12
17 31 10 6
17 32 5 8
18 19 100 99
18 20 6 8
18 21 4 13
18 22 7 7
18 23 13 13
18 24 3 7
18 25 8 4
18 26 5 7
18 27 5 10
18 28 7 13
18 29 3 13
18 30 7 7
18 31 11 8
18 32 4 6
19 20 6 5
19 21 13 6
19 22 5 6
19 23 11 12
19 24 10 10
19 25 6 9
19 26 14 9
19 27 11 13
19 28 7 10
19 29 9 6
19 30 10 11
19 31 9 4
19 32 12 6
20 21 98 98
20 22 99 99
20 23 97 97
20 24 5 14
20 25 5 13
20 26 13 3
20 27 8 14
20 28 11 6
20 29 14 4
20 30 14 6
20 31 7 13
20 32 11 12
21 22 98 97
21 23 97 98
21 24 3 11
21 25 12 8
21 26 12 11
21 27 6 6
21 28 11 10
21 29 9 14
21 30 9 9
21 31 12 10
21 32 9 9
22 23 99 99
22 24 5 6
22 25 4 6
22 26 11 10
22 27 14 10
22 28 13 9
22 29 4 6
22 30 5 11
22 31 5 12
22 32 13 9
23 24 12 13
23 25 6 11
23 26 14 11
23 27 4 11
23 28 11 14
23 29 12 8
23 30 10 6
23 31 5 10
23 32 12 5
24 25 98 98
24 26 98 100
24 27 98 100
24 28 11 5
24 29 12 6
24 30 5 12
24 31 12 3
24 32 5 8
25 26 98 99
25 27 98 99
25 28 5 5
25 29 5 9
25 30 13 12
25 31 11 10
25 32 10 8
26 27 100 98
26 28 8 14
26 29 4 13
26 30 5 10
26 31 10 9
26 32 5 5
27 28 12 4
27 29 6 13
27 30 8 9
27 31 10 12
27 32 5 11
28 29 100 98
28 30 100 98
28 31 99 99
28 32 3 6
29 30 100 99
29 31 99 99
29 32 9 10
30 31 100 100
30 32 12 5
31 32 13 3
