40
0 1 3 3
0 2 0 97
0 3 99 99
0 4 13 3
0 5 12 12
0 6 5 5
0 7 4 5
0 8 4 13
0 9 11 10
0 10 14 5
0 11 3 15
0 12 11 13
0 13 4 14
0 14 12 14
0 15 10 5
0 16 10 10
0 17 13 13
0 18 6 12
0 19 12 15
0 20 8 7
0 21 3 14
0 22 14 15
0 23 7 12
0 24 12 9
0 25 9 11
0 26 11 13
0 27 12 10
0 28 3 15
0 29 11 6
0 30 3 9
0 31 12 4
0 32 7 13
0 33 15 5
0 34 10 4
0 35 9 6
0 36 14 4
0 37 3 14
0 38 5 14
0 39 5 11
1 2 97 0
1 3 98 99
1 4 11 13
1 5 6 11
1 6 3 7
1 7 6 6
1 8 13 15
1 9 3 5
1 10 6 11
1 11 6 7
1 12 9 7
1 13 3 14
1 14 13 3
1 15 9 12
1 16 7 13
1 17 5 8
1 18 11 7
1 19 8 7
1 20 11 11
1 21 6 8
1 22 15 3
1 23 5 5
1 24 4 9
1 25 8 5
1 26 4 13
1 27 9 8
1 28 9 13
1 29 6 8
1 30 13 4
1 31 10 8
1 32 6 14
1 33 6 6
1 34 4 14
1 35 10 5
1 36 8 15
1 37 12 4
1 38 12 5
1 39 4 6
2 3 98 98
2 4 3 14
2 5 7 9
2 6 6 15
2 7 14 4
2 8 9 3
2 9 9 7
2 10 13 11
2 11 4 5
2 12 7 13
2 13 3 11
2 14 10 10
2 15 5 9
2 16 3 10
2 17 12 12
2 18 4 3
2 19 4 8
2 20 7 12
2 21 3 7
2 22 12 9
2 23 15 5
2 24 10 6
2 25 15 5
2 26 13 15
2 27 11 12
2 28 9 3
2 29 6 5
2 30 12 8
2 31 6 5
2 32 4 9
2 33 13 14
2 34 9 10
2 35 12 12
2 36 14 4
2 37 3 14
2 38 5 12
2 39 8 4
3 4 5 10
3 5 5 12
3 6 10 12
3 7 12 9
3 8 15 12
3 9 12 11
3 10 12 6
3 11 10 5
3 12 14 5
3 13 5 4
3 14 8 6
3 15 8 6
3 16 10 3
3 17 8 3
3 18 6 12
3 19 3 14
3 20 14 6
3 21 11 12
3 22 15 3
3 23 3 6
3 24 9 4
3 25 8 7
3 26 10 4
3 27 14 7
3 28 4 8
3 29 13 9
3 30 15 3
3 31 15 6
3 32 12 14
3 33 11 10
3 34 8 10
3 35 11 8
3 36 12 4
3 37 6 14
3 38 7 4
3 39 4 10
4 5 99 100
4 6 98 98
4 7 100 98
4 8 3 5
4 9 4 15
4 10 4 13
4 11 3 14
4 12 9 15
4 13 7 5
4 14 7 11
4 15 3 13
4 16 11 3
4 17 4 5
4 18 12 5
4 19 12 13
4 20 13 9
4 21 11 11
4 22 3 15
4 23 3 8
4 24 3 6
4 25 10 7
4 26 4 13
4 27 8 8
4 28 14 6
4 29 9 14
4 30 13 11
4 31 11 4
4 32 11 7
4 33 12 4
4 34 7 3
4 35 9 10
4 36 9 12
4 37 4 3
4 38 14 5
4 39 7 11
5 6 98 99
5 7 98 98
5 8 12 9
5 9 8 3
5 10 6 3
5 11 4 14
5 12 7 3
5 13 10 6
5 14 3 4
5 15 6 14
5 16 11 5
5 17 13 4
5 18 12 15
5 19 10 8
5 20 14 5
5 21 3 10
5 22 4 7
5 23 8 7
5 24 4 14
5 25 7 14
5 26 7 7
5 27 5 10
5 28 11 8
5 29 14 9
5 30 9 7
5 31 13 10
5 32 3 14
5 33 8 10
5 34 15 13
5 35 12 4
5 36 15 14
5 37 10 14
5 38 7 13
5 39 11 10
6 7 99 99
6 8 8 14
6 9 13 6
6 10 5 4
6 11 6 9
6 12 5 13
6 13 11 12
6 14 4 13
6 15 5 5
6 16 5 5
6 17 12 13
6 18 5 12
6 19 11 14
6 20 9 6
6 21 7 4
6 22 12 8
6 23 10 12
6 24 12 13
6 25 3 10
6 26 12 6
6 27 6 14
6 28 9 11
6 29 15 8
6 30 11 13
6 31 5 8
6 32 6 14
6 33 10 9
6 34 13 9
6 35 13 6
6 36 8 6
6 37 8 4
6 38 15 5
6 39 9 6
7 8 8 11
7 9 12 12
7 10 9 9
7 11 8 8
7 12 4 12
7 13 3 8
7 14 7 8
7 15 9 9
7 16 12 8
7 17 7 7
7 18 13 6
7 19 4 6
7 20 7 12
7 21 14 12
7 22 13 11
7 23 8 8
7 24 4 3
7 25 6 7
7 26 8 5
7 27 11 11
7 28 12 8
7 29 8 13
7 30 10 5
7 31 5 11
7 32 3 4
7 33 15 4
7 34 14 12
7 35 4 14
7 36 3 12
7 37 4 3
7 38 13 4
7 39 13 13
8 9 100 100
8 10 99 98
8 11 100 99
8 12 13 13
8 13 10 12
8 14 15 11
8 15 3 11
8 16 5 8
8 17 14 11
8 18 4 5
8 19 10 14
8 20 7 3
8 21 8 11
8 22 11 9
8 23 13 3
8 24 12 6
8 25 3 6
8 26 9 6
8 27 5 3
8 28 7 11
8 29 12 4
8 30 11 13
8 31 13 11
8 32 3 3
8 33 11 12
8 34 13 9
8 35 6 13
8 36 6 4
8 37 13 15
8 38 5 10
8 39 7 8
9 10 99 99
9 11 100 99
9 12 12 3
9 13 14 7
9 14 14 11
9 15 10 11
9 16 7 11
9 17 4 11
9 18 6 4
9 19 5 11
9 20 10 14
9 21 14 15
9 22 5 12
9 23 5 14
9 24 13 8
9 25 6 5
9 26 13 13
9 27 11 7
9 28 13 7
9 29 10 10
9 30 12 14
9 31 12 14
9 32 11 14
9 33 6 11
9 34 11 12
9 35 12 11
9 36 15 3
9 37 3 6
9 38 11 3
9 39 12 4
10 11 98 98
10 12 6 4
10 13 11 10
10 14 15 9
10 15 3 9
10 16 13 15
10 17 9 11
10 18 3 11
10 19 15 13
10 20 4 9
10 21 11 12
10 22 7 7
10 23 6 14
10 24 5 7
10 25 9 7
10 26 13 12
10 27 9 10
10 28 15 14
10 29 6 6
10 30 14 7
10 31 11 13
10 32 6 3
10 33 13 14
10 34 8 15
10 35 12 12
10 36 15 14
10 37 14 7
10 38 12 7
10 39 7 12
11 12 3 10
11 13 8 12
11 14 3 11
11 15 14 11
11 16 4 7
11 17 6 7
11 18 11 6
11 19 13 12
11 20 9 5
11 21 3 6
11 22 8 12
11 23 8 14
11 24 10 12
11 25 14 6
11 26 4 5
11 27 3 6
11 28 12 7
11 29 12 3
11 30 13 14
11 31 13 8
11 32 11 7
11 33 5 8
11 34 11 14
11 35 3 7
11 36 8 11
11 37 8 10
11 38 12 13
11 39 8 14
12 13 98 98
12 14 99 100
12 15 98 98
12 16 3 7
12 17 7 7
12 18 10 13
12 19 12 7
12 20 12 12
12 21 6 5
12 22 13 8
12 23 4 10
12 24 7 14
12 25 14 14
12 26 14 4
12 27 10 5
12 28 10 15
12 29 12 8
12 30 12 4
12 31 7 8
12 32 12 10
12 33 7 3
12 34 7 5
12 35 3 5
12 36 8 7
12 37 4 9
12 38 14 9
12 39 8 14
13 14 100 98
13 15 99 98
13 16 5 3
13 17 8 3
13 18 5 13
13 19 3 10
13 20 4 12
13 21 4 11
13 22 15 11
13 23 4 14
13 24 9 9
13 25 11 14
13 26 10 8
13 27 6 5
13 28 11 14
13 29 8 11
13 30 11 11
13 31 6 5
13 32 11 5
13 33 13 7
13 34 4 9
13 35 8 7
13 36 4 5
13 37 12 12
13 38 15 9
13 39 11 6
14 15 98 98
14 16 3 10
14 17 3 13
14 18 3 6
14 19 3 9
14 20 4 12
14 21 14 14
14 22 11 5
14 23 4 4
14 24 12 6
14 25 12 10
14 26 8 4
14 27 7 12
14 28 12 11
14 29 14 10
14 30 9 8
14 31 12 3
14 32 10 7
14 33 4 11
14 34 13 4
14 35 9 5
14 36 8 4
14 37 8 6
14 38 12 8
14 39 11 3
15 16 8 8
15 17 4 7
15 18 15 6
15 19 12 13
15 20 8 13
15 21 11 11
15 22 3 11
15 23 7 11
15 24 10 6
15 25 10 5
15 26 12 13
15 27 7 4
15 28 7 7
15 29 7 12
15 30 5 11
15 31 13 6
15 32 10 3
15 33 13 5
15 34 15 14
15 35 11 3
15 36 9 9
15 37 3 12
15 38 13 10
15 39 10 9
16 17 98 98
16 18 99 99
16 19 98 98
16 20 7 11
16 21 7 7
16 22 6 3
16 23 6 9
16 24 10 6
16 25 13 12
16 26 5 4
16 27 13 7
16 28 7 13
16 29 15 5
16 30 13 5
16 31 8 7
16 32 10 6
16 33 4 14
16 34 11 5
16 35 7 10
16 36 14 7
16 37 6 11
16 38 9 6
16 39 7 12
17 18 99 99
17 19 99 100
17 20 15 11
17 21 12 11
17 22 13 14
17 23 3 11
17 24 6 12
17 25 3 5
17 26 10 5
17 27 14 6
17 28 3 7
17 29 10 8
17 30 13 8
17 31 5 9
17 32 10 6
17 33 14 5
17 34 6 5
17 35 6 14
17 36 13 10
17 37 5 6
17 38 5 8
17 39 6 11
18 19 100 99
18 20 13 9
18 21 14 3
18 22 14 12
18 23 7 10
18 24 12 3
18 25 5 9
18 26 14 3
18 27 7 12
18 28 15 12
18 29 12 13
18 30 4 7
18 31 14 9
18 32 14 10
18 33 12 6
18 34 8 10
18 35 11 14
18 36 12 13
18 37 11 13
18 38 6 10
18 39 5 10
19 20 3 8
19 21 3 5
19 22 10 12
19 23 13 7
19 24 13 10
19 25 14 11
19 26 13 7
19 27 7 7
19 28 13 11
19 29 12 9
19 30 4 13
19 31 3 14
19 32 8 9
19 33 3 4
19 34 15 11
19 35 10 7
19 36 6 6
19 37 14 4
19 38 3 8
19 39 7 3
20 21 99 98
20 22 98 98
20 23 99 98
20 24 4 13
20 25 12 11
20 26 13 6
20 27 11 14
20 28 6 11
20 29 4 12
20 30 12 4
20 31 7 8
20 32 8 3
20 33 12 4
20 34 7 4
20 35 10 14
20 36 15 12
20 37 10 13
20 38 7 6
20 39 5 13
21 22 99 100
21 23 98 98
21 24 4 14
21 25 7 5
21 26 13 10
21 27 6 15
21 28 12 7
21 29 3 9
21 30 6 8
21 31 6 9
21 32 10 6
21 33 10 13
21 34 10 12
21 35 13 4
21 36 13 10
21 37 9 10
21 38 3 3
21 39 14 9
22 23 99 99
22 24 13 6
22 25 4 4
22 26 14 9
22 27 10 5
22 28 10 10
22 29 12 7
22 30 14 5
22 31 4 4
22 32 13 7
22 33 12 5
22 34 15 13
22 35 10 8
22 36 12 8
22 37 7 7
22 38 3 11
22 39 8 6
23 24 10 8
23 25 12 12
23 26 9 10
23 27 10 14
23 28 8 14
23 29 14 12
23 30 13 6
23 31 7 10
23 32 7 9
23 33 3 11
23 34 6 4
23 35 3 9
23 36 5 3
23 37 7 4
23 38 11 6
23 39 13 7
24 25 99 98
24 26 98 98
24 27 98 99
24 28 4 6
24 29 10 6
24 30 7 9
24 31 3 12
24 32 5 5
24 33 6 8
24 34 10 5
24 35 15 13
24 36 13 15
24 37 3 12
24 38 14 10
24 39 9 3
25 26 99 98
25 27 99 98
25 28 7 5
25 29 6 15
25 30 10 5
25 31 6 9
25 32 13 13
25 33 12 13
25 34 7 7
25 35 4 6
25 36 9 4
25 37 3 3
25 38 4 15
25 39 6 4
26 27 99 99
26 28 6 7
26 29 7 14
26 30 10 12
26 31 7 3
26 32 10 4
26 33 4 14
26 34 14 11
26 35 4 14
26 36 13 14
26 37 7 14
26 38 12 3
26 39 14 4
27 28 12 3
27 29 4 6
27 30 13 13
27 31 12 6
27 32 10 4
27 33 4 12
27 34 14 8
27 35 6 14
27 36 10 11
27 37 5 5
27 38 11 14
27 39 3 3
28 29 98 99
28 30 98 98
28 31 99 99
28 32 7 6
28 33 11 3
28 34 14 11
28 35 6 6
28 36 11 6
28 37 13 11
28 38 13 7
28 39 6 3
29 30 100 100
29 31 98 98
29 32 14 9
29 33 9 4
29 34 9 10
29 35 14 9
29 36 7 5
29 37 13 14
29 38 14 5
29 39 14 8
30 31 99 99
30 32 15 15
30 33 4 10
30 34 10 9
30 35 8 12
30 36 8 9
30 37 13 11
30 38 4 3
30 39 13 9
31 32 13 15
31 33 4 11
31 34 12 5
31 35 6 4
31 36 5 14
31 37 3 7
31 38 5 5
31 39 8 10
32 33 98 98
32 34 100 98
32 35 99 99
32 36 12 14
32 37 8 10
32 38 13 5
32 39 4 3
33 34 98 98
33 35 98 99
33 36 8 12
33 37 9 6
33 38 7 7
33 39 3 9
34 35 100 98
34 36 4 15
34 37 7 7
34 38 11 12
34 39 4 3
35 36 14 14
35 37 12 15
35 38 9 4
35 39 14 4
36 37 100 100
36 38 99 99
36 39 99 99
37 38 99 98
37 39 99 98
38 39 99 100
