45
0 1 3 3
0 2 0 97
0 3 99 99
0 4 28 7
0 5 19 3
0 6 12 8
0 7 26 18
0 8 12 24
0 9 16 28
0 10 18 10
0 11 26 28
0 12 8 28
0 13 9 21
0 14 10 13
0 15 25 16
0 16 27 22
0 17 14 19
0 18 23 10
0 19 6 30
0 20 5 23
0 21 19 12
0 22 28 28
0 23 22 23
0 24 10 21
0 25 13 30
0 26 10 26
0 27 26 10
0 28 16 20
0 29 28 9
0 30 14 9
0 31 8 30
0 32 7 19
0 33 13 14
0 34 24 24
0 35 26 21
0 36 14 9
0 37 5 9
0 38 28 18
0 39 25 28
0 40 9 24
0 41 7 19
0 42 26 23
0 43 30 16
0 44 10 26
1 2 97 0
1 3 98 98
1 4 3 12
1 5 8 20
1 6 10 27
1 7 13 22
1 8 21 3
1 9 16 4
1 10 12 18
1 11 23 8
1 12 26 28
1 13 28 4
1 14 28 9
1 15 6 26
1 16 19 30
1 17 21 28
1 18 10 7
1 19 28 25
1 20 9 8
1 21 19 12
1 22 28 6
1 23 23 13
1 24 12 21
1 25 28 22
1 26 7 28
1 27 30 4
1 28 11 15
1 29 28 15
1 30 15 11
1 31 9 21
1 32 26 21
1 33 27 19
1 34 19 14
1 35 7 23
1 36 23 25
1 37 10 21
1 38 27 12
1 39 19 9
1 40 26 24
1 41 8 21
1 42 6 18
1 43 11 23
1 44 20 22
2 3 98 98
2 4 11 7
2 5 23 24
2 6 28 14
2 7 28 10
2 8 18 11
2 9 7 7
2 10 12 23
2 11 30 5
2 12 25 28
2 13 8 11
2 14 14 9
2 15 6 26
2 16 8 27
2 17 5 21
2 18 6 20
2 19 22 6
2 20 28 28
2 21 4 18
2 22 25 5
2 23 17 25
2 24 11 18
2 25 19 16
2 26 22 21
2 27 20 19
2 28 30 14
2 29 26 10
2 30 19 22
2 31 12 30
2 32 28 14
2 33 25 24
2 34 8 20
2 35 28 16
2 36 23 8
2 37 25 5
2 38 4 13
2 39 16 5
2 40 6 10
2 41 26 16
2 42 22 17
2 43 9 24
2 44 11 5
3 4 3 10
3 5 25 22
3 6 15 12
3 7 9 25
3 8 6 19
3 9 25 28
3 10 18 15
3 11 11 28
3 12 10 10
3 13 21 25
3 14 28 16
3 15 23 14
3 16 12 22
3 17 10 4
3 18 26 15
3 19 22 15
3 20 30 28
3 21 9 27
3 22 25 28
3 23 13 13
3 24 18 6
3 25 13 13
3 26 13 15
3 27 3 20
3 28 28 22
3 29 8 5
3 30 27 7
3 31 20 6
3 32 6 27
3 33 20 21
3 34 8 13
3 35 13 10
3 36 24 5
3 37 5 26
3 38 24 26
3 39 9 25
3 40 24 12
3 41 23 15
3 42 11 11
3 43 5 11
3 44 19 12
4 5 99 98
4 6 100 98
4 7 100 99
4 8 15 15
4 9 24 14
4 10 20 5
4 11 16 28
4 12 18 25
4 13 6 4
4 14 20 10
4 15 19 6
4 16 26 13
4 17 20 26
4 18 28 16
4 19 4 21
4 20 13 16
4 21 6 18
4 22 8 16
4 23 6 22
4 24 28 10
4 25 3 25
4 26 24 12
4 27 16 27
4 28 5 24
4 29 12 19
4 30 28 7
4 31 3 25
4 32 9 17
4 33 7 17
4 34 25 22
4 35 10 8
4 36 17 21
4 37 4 23
4 38 14 4
4 39 14 4
4 40 18 8
4 41 15 28
4 42 17 28
4 43 21 12
4 44 30 3
5 6 98 100
5 7 100 98
5 8 12 18
5 9 28 21
5 10 8 8
5 11 20 22
5 12 30 19
5 13 25 27
5 14 25 26
5 15 22 21
5 16 11 14
5 17 13 14
5 18 14 12
5 19 15 19
5 20 22 12
5 21 16 11
5 22 24 30
5 23 15 13
5 24 20 23
5 25 5 12
5 26 12 30
5 27 4 7
5 28 12 10
5 29 18 9
5 30 11 6
5 31 8 11
5 32 27 9
5 33 24 28
5 34 7 5
5 35 22 27
5 36 22 18
5 37 11 25
5 38 9 6
5 39 6 28
5 40 15 8
5 41 18 28
5 42 25 4
5 43 3 6
5 44 9 4
6 7 98 99
6 8 9 12
6 9 20 16
6 10 26 19
6 11 16 9
6 12 9 24
6 13 4 21
6 14 11 28
6 15 27 30
6 16 16 30
6 17 23 28
6 18 9 10
6 19 27 28
6 20 13 25
6 21 11 20
6 22 21 21
6 23 7 6
6 24 25 19
6 25 18 12
6 26 14 12
6 27 9 11
6 28 5 15
6 29 18 13
6 30 28 6
6 31 25 22
6 32 15 4
6 33 26 22
6 34 22 22
6 35 13 23
6 36 7 12
6 37 13 24
6 38 9 28
6 39 21 20
6 40 28 21
6 41 6 4
6 42 24 19
6 43 25 10
6 44 21 14
7 8 18 28
7 9 6 8
7 10 24 23
7 11 19 18
7 12 24 3
7 13 20 17
7 14 22 6
7 15 20 20
7 16 15 4
7 17 17 27
7 18 20 11
7 19 18 6
7 20 26 25
7 21 9 6
7 22 21 6
7 23 6 23
7 24 12 11
7 25 23 25
7 26 19 6
7 27 7 6
7 28 21 22
7 29 23 9
7 30 27 15
7 31 17 11
7 32 26 24
7 33 14 14
7 34 20 18
7 35 23 5
7 36 5 28
7 37 15 28
7 38 28 7
7 39 8 26
7 40 15 18
7 41 18 13
7 42 14 25
7 43 27 15
7 44 28 18
8 9 99 97
8 10 98 99
8 11 100 98
8 12 28 16
8 13 7 30
8 14 13 16
8 15 5 18
8 16 21 5
8 17 15 13
8 18 13 12
8 19 28 13
8 20 10 25
8 21 7 10
8 22 5 12
8 23 8 6
8 24 21 10
8 25 15 17
8 26 17 19
8 27 3 3
8 28 6 13
8 29 5 15
8 30 28 14
8 31 23 5
8 32 9 13
8 33 20 20
8 34 24 3
8 35 25 5
8 36 30 14
8 37 25 18
8 38 23 11
8 39 16 12
8 40 16 19
8 41 17 22
8 42 10 19
8 43 14 8
8 44 26 18
9 10 98 98
9 11 99 98
9 12 15 13
9 13 17 20
9 14 24 15
9 15 13 28
9 16 16 8
9 17 7 23
9 18 15 4
9 19 7 14
9 20 22 23
9 21 6 13
9 22 13 11
9 23 19 14
9 24 28 7
9 25 28 11
9 26 24 12
9 27 5 7
9 28 14 22
9 29 27 9
9 30 13 23
9 31 24 23
9 32 12 19
9 33 18 28
9 34 9 4
9 35 4 11
9 36 14 8
9 37 8 23
9 38 8 24
9 39 5 27
9 40 27 17
9 41 21 6
9 42 12 25
9 43 25 24
9 44 24 11
10 11 97 98
10 12 4 16
10 13 25 16
10 14 28 20
10 15 25 28
10 16 3 12
10 17 8 27
10 18 28 5
10 19 28 10
10 20 5 15
10 21 9 15
10 22 27 10
10 23 14 14
10 24 28 20
10 25 21 11
10 26 25 19
10 27 25 27
10 28 3 4
10 29 5 13
10 30 6 4
10 31 11 5
10 32 22 18
10 33 18 18
10 34 15 8
10 35 23 8
10 36 5 19
10 37 9 9
10 38 17 20
10 39 10 5
10 40 8 4
10 41 21 28
10 42 27 17
10 43 22 16
10 44 5 13
11 12 28 7
11 13 20 24
11 14 10 3
11 15 27 18
11 16 13 17
11 17 7 26
11 18 20 12
11 19 5 8
11 20 28 27
11 21 3 18
11 22 28 6
11 23 18 4
11 24 13 20
11 25 18 6
11 26 28 22
11 27 11 28
11 28 26 14
11 29 8 16
11 30 17 25
11 31 15 25
11 32 28 17
11 33 21 18
11 34 14 19
11 35 25 15
11 36 9 12
11 37 18 26
11 38 30 11
11 39 17 21
11 40 12 27
11 41 18 12
11 42 30 23
11 43 17 6
11 44 23 6
12 13 99 99
12 14 100 99
12 15 97 98
12 16 3 24
12 17 13 4
12 18 20 10
12 19 19 11
12 20 22 25
12 21 22 27
12 22 5 6
12 23 8 4
12 24 9 6
12 25 5 27
12 26 7 19
12 27 24 16
12 28 24 17
12 29 3 11
12 30 9 4
12 31 24 6
12 32 5 25
12 33 21 11
12 34 3 11
12 35 15 16
12 36 30 6
12 37 28 7
12 38 17 21
12 39 30 21
12 40 4 23
12 41 14 9
12 42 28 12
12 43 14 15
12 44 13 7
13 14 99 100
13 15 98 100
13 16 26 18
13 17 15 26
13 18 5 21
13 19 7 28
13 20 18 28
13 21 8 20
13 22 28 13
13 23 23 23
13 24 8 15
13 25 10 20
13 26 22 5
13 27 6 12
13 28 26 24
13 29 23 21
13 30 8 16
13 31 12 22
13 32 21 25
13 33 4 18
13 34 12 17
13 35 28 26
13 36 30 12
13 37 5 6
13 38 8 6
13 39 11 21
13 40 21 19
13 41 11 16
13 42 14 12
13 43 16 15
13 44 27 8
14 15 97 98
14 16 15 20
14 17 14 20
14 18 21 12
14 19 20 7
14 20 5 13
14 21 16 13
14 22 16 10
14 23 10 6
14 24 10 8
14 25 22 21
14 26 19 15
14 27 28 17
14 28 17 27
14 29 15 5
14 30 14 20
14 31 27 15
14 32 18 15
14 33 21 27
14 34 24 7
14 35 19 26
14 36 22 23
14 37 10 4
14 38 13 18
14 39 11 3
14 40 5 21
14 41 23 3
14 42 21 8
14 43 5 11
14 44 24 26
15 16 26 7
15 17 11 5
15 18 5 22
15 19 22 5
15 20 17 28
15 21 28 24
15 22 20 26
15 23 23 3
15 24 7 14
15 25 11 17
15 26 6 7
15 27 24 20
15 28 20 17
15 29 6 28
15 30 19 5
15 31 6 5
15 32 20 5
15 33 23 12
15 34 18 12
15 35 16 28
15 36 22 15
15 37 26 27
15 38 18 22
15 39 26 7
15 40 15 17
15 41 6 7
15 42 28 5
15 43 28 13
15 44 15 4
16 17 98 99
16 18 100 97
16 19 97 99
16 20 13 6
16 21 30 14
16 22 11 6
16 23 15 4
16 24 17 7
16 25 23 28
16 26 10 8
16 27 28 10
16 28 21 10
16 29 19 15
16 30 16 14
16 31 26 10
16 32 18 18
16 33 9 11
16 34 12 13
16 35 13 25
16 36 28 30
16 37 15 20
16 38 13 4
16 39 11 7
16 40 11 20
16 41 16 23
16 42 17 23
16 43 12 23
16 44 9 28
17 18 99 99
17 19 98 99
17 20 12 14
17 21 28 25
17 22 28 28
17 23 17 27
17 24 6 11
17 25 10 9
17 26 14 28
17 27 24 16
17 28 22 18
17 29 16 23
17 30 11 12
17 31 4 18
17 32 28 6
17 33 28 3
17 34 19 30
17 35 23 14
17 36 18 9
17 37 15 8
17 38 30 17
17 39 11 18
17 40 14 15
17 41 17 15
17 42 27 27
17 43 21 5
17 44 20 23
18 19 99 100
18 20 9 16
18 21 18 27
18 22 23 21
18 23 15 19
18 24 18 12
18 25 6 4
18 26 17 5
18 27 17 11
18 28 12 28
18 29 18 4
18 30 10 5
18 31 22 5
18 32 25 27
18 33 28 28
18 34 28 17
18 35 27 9
18 36 12 23
18 37 25 10
18 38 28 23
18 39 19 15
18 40 12 15
18 41 10 20
18 42 24 10
18 43 26 14
18 44 28 8
19 20 9 23
19 21 26 14
19 22 7 14
19 23 9 27
19 24 14 9
19 25 21 4
19 26 25 17
19 27 3 11
19 28 11 19
19 29 21 6
19 30 4 23
19 31 27 18
19 32 7 8
19 33 12 10
19 34 19 13
19 35 11 13
19 36 11 12
19 37 15 9
19 38 11 10
19 39 18 28
19 40 23 23
19 41 27 12
19 42 22 25
19 43 21 26
19 44 26 25
20 21 99 98
20 22 99 100
20 23 100 97
20 24 14 17
20 25 7 4
20 26 11 7
20 27 27 6
20 28 14 14
20 29 8 17
20 30 27 6
20 31 9 6
20 32 21 22
20 33 3 13
20 34 15 15
20 35 22 5
20 36 5 27
20 37 8 18
20 38 16 23
20 39 15 27
20 40 6 7
20 41 19 8
20 42 8 6
20 43 9 9
20 44 25 13
21 22 99 100
21 23 100 98
21 24 14 6
21 25 28 12
21 26 15 14
21 27 19 18
21 28 11 8
21 29 17 16
21 30 24 19
21 31 28 27
21 32 16 4
21 33 21 26
21 34 19 22
21 35 16 11
21 36 27 24
21 37 14 6
21 38 22 27
21 39 14 6
21 40 7 24
21 41 18 11
21 42 4 15
21 43 18 28
21 44 28 9
22 23 98 100
22 24 13 22
22 25 6 16
22 26 14 26
22 27 26 21
22 28 28 11
22 29 19 11
22 30 17 17
22 31 23 11
22 32 21 9
22 33 7 14
22 34 12 8
22 35 28 6
22 36 20 23
22 37 28 28
22 38 16 9
22 39 18 8
22 40 26 25
22 41 11 14
22 42 23 24
22 43 17 3
22 44 10 22
23 24 11 20
23 25 10 6
23 26 9 9
23 27 27 24
23 28 20 5
23 29 6 5
23 30 14 20
23 31 25 26
23 32 10 6
23 33 5 24
23 34 5 9
23 35 13 14
23 36 14 3
23 37 15 8
23 38 13 15
23 39 5 4
23 40 21 28
23 41 15 10
23 42 17 16
23 43 10 24
23 44 16 10
24 25 99 98
24 26 99 97
24 27 98 99
24 28 8 6
24 29 28 19
24 30 26 9
24 31 15 13
24 32 23 27
24 33 12 13
24 34 30 11
24 35 23 16
24 36 20 26
24 37 6 14
24 38 16 11
24 39 17 28
24 40 11 14
24 41 5 25
24 42 4 12
24 43 16 20
24 44 24 21
25 26 98 98
25 27 99 98
25 28 4 9
25 29 19 10
25 30 16 14
25 31 24 19
25 32 18 16
25 33 7 19
25 34 4 25
25 35 28 13
25 36 26 11
25 37 21 28
25 38 20 21
25 39 9 25
25 40 15 25
25 41 23 5
25 42 27 14
25 43 9 15
25 44 19 8
26 27 97 97
26 28 21 16
26 29 27 16
26 30 6 28
26 31 4 7
26 32 19 28
26 33 11 21
26 34 25 28
26 35 19 6
26 36 23 10
26 37 14 26
26 38 19 11
26 39 22 12
26 40 21 9
26 41 6 6
26 42 4 19
26 43 28 13
26 44 7 10
27 28 16 30
27 29 7 27
27 30 18 13
27 31 16 18
27 32 11 30
27 33 28 24
27 34 8 9
27 35 9 20
27 36 17 12
27 37 14 5
27 38 13 7
27 39 3 28
27 40 25 10
27 41 20 14
27 42 3 11
27 43 25 9
27 44 24 13
28 29 100 99
28 30 100 99
28 31 97 98
28 32 19 19
28 33 17 25
28 34 20 5
28 35 7 28
28 36 12 18
28 37 6 26
28 38 21 23
28 39 28 15
28 40 12 21
28 41 18 11
28 42 7 20
28 43 7 17
28 44 14 8
29 30 100 99
29 31 99 99
29 32 5 25
29 33 16 24
29 34 17 20
29 35 7 16
29 36 27 23
29 37 22 11
29 38 17 18
29 39 6 18
29 40 5 9
29 41 27 27
29 42 10 22
29 43 12 10
29 44 6 23
30 31 99 99
30 32 20 22
30 33 4 16
30 34 5 19
30 35 15 16
30 36 10 4
30 37 18 12
30 38 22 3
30 39 9 10
30 40 19 9
30 41 28 28
30 42 6 9
30 43 13 23
30 44 6 4
31 32 26 25
31 33 22 25
31 34 24 8
31 35 10 27
31 36 9 26
31 37 12 9
31 38 20 25
31 39 4 27
31 40 22 17
31 41 16 12
31 42 25 9
31 43 4 26
31 44 11 3
32 33 98 100
32 34 98 98
32 35 99 98
32 36 17 5
32 37 30 21
32 38 16 4
32 39 10 18
32 40 14 18
32 41 7 25
32 42 10 9
32 43 16 13
32 44 8 22
33 34 99 97
33 35 99 100
33 36 28 13
33 37 19 11
33 38 22 3
33 39 12 7
33 40 26 16
33 41 27 18
33 42 25 7
33 43 4 27
33 44 13 17
34 35 98 99
34 36 6 4
34 37 5 25
34 38 5 7
34 39 8 14
34 40 11 19
34 41 11 6
34 42 17 16
34 43 6 12
34 44 28 20
35 36 15 13
35 37 24 5
35 38 9 23
35 39 9 6
35 40 27 9
35 41 23 18
35 42 7 9
35 43 13 15
35 44 19 11
36 37 99 98
36 38 98 98
36 39 98 99
36 40 14 25
36 41 10 28
36 42 20 11
36 43 4 8
36 44 21 27
37 38 98 98
37 39 98 97
37 40 11 22
37 41 14 8
37 42 24 7
37 43 7 18
37 44 5 25
38 39 97 98
38 40 19 24
38 41 28 4
38 42 12 28
38 43 4 15
38 44 23 27
39 40 14 7
39 41 9 28
39 42 16 5
39 43 12 23
39 44 3 27
40 41 99 99
40 42 99 98
40 43 98 99
40 44 27 14
41 42 99 97
41 43 99 97
41 44 18 24
42 43 98 99
42 44 14 20
43 44 11 14
