0 1 8 8
0 2 0 92
0 3 95 98
0 4 21 17
0 5 10 9
0 6 15 20
0 7 19 12
0 8 20 10
0 9 12 12
0 10 21 18
0 11 13 20
0 12 20 9
0 13 12 15
0 14 22 15
1 2 92 0
1 3 95 100
1 4 18 9
1 5 9 17
1 6 8 17
1 7 11 13
1 8 8 22
1 9 17 16
1 10 13 9
1 11 14 13
1 12 18 19
1 13 13 20
1 14 16 16
2 3 96 96
2 4 15 14
2 5 16 16
2 6 8 18
2 7 22 12
2 8 19 21
2 9 13 20
2 10 19 18
2 11 14 11
2 12 11 16
2 13 21 12
2 14 9 16
3 4 22 16
3 5 21 12
3 6 20 16
3 7 12 15
3 8 19 15
3 9 8 17
3 10 23 18
3 11 13 10
3 12 11 13
3 13 12 12
3 14 15 9
4 5 96 95
4 6 98 96
4 7 95 95
4 8 16 17
4 9 20 17
4 10 14 18
4 11 10 11
4 12 8 19
4 13 16 19
4 14 8 22
5 6 95 92
5 7 98 97
5 8 17 17
5 9 11 16
5 10 13 10
5 11 20 21
5 12 9 11
5 13 21 16
5 14 19 10
6 7 94 94
6 8 23 14
6 9 16 19
6 10 22 20
6 11 17 11
6 12 13 9
6 13 20 23
6 14 20 8
7 8 9 9
7 9 12 16
7 10 16 14
7 11 20 10
7 12 12 21
7 13 20 17
7 14 9 10
8 9 96 97
8 10 99 96
8 11 94 93
8 12 13 15
8 13 9 22
8 14 15 16
9 10 98 94
9 11 98 93
9 12 20 22
9 13 17 9
9 14 13 14
10 11 94 93
10 12 17 8
10 13 9 12
10 14 9 12
11 12 12 10
11 13 18 22
11 14 15 12
12 13 95 94
12 14 93 95
13 14 96 98
