0 1 51 27
0 10 59 48
1 2 31 17
1 11 76 75
2 3 35 30
2 12 42 61
3 4 52 26
3 13 24 44
4 5 95 95
4 14 64 68
5 6 52 54
5 15 48 41
6 7 73 61
6 16 67 52
7 8 16 39
7 17 65 70
8 9 26 57
8 18 25 25
9 19 53 30
10 11 44 41
10 20 89 73
11 12 2 43
11 21 32 28
12 13 32 39
12 22 59 55
13 14 85 77
13 23 37 50
14 15 12 21
14 24 63 44
15 16 47 54
15 25 71 72
16 17 86 63
16 26 53 34
17 18 2 5
17 27 9 26
18 19 11 33
18 28 49 58
19 29 76 83
20 21 16 12
21 22 65 50
22 23 86 84
23 24 33 42
24 25 53 71
25 26 22 56
26 27 5 38
27 28 19 58
28 29 29 59
