0 1 22 42
0 11 23 17
1 2 52 72
1 12 42 60
2 3 64 34
2 13 82 61
3 4 39 23
3 14 33 86
4 5 38 79
4 15 1 38
5 6 22 66
5 16 28 68
6 7 96 44
6 17 50 55
7 8 80 47
7 18 27 32
8 9 40 13
8 19 1 60
9 10 1 71
9 20 82 23
10 21 87 61
11 12 42 23
11 22 99 86
12 13 35 51
12 23 49 41
13 14 71 60
13 24 4 21
14 15 91 63
14 25 41 41
15 16 19 53
15 26 2 61
16 17 12 39
16 27 74 79
17 18 40 21
17 28 51 70
18 19 73 80
18 29 88 51
19 20 36 75
19 30 50 39
20 21 68 79
20 31 92 22
21 32 44 71
22 23 53 41
23 24 15 32
24 25 82 87
25 26 33 47
26 27 96 71
27 28 12 23
28 29 82 52
29 30 7 77
30 31 71 25
31 32 60 79
