0 1 37 37
0 12 15 16
1 2 19 26
1 13 93 88
2 3 55 51
2 14 9 16
3 4 5 16
3 15 66 69
4 5 77 77
4 16 19 30
5 6 43 47
5 17 79 79
6 7 31 34
6 18 68 68
7 8 95 82
7 19 36 34
8 9 58 60
8 20 13 15
9 10 85 83
9 21 41 43
10 11 33 35
10 22 73 72
11 23 26 34
12 13 35 44
12 24 76 67
13 14 57 61
13 25 8 18
14 15 59 57
14 26 96 85
15 16 47 46
15 27 59 59
16 17 70 67
16 28 94 89
17 18 52 59
17 29 37 33
18 19 4 18
18 30 63 66
19 20 18 19
19 31 36 37
20 21 95 86
20 32 13 24
21 22 33 43
21 33 36 35
22 23 53 51
22 34 52 45
23 35 28 32
24 25 20 26
25 26 84 79
26 27 33 29
27 28 53 51
28 29 85 79
29 30 63 66
30 31 60 57
31 32 3 13
32 33 28 26
33 34 12 16
34 35 12 21
