0 1 52 52
0 12 33 61
1 2 33 39
1 13 34 57
2 3 15 9
2 14 13 20
3 4 36 55
3 15 35 52
4 5 4 18
4 16 49 46
5 6 32 23
5 17 38 34
6 7 18 38
6 18 25 62
7 8 87 77
7 19 79 86
8 9 25 55
8 20 74 40
9 10 11 32
9 21 47 46
10 11 61 40
10 22 31 53
11 23 71 78
12 13 88 76
12 24 88 68
13 14 22 14
13 25 9 31
14 15 81 49
14 26 69 53
15 16 75 53
15 27 84 46
16 17 47 32
16 28 98 58
17 18 70 37
17 29 99 75
18 19 0 0
18 30 86 63
19 20 92 74
19 31 56 57
20 21 82 83
20 32 19 13
21 22 0 32
21 33 63 68
22 23 28 25
22 34 19 22
23 35 23 53
24 25 22 12
25 26 39 44
26 27 50 30
27 28 67 50
28 29 36 61
29 30 20 21
30 31 51 60
31 32 99 51
32 33 54 40
33 34 4 52
34 35 71 50
