0 1 74 27
0 19 47 59
1 2 55 43
1 20 2 22
2 3 46 65
2 21 55 11
3 4 25 70
3 22 47 24
4 5 1 52
4 23 90 47
5 6 57 78
5 24 24 35
6 7 48 54
6 25 67 15
7 8 11 5
7 26 53 38
8 9 52 90
8 27 17 20
9 10 78 84
9 28 8 59
10 11 36 10
10 29 3 75
11 12 27 60
11 30 38 83
12 13 33 10
12 31 25 63
13 14 55 40
13 32 55 73
14 15 12 77
14 33 85 60
15 16 30 81
15 34 21 80
16 17 8 59
16 35 45 74
17 18 36 85
17 36 26 77
18 37 72 47
19 20 0 10
20 21 56 48
21 22 44 29
22 23 53 39
23 24 41 44
24 25 33 54
25 26 77 82
26 27 40 68
27 28 36 24
28 29 16 51
29 30 35 62
30 31 8 14
31 32 15 9
32 33 65 40
33 34 93 18
34 35 3 10
35 36 23 5
36 37 92 35
