0 1 9 18
0 19 79 40
1 2 91 46
1 20 60 70
2 3 86 77
2 21 51 31
3 4 94 67
3 22 77 87
4 5 23 11
4 23 8 30
5 6 66 49
5 24 14 22
6 7 9 43
6 25 8 38
7 8 68 68
7 26 8 17
8 9 82 46
8 27 2 25
9 10 0 29
9 28 99 50
10 11 5 6
10 29 43 60
11 12 80 60
11 30 32 31
12 13 70 48
12 31 7 27
13 14 52 65
13 32 30 62
14 15 35 53
14 33 52 51
15 16 48 41
15 34 35 60
16 17 90 63
16 35 7 7
17 18 46 52
17 36 92 57
18 37 96 54
19 20 53 27
20 21 40 40
21 22 80 76
22 23 82 48
23 24 13 42
24 25 87 44
25 26 13 51
26 27 1 33
27 28 17 9
28 29 72 63
29 30 46 34
30 31 44 56
31 32 64 75
32 33 8 42
33 34 80 47
34 35 23 16
35 36 18 58
36 37 97 59
