0 1 3 5
0 10 7 20
1 2 86 79
1 11 94 86
2 3 97 83
2 12 35 43
3 4 22 26
3 13 49 53
4 5 16 18
4 14 38 46
5 6 64 60
5 15 33 35
6 7 18 20
6 16 39 35
7 8 64 55
7 17 51 45
8 9 33 41
8 18 33 29
9 19 80 72
10 11 14 19
10 20 98 97
11 12 28 27
11 21 32 33
12 13 70 60
12 22 47 50
13 14 45 49
13 23 24 32
14 15 2 7
14 24 89 82
15 16 29 34
15 25 39 40
16 17 20 27
16 26 81 81
17 18 9 18
17 27 97 83
18 19 42 38
18 28 82 77
19 29 37 43
20 21 58 56
20 30 60 54
21 22 83 79
21 31 92 78
22 23 19 24
22 32 83 71
23 24 25 30
23 33 8 14
24 25 84 78
24 34 87 80
25 26 49 49
25 35 52 54
26 27 10 22
26 36 21 20
27 28 14 23
27 37 22 26
28 29 15 27
28 38 40 34
29 39 43 51
30 31 48 50
31 32 57 57
32 33 59 52
33 34 85 80
34 35 74 67
35 36 46 53
36 37 83 80
37 38 95 83
38 39 79 78
