0 1 24 57
0 14 71 67
1 2 58 74
1 15 60 69
2 3 26 29
2 16 76 42
3 4 9 45
3 17 9 34
4 5 10 36
4 18 25 61
5 6 35 61
5 19 14 24
6 7 42 40
6 20 24 33
7 8 81 89
7 21 15 48
8 9 98 97
8 22 61 65
9 10 81 87
9 23 5 9
10 11 99 95
10 24 71 76
11 12 4 27
11 25 28 39
12 13 43 39
12 26 39 36
13 27 0 35
14 15 91 87
14 28 30 15
15 16 17 19
15 29 89 56
16 17 71 45
16 30 33 38
17 18 34 64
17 31 35 54
18 19 62 51
18 32 93 94
19 20 36 49
19 33 2 15
20 21 0 40
20 34 57 33
21 22 9 47
21 35 69 76
22 23 82 89
22 36 71 45
23 24 17 17
23 37 37 62
24 25 29 22
24 38 55 52
25 26 96 84
25 39 57 33
26 27 37 21
26 40 10 37
27 41 78 63
28 29 70 63
29 30 30 61
30 31 96 86
31 32 70 46
32 33 41 61
33 34 41 62
34 35 87 76
35 36 69 61
36 37 58 66
37 38 87 50
38 39 90 52
39 40 3 47
40 41 89 61
