0 1 88 77
0 14 39 50
1 2 72 53
1 15 52 14
2 3 36 13
2 16 80 53
3 4 40 25
3 17 79 89
4 5 38 46
4 18 6 15
5 6 25 24
5 19 73 27
6 7 80 23
6 20 81 28
7 8 72 72
7 21 58 68
8 9 64 50
8 22 21 30
9 10 4 54
9 23 7 17
10 11 71 23
10 24 21 32
11 12 89 35
11 25 69 68
12 13 38 68
12 26 83 37
13 27 26 10
14 15 33 48
14 28 68 77
15 16 3 49
15 29 65 56
16 17 41 75
16 30 71 58
17 18 28 32
17 31 65 64
18 19 16 76
18 32 65 53
19 20 51 34
19 33 55 17
20 21 14 28
20 34 35 70
21 22 43 46
21 35 12 57
22 23 23 27
22 36 56 17
23 24 85 61
23 37 67 78
24 25 67 73
24 38 7 39
25 26 91 83
25 39 26 80
26 27 85 78
26 40 90 22
27 41 28 68
28 29 70 88
29 30 55 36
30 31 65 72
31 32 28 51
32 33 77 69
33 34 82 84
34 35 45 32
35 36 32 24
36 37 84 24
37 38 74 42
38 39 30 61
39 40 17 55
40 41 52 14
