0 1 82 48
0 11 67 69
1 2 16 51
1 12 86 66
2 3 96 65
2 13 14 29
3 4 67 79
3 14 50 42
4 5 79 55
4 15 83 57
5 6 69 69
5 16 39 24
6 7 83 64
6 17 56 40
7 8 61 80
7 18 93 76
8 9 4 15
8 19 89 83
9 10 19 46
9 20 55 67
10 21 93 58
11 12 32 45
11 22 12 54
12 13 22 22
12 23 75 66
13 14 74 85
13 24 93 63
14 15 40 51
14 25 96 48
15 16 43 59
15 26 2 6
16 17 55 42
16 27 70 37
17 18 62 79
17 28 19 19
18 19 35 47
18 29 26 17
19 20 60 64
19 30 86 70
20 21 83 75
20 31 35 28
21 32 12 28
22 23 54 31
22 33 43 64
23 24 37 34
23 34 96 54
24 25 14 30
24 35 97 94
25 26 32 54
25 36 40 62
26 27 77 84
26 37 36 57
27 28 49 74
27 38 30 39
28 29 1 18
28 39 36 65
29 30 12 12
29 40 21 30
30 31 4 13
30 41 58 72
31 32 25 31
31 42 9 52
32 43 64 59
33 34 62 38
34 35 66 39
35 36 94 54
36 37 82 45
37 38 57 76
38 39 79 73
39 40 34 38
40 41 6 9
41 42 31 22
42 43 22 41
