0 1 3 8
0 12 31 10
1 2 38 61
1 13 3 5
2 3 77 43
2 14 56 57
3 4 56 90
3 15 12 44
4 5 25 13
4 16 23 44
5 6 44 62
5 17 24 49
6 7 13 63
6 18 47 67
7 8 34 48
7 19 65 76
8 9 79 64
8 20 78 48
9 10 83 33
9 21 61 17
10 11 62 61
10 22 97 95
11 23 9 80
12 13 60 50
12 24 6 4
13 14 9 27
13 25 68 39
14 15 88 38
14 26 7 75
15 16 64 34
15 27 53 29
16 17 76 21
16 28 67 41
17 18 63 44
17 29 68 34
18 19 59 67
18 30 94 62
19 20 29 22
19 31 77 92
20 21 62 16
20 32 9 60
21 22 63 53
21 33 48 75
22 23 76 91
22 34 97 68
23 35 43 23
24 25 82 27
24 36 91 86
25 26 51 80
25 37 44 30
26 27 33 75
26 38 80 27
27 28 82 40
27 39 47 77
28 29 38 75
28 40 60 63
29 30 23 77
29 41 95 85
30 31 66 42
30 42 42 28
31 32 89 91
31 43 60 20
32 33 32 56
32 44 72 72
33 34 43 74
33 45 13 53
34 35 42 77
34 46 24 48
35 47 91 96
36 37 18 31
37 38 68 14
38 39 51 67
39 40 30 75
40 41 54 30
41 42 99 32
42 43 63 35
43 44 90 75
44 45 61 68
45 46 69 53
46 47 66 51
