0 1 11 33
0 10 28 23
1 2 97 70
1 11 79 40
2 3 48 18
2 12 45 30
3 4 66 62
3 13 4 13
4 5 96 21
4 14 84 76
5 6 32 69
5 15 54 24
6 7 9 23
6 16 36 64
7 8 73 81
7 17 52 82
8 9 98 76
8 18 21 23
9 19 90 73
10 11 85 17
10 20 33 76
11 12 91 27
11 21 57 21
12 13 2 18
12 22 46 15
13 14 13 19
13 23 93 97
14 15 34 29
14 24 88 23
15 16 26 50
15 25 25 16
16 17 99 93
16 26 75 58
17 18 51 23
17 27 6 41
18 19 90 92
18 28 48 78
19 29 46 17
20 21 89 27
20 30 75 31
21 22 87 88
21 31 59 85
22 23 44 69
22 32 52 42
23 24 19 57
23 33 19 69
24 25 6 6
24 34 77 38
25 26 55 15
25 35 32 22
26 27 91 35
26 36 67 75
27 28 52 39
27 37 3 61
28 29 23 78
28 38 58 49
29 39 22 75
30 31 9 79
30 40 52 50
31 32 41 81
31 41 2 18
32 33 60 18
32 42 15 66
33 34 43 14
33 43 96 72
34 35 80 16
34 44 86 85
35 36 63 61
35 45 57 62
36 37 58 77
36 46 41 10
37 38 96 95
37 47 80 72
38 39 39 10
38 48 25 73
39 49 58 48
40 41 57 77
41 42 28 32
42 43 49 71
43 44 76 48
44 45 42 15
45 46 36 44
46 47 27 26
47 48 68 67
48 49 62 58
