0 1 40 47
0 26 88 77
1 2 28 33
1 27 71 67
2 3 99 97
2 28 75 77
3 4 62 56
3 29 56 59
4 5 11 13
4 30 82 73
5 6 40 46
5 31 13 25
6 7 78 72
6 32 8 12
7 8 26 28
7 33 1 14
8 9 79 80
8 34 38 46
9 10 92 85
9 35 42 48
10 11 97 94
10 36 67 61
11 12 63 56
11 37 85 76
12 13 11 19
12 38 35 30
13 14 13 17
13 39 82 78
14 15 65 70
14 40 71 63
15 16 35 31
15 41 97 89
16 17 47 48
16 42 11 14
17 18 61 65
17 43 98 89
18 19 96 86
18 44 18 22
19 20 21 30
19 45 16 25
20 21 86 84
20 46 70 68
21 22 83 75
21 47 2 5
22 23 37 33
22 48 14 22
23 24 36 37
23 49 81 71
24 25 88 88
24 50 51 45
25 51 11 17
26 27 65 61
27 28 82 70
28 29 25 22
29 30 79 73
30 31 56 60
31 32 91 84
32 33 98 96
33 34 60 55
34 35 42 40
35 36 16 23
36 37 17 16
37 38 42 45
38 39 40 37
39 40 21 28
40 41 46 45
41 42 15 24
42 43 25 33
43 44 92 90
44 45 40 41
45 46 84 74
46 47 10 23
47 48 90 85
48 49 7 16
49 50 63 57
50 51 96 91
