0 1 69 53
0 29 47 29
1 2 7 36
1 30 62 80
2 3 48 53
2 31 3 12
3 4 6 17
3 32 6 18
4 5 22 49
4 33 26 40
5 6 93 91
5 34 16 50
6 7 91 81
6 35 22 36
7 8 20 16
7 36 39 48
8 9 97 95
8 37 40 20
9 10 76 61
9 38 27 36
10 11 35 23
10 39 15 8
11 12 86 73
11 40 29 38
12 13 30 29
12 41 4 47
13 14 20 41
13 42 7 9
14 15 6 41
14 43 16 46
15 16 25 26
15 44 4 13
16 17 0 11
16 45 21 55
17 18 28 45
17 46 71 57
18 19 52 27
18 47 78 68
19 20 56 49
19 48 7 39
20 21 59 55
20 49 5 6
21 22 60 43
21 50 17 44
22 23 98 57
22 51 25 13
23 24 36 31
23 52 29 38
24 25 44 64
24 53 58 67
25 26 99 60
25 54 3 44
26 27 86 88
26 55 33 37
27 28 74 82
27 56 41 48
28 57 37 68
29 30 83 51
30 31 88 90
31 32 59 57
32 33 11 5
33 34 70 82
34 35 41 56
35 36 24 33
36 37 41 67
37 38 21 15
38 39 34 39
39 40 32 23
40 41 95 53
41 42 78 54
42 43 89 70
43 44 87 86
44 45 78 70
45 46 23 34
46 47 38 26
47 48 23 18
48 49 2 29
49 50 13 22
50 51 84 79
51 52 60 60
52 53 99 73
53 54 2 11
54 55 73 75
55 56 97 55
56 57 7 20
