0 1 12 11
0 10 75 72
1 2 51 55
1 11 46 48
2 3 58 62
2 12 37 38
3 4 34 35
3 13 78 80
4 5 15 17
4 14 54 47
5 6 40 36
5 15 35 40
6 7 48 51
6 16 2 16
7 8 15 22
7 17 81 83
8 9 95 91
8 18 17 28
9 19 3 4
10 11 39 45
10 20 24 33
11 12 95 91
11 21 31 29
12 13 59 61
12 22 47 42
13 14 81 72
13 23 78 70
14 15 12 21
14 24 90 81
15 16 69 73
15 25 37 45
16 17 4 12
16 26 48 42
17 18 20 19
17 27 66 69
18 19 46 43
18 28 97 88
19 29 52 53
20 21 92 85
20 30 29 30
21 22 20 18
21 31 6 16
22 23 20 26
22 32 12 12
23 24 85 74
23 33 53 49
24 25 98 84
24 34 15 16
25 26 23 28
25 35 24 31
26 27 59 51
26 36 51 46
27 28 96 94
27 37 25 30
28 29 98 90
28 38 64 66
29 39 2 9
30 31 91 86
30 40 46 54
31 32 54 52
31 41 87 86
32 33 81 77
32 42 41 37
33 34 16 26
33 43 27 32
34 35 40 38
34 44 2 4
35 36 10 23
35 45 17 26
36 37 16 18
36 46 35 43
37 38 96 94
37 47 5 7
38 39 82 72
38 48 40 48
39 49 64 57
40 41 6 16
40 50 67 65
41 42 61 61
41 51 11 17
42 43 43 49
42 52 17 21
43 44 83 72
43 53 39 34
44 45 9 14
44 54 93 93
45 46 55 58
45 55 97 87
46 47 10 14
46 56 41 39
47 48 45 39
47 57 9 12
48 49 14 26
48 58 2 7
49 59 89 90
50 51 4 13
51 52 86 86
52 53 37 46
53 54 69 71
54 55 98 87
55 56 40 47
56 57 32 36
57 58 69 62
58 59 56 57
