0 1 91 72
0 10 61 44
1 2 30 63
1 11 80 88
2 3 29 73
2 12 96 54
3 4 46 52
3 13 68 28
4 5 20 81
4 14 67 82
5 6 19 54
5 15 53 52
6 7 73 69
6 16 15 4
7 8 96 46
7 17 64 57
8 9 75 61
8 18 83 48
9 19 45 38
10 11 39 67
10 20 12 67
11 12 38 62
11 21 43 32
12 13 81 45
12 22 77 38
13 14 9 63
13 23 20 38
14 15 36 30
14 24 55 15
15 16 83 58
15 25 32 30
16 17 93 47
16 26 30 9
17 18 72 81
17 27 99 76
18 19 42 80
18 28 97 96
19 29 11 78
20 21 52 64
20 30 42 40
21 22 47 43
21 31 87 77
22 23 16 32
22 32 6 6
23 24 74 44
23 33 15 72
24 25 95 75
24 34 88 75
25 26 80 53
25 35 15 62
26 27 34 56
26 36 48 12
27 28 97 97
27 37 25 71
28 29 13 57
28 38 38 68
29 39 11 16
30 31 51 86
30 40 97 85
31 32 2 74
31 41 50 70
32 33 75 52
32 42 68 23
33 34 62 74
33 43 28 48
34 35 66 22
34 44 18 27
35 36 84 93
35 45 73 65
36 37 38 77
36 46 23 22
37 38 74 89
37 47 79 49
38 39 56 22
38 48 10 26
39 49 18 61
40 41 94 34
40 50 34 59
41 42 26 84
41 51 52 77
42 43 27 79
42 52 83 88
43 44 71 71
43 53 87 29
44 45 58 41
44 54 96 78
45 46 41 83
45 55 3 45
46 47 34 43
46 56 31 64
47 48 97 61
47 57 83 41
48 49 64 31
48 58 8 32
49 59 79 57
50 51 5 39
51 52 51 11
52 53 38 37
53 54 50 17
54 55 58 16
55 56 3 31
56 57 8 25
57 58 47 37
58 59 0 42
