0 1 56 44
0 11 3 39
1 2 46 38
1 12 31 15
2 3 20 18
2 13 71 46
3 4 12 43
3 14 1 54
4 5 8 49
4 15 34 42
5 6 38 22
5 16 54 71
6 7 56 46
6 17 82 87
7 8 60 35
7 18 23 32
8 9 44 61
8 19 45 52
9 10 80 54
9 20 1 52
10 21 12 47
11 12 75 55
11 22 27 31
12 13 39 47
12 23 15 8
13 14 58 34
13 24 89 52
14 15 22 78
14 25 30 20
15 16 34 78
15 26 65 65
16 17 78 39
16 27 79 57
17 18 14 21
17 28 14 67
18 19 0 77
18 29 43 76
19 20 56 88
19 30 41 86
20 21 5 1
20 31 84 50
21 32 17 46
22 23 57 62
22 33 62 86
23 24 14 67
23 34 75 17
24 25 68 46
24 35 38 72
25 26 30 30
25 36 25 25
26 27 25 34
26 37 41 16
27 28 49 44
27 38 76 30
28 29 62 42
28 39 23 8
29 30 17 82
29 40 35 23
30 31 98 85
30 41 36 76
31 32 86 29
31 42 11 10
32 43 91 38
33 34 5 73
33 44 68 65
34 35 95 79
34 45 84 73
35 36 80 84
35 46 39 35
36 37 3 47
36 47 76 66
37 38 45 81
37 48 26 78
38 39 76 80
38 49 58 54
39 40 87 86
39 50 37 69
40 41 78 25
40 51 48 86
41 42 78 74
41 52 95 93
42 43 23 60
42 53 4 7
43 54 88 71
44 45 51 29
44 55 57 24
45 46 29 19
45 56 84 39
46 47 59 77
46 57 52 16
47 48 98 93
47 58 86 45
48 49 25 84
48 59 9 60
49 50 42 70
49 60 95 78
50 51 61 20
50 61 26 80
51 52 70 35
51 62 33 13
52 53 17 48
52 63 1 67
53 54 30 34
53 64 29 15
54 65 77 85
55 56 32 59
56 57 80 48
57 58 59 16
58 59 48 41
59 60 94 57
60 61 76 21
61 62 89 36
62 63 58 70
63 64 85 76
64 65 61 14
