0 1 1 15
0 15 56 62
1 2 94 83
1 16 75 67
2 3 62 60
2 17 78 73
3 4 26 23
3 18 87 78
4 5 13 14
4 19 2 5
5 6 69 67
5 20 68 63
6 7 64 57
6 21 27 38
7 8 84 74
7 22 89 84
8 9 2 12
8 23 85 77
9 10 30 29
9 24 84 72
10 11 43 46
10 25 59 57
11 12 92 93
11 26 60 54
12 13 54 59
12 27 22 32
13 14 29 32
13 28 67 65
14 29 5 15
15 16 68 70
15 30 62 55
16 17 87 78
16 31 0 13
17 18 97 87
17 32 51 56
18 19 26 30
18 33 0 11
19 20 1 13
19 34 15 18
20 21 55 50
20 35 25 25
21 22 93 93
21 36 28 30
22 23 96 90
22 37 24 24
23 24 98 93
23 38 6 10
24 25 51 51
24 39 20 19
25 26 43 42
25 40 3 12
26 27 45 47
26 41 29 33
27 28 47 54
27 42 59 54
28 29 20 25
28 43 53 59
29 44 88 86
30 31 91 87
30 45 68 71
31 32 88 85
31 46 13 18
32 33 30 40
32 47 40 35
33 34 40 48
33 48 81 69
34 35 91 84
34 49 70 73
35 36 19 29
35 50 54 61
36 37 31 31
36 51 74 71
37 38 77 71
37 52 68 71
38 39 46 53
38 53 34 38
39 40 30 35
39 54 42 36
40 41 20 29
40 55 86 81
41 42 82 74
41 56 12 23
42 43 22 23
42 57 42 47
43 44 18 23
43 58 10 13
44 59 38 36
45 46 57 60
45 60 54 58
46 47 21 23
46 61 25 27
47 48 57 56
47 62 28 27
48 49 69 72
48 63 21 29
49 50 24 24
49 64 59 63
50 51 17 18
50 65 69 63
51 52 35 35
51 66 68 59
52 53 1 13
52 67 8 10
53 54 65 70
53 68 42 39
54 55 85 81
54 69 28 33
55 56 2 3
55 70 51 50
56 57 93 83
56 71 16 20
57 58 1 11
57 72 60 52
58 59 17 21
58 73 13 22
59 74 65 64
60 61 86 77
61 62 13 11
62 63 3 10
63 64 13 14
64 65 62 65
65 66 77 79
66 67 15 19
67 68 4 11
68 69 14 22
69 70 67 68
70 71 86 80
71 72 31 29
72 73 19 19
73 74 20 29
