0 1 14 37
0 15 24 18
1 2 58 74
1 16 66 35
2 3 71 59
2 17 31 49
3 4 56 34
3 18 5 42
4 5 88 49
4 19 81 84
5 6 5 38
5 20 24 53
6 7 98 78
6 21 79 88
7 8 70 57
7 22 75 82
8 9 10 6
8 23 84 73
9 10 41 33
9 24 22 40
10 11 98 73
10 25 39 42
11 12 3 7
11 26 21 38
12 13 14 35
12 27 26 50
13 14 6 17
13 28 1 15
14 29 24 30
15 16 73 37
15 30 90 52
16 17 92 54
16 31 3 43
17 18 79 75
17 32 89 47
18 19 2 23
18 33 52 62
19 20 94 56
19 34 35 37
20 21 62 56
20 35 59 34
21 22 29 14
21 36 98 69
22 23 64 41
22 37 7 34
23 24 97 75
23 38 8 4
24 25 52 74
24 39 13 34
25 26 33 41
25 40 34 21
26 27 14 46
26 41 13 23
27 28 33 64
27 42 97 64
28 29 19 56
28 43 26 60
29 44 24 58
30 31 15 28
30 45 24 39
31 32 24 52
31 46 6 39
32 33 62 50
32 47 96 90
33 34 87 63
33 48 25 55
34 35 12 38
34 49 0 35
35 36 84 50
35 50 99 80
36 37 8 33
36 51 70 66
37 38 14 43
37 52 39 44
38 39 9 43
38 53 31 47
39 40 3 20
39 54 34 53
40 41 75 41
40 55 42 57
41 42 66 66
41 56 83 60
42 43 8 9
42 57 55 60
43 44 56 70
43 58 10 21
44 59 36 40
45 46 61 77
45 60 7 41
46 47 91 73
46 61 37 23
47 48 68 55
47 62 92 53
48 49 71 76
48 63 1 9
49 50 71 36
49 64 5 19
50 51 16 34
50 65 5 14
51 52 55 42
51 66 65 81
52 53 44 56
52 67 61 34
53 54 32 18
53 68 94 60
54 55 57 49
54 69 53 45
55 56 86 44
55 70 90 87
56 57 41 55
56 71 82 55
57 58 78 59
57 72 15 11
58 59 99 80
58 73 87 84
59 74 36 25
60 61 54 74
61 62 80 70
62 63 75 77
63 64 45 60
64 65 84 69
65 66 28 42
66 67 47 29
67 68 32 59
68 69 55 36
69 70 16 29
70 71 88 73
71 72 76 64
72 73 96 52
73 74 54 50
