0 1 44 20
0 10 33 33
1 2 88 43
1 11 58 79
2 3 71 34
2 12 11 48
3 4 52 46
3 13 57 34
4 5 52 36
4 14 27 58
5 6 62 31
5 15 32 9
6 7 65 71
6 16 99 69
7 8 70 26
7 17 20 12
8 9 37 18
8 18 47 48
9 19 89 64
10 11 23 11
10 20 55 87
11 12 9 55
11 21 2 67
12 13 48 27
12 22 72 61
13 14 41 12
13 23 19 50
14 15 93 19
14 24 96 46
15 16 13 80
15 25 96 51
16 17 87 26
16 26 22 84
17 18 89 49
17 27 45 55
18 19 62 41
18 28 53 18
19 29 68 22
20 21 65 79
20 30 97 28
21 22 92 77
21 31 12 51
22 23 88 56
22 32 88 69
23 24 9 54
23 33 24 74
24 25 53 36
24 34 33 10
25 26 12 26
25 35 78 57
26 27 57 77
26 36 3 45
27 28 27 78
27 37 30 63
28 29 61 32
28 38 92 65
29 39 65 69
30 31 0 28
30 40 90 92
31 32 30 61
31 41 34 12
32 33 98 42
32 42 11 78
33 34 94 69
33 43 37 75
34 35 87 41
34 44 5 66
35 36 45 57
35 45 75 18
36 37 61 68
36 46 1 58
37 38 87 35
37 47 31 83
38 39 21 68
38 48 47 85
39 49 18 47
40 41 59 13
40 50 24 10
41 42 45 23
41 51 36 75
42 43 75 60
42 52 21 22
43 44 76 52
43 53 68 75
44 45 28 30
44 54 17 38
45 46 27 9
45 55 24 40
46 47 9 46
46 56 72 26
47 48 43 35
47 57 57 18
48 49 12 67
48 58 20 69
49 59 74 59
50 51 14 75
50 60 25 48
51 52 14 67
51 61 26 68
52 53 37 10
52 62 8 40
53 54 41 34
53 63 22 27
54 55 83 48
54 64 46 39
55 56 58 70
55 65 39 86
56 57 48 21
56 66 9 64
57 58 68 49
57 67 61 57
58 59 65 80
58 68 1 56
59 69 44 36
60 61 64 13
60 70 90 26
61 62 38 14
61 71 35 45
62 63 7 61
62 72 62 66
63 64 74 65
63 73 86 32
64 65 55 57
64 74 95 81
65 66 27 28
65 75 24 9
66 67 2 69
66 76 86 59
67 68 90 77
67 77 40 23
68 69 75 68
68 78 3 69
69 79 64 58
70 71 81 16
71 72 38 28
72 73 81 91
73 74 69 79
74 75 41 16
75 76 47 9
76 77 96 92
77 78 56 34
78 79 90 92
