0 1 8 15
0 41 25 30
1 2 4 16
1 42 8 19
2 3 12 25
2 43 86 75
3 4 18 22
3 44 89 84
4 5 90 83
4 45 44 46
5 6 81 74
5 46 82 84
6 7 98 90
6 47 66 63
7 8 33 41
7 48 28 35
8 9 3 16
8 49 6 15
9 10 20 27
9 50 29 28
10 11 49 55
10 51 87 85
11 12 76 72
11 52 93 81
12 13 95 92
12 53 71 69
13 14 16 21
13 54 2 3
14 15 39 44
14 55 77 77
15 16 35 34
15 56 22 28
16 17 64 55
16 57 65 65
17 18 35 37
17 58 85 80
18 19 3 11
18 59 7 11
19 20 86 84
19 60 30 34
20 21 84 77
20 61 30 34
21 22 50 57
21 62 44 50
22 23 77 71
22 63 83 82
23 24 90 85
23 64 2 4
24 25 25 33
24 65 80 73
25 26 95 90
25 66 21 21
26 27 44 48
26 67 42 42
27 28 6 5
27 68 33 30
28 29 94 83
28 69 6 9
29 30 69 65
29 70 24 26
30 31 49 50
30 71 77 71
31 32 33 35
31 72 80 77
32 33 84 80
32 73 81 83
33 34 55 58
33 74 11 19
34 35 56 54
34 75 76 66
35 36 1 12
35 76 15 17
36 37 49 55
36 77 52 47
37 38 70 63
37 78 79 79
38 39 64 67
38 79 14 12
39 40 32 41
39 80 45 38
40 81 32 30
41 42 89 83
42 43 36 33
43 44 19 22
44 45 80 81
45 46 25 22
46 47 88 77
47 48 64 58
48 49 59 58
49 50 43 42
50 51 41 46
51 52 1 15
52 53 2 15
53 54 78 72
54 55 8 12
55 56 77 75
56 57 68 71
57 58 36 35
58 59 93 90
59 60 96 96
60 61 22 20
61 62 72 65
62 63 61 55
63 64 39 46
64 65 58 63
65 66 88 84
66 67 10 18
67 68 86 80
68 69 32 39
69 70 80 79
70 71 76 66
71 72 51 52
72 73 96 92
73 74 46 43
74 75 22 32
75 76 4 16
76 77 17 19
77 78 51 54
78 79 68 68
79 80 30 35
80 81 79 78
