0 1 16 28
0 43 72 71
1 2 63 60
1 44 34 35
2 3 83 81
2 45 25 24
3 4 26 28
3 46 31 28
4 5 9 21
4 47 54 52
5 6 17 18
5 48 9 13
6 7 42 42
6 49 51 54
7 8 68 59
7 50 10 21
8 9 65 66
8 51 91 89
9 10 66 60
9 52 40 45
10 11 54 59
10 53 12 22
11 12 50 51
11 54 56 48
12 13 99 87
12 55 83 82
13 14 40 47
13 56 88 80
14 15 47 54
14 57 3 10
15 16 57 59
15 58 27 24
16 17 84 84
16 59 91 85
17 18 84 78
17 60 45 44
18 19 0 8
18 61 74 65
19 20 1 7
19 62 89 83
20 21 93 84
20 63 31 27
21 22 12 24
21 64 79 72
22 23 84 72
22 65 94 89
23 24 20 25
23 66 28 26
24 25 9 9
24 67 30 25
25 26 30 27
25 68 65 68
26 27 47 43
26 69 27 33
27 28 61 59
27 70 48 47
28 29 73 68
28 71 76 71
29 30 44 51
29 72 27 35
30 31 26 32
30 73 2 11
31 32 79 72
31 74 43 42
32 33 85 80
32 75 90 78
33 34 2 5
33 76 22 33
34 35 25 30
34 77 12 13
35 36 73 74
35 78 2 10
36 37 29 31
36 79 67 62
37 38 97 88
37 80 1 14
38 39 75 77
38 81 39 35
39 40 20 32
39 82 30 37
40 41 97 86
40 83 52 49
41 42 61 59
41 84 71 69
42 85 10 15
43 44 39 41
44 45 6 19
45 46 85 79
46 47 51 48
47 48 51 58
48 49 9 17
49 50 54 50
50 51 88 83
51 52 90 87
52 53 4 6
53 54 16 27
54 55 16 28
55 56 7 16
56 57 13 11
57 58 58 50
58 59 56 61
59 60 81 78
60 61 36 39
61 62 48 42
62 63 88 88
63 64 51 50
64 65 39 38
65 66 29 36
66 67 60 57
67 68 53 49
68 69 37 33
69 70 9 20
70 71 24 26
71 72 41 50
72 73 34 32
73 74 12 21
74 75 16 17
75 76 51 55
76 77 3 16
77 78 25 33
78 79 66 71
79 80 37 40
80 81 93 82
81 82 22 31
82 83 15 24
83 84 76 72
84 85 21 19
