0 1 80 80
0 43 39 47
1 2 27 31
1 44 75 75
2 3 43 35
2 45 78 57
3 4 6 32
3 46 50 40
4 5 86 55
4 47 34 49
5 6 5 6
5 48 67 76
6 7 77 77
6 49 5 4
7 8 55 45
7 50 98 95
8 9 26 23
8 51 43 34
9 10 81 41
9 52 32 20
10 11 64 70
10 53 47 64
11 12 17 58
11 54 75 65
12 13 69 43
12 55 98 98
13 14 82 75
13 56 39 36
14 15 87 66
14 57 82 71
15 16 66 67
15 58 19 29
16 17 81 44
16 59 79 77
17 18 89 51
17 60 54 29
18 19 53 41
18 61 93 79
19 20 24 36
19 62 32 42
20 21 53 70
20 63 91 93
21 22 13 38
21 64 97 82
22 23 47 44
22 65 19 58
23 24 12 45
23 66 52 65
24 25 82 76
24 67 84 64
25 26 90 58
25 68 65 56
26 27 56 42
26 69 82 81
27 28 18 51
27 70 34 33
28 29 28 26
28 71 83 81
29 30 38 20
29 72 80 49
30 31 93 50
30 73 42 69
31 32 48 54
31 74 92 81
32 33 54 55
32 75 25 36
33 34 58 55
33 76 9 44
34 35 69 35
34 77 64 52
35 36 26 46
35 78 9 32
36 37 4 15
36 79 25 21
37 38 68 59
37 80 80 83
38 39 83 49
38 81 88 55
39 40 48 67
39 82 45 66
40 41 66 40
40 83 99 72
41 42 11 54
41 84 58 36
42 85 23 37
43 44 25 22
44 45 96 54
45 46 66 58
46 47 19 10
47 48 93 57
48 49 69 49
49 50 40 54
50 51 48 58
51 52 41 29
52 53 12 16
53 54 16 41
54 55 77 40
55 56 53 61
56 57 55 44
57 58 52 32
58 59 8 48
59 60 49 28
60 61 87 69
61 62 26 57
62 63 90 89
63 64 47 50
64 65 80 72
65 66 71 56
66 67 9 23
67 68 41 52
68 69 13 56
69 70 92 73
70 71 78 46
71 72 81 47
72 73 60 34
73 74 40 41
74 75 45 41
75 76 72 40
76 77 87 68
77 78 11 12
78 79 37 56
79 80 35 23
80 81 44 24
81 82 14 24
82 83 85 51
83 84 70 71
84 85 86 69
