0 1 52 41
0 10 4 38
1 2 49 33
1 11 42 61
2 3 23 7
2 12 21 56
3 4 46 62
3 13 12 37
4 5 33 64
4 14 24 63
5 6 79 23
5 15 2 18
6 7 7 62
6 16 47 33
7 8 80 90
7 17 72 65
8 9 4 74
8 18 37 40
9 19 51 74
10 11 96 86
10 20 43 60
11 12 24 7
11 21 80 53
12 13 32 20
12 22 73 36
13 14 60 33
13 23 88 95
14 15 73 75
14 24 91 39
15 16 52 25
15 25 21 20
16 17 51 26
16 26 44 76
17 18 52 59
17 27 16 20
18 19 61 25
18 28 7 72
19 29 0 28
20 21 53 37
20 30 99 72
21 22 62 23
21 31 23 60
22 23 83 91
22 32 50 23
23 24 73 63
23 33 31 32
24 25 96 74
24 34 75 48
25 26 5 7
25 35 37 49
26 27 68 34
26 36 41 31
27 28 81 24
27 37 68 82
28 29 36 79
28 38 57 32
29 39 92 68
30 31 31 46
30 40 46 36
31 32 30 21
31 41 35 25
32 33 83 84
32 42 24 72
33 34 5 33
33 43 76 72
34 35 56 90
34 44 4 21
35 36 29 76
35 45 31 42
36 37 63 21
36 46 25 51
37 38 80 17
37 47 50 72
38 39 20 78
38 48 39 68
39 49 82 86
40 41 79 19
40 50 27 29
41 42 3 26
41 51 11 18
42 43 90 66
42 52 6 15
43 44 2 26
43 53 58 48
44 45 44 25
44 54 96 85
45 46 71 23
45 55 63 60
46 47 2 77
46 56 36 59
47 48 96 96
47 57 17 28
48 49 82 43
48 58 16 61
49 59 24 45
50 51 83 71
50 60 49 70
51 52 27 7
51 61 47 66
52 53 41 48
52 62 72 74
53 54 66 55
53 63 4 15
54 55 36 15
54 64 83 39
55 56 83 96
55 65 20 55
56 57 73 62
56 66 68 48
57 58 11 24
57 67 12 13
58 59 62 45
58 68 67 71
59 69 31 10
60 61 11 19
60 70 53 46
61 62 52 46
61 71 80 40
62 63 99 65
62 72 14 54
63 64 59 44
63 73 32 75
64 65 51 37
64 74 97 48
65 66 87 60
65 75 45 76
66 67 54 29
66 76 64 49
67 68 1 27
67 77 14 15
68 69 44 55
68 78 62 41
69 79 36 45
70 71 68 47
70 80 97 45
71 72 4 44
71 81 74 40
72 73 26 62
72 82 35 27
73 74 68 25
73 83 37 27
74 75 54 26
74 84 81 66
75 76 87 92
75 85 2 26
76 77 38 36
76 86 48 19
77 78 84 92
77 87 27 44
78 79 77 67
78 88 47 50
79 89 96 74
80 81 58 47
81 82 84 77
82 83 70 18
83 84 5 54
84 85 33 66
85 86 9 5
86 87 97 87
87 88 99 66
88 89 29 45
