0 1 38 45
0 10 86 61
1 2 85 85
1 11 1 50
2 3 64 79
2 12 17 19
3 4 65 80
3 13 93 71
4 5 6 11
4 14 94 65
5 6 92 57
5 15 95 78
6 7 22 23
6 16 92 61
7 8 92 80
7 17 83 91
8 9 41 63
8 18 32 21
9 19 32 36
10 11 99 96
10 20 27 15
11 12 81 87
11 21 2 42
12 13 51 39
12 22 89 47
13 14 29 26
13 23 28 59
14 15 1 24
14 24 77 71
15 16 96 59
15 25 83 49
16 17 76 83
16 26 63 59
17 18 29 29
17 27 75 76
18 19 66 72
18 28 19 59
19 29 1 44
20 21 4 47
20 30 36 65
21 22 90 75
21 31 60 45
22 23 40 59
22 32 53 57
23 24 91 49
23 33 47 30
24 25 4 49
24 34 3 24
25 26 77 64
25 35 59 78
26 27 47 30
26 36 69 65
27 28 6 18
27 37 61 34
28 29 85 69
28 38 69 37
29 39 42 70
30 31 31 39
30 40 38 48
31 32 42 62
31 41 37 45
32 33 8 28
32 42 32 29
33 34 71 70
33 43 55 58
34 35 60 41
34 44 51 27
35 36 48 41
35 45 54 64
36 37 71 67
36 46 37 56
37 38 42 57
37 47 47 59
38 39 91 72
38 48 29 53
39 49 52 68
40 41 8 36
40 50 1 30
41 42 34 30
41 51 85 63
42 43 14 39
42 52 66 70
43 44 12 7
43 53 58 58
44 45 65 81
44 54 18 25
45 46 87 63
45 55 16 17
46 47 35 56
46 56 83 71
47 48 2 21
47 57 31 24
48 49 78 49
48 58 75 52
49 59 93 58
50 51 89 74
50 60 23 13
51 52 47 31
51 61 9 10
52 53 64 38
52 62 84 88
53 54 5 11
53 63 71 74
54 55 28 39
54 64 68 63
55 56 20 47
55 65 38 62
56 57 31 42
56 66 99 94
57 58 77 54
57 67 52 75
58 59 38 23
58 68 2 39
59 69 56 28
60 61 59 46
60 70 77 79
61 62 27 35
61 71 98 71
62 63 6 23
62 72 86 45
63 64 23 48
63 73 17 31
64 65 3 37
64 74 57 54
65 66 54 43
65 75 89 90
66 67 51 69
66 76 63 33
67 68 73 65
67 77 91 73
68 69 82 50
68 78 29 52
69 79 39 34
70 71 83 88
70 80 88 45
71 72 22 56
71 81 7 5
72 73 80 65
72 82 74 57
73 74 88 74
73 83 98 86
74 75 59 31
74 84 8 39
75 76 49 61
75 85 37 45
76 77 33 55
76 86 13 17
77 78 4 32
77 87 6 43
78 79 25 59
78 88 47 48
79 89 96 62
80 81 90 64
81 82 32 63
82 83 79 54
83 84 86 64
84 85 42 71
85 86 0 40
86 87 21 36
87 88 80 72
88 89 69 46
