0 1 60 46
0 31 0 31
1 2 58 64
1 32 68 21
2 3 94 94
2 33 59 47
3 4 54 28
3 34 54 20
4 5 2 36
4 35 34 63
5 6 65 32
5 36 79 34
6 7 0 3
6 37 32 33
7 8 14 80
7 38 4 24
8 9 15 61
8 39 71 90
9 10 46 61
9 40 55 44
10 11 96 85
10 41 47 44
11 12 2 33
11 42 92 21
12 13 25 69
12 43 19 79
13 14 60 81
13 44 7 37
14 15 99 39
14 45 29 55
15 16 46 75
15 46 10 75
16 17 22 46
16 47 39 25
17 18 31 55
17 48 92 96
18 19 82 89
18 49 54 67
19 20 65 34
19 50 15 40
20 21 39 72
20 51 4 14
21 22 89 28
21 52 93 30
22 23 50 11
22 53 74 38
23 24 70 35
23 54 53 27
24 25 94 87
24 55 39 43
25 26 45 9
25 56 7 2
26 27 73 61
26 57 46 79
27 28 17 16
27 58 13 22
28 29 53 43
28 59 99 44
29 30 57 41
29 60 28 56
30 61 40 75
31 32 39 53
31 62 37 27
32 33 53 19
32 63 29 23
33 34 97 54
33 64 48 35
34 35 65 47
34 65 3 75
35 36 28 84
35 66 53 72
36 37 21 51
36 67 34 24
37 38 83 72
37 68 61 69
38 39 18 20
38 69 30 35
39 40 66 14
39 70 80 64
40 41 65 83
40 71 63 81
41 42 16 46
41 72 35 78
42 43 91 60
42 73 31 70
43 44 74 49
43 74 32 52
44 45 59 84
44 75 54 71
45 46 76 35
45 76 53 49
46 47 25 14
46 77 32 80
47 48 11 73
47 78 15 55
48 49 76 53
48 79 89 60
49 50 4 10
49 80 85 67
50 51 37 30
50 81 86 66
51 52 89 50
51 82 64 33
52 53 49 21
52 83 26 55
53 54 57 30
53 84 61 47
54 55 69 66
54 85 46 46
55 56 73 77
55 86 15 67
56 57 37 84
56 87 55 72
57 58 3 30
57 88 74 48
58 59 99 27
58 89 51 64
59 60 63 91
59 90 95 42
60 61 1 30
60 91 57 13
61 92 19 22
62 63 10 11
63 64 64 32
64 65 91 77
65 66 7 43
66 67 88 47
67 68 24 40
68 69 21 25
69 70 63 31
70 71 87 87
71 72 82 70
72 73 35 26
73 74 12 13
74 75 62 26
75 76 11 65
76 77 17 42
77 78 42 53
78 79 54 44
79 80 0 31
80 81 53 17
81 82 29 72
82 83 66 76
83 84 17 37
84 85 89 32
85 86 54 43
86 87 13 17
87 88 16 30
88 89 28 36
89 90 43 18
90 91 64 46
91 92 47 65
