20 28
0 1 95 17
0 10 90 13
1 2 45 64
1 11 25 50
2 3 97 37
2 12 99 3
3 4 22 79
3 13 44 60
4 5 27 54
4 14 30 79
5 6 66 59
5 15 92 6
6 7 51 52
6 16 10 86
7 8 83 11
7 17 65 28
8 9 50 38
8 18 12 92
9 19 52 63
10 11 97 16
11 12 85 14
12 13 83 28
13 14 73 19
14 15 87 45
15 16 52 67
16 17 44 73
17 18 2 73
18 19 56 26
0 4
0 5
0 19
1 0
1 4
1 5
1 11
1 19
2 0
2 1
2 4
2 5
2 10
2 11
2 12
2 14
2 15
2 16
2 18
2 19
2 20
2 21
2 22
2 23
2 24
2 27
3 0
3 1
3 2
3 4
3 5
3 7
3 8
3 9
3 10
3 11
3 12
3 14
3 15
3 16
3 18
3 19
3 20
3 21
3 22
3 23
3 24
3 25
3 27
4 5
6 0
6 1
6 2
6 3
6 4
6 5
6 7
6 8
6 9
6 10
6 11
6 12
6 14
6 15
6 16
6 18
6 19
6 20
6 21
6 22
6 23
6 24
6 25
6 27
7 0
7 1
7 2
7 4
7 5
7 10
7 11
7 12
7 14
7 15
7 16
7 18
7 19
7 20
7 21
7 22
7 23
7 24
7 25
7 27
8 0
8 1
8 2
8 4
8 5
8 7
8 9
8 10
8 11
8 12
8 14
8 15
8 16
8 18
8 19
8 20
8 21
8 22
8 23
8 24
8 25
8 27
9 0
9 1
9 2
9 4
9 5
9 7
9 10
9 11
9 12
9 14
9 15
9 16
9 18
9 19
9 20
9 21
9 22
9 23
9 24
9 25
9 27
10 0
10 1
10 4
10 5
10 11
10 14
10 19
10 20
10 21
10 22
10 23
11 0
11 4
11 5
11 19
12 0
12 1
12 4
12 5
12 10
12 11
12 14
12 15
12 18
12 19
12 20
12 21
12 22
12 23
12 24
12 27
13 0
13 1
13 2
13 3
13 4
13 5
13 6
13 7
13 8
13 9
13 10
13 11
13 12
13 14
13 15
13 16
13 17
13 18
13 19
13 20
13 21
13 22
13 23
13 24
13 25
13 27
14 0
14 1
14 4
14 5
14 11
14 19
14 20
14 21
14 23
15 0
15 1
15 4
15 5
15 10
15 11
15 14
15 19
15 20
15 21
15 22
15 23
16 0
16 1
16 4
16 5
16 10
16 11
16 12
16 14
16 15
16 18
16 19
16 20
16 21
16 22
16 23
16 24
16 27
17 0
17 1
17 2
17 3
17 4
17 5
17 6
17 7
17 8
17 9
17 10
17 11
17 12
17 14
17 15
17 16
17 18
17 19
17 20
17 21
17 22
17 23
17 24
17 25
17 27
18 0
18 1
18 4
18 5
18 10
18 11
18 14
18 15
18 19
18 20
18 21
18 22
18 23
18 24
18 27
19 4
19 5
20 0
20 1
20 4
20 5
20 11
20 19
20 23
21 0
21 1
21 4
21 5
21 11
21 19
21 20
21 23
22 0
22 1
22 4
22 5
22 11
22 14
22 19
22 20
22 21
22 23
23 0
23 1
23 4
23 5
23 11
23 19
24 0
24 1
24 4
24 5
24 10
24 11
24 14
24 15
24 19
24 20
24 21
24 22
24 23
24 27
25 0
25 1
25 2
25 4
25 5
25 10
25 11
25 12
25 14
25 15
25 16
25 18
25 19
25 20
25 21
25 22
25 23
25 24
25 27
26 0
26 1
26 2
26 3
26 4
26 5
26 6
26 7
26 8
26 9
26 10
26 11
26 12
26 13
26 14
26 15
26 16
26 17
26 18
26 19
26 20
26 21
26 22
26 23
26 24
26 25
26 27
27 0
27 1
27 4
27 5
27 10
27 11
27 14
27 15
27 19
27 20
27 21
27 22
27 23
