44 73
0 1 52 52
0 11 33 69
1 2 17 83
1 12 49 66
2 3 95 15
2 13 73 23
3 4 4 73
3 14 98 17
4 5 63 55
4 15 26 55
5 6 17 55
5 16 37 49
6 7 83 26
6 17 53 43
7 8 33 42
7 18 68 24
8 9 33 55
8 19 50 50
9 10 68 41
9 20 38 63
10 21 83 29
11 12 52 49
11 22 93 19
12 13 10 92
12 23 32 72
13 14 19 87
13 24 90 34
14 15 13 88
14 25 16 87
15 16 30 65
15 26 61 56
16 17 62 31
16 27 67 34
17 18 92 34
17 28 87 26
18 19 47 45
18 29 45 70
19 20 86 48
19 30 68 54
20 21 55 64
20 31 75 16
21 32 43 62
22 23 98 39
22 33 23 56
23 24 71 29
23 34 77 24
24 25 8 66
24 35 98 31
25 26 97 38
25 36 73 26
26 27 66 27
26 37 57 54
27 28 2 98
27 38 92 16
28 29 39 70
28 39 75 44
29 30 19 53
29 40 62 26
30 31 17 81
30 41 1 97
31 32 44 52
31 42 9 84
32 43 56 46
33 34 55 31
34 35 96 18
35 36 67 48
36 37 15 85
37 38 87 26
38 39 67 32
39 40 25 72
40 41 17 70
41 42 17 62
42 43 70 25
0 8
0 30
0 38
0 39
0 51
1 36
1 54
2 25
4 7
4 42
4 47
4 48
4 64
5 12
5 20
5 26
5 33
5 34
5 37
5 42
5 45
5 47
5 48
5 49
5 55
5 67
6 2
6 23
6 25
6 27
6 28
6 58
6 61
6 66
7 42
7 47
9 1
9 3
9 8
9 16
9 19
9 24
9 29
9 30
9 36
9 39
9 41
9 54
10 1
10 2
10 3
10 8
10 9
10 16
10 19
10 24
10 25
10 29
10 30
10 36
10 39
10 41
10 43
10 54
10 58
10 69
10 70
10 71
11 0
11 3
11 8
11 17
11 19
11 21
11 30
11 36
11 38
11 39
11 41
11 51
11 54
11 60
12 20
12 26
12 33
12 34
12 37
12 42
12 47
12 48
12 67
13 8
13 30
13 37
13 38
13 39
13 51
13 55
13 62
13 65
14 0
14 1
14 3
14 8
14 11
14 13
14 16
14 17
14 19
14 21
14 30
14 35
14 36
14 37
14 38
14 39
14 41
14 51
14 54
14 55
14 60
14 62
14 65
15 12
15 18
15 20
15 26
15 33
15 34
15 37
15 38
15 42
15 44
15 45
15 47
15 48
15 49
15 55
15 67
15 72
16 1
16 3
16 8
16 19
16 30
16 36
16 39
16 41
16 54
17 0
17 8
17 30
17 38
17 39
17 51
18 37
18 38
18 55
19 3
19 36
19 39
19 54
20 26
20 33
20 37
20 42
20 47
20 48
21 0
21 8
21 30
21 38
21 39
21 51
22 42
22 47
22 48
26 33
26 42
26 48
28 25
29 1
29 3
29 24
29 36
29 54
31 8
31 18
31 26
31 32
31 33
31 37
31 38
31 42
31 47
31 48
31 55
31 65
31 68
32 18
32 26
32 33
32 37
32 38
32 42
32 48
32 55
32 65
33 42
33 48
34 26
34 33
34 42
34 47
34 48
35 0
35 3
35 8
35 17
35 21
35 30
35 37
35 38
35 39
35 51
35 62
35 65
40 7
40 12
40 20
40 22
40 26
40 33
40 34
40 37
40 42
40 45
40 47
40 48
40 53
40 55
40 64
40 67
41 3
41 36
41 39
43 1
43 3
43 19
43 24
43 29
43 30
43 36
43 39
43 41
43 54
43 69
44 20
44 26
44 33
44 37
44 42
44 47
44 48
44 55
45 12
45 20
45 26
45 33
45 34
45 37
45 42
45 47
45 48
45 67
46 1
46 2
46 3
46 23
46 24
46 25
46 27
46 28
46 36
46 54
46 58
46 61
46 66
46 69
46 70
47 42
48 42
49 12
49 20
49 26
49 33
49 34
49 37
49 42
49 47
49 48
49 55
49 67
50 18
50 20
50 26
50 32
50 33
50 37
50 38
50 42
50 44
50 47
50 48
50 55
50 65
50 68
51 8
51 30
51 38
53 7
53 22
53 33
53 42
53 47
53 48
53 64
54 36
55 37
56 1
56 3
56 8
56 9
56 16
56 19
56 24
56 25
56 29
56 30
56 36
56 38
56 39
56 41
56 43
56 51
56 54
56 69
57 8
57 12
57 18
57 20
57 26
57 31
57 32
57 33
57 34
57 37
57 38
57 42
57 44
57 47
57 48
57 49
57 50
57 55
57 65
57 67
57 68
58 2
58 25
59 52
60 0
60 3
60 8
60 30
60 36
60 38
60 39
60 51
61 23
61 25
61 27
61 28
61 66
62 8
62 30
62 37
62 38
62 51
62 65
63 8
63 18
63 26
63 30
63 31
63 32
63 33
63 37
63 38
63 39
63 42
63 47
63 48
63 51
63 55
63 62
63 65
63 68
64 42
64 47
64 48
65 37
65 38
66 25
66 28
67 26
67 33
67 42
67 47
67 48
68 18
68 26
68 32
68 33
68 37
68 38
68 42
68 48
68 55
68 65
69 24
70 2
70 24
70 25
70 36
70 54
70 58
70 69
71 1
71 2
71 3
71 19
71 24
71 25
71 29
71 36
71 39
71 41
71 54
71 58
71 69
71 70
72 12
72 20
72 26
72 33
72 34
72 37
72 42
72 44
72 47
72 48
72 49
72 55
72 67
