66 115
0 1 37 68
0 11 11 65
1 2 66 54
1 12 6 76
2 3 12 54
2 13 4 68
3 4 47 49
3 14 92 29
4 5 54 46
4 15 32 42
5 6 44 72
5 16 99 22
6 7 37 63
6 17 7 58
7 8 10 57
7 18 0 70
8 9 42 68
8 19 51 39
9 10 72 55
9 20 75 47
10 21 66 25
11 12 61 60
11 22 71 23
12 13 1 66
12 23 86 15
13 14 67 53
13 24 12 77
14 15 84 14
14 25 32 45
15 16 29 64
15 26 93 5
16 17 63 55
16 27 51 66
17 18 22 64
17 28 85 20
18 19 49 34
18 29 22 55
19 20 50 33
19 30 26 47
20 21 3 65
20 31 16 70
21 32 7 74
22 23 76 17
22 33 61 54
23 24 69 42
23 34 11 83
24 25 86 47
24 35 39 51
25 26 20 85
25 36 1 63
26 27 60 31
26 37 61 44
27 28 67 40
27 38 49 55
28 29 8 68
28 39 30 79
29 30 83 15
29 40 81 11
30 31 6 86
30 41 93 20
31 32 70 56
31 42 30 47
32 43 37 50
33 34 43 65
33 44 70 28
34 35 4 87
34 45 94 14
35 36 64 27
35 46 63 37
36 37 19 82
36 47 34 42
37 38 25 52
37 48 0 59
38 39 34 40
38 49 91 7
39 40 39 60
39 50 90 19
40 41 31 66
40 51 2 72
41 42 22 71
41 52 95 40
42 43 79 49
42 53 37 61
43 54 36 77
44 45 26 55
44 55 16 52
45 46 35 51
45 56 68 48
46 47 95 18
46 57 24 67
47 48 49 58
47 58 39 75
48 49 24 55
48 59 42 46
49 50 36 54
49 60 77 41
50 51 67 49
50 61 3 96
51 52 49 42
51 62 69 39
52 53 81 17
52 63 22 68
53 54 16 88
53 64 64 39
54 65 1 88
55 56 19 69
56 57 58 44
57 58 7 88
58 59 98 25
59 60 35 57
60 61 40 47
61 62 9 76
62 63 20 66
63 64 12 63
64 65 19 72
0 10
0 16
0 91
1 0
1 10
1 16
1 26
1 32
1 40
1 45
1 48
1 55
1 63
1 69
1 77
1 79
1 83
1 89
1 91
1 101
1 102
1 105
1 112
1 114
2 18
2 60
3 26
3 45
3 48
3 55
3 58
3 69
3 83
3 102
3 107
3 111
4 0
4 2
4 10
4 12
4 16
4 18
4 21
4 26
4 29
4 31
4 32
4 33
4 36
4 40
4 43
4 48
4 53
4 55
4 60
4 63
4 69
4 75
4 77
4 79
4 82
4 83
4 84
4 89
4 90
4 91
4 92
4 94
4 101
4 102
4 105
4 109
4 112
4 113
4 114
5 0
5 3
5 10
5 16
5 26
5 40
5 41
5 45
5 48
5 54
5 55
5 58
5 65
5 69
5 79
5 83
5 91
5 101
5 102
5 105
5 107
5 111
5 114
6 2
6 18
6 21
6 25
6 31
6 32
6 43
6 53
6 60
6 81
6 90
6 96
7 80
8 2
8 18
8 19
8 21
8 25
8 31
8 43
8 46
8 60
8 81
8 87
8 96
9 0
9 2
9 6
9 8
9 10
9 12
9 16
9 18
9 19
9 21
9 25
9 28
9 31
9 32
9 43
9 44
9 46
9 47
9 51
9 53
9 60
9 62
9 63
9 70
9 75
9 81
9 82
9 83
9 86
9 87
9 90
9 91
9 93
9 94
9 96
9 98
9 106
9 109
9 110
12 0
12 10
12 16
12 32
12 63
12 91
13 0
13 1
13 10
13 12
13 16
13 21
13 26
13 29
13 32
13 33
13 40
13 41
13 45
13 48
13 54
13 55
13 63
13 69
13 75
13 77
13 79
13 82
13 83
13 89
13 90
13 91
13 101
13 102
13 105
13 107
13 111
13 112
13 113
13 114
14 0
14 1
14 10
14 12
14 16
14 21
14 26
14 29
14 32
14 33
14 40
14 45
14 48
14 55
14 63
14 69
14 75
14 77
14 79
14 82
14 83
14 89
14 90
14 91
14 101
14 102
14 105
14 109
14 112
14 113
14 114
15 3
15 10
15 26
15 40
15 41
15 45
15 48
15 55
15 58
15 65
15 69
15 78
15 79
15 83
15 91
15 97
15 102
15 104
15 107
15 111
15 114
16 10
17 2
17 8
17 18
17 19
17 21
17 25
17 31
17 32
17 43
17 44
17 46
17 51
17 52
17 60
17 80
17 81
17 87
17 95
17 96
17 99
17 103
17 106
19 46
19 81
20 2
20 7
20 18
20 19
20 25
20 44
20 46
20 52
20 60
20 64
20 80
20 81
20 87
20 95
20 96
20 99
20 108
22 7
22 18
22 19
22 46
22 80
22 81
22 95
22 108
23 0
23 3
23 5
23 10
23 16
23 26
23 32
23 40
23 41
23 45
23 48
23 54
23 55
23 58
23 65
23 69
23 77
23 78
23 79
23 83
23 89
23 91
23 97
23 101
23 102
23 104
23 105
23 107
23 111
23 112
23 114
24 7
24 11
24 46
24 59
24 76
24 80
24 88
24 108
25 18
25 60
26 48
26 55
26 69
26 83
26 102
27 7
27 11
27 24
27 34
27 46
27 59
27 66
27 76
27 80
27 88
27 108
28 0
28 2
28 6
28 8
28 10
28 12
28 16
28 18
28 19
28 21
28 25
28 31
28 32
28 43
28 46
28 47
28 53
28 60
28 62
28 63
28 75
28 81
28 82
28 83
28 86
28 87
28 90
28 91
28 93
28 94
28 96
28 109
28 110
29 0
29 10
29 16
29 32
29 55
29 63
29 77
29 83
29 91
30 11
30 59
30 66
30 80
30 88
30 108
31 18
31 60
33 0
33 10
33 16
33 29
33 32
33 55
33 63
33 77
33 79
33 83
33 89
33 91
33 101
34 7
34 11
34 46
34 59
34 80
34 108
35 2
35 8
35 17
35 18
35 19
35 21
35 25
35 31
35 32
35 43
35 44
35 46
35 51
35 52
35 53
35 60
35 68
35 80
35 81
35 87
35 90
35 95
35 96
35 98
35 99
35 103
35 106
36 0
36 10
36 12
36 16
36 18
36 21
36 29
36 31
36 32
36 33
36 53
36 55
36 60
36 63
36 75
36 77
36 79
36 82
36 83
36 84
36 89
36 90
36 91
36 92
36 101
36 109
37 2
37 8
37 17
37 18
37 19
37 21
37 25
37 31
37 32
37 43
37 44
37 46
37 51
37 52
37 60
37 68
37 80
37 81
37 87
37 95
37 96
37 99
37 103
37 106
38 0
38 2
38 6
38 10
38 12
38 16
38 18
38 19
38 21
38 25
38 29
38 31
38 32
38 43
38 46
38 47
38 53
38 55
38 60
38 61
38 62
38 63
38 75
38 77
38 81
38 82
38 83
38 84
38 86
38 87
38 90
38 91
38 94
38 96
38 109
38 110
39 0
39 1
39 3
39 5
39 10
39 16
39 26
39 32
39 40
39 41
39 45
39 48
39 54
39 55
39 58
39 63
39 65
39 69
39 77
39 79
39 83
39 89
39 91
39 97
39 101
39 102
39 105
39 107
39 111
39 112
39 114
40 10
40 48
40 55
40 69
40 79
40 83
40 91
40 102
40 114
41 26
41 45
41 48
41 55
41 69
41 83
41 91
41 102
41 107
41 111
42 7
42 11
42 34
42 46
42 59
42 76
42 80
42 81
42 88
42 95
42 100
42 108
43 2
43 18
43 21
43 31
43 60
44 18
44 19
44 46
44 60
44 81
45 48
45 102
47 2
47 10
47 16
47 18
47 21
47 25
47 31
47 32
47 43
47 53
47 60
47 63
47 75
47 90
47 91
49 0
49 1
49 3
49 5
49 10
49 12
49 16
49 23
49 26
49 29
49 32
49 33
49 39
49 40
49 41
49 45
49 48
49 54
49 55
49 58
49 63
49 65
49 69
49 77
49 78
49 79
49 83
49 89
49 91
49 97
49 101
49 102
49 104
49 105
49 107
49 111
49 112
49 113
49 114
50 2
50 18
50 19
50 21
50 25
50 31
50 43
50 44
50 46
50 51
50 52
50 60
50 68
50 80
50 81
50 87
50 95
50 96
50 99
50 103
51 2
51 18
51 19
51 21
51 25
51 31
51 43
51 46
51 60
51 81
51 87
51 96
52 18
52 19
52 25
52 44
52 46
52 60
52 80
52 81
52 87
52 95
52 96
53 18
53 21
53 31
53 32
53 60
53 90
54 0
54 10
54 16
54 26
54 40
54 45
54 48
54 55
54 69
54 79
54 83
54 91
54 101
54 102
54 105
54 111
54 114
56 7
56 11
56 24
56 34
56 46
56 59
56 76
56 80
56 88
56 108
57 7
57 11
57 24
57 27
57 34
57 46
57 56
57 59
57 66
57 76
57 80
57 88
57 100
57 108
58 102
58 107
59 11
59 80
59 108
61 0
61 2
61 6
61 10
61 12
61 16
61 18
61 19
61 21
61 25
61 31
61 32
61 43
61 46
61 47
61 53
61 55
61 60
61 62
61 63
61 75
61 77
61 81
61 82
61 83
61 86
61 87
61 90
61 91
61 94
61 96
61 109
61 110
62 0
62 2
62 10
62 12
62 16
62 18
62 21
62 25
62 31
62 32
62 43
62 47
62 53
62 60
62 63
62 75
62 82
62 90
62 91
63 10
63 32
64 7
64 18
64 19
64 46
64 60
64 80
64 81
64 95
65 102
65 107
66 11
66 80
66 88
66 108
67 2
67 7
67 18
67 19
67 25
67 44
67 46
67 52
67 60
67 64
67 80
67 81
67 87
67 95
67 96
67 99
67 103
68 2
68 18
68 19
68 25
68 31
68 44
68 46
68 52
68 60
68 80
68 81
68 87
68 95
68 96
68 99
68 103
69 48
70 0
70 2
70 6
70 8
70 10
70 12
70 16
70 18
70 19
70 21
70 25
70 31
70 32
70 43
70 44
70 46
70 47
70 51
70 53
70 60
70 62
70 63
70 75
70 81
70 82
70 83
70 86
70 87
70 90
70 91
70 93
70 94
70 96
70 98
70 106
70 109
70 110
71 0
71 2
71 10
71 12
71 16
71 18
71 21
71 25
71 29
71 31
71 32
71 43
71 53
71 55
71 60
71 63
71 75
71 77
71 82
71 83
71 84
71 90
71 91
71 94
71 109
72 0
72 1
72 3
72 5
72 10
72 12
72 15
72 16
72 21
72 23
72 26
72 29
72 32
72 33
72 39
72 40
72 41
72 45
72 48
72 49
72 54
72 55
72 58
72 63
72 65
72 69
72 75
72 77
72 78
72 79
72 82
72 83
72 89
72 91
72 97
72 101
72 102
72 104
72 105
72 107
72 111
72 112
72 113
72 114
73 0
73 2
73 6
73 8
73 10
73 12
73 16
73 18
73 19
73 21
73 25
73 31
73 32
73 43
73 44
73 46
73 47
73 51
73 52
73 53
73 60
73 62
73 63
73 70
73 75
73 80
73 81
73 82
73 83
73 86
73 87
73 90
73 91
73 93
73 94
73 95
73 96
73 98
73 106
73 109
73 110
74 7
74 11
74 59
74 66
74 80
74 88
74 108
75 10
75 16
75 21
75 32
75 63
75 91
76 7
76 11
76 59
76 80
76 108
77 0
77 10
77 16
77 32
77 83
77 91
78 3
78 10
78 26
78 41
78 45
78 48
78 55
78 58
78 65
78 69
78 83
78 91
78 97
78 102
78 107
78 111
78 114
79 10
79 55
79 83
79 91
82 0
82 10
82 12
82 16
82 32
82 63
82 91
84 0
84 10
84 12
84 16
84 18
84 21
84 29
84 31
84 32
84 53
84 55
84 60
84 63
84 75
84 77
84 82
84 83
84 90
84 91
84 109
85 0
85 2
85 10
85 12
85 16
85 18
85 21
85 25
85 29
85 31
85 32
85 33
85 36
85 40
85 43
85 48
85 53
85 55
85 60
85 63
85 69
85 71
85 75
85 77
85 79
85 82
85 83
85 84
85 89
85 90
85 91
85 92
85 94
85 101
85 102
85 105
85 109
85 112
85 114
86 0
86 2
86 10
86 12
86 16
86 18
86 21
86 25
86 31
86 32
86 43
86 47
86 53
86 60
86 63
86 75
86 82
86 83
86 90
86 91
86 94
86 109
87 18
87 60
87 81
88 11
88 80
88 108
89 0
89 10
89 16
89 55
89 83
89 91
90 21
90 32
92 0
92 10
92 12
92 16
92 18
92 21
92 29
92 31
92 32
92 53
92 55
92 60
92 63
92 75
92 77
92 82
92 83
92 84
92 89
92 90
92 91
92 109
93 2
93 6
93 8
93 10
93 16
93 18
93 19
93 21
93 25
93 31
93 32
93 43
93 46
93 53
93 60
93 63
93 81
93 87
93 90
93 96
94 0
94 2
94 10
94 12
94 16
94 18
94 21
94 31
94 32
94 43
94 53
94 60
94 63
94 75
94 82
94 83
94 90
94 91
95 46
95 81
96 18
96 25
96 60
96 81
98 2
98 8
98 18
98 19
98 21
98 25
98 31
98 32
98 43
98 44
98 46
98 51
98 53
98 60
98 81
98 87
98 90
98 96
98 106
99 18
99 19
99 44
99 46
99 60
99 80
99 81
99 95
100 7
100 11
100 34
100 46
100 59
100 76
100 80
100 88
100 108
101 0
101 10
101 16
101 55
101 79
101 83
101 91
103 2
103 18
103 19
103 25
103 44
103 46
103 52
103 60
103 80
103 81
103 87
103 95
103 96
103 99
104 97
104 102
104 107
105 10
105 48
105 55
105 69
105 79
105 83
105 91
105 114
106 2
106 18
106 19
106 21
106 25
106 31
106 43
106 46
106 51
106 60
106 81
106 87
106 96
107 102
109 0
109 10
109 12
109 16
109 21
109 32
109 63
109 75
109 82
109 83
109 90
109 91
110 2
110 6
110 10
110 16
110 18
110 19
110 21
110 25
110 31
110 32
110 43
110 46
110 53
110 60
110 63
110 81
110 87
110 90
110 96
111 26
111 45
111 48
111 55
111 69
111 83
111 102
112 0
112 10
112 16
112 32
112 48
112 55
112 77
112 79
112 83
112 89
112 91
112 101
113 0
113 10
113 12
113 16
113 26
113 29
113 32
113 33
113 40
113 48
113 55
113 63
113 69
113 77
113 79
113 83
113 89
113 91
113 101
113 102
113 105
113 112
113 114
114 10
114 48
114 55
114 69
114 83
114 91
