90 161
0 1 29 63
0 10 38 74
1 2 69 21
1 11 21 77
2 3 88 37
2 12 32 66
3 4 80 28
3 13 1 92
4 5 43 52
4 14 25 72
5 6 96 18
5 15 2 78
6 7 89 44
6 16 73 28
7 8 23 54
7 17 77 33
8 9 6 90
8 18 25 78
9 19 93 7
10 11 98 30
10 20 38 65
11 12 59 60
11 21 60 26
12 13 51 50
12 22 88 31
13 14 42 40
13 23 43 73
14 15 16 65
14 24 88 7
15 16 70 18
15 25 20 85
16 17 65 23
16 26 46 65
17 18 31 66
17 27 41 52
18 19 66 25
18 28 37 65
19 29 34 66
20 21 59 48
20 30 56 44
21 22 51 43
21 31 38 53
22 23 22 78
22 32 92 13
23 24 21 59
23 33 33 73
24 25 7 67
24 34 48 45
25 26 82 30
25 35 3 86
26 27 10 76
26 36 41 46
27 28 56 42
27 37 15 64
28 29 71 20
28 38 12 72
29 39 80 43
30 31 19 77
30 40 44 34
31 32 45 52
31 41 91 13
32 33 2 89
32 42 45 37
33 34 67 22
33 43 98 17
34 35 81 47
34 44 82 19
35 36 39 40
35 45 85 12
36 37 80 49
36 46 81 28
37 38 40 41
37 47 94 40
38 39 67 43
38 48 51 53
39 49 67 32
40 41 49 43
40 50 5 85
41 42 84 30
41 51 66 37
42 43 58 46
42 52 67 37
43 44 37 67
43 53 23 53
44 45 41 40
44 54 62 29
45 46 98 13
45 55 30 51
46 47 77 24
46 56 83 35
47 48 95 5
47 57 3 95
48 49 9 90
48 58 61 52
49 59 24 53
50 51 97 13
50 60 61 57
51 52 98 19
51 61 48 45
52 53 96 18
52 62 22 53
53 54 9 59
53 63 96 16
54 55 78 32
54 64 22 63
55 56 79 13
55 65 18 83
56 57 87 11
56 66 94 10
57 58 22 72
57 67 38 38
58 59 99 8
58 68 74 28
59 69 1 93
60 61 3 71
60 70 21 85
61 62 17 67
61 71 89 20
62 63 69 19
62 72 32 49
63 64 63 50
63 73 56 38
64 65 15 65
64 74 49 69
65 66 20 49
65 75 52 60
66 67 42 44
66 76 50 55
67 68 77 33
67 77 70 18
68 69 25 58
68 78 66 27
69 79 3 63
70 71 31 76
70 80 30 80
71 72 20 73
71 81 81 46
72 73 32 56
72 82 61 48
73 74 63 56
73 83 59 28
74 75 89 18
74 84 51 45
75 76 21 58
75 85 1 61
76 77 93 41
76 86 20 61
77 78 97 16
77 87 16 50
78 79 44 60
78 88 15 70
79 89 91 32
80 81 30 76
81 82 45 60
82 83 88 18
83 84 79 20
84 85 69 49
85 86 2 96
86 87 28 45
87 88 24 55
88 89 61 30
0 1
0 2
0 4
0 5
0 6
0 8
0 10
0 12
0 13
0 15
0 18
0 19
0 20
0 21
0 22
0 23
0 24
0 25
0 26
0 28
0 29
0 31
0 32
0 33
0 34
0 35
0 36
0 37
0 38
0 39
0 40
0 41
0 43
0 45
0 47
0 48
0 51
0 52
0 54
0 56
0 58
0 59
0 60
0 62
0 63
0 64
0 65
0 66
0 67
0 68
0 69
0 70
0 71
0 72
0 73
0 74
0 75
0 76
0 78
0 79
0 80
0 81
0 82
0 84
0 85
0 86
0 87
0 88
0 89
0 90
0 93
0 95
0 96
0 97
0 98
0 99
0 102
0 103
0 105
0 107
0 108
0 110
0 111
0 112
0 117
0 118
0 119
0 120
0 121
0 123
0 125
0 126
0 127
0 128
0 129
0 131
0 133
0 134
0 136
0 137
0 138
0 139
0 140
0 141
0 142
0 145
0 147
0 149
0 151
0 152
0 153
0 154
0 155
0 156
0 160
1 2
1 4
1 6
1 8
1 10
1 12
1 13
1 15
1 18
1 19
1 21
1 22
1 23
1 24
1 25
1 26
1 28
1 29
1 31
1 32
1 34
1 35
1 38
1 39
1 40
1 43
1 47
1 48
1 51
1 52
1 54
1 56
1 58
1 59
1 60
1 62
1 63
1 64
1 65
1 66
1 67
1 68
1 69
1 70
1 71
1 72
1 73
1 74
1 75
1 76
1 78
1 79
1 80
1 81
1 84
1 85
1 86
1 88
1 89
1 90
1 93
1 95
1 96
1 97
1 98
1 99
1 102
1 103
1 105
1 107
1 108
1 111
1 112
1 117
1 118
1 120
1 121
1 123
1 125
1 126
1 127
1 128
1 129
1 131
1 136
1 138
1 139
1 140
1 141
1 142
1 145
1 147
1 149
1 151
1 153
1 154
1 155
1 156
1 160
2 4
2 6
2 10
2 12
2 13
2 15
2 18
2 19
2 24
2 28
2 29
2 43
2 48
2 54
2 56
2 60
2 64
2 65
2 66
2 68
2 69
2 70
2 72
2 78
2 86
2 88
2 89
2 90
2 95
2 97
2 99
2 102
2 103
2 105
2 107
2 108
2 111
2 112
2 117
2 128
2 129
2 136
2 141
2 145
2 147
2 151
2 154
2 155
2 156
3 0
3 1
3 2
3 4
3 5
3 6
3 8
3 9
3 10
3 12
3 13
3 14
3 15
3 17
3 18
3 19
3 20
3 21
3 22
3 23
3 24
3 25
3 26
3 28
3 29
3 31
3 32
3 33
3 34
3 35
3 36
3 37
3 38
3 39
3 40
3 41
3 42
3 43
3 45
3 47
3 48
3 51
3 52
3 54
3 56
3 58
3 59
3 60
3 62
3 63
3 64
3 65
3 66
3 67
3 68
3 69
3 70
3 71
3 72
3 73
3 74
3 75
3 76
3 78
3 79
3 80
3 81
3 82
3 83
3 84
3 85
3 86
3 87
3 88
3 89
3 90
3 93
3 94
3 95
3 96
3 97
3 98
3 99
3 100
3 102
3 103
3 104
3 105
3 107
3 108
3 109
3 110
3 111
3 112
3 115
3 117
3 118
3 119
3 120
3 121
3 123
3 125
3 126
3 127
3 128
3 129
3 130
3 131
3 133
3 134
3 136
3 137
3 138
3 139
3 140
3 141
3 142
3 145
3 147
3 149
3 151
3 152
3 153
3 154
3 155
3 156
3 158
3 159
3 160
4 10
4 12
4 18
4 19
4 43
4 60
4 64
4 72
4 86
4 90
4 95
4 97
4 99
4 102
4 108
4 111
4 117
4 141
4 145
4 147
4 151
5 1
5 2
5 4
5 6
5 8
5 10
5 12
5 13
5 15
5 18
5 19
5 20
5 21
5 22
5 23
5 24
5 25
5 26
5 28
5 29
5 31
5 32
5 34
5 35
5 36
5 37
5 38
5 39
5 40
5 41
5 43
5 45
5 47
5 48
5 51
5 52
5 54
5 56
5 58
5 59
5 60
5 62
5 63
5 64
5 65
5 66
5 67
5 68
5 69
5 70
5 71
5 72
5 73
5 74
5 75
5 76
5 78
5 79
5 80
5 81
5 82
5 84
5 85
5 86
5 88
5 89
5 90
5 93
5 95
5 96
5 97
5 98
5 99
5 102
5 103
5 105
5 107
5 108
5 110
5 111
5 112
5 117
5 118
5 120
5 121
5 123
5 125
5 126
5 127
5 128
5 129
5 131
5 136
5 138
5 139
5 140
5 141
5 142
5 145
5 147
5 149
5 151
5 153
5 154
5 155
5 156
5 160
6 4
6 10
6 12
6 18
6 19
6 24
6 28
6 43
6 48
6 56
6 60
6 64
6 65
6 66
6 68
6 69
6 70
6 72
6 78
6 86
6 89
6 90
6 95
6 97
6 99
6 102
6 107
6 108
6 111
6 117
6 136
6 141
6 145
6 147
6 151
6 154
7 0
7 1
7 2
7 3
7 4
7 5
7 6
7 8
7 9
7 10
7 11
7 12
7 13
7 14
7 15
7 16
7 17
7 18
7 19
7 20
7 21
7 22
7 23
7 24
7 25
7 26
7 27
7 28
7 29
7 30
7 31
7 32
7 33
7 34
7 35
7 36
7 37
7 38
7 39
7 40
7 41
7 42
7 43
7 44
7 45
7 46
7 47
7 48
7 49
7 50
7 51
7 52
7 53
7 54
7 55
7 56
7 57
7 58
7 59
7 60
7 61
7 62
7 63
7 64
7 65
7 66
7 67
7 68
7 69
7 70
7 71
7 72
7 73
7 74
7 75
7 76
7 77
7 78
7 79
7 80
7 81
7 82
7 83
7 84
7 85
7 86
7 87
7 88
7 89
7 90
7 91
7 92
7 93
7 94
7 95
7 96
7 97
7 98
7 99
7 100
7 101
7 102
7 103
7 104
7 105
7 106
7 107
7 108
7 109
7 110
7 111
7 112
7 113
7 114
7 115
7 116
7 117
7 118
7 119
7 120
7 121
7 122
7 123
7 124
7 125
7 126
7 127
7 128
7 129
7 130
7 131
7 132
7 133
7 134
7 135
7 136
7 137
7 138
7 139
7 140
7 141
7 142
7 143
7 145
7 146
7 147
7 148
7 149
7 150
7 151
7 152
7 153
7 154
7 155
7 156
7 157
7 158
7 159
7 160
8 2
8 4
8 6
8 10
8 12
8 13
8 15
8 18
8 19
8 21
8 22
8 23
8 24
8 26
8 28
8 29
8 31
8 32
8 35
8 38
8 39
8 40
8 43
8 47
8 48
8 52
8 54
8 56
8 58
8 59
8 60
8 62
8 63
8 64
8 65
8 66
8 68
8 69
8 70
8 72
8 73
8 74
8 75
8 76
8 78
8 79
8 80
8 81
8 85
8 86
8 88
8 89
8 90
8 93
8 95
8 96
8 97
8 98
8 99
8 102
8 103
8 105
8 107
8 108
8 111
8 112
8 117
8 118
8 120
8 121
8 123
8 125
8 127
8 128
8 129
8 131
8 136
8 138
8 139
8 140
8 141
8 142
8 145
8 147
8 149
8 151
8 153
8 154
8 155
8 156
8 160
9 0
9 1
9 2
9 4
9 5
9 6
9 8
9 10
9 12
9 13
9 15
9 17
9 18
9 19
9 20
9 21
9 22
9 23
9 24
9 25
9 26
9 28
9 29
9 31
9 32
9 33
9 34
9 35
9 36
9 37
9 38
9 39
9 40
9 41
9 43
9 45
9 47
9 48
9 51
9 52
9 54
9 56
9 58
9 59
9 60
9 62
9 63
9 64
9 65
9 66
9 67
9 68
9 69
9 70
9 71
9 72
9 73
9 74
9 75
9 76
9 78
9 79
9 80
9 81
9 82
9 84
9 85
9 86
9 87
9 88
9 89
9 90
9 93
9 95
9 96
9 97
9 98
9 99
9 102
9 103
9 105
9 107
9 108
9 110
9 111
9 112
9 117
9 118
9 119
9 120
9 121
9 123
9 125
9 126
9 127
9 128
9 129
9 131
9 133
9 134
9 136
9 137
9 138
9 139
9 140
9 141
9 142
9 145
9 147
9 149
9 151
9 152
9 153
9 154
9 155
9 156
9 158
9 160
10 19
10 64
10 86
10 95
10 97
10 111
10 147
11 0
11 1
11 2
11 3
11 4
11 5
11 6
11 8
11 9
11 10
11 12
11 13
11 14
11 15
11 16
11 17
11 18
11 19
11 20
11 21
11 22
11 23
11 24
11 25
11 26
11 27
11 28
11 29
11 30
11 31
11 32
11 33
11 34
11 35
11 36
11 37
11 38
11 39
11 40
11 41
11 42
11 43
11 44
11 45
11 46
11 47
11 48
11 49
11 50
11 51
11 52
11 53
11 54
11 55
11 56
11 57
11 58
11 59
11 60
11 61
11 62
11 63
11 64
11 65
11 66
11 67
11 68
11 69
11 70
11 71
11 72
11 73
11 74
11 75
11 76
11 77
11 78
11 79
11 80
11 81
11 82
11 83
11 84
11 85
11 86
11 87
11 88
11 89
11 90
11 91
11 92
11 93
11 94
11 95
11 96
11 97
11 98
11 99
11 100
11 101
11 102
11 103
11 104
11 105
11 106
11 107
11 108
11 109
11 110
11 111
11 112
11 114
11 115
11 116
11 117
11 118
11 119
11 120
11 121
11 122
11 123
11 124
11 125
11 126
11 127
11 128
11 129
11 130
11 131
11 132
11 133
11 134
11 135
11 136
11 137
11 138
11 139
11 140
11 141
11 142
11 143
11 145
11 146
11 147
11 148
11 149
11 150
11 151
11 152
11 153
11 154
11 155
11 156
11 157
11 158
11 159
11 160
12 10
12 18
12 19
12 43
12 60
12 64
12 72
12 86
12 90
12 95
12 97
12 99
12 102
12 108
12 111
12 145
12 147
12 151
13 4
13 6
13 10
13 12
13 15
13 18
13 19
13 24
13 28
13 43
13 48
13 56
13 60
13 64
13 65
13 66
13 68
13 69
13 70
13 72
13 78
13 86
13 88
13 89
13 90
13 95
13 97
13 99
13 102
13 103
13 105
13 107
13 108
13 111
13 112
13 117
13 128
13 136
13 141
13 145
13 147
13 151
13 154
13 155
14 0
14 1
14 2
14 4
14 5
14 6
14 8
14 9
14 10
14 12
14 13
14 15
14 17
14 18
14 19
14 20
14 21
14 22
14 23
14 24
14 25
14 26
14 28
14 29
14 31
14 32
14 33
14 34
14 35
14 36
14 37
14 38
14 39
14 40
14 41
14 43
14 45
14 47
14 48
14 51
14 52
14 54
14 56
14 58
14 59
14 60
14 62
14 63
14 64
14 65
14 66
14 67
14 68
14 69
14 70
14 71
14 72
14 73
14 74
14 75
14 76
14 78
14 79
14 80
14 81
14 82
14 84
14 85
14 86
14 87
14 88
14 89
14 90
14 93
14 94
14 95
14 96
14 97
14 98
14 99
14 102
14 103
14 105
14 107
14 108
14 110
14 111
14 112
14 117
14 118
14 119
14 120
14 121
14 123
14 125
14 126
14 127
14 128
14 129
14 130
14 131
14 133
14 134
14 136
14 137
14 138
14 139
14 140
14 141
14 142
14 145
14 147
14 149
14 151
14 152
14 153
14 154
14 155
14 156
14 158
14 159
14 160
15 4
15 6
15 10
15 12
15 18
15 19
15 24
15 28
15 43
15 48
15 56
15 60
15 64
15 65
15 66
15 68
15 69
15 70
15 72
15 78
15 86
15 89
15 90
15 95
15 97
15 99
15 102
15 103
15 105
15 107
15 108
15 111
15 117
15 136
15 141
15 145
15 147
15 151
15 154
15 155
16 0
16 1
16 2
16 3
16 4
16 5
16 6
16 8
16 9
16 10
16 12
16 13
16 14
16 15
16 17
16 18
16 19
16 20
16 21
16 22
16 23
16 24
16 25
16 26
16 27
16 28
16 29
16 30
16 31
16 32
16 33
16 34
16 35
16 36
16 37
16 38
16 39
16 40
16 41
16 42
16 43
16 44
16 45
16 46
16 47
16 48
16 50
16 51
16 52
16 53
16 54
16 55
16 56
16 57
16 58
16 59
16 60
16 62
16 63
16 64
16 65
16 66
16 67
16 68
16 69
16 70
16 71
16 72
16 73
16 74
16 75
16 76
16 78
16 79
16 80
16 81
16 82
16 83
16 84
16 85
16 86
16 87
16 88
16 89
16 90
16 92
16 93
16 94
16 95
16 96
16 97
16 98
16 99
16 100
16 101
16 102
16 103
16 104
16 105
16 106
16 107
16 108
16 109
16 110
16 111
16 112
16 115
16 116
16 117
16 118
16 119
16 120
16 121
16 122
16 123
16 124
16 125
16 126
16 127
16 128
16 129
16 130
16 131
16 133
16 134
16 135
16 136
16 137
16 138
16 139
16 140
16 141
16 142
16 143
16 145
16 146
16 147
16 148
16 149
16 150
16 151
16 152
16 153
16 154
16 155
16 156
16 158
16 159
16 160
17 0
17 1
17 2
17 4
17 5
17 6
17 8
17 10
17 12
17 13
17 15
17 18
17 19
17 20
17 21
17 22
17 23
17 24
17 25
17 26
17 28
17 29
17 31
17 32
17 33
17 34
17 35
17 36
17 37
17 38
17 39
17 40
17 41
17 43
17 45
17 47
17 48
17 51
17 52
17 54
17 56
17 58
17 59
17 60
17 62
17 63
17 64
17 65
17 66
17 67
17 68
17 69
17 70
17 71
17 72
17 73
17 74
17 75
17 76
17 78
17 79
17 80
17 81
17 82
17 84
17 85
17 86
17 87
17 88
17 89
17 90
17 93
17 95
17 96
17 97
17 98
17 99
17 102
17 103
17 105
17 107
17 108
17 110
17 111
17 112
17 117
17 118
17 119
17 120
17 121
17 123
17 125
17 126
17 127
17 128
17 129
17 131
17 133
17 134
17 136
17 137
17 138
17 139
17 140
17 141
17 142
17 145
17 147
17 149
17 151
17 152
17 153
17 154
17 155
17 156
17 158
17 160
18 10
18 19
18 64
18 72
18 86
18 90
18 95
18 97
18 99
18 102
18 108
18 111
18 145
18 147
19 111
20 1
20 2
20 4
20 6
20 8
20 10
20 12
20 13
20 15
20 18
20 19
20 21
20 22
20 23
20 24
20 25
20 26
20 28
20 29
20 31
20 32
20 34
20 35
20 38
20 39
20 40
20 43
20 47
20 48
20 51
20 52
20 54
20 56
20 58
20 59
20 60
20 62
20 63
20 64
20 65
20 66
20 67
20 68
20 69
20 70
20 71
20 72
20 73
20 74
20 75
20 76
20 78
20 79
20 80
20 81
20 84
20 85
20 86
20 88
20 89
20 90
20 93
20 95
20 96
20 97
20 98
20 99
20 102
20 103
20 105
20 107
20 108
20 111
20 112
20 117
20 118
20 120
20 121
20 123
20 125
20 126
20 127
20 128
20 129
20 131
20 136
20 138
20 139
20 140
20 141
20 142
20 145
20 147
20 149
20 151
20 153
20 154
20 155
20 156
20 160
21 2
21 4
21 6
21 10
21 12
21 13
21 15
21 18
21 19
21 22
21 24
21 28
21 29
21 31
21 35
21 43
21 48
21 54
21 56
21 60
21 63
21 64
21 65
21 66
21 68
21 69
21 70
21 72
21 73
21 75
21 78
21 79
21 81
21 85
21 86
21 88
21 89
21 90
21 93
21 95
21 96
21 97
21 99
21 102
21 103
21 105
21 107
21 108
21 111
21 112
21 117
21 118
21 120
21 128
21 129
21 131
21 136
21 138
21 139
21 141
21 145
21 147
21 151
21 154
21 155
21 156
21 160
22 2
22 4
22 6
22 10
22 12
22 13
22 15
22 18
22 19
22 24
22 28
22 29
22 31
22 35
22 43
22 48
22 54
22 56
22 60
22 63
22 64
22 65
22 66
22 68
22 69
22 70
22 72
22 73
22 75
22 78
22 79
22 81
22 85
22 86
22 88
22 89
22 90
22 93
22 95
22 96
22 97
22 99
22 102
22 103
22 105
22 107
22 108
22 111
22 112
22 117
22 118
22 120
22 128
22 129
22 131
22 136
22 138
22 139
22 141
22 145
22 147
22 151
22 154
22 155
22 156
22 160
23 2
23 4
23 6
23 10
23 12
23 13
23 15
23 18
23 19
23 21
23 22
23 24
23 28
23 29
23 31
23 35
23 38
23 39
23 43
23 48
23 52
23 54
23 56
23 60
23 63
23 64
23 65
23 66
23 68
23 69
23 70
23 72
23 73
23 74
23 75
23 78
23 79
23 80
23 81
23 85
23 86
23 88
23 89
23 90
23 93
23 95
23 96
23 97
23 99
23 102
23 103
23 105
23 107
23 108
23 111
23 112
23 117
23 118
23 120
23 121
23 125
23 128
23 129
23 131
23 136
23 138
23 139
23 140
23 141
23 145
23 147
23 151
23 154
23 155
23 156
23 160
24 4
24 10
24 12
24 18
24 19
24 43
24 60
24 64
24 72
24 86
24 90
24 95
24 97
24 99
24 102
24 108
24 111
24 117
24 141
24 145
24 147
24 151
25 2
25 4
25 6
25 8
25 10
25 12
25 13
25 15
25 18
25 19
25 21
25 22
25 23
25 24
25 26
25 28
25 29
25 31
25 32
25 35
25 38
25 39
25 40
25 43
25 47
25 48
25 52
25 54
25 56
25 58
25 59
25 60
25 62
25 63
25 64
25 65
25 66
25 68
25 69
25 70
25 72
25 73
25 74
25 75
25 76
25 78
25 79
25 80
25 81
25 85
25 86
25 88
25 89
25 90
25 93
25 95
25 96
25 97
25 98
25 99
25 102
25 103
25 105
25 107
25 108
25 111
25 112
25 117
25 118
25 120
25 121
25 123
25 125
25 126
25 127
25 128
25 129
25 131
25 136
25 138
25 139
25 140
25 141
25 142
25 145
25 147
25 149
25 151
25 153
25 154
25 155
25 156
25 160
26 2
26 4
26 6
26 10
26 12
26 13
26 15
26 18
26 19
26 21
26 22
26 23
26 24
26 28
26 29
26 31
26 32
26 35
26 38
26 39
26 40
26 43
26 47
26 48
26 52
26 54
26 56
26 58
26 59
26 60
26 62
26 63
26 64
26 65
26 66
26 68
26 69
26 70
26 72
26 73
26 74
26 75
26 76
26 78
26 79
26 80
26 81
26 85
26 86
26 88
26 89
26 90
26 93
26 95
26 96
26 97
26 98
26 99
26 102
26 103
26 105
26 107
26 108
26 111
26 112
26 117
26 118
26 120
26 121
26 123
26 125
26 127
26 128
26 129
26 131
26 136
26 138
26 139
26 140
26 141
26 142
26 145
26 147
26 149
26 151
26 153
26 154
26 155
26 156
26 160
27 0
27 1
27 2
27 3
27 4
27 5
27 6
27 8
27 9
27 10
27 12
27 13
27 14
27 15
27 17
27 18
27 19
27 20
27 21
27 22
27 23
27 24
27 25
27 26
27 28
27 29
27 30
27 31
27 32
27 33
27 34
27 35
27 36
27 37
27 38
27 39
27 40
27 41
27 42
27 43
27 44
27 45
27 47
27 48
27 51
27 52
27 54
27 56
27 57
27 58
27 59
27 60
27 62
27 63
27 64
27 65
27 66
27 67
27 68
27 69
27 70
27 71
27 72
27 73
27 74
27 75
27 76
27 78
27 79
27 80
27 81
27 82
27 83
27 84
27 85
27 86
27 87
27 88
27 89
27 90
27 93
27 94
27 95
27 96
27 97
27 98
27 99
27 100
27 102
27 103
27 104
27 105
27 106
27 107
27 108
27 109
27 110
27 111
27 112
27 115
27 116
27 117
27 118
27 119
27 120
27 121
27 123
27 124
27 125
27 126
27 127
27 128
27 129
27 130
27 131
27 133
27 134
27 135
27 136
27 137
27 138
27 139
27 140
27 141
27 142
27 143
27 145
27 146
27 147
27 149
27 151
27 152
27 153
27 154
27 155
27 156
27 158
27 159
27 160
28 4
28 10
28 12
28 18
28 19
28 24
28 43
28 60
28 64
28 72
28 86
28 90
28 95
28 97
28 99
28 102
28 108
28 111
28 117
28 141
28 145
28 147
28 151
28 154
29 4
29 6
29 10
29 12
29 13
29 15
29 18
29 19
29 24
29 28
29 43
29 48
29 54
29 56
29 60
29 64
29 65
29 66
29 68
29 69
29 70
29 72
29 78
29 86
29 88
29 89
29 90
29 95
29 97
29 99
29 102
29 103
29 105
29 107
29 108
29 111
29 112
29 117
29 128
29 136
29 141
29 145
29 147
29 151
29 154
29 155
30 0
30 1
30 2
30 3
30 4
30 5
30 6
30 8
30 9
30 10
30 12
30 13
30 14
30 15
30 17
30 18
30 19
30 20
30 21
30 22
30 23
30 24
30 25
30 26
30 28
30 29
30 31
30 32
30 33
30 34
30 35
30 36
30 37
30 38
30 39
30 40
30 41
30 42
30 43
30 44
30 45
30 47
30 48
30 51
30 52
30 54
30 56
30 58
30 59
30 60
30 62
30 63
30 64
30 65
30 66
30 67
30 68
30 69
30 70
30 71
30 72
30 73
30 74
30 75
30 76
30 78
30 79
30 80
30 81
30 82
30 83
30 84
30 85
30 86
30 87
30 88
30 89
30 90
30 93
30 94
30 95
30 96
30 97
30 98
30 99
30 100
30 102
30 103
30 104
30 105
30 107
30 108
30 109
30 110
30 111
30 112
30 115
30 117
30 118
30 119
30 120
30 121
30 123
30 125
30 126
30 127
30 128
30 129
30 130
30 131
30 133
30 134
30 136
30 137
30 138
30 139
30 140
30 141
30 142
30 143
30 145
30 147
30 149
30 151
30 152
30 153
30 154
30 155
30 156
30 158
30 159
30 160
31 2
31 4
31 6
31 10
31 12
31 13
31 15
31 18
31 19
31 24
31 28
31 29
31 35
31 43
31 48
31 54
31 56
31 60
31 63
31 64
31 65
31 66
31 68
31 69
31 70
31 72
31 73
31 75
31 78
31 79
31 81
31 86
31 88
31 89
31 90
31 95
31 97
31 99
31 102
31 103
31 105
31 107
31 108
31 111
31 112
31 117
31 118
31 128
31 129
31 131
31 136
31 141
31 145
31 147
31 151
31 154
31 155
31 156
32 2
32 4
32 6
32 10
32 12
32 13
32 15
32 18
32 19
32 21
32 22
32 23
32 24
32 28
32 29
32 31
32 35
32 38
32 39
32 40
32 43
32 47
32 48
32 52
32 54
32 56
32 60
32 63
32 64
32 65
32 66
32 68
32 69
32 70
32 72
32 73
32 74
32 75
32 76
32 78
32 79
32 80
32 81
32 85
32 86
32 88
32 89
32 90
32 93
32 95
32 96
32 97
32 98
32 99
32 102
32 103
32 105
32 107
32 108
32 111
32 112
32 117
32 118
32 120
32 121
32 123
32 125
32 127
32 128
32 129
32 131
32 136
32 138
32 139
32 140
32 141
32 142
32 145
32 147
32 151
32 154
32 155
32 156
32 160
33 1
33 2
33 4
33 5
33 6
33 8
33 10
33 12
33 13
33 15
33 18
33 19
33 20
33 21
33 22
33 23
33 24
33 25
33 26
33 28
33 29
33 31
33 32
33 34
33 35
33 36
33 37
33 38
33 39
33 40
33 41
33 43
33 45
33 47
33 48
33 51
33 52
33 54
33 56
33 58
33 59
33 60
33 62
33 63
33 64
33 65
33 66
33 67
33 68
33 69
33 70
33 71
33 72
33 73
33 74
33 75
33 76
33 78
33 79
33 80
33 81
33 82
33 84
33 85
33 86
33 88
33 89
33 90
33 93
33 95
33 96
33 97
33 98
33 99
33 102
33 103
33 105
33 107
33 108
33 110
33 111
33 112
33 117
33 118
33 119
33 120
33 121
33 123
33 125
33 126
33 127
33 128
33 129
33 131
33 133
33 136
33 137
33 138
33 139
33 140
33 141
33 142
33 145
33 147
33 149
33 151
33 153
33 154
33 155
33 156
33 160
34 2
34 4
34 6
34 8
34 10
34 12
34 13
34 15
34 18
34 19
34 21
34 22
34 23
34 24
34 25
34 26
34 28
34 29
34 31
34 32
34 35
34 38
34 39
34 40
34 43
34 47
34 48
34 52
34 54
34 56
34 58
34 59
34 60
34 62
34 63
34 64
34 65
34 66
34 68
34 69
34 70
34 72
34 73
34 74
34 75
34 76
34 78
34 79
34 80
34 81
34 85
34 86
34 88
34 89
34 90
34 93
34 95
34 96
34 97
34 98
34 99
34 102
34 103
34 105
34 107
34 108
34 111
34 112
34 117
34 118
34 120
34 121
34 123
34 125
34 126
34 127
34 128
34 129
34 131
34 136
34 138
34 139
34 140
34 141
34 142
34 145
34 147
34 149
34 151
34 153
34 154
34 155
34 156
34 160
35 2
35 4
35 6
35 10
35 12
35 13
35 15
35 18
35 19
35 24
35 28
35 29
35 43
35 48
35 54
35 56
35 60
35 63
35 64
35 65
35 66
35 68
35 69
35 70
35 72
35 73
35 75
35 78
35 79
35 81
35 86
35 88
35 89
35 90
35 95
35 97
35 99
35 102
35 103
35 105
35 107
35 108
35 111
35 112
35 117
35 118
35 128
35 129
35 131
35 136
35 141
35 145
35 147
35 151
35 154
35 155
35 156
36 1
36 2
36 4
36 6
36 8
36 10
36 12
36 13
36 15
36 18
36 19
36 20
36 21
36 22
36 23
36 24
36 25
36 26
36 28
36 29
36 31
36 32
36 34
36 35
36 38
36 39
36 40
36 41
36 43
36 47
36 48
36 51
36 52
36 54
36 56
36 58
36 59
36 60
36 62
36 63
36 64
36 65
36 66
36 67
36 68
36 69
36 70
36 71
36 72
36 73
36 74
36 75
36 76
36 78
36 79
36 80
36 81
36 82
36 84
36 85
36 86
36 88
36 89
36 90
36 93
36 95
36 96
36 97
36 98
36 99
36 102
36 103
36 105
36 107
36 108
36 110
36 111
36 112
36 117
36 118
36 120
36 121
36 123
36 125
36 126
36 127
36 128
36 129
36 131
36 136
36 138
36 139
36 140
36 141
36 142
36 145
36 147
36 149
36 151
36 153
36 154
36 155
36 156
36 160
37 1
37 2
37 4
37 6
37 8
37 10
37 12
37 13
37 15
37 18
37 19
37 20
37 21
37 22
37 23
37 24
37 25
37 26
37 28
37 29
37 31
37 32
37 34
37 35
37 36
37 38
37 39
37 40
37 41
37 43
37 47
37 48
37 51
37 52
37 54
37 56
37 58
37 59
37 60
37 62
37 63
37 64
37 65
37 66
37 67
37 68
37 69
37 70
37 71
37 72
37 73
37 74
37 75
37 76
37 78
37 79
37 80
37 81
37 82
37 84
37 85
37 86
37 88
37 89
37 90
37 93
37 95
37 96
37 97
37 98
37 99
37 102
37 103
37 105
37 107
37 108
37 110
37 111
37 112
37 117
37 118
37 120
37 121
37 123
37 125
37 126
37 127
37 128
37 129
37 131
37 136
37 138
37 139
37 140
37 141
37 142
37 145
37 147
37 149
37 151
37 153
37 154
37 155
37 156
37 160
38 2
38 4
38 6
38 10
38 12
38 13
38 15
38 18
38 19
38 21
38 22
38 24
38 28
38 29
38 31
38 35
38 43
38 48
38 54
38 56
38 60
38 63
38 64
38 65
38 66
38 68
38 69
38 70
38 72
38 73
38 75
38 78
38 79
38 81
38 85
38 86
38 88
38 89
38 90
38 93
38 95
38 96
38 97
38 99
38 102
38 103
38 105
38 107
38 108
38 111
38 112
38 117
38 118
38 120
38 128
38 129
38 131
38 136
38 138
38 139
38 141
38 145
38 147
38 151
38 154
38 155
38 156
38 160
39 2
39 4
39 6
39 10
39 12
39 13
39 15
39 18
39 19
39 21
39 22
39 24
39 28
39 29
39 31
39 35
39 38
39 43
39 48
39 54
39 56
39 60
39 63
39 64
39 65
39 66
39 68
39 69
39 70
39 72
39 73
39 75
39 78
39 79
39 80
39 81
39 85
39 86
39 88
39 89
39 90
39 93
39 95
39 96
39 97
39 99
39 102
39 103
39 105
39 107
39 108
39 111
39 112
39 117
39 118
39 120
39 128
39 129
39 131
39 136
39 138
39 139
39 140
39 141
39 145
39 147
39 151
39 154
39 155
39 156
39 160
40 2
40 4
40 6
40 10
40 12
40 13
40 15
40 18
40 19
40 21
40 22
40 23
40 24
40 28
40 29
40 31
40 35
40 38
40 39
40 43
40 48
40 52
40 54
40 56
40 60
40 63
40 64
40 65
40 66
40 68
40 69
40 70
40 72
40 73
40 74
40 75
40 78
40 79
40 80
40 81
40 85
40 86
40 88
40 89
40 90
40 93
40 95
40 96
40 97
40 99
40 102
40 103
40 105
40 107
40 108
40 111
40 112
40 117
40 118
40 120
40 121
40 125
40 128
40 129
40 131
40 136
40 138
40 139
40 140
40 141
40 142
40 145
40 147
40 151
40 154
40 155
40 156
40 160
41 1
41 2
41 4
41 6
41 8
41 10
41 12
41 13
41 15
41 18
41 19
41 20
41 21
41 22
41 23
41 24
41 25
41 26
41 28
41 29
41 31
41 32
41 34
41 35
41 38
41 39
41 40
41 43
41 47
41 48
41 51
41 52
41 54
41 56
41 58
41 59
41 60
41 62
41 63
41 64
41 65
41 66
41 67
41 68
41 69
41 70
41 71
41 72
41 73
41 74
41 75
41 76
41 78
41 79
41 80
41 81
41 84
41 85
41 86
41 88
41 89
41 90
41 93
41 95
41 96
41 97
41 98
41 99
41 102
41 103
41 105
41 107
41 108
41 111
41 112
41 117
41 118
41 120
41 121
41 123
41 125
41 126
41 127
41 128
41 129
41 131
41 136
41 138
41 139
41 140
41 141
41 142
41 145
41 147
41 149
41 151
41 153
41 154
41 155
41 156
41 160
42 0
42 1
42 2
42 4
42 5
42 6
42 8
42 9
42 10
42 12
42 13
42 14
42 15
42 17
42 18
42 19
42 20
42 21
42 22
42 23
42 24
42 25
42 26
42 28
42 29
42 31
42 32
42 33
42 34
42 35
42 36
42 37
42 38
42 39
42 40
42 41
42 43
42 45
42 47
42 48
42 51
42 52
42 54
42 56
42 58
42 59
42 60
42 62
42 63
42 64
42 65
42 66
42 67
42 68
42 69
42 70
42 71
42 72
42 73
42 74
42 75
42 76
42 78
42 79
42 80
42 81
42 82
42 83
42 84
42 85
42 86
42 87
42 88
42 89
42 90
42 93
42 94
42 95
42 96
42 97
42 98
42 99
42 102
42 103
42 105
42 107
42 108
42 110
42 111
42 112
42 117
42 118
42 119
42 120
42 121
42 123
42 125
42 126
42 127
42 128
42 129
42 130
42 131
42 133
42 134
42 136
42 137
42 138
42 139
42 140
42 141
42 142
42 145
42 147
42 149
42 151
42 152
42 153
42 154
42 155
42 156
42 158
42 159
42 160
43 10
43 18
43 19
43 64
43 72
43 86
43 90
43 95
43 97
43 99
43 102
43 108
43 111
43 145
43 147
44 0
44 1
44 2
44 3
44 4
44 5
44 6
44 8
44 9
44 10
44 12
44 13
44 14
44 15
44 17
44 18
44 19
44 20
44 21
44 22
44 23
44 24
44 25
44 26
44 28
44 29
44 31
44 32
44 33
44 34
44 35
44 36
44 37
44 38
44 39
44 40
44 41
44 42
44 43
44 45
44 47
44 48
44 51
44 52
44 54
44 56
44 58
44 59
44 60
44 62
44 63
44 64
44 65
44 66
44 67
44 68
44 69
44 70
44 71
44 72
44 73
44 74
44 75
44 76
44 78
44 79
44 80
44 81
44 82
44 83
44 84
44 85
44 86
44 87
44 88
44 89
44 90
44 93
44 94
44 95
44 96
44 97
44 98
44 99
44 100
44 102
44 103
44 104
44 105
44 107
44 108
44 109
44 110
44 111
44 112
44 115
44 117
44 118
44 119
44 120
44 121
44 123
44 125
44 126
44 127
44 128
44 129
44 130
44 131
44 133
44 134
44 136
44 137
44 138
44 139
44 140
44 141
44 142
44 145
44 147
44 149
44 151
44 152
44 153
44 154
44 155
44 156
44 158
44 159
44 160
45 1
45 2
45 4
45 6
45 8
45 10
45 12
45 13
45 15
45 18
45 19
45 20
45 21
45 22
45 23
45 24
45 25
45 26
45 28
45 29
45 31
45 32
45 34
45 35
45 36
45 37
45 38
45 39
45 40
45 41
45 43
45 47
45 48
45 51
45 52
45 54
45 56
45 58
45 59
45 60
45 62
45 63
45 64
45 65
45 66
45 67
45 68
45 69
45 70
45 71
45 72
45 73
45 74
45 75
45 76
45 78
45 79
45 80
45 81
45 82
45 84
45 85
45 86
45 88
45 89
45 90
45 93
45 95
45 96
45 97
45 98
45 99
45 102
45 103
45 105
45 107
45 108
45 110
45 111
45 112
45 117
45 118
45 120
45 121
45 123
45 125
45 126
45 127
45 128
45 129
45 131
45 136
45 138
45 139
45 140
45 141
45 142
45 145
45 147
45 149
45 151
45 153
45 154
45 155
45 156
45 160
46 0
46 1
46 2
46 3
46 4
46 5
46 6
46 8
46 9
46 10
46 12
46 13
46 14
46 15
46 17
46 18
46 19
46 20
46 21
46 22
46 23
46 24
46 25
46 26
46 27
46 28
46 29
46 30
46 31
46 32
46 33
46 34
46 35
46 36
46 37
46 38
46 39
46 40
46 41
46 42
46 43
46 44
46 45
46 47
46 48
46 50
46 51
46 52
46 53
46 54
46 55
46 56
46 57
46 58
46 59
46 60
46 62
46 63
46 64
46 65
46 66
46 67
46 68
46 69
46 70
46 71
46 72
46 73
46 74
46 75
46 76
46 78
46 79
46 80
46 81
46 82
46 83
46 84
46 85
46 86
46 87
46 88
46 89
46 90
46 92
46 93
46 94
46 95
46 96
46 97
46 98
46 99
46 100
46 101
46 102
46 103
46 104
46 105
46 106
46 107
46 108
46 109
46 110
46 111
46 112
46 115
46 116
46 117
46 118
46 119
46 120
46 121
46 122
46 123
46 124
46 125
46 126
46 127
46 128
46 129
46 130
46 131
46 133
46 134
46 135
46 136
46 137
46 138
46 139
46 140
46 141
46 142
46 143
46 145
46 146
46 147
46 148
46 149
46 150
46 151
46 152
46 153
46 154
46 155
46 156
46 158
46 159
46 160
47 2
47 4
47 6
47 10
47 12
47 13
47 15
47 18
47 19
47 21
47 22
47 23
47 24
47 28
47 29
47 31
47 35
47 38
47 39
47 40
47 43
47 48
47 52
47 54
47 56
47 60
47 63
47 64
47 65
47 66
47 68
47 69
47 70
47 72
47 73
47 74
47 75
47 76
47 78
47 79
47 80
47 81
47 85
47 86
47 88
47 89
47 90
47 93
47 95
47 96
47 97
47 99
47 102
47 103
47 105
47 107
47 108
47 111
47 112
47 117
47 118
47 120
47 121
47 123
47 125
47 127
47 128
47 129
47 131
47 136
47 138
47 139
47 140
47 141
47 142
47 145
47 147
47 151
47 154
47 155
47 156
47 160
48 4
48 10
48 12
48 18
48 19
48 24
48 28
48 43
48 60
48 64
48 68
48 72
48 78
48 86
48 89
48 90
48 95
48 97
48 99
48 102
48 107
48 108
48 111
48 117
48 141
48 145
48 147
48 151
48 154
49 0
49 1
49 2
49 3
49 4
49 5
49 6
49 8
49 9
49 10
49 12
49 13
49 14
49 15
49 16
49 17
49 18
49 19
49 20
49 21
49 22
49 23
49 24
49 25
49 26
49 27
49 28
49 29
49 30
49 31
49 32
49 33
49 34
49 35
49 36
49 37
49 38
49 39
49 40
49 41
49 42
49 43
49 44
49 45
49 46
49 47
49 48
49 50
49 51
49 52
49 53
49 54
49 55
49 56
49 57
49 58
49 59
49 60
49 62
49 63
49 64
49 65
49 66
49 67
49 68
49 69
49 70
49 71
49 72
49 73
49 74
49 75
49 76
49 77
49 78
49 79
49 80
49 81
49 82
49 83
49 84
49 85
49 86
49 87
49 88
49 89
49 90
49 91
49 92
49 93
49 94
49 95
49 96
49 97
49 98
49 99
49 100
49 101
49 102
49 103
49 104
49 105
49 106
49 107
49 108
49 109
49 110
49 111
49 112
49 115
49 116
49 117
49 118
49 119
49 120
49 121
49 122
49 123
49 124
49 125
49 126
49 127
49 128
49 129
49 130
49 131
49 133
49 134
49 135
49 136
49 137
49 138
49 139
49 140
49 141
49 142
49 143
49 145
49 146
49 147
49 148
49 149
49 150
49 151
49 152
49 153
49 154
49 155
49 156
49 158
49 159
49 160
50 0
50 1
50 2
50 3
50 4
50 5
50 6
50 8
50 9
50 10
50 12
50 13
50 14
50 15
50 17
50 18
50 19
50 20
50 21
50 22
50 23
50 24
50 25
50 26
50 27
50 28
50 29
50 30
50 31
50 32
50 33
50 34
50 35
50 36
50 37
50 38
50 39
50 40
50 41
50 42
50 43
50 44
50 45
50 47
50 48
50 51
50 52
50 53
50 54
50 55
50 56
50 57
50 58
50 59
50 60
50 62
50 63
50 64
50 65
50 66
50 67
50 68
50 69
50 70
50 71
50 72
50 73
50 74
50 75
50 76
50 78
50 79
50 80
50 81
50 82
50 83
50 84
50 85
50 86
50 87
50 88
50 89
50 90
50 93
50 94
50 95
50 96
50 97
50 98
50 99
50 100
50 102
50 103
50 104
50 105
50 106
50 107
50 108
50 109
50 110
50 111
50 112
50 115
50 116
50 117
50 118
50 119
50 120
50 121
50 122
50 123
50 124
50 125
50 126
50 127
50 128
50 129
50 130
50 131
50 133
50 134
50 135
50 136
50 137
50 138
50 139
50 140
50 141
50 142
50 143
50 145
50 146
50 147
50 148
50 149
50 150
50 151
50 152
50 153
50 154
50 155
50 156
50 158
50 159
50 160
51 2
51 4
51 6
51 8
51 10
51 12
51 13
51 15
51 18
51 19
51 21
51 22
51 23
51 24
51 25
51 26
51 28
51 29
51 31
51 32
51 34
51 35
51 38
51 39
51 40
51 43
51 47
51 48
51 52
51 54
51 56
51 58
51 59
51 60
51 62
51 63
51 64
51 65
51 66
51 68
51 69
51 70
51 72
51 73
51 74
51 75
51 76
51 78
51 79
51 80
51 81
51 85
51 86
51 88
51 89
51 90
51 93
51 95
51 96
51 97
51 98
51 99
51 102
51 103
51 105
51 107
51 108
51 111
51 112
51 117
51 118
51 120
51 121
51 123
51 125
51 126
51 127
51 128
51 129
51 131
51 136
51 138
51 139
51 140
51 141
51 142
51 145
51 147
51 149
51 151
51 153
51 154
51 155
51 156
51 160
52 2
52 4
52 6
52 10
52 12
52 13
52 15
52 18
52 19
52 21
52 22
52 24
52 28
52 29
52 31
52 35
52 38
52 39
52 43
52 48
52 54
52 56
52 60
52 63
52 64
52 65
52 66
52 68
52 69
52 70
52 72
52 73
52 75
52 78
52 79
52 80
52 81
52 85
52 86
52 88
52 89
52 90
52 93
52 95
52 96
52 97
52 99
52 102
52 103
52 105
52 107
52 108
52 111
52 112
52 117
52 118
52 120
52 128
52 129
52 131
52 136
52 138
52 139
52 140
52 141
52 145
52 147
52 151
52 154
52 155
52 156
52 160
53 0
53 1
53 2
53 3
53 4
53 5
53 6
53 8
53 9
53 10
53 12
53 13
53 14
53 15
53 17
53 18
53 19
53 20
53 21
53 22
53 23
53 24
53 25
53 26
53 27
53 28
53 29
53 30
53 31
53 32
53 33
53 34
53 35
53 36
53 37
53 38
53 39
53 40
53 41
53 42
53 43
53 44
53 45
53 47
53 48
53 51
53 52
53 54
53 56
53 57
53 58
53 59
53 60
53 62
53 63
53 64
53 65
53 66
53 67
53 68
53 69
53 70
53 71
53 72
53 73
53 74
53 75
53 76
53 78
53 79
53 80
53 81
53 82
53 83
53 84
53 85
53 86
53 87
53 88
53 89
53 90
53 93
53 94
53 95
53 96
53 97
53 98
53 99
53 100
53 102
53 103
53 104
53 105
53 106
53 107
53 108
53 109
53 110
53 111
53 112
53 115
53 116
53 117
53 118
53 119
53 120
53 121
53 122
53 123
53 124
53 125
53 126
53 127
53 128
53 129
53 130
53 131
53 133
53 134
53 135
53 136
53 137
53 138
53 139
53 140
53 141
53 142
53 143
53 145
53 146
53 147
53 148
53 149
53 150
53 151
53 152
53 153
53 154
53 155
53 156
53 158
53 159
53 160
54 4
54 6
54 10
54 12
54 13
54 15
54 18
54 19
54 24
54 28
54 43
54 48
54 56
54 60
54 64
54 65
54 66
54 68
54 69
54 70
54 72
54 78
54 86
54 88
54 89
54 90
54 95
54 97
54 99
54 102
54 103
54 105
54 107
54 108
54 111
54 112
54 117
54 128
54 136
54 141
54 145
54 147
54 151
54 154
54 155
55 0
55 1
55 2
55 3
55 4
55 5
55 6
55 8
55 9
55 10
55 12
55 13
55 14
55 15
55 17
55 18
55 19
55 20
55 21
55 22
55 23
55 24
55 25
55 26
55 27
55 28
55 29
55 30
55 31
55 32
55 33
55 34
55 35
55 36
55 37
55 38
55 39
55 40
55 41
55 42
55 43
55 44
55 45
55 47
55 48
55 51
55 52
55 53
55 54
55 56
55 57
55 58
55 59
55 60
55 62
55 63
55 64
55 65
55 66
55 67
55 68
55 69
55 70
55 71
55 72
55 73
55 74
55 75
55 76
55 78
55 79
55 80
55 81
55 82
55 83
55 84
55 85
55 86
55 87
55 88
55 89
55 90
55 93
55 94
55 95
55 96
55 97
55 98
55 99
55 100
55 102
55 103
55 104
55 105
55 106
55 107
55 108
55 109
55 110
55 111
55 112
55 115
55 116
55 117
55 118
55 119
55 120
55 121
55 122
55 123
55 124
55 125
55 126
55 127
55 128
55 129
55 130
55 131
55 133
55 134
55 135
55 136
55 137
55 138
55 139
55 140
55 141
55 142
55 143
55 145
55 146
55 147
55 148
55 149
55 150
55 151
55 152
55 153
55 154
55 155
55 156
55 158
55 159
55 160
56 4
56 10
56 12
56 18
56 19
56 24
56 28
56 43
56 48
56 60
56 64
56 65
56 66
56 68
56 69
56 70
56 72
56 78
56 86
56 89
56 90
56 95
56 97
56 99
56 102
56 107
56 108
56 111
56 117
56 136
56 141
56 145
56 147
56 151
56 154
57 0
57 1
57 2
57 3
57 4
57 5
57 6
57 8
57 9
57 10
57 12
57 13
57 14
57 15
57 17
57 18
57 19
57 20
57 21
57 22
57 23
57 24
57 25
57 26
57 28
57 29
57 30
57 31
57 32
57 33
57 34
57 35
57 36
57 37
57 38
57 39
57 40
57 41
57 42
57 43
57 44
57 45
57 47
57 48
57 51
57 52
57 54
57 56
57 58
57 59
57 60
57 62
57 63
57 64
57 65
57 66
57 67
57 68
57 69
57 70
57 71
57 72
57 73
57 74
57 75
57 76
57 78
57 79
57 80
57 81
57 82
57 83
57 84
57 85
57 86
57 87
57 88
57 89
57 90
57 93
57 94
57 95
57 96
57 97
57 98
57 99
57 100
57 102
57 103
57 104
57 105
57 107
57 108
57 109
57 110
57 111
57 112
57 115
57 117
57 118
57 119
57 120
57 121
57 123
57 124
57 125
57 126
57 127
57 128
57 129
57 130
57 131
57 133
57 134
57 135
57 136
57 137
57 138
57 139
57 140
57 141
57 142
57 143
57 145
57 146
57 147
57 149
57 151
57 152
57 153
57 154
57 155
57 156
57 158
57 159
57 160
58 2
58 4
58 6
58 10
58 12
58 13
58 15
58 18
58 19
58 21
58 22
58 23
58 24
58 28
58 29
58 31
58 32
58 35
58 38
58 39
58 40
58 43
58 47
58 48
58 52
58 54
58 56
58 59
58 60
58 62
58 63
58 64
58 65
58 66
58 68
58 69
58 70
58 72
58 73
58 74
58 75
58 76
58 78
58 79
58 80
58 81
58 85
58 86
58 88
58 89
58 90
58 93
58 95
58 96
58 97
58 98
58 99
58 102
58 103
58 105
58 107
58 108
58 111
58 112
58 117
58 118
58 120
58 121
58 123
58 125
58 127
58 128
58 129
58 131
58 136
58 138
58 139
58 140
58 141
58 142
58 145
58 147
58 149
58 151
58 153
58 154
58 155
58 156
58 160
59 2
59 4
59 6
59 10
59 12
59 13
59 15
59 18
59 19
59 21
59 22
59 23
59 24
59 28
59 29
59 31
59 32
59 35
59 38
59 39
59 40
59 43
59 47
59 48
59 52
59 54
59 56
59 60
59 63
59 64
59 65
59 66
59 68
59 69
59 70
59 72
59 73
59 74
59 75
59 76
59 78
59 79
59 80
59 81
59 85
59 86
59 88
59 89
59 90
59 93
59 95
59 96
59 97
59 98
59 99
59 102
59 103
59 105
59 107
59 108
59 111
59 112
59 117
59 118
59 120
59 121
59 123
59 125
59 127
59 128
59 129
59 131
59 136
59 138
59 139
59 140
59 141
59 142
59 145
59 147
59 151
59 153
59 154
59 155
59 156
59 160
60 10
60 18
60 19
60 43
60 64
60 72
60 86
60 90
60 95
60 97
60 99
60 102
60 108
60 111
60 145
60 147
60 151
61 0
61 1
61 2
61 3
61 4
61 5
61 6
61 8
61 9
61 10
61 12
61 13
61 14
61 15
61 16
61 17
61 18
61 19
61 20
61 21
61 22
61 23
61 24
61 25
61 26
61 27
61 28
61 29
61 30
61 31
61 32
61 33
61 34
61 35
61 36
61 37
61 38
61 39
61 40
61 41
61 42
61 43
61 44
61 45
61 46
61 47
61 48
61 49
61 50
61 51
61 52
61 53
61 54
61 55
61 56
61 57
61 58
61 59
61 60
61 62
61 63
61 64
61 65
61 66
61 67
61 68
61 69
61 70
61 71
61 72
61 73
61 74
61 75
61 76
61 77
61 78
61 79
61 80
61 81
61 82
61 83
61 84
61 85
61 86
61 87
61 88
61 89
61 90
61 91
61 92
61 93
61 94
61 95
61 96
61 97
61 98
61 99
61 100
61 101
61 102
61 103
61 104
61 105
61 106
61 107
61 108
61 109
61 110
61 111
61 112
61 114
61 115
61 116
61 117
61 118
61 119
61 120
61 121
61 122
61 123
61 124
61 125
61 126
61 127
61 128
61 129
61 130
61 131
61 132
61 133
61 134
61 135
61 136
61 137
61 138
61 139
61 140
61 141
61 142
61 143
61 145
61 146
61 147
61 148
61 149
61 150
61 151
61 152
61 153
61 154
61 155
61 156
61 157
61 158
61 159
61 160
62 2
62 4
62 6
62 10
62 12
62 13
62 15
62 18
62 19
62 21
62 22
62 23
62 24
62 28
62 29
62 31
62 32
62 35
62 38
62 39
62 40
62 43
62 47
62 48
62 52
62 54
62 56
62 59
62 60
62 63
62 64
62 65
62 66
62 68
62 69
62 70
62 72
62 73
62 74
62 75
62 76
62 78
62 79
62 80
62 81
62 85
62 86
62 88
62 89
62 90
62 93
62 95
62 96
62 97
62 98
62 99
62 102
62 103
62 105
62 107
62 108
62 111
62 112
62 117
62 118
62 120
62 121
62 123
62 125
62 127
62 128
62 129
62 131
62 136
62 138
62 139
62 140
62 141
62 142
62 145
62 147
62 151
62 153
62 154
62 155
62 156
62 160
63 2
63 4
63 6
63 10
63 12
63 13
63 15
63 18
63 19
63 24
63 28
63 29
63 43
63 48
63 54
63 56
63 60
63 64
63 65
63 66
63 68
63 69
63 70
63 72
63 73
63 75
63 78
63 81
63 86
63 88
63 89
63 90
63 95
63 97
63 99
63 102
63 103
63 105
63 107
63 108
63 111
63 112
63 117
63 118
63 128
63 129
63 136
63 141
63 145
63 147
63 151
63 154
63 155
63 156
64 19
64 97
64 111
65 4
65 10
65 12
65 18
65 19
65 24
65 28
65 43
65 48
65 60
65 64
65 66
65 68
65 72
65 78
65 86
65 89
65 90
65 95
65 97
65 99
65 102
65 107
65 108
65 111
65 117
65 141
65 145
65 147
65 151
65 154
66 4
66 10
66 12
66 18
66 19
66 24
66 28
66 43
66 48
66 60
66 64
66 68
66 72
66 78
66 86
66 89
66 90
66 95
66 97
66 99
66 102
66 107
66 108
66 111
66 117
66 141
66 145
66 147
66 151
66 154
67 2
67 4
67 6
67 8
67 10
67 12
67 13
67 15
67 18
67 19
67 21
67 22
67 23
67 24
67 25
67 26
67 28
67 29
67 31
67 32
67 34
67 35
67 38
67 39
67 40
67 43
67 47
67 48
67 51
67 52
67 54
67 56
67 58
67 59
67 60
67 62
67 63
67 64
67 65
67 66
67 68
67 69
67 70
67 71
67 72
67 73
67 74
67 75
67 76
67 78
67 79
67 80
67 81
67 84
67 85
67 86
67 88
67 89
67 90
67 93
67 95
67 96
67 97
67 98
67 99
67 102
67 103
67 105
67 107
67 108
67 111
67 112
67 117
67 118
67 120
67 121
67 123
67 125
67 126
67 127
67 128
67 129
67 131
67 136
67 138
67 139
67 140
67 141
67 142
67 145
67 147
67 149
67 151
67 153
67 154
67 155
67 156
67 160
68 4
68 10
68 12
68 18
68 19
68 24
68 28
68 43
68 60
68 64
68 72
68 86
68 90
68 95
68 97
68 99
68 102
68 107
68 108
68 111
68 117
68 141
68 145
68 147
68 151
68 154
69 4
69 10
69 12
69 18
69 19
69 24
69 28
69 43
69 48
69 60
69 64
69 65
69 66
69 68
69 70
69 72
69 78
69 86
69 89
69 90
69 95
69 97
69 99
69 102
69 107
69 108
69 111
69 117
69 136
69 141
69 145
69 147
69 151
69 154
70 4
70 10
70 12
70 18
70 19
70 24
70 28
70 43
70 48
70 60
70 64
70 65
70 66
70 68
70 72
70 78
70 86
70 89
70 90
70 95
70 97
70 99
70 102
70 107
70 108
70 111
70 117
70 136
70 141
70 145
70 147
70 151
70 154
71 2
71 4
71 6
71 8
71 10
71 12
71 13
71 15
71 18
71 19
71 21
71 22
71 23
71 24
71 25
71 26
71 28
71 29
71 31
71 32
71 34
71 35
71 38
71 39
71 40
71 43
71 47
71 48
71 51
71 52
71 54
71 56
71 58
71 59
71 60
71 62
71 63
71 64
71 65
71 66
71 68
71 69
71 70
71 72
71 73
71 74
71 75
71 76
71 78
71 79
71 80
71 81
71 84
71 85
71 86
71 88
71 89
71 90
71 93
71 95
71 96
71 97
71 98
71 99
71 102
71 103
71 105
71 107
71 108
71 111
71 112
71 117
71 118
71 120
71 121
71 123
71 125
71 126
71 127
71 128
71 129
71 131
71 136
71 138
71 139
71 140
71 141
71 142
71 145
71 147
71 149
71 151
71 153
71 154
71 155
71 156
71 160
72 10
72 19
72 64
72 86
72 90
72 95
72 97
72 99
72 102
72 111
72 147
73 2
73 4
73 6
73 10
73 12
73 13
73 15
73 18
73 19
73 24
73 28
73 29
73 43
73 48
73 54
73 56
73 60
73 64
73 65
73 66
73 68
73 69
73 70
73 72
73 78
73 86
73 88
73 89
73 90
73 95
73 97
73 99
73 102
73 103
73 105
73 107
73 108
73 111
73 112
73 117
73 118
73 128
73 129
73 136
73 141
73 145
73 147
73 151
73 154
73 155
73 156
74 2
74 4
74 6
74 10
74 12
74 13
74 15
74 18
74 19
74 21
74 22
74 24
74 28
74 29
74 31
74 35
74 38
74 39
74 43
74 48
74 52
74 54
74 56
74 60
74 63
74 64
74 65
74 66
74 68
74 69
74 70
74 72
74 73
74 75
74 78
74 79
74 80
74 81
74 85
74 86
74 88
74 89
74 90
74 93
74 95
74 96
74 97
74 99
74 102
74 103
74 105
74 107
74 108
74 111
74 112
74 117
74 118
74 120
74 121
74 125
74 128
74 129
74 131
74 136
74 138
74 139
74 140
74 141
74 145
74 147
74 151
74 154
74 155
74 156
74 160
75 2
75 4
75 6
75 10
75 12
75 13
75 15
75 18
75 19
75 24
75 28
75 29
75 43
75 48
75 54
75 56
75 60
75 64
75 65
75 66
75 68
75 69
75 70
75 72
75 73
75 78
75 81
75 86
75 88
75 89
75 90
75 95
75 97
75 99
75 102
75 103
75 105
75 107
75 108
75 111
75 112
75 117
75 118
75 128
75 129
75 136
75 141
75 145
75 147
75 151
75 154
75 155
75 156
76 2
76 4
76 6
76 10
76 12
76 13
76 15
76 18
76 19
76 21
76 22
76 23
76 24
76 28
76 29
76 31
76 35
76 38
76 39
76 40
76 43
76 48
76 52
76 54
76 56
76 60
76 63
76 64
76 65
76 66
76 68
76 69
76 70
76 72
76 73
76 74
76 75
76 78
76 79
76 80
76 81
76 85
76 86
76 88
76 89
76 90
76 93
76 95
76 96
76 97
76 99
76 102
76 103
76 105
76 107
76 108
76 111
76 112
76 117
76 118
76 120
76 121
76 123
76 125
76 127
76 128
76 129
76 131
76 136
76 138
76 139
76 140
76 141
76 142
76 145
76 147
76 151
76 154
76 155
76 156
76 160
77 0
77 1
77 2
77 3
77 4
77 5
77 6
77 8
77 9
77 10
77 12
77 13
77 14
77 15
77 16
77 17
77 18
77 19
77 20
77 21
77 22
77 23
77 24
77 25
77 26
77 27
77 28
77 29
77 30
77 31
77 32
77 33
77 34
77 35
77 36
77 37
77 38
77 39
77 40
77 41
77 42
77 43
77 44
77 45
77 46
77 47
77 48
77 50
77 51
77 52
77 53
77 54
77 55
77 56
77 57
77 58
77 59
77 60
77 62
77 63
77 64
77 65
77 66
77 67
77 68
77 69
77 70
77 71
77 72
77 73
77 74
77 75
77 76
77 78
77 79
77 80
77 81
77 82
77 83
77 84
77 85
77 86
77 87
77 88
77 89
77 90
77 92
77 93
77 94
77 95
77 96
77 97
77 98
77 99
77 100
77 101
77 102
77 103
77 104
77 105
77 106
77 107
77 108
77 109
77 110
77 111
77 112
77 115
77 116
77 117
77 118
77 119
77 120
77 121
77 122
77 123
77 124
77 125
77 126
77 127
77 128
77 129
77 130
77 131
77 133
77 134
77 135
77 136
77 137
77 138
77 139
77 140
77 141
77 142
77 143
77 145
77 146
77 147
77 148
77 149
77 150
77 151
77 152
77 153
77 154
77 155
77 156
77 158
77 159
77 160
78 4
78 10
78 12
78 18
78 19
78 24
78 28
78 43
78 60
78 64
78 68
78 72
78 86
78 90
78 95
78 97
78 99
78 102
78 107
78 108
78 111
78 117
78 141
78 145
78 147
78 151
78 154
79 2
79 4
79 6
79 10
79 12
79 13
79 15
79 18
79 19
79 24
79 28
79 29
79 43
79 48
79 54
79 56
79 60
79 63
79 64
79 65
79 66
79 68
79 69
79 70
79 72
79 73
79 75
79 78
79 81
79 86
79 88
79 89
79 90
79 95
79 97
79 99
79 102
79 103
79 105
79 107
79 108
79 111
79 112
79 117
79 118
79 128
79 129
79 136
79 141
79 145
79 147
79 151
79 154
79 155
79 156
80 2
80 4
80 6
80 10
80 12
80 13
80 15
80 18
80 19
80 21
80 22
80 24
80 28
80 29
80 31
80 35
80 38
80 43
80 48
80 54
80 56
80 60
80 63
80 64
80 65
80 66
80 68
80 69
80 70
80 72
80 73
80 75
80 78
80 79
80 81
80 85
80 86
80 88
80 89
80 90
80 93
80 95
80 96
80 97
80 99
80 102
80 103
80 105
80 107
80 108
80 111
80 112
80 117
80 118
80 120
80 128
80 129
80 131
80 136
80 138
80 139
80 140
80 141
80 145
80 147
80 151
80 154
80 155
80 156
80 160
81 2
81 4
81 6
81 10
81 12
81 13
81 15
81 18
81 19
81 24
81 28
81 29
81 43
81 48
81 54
81 56
81 60
81 64
81 65
81 66
81 68
81 69
81 70
81 72
81 73
81 78
81 86
81 88
81 89
81 90
81 95
81 97
81 99
81 102
81 103
81 105
81 107
81 108
81 111
81 112
81 117
81 118
81 128
81 129
81 136
81 141
81 145
81 147
81 151
81 154
81 155
81 156
82 1
82 2
82 4
82 6
82 8
82 10
82 12
82 13
82 15
82 18
82 19
82 20
82 21
82 22
82 23
82 24
82 25
82 26
82 28
82 29
82 31
82 32
82 34
82 35
82 38
82 39
82 40
82 41
82 43
82 47
82 48
82 51
82 52
82 54
82 56
82 58
82 59
82 60
82 62
82 63
82 64
82 65
82 66
82 67
82 68
82 69
82 70
82 71
82 72
82 73
82 74
82 75
82 76
82 78
82 79
82 80
82 81
82 84
82 85
82 86
82 88
82 89
82 90
82 93
82 95
82 96
82 97
82 98
82 99
82 102
82 103
82 105
82 107
82 108
82 110
82 111
82 112
82 117
82 118
82 120
82 121
82 123
82 125
82 126
82 127
82 128
82 129
82 131
82 136
82 138
82 139
82 140
82 141
82 142
82 145
82 147
82 149
82 151
82 153
82 154
82 155
82 156
82 160
83 0
83 1
83 2
83 4
83 5
83 6
83 8
83 9
83 10
83 12
83 13
83 14
83 15
83 17
83 18
83 19
83 20
83 21
83 22
83 23
83 24
83 25
83 26
83 28
83 29
83 31
83 32
83 33
83 34
83 35
83 36
83 37
83 38
83 39
83 40
83 41
83 43
83 45
83 47
83 48
83 51
83 52
83 54
83 56
83 58
83 59
83 60
83 62
83 63
83 64
83 65
83 66
83 67
83 68
83 69
83 70
83 71
83 72
83 73
83 74
83 75
83 76
83 78
83 79
83 80
83 81
83 82
83 84
83 85
83 86
83 87
83 88
83 89
83 90
83 93
83 94
83 95
83 96
83 97
83 98
83 99
83 102
83 103
83 105
83 107
83 108
83 110
83 111
83 112
83 117
83 118
83 119
83 120
83 121
83 123
83 125
83 126
83 127
83 128
83 129
83 130
83 131
83 133
83 134
83 136
83 137
83 138
83 139
83 140
83 141
83 142
83 145
83 147
83 149
83 151
83 152
83 153
83 154
83 155
83 156
83 158
83 159
83 160
84 2
84 4
84 6
84 8
84 10
84 12
84 13
84 15
84 18
84 19
84 21
84 22
84 23
84 24
84 25
84 26
84 28
84 29
84 31
84 32
84 34
84 35
84 38
84 39
84 40
84 43
84 47
84 48
84 51
84 52
84 54
84 56
84 58
84 59
84 60
84 62
84 63
84 64
84 65
84 66
84 68
84 69
84 70
84 72
84 73
84 74
84 75
84 76
84 78
84 79
84 80
84 81
84 85
84 86
84 88
84 89
84 90
84 93
84 95
84 96
84 97
84 98
84 99
84 102
84 103
84 105
84 107
84 108
84 111
84 112
84 117
84 118
84 120
84 121
84 123
84 125
84 126
84 127
84 128
84 129
84 131
84 136
84 138
84 139
84 140
84 141
84 142
84 145
84 147
84 149
84 151
84 153
84 154
84 155
84 156
84 160
85 2
85 4
85 6
85 10
85 12
85 13
85 15
85 18
85 19
85 24
85 28
85 29
85 31
85 35
85 43
85 48
85 54
85 56
85 60
85 63
85 64
85 65
85 66
85 68
85 69
85 70
85 72
85 73
85 75
85 78
85 79
85 81
85 86
85 88
85 89
85 90
85 95
85 97
85 99
85 102
85 103
85 105
85 107
85 108
85 111
85 112
85 117
85 118
85 120
85 128
85 129
85 131
85 136
85 139
85 141
85 145
85 147
85 151
85 154
85 155
85 156
86 19
86 64
86 97
86 111
87 1
87 2
87 4
87 5
87 6
87 8
87 10
87 12
87 13
87 15
87 18
87 19
87 20
87 21
87 22
87 23
87 24
87 25
87 26
87 28
87 29
87 31
87 32
87 33
87 34
87 35
87 36
87 37
87 38
87 39
87 40
87 41
87 43
87 45
87 47
87 48
87 51
87 52
87 54
87 56
87 58
87 59
87 60
87 62
87 63
87 64
87 65
87 66
87 67
87 68
87 69
87 70
87 71
87 72
87 73
87 74
87 75
87 76
87 78
87 79
87 80
87 81
87 82
87 84
87 85
87 86
87 88
87 89
87 90
87 93
87 95
87 96
87 97
87 98
87 99
87 102
87 103
87 105
87 107
87 108
87 110
87 111
87 112
87 117
87 118
87 119
87 120
87 121
87 123
87 125
87 126
87 127
87 128
87 129
87 131
87 133
87 134
87 136
87 137
87 138
87 139
87 140
87 141
87 142
87 145
87 147
87 149
87 151
87 152
87 153
87 154
87 155
87 156
87 160
88 4
88 6
88 10
88 12
88 15
88 18
88 19
88 24
88 28
88 43
88 48
88 56
88 60
88 64
88 65
88 66
88 68
88 69
88 70
88 72
88 78
88 86
88 89
88 90
88 95
88 97
88 99
88 102
88 103
88 105
88 107
88 108
88 111
88 117
88 128
88 136
88 141
88 145
88 147
88 151
88 154
88 155
89 4
89 10
89 12
89 18
89 19
89 24
89 28
89 43
89 60
89 64
89 68
89 72
89 78
89 86
89 90
89 95
89 97
89 99
89 102
89 107
89 108
89 111
89 117
89 141
89 145
89 147
89 151
89 154
90 10
90 19
90 64
90 86
90 95
90 97
90 99
90 102
90 111
90 147
91 0
91 1
91 2
91 3
91 4
91 5
91 6
91 8
91 9
91 10
91 12
91 13
91 14
91 15
91 16
91 17
91 18
91 19
91 20
91 21
91 22
91 23
91 24
91 25
91 26
91 27
91 28
91 29
91 30
91 31
91 32
91 33
91 34
91 35
91 36
91 37
91 38
91 39
91 40
91 41
91 42
91 43
91 44
91 45
91 46
91 47
91 48
91 50
91 51
91 52
91 53
91 54
91 55
91 56
91 57
91 58
91 59
91 60
91 62
91 63
91 64
91 65
91 66
91 67
91 68
91 69
91 70
91 71
91 72
91 73
91 74
91 75
91 76
91 77
91 78
91 79
91 80
91 81
91 82
91 83
91 84
91 85
91 86
91 87
91 88
91 89
91 90
91 92
91 93
91 94
91 95
91 96
91 97
91 98
91 99
91 100
91 101
91 102
91 103
91 104
91 105
91 106
91 107
91 108
91 109
91 110
91 111
91 112
91 115
91 116
91 117
91 118
91 119
91 120
91 121
91 122
91 123
91 124
91 125
91 126
91 127
91 128
91 129
91 130
91 131
91 133
91 134
91 135
91 136
91 137
91 138
91 139
91 140
91 141
91 142
91 143
91 145
91 146
91 147
91 148
91 149
91 150
91 151
91 152
91 153
91 154
91 155
91 156
91 158
91 159
91 160
92 0
92 1
92 2
92 3
92 4
92 5
92 6
92 8
92 9
92 10
92 12
92 13
92 14
92 15
92 17
92 18
92 19
92 20
92 21
92 22
92 23
92 24
92 25
92 26
92 27
92 28
92 29
92 30
92 31
92 32
92 33
92 34
92 35
92 36
92 37
92 38
92 39
92 40
92 41
92 42
92 43
92 44
92 45
92 47
92 48
92 50
92 51
92 52
92 53
92 54
92 55
92 56
92 57
92 58
92 59
92 60
92 62
92 63
92 64
92 65
92 66
92 67
92 68
92 69
92 70
92 71
92 72
92 73
92 74
92 75
92 76
92 78
92 79
92 80
92 81
92 82
92 83
92 84
92 85
92 86
92 87
92 88
92 89
92 90
92 93
92 94
92 95
92 96
92 97
92 98
92 99
92 100
92 102
92 103
92 104
92 105
92 106
92 107
92 108
92 109
92 110
92 111
92 112
92 115
92 116
92 117
92 118
92 119
92 120
92 121
92 122
92 123
92 124
92 125
92 126
92 127
92 128
92 129
92 130
92 131
92 133
92 134
92 135
92 136
92 137
92 138
92 139
92 140
92 141
92 142
92 143
92 145
92 146
92 147
92 148
92 149
92 150
92 151
92 152
92 153
92 154
92 155
92 156
92 158
92 159
92 160
93 2
93 4
93 6
93 10
93 12
93 13
93 15
93 18
93 19
93 24
93 28
93 29
93 31
93 35
93 43
93 48
93 54
93 56
93 60
93 63
93 64
93 65
93 66
93 68
93 69
93 70
93 72
93 73
93 75
93 78
93 79
93 81
93 85
93 86
93 88
93 89
93 90
93 95
93 96
93 97
93 99
93 102
93 103
93 105
93 107
93 108
93 111
93 112
93 117
93 118
93 120
93 128
93 129
93 131
93 136
93 139
93 141
93 145
93 147
93 151
93 154
93 155
93 156
94 0
94 1
94 2
94 4
94 5
94 6
94 8
94 9
94 10
94 12
94 13
94 15
94 17
94 18
94 19
94 20
94 21
94 22
94 23
94 24
94 25
94 26
94 28
94 29
94 31
94 32
94 33
94 34
94 35
94 36
94 37
94 38
94 39
94 40
94 41
94 43
94 45
94 47
94 48
94 51
94 52
94 54
94 56
94 58
94 59
94 60
94 62
94 63
94 64
94 65
94 66
94 67
94 68
94 69
94 70
94 71
94 72
94 73
94 74
94 75
94 76
94 78
94 79
94 80
94 81
94 82
94 84
94 85
94 86
94 87
94 88
94 89
94 90
94 93
94 95
94 96
94 97
94 98
94 99
94 102
94 103
94 105
94 107
94 108
94 110
94 111
94 112
94 117
94 118
94 119
94 120
94 121
94 123
94 125
94 126
94 127
94 128
94 129
94 130
94 131
94 133
94 134
94 136
94 137
94 138
94 139
94 140
94 141
94 142
94 145
94 147
94 149
94 151
94 152
94 153
94 154
94 155
94 156
94 158
94 159
94 160
95 19
95 64
95 86
95 97
95 111
95 147
96 2
96 4
96 6
96 10
96 12
96 13
96 15
96 18
96 19
96 24
96 28
96 29
96 31
96 35
96 43
96 48
96 54
96 56
96 60
96 63
96 64
96 65
96 66
96 68
96 69
96 70
96 72
96 73
96 75
96 78
96 79
96 81
96 85
96 86
96 88
96 89
96 90
96 95
96 97
96 99
96 102
96 103
96 105
96 107
96 108
96 111
96 112
96 117
96 118
96 120
96 128
96 129
96 131
96 136
96 139
96 141
96 145
96 147
96 151
96 154
96 155
96 156
97 19
97 111
98 2
98 4
98 6
98 10
98 12
98 13
98 15
98 18
98 19
98 21
98 22
98 23
98 24
98 28
98 29
98 31
98 35
98 38
98 39
98 40
98 43
98 48
98 52
98 54
98 56
98 60
98 63
98 64
98 65
98 66
98 68
98 69
98 70
98 72
98 73
98 74
98 75
98 76
98 78
98 79
98 80
98 81
98 85
98 86
98 88
98 89
98 90
98 93
98 95
98 96
98 97
98 99
98 102
98 103
98 105
98 107
98 108
98 111
98 112
98 117
98 118
98 120
98 121
98 123
98 125
98 127
98 128
98 129
98 131
98 136
98 138
98 139
98 140
98 141
98 142
98 145
98 147
98 151
98 154
98 155
98 156
98 160
99 19
99 64
99 86
99 95
99 97
99 111
99 147
100 0
100 1
100 2
100 4
100 5
100 6
100 8
100 9
100 10
100 12
100 13
100 14
100 15
100 17
100 18
100 19
100 20
100 21
100 22
100 23
100 24
100 25
100 26
100 28
100 29
100 31
100 32
100 33
100 34
100 35
100 36
100 37
100 38
100 39
100 40
100 41
100 42
100 43
100 45
100 47
100 48
100 51
100 52
100 54
100 56
100 58
100 59
100 60
100 62
100 63
100 64
100 65
100 66
100 67
100 68
100 69
100 70
100 71
100 72
100 73
100 74
100 75
100 76
100 78
100 79
100 80
100 81
100 82
100 83
100 84
100 85
100 86
100 87
100 88
100 89
100 90
100 93
100 94
100 95
100 96
100 97
100 98
100 99
100 102
100 103
100 104
100 105
100 107
100 108
100 109
100 110
100 111
100 112
100 117
100 118
100 119
100 120
100 121
100 123
100 125
100 126
100 127
100 128
100 129
100 130
100 131
100 133
100 134
100 136
100 137
100 138
100 139
100 140
100 141
100 142
100 145
100 147
100 149
100 151
100 152
100 153
100 154
100 155
100 156
100 158
100 159
100 160
101 0
101 1
101 2
101 3
101 4
101 5
101 6
101 8
101 9
101 10
101 12
101 13
101 14
101 15
101 17
101 18
101 19
101 20
101 21
101 22
101 23
101 24
101 25
101 26
101 27
101 28
101 29
101 30
101 31
101 32
101 33
101 34
101 35
101 36
101 37
101 38
101 39
101 40
101 41
101 42
101 43
101 44
101 45
101 47
101 48
101 50
101 51
101 52
101 53
101 54
101 55
101 56
101 57
101 58
101 59
101 60
101 62
101 63
101 64
101 65
101 66
101 67
101 68
101 69
101 70
101 71
101 72
101 73
101 74
101 75
101 76
101 78
101 79
101 80
101 81
101 82
101 83
101 84
101 85
101 86
101 87
101 88
101 89
101 90
101 92
101 93
101 94
101 95
101 96
101 97
101 98
101 99
101 100
101 102
101 103
101 104
101 105
101 106
101 107
101 108
101 109
101 110
101 111
101 112
101 115
101 116
101 117
101 118
101 119
101 120
101 121
101 122
101 123
101 124
101 125
101 126
101 127
101 128
101 129
101 130
101 131
101 133
101 134
101 135
101 136
101 137
101 138
101 139
101 140
101 141
101 142
101 143
101 145
101 146
101 147
101 148
101 149
101 150
101 151
101 152
101 153
101 154
101 155
101 156
101 158
101 159
101 160
102 10
102 19
102 64
102 86
102 95
102 97
102 99
102 111
102 147
103 4
103 6
103 10
103 12
103 18
103 19
103 24
103 28
103 43
103 48
103 56
103 60
103 64
103 65
103 66
103 68
103 69
103 70
103 72
103 78
103 86
103 89
103 90
103 95
103 97
103 99
103 102
103 105
103 107
103 108
103 111
103 117
103 136
103 141
103 145
103 147
103 151
103 154
103 155
104 0
104 1
104 2
104 4
104 5
104 6
104 8
104 9
104 10
104 12
104 13
104 14
104 15
104 17
104 18
104 19
104 20
104 21
104 22
104 23
104 24
104 25
104 26
104 28
104 29
104 31
104 32
104 33
104 34
104 35
104 36
104 37
104 38
104 39
104 40
104 41
104 42
104 43
104 45
104 47
104 48
104 51
104 52
104 54
104 56
104 58
104 59
104 60
104 62
104 63
104 64
104 65
104 66
104 67
104 68
104 69
104 70
104 71
104 72
104 73
104 74
104 75
104 76
104 78
104 79
104 80
104 81
104 82
104 83
104 84
104 85
104 86
104 87
104 88
104 89
104 90
104 93
104 94
104 95
104 96
104 97
104 98
104 99
104 102
104 103
104 105
104 107
104 108
104 109
104 110
104 111
104 112
104 117
104 118
104 119
104 120
104 121
104 123
104 125
104 126
104 127
104 128
104 129
104 130
104 131
104 133
104 134
104 136
104 137
104 138
104 139
104 140
104 141
104 142
104 145
104 147
104 149
104 151
104 152
104 153
104 154
104 155
104 156
104 158
104 159
104 160
105 4
105 6
105 10
105 12
105 18
105 19
105 24
105 28
105 43
105 48
105 56
105 60
105 64
105 65
105 66
105 68
105 69
105 70
105 72
105 78
105 86
105 89
105 90
105 95
105 97
105 99
105 102
105 107
105 108
105 111
105 117
105 136
105 141
105 145
105 147
105 151
105 154
105 155
106 0
106 1
106 2
106 3
106 4
106 5
106 6
106 8
106 9
106 10
106 12
106 13
106 14
106 15
106 17
106 18
106 19
106 20
106 21
106 22
106 23
106 24
106 25
106 26
106 28
106 29
106 30
106 31
106 32
106 33
106 34
106 35
106 36
106 37
106 38
106 39
106 40
106 41
106 42
106 43
106 44
106 45
106 47
106 48
106 51
106 52
106 54
106 56
106 57
106 58
106 59
106 60
106 62
106 63
106 64
106 65
106 66
106 67
106 68
106 69
106 70
106 71
106 72
106 73
106 74
106 75
106 76
106 78
106 79
106 80
106 81
106 82
106 83
106 84
106 85
106 86
106 87
106 88
106 89
106 90
106 93
106 94
106 95
106 96
106 97
106 98
106 99
106 100
106 102
106 103
106 104
106 105
106 107
106 108
106 109
106 110
106 111
106 112
106 115
106 117
106 118
106 119
106 120
106 121
106 123
106 124
106 125
106 126
106 127
106 128
106 129
106 130
106 131
106 133
106 134
106 135
106 136
106 137
106 138
106 139
106 140
106 141
106 142
106 143
106 145
106 146
106 147
106 149
106 151
106 152
106 153
106 154
106 155
106 156
106 158
106 159
106 160
107 4
107 10
107 12
107 18
107 19
107 24
107 28
107 43
107 60
107 64
107 72
107 86
107 90
107 95
107 97
107 99
107 102
107 108
107 111
107 117
107 141
107 145
107 147
107 151
107 154
108 10
108 19
108 64
108 72
108 86
108 90
108 95
108 97
108 99
108 102
108 111
108 147
109 0
109 1
109 2
109 4
109 5
109 6
109 8
109 9
109 10
109 12
109 13
109 14
109 15
109 17
109 18
109 19
109 20
109 21
109 22
109 23
109 24
109 25
109 26
109 28
109 29
109 31
109 32
109 33
109 34
109 35
109 36
109 37
109 38
109 39
109 40
109 41
109 42
109 43
109 45
109 47
109 48
109 51
109 52
109 54
109 56
109 58
109 59
109 60
109 62
109 63
109 64
109 65
109 66
109 67
109 68
109 69
109 70
109 71
109 72
109 73
109 74
109 75
109 76
109 78
109 79
109 80
109 81
109 82
109 83
109 84
109 85
109 86
109 87
109 88
109 89
109 90
109 93
109 94
109 95
109 96
109 97
109 98
109 99
109 102
109 103
109 105
109 107
109 108
109 110
109 111
109 112
109 117
109 118
109 119
109 120
109 121
109 123
109 125
109 126
109 127
109 128
109 129
109 130
109 131
109 133
109 134
109 136
109 137
109 138
109 139
109 140
109 141
109 142
109 145
109 147
109 149
109 151
109 152
109 153
109 154
109 155
109 156
109 158
109 159
109 160
110 1
110 2
110 4
110 6
110 8
110 10
110 12
110 13
110 15
110 18
110 19
110 20
110 21
110 22
110 23
110 24
110 25
110 26
110 28
110 29
110 31
110 32
110 34
110 35
110 38
110 39
110 40
110 41
110 43
110 47
110 48
110 51
110 52
110 54
110 56
110 58
110 59
110 60
110 62
110 63
110 64
110 65
110 66
110 67
110 68
110 69
110 70
110 71
110 72
110 73
110 74
110 75
110 76
110 78
110 79
110 80
110 81
110 84
110 85
110 86
110 88
110 89
110 90
110 93
110 95
110 96
110 97
110 98
110 99
110 102
110 103
110 105
110 107
110 108
110 111
110 112
110 117
110 118
110 120
110 121
110 123
110 125
110 126
110 127
110 128
110 129
110 131
110 136
110 138
110 139
110 140
110 141
110 142
110 145
110 147
110 149
110 151
110 153
110 154
110 155
110 156
110 160
112 4
112 6
112 10
112 12
112 15
112 18
112 19
112 24
112 28
112 43
112 48
112 56
112 60
112 64
112 65
112 66
112 68
112 69
112 70
112 72
112 78
112 86
112 88
112 89
112 90
112 95
112 97
112 99
112 102
112 103
112 105
112 107
112 108
112 111
112 117
112 128
112 136
112 141
112 145
112 147
112 151
112 154
112 155
113 0
113 1
113 2
113 3
113 4
113 5
113 6
113 8
113 9
113 10
113 11
113 12
113 13
113 14
113 15
113 16
113 17
113 18
113 19
113 20
113 21
113 22
113 23
113 24
113 25
113 26
113 27
113 28
113 29
113 30
113 31
113 32
113 33
113 34
113 35
113 36
113 37
113 38
113 39
113 40
113 41
113 42
113 43
113 44
113 45
113 46
113 47
113 48
113 49
113 50
113 51
113 52
113 53
113 54
113 55
113 56
113 57
113 58
113 59
113 60
113 61
113 62
113 63
113 64
113 65
113 66
113 67
113 68
113 69
113 70
113 71
113 72
113 73
113 74
113 75
113 76
113 77
113 78
113 79
113 80
113 81
113 82
113 83
113 84
113 85
113 86
113 87
113 88
113 89
113 90
113 91
113 92
113 93
113 94
113 95
113 96
113 97
113 98
113 99
113 100
113 101
113 102
113 103
113 104
113 105
113 106
113 107
113 108
113 109
113 110
113 111
113 112
113 114
113 115
113 116
113 117
113 118
113 119
113 120
113 121
113 122
113 123
113 124
113 125
113 126
113 127
113 128
113 129
113 130
113 131
113 132
113 133
113 134
113 135
113 136
113 137
113 138
113 139
113 140
113 141
113 142
113 143
113 145
113 146
113 147
113 148
113 149
113 150
113 151
113 152
113 153
113 154
113 155
113 156
113 157
113 158
113 159
113 160
114 0
114 1
114 2
114 3
114 4
114 5
114 6
114 8
114 9
114 10
114 12
114 13
114 14
114 15
114 16
114 17
114 18
114 19
114 20
114 21
114 22
114 23
114 24
114 25
114 26
114 27
114 28
114 29
114 30
114 31
114 32
114 33
114 34
114 35
114 36
114 37
114 38
114 39
114 40
114 41
114 42
114 43
114 44
114 45
114 46
114 47
114 48
114 49
114 50
114 51
114 52
114 53
114 54
114 55
114 56
114 57
114 58
114 59
114 60
114 62
114 63
114 64
114 65
114 66
114 67
114 68
114 69
114 70
114 71
114 72
114 73
114 74
114 75
114 76
114 77
114 78
114 79
114 80
114 81
114 82
114 83
114 84
114 85
114 86
114 87
114 88
114 89
114 90
114 91
114 92
114 93
114 94
114 95
114 96
114 97
114 98
114 99
114 100
114 101
114 102
114 103
114 104
114 105
114 106
114 107
114 108
114 109
114 110
114 111
114 112
114 115
114 116
114 117
114 118
114 119
114 120
114 121
114 122
114 123
114 124
114 125
114 126
114 127
114 128
114 129
114 130
114 131
114 133
114 134
114 135
114 136
114 137
114 138
114 139
114 140
114 141
114 142
114 143
114 145
114 146
114 147
114 148
114 149
114 150
114 151
114 152
114 153
114 154
114 155
114 156
114 158
114 159
114 160
115 0
115 1
115 2
115 4
115 5
115 6
115 8
115 9
115 10
115 12
115 13
115 14
115 15
115 17
115 18
115 19
115 20
115 21
115 22
115 23
115 24
115 25
115 26
115 28
115 29
115 31
115 32
115 33
115 34
115 35
115 36
115 37
115 38
115 39
115 40
115 41
115 42
115 43
115 45
115 47
115 48
115 51
115 52
115 54
115 56
115 58
115 59
115 60
115 62
115 63
115 64
115 65
115 66
115 67
115 68
115 69
115 70
115 71
115 72
115 73
115 74
115 75
115 76
115 78
115 79
115 80
115 81
115 82
115 83
115 84
115 85
115 86
115 87
115 88
115 89
115 90
115 93
115 94
115 95
115 96
115 97
115 98
115 99
115 100
115 102
115 103
115 104
115 105
115 107
115 108
115 109
115 110
115 111
115 112
115 117
115 118
115 119
115 120
115 121
115 123
115 125
115 126
115 127
115 128
115 129
115 130
115 131
115 133
115 134
115 136
115 137
115 138
115 139
115 140
115 141
115 142
115 145
115 147
115 149
115 151
115 152
115 153
115 154
115 155
115 156
115 158
115 159
115 160
116 0
116 1
116 2
116 3
116 4
116 5
116 6
116 8
116 9
116 10
116 12
116 13
116 14
116 15
116 17
116 18
116 19
116 20
116 21
116 22
116 23
116 24
116 25
116 26
116 28
116 29
116 30
116 31
116 32
116 33
116 34
116 35
116 36
116 37
116 38
116 39
116 40
116 41
116 42
116 43
116 44
116 45
116 47
116 48
116 51
116 52
116 54
116 56
116 57
116 58
116 59
116 60
116 62
116 63
116 64
116 65
116 66
116 67
116 68
116 69
116 70
116 71
116 72
116 73
116 74
116 75
116 76
116 78
116 79
116 80
116 81
116 82
116 83
116 84
116 85
116 86
116 87
116 88
116 89
116 90
116 93
116 94
116 95
116 96
116 97
116 98
116 99
116 100
116 102
116 103
116 104
116 105
116 106
116 107
116 108
116 109
116 110
116 111
116 112
116 115
116 117
116 118
116 119
116 120
116 121
116 123
116 124
116 125
116 126
116 127
116 128
116 129
116 130
116 131
116 133
116 134
116 135
116 136
116 137
116 138
116 139
116 140
116 141
116 142
116 143
116 145
116 146
116 147
116 149
116 151
116 152
116 153
116 154
116 155
116 156
116 158
116 159
116 160
117 10
117 12
117 18
117 19
117 43
117 60
117 64
117 72
117 86
117 90
117 95
117 97
117 99
117 102
117 108
117 111
117 145
117 147
117 151
118 2
118 4
118 6
118 10
118 12
118 13
118 15
118 18
118 19
118 24
118 28
118 29
118 43
118 48
118 54
118 56
118 60
118 64
118 65
118 66
118 68
118 69
118 70
118 72
118 78
118 86
118 88
118 89
118 90
118 95
118 97
118 99
118 102
118 103
118 105
118 107
118 108
118 111
118 112
118 117
118 128
118 129
118 136
118 141
118 145
118 147
118 151
118 154
118 155
118 156
119 1
119 2
119 4
119 5
119 6
119 8
119 10
119 12
119 13
119 15
119 18
119 19
119 20
119 21
119 22
119 23
119 24
119 25
119 26
119 28
119 29
119 31
119 32
119 34
119 35
119 36
119 37
119 38
119 39
119 40
119 41
119 43
119 45
119 47
119 48
119 51
119 52
119 54
119 56
119 58
119 59
119 60
119 62
119 63
119 64
119 65
119 66
119 67
119 68
119 69
119 70
119 71
119 72
119 73
119 74
119 75
119 76
119 78
119 79
119 80
119 81
119 82
119 84
119 85
119 86
119 88
119 89
119 90
119 93
119 95
119 96
119 97
119 98
119 99
119 102
119 103
119 105
119 107
119 108
119 110
119 111
119 112
119 117
119 118
119 120
119 121
119 123
119 125
119 126
119 127
119 128
119 129
119 131
119 136
119 137
119 138
119 139
119 140
119 141
119 142
119 145
119 147
119 149
119 151
119 153
119 154
119 155
119 156
119 160
120 2
120 4
120 6
120 10
120 12
120 13
120 15
120 18
120 19
120 24
120 28
120 29
120 31
120 35
120 43
120 48
120 54
120 56
120 60
120 63
120 64
120 65
120 66
120 68
120 69
120 70
120 72
120 73
120 75
120 78
120 79
120 81
120 86
120 88
120 89
120 90
120 95
120 97
120 99
120 102
120 103
120 105
120 107
120 108
120 111
120 112
120 117
120 118
120 128
120 129
120 131
120 136
120 139
120 141
120 145
120 147
120 151
120 154
120 155
120 156
121 2
121 4
121 6
121 10
121 12
121 13
121 15
121 18
121 19
121 21
121 22
121 24
121 28
121 29
121 31
121 35
121 38
121 39
121 43
121 48
121 52
121 54
121 56
121 60
121 63
121 64
121 65
121 66
121 68
121 69
121 70
121 72
121 73
121 75
121 78
121 79
121 80
121 81
121 85
121 86
121 88
121 89
121 90
121 93
121 95
121 96
121 97
121 99
121 102
121 103
121 105
121 107
121 108
121 111
121 112
121 117
121 118
121 120
121 128
121 129
121 131
121 136
121 138
121 139
121 140
121 141
121 145
121 147
121 151
121 154
121 155
121 156
121 160
122 0
122 1
122 2
122 3
122 4
122 5
122 6
122 8
122 9
122 10
122 12
122 13
122 14
122 15
122 17
122 18
122 19
122 20
122 21
122 22
122 23
122 24
122 25
122 26
122 27
122 28
122 29
122 30
122 31
122 32
122 33
122 34
122 35
122 36
122 37
122 38
122 39
122 40
122 41
122 42
122 43
122 44
122 45
122 47
122 48
122 51
122 52
122 54
122 56
122 57
122 58
122 59
122 60
122 62
122 63
122 64
122 65
122 66
122 67
122 68
122 69
122 70
122 71
122 72
122 73
122 74
122 75
122 76
122 78
122 79
122 80
122 81
122 82
122 83
122 84
122 85
122 86
122 87
122 88
122 89
122 90
122 93
122 94
122 95
122 96
122 97
122 98
122 99
122 100
122 102
122 103
122 104
122 105
122 106
122 107
122 108
122 109
122 110
122 111
122 112
122 115
122 116
122 117
122 118
122 119
122 120
122 121
122 123
122 124
122 125
122 126
122 127
122 128
122 129
122 130
122 131
122 133
122 134
122 135
122 136
122 137
122 138
122 139
122 140
122 141
122 142
122 143
122 145
122 146
122 147
122 148
122 149
122 150
122 151
122 152
122 153
122 154
122 155
122 156
122 158
122 159
122 160
123 2
123 4
123 6
123 10
123 12
123 13
123 15
123 18
123 19
123 21
123 22
123 23
123 24
123 28
123 29
123 31
123 35
123 38
123 39
123 40
123 43
123 48
123 52
123 54
123 56
123 60
123 63
123 64
123 65
123 66
123 68
123 69
123 70
123 72
123 73
123 74
123 75
123 78
123 79
123 80
123 81
123 85
123 86
123 88
123 89
123 90
123 93
123 95
123 96
123 97
123 99
123 102
123 103
123 105
123 107
123 108
123 111
123 112
123 117
123 118
123 120
123 121
123 125
123 127
123 128
123 129
123 131
123 136
123 138
123 139
123 140
123 141
123 142
123 145
123 147
123 151
123 154
123 155
123 156
123 160
124 0
124 1
124 2
124 3
124 4
124 5
124 6
124 8
124 9
124 10
124 12
124 13
124 14
124 15
124 17
124 18
124 19
124 20
124 21
124 22
124 23
124 24
124 25
124 26
124 28
124 29
124 30
124 31
124 32
124 33
124 34
124 35
124 36
124 37
124 38
124 39
124 40
124 41
124 42
124 43
124 44
124 45
124 47
124 48
124 51
124 52
124 54
124 56
124 58
124 59
124 60
124 62
124 63
124 64
124 65
124 66
124 67
124 68
124 69
124 70
124 71
124 72
124 73
124 74
124 75
124 76
124 78
124 79
124 80
124 81
124 82
124 83
124 84
124 85
124 86
124 87
124 88
124 89
124 90
124 93
124 94
124 95
124 96
124 97
124 98
124 99
124 100
124 102
124 103
124 104
124 105
124 107
124 108
124 109
124 110
124 111
124 112
124 115
124 117
124 118
124 119
124 120
124 121
124 123
124 125
124 126
124 127
124 128
124 129
124 130
124 131
124 133
124 134
124 135
124 136
124 137
124 138
124 139
124 140
124 141
124 142
124 143
124 145
124 146
124 147
124 149
124 151
124 152
124 153
124 154
124 155
124 156
124 158
124 159
124 160
125 2
125 4
125 6
125 10
125 12
125 13
125 15
125 18
125 19
125 21
125 22
125 24
125 28
125 29
125 31
125 35
125 38
125 39
125 43
125 48
125 52
125 54
125 56
125 60
125 63
125 64
125 65
125 66
125 68
125 69
125 70
125 72
125 73
125 75
125 78
125 79
125 80
125 81
125 85
125 86
125 88
125 89
125 90
125 93
125 95
125 96
125 97
125 99
125 102
125 103
125 105
125 107
125 108
125 111
125 112
125 117
125 118
125 120
125 121
125 128
125 129
125 131
125 136
125 138
125 139
125 140
125 141
125 145
125 147
125 151
125 154
125 155
125 156
125 160
126 2
126 4
126 6
126 8
126 10
126 12
126 13
126 15
126 18
126 19
126 21
126 22
126 23
126 24
126 26
126 28
126 29
126 31
126 32
126 35
126 38
126 39
126 40
126 43
126 47
126 48
126 52
126 54
126 56
126 58
126 59
126 60
126 62
126 63
126 64
126 65
126 66
126 68
126 69
126 70
126 72
126 73
126 74
126 75
126 76
126 78
126 79
126 80
126 81
126 85
126 86
126 88
126 89
126 90
126 93
126 95
126 96
126 97
126 98
126 99
126 102
126 103
126 105
126 107
126 108
126 111
126 112
126 117
126 118
126 120
126 121
126 123
126 125
126 127
126 128
126 129
126 131
126 136
126 138
126 139
126 140
126 141
126 142
126 145
126 147
126 149
126 151
126 153
126 154
126 155
126 156
126 160
127 2
127 4
127 6
127 10
127 12
127 13
127 15
127 18
127 19
127 21
127 22
127 23
127 24
127 28
127 29
127 31
127 35
127 38
127 39
127 40
127 43
127 48
127 52
127 54
127 56
127 60
127 63
127 64
127 65
127 66
127 68
127 69
127 70
127 72
127 73
127 74
127 75
127 78
127 79
127 80
127 81
127 85
127 86
127 88
127 89
127 90
127 93
127 95
127 96
127 97
127 99
127 102
127 103
127 105
127 107
127 108
127 111
127 112
127 117
127 118
127 120
127 121
127 125
127 128
127 129
127 131
127 136
127 138
127 139
127 140
127 141
127 142
127 145
127 147
127 151
127 154
127 155
127 156
127 160
128 4
128 6
128 10
128 12
128 18
128 19
128 24
128 28
128 43
128 48
128 56
128 60
128 64
128 65
128 66
128 68
128 69
128 70
128 72
128 78
128 86
128 89
128 90
128 95
128 97
128 99
128 102
128 103
128 105
128 107
128 108
128 111
128 117
128 136
128 141
128 145
128 147
128 151
128 154
128 155
129 4
129 6
129 10
129 12
129 13
129 15
129 18
129 19
129 24
129 28
129 43
129 48
129 54
129 56
129 60
129 64
129 65
129 66
129 68
129 69
129 70
129 72
129 78
129 86
129 88
129 89
129 90
129 95
129 97
129 99
129 102
129 103
129 105
129 107
129 108
129 111
129 112
129 117
129 128
129 136
129 141
129 145
129 147
129 151
129 154
129 155
130 0
130 1
130 2
130 4
130 5
130 6
130 8
130 9
130 10
130 12
130 13
130 15
130 17
130 18
130 19
130 20
130 21
130 22
130 23
130 24
130 25
130 26
130 28
130 29
130 31
130 32
130 33
130 34
130 35
130 36
130 37
130 38
130 39
130 40
130 41
130 43
130 45
130 47
130 48
130 51
130 52
130 54
130 56
130 58
130 59
130 60
130 62
130 63
130 64
130 65
130 66
130 67
130 68
130 69
130 70
130 71
130 72
130 73
130 74
130 75
130 76
130 78
130 79
130 80
130 81
130 82
130 84
130 85
130 86
130 87
130 88
130 89
130 90
130 93
130 95
130 96
130 97
130 98
130 99
130 102
130 103
130 105
130 107
130 108
130 110
130 111
130 112
130 117
130 118
130 119
130 120
130 121
130 123
130 125
130 126
130 127
130 128
130 129
130 131
130 133
130 134
130 136
130 137
130 138
130 139
130 140
130 141
130 142
130 145
130 147
130 149
130 151
130 152
130 153
130 154
130 155
130 156
130 158
130 160
131 2
131 4
131 6
131 10
131 12
131 13
131 15
131 18
131 19
131 24
131 28
131 29
131 43
131 48
131 54
131 56
131 60
131 63
131 64
131 65
131 66
131 68
131 69
131 70
131 72
131 73
131 75
131 78
131 79
131 81
131 86
131 88
131 89
131 90
131 95
131 97
131 99
131 102
131 103
131 105
131 107
131 108
131 111
131 112
131 117
131 118
131 128
131 129
131 136
131 141
131 145
131 147
131 151
131 154
131 155
131 156
132 0
132 1
132 2
132 3
132 4
132 5
132 6
132 8
132 9
132 10
132 12
132 13
132 14
132 15
132 16
132 17
132 18
132 19
132 20
132 21
132 22
132 23
132 24
132 25
132 26
132 27
132 28
132 29
132 30
132 31
132 32
132 33
132 34
132 35
132 36
132 37
132 38
132 39
132 40
132 41
132 42
132 43
132 44
132 45
132 46
132 47
132 48
132 49
132 50
132 51
132 52
132 53
132 54
132 55
132 56
132 57
132 58
132 59
132 60
132 62
132 63
132 64
132 65
132 66
132 67
132 68
132 69
132 70
132 71
132 72
132 73
132 74
132 75
132 76
132 77
132 78
132 79
132 80
132 81
132 82
132 83
132 84
132 85
132 86
132 87
132 88
132 89
132 90
132 91
132 92
132 93
132 94
132 95
132 96
132 97
132 98
132 99
132 100
132 101
132 102
132 103
132 104
132 105
132 106
132 107
132 108
132 109
132 110
132 111
132 112
132 114
132 115
132 116
132 117
132 118
132 119
132 120
132 121
132 122
132 123
132 124
132 125
132 126
132 127
132 128
132 129
132 130
132 131
132 133
132 134
132 135
132 136
132 137
132 138
132 139
132 140
132 141
132 142
132 143
132 145
132 146
132 147
132 148
132 149
132 150
132 151
132 152
132 153
132 154
132 155
132 156
132 158
132 159
132 160
133 1
133 2
133 4
133 5
133 6
133 8
133 10
133 12
133 13
133 15
133 18
133 19
133 20
133 21
133 22
133 23
133 24
133 25
133 26
133 28
133 29
133 31
133 32
133 34
133 35
133 36
133 37
133 38
133 39
133 40
133 41
133 43
133 45
133 47
133 48
133 51
133 52
133 54
133 56
133 58
133 59
133 60
133 62
133 63
133 64
133 65
133 66
133 67
133 68
133 69
133 70
133 71
133 72
133 73
133 74
133 75
133 76
133 78
133 79
133 80
133 81
133 82
133 84
133 85
133 86
133 88
133 89
133 90
133 93
133 95
133 96
133 97
133 98
133 99
133 102
133 103
133 105
133 107
133 108
133 110
133 111
133 112
133 117
133 118
133 119
133 120
133 121
133 123
133 125
133 126
133 127
133 128
133 129
133 131
133 136
133 137
133 138
133 139
133 140
133 141
133 142
133 145
133 147
133 149
133 151
133 153
133 154
133 155
133 156
133 160
134 1
134 2
134 4
134 5
134 6
134 8
134 10
134 12
134 13
134 15
134 18
134 19
134 20
134 21
134 22
134 23
134 24
134 25
134 26
134 28
134 29
134 31
134 32
134 33
134 34
134 35
134 36
134 37
134 38
134 39
134 40
134 41
134 43
134 45
134 47
134 48
134 51
134 52
134 54
134 56
134 58
134 59
134 60
134 62
134 63
134 64
134 65
134 66
134 67
134 68
134 69
134 70
134 71
134 72
134 73
134 74
134 75
134 76
134 78
134 79
134 80
134 81
134 82
134 84
134 85
134 86
134 88
134 89
134 90
134 93
134 95
134 96
134 97
134 98
134 99
134 102
134 103
134 105
134 107
134 108
134 110
134 111
134 112
134 117
134 118
134 119
134 120
134 121
134 123
134 125
134 126
134 127
134 128
134 129
134 131
134 133
134 136
134 137
134 138
134 139
134 140
134 141
134 142
134 145
134 147
134 149
134 151
134 153
134 154
134 155
134 156
134 160
135 0
135 1
135 2
135 3
135 4
135 5
135 6
135 8
135 9
135 10
135 12
135 13
135 14
135 15
135 17
135 18
135 19
135 20
135 21
135 22
135 23
135 24
135 25
135 26
135 28
135 29
135 30
135 31
135 32
135 33
135 34
135 35
135 36
135 37
135 38
135 39
135 40
135 41
135 42
135 43
135 44
135 45
135 47
135 48
135 51
135 52
135 54
135 56
135 58
135 59
135 60
135 62
135 63
135 64
135 65
135 66
135 67
135 68
135 69
135 70
135 71
135 72
135 73
135 74
135 75
135 76
135 78
135 79
135 80
135 81
135 82
135 83
135 84
135 85
135 86
135 87
135 88
135 89
135 90
135 93
135 94
135 95
135 96
135 97
135 98
135 99
135 100
135 102
135 103
135 104
135 105
135 107
135 108
135 109
135 110
135 111
135 112
135 115
135 117
135 118
135 119
135 120
135 121
135 123
135 125
135 126
135 127
135 128
135 129
135 130
135 131
135 133
135 134
135 136
135 137
135 138
135 139
135 140
135 141
135 142
135 143
135 145
135 147
135 149
135 151
135 152
135 153
135 154
135 155
135 156
135 158
135 159
135 160
136 4
136 10
136 12
136 18
136 19
136 24
136 28
136 43
136 48
136 60
136 64
136 65
136 66
136 68
136 72
136 78
136 86
136 89
136 90
136 95
136 97
136 99
136 102
136 107
136 108
136 111
136 117
136 141
136 145
136 147
136 151
136 154
137 1
137 2
137 4
137 5
137 6
137 8
137 10
137 12
137 13
137 15
137 18
137 19
137 20
137 21
137 22
137 23
137 24
137 25
137 26
137 28
137 29
137 31
137 32
137 34
137 35
137 36
137 37
137 38
137 39
137 40
137 41
137 43
137 45
137 47
137 48
137 51
137 52
137 54
137 56
137 58
137 59
137 60
137 62
137 63
137 64
137 65
137 66
137 67
137 68
137 69
137 70
137 71
137 72
137 73
137 74
137 75
137 76
137 78
137 79
137 80
137 81
137 82
137 84
137 85
137 86
137 88
137 89
137 90
137 93
137 95
137 96
137 97
137 98
137 99
137 102
137 103
137 105
137 107
137 108
137 110
137 111
137 112
137 117
137 118
137 120
137 121
137 123
137 125
137 126
137 127
137 128
137 129
137 131
137 136
137 138
137 139
137 140
137 141
137 142
137 145
137 147
137 149
137 151
137 153
137 154
137 155
137 156
137 160
138 2
138 4
138 6
138 10
138 12
138 13
138 15
138 18
138 19
138 24
138 28
138 29
138 31
138 35
138 43
138 48
138 54
138 56
138 60
138 63
138 64
138 65
138 66
138 68
138 69
138 70
138 72
138 73
138 75
138 78
138 79
138 81
138 85
138 86
138 88
138 89
138 90
138 93
138 95
138 96
138 97
138 99
138 102
138 103
138 105
138 107
138 108
138 111
138 112
138 117
138 118
138 120
138 128
138 129
138 131
138 136
138 139
138 141
138 145
138 147
138 151
138 154
138 155
138 156
139 2
139 4
139 6
139 10
139 12
139 13
139 15
139 18
139 19
139 24
139 28
139 29
139 31
139 35
139 43
139 48
139 54
139 56
139 60
139 63
139 64
139 65
139 66
139 68
139 69
139 70
139 72
139 73
139 75
139 78
139 79
139 81
139 86
139 88
139 89
139 90
139 95
139 97
139 99
139 102
139 103
139 105
139 107
139 108
139 111
139 112
139 117
139 118
139 128
139 129
139 131
139 136
139 141
139 145
139 147
139 151
139 154
139 155
139 156
140 2
140 4
140 6
140 10
140 12
140 13
140 15
140 18
140 19
140 21
140 22
140 24
140 28
140 29
140 31
140 35
140 38
140 43
140 48
140 54
140 56
140 60
140 63
140 64
140 65
140 66
140 68
140 69
140 70
140 72
140 73
140 75
140 78
140 79
140 81
140 85
140 86
140 88
140 89
140 90
140 93
140 95
140 96
140 97
140 99
140 102
140 103
140 105
140 107
140 108
140 111
140 112
140 117
140 118
140 120
140 128
140 129
140 131
140 136
140 138
140 139
140 141
140 145
140 147
140 151
140 154
140 155
140 156
140 160
141 10
141 12
141 18
141 19
141 43
141 60
141 64
141 72
141 86
141 90
141 95
141 97
141 99
141 102
141 108
141 111
141 117
141 145
141 147
141 151
142 2
142 4
142 6
142 10
142 12
142 13
142 15
142 18
142 19
142 21
142 22
142 23
142 24
142 28
142 29
142 31
142 35
142 38
142 39
142 43
142 48
142 52
142 54
142 56
142 60
142 63
142 64
142 65
142 66
142 68
142 69
142 70
142 72
142 73
142 74
142 75
142 78
142 79
142 80
142 81
142 85
142 86
142 88
142 89
142 90
142 93
142 95
142 96
142 97
142 99
142 102
142 103
142 105
142 107
142 108
142 111
142 112
142 117
142 118
142 120
142 121
142 125
142 128
142 129
142 131
142 136
142 138
142 139
142 140
142 141
142 145
142 147
142 151
142 154
142 155
142 156
142 160
143 0
143 1
143 2
143 3
143 4
143 5
143 6
143 8
143 9
143 10
143 12
143 13
143 14
143 15
143 17
143 18
143 19
143 20
143 21
143 22
143 23
143 24
143 25
143 26
143 28
143 29
143 31
143 32
143 33
143 34
143 35
143 36
143 37
143 38
143 39
143 40
143 41
143 42
143 43
143 44
143 45
143 47
143 48
143 51
143 52
143 54
143 56
143 58
143 59
143 60
143 62
143 63
143 64
143 65
143 66
143 67
143 68
143 69
143 70
143 71
143 72
143 73
143 74
143 75
143 76
143 78
143 79
143 80
143 81
143 82
143 83
143 84
143 85
143 86
143 87
143 88
143 89
143 90
143 93
143 94
143 95
143 96
143 97
143 98
143 99
143 100
143 102
143 103
143 104
143 105
143 107
143 108
143 109
143 110
143 111
143 112
143 115
143 117
143 118
143 119
143 120
143 121
143 123
143 125
143 126
143 127
143 128
143 129
143 130
143 131
143 133
143 134
143 136
143 137
143 138
143 139
143 140
143 141
143 142
143 145
143 147
143 149
143 151
143 152
143 153
143 154
143 155
143 156
143 158
143 159
143 160
144 0
144 1
144 2
144 3
144 4
144 5
144 6
144 7
144 8
144 9
144 10
144 11
144 12
144 13
144 14
144 15
144 16
144 17
144 18
144 19
144 20
144 21
144 22
144 23
144 24
144 25
144 26
144 27
144 28
144 29
144 30
144 31
144 32
144 33
144 34
144 35
144 36
144 37
144 38
144 39
144 40
144 41
144 42
144 43
144 44
144 45
144 46
144 47
144 48
144 49
144 50
144 51
144 52
144 53
144 54
144 55
144 56
144 57
144 58
144 59
144 60
144 61
144 62
144 63
144 64
144 65
144 66
144 67
144 68
144 69
144 70
144 71
144 72
144 73
144 74
144 75
144 76
144 77
144 78
144 79
144 80
144 81
144 82
144 83
144 84
144 85
144 86
144 87
144 88
144 89
144 90
144 91
144 92
144 93
144 94
144 95
144 96
144 97
144 98
144 99
144 100
144 101
144 102
144 103
144 104
144 105
144 106
144 107
144 108
144 109
144 110
144 111
144 112
144 113
144 114
144 115
144 116
144 117
144 118
144 119
144 120
144 121
144 122
144 123
144 124
144 125
144 126
144 127
144 128
144 129
144 130
144 131
144 132
144 133
144 134
144 135
144 136
144 137
144 138
144 139
144 140
144 141
144 142
144 143
144 145
144 146
144 147
144 148
144 149
144 150
144 151
144 152
144 153
144 154
144 155
144 156
144 157
144 158
144 159
144 160
145 10
145 19
145 64
145 72
145 86
145 90
145 95
145 97
145 99
145 102
145 108
145 111
145 147
146 0
146 1
146 2
146 3
146 4
146 5
146 6
146 8
146 9
146 10
146 12
146 13
146 14
146 15
146 17
146 18
146 19
146 20
146 21
146 22
146 23
146 24
146 25
146 26
146 28
146 29
146 30
146 31
146 32
146 33
146 34
146 35
146 36
146 37
146 38
146 39
146 40
146 41
146 42
146 43
146 44
146 45
146 47
146 48
146 51
146 52
146 54
146 56
146 58
146 59
146 60
146 62
146 63
146 64
146 65
146 66
146 67
146 68
146 69
146 70
146 71
146 72
146 73
146 74
146 75
146 76
146 78
146 79
146 80
146 81
146 82
146 83
146 84
146 85
146 86
146 87
146 88
146 89
146 90
146 93
146 94
146 95
146 96
146 97
146 98
146 99
146 100
146 102
146 103
146 104
146 105
146 107
146 108
146 109
146 110
146 111
146 112
146 115
146 117
146 118
146 119
146 120
146 121
146 123
146 125
146 126
146 127
146 128
146 129
146 130
146 131
146 133
146 134
146 135
146 136
146 137
146 138
146 139
146 140
146 141
146 142
146 143
146 145
146 147
146 149
146 151
146 152
146 153
146 154
146 155
146 156
146 158
146 159
146 160
147 19
147 64
147 86
147 97
147 111
148 0
148 1
148 2
148 3
148 4
148 5
148 6
148 8
148 9
148 10
148 12
148 13
148 14
148 15
148 17
148 18
148 19
148 20
148 21
148 22
148 23
148 24
148 25
148 26
148 27
148 28
148 29
148 30
148 31
148 32
148 33
148 34
148 35
148 36
148 37
148 38
148 39
148 40
148 41
148 42
148 43
148 44
148 45
148 47
148 48
148 51
148 52
148 54
148 56
148 57
148 58
148 59
148 60
148 62
148 63
148 64
148 65
148 66
148 67
148 68
148 69
148 70
148 71
148 72
148 73
148 74
148 75
148 76
148 78
148 79
148 80
148 81
148 82
148 83
148 84
148 85
148 86
148 87
148 88
148 89
148 90
148 93
148 94
148 95
148 96
148 97
148 98
148 99
148 100
148 102
148 103
148 104
148 105
148 106
148 107
148 108
148 109
148 110
148 111
148 112
148 115
148 116
148 117
148 118
148 119
148 120
148 121
148 123
148 124
148 125
148 126
148 127
148 128
148 129
148 130
148 131
148 133
148 134
148 135
148 136
148 137
148 138
148 139
148 140
148 141
148 142
148 143
148 145
148 146
148 147
148 149
148 151
148 152
148 153
148 154
148 155
148 156
148 158
148 159
148 160
149 2
149 4
149 6
149 10
149 12
149 13
149 15
149 18
149 19
149 21
149 22
149 23
149 24
149 28
149 29
149 31
149 32
149 35
149 38
149 39
149 40
149 43
149 47
149 48
149 52
149 54
149 56
149 59
149 60
149 62
149 63
149 64
149 65
149 66
149 68
149 69
149 70
149 72
149 73
149 74
149 75
149 76
149 78
149 79
149 80
149 81
149 85
149 86
149 88
149 89
149 90
149 93
149 95
149 96
149 97
149 98
149 99
149 102
149 103
149 105
149 107
149 108
149 111
149 112
149 117
149 118
149 120
149 121
149 123
149 125
149 127
149 128
149 129
149 131
149 136
149 138
149 139
149 140
149 141
149 142
149 145
149 147
149 151
149 153
149 154
149 155
149 156
149 160
150 0
150 1
150 2
150 3
150 4
150 5
150 6
150 8
150 9
150 10
150 12
150 13
150 14
150 15
150 17
150 18
150 19
150 20
150 21
150 22
150 23
150 24
150 25
150 26
150 27
150 28
150 29
150 30
150 31
150 32
150 33
150 34
150 35
150 36
150 37
150 38
150 39
150 40
150 41
150 42
150 43
150 44
150 45
150 47
150 48
150 51
150 52
150 54
150 56
150 57
150 58
150 59
150 60
150 62
150 63
150 64
150 65
150 66
150 67
150 68
150 69
150 70
150 71
150 72
150 73
150 74
150 75
150 76
150 78
150 79
150 80
150 81
150 82
150 83
150 84
150 85
150 86
150 87
150 88
150 89
150 90
150 93
150 94
150 95
150 96
150 97
150 98
150 99
150 100
150 102
150 103
150 104
150 105
150 106
150 107
150 108
150 109
150 110
150 111
150 112
150 115
150 116
150 117
150 118
150 119
150 120
150 121
150 123
150 124
150 125
150 126
150 127
150 128
150 129
150 130
150 131
150 133
150 134
150 135
150 136
150 137
150 138
150 139
150 140
150 141
150 142
150 143
150 145
150 146
150 147
150 148
150 149
150 151
150 152
150 153
150 154
150 155
150 156
150 158
150 159
150 160
151 10
151 18
151 19
151 43
151 64
151 72
151 86
151 90
151 95
151 97
151 99
151 102
151 108
151 111
151 145
151 147
152 1
152 2
152 4
152 5
152 6
152 8
152 10
152 12
152 13
152 15
152 18
152 19
152 20
152 21
152 22
152 23
152 24
152 25
152 26
152 28
152 29
152 31
152 32
152 33
152 34
152 35
152 36
152 37
152 38
152 39
152 40
152 41
152 43
152 45
152 47
152 48
152 51
152 52
152 54
152 56
152 58
152 59
152 60
152 62
152 63
152 64
152 65
152 66
152 67
152 68
152 69
152 70
152 71
152 72
152 73
152 74
152 75
152 76
152 78
152 79
152 80
152 81
152 82
152 84
152 85
152 86
152 88
152 89
152 90
152 93
152 95
152 96
152 97
152 98
152 99
152 102
152 103
152 105
152 107
152 108
152 110
152 111
152 112
152 117
152 118
152 119
152 120
152 121
152 123
152 125
152 126
152 127
152 128
152 129
152 131
152 133
152 134
152 136
152 137
152 138
152 139
152 140
152 141
152 142
152 145
152 147
152 149
152 151
152 153
152 154
152 155
152 156
152 160
153 2
153 4
153 6
153 10
153 12
153 13
153 15
153 18
153 19
153 21
153 22
153 23
153 24
153 28
153 29
153 31
153 32
153 35
153 38
153 39
153 40
153 43
153 47
153 48
153 52
153 54
153 56
153 60
153 63
153 64
153 65
153 66
153 68
153 69
153 70
153 72
153 73
153 74
153 75
153 76
153 78
153 79
153 80
153 81
153 85
153 86
153 88
153 89
153 90
153 93
153 95
153 96
153 97
153 98
153 99
153 102
153 103
153 105
153 107
153 108
153 111
153 112
153 117
153 118
153 120
153 121
153 123
153 125
153 127
153 128
153 129
153 131
153 136
153 138
153 139
153 140
153 141
153 142
153 145
153 147
153 151
153 154
153 155
153 156
153 160
154 4
154 10
154 12
154 18
154 19
154 24
154 43
154 60
154 64
154 72
154 86
154 90
154 95
154 97
154 99
154 102
154 108
154 111
154 117
154 141
154 145
154 147
154 151
155 4
155 6
155 10
155 12
155 18
155 19
155 24
155 28
155 43
155 48
155 56
155 60
155 64
155 65
155 66
155 68
155 69
155 70
155 72
155 78
155 86
155 89
155 90
155 95
155 97
155 99
155 102
155 107
155 108
155 111
155 117
155 136
155 141
155 145
155 147
155 151
155 154
156 4
156 6
156 10
156 12
156 13
156 15
156 18
156 19
156 24
156 28
156 29
156 43
156 48
156 54
156 56
156 60
156 64
156 65
156 66
156 68
156 69
156 70
156 72
156 78
156 86
156 88
156 89
156 90
156 95
156 97
156 99
156 102
156 103
156 105
156 107
156 108
156 111
156 112
156 117
156 128
156 129
156 136
156 141
156 145
156 147
156 151
156 154
156 155
157 0
157 1
157 2
157 3
157 4
157 5
157 6
157 8
157 9
157 10
157 12
157 13
157 14
157 15
157 16
157 17
157 18
157 19
157 20
157 21
157 22
157 23
157 24
157 25
157 26
157 27
157 28
157 29
157 30
157 31
157 32
157 33
157 34
157 35
157 36
157 37
157 38
157 39
157 40
157 41
157 42
157 43
157 44
157 45
157 46
157 47
157 48
157 49
157 50
157 51
157 52
157 53
157 54
157 55
157 56
157 57
157 58
157 59
157 60
157 62
157 63
157 64
157 65
157 66
157 67
157 68
157 69
157 70
157 71
157 72
157 73
157 74
157 75
157 76
157 77
157 78
157 79
157 80
157 81
157 82
157 83
157 84
157 85
157 86
157 87
157 88
157 89
157 90
157 91
157 92
157 93
157 94
157 95
157 96
157 97
157 98
157 99
157 100
157 101
157 102
157 103
157 104
157 105
157 106
157 107
157 108
157 109
157 110
157 111
157 112
157 114
157 115
157 116
157 117
157 118
157 119
157 120
157 121
157 122
157 123
157 124
157 125
157 126
157 127
157 128
157 129
157 130
157 131
157 132
157 133
157 134
157 135
157 136
157 137
157 138
157 139
157 140
157 141
157 142
157 143
157 145
157 146
157 147
157 148
157 149
157 150
157 151
157 152
157 153
157 154
157 155
157 156
157 158
157 159
157 160
158 0
158 1
158 2
158 4
158 5
158 6
158 8
158 10
158 12
158 13
158 15
158 18
158 19
158 20
158 21
158 22
158 23
158 24
158 25
158 26
158 28
158 29
158 31
158 32
158 33
158 34
158 35
158 36
158 37
158 38
158 39
158 40
158 41
158 43
158 45
158 47
158 48
158 51
158 52
158 54
158 56
158 58
158 59
158 60
158 62
158 63
158 64
158 65
158 66
158 67
158 68
158 69
158 70
158 71
158 72
158 73
158 74
158 75
158 76
158 78
158 79
158 80
158 81
158 82
158 84
158 85
158 86
158 87
158 88
158 89
158 90
158 93
158 95
158 96
158 97
158 98
158 99
158 102
158 103
158 105
158 107
158 108
158 110
158 111
158 112
158 117
158 118
158 119
158 120
158 121
158 123
158 125
158 126
158 127
158 128
158 129
158 131
158 133
158 134
158 136
158 137
158 138
158 139
158 140
158 141
158 142
158 145
158 147
158 149
158 151
158 152
158 153
158 154
158 155
158 156
158 160
159 0
159 1
159 2
159 4
159 5
159 6
159 8
159 9
159 10
159 12
159 13
159 15
159 17
159 18
159 19
159 20
159 21
159 22
159 23
159 24
159 25
159 26
159 28
159 29
159 31
159 32
159 33
159 34
159 35
159 36
159 37
159 38
159 39
159 40
159 41
159 43
159 45
159 47
159 48
159 51
159 52
159 54
159 56
159 58
159 59
159 60
159 62
159 63
159 64
159 65
159 66
159 67
159 68
159 69
159 70
159 71
159 72
159 73
159 74
159 75
159 76
159 78
159 79
159 80
159 81
159 82
159 84
159 85
159 86
159 87
159 88
159 89
159 90
159 93
159 95
159 96
159 97
159 98
159 99
159 102
159 103
159 105
159 107
159 108
159 110
159 111
159 112
159 117
159 118
159 119
159 120
159 121
159 123
159 125
159 126
159 127
159 128
159 129
159 130
159 131
159 133
159 134
159 136
159 137
159 138
159 139
159 140
159 141
159 142
159 145
159 147
159 149
159 151
159 152
159 153
159 154
159 155
159 156
159 158
159 160
160 2
160 4
160 6
160 10
160 12
160 13
160 15
160 18
160 19
160 24
160 28
160 29
160 31
160 35
160 43
160 48
160 54
160 56
160 60
160 63
160 64
160 65
160 66
160 68
160 69
160 70
160 72
160 73
160 75
160 78
160 79
160 81
160 85
160 86
160 88
160 89
160 90
160 93
160 95
160 96
160 97
160 99
160 102
160 103
160 105
160 107
160 108
160 111
160 112
160 117
160 118
160 120
160 128
160 129
160 131
160 136
160 138
160 139
160 141
160 145
160 147
160 151
160 154
160 155
160 156
