96 142
0 1 82 19
0 48 34 48
1 2 30 79
1 49 8 75
2 3 11 56
2 50 69 34
3 4 20 81
3 51 3 76
4 5 36 66
4 52 23 62
5 6 21 68
5 53 74 45
6 7 30 74
6 54 19 50
7 8 23 66
7 55 3 88
8 9 22 60
8 56 94 42
9 10 1 79
9 57 43 58
10 11 62 49
10 58 68 23
11 12 20 77
11 59 87 33
12 13 76 38
12 60 78 50
13 14 33 45
13 61 65 51
14 15 62 57
14 62 62 47
15 16 88 8
15 63 22 59
16 17 99 18
16 64 48 51
17 18 79 36
17 65 2 85
18 19 88 10
18 66 57 41
19 20 12 83
19 67 91 17
20 21 16 87
20 68 9 54
21 22 44 46
21 69 52 59
22 23 54 57
22 70 72 42
23 24 11 80
23 71 93 27
24 25 11 83
24 72 69 49
25 26 9 83
25 73 95 34
26 27 94 37
26 74 27 57
27 28 82 16
27 75 35 60
28 29 64 49
28 76 4 83
29 30 18 62
29 77 72 31
30 31 26 57
30 78 71 47
31 32 28 65
31 79 97 15
32 33 25 84
32 80 93 15
33 34 3 96
33 81 45 44
34 35 74 36
34 82 5 70
35 36 28 48
35 83 61 44
36 37 12 65
36 84 25 46
37 38 54 41
37 85 54 46
38 39 95 30
38 86 92 41
39 40 37 67
39 87 41 38
40 41 75 43
40 88 48 35
41 42 54 39
41 89 89 45
42 43 80 47
42 90 10 85
43 44 14 63
43 91 56 32
44 45 42 68
44 92 90 10
45 46 72 39
45 93 15 68
46 47 91 29
46 94 28 51
47 95 25 73
48 49 5 58
49 50 64 35
50 51 6 88
51 52 74 28
52 53 45 61
53 54 22 72
54 55 35 71
55 56 46 62
56 57 66 46
57 58 21 48
58 59 66 27
59 60 55 37
60 61 84 46
61 62 45 38
62 63 77 42
63 64 20 85
64 65 50 39
65 66 14 70
66 67 69 55
67 68 2 96
68 69 95 22
69 70 57 29
70 71 3 65
71 72 90 21
72 73 60 48
73 74 3 68
74 75 91 23
75 76 41 51
76 77 43 71
77 78 26 80
78 79 15 61
79 80 17 82
80 81 95 35
81 82 56 44
82 83 75 41
83 84 96 37
84 85 43 40
85 86 51 65
86 87 66 28
87 88 56 38
88 89 40 52
89 90 86 18
90 91 48 33
91 92 10 70
92 93 18 67
93 94 50 30
94 95 26 48
0 17
0 23
0 47
0 51
0 52
0 76
0 77
0 83
0 92
0 107
0 115
0 118
0 121
0 127
0 130
1 8
1 19
1 20
1 25
1 27
1 28
1 33
1 43
1 44
1 49
1 55
1 56
1 78
1 88
1 99
1 101
1 102
1 113
1 119
1 122
1 123
1 132
1 135
3 2
3 6
3 22
3 38
3 40
3 46
3 48
3 50
3 64
3 85
3 110
3 124
3 126
4 2
4 6
4 8
4 9
4 10
4 12
4 14
4 16
4 19
4 22
4 28
4 31
4 38
4 40
4 43
4 44
4 46
4 48
4 53
4 55
4 58
4 60
4 62
4 64
4 72
4 78
4 86
4 88
4 91
4 94
4 99
4 100
4 101
4 102
4 110
4 112
4 123
4 124
4 125
4 126
4 132
4 139
5 11
5 17
5 24
5 25
5 34
5 45
5 49
5 51
5 52
5 61
5 68
5 77
5 80
5 83
5 84
5 90
5 107
5 109
5 113
5 127
5 129
5 130
6 64
6 110
7 2
7 6
7 15
7 22
7 38
7 40
7 46
7 48
7 50
7 57
7 64
7 66
7 85
7 97
7 110
7 124
7 126
8 78
8 88
8 123
9 2
9 8
9 12
9 14
9 62
9 64
9 78
9 88
9 94
9 101
9 102
9 123
9 124
9 132
10 2
10 12
10 64
10 88
10 94
10 100
10 101
10 123
10 124
11 25
11 83
11 84
11 107
12 2
13 2
13 6
13 8
13 9
13 10
13 12
13 14
13 16
13 19
13 22
13 25
13 27
13 28
13 31
13 33
13 43
13 44
13 53
13 55
13 60
13 62
13 64
13 78
13 88
13 93
13 94
13 99
13 100
13 101
13 102
13 110
13 113
13 122
13 123
13 124
13 132
13 135
14 2
14 8
14 12
14 64
14 78
14 88
14 94
14 101
14 123
14 124
15 66
15 97
16 2
16 8
16 9
16 12
16 14
16 55
16 62
16 64
16 78
16 88
16 94
16 99
16 100
16 101
16 102
16 123
16 124
16 132
18 2
18 6
18 15
18 35
18 38
18 40
18 46
18 48
18 50
18 57
18 64
18 66
18 85
18 97
18 110
18 114
18 124
18 126
19 43
19 99
19 102
19 123
19 132
20 25
20 27
20 28
20 49
20 56
20 113
21 5
21 11
21 17
21 23
21 24
21 25
21 34
21 45
21 47
21 49
21 51
21 52
21 59
21 61
21 68
21 76
21 77
21 80
21 83
21 84
21 90
21 92
21 98
21 107
21 109
21 113
21 121
21 127
21 129
21 130
22 2
22 6
22 64
22 110
22 124
23 17
23 51
23 52
23 77
23 83
23 127
23 130
24 17
24 25
24 77
24 83
24 84
24 107
24 109
26 1
26 8
26 11
26 19
26 20
26 25
26 27
26 28
26 29
26 33
26 42
26 43
26 44
26 49
26 55
26 56
26 61
26 75
26 78
26 83
26 84
26 88
26 99
26 101
26 102
26 103
26 107
26 113
26 119
26 122
26 123
26 132
26 135
27 113
29 20
29 25
29 27
29 28
29 49
29 56
29 61
29 84
29 113
30 17
30 32
30 36
30 39
30 47
30 51
30 52
30 63
30 65
30 76
30 77
30 83
30 89
30 92
30 115
30 118
30 121
30 127
30 130
31 2
31 8
31 9
31 12
31 14
31 16
31 43
31 55
31 62
31 64
31 78
31 88
31 94
31 99
31 100
31 101
31 102
31 123
31 124
31 132
33 27
33 28
33 43
33 44
33 113
33 132
34 17
34 52
34 77
34 83
34 84
34 107
34 130
35 15
35 40
35 66
35 85
35 97
35 110
35 114
36 17
36 32
36 39
36 47
36 51
36 52
36 63
36 65
36 76
36 77
36 83
36 89
36 92
36 115
36 118
36 121
36 127
36 130
37 11
37 17
37 20
37 25
37 27
37 28
37 29
37 45
37 49
37 56
37 61
37 71
37 77
37 80
37 83
37 84
37 103
37 107
37 109
37 113
37 119
37 129
38 40
38 64
38 110
39 17
39 32
39 47
39 51
39 52
39 76
39 77
39 92
39 115
39 121
39 127
39 130
41 2
41 4
41 6
41 8
41 9
41 10
41 12
41 14
41 16
41 19
41 22
41 28
41 31
41 38
41 40
41 43
41 44
41 46
41 48
41 50
41 53
41 55
41 58
41 60
41 62
41 64
41 72
41 78
41 85
41 86
41 88
41 91
41 94
41 99
41 100
41 101
41 102
41 110
41 112
41 113
41 123
41 124
41 125
41 126
41 132
41 138
41 139
42 20
42 25
42 27
42 28
42 29
42 33
42 43
42 44
42 49
42 56
42 61
42 75
42 84
42 99
42 102
42 103
42 107
42 113
42 119
42 132
44 28
45 11
45 17
45 25
45 80
45 83
45 84
45 107
45 109
46 6
46 38
46 40
46 48
46 64
46 110
46 124
46 126
47 17
47 51
47 52
47 76
47 127
47 130
48 38
48 40
48 64
48 110
49 25
49 113
50 38
50 40
50 48
50 64
50 85
50 110
51 127
51 130
52 17
52 130
53 2
53 8
53 12
53 19
53 28
53 43
53 44
53 55
53 62
53 78
53 88
53 99
53 101
53 102
53 123
53 132
54 0
54 17
54 23
54 32
54 39
54 47
54 51
54 52
54 76
54 77
54 83
54 92
54 107
54 115
54 118
54 121
54 127
54 130
54 136
55 8
55 78
55 88
55 99
55 101
55 102
55 123
55 132
56 25
56 27
56 49
56 113
57 38
57 40
57 48
57 50
57 64
57 85
57 97
57 110
58 2
58 6
58 8
58 9
58 10
58 12
58 14
58 22
58 62
58 64
58 78
58 88
58 94
58 100
58 101
58 102
58 110
58 123
58 124
58 132
58 139
59 11
59 17
59 23
59 24
59 25
59 34
59 45
59 51
59 52
59 68
59 77
59 80
59 83
59 84
59 90
59 107
59 109
59 127
59 129
59 130
60 2
60 8
60 12
60 19
60 28
60 43
60 44
60 53
60 55
60 62
60 78
60 88
60 99
60 101
60 102
60 123
60 124
60 132
61 25
61 84
62 2
62 8
62 12
62 78
62 88
62 101
62 123
62 132
63 32
65 17
65 32
65 47
65 51
65 52
65 63
65 76
65 115
65 127
65 130
67 11
67 20
67 25
67 27
67 28
67 29
67 33
67 43
67 44
67 49
67 56
67 61
67 71
67 75
67 83
67 84
67 99
67 102
67 103
67 107
67 113
67 119
67 128
67 132
68 11
68 17
68 24
68 25
68 34
68 52
68 77
68 80
68 83
68 84
68 107
68 109
68 129
68 130
69 2
69 3
69 6
69 12
69 22
69 38
69 40
69 46
69 48
69 50
69 64
69 85
69 94
69 97
69 100
69 101
69 110
69 112
69 123
69 124
69 126
69 138
70 1
70 2
70 8
70 12
70 19
70 20
70 25
70 27
70 28
70 33
70 43
70 44
70 49
70 55
70 56
70 62
70 78
70 88
70 93
70 99
70 101
70 102
70 113
70 119
70 122
70 123
70 132
70 135
71 11
71 20
71 25
71 27
71 28
71 29
71 49
71 56
71 61
71 83
71 84
71 103
71 107
71 113
72 2
72 6
72 8
72 10
72 12
72 14
72 22
72 38
72 40
72 62
72 64
72 78
72 88
72 91
72 94
72 100
72 101
72 110
72 112
72 123
72 124
72 126
72 132
72 139
73 1
73 2
73 8
73 12
73 19
73 20
73 25
73 27
73 28
73 29
73 33
73 42
73 43
73 44
73 49
73 53
73 55
73 56
73 60
73 61
73 62
73 64
73 70
73 75
73 78
73 84
73 88
73 93
73 94
73 99
73 101
73 102
73 103
73 107
73 113
73 119
73 122
73 123
73 124
73 132
73 135
73 141
74 11
74 17
74 20
74 25
74 27
74 28
74 29
74 37
74 44
74 45
74 49
74 56
74 61
74 71
74 75
74 77
74 80
74 83
74 84
74 103
74 107
74 109
74 113
74 119
74 128
74 129
75 20
75 25
75 27
75 28
75 29
75 44
75 49
75 56
75 61
75 84
75 103
75 107
75 113
75 119
76 51
76 127
76 130
77 17
78 88
78 123
79 11
79 17
79 19
79 20
79 24
79 25
79 27
79 28
79 29
79 33
79 37
79 42
79 43
79 44
79 45
79 49
79 56
79 61
79 67
79 71
79 74
79 75
79 77
79 80
79 82
79 83
79 84
79 88
79 90
79 99
79 102
79 103
79 107
79 108
79 109
79 111
79 113
79 119
79 122
79 123
79 128
79 129
79 131
79 132
79 134
80 25
80 83
80 84
80 107
81 11
81 17
81 20
81 24
81 25
81 27
81 28
81 29
81 33
81 34
81 37
81 43
81 44
81 45
81 49
81 52
81 56
81 61
81 68
81 71
81 74
81 75
81 77
81 80
81 82
81 83
81 84
81 90
81 96
81 103
81 106
81 107
81 109
81 111
81 113
81 119
81 127
81 128
81 129
81 130
81 132
81 134
82 11
82 17
82 20
82 25
82 27
82 28
82 29
82 37
82 44
82 45
82 49
82 56
82 61
82 71
82 74
82 75
82 77
82 80
82 83
82 84
82 90
82 103
82 107
82 109
82 113
82 119
82 128
82 129
85 40
85 110
86 2
86 6
86 8
86 10
86 12
86 14
86 22
86 40
86 62
86 64
86 78
86 88
86 91
86 94
86 100
86 101
86 110
86 112
86 123
86 124
86 126
86 132
86 139
87 5
87 11
87 17
87 20
87 23
87 24
87 25
87 27
87 28
87 29
87 34
87 37
87 45
87 49
87 51
87 52
87 56
87 61
87 68
87 71
87 77
87 80
87 83
87 84
87 90
87 96
87 103
87 107
87 109
87 113
87 119
87 127
87 128
87 129
87 130
87 134
88 123
89 17
89 32
89 39
89 47
89 51
89 52
89 63
89 65
89 76
89 77
89 92
89 115
89 118
89 121
89 127
89 130
90 11
90 17
90 25
90 45
90 77
90 80
90 83
90 84
90 107
90 109
90 129
91 2
91 6
91 10
91 12
91 22
91 40
91 64
91 88
91 94
91 100
91 101
91 110
91 123
91 124
91 126
92 17
92 51
92 52
92 76
92 77
92 127
92 130
93 2
93 8
93 12
93 19
93 27
93 28
93 33
93 43
93 44
93 55
93 62
93 78
93 88
93 99
93 101
93 102
93 113
93 122
93 123
93 132
93 135
94 2
94 12
94 64
94 124
95 2
95 3
95 6
95 8
95 9
95 10
95 12
95 14
95 16
95 19
95 22
95 31
95 38
95 40
95 43
95 46
95 48
95 50
95 55
95 58
95 62
95 64
95 69
95 72
95 78
95 85
95 86
95 88
95 91
95 94
95 97
95 99
95 100
95 101
95 102
95 110
95 112
95 123
95 124
95 125
95 126
95 132
95 138
95 139
96 11
96 17
96 24
96 25
96 27
96 34
96 45
96 49
96 52
96 56
96 61
96 68
96 77
96 80
96 83
96 84
96 90
96 103
96 107
96 109
96 113
96 127
96 129
96 130
98 11
98 17
98 23
98 24
98 25
98 34
98 51
98 52
98 68
98 76
98 77
98 80
98 83
98 84
98 92
98 107
98 109
98 127
98 129
98 130
99 102
99 132
100 2
100 12
100 64
100 94
100 124
101 123
102 132
103 25
103 49
103 61
103 84
103 107
103 113
104 1
104 2
104 8
104 9
104 10
104 12
104 14
104 16
104 19
104 20
104 25
104 27
104 28
104 31
104 33
104 43
104 44
104 49
104 53
104 55
104 56
104 60
104 62
104 64
104 70
104 78
104 88
104 93
104 94
104 99
104 100
104 101
104 102
104 113
104 119
104 122
104 123
104 124
104 132
104 135
104 141
105 5
105 11
105 17
105 23
105 24
105 25
105 34
105 45
105 47
105 49
105 51
105 52
105 59
105 61
105 68
105 76
105 77
105 80
105 83
105 84
105 90
105 92
105 98
105 103
105 107
105 109
105 113
105 127
105 129
105 130
105 133
106 11
106 17
106 20
106 24
106 25
106 27
106 28
106 29
106 37
106 45
106 49
106 52
106 56
106 61
106 71
106 77
106 80
106 83
106 84
106 90
106 103
106 107
106 109
106 113
106 119
106 128
106 129
106 130
106 134
108 11
108 17
108 20
108 24
108 25
108 27
108 28
108 29
108 33
108 37
108 43
108 44
108 45
108 49
108 56
108 61
108 67
108 71
108 74
108 75
108 77
108 80
108 82
108 83
108 84
108 90
108 99
108 102
108 103
108 107
108 109
108 111
108 113
108 119
108 128
108 129
108 132
108 134
109 17
109 25
109 83
109 84
109 107
111 11
111 17
111 20
111 25
111 27
111 28
111 29
111 37
111 43
111 44
111 45
111 49
111 56
111 61
111 71
111 74
111 75
111 77
111 80
111 82
111 83
111 84
111 90
111 103
111 107
111 109
111 113
111 119
111 128
111 129
111 132
112 2
112 6
112 12
112 22
112 40
112 64
112 94
112 100
112 101
112 110
112 123
112 124
112 126
114 66
115 51
115 76
115 127
115 130
116 5
116 11
116 17
116 20
116 23
116 24
116 25
116 27
116 28
116 29
116 34
116 37
116 45
116 49
116 51
116 52
116 56
116 59
116 61
116 68
116 71
116 76
116 77
116 80
116 83
116 84
116 90
116 92
116 96
116 103
116 107
116 109
116 113
116 119
116 127
116 129
116 130
117 2
117 3
117 6
117 7
117 8
117 10
117 12
117 14
117 15
117 22
117 38
117 40
117 46
117 48
117 50
117 57
117 62
117 64
117 66
117 69
117 72
117 78
117 85
117 88
117 91
117 94
117 97
117 100
117 101
117 110
117 112
117 120
117 123
117 124
117 126
117 132
117 138
117 139
118 17
118 47
118 51
118 52
118 76
118 77
118 92
118 115
118 121
118 127
118 130
119 20
119 25
119 27
119 28
119 49
119 56
119 113
120 2
120 3
120 6
120 7
120 10
120 12
120 15
120 22
120 38
120 40
120 46
120 48
120 50
120 57
120 64
120 66
120 69
120 85
120 88
120 91
120 94
120 97
120 100
120 101
120 110
120 112
120 123
120 124
120 126
120 138
121 17
121 47
121 51
121 52
121 76
121 77
121 92
121 127
121 130
122 19
122 27
122 28
122 33
122 43
122 44
122 88
122 99
122 102
122 113
122 123
122 132
125 2
125 6
125 8
125 9
125 10
125 12
125 14
125 22
125 40
125 58
125 62
125 64
125 78
125 88
125 91
125 94
125 99
125 100
125 101
125 102
125 110
125 123
125 124
125 126
125 132
125 139
126 64
126 110
127 130
128 11
128 20
128 25
128 27
128 28
128 29
128 49
128 56
128 61
128 71
128 83
128 84
128 103
128 107
128 113
128 119
129 17
129 25
129 77
129 80
129 83
129 84
129 107
129 109
131 11
131 17
131 19
131 20
131 25
131 27
131 28
131 29
131 33
131 37
131 42
131 43
131 44
131 45
131 49
131 56
131 61
131 67
131 71
131 74
131 75
131 77
131 80
131 83
131 84
131 99
131 102
131 103
131 107
131 109
131 113
131 119
131 123
131 128
131 129
131 132
133 5
133 11
133 17
133 23
133 24
133 25
133 34
133 45
133 49
133 51
133 52
133 59
133 61
133 68
133 76
133 77
133 80
133 83
133 84
133 90
133 92
133 98
133 103
133 107
133 109
133 113
133 127
133 129
133 130
134 11
134 17
134 20
134 24
134 25
134 27
134 28
134 29
134 37
134 45
134 49
134 56
134 61
134 71
134 77
134 80
134 83
134 84
134 90
134 103
134 107
134 109
134 113
134 119
134 128
134 129
135 19
135 28
135 43
135 44
135 88
135 99
135 102
135 113
135 123
135 132
136 17
136 23
136 32
136 47
136 51
136 52
136 76
136 77
136 83
136 92
136 115
136 118
136 121
136 127
136 130
137 5
137 11
137 17
137 20
137 23
137 24
137 25
137 27
137 28
137 29
137 33
137 34
137 37
137 43
137 44
137 45
137 49
137 51
137 52
137 56
137 61
137 68
137 71
137 74
137 75
137 77
137 80
137 81
137 82
137 83
137 84
137 90
137 96
137 103
137 106
137 107
137 109
137 111
137 113
137 119
137 127
137 128
137 129
137 130
137 132
137 134
138 2
138 6
138 12
138 22
138 38
138 40
138 46
138 48
138 64
138 85
138 94
138 100
138 101
138 110
138 112
138 123
138 124
138 126
139 2
139 6
139 10
139 12
139 22
139 64
139 78
139 88
139 94
139 100
139 101
139 110
139 123
139 124
140 5
140 11
140 17
140 20
140 23
140 24
140 25
140 27
140 28
140 29
140 34
140 37
140 43
140 44
140 45
140 49
140 51
140 52
140 56
140 59
140 61
140 68
140 71
140 74
140 75
140 76
140 77
140 80
140 82
140 83
140 84
140 87
140 90
140 96
140 103
140 106
140 107
140 109
140 111
140 113
140 119
140 127
140 128
140 129
140 130
140 132
140 134
141 1
141 2
141 8
141 12
141 19
141 20
141 25
141 27
141 28
141 33
141 43
141 44
141 49
141 53
141 55
141 56
141 60
141 62
141 70
141 78
141 88
141 93
141 99
141 101
141 102
141 113
141 119
141 122
141 123
141 124
141 132
141 135
