15 105
0 1 12 12
0 2 0 88
0 3 95 96
0 4 13 17
0 5 17 14
0 6 20 13
0 7 20 15
0 8 20 18
0 9 17 17
0 10 16 16
0 11 16 18
0 12 14 12
0 13 19 19
0 14 19 16
1 2 88 0
1 3 95 97
1 4 12 20
1 5 12 19
1 6 14 14
1 7 17 17
1 8 14 12
1 9 18 16
1 10 17 19
1 11 13 19
1 12 14 16
1 13 20 19
1 14 15 16
2 3 99 88
2 4 20 20
2 5 19 18
2 6 15 20
2 7 16 12
2 8 18 20
2 9 15 19
2 10 14 13
2 11 15 12
2 12 19 19
2 13 13 15
2 14 19 19
3 4 13 14
3 5 13 13
3 6 17 17
3 7 19 18
3 8 17 17
3 9 17 13
3 10 18 14
3 11 19 19
3 12 15 13
3 13 12 19
3 14 15 19
4 5 96 91
4 6 96 92
4 7 88 97
4 8 20 13
4 9 17 13
4 10 16 19
4 11 13 18
4 12 15 20
4 13 16 19
4 14 13 14
5 6 94 100
5 7 98 93
5 8 16 13
5 9 14 14
5 10 15 16
5 11 15 19
5 12 14 19
5 13 16 15
5 14 12 19
6 7 93 94
6 8 20 17
6 9 15 15
6 10 16 18
6 11 16 13
6 12 16 19
6 13 13 19
6 14 14 13
7 8 16 16
7 9 18 19
7 10 13 18
7 11 19 17
7 12 14 18
7 13 16 17
7 14 16 16
8 9 90 91
8 10 89 91
8 11 96 89
8 12 15 12
8 13 18 18
8 14 15 16
9 10 95 96
9 11 89 92
9 12 17 18
9 13 15 14
9 14 19 12
10 11 98 91
10 12 12 19
10 13 13 18
10 14 14 14
11 12 15 19
11 13 16 20
11 14 14 18
12 13 91 91
12 14 99 89
13 14 93 92
0 0
1 0.8
2 0.6
3 1
