17 136
0 1 6 6
0 2 0 94
0 3 95 98
0 4 21 9
0 5 9 9
0 6 20 7
0 7 20 21
0 8 24 7
0 9 14 14
0 10 18 23
0 11 15 8
0 12 19 18
0 13 24 8
0 14 21 17
0 15 23 16
0 16 21 7
1 2 94 0
1 3 97 99
1 4 14 7
1 5 6 17
1 6 12 21
1 7 21 19
1 8 8 13
1 9 9 11
1 10 19 11
1 11 17 11
1 12 20 12
1 13 10 19
1 14 7 17
1 15 21 20
1 16 19 21
2 3 97 97
2 4 14 16
2 5 17 9
2 6 24 8
2 7 12 15
2 8 22 11
2 9 14 8
2 10 16 10
2 11 24 19
2 12 20 19
2 13 9 16
2 14 19 15
2 15 14 8
2 16 21 14
3 4 9 12
3 5 14 9
3 6 24 21
3 7 23 25
3 8 11 8
3 9 22 22
3 10 17 9
3 11 19 10
3 12 10 24
3 13 11 16
3 14 17 7
3 15 10 19
3 16 24 24
4 5 98 99
4 6 97 96
4 7 97 95
4 8 19 21
4 9 8 22
4 10 15 6
4 11 12 11
4 12 11 11
4 13 9 23
4 14 22 24
4 15 16 20
4 16 21 24
5 6 100 98
5 7 98 98
5 8 19 21
5 9 15 10
5 10 12 16
5 11 23 9
5 12 13 24
5 13 14 11
5 14 6 20
5 15 20 8
5 16 11 18
6 7 98 98
6 8 8 21
6 9 23 7
6 10 22 16
6 11 24 11
6 12 24 21
6 13 15 7
6 14 22 25
6 15 15 23
6 16 25 16
7 8 19 9
7 9 20 13
7 10 7 12
7 11 13 13
7 12 12 24
7 13 22 23
7 14 15 17
7 15 24 15
7 16 12 8
8 9 97 96
8 10 100 98
8 11 94 96
8 12 23 10
8 13 8 13
8 14 10 7
8 15 9 25
8 16 20 17
9 10 95 100
9 11 94 99
9 12 25 7
9 13 22 14
9 14 25 9
9 15 10 22
9 16 13 12
10 11 95 96
10 12 11 13
10 13 18 22
10 14 15 6
10 15 18 15
10 16 7 12
11 12 11 22
11 13 22 21
11 14 11 9
11 15 9 23
11 16 18 10
12 13 97 100
12 14 100 95
12 15 97 100
12 16 23 23
13 14 94 99
13 15 98 96
13 16 21 6
14 15 99 96
14 16 16 11
15 16 22 17
0 0
1 0.8
2 0.6
3 1
