22 231
0 1 2 2
0 2 0 98
0 3 99 99
0 4 11 3
0 5 10 4
0 6 7 5
0 7 9 10
0 8 6 7
0 9 4 4
0 10 7 14
0 11 15 6
0 12 8 5
0 13 6 6
0 14 10 12
0 15 9 12
0 16 5 11
0 17 7 15
0 18 14 10
0 19 13 9
0 20 8 7
0 21 12 9
1 2 98 0
1 3 98 99
1 4 14 13
1 5 15 9
1 6 4 8
1 7 11 11
1 8 8 11
1 9 7 6
1 10 7 15
1 11 12 13
1 12 9 14
1 13 5 11
1 14 10 5
1 15 6 11
1 16 13 13
1 17 3 6
1 18 10 4
1 19 14 8
1 20 11 8
1 21 9 2
2 3 99 99
2 4 3 14
2 5 6 9
2 6 9 11
2 7 9 10
2 8 13 8
2 9 5 13
2 10 11 12
2 11 13 5
2 12 3 13
2 13 3 14
2 14 3 15
2 15 9 12
2 16 10 5
2 17 10 7
2 18 14 11
2 19 8 3
2 20 5 11
2 21 8 10
3 4 5 7
3 5 8 7
3 6 3 9
3 7 5 6
3 8 4 5
3 9 9 8
3 10 9 5
3 11 14 8
3 12 3 2
3 13 8 7
3 14 5 13
3 15 11 10
3 16 3 13
3 17 13 10
3 18 5 4
3 19 11 14
3 20 8 3
3 21 12 7
4 5 100 99
4 6 99 98
4 7 100 99
4 8 3 3
4 9 15 12
4 10 7 9
4 11 13 3
4 12 6 10
4 13 12 6
4 14 10 4
4 15 11 7
4 16 6 11
4 17 14 9
4 18 8 11
4 19 9 6
4 20 5 5
4 21 11 11
5 6 98 100
5 7 99 98
5 8 8 12
5 9 9 12
5 10 3 4
5 11 10 10
5 12 10 6
5 13 5 9
5 14 7 8
5 15 6 11
5 16 7 14
5 17 12 3
5 18 5 14
5 19 3 12
5 20 12 7
5 21 7 7
6 7 100 99
6 8 3 7
6 9 6 3
6 10 10 6
6 11 3 4
6 12 15 6
6 13 6 3
6 14 6 7
6 15 7 3
6 16 3 7
6 17 4 10
6 18 7 4
6 19 14 10
6 20 10 5
6 21 5 10
7 8 8 5
7 9 9 8
7 10 3 5
7 11 10 3
7 12 9 4
7 13 14 3
7 14 11 4
7 15 8 8
7 16 13 6
7 17 10 8
7 18 7 12
7 19 8 3
7 20 11 9
7 21 14 3
8 9 100 100
8 10 100 100
8 11 99 99
8 12 14 3
8 13 13 9
8 14 10 2
8 15 6 8
8 16 8 7
8 17 12 10
8 18 2 5
8 19 13 6
8 20 6 9
8 21 6 5
9 10 100 100
9 11 98 100
9 12 4 6
9 13 8 5
9 14 9 3
9 15 14 13
9 16 14 6
9 17 7 3
9 18 13 14
9 19 15 3
9 20 13 8
9 21 8 12
10 11 98 100
10 12 14 7
10 13 9 9
10 14 13 7
10 15 11 4
10 16 9 12
10 17 4 9
10 18 13 10
10 19 13 14
10 20 11 4
10 21 7 10
11 12 5 8
11 13 14 4
11 14 14 9
11 15 7 15
11 16 8 13
11 17 9 3
11 18 9 11
11 19 13 3
11 20 4 13
11 21 11 15
12 13 100 99
12 14 99 99
12 15 98 99
12 16 14 12
12 17 3 10
12 18 13 12
12 19 7 7
12 20 9 5
12 21 15 4
13 14 99 98
13 15 99 100
13 16 14 4
13 17 6 8
13 18 14 8
13 19 12 15
13 20 8 9
13 21 10 13
14 15 99 99
14 16 8 14
14 17 13 3
14 18 12 5
14 19 4 3
14 20 13 10
14 21 12 2
15 16 10 10
15 17 11 4
15 18 7 10
15 19 7 13
15 20 5 8
15 21 9 6
16 17 99 99
16 18 99 99
16 19 98 99
16 20 10 5
16 21 8 13
17 18 99 99
17 19 100 98
17 20 4 4
17 21 11 14
18 19 99 99
18 20 14 15
18 21 7 4
19 20 14 12
19 21 14 11
20 21 99 99
0 0
1 0.8
2 0.6
3 1
