25 300
0 1 2 2
0 2 0 98
0 3 98 100
0 4 7 9
0 5 6 3
0 6 6 6
0 7 6 8
0 8 8 4
0 9 6 8
0 10 3 6
0 11 6 5
0 12 7 6
0 13 9 7
0 14 6 5
0 15 9 7
0 16 4 8
0 17 3 8
0 18 3 4
0 19 9 4
0 20 5 8
0 21 8 3
0 22 9 5
0 23 9 3
0 24 6 6
1 2 98 0
1 3 99 98
1 4 5 8
1 5 8 6
1 6 2 5
1 7 9 9
1 8 9 3
1 9 5 8
1 10 9 2
1 11 9 6
1 12 9 3
1 13 8 5
1 14 2 9
1 15 7 8
1 16 7 3
1 17 3 9
1 18 2 5
1 19 4 6
1 20 8 6
1 21 3 5
1 22 9 10
1 23 2 6
1 24 3 3
2 3 100 98
2 4 4 9
2 5 10 8
2 6 9 8
2 7 6 5
2 8 6 6
2 9 5 8
2 10 9 2
2 11 6 8
2 12 5 2
2 13 5 4
2 14 8 9
2 15 9 2
2 16 2 4
2 17 3 6
2 18 8 8
2 19 8 3
2 20 3 7
2 21 3 9
2 22 6 6
2 23 5 4
2 24 5 7
3 4 6 5
3 5 5 5
3 6 5 7
3 7 4 5
3 8 3 8
3 9 9 8
3 10 7 9
3 11 8 6
3 12 9 5
3 13 10 6
3 14 3 3
3 15 4 9
3 16 3 5
3 17 4 7
3 18 5 9
3 19 2 4
3 20 7 8
3 21 8 7
3 22 6 7
3 23 7 5
3 24 6 3
4 5 99 98
4 6 98 99
4 7 99 100
4 8 2 2
4 9 9 10
4 10 6 7
4 11 8 3
4 12 9 8
4 13 8 9
4 14 8 3
4 15 7 5
4 16 10 3
4 17 8 8
4 18 6 8
4 19 6 5
4 20 9 10
4 21 8 9
4 22 10 6
4 23 10 9
4 24 5 5
5 6 99 99
5 7 100 99
5 8 9 5
5 9 5 10
5 10 3 7
5 11 8 7
5 12 6 5
5 13 9 7
5 14 5 8
5 15 4 3
5 16 7 10
5 17 3 6
5 18 5 5
5 19 3 4
5 20 9 6
5 21 7 10
5 22 5 7
5 23 5 5
5 24 6 8
6 7 99 99
6 8 6 2
6 9 2 6
6 10 8 6
6 11 4 5
6 12 7 3
6 13 3 6
6 14 3 8
6 15 2 7
6 16 2 7
6 17 4 9
6 18 5 8
6 19 9 5
6 20 10 7
6 21 5 4
6 22 9 10
6 23 4 4
6 24 6 9
7 8 5 4
7 9 7 9
7 10 6 5
7 11 9 6
7 12 7 9
7 13 3 5
7 14 9 6
7 15 6 5
7 16 5 2
7 17 5 2
7 18 3 3
7 19 9 6
7 20 8 3
7 21 6 10
7 22 9 8
7 23 6 3
7 24 6 4
8 9 98 98
8 10 99 99
8 11 100 98
8 12 7 6
8 13 5 2
8 14 3 8
8 15 3 6
8 16 2 8
8 17 10 5
8 18 4 9
8 19 8 6
8 20 3 5
8 21 2 6
8 22 3 10
8 23 5 6
8 24 2 10
9 10 98 98
9 11 98 100
9 12 2 6
9 13 10 3
9 14 5 6
9 15 5 4
9 16 3 8
9 17 6 7
9 18 2 4
9 19 4 8
9 20 9 4
9 21 3 4
9 22 5 7
9 23 7 7
9 24 5 6
10 11 99 99
10 12 3 5
10 13 4 8
10 14 4 2
10 15 6 6
10 16 2 9
10 17 3 8
10 18 7 7
10 19 8 10
10 20 4 6
10 21 5 5
10 22 2 4
10 23 8 2
10 24 5 7
11 12 9 3
11 13 9 5
11 14 3 5
11 15 8 6
11 16 6 8
11 17 3 4
11 18 5 8
11 19 3 5
11 20 5 9
11 21 4 7
11 22 6 8
11 23 4 8
11 24 8 6
12 13 100 100
12 14 99 100
12 15 99 98
12 16 6 8
12 17 2 3
12 18 7 8
12 19 8 9
12 20 9 9
12 21 9 5
12 22 3 7
12 23 7 7
12 24 9 10
13 14 100 99
13 15 99 99
13 16 5 4
13 17 9 4
13 18 5 6
13 19 9 4
13 20 7 5
13 21 5 3
13 22 10 2
13 23 6 4
13 24 10 5
14 15 99 100
14 16 8 3
14 17 4 5
14 18 6 2
14 19 5 5
14 20 6 3
14 21 5 2
14 22 10 3
14 23 2 3
14 24 10 10
15 16 4 5
15 17 6 4
15 18 3 6
15 19 3 6
15 20 7 10
15 21 5 9
15 22 3 2
15 23 6 9
15 24 9 9
16 17 99 99
16 18 99 98
16 19 99 99
16 20 4 9
16 21 10 4
16 22 4 6
16 23 9 8
16 24 5 3
17 18 100 100
17 19 100 100
17 20 7 4
17 21 7 5
17 22 8 5
17 23 3 8
17 24 6 9
18 19 100 99
18 20 5 9
18 21 5 8
18 22 6 4
18 23 5 7
18 24 7 2
19 20 6 10
19 21 4 4
19 22 3 6
19 23 8 6
19 24 4 8
20 21 99 99
20 22 100 99
20 23 98 100
20 24 6 3
21 22 100 99
21 23 98 99
21 24 7 8
22 23 99 100
22 24 6 2
23 24 9 10
0 0
1 0.8
2 0.6
3 1
