35 595
0 1 2 2
0 2 0 98
0 3 98 99
0 4 3 8
0 5 14 9
0 6 8 16
0 7 17 12
0 8 10 14
0 9 3 6
0 10 15 14
0 11 8 4
0 12 3 17
0 13 9 16
0 14 13 14
0 15 6 15
0 16 3 6
0 17 13 11
0 18 7 7
0 19 9 15
0 20 4 15
0 21 4 14
0 22 3 14
0 23 16 12
0 24 11 7
0 25 12 6
0 26 10 6
0 27 11 6
0 28 14 3
0 29 9 11
0 30 15 2
0 31 3 17
0 32 12 9
0 33 4 14
0 34 12 15
1 2 98 0
1 3 99 99
1 4 8 16
1 5 3 2
1 6 4 6
1 7 14 13
1 8 3 5
1 9 3 3
1 10 13 6
1 11 14 7
1 12 6 14
1 13 4 5
1 14 16 17
1 15 17 16
1 16 11 10
1 17 9 17
1 18 8 15
1 19 14 11
1 20 2 14
1 21 6 6
1 22 6 4
1 23 15 10
1 24 3 4
1 25 14 7
1 26 8 6
1 27 17 5
1 28 5 7
1 29 10 6
1 30 6 10
1 31 17 10
1 32 12 10
1 33 4 18
1 34 7 16
2 3 100 98
2 4 13 9
2 5 5 4
2 6 9 14
2 7 4 13
2 8 7 8
2 9 13 13
2 10 5 3
2 11 16 6
2 12 6 4
2 13 2 17
2 14 11 18
2 15 13 8
2 16 16 3
2 17 4 12
2 18 12 9
2 19 18 8
2 20 14 14
2 21 7 17
2 22 17 9
2 23 16 9
2 24 10 7
2 25 11 7
2 26 16 12
2 27 17 13
2 28 11 10
2 29 14 9
2 30 13 9
2 31 4 2
2 32 6 6
2 33 9 14
2 34 16 6
3 4 15 8
3 5 8 13
3 6 13 3
3 7 12 17
3 8 13 12
3 9 4 14
3 10 14 15
3 11 11 9
3 12 11 14
3 13 4 15
3 14 6 10
3 15 4 13
3 16 9 11
3 17 3 7
3 18 4 9
3 19 18 12
3 20 11 11
3 21 11 8
3 22 10 9
3 23 18 7
3 24 14 5
3 25 14 7
3 26 2 16
3 27 16 11
3 28 13 6
3 29 16 10
3 30 9 9
3 31 10 8
3 32 14 11
3 33 18 8
3 34 5 15
4 5 100 98
4 6 98 99
4 7 99 100
4 8 13 6
4 9 13 14
4 10 16 15
4 11 15 16
4 12 17 8
4 13 9 5
4 14 10 12
4 15 11 2
4 16 17 17
4 17 9 3
4 18 6 2
4 19 8 10
4 20 13 2
4 21 6 16
4 22 6 16
4 23 5 8
4 24 15 9
4 25 6 10
4 26 16 8
4 27 7 13
4 28 3 7
4 29 3 14
4 30 16 12
4 31 14 6
4 32 15 12
4 33 15 11
4 34 13 5
5 6 100 98
5 7 99 99
5 8 15 12
5 9 14 16
5 10 14 13
5 11 13 4
5 12 3 5
5 13 5 2
5 14 10 8
5 15 8 17
5 16 17 5
5 17 3 8
5 18 5 8
5 19 11 5
5 20 15 9
5 21 7 13
5 22 8 3
5 23 4 4
5 24 11 17
5 25 14 14
5 26 8 16
5 27 7 6
5 28 7 8
5 29 17 14
5 30 17 4
5 31 10 7
5 32 12 2
5 33 12 13
5 34 6 11
6 7 100 98
6 8 15 9
6 9 8 11
6 10 16 7
6 11 17 14
6 12 9 13
6 13 14 14
6 14 3 14
6 15 5 4
6 16 4 7
6 17 12 7
6 18 17 8
6 19 15 3
6 20 3 10
6 21 6 17
6 22 4 18
6 23 7 6
6 24 2 4
6 25 11 11
6 26 10 15
6 27 4 3
6 28 14 6
6 29 9 8
6 30 3 17
6 31 12 17
6 32 10 4
6 33 7 11
6 34 6 8
7 8 10 11
7 9 3 10
7 10 5 14
7 11 14 15
7 12 8 4
7 13 16 5
7 14 11 8
7 15 12 7
7 16 8 5
7 17 4 6
7 18 12 15
7 19 14 13
7 20 13 13
7 21 14 15
7 22 8 5
7 23 6 18
7 24 11 4
7 25 9 9
7 26 14 4
7 27 7 15
7 28 12 11
7 29 4 11
7 30 15 15
7 31 12 3
7 32 10 11
7 33 10 3
7 34 11 11
8 9 99 99
8 10 99 98
8 11 100 100
8 12 11 15
8 13 18 14
8 14 5 13
8 15 8 10
8 16 8 4
8 17 9 11
8 18 6 16
8 19 10 16
8 20 8 17
8 21 11 5
8 22 8 17
8 23 6 13
8 24 14 6
8 25 13 12
8 26 13 5
8 27 7 10
8 28 4 7
8 29 10 15
8 30 7 12
8 31 11 15
8 32 3 17
8 33 14 8
8 34 17 3
9 10 99 98
9 11 99 99
9 12 16 6
9 13 16 4
9 14 4 8
9 15 9 5
9 16 11 3
9 17 17 9
9 18 15 17
9 19 18 5
9 20 3 14
9 21 8 3
9 22 2 14
9 23 16 14
9 24 9 5
9 25 17 13
9 26 17 7
9 27 4 6
9 28 8 8
9 29 5 13
9 30 5 14
9 31 16 3
9 32 3 9
9 33 17 17
9 34 9 4
10 11 99 99
10 12 2 11
10 13 15 14
10 14 16 2
10 15 15 4
10 16 7 8
10 17 6 14
10 18 18 4
10 19 15 7
10 20 7 7
10 21 13 11
10 22 3 12
10 23 16 6
10 24 16 11
10 25 8 9
10 26 11 7
10 27 12 17
10 28 13 3
10 29 11 17
10 30 5 8
10 31 5 3
10 32 9 14
10 33 12 7
10 34 14 15
11 12 9 14
11 13 8 16
11 14 8 17
11 15 8 12
11 16 16 15
11 17 11 11
11 18 2 17
11 19 6 7
11 20 14 6
11 21 4 6
11 22 2 15
11 23 8 5
11 24 12 3
11 25 15 16
11 26 4 6
11 27 14 2
11 28 18 5
11 29 5 17
11 30 9 11
11 31 14 5
11 32 15 7
11 33 12 15
11 34 12 4
12 13 100 99
12 14 98 100
12 15 99 100
12 16 6 13
12 17 15 9
12 18 15 16
12 19 13 16
12 20 17 16
12 21 17 10
12 22 6 6
12 23 8 18
12 24 14 18
12 25 11 9
12 26 15 8
12 27 14 2
12 28 11 6
12 29 2 4
12 30 6 14
12 31 3 7
12 32 12 11
12 33 12 9
12 34 9 12
13 14 100 99
13 15 100 98
13 16 8 12
13 17 6 9
13 18 13 9
13 19 3 17
13 20 10 17
13 21 9 12
13 22 17 16
13 23 12 14
13 24 11 17
13 25 2 13
13 26 5 10
13 27 14 11
13 28 14 10
13 29 6 13
13 30 10 12
13 31 2 9
13 32 7 13
13 33 12 14
13 34 12 4
14 15 100 99
14 16 14 15
14 17 17 18
14 18 8 11
14 19 10 13
14 20 7 4
14 21 8 6
14 22 3 15
14 23 10 8
14 24 13 12
14 25 9 13
14 26 6 5
14 27 5 16
14 28 12 15
14 29 8 3
14 30 4 2
14 31 13 4
14 32 3 7
14 33 4 2
14 34 2 6
15 16 14 15
15 17 16 3
15 18 18 11
15 19 9 3
15 20 13 16
15 21 7 17
15 22 5 12
15 23 3 15
15 24 6 16
15 25 11 13
15 26 15 10
15 27 15 12
15 28 5 9
15 29 5 10
15 30 8 13
15 31 8 11
15 32 17 11
15 33 14 11
15 34 11 16
16 17 98 100
16 18 99 98
16 19 98 100
16 20 5 17
16 21 12 5
16 22 17 4
16 23 15 14
16 24 16 4
16 25 15 15
16 26 17 9
16 27 9 12
16 28 7 7
16 29 11 2
16 30 9 17
16 31 14 12
16 32 3 13
16 33 5 16
16 34 8 10
17 18 100 99
17 19 100 98
17 20 18 13
17 21 9 6
17 22 14 15
17 23 7 17
17 24 12 5
17 25 8 12
17 26 17 16
17 27 5 14
17 28 6 5
17 29 6 4
17 30 15 17
17 31 2 14
17 32 4 6
17 33 10 6
17 34 4 3
18 19 99 99
18 20 4 5
18 21 10 14
18 22 13 10
18 23 15 14
18 24 18 4
18 25 7 3
18 26 2 7
18 27 6 14
18 28 11 9
18 29 16 11
18 30 7 18
18 31 16 8
18 32 14 4
18 33 8 4
18 34 7 11
19 20 9 6
19 21 11 5
19 22 6 6
19 23 13 10
19 24 5 6
19 25 8 7
19 26 15 7
19 27 9 13
19 28 14 6
19 29 10 9
19 30 12 6
19 31 14 9
19 32 10 7
19 33 18 16
19 34 10 6
20 21 98 99
20 22 99 100
20 23 98 98
20 24 17 13
20 25 3 3
20 26 16 10
20 27 9 14
20 28 15 18
20 29 13 3
20 30 17 12
20 31 13 4
20 32 13 6
20 33 16 10
20 34 4 10
21 22 99 98
21 23 99 100
21 24 15 11
21 25 8 7
21 26 8 4
21 27 17 7
21 28 10 12
21 29 16 8
21 30 14 16
21 31 17 18
21 32 3 7
21 33 9 12
21 34 17 2
22 23 98 98
22 24 8 18
22 25 6 14
22 26 10 17
22 27 18 6
22 28 5 5
22 29 18 13
22 30 14 11
22 31 7 5
22 32 5 14
22 33 14 14
22 34 14 15
23 24 13 11
23 25 5 10
23 26 12 13
23 27 12 9
23 28 12 14
23 29 16 12
23 30 14 17
23 31 10 5
23 32 4 12
23 33 6 7
23 34 10 15
24 25 100 99
24 26 99 99
24 27 99 100
24 28 9 9
24 29 4 10
24 30 15 3
24 31 7 5
24 32 7 14
24 33 15 12
24 34 8 2
25 26 99 99
25 27 100 100
25 28 13 16
25 29 14 5
25 30 15 15
25 31 17 16
25 32 13 9
25 33 9 5
25 34 7 5
26 27 99 98
26 28 7 13
26 29 4 16
26 30 12 4
26 31 14 14
26 32 8 10
26 33 11 7
26 34 7 11
27 28 16 7
27 29 5 15
27 30 16 14
27 31 12 10
27 32 16 10
27 33 9 10
27 34 12 10
28 29 98 100
28 30 99 99
28 31 98 99
28 32 10 15
28 33 16 9
28 34 12 14
29 30 100 99
29 31 99 98
29 32 15 10
29 33 6 2
29 34 11 3
30 31 98 99
30 32 14 11
30 33 18 6
30 34 4 14
31 32 11 16
31 33 6 2
31 34 9 9
32 33 98 100
32 34 98 99
33 34 98 98
0 0
1 0.8
2 0.6
3 1
