38 703
0 1 1 1
0 2 0 99
0 3 100 100
0 4 4 15
0 5 11 7
0 6 12 6
0 7 15 2
0 8 17 4
0 9 7 17
0 10 3 9
0 11 15 8
0 12 5 13
0 13 4 2
0 14 10 13
0 15 1 5
0 16 2 16
0 17 10 8
0 18 3 9
0 19 10 2
0 20 10 12
0 21 5 7
0 22 13 2
0 23 11 1
0 24 6 7
0 25 16 16
0 26 13 2
0 27 17 3
0 28 1 2
0 29 9 13
0 30 4 1
0 31 11 7
0 32 7 17
0 33 16 16
0 34 5 15
0 35 4 2
0 36 7 17
0 37 6 12
1 2 99 0
1 3 100 100
1 4 5 17
1 5 3 7
1 6 3 17
1 7 17 16
1 8 12 2
1 9 11 6
1 10 13 13
1 11 16 7
1 12 17 3
1 13 13 18
1 14 6 17
1 15 10 5
1 16 9 14
1 17 9 15
1 18 3 9
1 19 18 1
1 20 5 9
1 21 6 9
1 22 7 6
1 23 2 10
1 24 6 3
1 25 2 16
1 26 13 14
1 27 13 10
1 28 7 13
1 29 15 13
1 30 7 18
1 31 6 9
1 32 1 16
1 33 5 3
1 34 17 2
1 35 7 9
1 36 6 15
1 37 17 4
2 3 99 100
2 4 9 14
2 5 15 8
2 6 15 4
2 7 15 16
2 8 9 12
2 9 14 14
2 10 5 11
2 11 13 9
2 12 9 12
2 13 4 15
2 14 9 17
2 15 3 16
2 16 6 10
2 17 13 14
2 18 16 3
2 19 11 8
2 20 14 16
2 21 4 15
2 22 15 9
2 23 2 1
2 24 5 2
2 25 17 1
2 26 15 9
2 27 7 15
2 28 12 8
2 29 11 4
2 30 6 4
2 31 18 16
2 32 4 12
2 33 11 11
2 34 4 16
2 35 16 17
2 36 9 3
2 37 8 2
3 4 6 13
3 5 14 9
3 6 11 6
3 7 2 4
3 8 6 4
3 9 5 16
3 10 13 7
3 11 4 1
3 12 10 16
3 13 17 6
3 14 5 17
3 15 14 14
3 16 11 8
3 17 1 15
3 18 16 4
3 19 13 15
3 20 8 7
3 21 4 18
3 22 5 16
3 23 14 17
3 24 18 2
3 25 6 9
3 26 5 12
3 27 8 7
3 28 10 13
3 29 8 6
3 30 2 13
3 31 13 14
3 32 6 14
3 33 9 11
3 34 14 4
3 35 14 4
3 36 12 7
3 37 4 14
4 5 99 100
4 6 100 99
4 7 100 99
4 8 5 8
4 9 2 18
4 10 8 5
4 11 17 10
4 12 16 7
4 13 12 17
4 14 9 7
4 15 10 11
4 16 2 12
4 17 7 9
4 18 17 2
4 19 16 12
4 20 11 8
4 21 9 4
4 22 9 6
4 23 3 3
4 24 13 8
4 25 15 5
4 26 2 3
4 27 5 7
4 28 6 16
4 29 9 11
4 30 5 10
4 31 8 11
4 32 18 7
4 33 4 17
4 34 3 14
4 35 1 16
4 36 8 1
4 37 6 10
5 6 99 99
5 7 100 99
5 8 13 9
5 9 15 14
5 10 5 13
5 11 13 5
5 12 3 12
5 13 16 5
5 14 14 12
5 15 8 10
5 16 1 1
5 17 2 1
5 18 6 4
5 19 8 11
5 20 11 11
5 21 7 6
5 22 8 5
5 23 1 11
5 24 15 17
5 25 13 3
5 26 17 8
5 27 2 10
5 28 2 8
5 29 7 9
5 30 13 14
5 31 3 12
5 32 17 6
5 33 14 5
5 34 17 3
5 35 9 5
5 36 5 7
5 37 11 9
6 7 100 99
6 8 15 6
6 9 3 6
6 10 8 1
6 11 8 13
6 12 17 5
6 13 5 13
6 14 14 2
6 15 12 17
6 16 3 14
6 17 8 17
6 18 3 12
6 19 10 7
6 20 4 3
6 21 7 10
6 22 8 15
6 23 11 11
6 24 1 3
6 25 7 12
6 26 8 9
6 27 13 2
6 28 4 5
6 29 7 14
6 30 17 7
6 31 6 13
6 32 14 7
6 33 14 7
6 34 9 8
6 35 7 10
6 36 16 14
6 37 7 7
7 8 14 10
7 9 13 11
7 10 18 8
7 11 5 2
7 12 13 18
7 13 3 7
7 14 7 17
7 15 5 6
7 16 16 7
7 17 3 4
7 18 8 3
7 19 13 14
7 20 2 11
7 21 16 3
7 22 5 13
7 23 16 5
7 24 3 5
7 25 16 7
7 26 6 17
7 27 16 17
7 28 6 7
7 29 11 6
7 30 6 16
7 31 18 4
7 32 16 16
7 33 17 9
7 34 10 5
7 35 2 15
7 36 6 4
7 37 11 11
8 9 99 100
8 10 100 99
8 11 100 100
8 12 4 11
8 13 2 7
8 14 12 14
8 15 7 11
8 16 9 12
8 17 3 6
8 18 13 14
8 19 4 10
8 20 15 16
8 21 17 8
8 22 9 17
8 23 17 4
8 24 4 8
8 25 13 11
8 26 6 2
8 27 14 5
8 28 8 13
8 29 16 17
8 30 11 12
8 31 1 8
8 32 15 14
8 33 13 11
8 34 6 3
8 35 8 5
8 36 1 12
8 37 2 6
9 10 100 100
9 11 100 99
9 12 4 16
9 13 15 13
9 14 11 11
9 15 15 2
9 16 8 1
9 17 5 2
9 18 3 2
9 19 17 3
9 20 14 11
9 21 6 5
9 22 15 5
9 23 2 10
9 24 13 4
9 25 7 5
9 26 2 1
9 27 13 13
9 28 8 17
9 29 3 3
9 30 15 4
9 31 12 14
9 32 9 17
9 33 8 8
9 34 17 16
9 35 14 11
9 36 6 9
9 37 3 13
10 11 99 99
10 12 4 11
10 13 15 14
10 14 16 7
10 15 6 8
10 16 12 2
10 17 8 7
10 18 15 11
10 19 17 1
10 20 2 12
10 21 18 7
10 22 13 14
10 23 11 3
10 24 4 15
10 25 9 14
10 26 3 17
10 27 16 12
10 28 7 4
10 29 17 16
10 30 10 8
10 31 6 17
10 32 18 1
10 33 7 4
10 34 13 17
10 35 12 17
10 36 13 17
10 37 14 1
11 12 7 11
11 13 4 11
11 14 8 7
11 15 9 10
11 16 1 14
11 17 10 1
11 18 18 16
11 19 7 2
11 20 10 5
11 21 13 2
11 22 2 4
11 23 10 4
11 24 12 1
11 25 2 14
11 26 1 11
11 27 9 10
11 28 10 11
11 29 1 1
11 30 17 7
11 31 17 5
11 32 3 8
11 33 7 10
11 34 10 5
11 35 6 7
11 36 8 1
11 37 13 18
12 13 99 99
12 14 100 100
12 15 100 100
12 16 15 18
12 17 4 11
12 18 13 1
12 19 9 11
12 20 12 16
12 21 2 5
12 22 9 13
12 23 11 15
12 24 10 4
12 25 4 3
12 26 4 17
12 27 16 12
12 28 15 3
12 29 15 16
12 30 12 5
12 31 3 6
12 32 11 15
12 33 17 12
12 34 10 15
12 35 16 16
12 36 15 15
12 37 8 9
13 14 99 100
13 15 100 100
13 16 11 5
13 17 12 12
13 18 10 2
13 19 15 16
13 20 5 8
13 21 3 8
13 22 3 1
13 23 11 3
13 24 12 4
13 25 5 10
13 26 8 11
13 27 12 17
13 28 5 10
13 29 14 9
13 30 12 17
13 31 8 15
13 32 10 16
13 33 2 13
13 34 2 5
13 35 15 4
13 36 9 15
13 37 8 5
14 15 100 99
14 16 1 6
14 17 4 10
14 18 16 4
14 19 10 7
14 20 16 1
14 21 16 3
14 22 16 14
14 23 3 14
14 24 5 12
14 25 15 12
14 26 16 8
14 27 12 16
14 28 14 5
14 29 1 15
14 30 5 18
14 31 7 18
14 32 17 6
14 33 7 13
14 34 17 12
14 35 8 12
14 36 15 5
14 37 17 14
15 16 9 6
15 17 6 1
15 18 11 5
15 19 4 3
15 20 3 15
15 21 15 6
15 22 4 8
15 23 14 10
15 24 17 1
15 25 4 7
15 26 2 12
15 27 8 8
15 28 3 14
15 29 16 3
15 30 14 11
15 31 8 2
15 32 13 17
15 33 14 4
15 34 11 2
15 35 13 16
15 36 16 12
15 37 16 15
16 17 99 100
16 18 100 99
16 19 100 100
16 20 4 9
16 21 3 6
16 22 2 10
16 23 13 16
16 24 4 5
16 25 3 9
16 26 4 3
16 27 5 12
16 28 6 17
16 29 6 11
16 30 5 16
16 31 13 6
16 32 14 5
16 33 15 12
16 34 6 13
16 35 14 18
16 36 9 9
16 37 12 4
17 18 100 99
17 19 100 100
17 20 3 3
17 21 13 10
17 22 7 18
17 23 17 5
17 24 8 17
17 25 4 12
17 26 13 5
17 27 10 11
17 28 9 10
17 29 12 2
17 30 13 2
17 31 5 6
17 32 16 12
17 33 5 7
17 34 10 18
17 35 15 10
17 36 4 13
17 37 14 9
18 19 100 100
18 20 4 11
18 21 9 16
18 22 14 8
18 23 8 9
18 24 12 14
18 25 16 14
18 26 2 10
18 27 14 8
18 28 4 7
18 29 2 17
18 30 6 11
18 31 2 11
18 32 3 16
18 33 17 5
18 34 16 7
18 35 15 9
18 36 17 5
18 37 8 6
19 20 15 10
19 21 5 3
19 22 1 16
19 23 9 3
19 24 10 11
19 25 16 11
19 26 6 18
19 27 8 5
19 28 3 2
19 29 15 13
19 30 14 9
19 31 14 5
19 32 5 2
19 33 6 4
19 34 7 16
19 35 8 8
19 36 6 5
19 37 5 18
20 21 100 99
20 22 100 99
20 23 99 100
20 24 11 4
20 25 5 4
20 26 13 6
20 27 5 12
20 28 16 14
20 29 6 9
20 30 17 10
20 31 1 5
20 32 17 14
20 33 12 16
20 34 15 11
20 35 15 6
20 36 4 15
20 37 3 6
21 22 99 100
21 23 100 99
21 24 4 5
21 25 6 13
21 26 9 3
21 27 7 11
21 28 13 2
21 29 9 16
21 30 7 16
21 31 3 6
21 32 5 14
21 33 6 5
21 34 11 5
21 35 10 4
21 36 8 13
21 37 3 16
22 23 99 100
22 24 3 13
22 25 13 18
22 26 10 10
22 27 10 12
22 28 16 3
22 29 6 12
22 30 7 9
22 31 13 13
22 32 7 1
22 33 8 16
22 34 16 2
22 35 4 10
22 36 6 14
22 37 10 12
23 24 18 6
23 25 13 3
23 26 4 6
23 27 10 13
23 28 6 3
23 29 15 17
23 30 13 15
23 31 10 16
23 32 3 11
23 33 6 1
23 34 9 2
23 35 7 18
23 36 2 17
23 37 18 4
24 25 100 100
24 26 100 99
24 27 100 99
24 28 3 15
24 29 16 12
24 30 14 12
24 31 3 5
24 32 14 9
24 33 9 12
24 34 5 9
24 35 13 10
24 36 3 5
24 37 12 14
25 26 99 99
25 27 100 99
25 28 16 5
25 29 6 12
25 30 10 14
25 31 10 16
25 32 10 6
25 33 6 12
25 34 13 8
25 35 16 10
25 36 15 4
25 37 3 4
26 27 100 100
26 28 5 4
26 29 12 15
26 30 12 15
26 31 4 6
26 32 17 7
26 33 5 13
26 34 7 11
26 35 16 1
26 36 1 6
26 37 7 1
27 28 11 12
27 29 5 13
27 30 7 3
27 31 7 9
27 32 5 9
27 33 6 11
27 34 16 13
27 35 1 10
27 36 8 16
27 37 11 15
28 29 100 100
28 30 100 100
28 31 99 99
28 32 6 14
28 33 15 17
28 34 10 12
28 35 12 12
28 36 18 16
28 37 8 12
29 30 99 100
29 31 100 99
29 32 13 3
29 33 16 7
29 34 3 8
29 35 14 13
29 36 16 3
29 37 16 12
30 31 99 99
30 32 4 7
30 33 5 5
30 34 8 8
30 35 8 6
30 36 13 13
30 37 11 17
31 32 5 10
31 33 15 10
31 34 1 2
31 35 8 12
31 36 11 12
31 37 7 8
32 33 99 100
32 34 100 99
32 35 99 100
32 36 5 12
32 37 13 4
33 34 99 99
33 35 100 100
33 36 17 13
33 37 18 2
34 35 99 100
34 36 15 3
34 37 17 11
35 36 7 5
35 37 9 13
36 37 100 99
0 0
1 0.8
2 0.6
3 1
