 SUPORTADAS
				Arvore 1
				0 5 7 5 76
				0 3 9 15 38
				5 6 9 47 5
				2 3 11 53 80
				1 6 23 34 34
				2 4 27 25 10
				(86,179,243)

					Arvore 2
					5 6 9 47 5
					0 3 9 15 38
					2 4 27 25 10
					1 6 23 34 34
					0 5 7 5 76
					0 4 28 54 48
					(103,180,211)

					Arvore 3
					0 5 7 5 76
					0 3 9 15 38
					2 4 27 25 10
					1 6 23 34 34
					5 6 9 47 5
					2 5 32 31 81
					(107,157,244)

					Arvore 4
					5 6 9 47 5
					2 4 27 25 10
					0 3 9 15 38
					1 6 23 34 34
					0 5 7 5 76
					0 2 47 58 18
					(122,184,181)

					Arvore 5
					0 5 7 5 76
					0 3 9 15 38
					2 4 27 25 10
					2 6 52 21 32
					1 6 23 34 34
					2 5 32 31 81
					(150,131,271)

					Arvore 6
					5 6 9 47 5
					2 4 27 25 10
					0 3 9 15 38
					1 6 23 34 34
					3 5 50 77 11
					0 2 47 58 18
					(165,256,116)

					Arvore 7
					2 4 27 25 10
					1 4 73 21 26
					0 3 9 15 38
					2 6 52 21 32
					0 5 7 5 76
					5 6 9 47 5
					(177,134,187)

						Arvore 8
						0 5 7 5 76
						0 3 9 15 38
						2 6 52 21 32
						2 4 27 25 10
						1 4 73 21 26
						2 5 32 31 81
						(200,118,263)

						Arvore 9
						5 6 9 47 5
						2 4 27 25 10
						3 5 50 77 11
						0 2 47 58 18
						3 4 44 43 30
						1 6 23 34 34
						(200,284,108)

						Arvore 10
						2 4 27 25 10
						1 4 73 21 26
						5 6 9 47 5
						2 6 52 21 32
						0 3 9 15 38
						3 4 44 43 30
						(214,172,141)

						Arvore 11
						2 4 27 25 10
						5 6 9 47 5
						1 4 73 21 26
						2 6 52 21 32
						0 3 9 15 38
						0 2 47 58 18
						(217,187,129)

						Arvore 12
						5 6 9 47 5
						2 4 27 25 10
						3 5 50 77 11
						0 2 47 58 18
						1 4 73 21 26
						3 4 44 43 30
						(250,271,100)

						Arvore 13
						2 4 27 25 10
						5 6 9 47 5
						1 4 73 21 26
						2 6 52 21 32
						0 2 47 58 18
						3 5 50 77 11
						(258,249,102)

						Arvore 14
						0 5 7 5 76
						0 3 9 15 38
						2 6 52 21 32
						1 4 73 21 26
						2 4 27 25 10
						4 5 94 28 62
						(262,115,244)

Resultado 
 NAO SUPORTADAS
						Arvore 15
						0 5 7 5 76
						0 3 9 15 38
						2 4 27 25 10
						5 6 9 47 5
						1 6 23 34 34
						2 6 52 21 32
						(127,147,195)

						Arvore 16
						5 6 9 47 5
						0 3 9 15 38
						2 4 27 25 10
						1 6 23 34 34
						2 3 11 53 80
						3 5 50 77 11
						(129,251,178)

						Arvore 17
						5 6 9 47 5
						0 3 9 15 38
						2 4 27 25 10
						1 6 23 34 34
						0 4 28 54 48
						3 5 50 77 11
						(146,252,146)

						Arvore 18
						5 6 9 47 5
						2 4 27 25 10
						0 3 9 15 38
						1 6 23 34 34
						3 5 50 77 11
						3 4 44 43 30
						(162,241,128)

						Arvore 19
						2 4 27 25 10
						1 4 73 21 26
						0 3 9 15 38
						5 6 9 47 5
						3 4 44 43 30
						0 5 7 5 76
						(169,156,185)

						Arvore 20
						0 5 7 5 76
						0 3 9 15 38
						1 6 23 34 34
						2 6 52 21 32
						2 5 32 31 81
						1 4 73 21 26
						(196,127,287)

						Arvore 21
						2 4 27 25 10
						1 4 73 21 26
						2 6 52 21 32
						5 6 9 47 5
						3 4 44 43 30
						0 5 7 5 76
						(212,162,179)

						Arvore 22
						2 4 27 25 10
						5 6 9 47 5
						1 4 73 21 26
						0 3 9 15 38
						3 5 50 77 11
						3 4 44 43 30
						(212,228,120)

								Arvore 23
								2 4 27 25 10
								5 6 9 47 5
								1 4 73 21 26
								0 2 47 58 18
								0 3 9 15 38
								3 5 50 77 11
								(215,243,108)

							Arvore 24
							2 4 27 25 10
							5 6 9 47 5
							1 4 73 21 26
							2 6 52 21 32
							0 3 9 15 38
							3 5 50 77 11
							(220,206,122)

							Arvore 25
							2 4 27 25 10
							1 4 73 21 26
							0 3 9 15 38
							2 6 52 21 32
							5 6 9 47 5
							0 1 59 38 60
							(229,167,171)

						Arvore 26
						2 4 27 25 10
						5 6 9 47 5
						1 4 73 21 26
						2 6 52 21 32
						0 2 47 58 18
						3 4 44 43 30
						(252,215,121)

