0 1 67 37
0 2 9 92
0 3 28 66
0 4 47 48
0 5 49 47
0 6 98 10
0 7 27 67
0 8 27 65
0 9 20 78
0 10 86 16
0 11 82 17
0 12 63 41
0 13 63 37
0 14 72 26
0 15 32 61
0 16 78 24
0 17 88 22
0 18 57 41
0 19 55 39
0 20 65 34
0 21 72 30
0 22 82 23
0 23 81 18
0 24 65 37
0 25 39 62
0 26 42 53
0 27 5 93
0 28 47 55
0 29 81 27
0 30 8 84
0 31 45 59
0 32 13 82
0 33 39 59
0 34 94 14
0 35 60 34
0 36 77 33
0 37 69 28
0 38 20 79
0 39 23 77
0 40 46 53
0 41 65 32
0 42 85 26
0 43 71 26
0 44 9 82
0 45 49 52
0 46 13 82
0 47 79 20
0 48 97 12
0 49 1 89
0 50 61 41
0 51 76 21
0 52 10 86
0 53 47 48
0 54 79 28
0 55 42 57
0 56 59 39
0 57 7 83
0 58 75 22
0 59 83 20
0 60 4 85
0 61 90 16
0 62 38 59
0 63 55 46
0 64 89 11
0 65 74 28
0 66 3 91
0 67 37 55
0 68 96 6
0 69 62 32
0 70 70 32
0 71 57 43
0 72 2 95
0 73 80 19
0 74 75 25
0 75 40 53
0 76 73 27
0 77 31 60
0 78 52 54
0 79 74 25
0 80 31 70
0 81 20 76
0 82 86 25
0 83 54 44
0 84 49 43
0 85 41 59
0 86 6 94
0 87 53 49
0 88 79 21
0 89 33 62
0 90 79 20
0 91 88 13
0 92 28 71
0 93 83 19
0 94 55 44
0 95 97 4
0 96 51 43
0 97 86 18
0 98 69 39
0 99 14 76
1 2 74 30
1 3 26 72
1 4 43 53
1 5 73 24
1 6 32 66
1 7 50 48
1 8 55 53
1 9 49 57
1 10 90 14
1 11 65 40
1 12 56 41
1 13 62 44
1 14 9 85
1 15 7 91
1 16 87 23
1 17 21 72
1 18 53 49
1 19 82 22
1 20 5 87
1 21 21 82
1 22 68 41
1 23 99 9
1 24 32 69
1 25 83 28
1 26 66 41
1 27 33 70
1 28 86 27
1 29 90 18
1 30 51 51
1 31 61 45
1 32 69 32
1 33 5 83
1 34 26 73
1 35 39 54
1 36 82 18
1 37 28 69
1 38 52 46
1 39 18 80
1 40 100 11
1 41 52 41
1 42 51 54
1 43 74 28
1 44 49 51
1 45 25 76
1 46 28 66
1 47 86 26
1 48 24 77
1 49 5 94
1 50 62 47
1 51 64 46
1 52 12 76
1 53 81 25
1 54 100 12
1 55 67 28
1 56 45 55
1 57 82 18
1 58 54 52
1 59 32 57
1 60 11 87
1 61 16 75
1 62 100 7
1 63 25 64
1 64 88 13
1 65 40 62
1 66 98 11
1 67 37 56
1 68 57 39
1 69 98 17
1 70 19 80
1 71 62 43
1 72 56 41
1 73 48 53
1 74 27 71
1 75 87 20
1 76 1 87
1 77 62 43
1 78 59 45
1 79 60 48
1 80 55 52
1 81 28 64
1 82 42 61
1 83 43 54
1 84 54 45
1 85 27 75
1 86 61 40
1 87 76 28
1 88 30 73
1 89 14 81
1 90 96 9
1 91 52 47
1 92 23 66
1 93 11 87
1 94 7 81
1 95 80 22
1 96 7 93
1 97 0 88
1 98 18 78
1 99 48 45
2 3 63 40
2 4 69 32
2 5 67 38
2 6 21 82
2 7 73 26
2 8 36 64
2 9 2 84
2 10 42 52
2 11 74 34
2 12 32 72
2 13 7 93
2 14 56 46
2 15 65 42
2 16 83 22
2 17 53 42
2 18 0 95
2 19 50 52
2 20 12 89
2 21 44 50
2 22 44 49
2 23 12 83
2 24 63 43
2 25 84 23
2 26 30 65
2 27 99 14
2 28 48 50
2 29 0 92
2 30 15 82
2 31 32 59
2 32 20 76
2 33 40 62
2 34 28 69
2 35 72 36
2 36 8 91
2 37 67 32
2 38 35 65
2 39 46 47
2 40 94 11
2 41 72 39
2 42 39 64
2 43 21 81
2 44 9 78
2 45 49 56
2 46 62 37
2 47 80 27
2 48 40 59
2 49 75 22
2 50 18 72
2 51 56 51
2 52 45 50
2 53 26 71
2 54 12 78
2 55 17 85
2 56 28 69
2 57 17 85
2 58 86 22
2 59 75 34
2 60 49 45
2 61 6 89
2 62 37 60
2 63 28 70
2 64 13 85
2 65 67 32
2 66 76 31
2 67 49 44
2 68 54 40
2 69 28 64
2 70 57 50
2 71 72 31
2 72 35 61
2 73 67 30
2 74 5 93
2 75 66 43
2 76 68 37
2 77 15 85
2 78 65 41
2 79 92 12
2 80 27 64
2 81 60 43
2 82 90 17
2 83 6 82
2 84 28 68
2 85 21 78
2 86 37 60
2 87 85 28
2 88 91 18
2 89 9 90
2 90 11 87
2 91 78 27
2 92 48 52
2 93 28 64
2 94 53 54
2 95 26 69
2 96 89 11
2 97 52 45
2 98 87 21
2 99 19 73
3 4 27 76
3 5 85 20
3 6 49 55
3 7 18 72
3 8 92 10
3 9 45 59
3 10 96 17
3 11 87 18
3 12 31 67
3 13 97 4
3 14 22 70
3 15 72 26
3 16 28 64
3 17 40 52
3 18 69 28
3 19 69 28
3 20 10 79
3 21 56 38
3 22 56 47
3 23 39 52
3 24 46 54
3 25 19 80
3 26 73 26
3 27 54 49
3 28 55 48
3 29 50 57
3 30 52 46
3 31 33 57
3 32 10 89
3 33 25 69
3 34 94 5
3 35 83 23
3 36 62 47
3 37 86 20
3 38 27 67
3 39 17 72
3 40 17 85
3 41 57 43
3 42 27 69
3 43 40 56
3 44 56 51
3 45 65 35
3 46 81 19
3 47 62 42
3 48 88 23
3 49 38 64
3 50 37 55
3 51 69 33
3 52 13 78
3 53 88 21
3 54 78 25
3 55 20 77
3 56 97 12
3 57 94 9
3 58 72 26
3 59 39 61
3 60 52 49
3 61 40 59
3 62 24 67
3 63 6 94
3 64 89 17
3 65 24 73
3 66 46 50
3 67 81 26
3 68 25 78
3 69 13 86
3 70 49 44
3 71 2 93
3 72 81 24
3 73 38 60
3 74 93 15
3 75 33 64
3 76 48 56
3 77 35 68
3 78 99 1
3 79 97 10
3 80 81 27
3 81 32 59
3 82 65 33
3 83 27 76
3 84 9 82
3 85 65 35
3 86 10 90
3 87 6 94
3 88 59 39
3 89 1 90
3 90 39 64
3 91 34 70
3 92 41 60
3 93 63 42
3 94 43 61
3 95 56 38
3 96 63 41
3 97 15 87
3 98 43 52
3 99 9 90
4 5 11 84
4 6 35 66
4 7 11 76
4 8 47 52
4 9 24 68
4 10 90 11
4 11 79 22
4 12 30 63
4 13 74 32
4 14 6 82
4 15 7 86
4 16 7 85
4 17 71 26
4 18 30 61
4 19 20 72
4 20 54 51
4 21 76 28
4 22 84 17
4 23 77 24
4 24 54 43
4 25 20 77
4 26 28 72
4 27 67 32
4 28 84 23
4 29 10 85
4 30 56 42
4 31 77 28
4 32 88 23
4 33 89 20
4 34 91 11
4 35 50 44
4 36 16 79
4 37 54 52
4 38 10 78
4 39 86 18
4 40 36 66
4 41 79 28
4 42 8 84
4 43 96 7
4 44 40 57
4 45 25 77
4 46 26 69
4 47 91 11
4 48 41 61
4 49 49 48
4 50 65 41
4 51 33 69
4 52 75 34
4 53 100 4
4 54 47 56
4 55 43 55
4 56 62 35
4 57 21 74
4 58 6 84
4 59 6 92
4 60 93 11
4 61 73 24
4 62 60 48
4 63 2 89
4 64 88 19
4 65 79 25
4 66 35 66
4 67 73 28
4 68 26 78
4 69 16 83
4 70 49 55
4 71 87 18
4 72 40 60
4 73 2 87
4 74 13 84
4 75 57 42
4 76 28 73
4 77 30 64
4 78 13 77
4 79 0 92
4 80 80 18
4 81 41 55
4 82 80 27
4 83 17 75
4 84 13 84
4 85 9 90
4 86 80 27
4 87 56 50
4 88 20 73
4 89 42 63
4 90 18 83
4 91 2 90
4 92 96 12
4 93 32 59
4 94 80 20
4 95 30 72
4 96 3 89
4 97 64 36
4 98 56 40
4 99 75 22
5 6 36 61
5 7 47 49
5 8 51 53
5 9 3 97
5 10 84 18
5 11 67 38
5 12 28 62
5 13 12 76
5 14 47 55
5 15 39 52
5 16 0 89
5 17 43 50
5 18 89 12
5 19 5 83
5 20 67 41
5 21 6 86
5 22 75 26
5 23 87 25
5 24 76 34
5 25 48 45
5 26 9 78
5 27 71 27
5 28 72 24
5 29 45 50
5 30 15 75
5 31 35 62
5 32 56 42
5 33 10 81
5 34 81 21
5 35 56 44
5 36 10 85
5 37 16 76
5 38 14 82
5 39 5 94
5 40 94 6
5 41 67 42
5 42 74 28
5 43 17 77
5 44 88 16
5 45 90 23
5 46 2 86
5 47 56 41
5 48 76 34
5 49 27 70
5 50 70 39
5 51 92 13
5 52 82 26
5 53 52 55
5 54 78 28
5 55 87 20
5 56 0 98
5 57 72 33
5 58 62 46
5 59 89 11
5 60 1 86
5 61 90 15
5 62 94 16
5 63 41 52
5 64 3 91
5 65 94 16
5 66 53 44
5 67 42 54
5 68 70 33
5 69 56 38
5 70 63 37
5 71 43 61
5 72 56 42
5 73 28 68
5 74 42 63
5 75 70 30
5 76 42 52
5 77 17 79
5 78 60 42
5 79 77 24
5 80 55 47
5 81 60 45
5 82 83 24
5 83 72 37
5 84 49 52
5 85 34 64
5 86 80 19
5 87 51 46
5 88 47 56
5 89 61 37
5 90 64 40
5 91 95 8
5 92 14 87
5 93 93 14
5 94 68 35
5 95 4 87
5 96 42 63
5 97 63 32
5 98 24 71
5 99 38 65
6 7 89 12
6 8 99 10
6 9 60 39
6 10 46 49
6 11 14 84
6 12 90 11
6 13 43 60
6 14 74 31
6 15 27 74
6 16 77 30
6 17 24 71
6 18 7 81
6 19 45 49
6 20 23 71
6 21 36 62
6 22 55 51
6 23 40 65
6 24 85 25
6 25 77 34
6 26 6 94
6 27 28 70
6 28 40 64
6 29 16 84
6 30 49 49
6 31 8 80
6 32 87 19
6 33 14 82
6 34 57 38
6 35 72 25
6 36 37 68
6 37 39 52
6 38 34 65
6 39 42 59
6 40 55 47
6 41 22 70
6 42 6 95
6 43 31 69
6 44 57 49
6 45 55 39
6 46 43 61
6 47 74 25
6 48 12 76
6 49 54 53
6 50 14 84
6 51 5 90
6 52 70 27
6 53 26 65
6 54 8 86
6 55 28 63
6 56 46 49
6 57 45 54
6 58 25 78
6 59 97 8
6 60 1 86
6 61 28 61
6 62 65 42
6 63 40 59
6 64 84 15
6 65 72 35
6 66 96 18
6 67 0 88
6 68 44 61
6 69 17 83
6 70 90 16
6 71 64 42
6 72 20 69
6 73 49 49
6 74 1 89
6 75 28 67
6 76 95 17
6 77 31 59
6 78 14 75
6 79 31 60
6 80 94 10
6 81 89 11
6 82 28 66
6 83 90 16
6 84 2 87
6 85 49 44
6 86 26 72
6 87 92 8
6 88 34 65
6 89 79 33
6 90 63 40
6 91 76 34
6 92 15 81
6 93 73 27
6 94 10 79
6 95 9 83
6 96 28 72
6 97 22 69
6 98 43 56
6 99 23 66
7 8 5 91
7 9 99 4
7 10 4 85
7 11 8 83
7 12 45 48
7 13 42 60
7 14 25 78
7 15 70 27
7 16 91 22
7 17 52 44
7 18 2 88
7 19 88 15
7 20 100 15
7 21 21 69
7 22 91 17
7 23 18 77
7 24 18 84
7 25 8 90
7 26 10 85
7 27 96 17
7 28 19 82
7 29 67 42
7 30 48 54
7 31 12 88
7 32 33 57
7 33 24 70
7 34 36 70
7 35 42 53
7 36 55 41
7 37 42 61
7 38 11 80
7 39 61 40
7 40 75 31
7 41 17 75
7 42 6 93
7 43 72 25
7 44 4 82
7 45 95 17
7 46 60 41
7 47 31 67
7 48 36 57
7 49 23 78
7 50 83 28
7 51 63 46
7 52 66 37
7 53 28 61
7 54 30 62
7 55 23 76
7 56 36 65
7 57 71 26
7 58 57 50
7 59 67 39
7 60 95 5
7 61 15 78
7 62 12 85
7 63 43 57
7 64 5 85
7 65 14 85
7 66 88 21
7 67 16 72
7 68 88 16
7 69 30 65
7 70 46 49
7 71 93 18
7 72 92 9
7 73 30 73
7 74 5 87
7 75 80 17
7 76 44 62
7 77 70 37
7 78 28 63
7 79 41 62
7 80 19 77
7 81 15 78
7 82 53 48
7 83 99 5
7 84 75 33
7 85 66 31
7 86 23 80
7 87 40 65
7 88 22 76
7 89 43 56
7 90 68 38
7 91 56 52
7 92 78 28
7 93 6 89
7 94 1 86
7 95 95 13
7 96 56 45
7 97 54 47
7 98 51 43
7 99 48 56
8 9 30 63
8 10 94 5
8 11 52 46
8 12 63 39
8 13 18 80
8 14 11 76
8 15 91 17
8 16 14 88
8 17 16 74
8 18 28 68
8 19 71 27
8 20 56 38
8 21 60 35
8 22 94 15
8 23 64 33
8 24 31 72
8 25 32 71
8 26 39 52
8 27 72 26
8 28 32 64
8 29 35 70
8 30 35 56
8 31 64 42
8 32 13 88
8 33 15 78
8 34 24 79
8 35 36 68
8 36 100 4
8 37 91 21
8 38 97 16
8 39 54 49
8 40 14 74
8 41 24 76
8 42 70 31
8 43 16 75
8 44 6 90
8 45 66 37
8 46 66 32
8 47 56 37
8 48 1 98
8 49 27 72
8 50 4 83
8 51 84 16
8 52 25 77
8 53 54 53
8 54 95 13
8 55 85 18
8 56 26 71
8 57 68 37
8 58 32 72
8 59 71 38
8 60 5 82
8 61 56 47
8 62 97 4
8 63 23 71
8 64 32 60
8 65 55 41
8 66 62 43
8 67 45 61
8 68 43 61
8 69 18 84
8 70 62 42
8 71 78 27
8 72 11 90
8 73 93 16
8 74 1 98
8 75 41 59
8 76 62 33
8 77 91 10
8 78 39 66
8 79 56 51
8 80 0 87
8 81 85 17
8 82 5 95
8 83 45 61
8 84 33 70
8 85 56 41
8 86 21 73
8 87 28 73
8 88 23 67
8 89 20 71
8 90 49 56
8 91 28 63
8 92 90 13
8 93 86 18
8 94 28 61
8 95 17 71
8 96 89 10
8 97 88 21
8 98 57 47
8 99 10 89
9 10 13 79
9 11 69 39
9 12 21 69
9 13 7 85
9 14 98 5
9 15 49 43
9 16 79 19
9 17 56 41
9 18 24 72
9 19 94 17
9 20 44 52
9 21 39 62
9 22 94 9
9 23 26 70
9 24 47 56
9 25 6 88
9 26 11 83
9 27 72 35
9 28 1 91
9 29 28 62
9 30 95 18
9 31 93 21
9 32 50 51
9 33 45 52
9 34 56 37
9 35 66 32
9 36 59 43
9 37 62 47
9 38 6 89
9 39 70 28
9 40 71 33
9 41 3 96
9 42 56 50
9 43 27 77
9 44 35 70
9 45 79 21
9 46 48 59
9 47 63 45
9 48 10 84
9 49 5 94
9 50 34 67
9 51 45 51
9 52 90 21
9 53 44 51
9 54 26 67
9 55 72 24
9 56 9 89
9 57 43 54
9 58 42 60
9 59 9 87
9 60 7 91
9 61 28 71
9 62 20 79
9 63 12 85
9 64 79 28
9 65 86 18
9 66 74 28
9 67 18 77
9 68 86 14
9 69 28 66
9 70 24 70
9 71 80 26
9 72 78 25
9 73 54 53
9 74 26 74
9 75 7 87
9 76 23 76
9 77 12 79
9 78 30 69
9 79 67 43
9 80 59 43
9 81 49 57
9 82 97 4
9 83 68 33
9 84 60 44
9 85 18 74
9 86 66 30
9 87 44 48
9 88 11 90
9 89 10 76
9 90 95 18
9 91 81 19
9 92 15 76
9 93 67 37
9 94 99 5
9 95 75 33
9 96 3 86
9 97 1 99
9 98 38 56
9 99 46 59
10 11 65 34
10 12 52 50
10 13 13 81
10 14 5 83
10 15 33 69
10 16 98 17
10 17 49 57
10 18 80 21
10 19 92 10
10 20 65 31
10 21 69 39
10 22 23 70
10 23 2 92
10 24 94 18
10 25 12 84
10 26 38 56
10 27 75 28
10 28 88 13
10 29 23 74
10 30 76 23
10 31 43 63
10 32 30 69
10 33 88 11
10 34 80 31
10 35 2 89
10 36 74 35
10 37 41 61
10 38 19 71
10 39 25 70
10 40 17 76
10 41 57 39
10 42 80 32
10 43 52 50
10 44 89 22
10 45 56 44
10 46 24 73
10 47 59 48
10 48 45 47
10 49 20 76
10 50 85 13
10 51 19 82
10 52 76 34
10 53 46 61
10 54 0 86
10 55 27 63
10 56 40 65
10 57 97 16
10 58 81 21
10 59 39 53
10 60 83 19
10 61 91 21
10 62 22 67
10 63 78 24
10 64 86 24
10 65 50 47
10 66 47 51
10 67 100 9
10 68 97 7
10 69 78 23
10 70 28 65
10 71 12 84
10 72 23 78
10 73 24 66
10 74 12 77
10 75 36 56
10 76 72 36
10 77 48 56
10 78 39 52
10 79 24 77
10 80 12 88
10 81 94 14
10 82 81 28
10 83 24 79
10 84 33 63
10 85 81 22
10 86 80 30
10 87 49 49
10 88 37 56
10 89 66 37
10 90 7 92
10 91 25 64
10 92 43 49
10 93 56 51
10 94 75 36
10 95 0 99
10 96 25 73
10 97 35 59
10 98 92 16
10 99 89 22
11 12 55 49
11 13 16 77
11 14 83 28
11 15 88 16
11 16 90 21
11 17 69 27
11 18 1 99
11 19 31 71
11 20 70 33
11 21 84 16
11 22 86 19
11 23 71 28
11 24 55 51
11 25 37 57
11 26 20 82
11 27 100 5
11 28 79 18
11 29 24 71
11 30 54 40
11 31 85 25
11 32 38 53
11 33 87 26
11 34 67 31
11 35 99 2
11 36 75 23
11 37 98 10
11 38 17 73
11 39 62 33
11 40 28 68
11 41 13 74
11 42 61 43
11 43 76 24
11 44 5 92
11 45 41 60
11 46 70 36
11 47 37 66
11 48 35 64
11 49 74 34
11 50 98 5
11 51 5 84
11 52 79 20
11 53 22 78
11 54 38 62
11 55 94 14
11 56 22 73
11 57 41 53
11 58 18 70
11 59 26 74
11 60 9 92
11 61 32 70
11 62 39 52
11 63 79 18
11 64 50 52
11 65 68 37
11 66 52 41
11 67 49 55
11 68 42 53
11 69 77 23
11 70 44 56
11 71 82 20
11 72 82 25
11 73 38 53
11 74 85 20
11 75 62 47
11 76 94 6
11 77 36 57
11 78 85 23
11 79 85 14
11 80 67 33
11 81 12 80
11 82 16 78
11 83 8 90
11 84 68 33
11 85 97 3
11 86 77 24
11 87 92 8
11 88 22 79
11 89 68 28
11 90 99 9
11 91 67 34
11 92 91 22
11 93 36 65
11 94 48 47
11 95 65 32
11 96 25 67
11 97 32 62
11 98 62 45
11 99 37 67
12 13 65 44
12 14 17 77
12 15 96 8
12 16 77 28
12 17 57 46
12 18 43 56
12 19 21 73
12 20 82 28
12 21 1 94
12 22 20 82
12 23 23 69
12 24 61 41
12 25 20 69
12 26 15 76
12 27 93 13
12 28 99 3
12 29 93 10
12 30 1 92
12 31 52 48
12 32 62 47
12 33 51 49
12 34 83 27
12 35 66 33
12 36 91 19
12 37 99 8
12 38 83 28
12 39 33 56
12 40 72 32
12 41 73 26
12 42 28 63
12 43 16 86
12 44 47 60
12 45 71 38
12 46 28 74
12 47 13 85
12 48 25 67
12 49 95 19
12 50 94 6
12 51 95 10
12 52 25 75
12 53 90 20
12 54 12 78
12 55 15 73
12 56 47 56
12 57 70 35
12 58 69 35
12 59 84 27
12 60 23 77
12 61 63 41
12 62 16 82
12 63 94 10
12 64 37 62
12 65 46 51
12 66 95 19
12 67 63 34
12 68 66 36
12 69 46 46
12 70 89 18
12 71 69 37
12 72 44 52
12 73 21 75
12 74 59 44
12 75 82 18
12 76 99 14
12 77 21 74
12 78 23 66
12 79 65 33
12 80 4 92
12 81 8 88
12 82 46 47
12 83 36 59
12 84 57 36
12 85 56 40
12 86 3 86
12 87 45 60
12 88 56 45
12 89 57 39
12 90 52 53
12 91 20 77
12 92 5 92
12 93 51 56
12 94 18 79
12 95 42 53
12 96 18 84
12 97 47 55
12 98 26 76
12 99 41 59
13 14 31 59
13 15 2 97
13 16 84 24
13 17 6 89
13 18 49 49
13 19 19 77
13 20 71 28
13 21 38 63
13 22 5 90
13 23 31 74
13 24 21 70
13 25 61 38
13 26 99 2
13 27 20 71
13 28 97 8
13 29 11 79
13 30 96 6
13 31 51 47
13 32 75 36
13 33 24 71
13 34 28 75
13 35 30 66
13 36 90 23
13 37 36 56
13 38 71 37
13 39 30 69
13 40 7 83
13 41 39 66
13 42 23 72
13 43 60 41
13 44 34 56
13 45 85 14
13 46 25 72
13 47 87 21
13 48 52 51
13 49 13 81
13 50 99 11
13 51 17 78
13 52 13 88
13 53 7 93
13 54 93 17
13 55 63 38
13 56 17 80
13 57 39 56
13 58 41 65
13 59 11 89
13 60 81 22
13 61 76 34
13 62 30 60
13 63 32 72
13 64 49 44
13 65 43 61
13 66 4 91
13 67 8 86
13 68 40 55
13 69 88 21
13 70 51 46
13 71 22 81
13 72 47 55
13 73 75 26
13 74 62 46
13 75 62 45
13 76 7 79
13 77 47 52
13 78 13 86
13 79 0 86
13 80 63 33
13 81 4 90
13 82 4 94
13 83 50 55
13 84 76 33
13 85 30 71
13 86 2 91
13 87 5 94
13 88 86 12
13 89 68 41
13 90 61 46
13 91 20 78
13 92 87 15
13 93 68 34
13 94 7 90
13 95 35 56
13 96 46 50
13 97 45 54
13 98 43 56
13 99 87 21
14 15 30 62
14 16 89 23
14 17 60 44
14 18 43 54
14 19 13 75
14 20 82 30
14 21 98 9
14 22 89 18
14 23 98 7
14 24 1 95
14 25 13 80
14 26 51 50
14 27 80 30
14 28 11 88
14 29 33 71
14 30 25 76
14 31 28 62
14 32 60 42
14 33 34 62
14 34 38 60
14 35 23 73
14 36 18 80
14 37 70 40
14 38 82 22
14 39 42 57
14 40 98 9
14 41 80 18
14 42 78 30
14 43 10 89
14 44 44 62
14 45 37 67
14 46 6 89
14 47 100 5
14 48 73 31
14 49 57 40
14 50 36 63
14 51 62 45
14 52 98 14
14 53 4 83
14 54 60 43
14 55 74 30
14 56 49 56
14 57 18 76
14 58 95 14
14 59 67 37
14 60 63 36
14 61 55 39
14 62 64 32
14 63 37 66
14 64 20 80
14 65 75 35
14 66 76 30
14 67 20 71
14 68 84 14
14 69 45 50
14 70 98 10
14 71 84 22
14 72 70 30
14 73 24 75
14 74 55 48
14 75 21 69
14 76 5 87
14 77 74 31
14 78 91 15
14 79 62 41
14 80 96 15
14 81 69 34
14 82 26 75
14 83 62 36
14 84 90 18
14 85 92 9
14 86 53 52
14 87 12 76
14 88 25 71
14 89 20 81
14 90 81 28
14 91 76 30
14 92 57 43
14 93 66 37
14 94 57 45
14 95 91 14
14 96 46 47
14 97 36 64
14 98 97 6
14 99 20 74
15 16 6 91
15 17 44 59
15 18 80 28
15 19 99 11
15 20 30 65
15 21 98 15
15 22 27 63
15 23 46 60
15 24 67 37
15 25 74 27
15 26 40 56
15 27 35 56
15 28 85 19
15 29 2 93
15 30 34 63
15 31 4 97
15 32 56 46
15 33 20 82
15 34 9 89
15 35 99 15
15 36 6 84
15 37 10 91
15 38 35 66
15 39 22 75
15 40 18 83
15 41 41 51
15 42 67 36
15 43 56 49
15 44 73 28
15 45 56 45
15 46 30 72
15 47 73 24
15 48 18 71
15 49 31 69
15 50 47 57
15 51 61 37
15 52 41 56
15 53 71 35
15 54 56 47
15 55 99 5
15 56 96 5
15 57 38 65
15 58 10 86
15 59 62 41
15 60 50 48
15 61 3 92
15 62 44 53
15 63 30 70
15 64 54 47
15 65 87 19
15 66 77 33
15 67 89 16
15 68 26 70
15 69 22 77
15 70 83 24
15 71 54 48
15 72 18 78
15 73 75 27
15 74 92 12
15 75 1 99
15 76 24 74
15 77 12 79
15 78 2 92
15 79 7 93
15 80 16 82
15 81 42 53
15 82 35 62
15 83 39 60
15 84 82 28
15 85 95 8
15 86 99 14
15 87 47 52
15 88 69 28
15 89 23 73
15 90 39 53
15 91 71 38
15 92 84 21
15 93 89 21
15 94 81 19
15 95 20 73
15 96 23 79
15 97 46 60
15 98 50 49
15 99 97 11
16 17 30 65
16 18 53 53
16 19 59 44
16 20 67 33
16 21 75 23
16 22 49 55
16 23 91 16
16 24 67 30
16 25 98 12
16 26 87 15
16 27 92 15
16 28 74 25
16 29 63 36
16 30 76 25
16 31 32 66
16 32 54 42
16 33 77 30
16 34 1 94
16 35 24 74
16 36 56 48
16 37 37 55
16 38 16 84
16 39 26 78
16 40 47 57
16 41 53 45
16 42 69 33
16 43 8 86
16 44 94 10
16 45 41 54
16 46 15 74
16 47 87 15
16 48 98 7
16 49 2 98
16 50 47 53
16 51 15 75
16 52 56 39
16 53 69 33
16 54 60 40
16 55 27 77
16 56 81 18
16 57 36 61
16 58 98 7
16 59 15 78
16 60 10 92
16 61 35 57
16 62 17 74
16 63 33 68
16 64 24 77
16 65 62 37
16 66 28 68
16 67 56 46
16 68 97 15
16 69 48 51
16 70 81 26
16 71 28 72
16 72 75 35
16 73 14 85
16 74 92 19
16 75 21 72
16 76 76 23
16 77 43 62
16 78 11 81
16 79 55 47
16 80 14 85
16 81 9 86
16 82 60 45
16 83 11 82
16 84 89 10
16 85 10 82
16 86 88 18
16 87 53 52
16 88 56 45
16 89 69 35
16 90 97 3
16 91 30 67
16 92 21 76
16 93 31 70
16 94 96 5
16 95 82 18
16 96 82 21
16 97 67 32
16 98 77 25
16 99 7 90
17 18 18 71
17 19 2 92
17 20 5 85
17 21 53 41
17 22 30 70
17 23 22 72
17 24 81 23
17 25 21 73
17 26 60 38
17 27 46 52
17 28 63 33
17 29 49 52
17 30 99 13
17 31 85 26
17 32 45 48
17 33 10 87
17 34 19 75
17 35 1 85
17 36 20 76
17 37 5 95
17 38 61 48
17 39 62 32
17 40 78 24
17 41 91 9
17 42 55 46
17 43 61 46
17 44 7 91
17 45 56 49
17 46 56 38
17 47 99 12
17 48 68 27
17 49 27 63
17 50 33 69
17 51 20 69
17 52 41 56
17 53 87 15
17 54 60 48
17 55 74 36
17 56 91 12
17 57 38 55
17 58 32 72
17 59 77 23
17 60 55 40
17 61 49 46
17 62 52 51
17 63 8 81
17 64 99 2
17 65 65 33
17 66 67 33
17 67 68 36
17 68 76 22
17 69 49 50
17 70 18 78
17 71 72 28
17 72 19 74
17 73 61 35
17 74 68 38
17 75 2 89
17 76 7 82
17 77 5 86
17 78 40 52
17 79 25 66
17 80 16 82
17 81 44 54
17 82 72 28
17 83 66 32
17 84 35 56
17 85 25 66
17 86 62 33
17 87 5 81
17 88 75 27
17 89 90 14
17 90 52 49
17 91 62 36
17 92 85 27
17 93 62 45
17 94 62 40
17 95 97 11
17 96 7 85
17 97 20 69
17 98 26 67
17 99 37 55
18 19 1 99
18 20 28 72
18 21 27 76
18 22 53 52
18 23 72 38
18 24 21 72
18 25 23 79
18 26 39 65
18 27 15 75
18 28 43 57
18 29 26 65
18 30 35 65
18 31 87 14
18 32 48 56
18 33 68 38
18 34 84 16
18 35 31 61
18 36 68 28
18 37 41 52
18 38 42 59
18 39 51 48
18 40 27 74
18 41 4 91
18 42 39 65
18 43 26 63
18 44 54 49
18 45 43 57
18 46 28 60
18 47 48 56
18 48 31 65
18 49 72 35
18 50 18 75
18 51 27 65
18 52 20 75
18 53 52 55
18 54 10 83
18 55 69 35
18 56 85 19
18 57 79 28
18 58 14 84
18 59 73 35
18 60 95 16
18 61 85 27
18 62 65 41
18 63 37 56
18 64 13 79
18 65 49 47
18 66 30 68
18 67 32 60
18 68 34 69
18 69 15 75
18 70 10 86
18 71 19 75
18 72 1 93
18 73 84 20
18 74 70 31
18 75 82 16
18 76 35 67
18 77 56 42
18 78 36 69
18 79 28 73
18 80 80 21
18 81 80 24
18 82 88 12
18 83 43 53
18 84 99 12
18 85 9 92
18 86 67 28
18 87 48 48
18 88 27 71
18 89 56 46
18 90 22 74
18 91 61 37
18 92 62 46
18 93 8 91
18 94 47 50
18 95 62 43
18 96 99 13
18 97 0 92
18 98 69 37
18 99 53 54
19 20 67 28
19 21 20 82
19 22 16 76
19 23 57 38
19 24 88 17
19 25 8 90
19 26 30 69
19 27 32 62
19 28 79 31
19 29 23 67
19 30 28 69
19 31 81 28
19 32 4 88
19 33 40 64
19 34 38 55
19 35 36 67
19 36 48 55
19 37 41 57
19 38 91 18
19 39 6 89
19 40 64 35
19 41 57 45
19 42 71 33
19 43 49 50
19 44 55 52
19 45 88 19
19 46 56 40
19 47 39 61
19 48 98 16
19 49 24 78
19 50 38 57
19 51 8 81
19 52 50 46
19 53 92 10
19 54 55 50
19 55 47 57
19 56 28 62
19 57 33 64
19 58 93 10
19 59 74 28
19 60 79 18
19 61 69 41
19 62 78 24
19 63 61 38
19 64 23 74
19 65 9 88
19 66 49 48
19 67 18 82
19 68 66 43
19 69 33 68
19 70 2 96
19 71 20 69
19 72 59 42
19 73 21 80
19 74 81 26
19 75 72 26
19 76 47 46
19 77 97 15
19 78 79 30
19 79 22 73
19 80 56 44
19 81 0 94
19 82 57 37
19 83 19 75
19 84 80 25
19 85 89 11
19 86 31 69
19 87 2 86
19 88 98 8
19 89 17 72
19 90 32 65
19 91 92 17
19 92 32 65
19 93 90 9
19 94 83 17
19 95 5 85
19 96 52 46
19 97 53 49
19 98 27 74
19 99 56 43
20 21 71 28
20 22 64 40
20 23 16 86
20 24 19 79
20 25 1 93
20 26 2 98
20 27 94 16
20 28 75 27
20 29 2 86
20 30 69 28
20 31 48 50
20 32 59 36
20 33 35 57
20 34 92 18
20 35 76 28
20 36 10 78
20 37 89 21
20 38 25 66
20 39 85 25
20 40 79 32
20 41 95 11
20 42 28 66
20 43 47 57
20 44 9 79
20 45 24 77
20 46 98 14
20 47 63 38
20 48 19 74
20 49 50 45
20 50 65 34
20 51 11 84
20 52 87 24
20 53 24 75
20 54 32 73
20 55 49 48
20 56 25 70
20 57 65 43
20 58 67 37
20 59 40 55
20 60 40 57
20 61 48 55
20 62 27 70
20 63 59 44
20 64 60 34
20 65 10 79
20 66 60 39
20 67 12 80
20 68 85 21
20 69 48 53
20 70 34 69
20 71 57 45
20 72 41 60
20 73 19 78
20 74 67 31
20 75 66 36
20 76 84 26
20 77 10 79
20 78 99 13
20 79 15 82
20 80 94 15
20 81 15 73
20 82 65 39
20 83 1 85
20 84 4 93
20 85 75 35
20 86 77 32
20 87 73 28
20 88 95 17
20 89 94 11
20 90 74 25
20 91 50 53
20 92 17 81
20 93 61 48
20 94 80 20
20 95 94 9
20 96 28 74
20 97 17 80
20 98 64 40
20 99 53 41
21 22 57 45
21 23 18 75
21 24 63 40
21 25 66 34
21 26 97 17
21 27 49 48
21 28 92 21
21 29 64 34
21 30 89 12
21 31 85 20
21 32 42 57
21 33 50 43
21 34 71 33
21 35 88 18
21 36 92 21
21 37 24 75
21 38 3 97
21 39 20 73
21 40 57 50
21 41 13 84
21 42 77 28
21 43 21 70
21 44 96 10
21 45 59 40
21 46 36 62
21 47 94 20
21 48 97 17
21 49 55 52
21 50 37 61
21 51 46 47
21 52 10 86
21 53 56 39
21 54 24 66
21 55 68 28
21 56 16 84
21 57 37 61
21 58 85 21
21 59 97 11
21 60 49 54
21 61 56 46
21 62 84 18
21 63 11 88
21 64 77 34
21 65 32 72
21 66 36 54
21 67 79 27
21 68 30 65
21 69 54 49
21 70 98 9
21 71 66 43
21 72 93 14
21 73 41 55
21 74 41 59
21 75 86 15
21 76 92 18
21 77 4 92
21 78 35 62
21 79 90 22
21 80 44 55
21 81 27 64
21 82 92 17
21 83 75 33
21 84 33 63
21 85 89 19
21 86 8 82
21 87 85 18
21 88 76 34
21 89 57 41
21 90 50 53
21 91 76 32
21 92 84 19
21 93 32 66
21 94 90 17
21 95 2 87
21 96 59 42
21 97 49 48
21 98 77 32
21 99 18 78
22 23 5 82
22 24 56 48
22 25 97 13
22 26 5 95
22 27 16 79
22 28 88 23
22 29 8 84
22 30 25 74
22 31 5 91
22 32 72 30
22 33 96 15
22 34 71 36
22 35 74 26
22 36 6 94
22 37 79 32
22 38 68 33
22 39 9 85
22 40 92 19
22 41 49 57
22 42 33 62
22 43 64 45
22 44 2 88
22 45 6 80
22 46 65 41
22 47 87 13
22 48 25 70
22 49 32 64
22 50 93 13
22 51 96 8
22 52 6 84
22 53 94 18
22 54 54 46
22 55 96 8
22 56 77 31
22 57 5 92
22 58 28 67
22 59 99 4
22 60 25 69
22 61 94 11
22 62 76 23
22 63 99 5
22 64 10 79
22 65 81 28
22 66 9 78
22 67 51 44
22 68 50 46
22 69 1 91
22 70 53 42
22 71 27 76
22 72 8 83
22 73 78 21
22 74 90 10
22 75 91 21
22 76 99 5
22 77 52 53
22 78 12 87
22 79 94 15
22 80 99 15
22 81 28 70
22 82 69 35
22 83 35 65
22 84 16 77
22 85 24 70
22 86 22 81
22 87 10 88
22 88 60 43
22 89 84 24
22 90 34 56
22 91 44 52
22 92 60 48
22 93 49 45
22 94 10 86
22 95 88 14
22 96 39 65
22 97 82 23
22 98 21 70
22 99 84 26
23 24 66 33
23 25 60 46
23 26 85 18
23 27 16 73
23 28 28 64
23 29 16 78
23 30 32 62
23 31 19 73
23 32 32 66
23 33 6 81
23 34 75 27
23 35 7 91
23 36 74 37
23 37 19 72
23 38 84 28
23 39 51 50
23 40 1 86
23 41 21 75
23 42 28 71
23 43 7 84
23 44 70 31
23 45 43 52
23 46 15 79
23 47 49 45
23 48 87 20
23 49 76 21
23 50 87 11
23 51 94 19
23 52 91 19
23 53 42 52
23 54 32 68
23 55 98 7
23 56 49 47
23 57 18 76
23 58 67 37
23 59 28 69
23 60 17 76
23 61 98 13
23 62 46 55
23 63 7 85
23 64 84 28
23 65 23 74
23 66 7 84
23 67 60 39
23 68 71 35
23 69 8 80
23 70 64 37
23 71 90 21
23 72 51 44
23 73 14 73
23 74 63 35
23 75 22 76
23 76 98 5
23 77 0 91
23 78 46 56
23 79 47 60
23 80 71 35
23 81 99 3
23 82 59 39
23 83 99 10
23 84 94 16
23 85 1 87
23 86 16 86
23 87 91 12
23 88 88 19
23 89 24 69
23 90 57 37
23 91 1 86
23 92 16 74
23 93 95 8
23 94 90 13
23 95 37 56
23 96 37 63
23 97 75 26
23 98 10 91
23 99 75 35
24 25 98 12
24 26 56 37
24 27 56 50
24 28 85 20
24 29 27 76
24 30 71 30
24 31 16 75
24 32 26 67
24 33 57 50
24 34 93 13
24 35 79 23
24 36 27 75
24 37 75 33
24 38 32 59
24 39 79 28
24 40 67 37
24 41 27 62
24 42 21 77
24 43 15 86
24 44 77 21
24 45 61 46
24 46 99 5
24 47 16 86
24 48 79 30
24 49 47 57
24 50 79 22
24 51 89 10
24 52 25 76
24 53 86 16
24 54 14 74
24 55 60 34
24 56 7 92
24 57 10 79
24 58 31 67
24 59 13 86
24 60 28 74
24 61 38 66
24 62 51 51
24 63 96 8
24 64 9 84
24 65 98 2
24 66 63 41
24 67 39 63
24 68 5 85
24 69 63 36
24 70 54 53
24 71 34 63
24 72 35 69
24 73 86 25
24 74 95 17
24 75 74 35
24 76 72 25
24 77 24 67
24 78 49 56
24 79 85 17
24 80 12 89
24 81 89 18
24 82 49 53
24 83 28 69
24 84 75 23
24 85 39 53
24 86 13 78
24 87 86 25
24 88 52 47
24 89 44 61
24 90 82 19
24 91 69 37
24 92 5 82
24 93 51 47
24 94 12 84
24 95 16 81
24 96 91 19
24 97 40 59
24 98 21 78
24 99 57 49
25 26 82 25
25 27 89 20
25 28 55 52
25 29 6 88
25 30 100 3
25 31 56 45
25 32 74 32
25 33 46 50
25 34 93 13
25 35 84 24
25 36 18 80
25 37 35 70
25 38 81 16
25 39 33 63
25 40 82 20
25 41 56 48
25 42 37 59
25 43 74 28
25 44 24 78
25 45 92 14
25 46 44 48
25 47 39 66
25 48 50 54
25 49 25 69
25 50 37 56
25 51 43 59
25 52 24 74
25 53 52 44
25 54 26 66
25 55 10 89
25 56 63 38
25 57 52 51
25 58 83 17
25 59 65 30
25 60 70 28
25 61 56 44
25 62 89 10
25 63 20 71
25 64 7 82
25 65 9 79
25 66 3 87
25 67 72 32
25 68 4 87
25 69 83 19
25 70 2 86
25 71 54 40
25 72 40 53
25 73 22 71
25 74 28 67
25 75 11 79
25 76 12 81
25 77 48 56
25 78 13 80
25 79 38 66
25 80 28 66
25 81 54 50
25 82 94 19
25 83 41 53
25 84 45 55
25 85 81 16
25 86 91 20
25 87 81 25
25 88 17 72
25 89 16 72
25 90 63 42
25 91 30 72
25 92 79 23
25 93 56 45
25 94 22 76
25 95 0 100
25 96 23 66
25 97 83 17
25 98 28 63
25 99 65 43
26 27 9 78
26 28 72 37
26 29 22 75
26 30 20 79
26 31 96 14
26 32 2 96
26 33 1 90
26 34 96 17
26 35 4 90
26 36 87 15
26 37 48 54
26 38 89 22
26 39 96 14
26 40 96 8
26 41 86 25
26 42 82 18
26 43 78 25
26 44 56 44
26 45 5 90
26 46 52 48
26 47 31 72
26 48 95 11
26 49 12 83
26 50 3 88
26 51 74 31
26 52 50 56
26 53 83 19
26 54 15 78
26 55 26 72
26 56 75 30
26 57 12 83
26 58 21 68
26 59 20 75
26 60 77 28
26 61 19 73
26 62 16 74
26 63 53 43
26 64 94 6
26 65 87 22
26 66 49 44
26 67 21 73
26 68 1 86
26 69 12 87
26 70 82 27
26 71 69 27
26 72 81 21
26 73 37 67
26 74 54 43
26 75 90 19
26 76 89 22
26 77 60 43
26 78 82 24
26 79 23 69
26 80 59 48
26 81 33 63
26 82 37 57
26 83 42 52
26 84 42 52
26 85 90 11
26 86 100 11
26 87 94 16
26 88 35 56
26 89 34 57
26 90 88 13
26 91 27 69
26 92 68 28
26 93 94 6
26 94 98 8
26 95 3 87
26 96 34 62
26 97 33 68
26 98 85 27
26 99 0 94
27 28 68 35
27 29 28 72
27 30 61 38
27 31 87 11
27 32 10 80
27 33 30 73
27 34 21 70
27 35 48 55
27 36 76 33
27 37 37 57
27 38 65 41
27 39 36 62
27 40 20 78
27 41 64 37
27 42 82 27
27 43 54 41
27 44 91 11
27 45 61 35
27 46 63 35
27 47 93 8
27 48 26 69
27 49 54 49
27 50 67 32
27 51 9 89
27 52 95 12
27 53 77 23
27 54 70 28
27 55 22 76
27 56 39 61
27 57 59 49
27 58 62 37
27 59 5 92
27 60 53 44
27 61 53 51
27 62 53 48
27 63 36 60
27 64 69 28
27 65 42 56
27 66 33 68
27 67 84 23
27 68 81 24
27 69 46 61
27 70 14 77
27 71 24 74
27 72 86 17
27 73 63 43
27 74 73 28
27 75 53 45
27 76 42 62
27 77 40 56
27 78 72 32
27 79 60 36
27 80 6 88
27 81 33 65
27 82 81 21
27 83 20 82
27 84 88 16
27 85 7 87
27 86 82 22
27 87 77 33
27 88 56 46
27 89 82 22
27 90 25 68
27 91 28 72
27 92 69 32
27 93 0 97
27 94 45 52
27 95 39 64
27 96 48 48
27 97 6 91
27 98 64 43
27 99 62 33
28 29 28 66
28 30 98 9
28 31 72 38
28 32 3 84
28 33 56 36
28 34 43 63
28 35 65 38
28 36 61 33
28 37 35 57
28 38 78 25
28 39 75 35
28 40 21 71
28 41 79 30
28 42 25 78
28 43 62 45
28 44 44 55
28 45 35 71
28 46 80 18
28 47 26 70
28 48 10 85
28 49 22 81
28 50 94 17
28 51 72 34
28 52 84 22
28 53 28 62
28 54 41 53
28 55 45 59
28 56 16 85
28 57 73 28
28 58 38 68
28 59 78 31
28 60 52 55
28 61 87 13
28 62 36 69
28 63 20 83
28 64 90 22
28 65 66 31
28 66 17 84
28 67 41 65
28 68 56 45
28 69 28 65
28 70 87 23
28 71 12 75
28 72 62 40
28 73 83 24
28 74 86 24
28 75 8 83
28 76 81 28
28 77 81 22
28 78 67 40
28 79 52 51
28 80 87 22
28 81 70 37
28 82 92 11
28 83 0 89
28 84 13 83
28 85 1 93
28 86 17 79
28 87 73 26
28 88 72 37
28 89 27 66
28 90 9 85
28 91 77 23
28 92 7 90
28 93 77 24
28 94 67 31
28 95 35 60
28 96 15 87
28 97 48 56
28 98 56 44
28 99 28 66
29 30 36 66
29 31 6 91
29 32 83 19
29 33 64 31
29 34 27 68
29 35 28 71
29 36 11 82
29 37 38 57
29 38 7 90
29 39 16 74
29 40 80 20
29 41 55 43
29 42 90 9
29 43 25 74
29 44 78 22
29 45 98 10
29 46 22 69
29 47 36 55
29 48 96 17
29 49 26 63
29 50 5 82
29 51 31 60
29 52 59 47
29 53 91 19
29 54 88 15
29 55 62 33
29 56 75 32
29 57 73 34
29 58 54 47
29 59 37 63
29 60 26 72
29 61 8 80
29 62 77 25
29 63 55 45
29 64 79 24
29 65 76 31
29 66 47 54
29 67 86 18
29 68 17 72
29 69 88 19
29 70 25 72
29 71 35 61
29 72 77 28
29 73 74 23
29 74 76 31
29 75 61 35
29 76 53 53
29 77 66 40
29 78 67 36
29 79 63 38
29 80 75 28
29 81 13 84
29 82 30 70
29 83 35 59
29 84 68 40
29 85 1 95
29 86 59 43
29 87 6 80
29 88 75 28
29 89 89 16
29 90 98 11
29 91 18 83
29 92 99 13
29 93 52 54
29 94 55 41
29 95 24 76
29 96 81 18
29 97 56 39
29 98 74 28
29 99 41 61
30 31 91 13
30 32 82 19
30 33 1 86
30 34 43 60
30 35 32 60
30 36 84 19
30 37 45 60
30 38 35 68
30 39 59 45
30 40 26 66
30 41 56 37
30 42 75 33
30 43 75 31
30 44 95 7
30 45 27 75
30 46 38 60
30 47 90 16
30 48 71 25
30 49 46 59
30 50 56 40
30 51 91 22
30 52 64 40
30 53 12 85
30 54 16 85
30 55 68 30
30 56 96 13
30 57 77 24
30 58 90 20
30 59 16 74
30 60 99 12
30 61 61 40
30 62 51 55
30 63 54 50
30 64 91 17
30 65 19 73
30 66 34 56
30 67 49 51
30 68 39 63
30 69 88 15
30 70 80 31
30 71 87 17
30 72 16 84
30 73 95 15
30 74 86 25
30 75 5 96
30 76 64 34
30 77 46 54
30 78 20 81
30 79 78 21
30 80 36 64
30 81 60 42
30 82 11 81
30 83 75 32
30 84 53 48
30 85 80 21
30 86 87 15
30 87 66 42
30 88 62 36
30 89 27 64
30 90 41 54
30 91 88 14
30 92 70 39
30 93 81 30
30 94 50 49
30 95 57 45
30 96 31 63
30 97 41 61
30 98 14 77
30 99 63 42
31 32 50 53
31 33 22 80
31 34 16 76
31 35 10 86
31 36 38 62
31 37 88 16
31 38 51 47
31 39 3 97
31 40 39 67
31 41 96 17
31 42 62 34
31 43 23 72
31 44 55 42
31 45 77 33
31 46 7 88
31 47 71 28
31 48 60 48
31 49 14 77
31 50 48 48
31 51 20 79
31 52 64 43
31 53 45 59
31 54 39 54
31 55 73 28
31 56 91 21
31 57 75 35
31 58 28 62
31 59 98 16
31 60 21 69
31 61 28 69
31 62 16 78
31 63 12 87
31 64 93 17
31 65 83 28
31 66 77 24
31 67 50 44
31 68 42 55
31 69 96 9
31 70 16 72
31 71 78 31
31 72 21 81
31 73 63 41
31 74 37 60
31 75 57 38
31 76 71 33
31 77 67 30
31 78 39 63
31 79 56 38
31 80 89 16
31 81 24 76
31 82 63 35
31 83 69 39
31 84 67 28
31 85 68 33
31 86 96 6
31 87 86 15
31 88 96 8
31 89 2 98
31 90 93 10
31 91 72 35
31 92 33 68
31 93 45 50
31 94 84 19
31 95 95 7
31 96 14 81
31 97 44 56
31 98 38 62
31 99 30 59
32 33 54 53
32 34 55 52
32 35 20 82
32 36 100 1
32 37 88 23
32 38 81 23
32 39 28 64
32 40 63 40
32 41 68 41
32 42 95 19
32 43 11 80
32 44 35 56
32 45 48 50
32 46 75 23
32 47 6 93
32 48 19 78
32 49 28 64
32 50 84 18
32 51 32 72
32 52 100 6
32 53 14 77
32 54 21 77
32 55 7 90
32 56 66 43
32 57 89 24
32 58 28 60
32 59 80 21
32 60 100 14
32 61 40 59
32 62 5 82
32 63 43 59
32 64 11 85
32 65 95 16
32 66 61 40
32 67 97 13
32 68 48 56
32 69 8 92
32 70 62 40
32 71 91 11
32 72 6 86
32 73 99 3
32 74 82 27
32 75 75 33
32 76 63 43
32 77 0 87
32 78 60 35
32 79 86 14
32 80 75 35
32 81 46 59
32 82 1 95
32 83 9 82
32 84 55 41
32 85 27 72
32 86 88 12
32 87 5 83
32 88 18 73
32 89 41 53
32 90 82 16
32 91 1 88
32 92 56 45
32 93 91 21
32 94 25 71
32 95 44 62
32 96 52 41
32 97 21 82
32 98 56 42
32 99 89 19
33 34 4 84
33 35 46 53
33 36 38 56
33 37 24 73
33 38 7 80
33 39 4 90
33 40 55 51
33 41 43 55
33 42 84 17
33 43 50 56
33 44 28 72
33 45 31 61
33 46 92 22
33 47 68 38
33 48 25 68
33 49 88 22
33 50 87 24
33 51 85 18
33 52 83 22
33 53 23 80
33 54 31 68
33 55 28 63
33 56 12 83
33 57 3 84
33 58 56 44
33 59 33 60
33 60 69 34
33 61 72 39
33 62 16 75
33 63 24 74
33 64 10 81
33 65 95 6
33 66 97 17
33 67 44 60
33 68 78 28
33 69 32 68
33 70 53 52
33 71 49 56
33 72 88 21
33 73 37 65
33 74 14 77
33 75 12 75
33 76 69 38
33 77 11 83
33 78 100 13
33 79 37 66
33 80 56 49
33 81 76 34
33 82 20 73
33 83 15 77
33 84 93 11
33 85 74 35
33 86 3 96
33 87 8 83
33 88 28 66
33 89 15 82
33 90 79 24
33 91 84 28
33 92 84 22
33 93 4 82
33 94 89 11
33 95 6 84
33 96 93 16
33 97 67 30
33 98 75 27
33 99 76 33
34 35 55 52
34 36 37 56
34 37 64 43
34 38 5 84
34 39 60 39
34 40 28 70
34 41 70 28
34 42 86 27
34 43 49 55
34 44 25 75
34 45 43 56
34 46 79 20
34 47 16 83
34 48 17 79
34 49 84 19
34 50 98 14
34 51 93 18
34 52 100 4
34 53 20 73
34 54 92 10
34 55 50 54
34 56 78 22
34 57 69 38
34 58 5 92
34 59 13 86
34 60 92 13
34 61 73 24
34 62 18 76
34 63 21 69
34 64 11 82
34 65 81 31
34 66 100 3
34 67 9 91
34 68 77 30
34 69 9 90
34 70 82 17
34 71 17 75
34 72 66 40
34 73 37 66
34 74 49 56
34 75 90 13
34 76 1 89
34 77 14 78
34 78 4 82
34 79 93 9
34 80 37 62
34 81 94 15
34 82 1 96
34 83 34 59
34 84 8 86
34 85 31 67
34 86 96 8
34 87 81 28
34 88 78 28
34 89 18 81
34 90 50 46
34 91 34 64
34 92 4 85
34 93 56 52
34 94 23 79
34 95 2 89
34 96 5 92
34 97 32 69
34 98 38 64
34 99 10 78
35 36 98 8
35 37 19 70
35 38 64 35
35 39 11 76
35 40 64 42
35 41 20 72
35 42 97 5
35 43 50 49
35 44 43 54
35 45 54 44
35 46 48 51
35 47 80 20
35 48 43 53
35 49 45 56
35 50 10 89
35 51 73 36
35 52 13 78
35 53 25 69
35 54 53 51
35 55 98 16
35 56 39 65
35 57 64 32
35 58 16 77
35 59 10 91
35 60 21 73
35 61 81 17
35 62 21 81
35 63 60 41
35 64 88 21
35 65 71 30
35 66 63 43
35 67 72 34
35 68 10 77
35 69 1 86
35 70 100 3
35 71 17 75
35 72 100 7
35 73 92 13
35 74 73 25
35 75 53 54
35 76 54 41
35 77 24 76
35 78 8 89
35 79 39 57
35 80 86 20
35 81 66 35
35 82 64 39
35 83 78 26
35 84 16 81
35 85 92 22
35 86 26 65
35 87 32 61
35 88 87 15
35 89 80 22
35 90 57 41
35 91 91 16
35 92 47 50
35 93 43 60
35 94 56 40
35 95 52 43
35 96 26 71
35 97 68 39
35 98 79 19
35 99 59 49
36 37 38 54
36 38 51 53
36 39 10 91
36 40 99 3
36 41 13 79
36 42 42 56
36 43 72 26
36 44 27 66
36 45 14 87
36 46 1 87
36 47 39 64
36 48 84 24
36 49 72 34
36 50 39 54
36 51 37 65
36 52 74 28
36 53 60 42
36 54 27 74
36 55 49 45
36 56 8 91
36 57 24 79
36 58 65 42
36 59 61 34
36 60 47 59
36 61 53 43
36 62 86 21
36 63 44 50
36 64 15 83
36 65 61 38
36 66 89 15
36 67 13 88
36 68 3 88
36 69 8 87
36 70 89 10
36 71 16 76
36 72 60 37
36 73 23 79
36 74 25 74
36 75 99 7
36 76 31 66
36 77 50 56
36 78 48 45
36 79 50 47
36 80 9 84
36 81 35 65
36 82 94 12
36 83 9 86
36 84 50 48
36 85 64 39
36 86 36 59
36 87 94 5
36 88 64 35
36 89 40 54
36 90 54 47
36 91 67 40
36 92 50 44
36 93 64 45
36 94 45 47
36 95 75 28
36 96 36 57
36 97 66 35
36 98 56 48
36 99 27 64
37 38 36 55
37 39 11 89
37 40 31 73
37 41 77 22
37 42 9 90
37 43 18 84
37 44 4 84
37 45 23 73
37 46 13 79
37 47 72 27
37 48 68 38
37 49 33 70
37 50 30 66
37 51 2 85
37 52 50 44
37 53 42 52
37 54 32 67
37 55 92 20
37 56 62 39
37 57 42 60
37 58 1 98
37 59 3 88
37 60 32 71
37 61 75 22
37 62 17 82
37 63 5 85
37 64 59 44
37 65 31 63
37 66 31 62
37 67 59 35
37 68 60 36
37 69 99 2
37 70 9 92
37 71 15 85
37 72 62 42
37 73 20 71
37 74 15 75
37 75 0 90
37 76 54 47
37 77 91 20
37 78 40 57
37 79 78 30
37 80 44 50
37 81 7 82
37 82 73 25
37 83 83 30
37 84 94 6
37 85 51 49
37 86 37 62
37 87 15 73
37 88 8 85
37 89 1 85
37 90 48 59
37 91 23 69
37 92 41 52
37 93 6 90
37 94 64 34
37 95 90 9
37 96 9 80
37 97 21 79
37 98 47 52
37 99 2 93
38 39 26 69
38 40 71 35
38 41 2 88
38 42 68 28
38 43 93 9
38 44 91 10
38 45 46 46
38 46 40 61
38 47 43 60
38 48 11 90
38 49 77 27
38 50 39 57
38 51 14 82
38 52 52 54
38 53 77 23
38 54 23 71
38 55 96 15
38 56 2 92
38 57 28 63
38 58 8 79
38 59 91 11
38 60 12 87
38 61 88 20
38 62 54 41
38 63 90 11
38 64 91 19
38 65 80 27
38 66 34 69
38 67 43 49
38 68 40 51
38 69 73 30
38 70 92 7
38 71 28 71
38 72 10 91
38 73 65 30
38 74 77 28
38 75 56 43
38 76 68 39
38 77 69 37
38 78 88 13
38 79 50 54
38 80 44 62
38 81 30 63
38 82 3 83
38 83 25 69
38 84 60 45
38 85 76 24
38 86 98 2
38 87 95 15
38 88 20 68
38 89 22 68
38 90 80 19
38 91 64 33
38 92 61 42
38 93 60 42
38 94 94 11
38 95 39 56
38 96 57 41
38 97 62 41
38 98 76 33
38 99 71 26
39 40 45 57
39 41 71 37
39 42 27 74
39 43 19 81
39 44 47 49
39 45 35 64
39 46 93 8
39 47 67 28
39 48 12 78
39 49 28 71
39 50 87 19
39 51 74 32
39 52 91 17
39 53 46 47
39 54 83 25
39 55 11 87
39 56 24 70
39 57 47 56
39 58 20 82
39 59 17 75
39 60 21 80
39 61 59 47
39 62 41 54
39 63 85 19
39 64 65 32
39 65 92 11
39 66 10 77
39 67 67 32
39 68 10 89
39 69 74 28
39 70 16 81
39 71 31 73
39 72 56 49
39 73 47 46
39 74 26 72
39 75 64 40
39 76 35 70
39 77 88 19
39 78 96 4
39 79 85 19
39 80 30 72
39 81 7 80
39 82 75 27
39 83 68 35
39 84 3 96
39 85 28 76
39 86 42 51
39 87 50 49
39 88 27 75
39 89 78 28
39 90 62 43
39 91 21 73
39 92 92 8
39 93 25 78
39 94 55 46
39 95 6 81
39 96 67 36
39 97 21 79
39 98 54 44
39 99 62 37
40 41 8 90
40 42 77 25
40 43 46 56
40 44 28 73
40 45 8 91
40 46 87 25
40 47 87 12
40 48 2 93
40 49 87 18
40 50 49 54
40 51 86 16
40 52 47 47
40 53 70 39
40 54 8 85
40 55 41 50
40 56 20 74
40 57 90 11
40 58 86 13
40 59 82 17
40 60 44 61
40 61 69 39
40 62 71 30
40 63 98 4
40 64 95 9
40 65 54 48
40 66 13 74
40 67 13 86
40 68 88 23
40 69 83 27
40 70 77 28
40 71 53 46
40 72 46 55
40 73 50 49
40 74 38 54
40 75 96 4
40 76 40 52
40 77 47 59
40 78 28 74
40 79 28 69
40 80 63 44
40 81 83 22
40 82 14 73
40 83 28 73
40 84 5 81
40 85 34 67
40 86 80 28
40 87 70 31
40 88 46 47
40 89 25 68
40 90 78 22
40 91 45 61
40 92 91 15
40 93 88 13
40 94 64 44
40 95 60 43
40 96 36 56
40 97 10 84
40 98 33 61
40 99 22 71
41 42 62 41
41 43 95 9
41 44 33 57
41 45 1 96
41 46 70 38
41 47 96 11
41 48 51 46
41 49 65 39
41 50 45 56
41 51 32 70
41 52 46 49
41 53 38 59
41 54 99 4
41 55 13 85
41 56 24 79
41 57 59 44
41 58 41 53
41 59 12 82
41 60 24 78
41 61 49 51
41 62 44 52
41 63 70 27
41 64 39 53
41 65 87 20
41 66 22 78
41 67 32 65
41 68 93 9
41 69 64 33
41 70 11 80
41 71 20 80
41 72 2 84
41 73 62 36
41 74 53 48
41 75 48 49
41 76 87 24
41 77 6 90
41 78 89 21
41 79 28 62
41 80 91 11
41 81 25 74
41 82 60 37
41 83 64 40
41 84 77 25
41 85 94 6
41 86 30 68
41 87 92 16
41 88 69 34
41 89 1 92
41 90 79 21
41 91 47 48
41 92 43 54
41 93 50 55
41 94 11 76
41 95 6 91
41 96 47 51
41 97 64 31
41 98 27 67
41 99 57 50
42 43 64 45
42 44 62 32
42 45 92 15
42 46 59 39
42 47 84 15
42 48 89 15
42 49 61 35
42 50 61 40
42 51 41 60
42 52 97 12
42 53 41 61
42 54 83 28
42 55 65 44
42 56 63 34
42 57 92 20
42 58 48 44
42 59 8 92
42 60 68 28
42 61 71 30
42 62 56 51
42 63 8 83
42 64 55 44
42 65 70 36
42 66 79 23
42 67 89 24
42 68 62 41
42 69 93 18
42 70 37 59
42 71 22 70
42 72 11 79
42 73 36 60
42 74 31 64
42 75 27 66
42 76 83 23
42 77 21 68
42 78 34 60
42 79 36 66
42 80 26 74
42 81 28 64
42 82 67 37
42 83 27 76
42 84 92 18
42 85 82 28
42 86 1 96
42 87 93 19
42 88 94 13
42 89 86 12
42 90 17 82
42 91 43 52
42 92 55 42
42 93 7 91
42 94 87 22
42 95 62 40
42 96 52 45
42 97 17 79
42 98 53 40
42 99 73 33
43 44 65 42
43 45 23 70
43 46 2 91
43 47 43 57
43 48 18 70
43 49 82 26
43 50 1 93
43 51 74 22
43 52 98 13
43 53 64 40
43 54 8 86
43 55 17 77
43 56 44 62
43 57 73 34
43 58 19 72
43 59 94 12
43 60 36 56
43 61 45 55
43 62 44 55
43 63 94 7
43 64 14 75
43 65 30 61
43 66 31 73
43 67 32 72
43 68 52 55
43 69 18 82
43 70 88 15
43 71 99 12
43 72 86 18
43 73 95 15
43 74 28 76
43 75 95 13
43 76 23 67
43 77 80 27
43 78 13 76
43 79 64 32
43 80 59 44
43 81 72 38
43 82 54 46
43 83 8 92
43 84 75 36
43 85 46 53
43 86 82 19
43 87 73 24
43 88 35 60
43 89 40 64
43 90 74 32
43 91 37 56
43 92 61 41
43 93 88 24
43 94 72 30
43 95 39 56
43 96 50 49
43 97 17 77
43 98 11 82
43 99 55 41
44 45 49 48
44 46 51 56
44 47 34 64
44 48 90 20
44 49 56 45
44 50 66 43
44 51 71 32
44 52 94 12
44 53 83 26
44 54 67 33
44 55 95 18
44 56 82 21
44 57 65 37
44 58 40 55
44 59 4 90
44 60 68 38
44 61 31 73
44 62 2 83
44 63 96 12
44 64 18 74
44 65 59 47
44 66 71 31
44 67 98 16
44 68 42 60
44 69 68 34
44 70 18 83
44 71 30 64
44 72 32 67
44 73 77 32
44 74 30 67
44 75 90 10
44 76 55 38
44 77 44 59
44 78 18 71
44 79 35 66
44 80 17 80
44 81 34 62
44 82 71 37
44 83 42 61
44 84 100 3
44 85 25 76
44 86 33 65
44 87 84 28
44 88 23 70
44 89 60 38
44 90 92 18
44 91 98 5
44 92 9 89
44 93 54 40
44 94 28 75
44 95 11 84
44 96 28 75
44 97 24 66
44 98 61 39
44 99 55 38
45 46 6 87
45 47 94 17
45 48 20 80
45 49 28 67
45 50 56 41
45 51 24 77
45 52 61 40
45 53 41 63
45 54 86 17
45 55 11 76
45 56 90 15
45 57 72 30
45 58 61 48
45 59 89 22
45 60 68 30
45 61 42 62
45 62 99 4
45 63 23 74
45 64 75 26
45 65 73 27
45 66 23 77
45 67 24 69
45 68 7 89
45 69 98 7
45 70 52 47
45 71 64 40
45 72 11 78
45 73 67 37
45 74 78 30
45 75 87 22
45 76 97 4
45 77 50 44
45 78 16 86
45 79 30 64
45 80 35 60
45 81 59 40
45 82 13 85
45 83 18 76
45 84 50 56
45 85 26 74
45 86 43 63
45 87 14 86
45 88 45 47
45 89 36 60
45 90 82 28
45 91 19 70
45 92 9 86
45 93 70 33
45 94 65 42
45 95 90 10
45 96 12 76
45 97 17 70
45 98 97 8
45 99 34 62
46 47 14 77
46 48 37 60
46 49 67 30
46 50 97 11
46 51 50 56
46 52 70 34
46 53 65 37
46 54 12 84
46 55 97 17
46 56 55 47
46 57 89 21
46 58 63 44
46 59 56 40
46 60 3 91
46 61 11 86
46 62 99 13
46 63 93 11
46 64 79 30
46 65 8 88
46 66 63 45
46 67 72 26
46 68 75 30
46 69 8 89
46 70 47 59
46 71 79 30
46 72 43 61
46 73 38 57
46 74 73 32
46 75 8 92
46 76 16 86
46 77 21 72
46 78 9 85
46 79 10 82
46 80 57 49
46 81 73 32
46 82 8 82
46 83 90 18
46 84 99 4
46 85 65 39
46 86 78 26
46 87 92 13
46 88 11 87
46 89 11 81
46 90 73 30
46 91 96 6
46 92 39 63
46 93 30 61
46 94 52 53
46 95 5 91
46 96 6 91
46 97 55 50
46 98 8 89
46 99 76 30
47 48 63 40
47 49 100 13
47 50 13 76
47 51 24 66
47 52 45 60
47 53 13 84
47 54 95 11
47 55 28 64
47 56 35 62
47 57 64 40
47 58 83 18
47 59 94 13
47 60 94 14
47 61 70 28
47 62 39 61
47 63 23 72
47 64 84 24
47 65 33 65
47 66 70 38
47 67 82 25
47 68 56 46
47 69 37 56
47 70 51 45
47 71 85 17
47 72 97 4
47 73 9 89
47 74 59 36
47 75 5 89
47 76 56 42
47 77 51 48
47 78 90 15
47 79 72 28
47 80 41 55
47 81 4 92
47 82 28 74
47 83 26 64
47 84 28 64
47 85 39 62
47 86 72 32
47 87 98 4
47 88 34 71
47 89 12 77
47 90 32 64
47 91 49 48
47 92 26 74
47 93 56 49
47 94 34 60
47 95 25 76
47 96 10 85
47 97 77 27
47 98 23 68
47 99 9 83
48 49 76 23
48 50 22 79
48 51 40 54
48 52 96 11
48 53 49 55
48 54 30 65
48 55 56 41
48 56 87 16
48 57 63 34
48 58 25 70
48 59 28 68
48 60 43 55
48 61 52 50
48 62 86 18
48 63 74 28
48 64 41 56
48 65 74 22
48 66 96 18
48 67 57 44
48 68 10 88
48 69 41 61
48 70 77 25
48 71 71 34
48 72 46 46
48 73 66 41
48 74 21 73
48 75 36 67
48 76 47 59
48 77 83 28
48 78 82 26
48 79 52 56
48 80 25 65
48 81 93 14
48 82 40 60
48 83 22 73
48 84 50 49
48 85 61 34
48 86 61 37
48 87 11 87
48 88 32 62
48 89 60 49
48 90 22 72
48 91 48 45
48 92 17 86
48 93 41 60
48 94 66 35
48 95 5 84
48 96 43 50
48 97 99 11
48 98 10 79
48 99 76 26
49 50 91 10
49 51 49 54
49 52 93 7
49 53 67 31
49 54 56 47
49 55 37 57
49 56 34 63
49 57 32 61
49 58 60 38
49 59 56 39
49 60 90 12
49 61 65 40
49 62 81 16
49 63 39 56
49 64 70 31
49 65 92 21
49 66 49 56
49 67 56 37
49 68 74 30
49 69 10 82
49 70 14 82
49 71 33 70
49 72 7 94
49 73 65 30
49 74 68 34
49 75 31 68
49 76 32 57
49 77 5 87
49 78 91 9
49 79 7 84
49 80 13 80
49 81 47 47
49 82 67 41
49 83 65 35
49 84 38 61
49 85 96 11
49 86 56 48
49 87 22 73
49 88 22 72
49 89 22 67
49 90 50 53
49 91 62 37
49 92 40 60
49 93 72 33
49 94 4 85
49 95 98 14
49 96 9 84
49 97 48 49
49 98 16 79
49 99 37 56
50 51 91 8
50 52 66 35
50 53 22 76
50 54 92 16
50 55 3 93
50 56 56 46
50 57 38 65
50 58 6 80
50 59 46 59
50 60 17 76
50 61 48 47
50 62 11 83
50 63 63 44
50 64 25 71
50 65 45 55
50 66 23 71
50 67 14 86
50 68 28 61
50 69 88 25
50 70 70 34
50 71 28 67
50 72 39 60
50 73 21 68
50 74 30 68
50 75 2 95
50 76 30 69
50 77 74 30
50 78 31 65
50 79 7 90
50 80 15 82
50 81 28 63
50 82 65 35
50 83 63 44
50 84 22 80
50 85 14 75
50 86 63 46
50 87 42 56
50 88 6 90
50 89 68 31
50 90 60 47
50 91 89 20
50 92 86 18
50 93 71 39
50 94 1 99
50 95 18 83
50 96 27 67
50 97 61 40
50 98 76 26
50 99 97 4
51 52 76 26
51 53 25 79
51 54 61 48
51 55 98 11
51 56 89 10
51 57 98 10
51 58 72 36
51 59 19 80
51 60 12 85
51 61 3 90
51 62 95 19
51 63 35 67
51 64 27 72
51 65 73 33
51 66 98 12
51 67 74 34
51 68 84 25
51 69 86 20
51 70 38 53
51 71 26 67
51 72 15 77
51 73 59 48
51 74 37 56
51 75 63 42
51 76 4 83
51 77 31 69
51 78 11 77
51 79 24 72
51 80 52 45
51 81 94 13
51 82 66 41
51 83 59 38
51 84 82 17
51 85 12 83
51 86 92 15
51 87 41 64
51 88 21 76
51 89 5 96
51 90 38 62
51 91 75 28
51 92 38 56
51 93 14 82
51 94 59 48
51 95 77 31
51 96 72 35
51 97 68 36
51 98 84 20
51 99 64 40
52 53 38 56
52 54 26 77
52 55 35 70
52 56 0 92
52 57 26 68
52 58 40 61
52 59 31 65
52 60 16 74
52 61 23 70
52 62 79 28
52 63 74 35
52 64 44 57
52 65 46 53
52 66 33 69
52 67 23 69
52 68 22 71
52 69 19 70
52 70 98 14
52 71 44 59
52 72 40 53
52 73 85 26
52 74 14 78
52 75 65 36
52 76 89 23
52 77 26 73
52 78 72 25
52 79 50 43
52 80 74 31
52 81 10 81
52 82 74 30
52 83 66 33
52 84 35 71
52 85 83 17
52 86 74 31
52 87 54 50
52 88 0 91
52 89 77 20
52 90 86 23
52 91 76 34
52 92 32 71
52 93 82 24
52 94 42 56
52 95 35 60
52 96 88 17
52 97 90 14
52 98 37 63
52 99 67 30
53 54 3 90
53 55 4 88
53 56 48 54
53 57 3 97
53 58 98 10
53 59 56 47
53 60 89 21
53 61 39 60
53 62 66 42
53 63 71 34
53 64 23 72
53 65 71 26
53 66 28 75
53 67 9 87
53 68 4 86
53 69 28 69
53 70 97 12
53 71 46 50
53 72 70 37
53 73 75 28
53 74 24 73
53 75 23 79
53 76 11 80
53 77 51 45
53 78 9 85
53 79 66 43
53 80 47 57
53 81 13 87
53 82 77 28
53 83 88 22
53 84 18 79
53 85 11 88
53 86 86 16
53 87 4 91
53 88 95 19
53 89 22 69
53 90 82 20
53 91 19 80
53 92 81 28
53 93 68 28
53 94 74 34
53 95 25 79
53 96 99 2
53 97 60 43
53 98 92 18
53 99 82 18
54 55 42 56
54 56 57 43
54 57 2 85
54 58 21 82
54 59 14 78
54 60 79 24
54 61 88 25
54 62 46 54
54 63 55 47
54 64 37 56
54 65 49 53
54 66 60 43
54 67 32 62
54 68 99 1
54 69 56 39
54 70 39 54
54 71 50 45
54 72 49 53
54 73 45 59
54 74 31 67
54 75 100 11
54 76 84 22
54 77 24 79
54 78 51 49
54 79 71 28
54 80 85 28
54 81 81 20
54 82 35 66
54 83 33 61
54 84 7 92
54 85 32 64
54 86 49 50
54 87 44 57
54 88 18 78
54 89 7 80
54 90 36 62
54 91 24 65
54 92 81 20
54 93 53 54
54 94 67 40
54 95 14 82
54 96 52 53
54 97 86 26
54 98 27 72
54 99 31 68
55 56 93 19
55 57 2 86
55 58 18 77
55 59 8 91
55 60 37 54
55 61 86 27
55 62 68 33
55 63 63 44
55 64 6 91
55 65 37 68
55 66 80 27
55 67 89 16
55 68 20 68
55 69 2 92
55 70 72 36
55 71 22 75
55 72 25 68
55 73 82 19
55 74 96 11
55 75 47 53
55 76 41 57
55 77 99 7
55 78 61 46
55 79 96 5
55 80 32 62
55 81 84 14
55 82 40 66
55 83 43 54
55 84 59 37
55 85 0 96
55 86 76 30
55 87 70 32
55 88 6 81
55 89 9 82
55 90 76 26
55 91 30 61
55 92 16 85
55 93 57 50
55 94 6 87
55 95 18 76
55 96 79 31
55 97 82 19
55 98 7 79
55 99 43 50
56 57 2 87
56 58 91 12
56 59 70 37
56 60 90 10
56 61 66 30
56 62 31 66
56 63 51 55
56 64 15 75
56 65 96 15
56 66 20 70
56 67 75 35
56 68 0 94
56 69 99 2
56 70 10 83
56 71 96 9
56 72 95 17
56 73 5 93
56 74 65 41
56 75 81 17
56 76 42 61
56 77 1 95
56 78 99 16
56 79 88 17
56 80 78 20
56 81 15 83
56 82 89 14
56 83 7 91
56 84 55 41
56 85 96 10
56 86 46 51
56 87 48 57
56 88 55 39
56 89 88 13
56 90 26 74
56 91 24 74
56 92 92 19
56 93 20 73
56 94 38 59
56 95 81 19
56 96 13 79
56 97 16 79
56 98 12 76
56 99 81 20
57 58 99 7
57 59 56 37
57 60 75 30
57 61 35 64
57 62 66 33
57 63 47 48
57 64 90 12
57 65 19 74
57 66 32 67
57 67 4 94
57 68 64 42
57 69 11 82
57 70 28 71
57 71 67 43
57 72 16 84
57 73 80 26
57 74 72 34
57 75 42 49
57 76 71 32
57 77 50 48
57 78 39 60
57 79 63 36
57 80 71 28
57 81 41 52
57 82 61 46
57 83 71 30
57 84 27 71
57 85 34 70
57 86 31 62
57 87 11 89
57 88 77 28
57 89 9 89
57 90 79 18
57 91 78 26
57 92 8 92
57 93 60 47
57 94 32 65
57 95 59 49
57 96 84 16
57 97 74 25
57 98 3 86
57 99 87 14
58 59 38 59
58 60 76 21
58 61 94 8
58 62 78 27
58 63 95 7
58 64 76 23
58 65 13 81
58 66 28 75
58 67 99 13
58 68 91 16
58 69 28 67
58 70 6 91
58 71 72 38
58 72 44 60
58 73 65 37
58 74 94 16
58 75 34 69
58 76 83 27
58 77 97 4
58 78 26 68
58 79 35 68
58 80 68 32
58 81 26 76
58 82 35 62
58 83 11 82
58 84 56 39
58 85 46 60
58 86 35 70
58 87 53 45
58 88 95 11
58 89 30 73
58 90 14 75
58 91 21 73
58 92 11 89
58 93 4 91
58 94 94 11
58 95 95 9
58 96 32 71
58 97 6 91
58 98 16 78
58 99 14 78
59 60 64 36
59 61 52 53
59 62 61 38
59 63 27 64
59 64 64 45
59 65 15 84
59 66 56 41
59 67 12 76
59 68 33 60
59 69 42 52
59 70 38 66
59 71 28 66
59 72 21 75
59 73 83 21
59 74 77 31
59 75 85 20
59 76 2 93
59 77 51 42
59 78 38 55
59 79 16 77
59 80 18 75
59 81 3 90
59 82 22 67
59 83 38 62
59 84 93 7
59 85 16 86
59 86 10 89
59 87 24 78
59 88 88 25
59 89 93 9
59 90 51 42
59 91 50 48
59 92 62 33
59 93 95 7
59 94 17 83
59 95 9 91
59 96 100 9
59 97 31 60
59 98 87 23
59 99 78 33
60 61 13 78
60 62 100 11
60 63 50 45
60 64 39 60
60 65 90 8
60 66 68 31
60 67 56 45
60 68 72 28
60 69 75 36
60 70 34 60
60 71 43 52
60 72 56 43
60 73 5 83
60 74 13 78
60 75 60 37
60 76 22 73
60 77 15 80
60 78 44 52
60 79 14 78
60 80 3 86
60 81 39 55
60 82 68 28
60 83 35 55
60 84 79 33
60 85 24 64
60 86 90 20
60 87 82 16
60 88 18 80
60 89 63 37
60 90 62 36
60 91 68 39
60 92 63 34
60 93 16 76
60 94 92 18
60 95 87 17
60 96 27 77
60 97 59 47
60 98 22 71
60 99 22 68
61 62 1 85
61 63 54 41
61 64 21 69
61 65 98 11
61 66 25 64
61 67 100 12
61 68 92 13
61 69 92 11
61 70 83 27
61 71 72 25
61 72 9 90
61 73 33 64
61 74 56 49
61 75 14 88
61 76 10 78
61 77 7 93
61 78 74 34
61 79 64 41
61 80 1 91
61 81 30 60
61 82 0 93
61 83 85 24
61 84 91 12
61 85 90 21
61 86 49 48
61 87 44 62
61 88 76 28
61 89 75 23
61 90 86 21
61 91 5 83
61 92 80 28
61 93 47 53
61 94 97 17
61 95 55 39
61 96 85 17
61 97 60 39
61 98 38 64
61 99 17 82
62 63 17 71
62 64 15 82
62 65 79 21
62 66 55 48
62 67 21 73
62 68 54 40
62 69 72 38
62 70 27 65
62 71 57 48
62 72 28 68
62 73 7 79
62 74 45 49
62 75 28 71
62 76 99 11
62 77 57 44
62 78 21 78
62 79 98 12
62 80 55 39
62 81 75 35
62 82 63 35
62 83 56 39
62 84 67 37
62 85 57 49
62 86 13 79
62 87 17 70
62 88 45 56
62 89 21 79
62 90 30 65
62 91 56 50
62 92 80 23
62 93 70 26
62 94 69 36
62 95 77 22
62 96 38 64
62 97 84 14
62 98 19 77
62 99 19 73
63 64 66 38
63 65 79 32
63 66 75 32
63 67 73 27
63 68 92 10
63 69 2 89
63 70 85 20
63 71 43 56
63 72 28 75
63 73 8 89
63 74 34 59
63 75 89 19
63 76 59 48
63 77 24 71
63 78 9 86
63 79 4 87
63 80 64 41
63 81 86 23
63 82 56 41
63 83 4 95
63 84 19 75
63 85 93 7
63 86 11 78
63 87 99 15
63 88 93 10
63 89 96 17
63 90 2 85
63 91 80 28
63 92 51 50
63 93 28 75
63 94 94 14
63 95 63 39
63 96 1 94
63 97 78 27
63 98 35 60
63 99 19 75
64 65 47 59
64 66 19 82
64 67 38 57
64 68 77 20
64 69 6 89
64 70 83 27
64 71 19 81
64 72 40 56
64 73 66 44
64 74 33 61
64 75 83 21
64 76 43 60
64 77 26 64
64 78 57 48
64 79 52 47
64 80 13 81
64 81 37 66
64 82 88 20
64 83 22 74
64 84 28 68
64 85 59 36
64 86 52 54
64 87 33 63
64 88 98 12
64 89 99 10
64 90 66 28
64 91 99 14
64 92 11 81
64 93 85 23
64 94 15 86
64 95 31 65
64 96 76 28
64 97 69 41
64 98 70 34
64 99 97 3
65 66 56 41
65 67 63 36
65 68 65 38
65 69 16 74
65 70 38 65
65 71 4 91
65 72 18 81
65 73 2 87
65 74 45 51
65 75 71 37
65 76 36 59
65 77 90 22
65 78 73 33
65 79 59 40
65 80 32 70
65 81 33 59
65 82 26 75
65 83 56 46
65 84 57 39
65 85 10 88
65 86 70 28
65 87 78 24
65 88 69 41
65 89 39 56
65 90 54 40
65 91 23 77
65 92 93 19
65 93 26 67
65 94 16 77
65 95 50 54
65 96 75 22
65 97 33 68
65 98 72 35
65 99 5 88
66 67 42 52
66 68 51 46
66 69 44 53
66 70 81 20
66 71 22 78
66 72 93 11
66 73 1 91
66 74 92 16
66 75 41 59
66 76 49 47
66 77 27 62
66 78 74 32
66 79 31 69
66 80 52 45
66 81 7 92
66 82 6 87
66 83 95 10
66 84 82 26
66 85 28 75
66 86 80 18
66 87 24 78
66 88 83 17
66 89 7 84
66 90 92 11
66 91 87 22
66 92 38 60
66 93 64 45
66 94 22 79
66 95 100 10
66 96 72 28
66 97 98 2
66 98 6 93
66 99 20 77
67 68 14 84
67 69 92 7
67 70 36 55
67 71 45 47
67 72 53 55
67 73 53 55
67 74 6 89
67 75 10 81
67 76 62 38
67 77 72 28
67 78 37 59
67 79 69 40
67 80 8 82
67 81 90 9
67 82 3 91
67 83 20 77
67 84 60 38
67 85 10 82
67 86 28 71
67 87 6 87
67 88 97 11
67 89 77 28
67 90 14 88
67 91 23 68
67 92 91 14
67 93 44 56
67 94 23 73
67 95 37 57
67 96 70 35
67 97 24 66
67 98 1 91
67 99 12 79
68 69 60 40
68 70 5 87
68 71 23 75
68 72 70 36
68 73 65 37
68 74 67 37
68 75 59 37
68 76 61 41
68 77 43 60
68 78 28 66
68 79 6 84
68 80 54 42
68 81 74 30
68 82 50 48
68 83 20 72
68 84 56 39
68 85 90 11
68 86 76 28
68 87 46 53
68 88 33 70
68 89 98 14
68 90 17 80
68 91 47 52
68 92 91 15
68 93 65 43
68 94 3 91
68 95 8 89
68 96 23 69
68 97 96 11
68 98 50 44
68 99 30 70
69 70 22 73
69 71 90 12
69 72 40 62
69 73 24 69
69 74 45 60
69 75 32 70
69 76 65 40
69 77 15 76
69 78 73 27
69 79 55 49
69 80 39 62
69 81 85 23
69 82 69 27
69 83 99 14
69 84 4 83
69 85 76 24
69 86 7 87
69 87 3 86
69 88 14 76
69 89 33 65
69 90 92 12
69 91 61 37
69 92 6 81
69 93 17 82
69 94 11 90
69 95 68 28
69 96 25 71
69 97 97 8
69 98 74 32
69 99 83 27
70 71 6 88
70 72 91 19
70 73 34 56
70 74 7 84
70 75 84 28
70 76 60 42
70 77 5 83
70 78 37 65
70 79 71 33
70 80 2 93
70 81 90 10
70 82 14 78
70 83 49 46
70 84 15 73
70 85 56 49
70 86 18 77
70 87 47 59
70 88 0 85
70 89 92 13
70 90 30 60
70 91 35 61
70 92 22 67
70 93 39 65
70 94 67 43
70 95 87 14
70 96 59 36
70 97 28 69
70 98 4 85
70 99 86 14
71 72 1 89
71 73 85 25
71 74 37 60
71 75 93 7
71 76 86 21
71 77 93 14
71 78 56 49
71 79 93 13
71 80 0 86
71 81 8 79
71 82 92 16
71 83 86 17
71 84 52 56
71 85 34 67
71 86 20 71
71 87 7 80
71 88 53 46
71 89 28 61
71 90 1 96
71 91 62 44
71 92 36 64
71 93 71 35
71 94 16 82
71 95 20 80
71 96 3 86
71 97 95 18
71 98 28 66
71 99 43 54
72 73 96 10
72 74 69 38
72 75 62 36
72 76 66 39
72 77 26 75
72 78 6 85
72 79 5 89
72 80 23 74
72 81 79 26
72 82 96 16
72 83 73 38
72 84 99 13
72 85 68 33
72 86 53 51
72 87 59 38
72 88 74 26
72 89 28 62
72 90 56 42
72 91 51 49
72 92 56 50
72 93 5 86
72 94 5 84
72 95 42 60
72 96 30 69
72 97 23 76
72 98 85 18
72 99 86 15
73 74 77 32
73 75 52 55
73 76 89 22
73 77 96 12
73 78 21 78
73 79 28 74
73 80 3 84
73 81 40 65
73 82 44 56
73 83 28 67
73 84 28 67
73 85 11 90
73 86 6 93
73 87 23 76
73 88 97 11
73 89 10 87
73 90 93 15
73 91 4 87
73 92 41 61
73 93 60 41
73 94 13 82
73 95 85 26
73 96 82 28
73 97 40 52
73 98 98 16
73 99 27 77
74 75 38 54
74 76 77 31
74 77 52 55
74 78 71 40
74 79 40 53
74 80 78 30
74 81 47 55
74 82 20 80
74 83 52 42
74 84 11 81
74 85 7 88
74 86 94 9
74 87 13 87
74 88 98 7
74 89 75 36
74 90 35 69
74 91 43 64
74 92 67 36
74 93 26 71
74 94 9 91
74 95 34 71
74 96 72 36
74 97 96 14
74 98 22 76
74 99 23 67
75 76 77 30
75 77 34 56
75 78 50 49
75 79 4 86
75 80 77 34
75 81 51 54
75 82 28 61
75 83 92 10
75 84 14 88
75 85 2 98
75 86 91 8
75 87 9 92
75 88 4 92
75 89 26 70
75 90 13 87
75 91 47 56
75 92 34 68
75 93 90 15
75 94 2 96
75 95 62 40
75 96 79 22
75 97 45 56
75 98 12 83
75 99 4 94
76 77 13 81
76 78 42 57
76 79 46 46
76 80 66 37
76 81 61 34
76 82 62 47
76 83 61 35
76 84 55 44
76 85 84 27
76 86 75 25
76 87 36 62
76 88 36 66
76 89 59 43
76 90 61 38
76 91 56 48
76 92 56 38
76 93 30 73
76 94 42 61
76 95 51 50
76 96 18 77
76 97 3 87
76 98 39 63
76 99 14 86
77 78 59 35
77 79 85 25
77 80 98 7
77 81 72 30
77 82 92 20
77 83 28 72
77 84 1 87
77 85 26 76
77 86 77 23
77 87 83 20
77 88 57 47
77 89 93 6
77 90 26 72
77 91 50 55
77 92 74 35
77 93 74 22
77 94 51 42
77 95 43 62
77 96 42 64
77 97 72 31
77 98 1 92
77 99 48 53
78 79 76 21
78 80 79 18
78 81 90 18
78 82 60 42
78 83 10 80
78 84 96 9
78 85 28 63
78 86 28 76
78 87 72 38
78 88 97 11
78 89 57 49
78 90 0 88
78 91 3 89
78 92 22 67
78 93 80 25
78 94 64 40
78 95 47 52
78 96 87 15
78 97 94 13
78 98 56 47
78 99 32 63
79 80 80 30
79 81 63 41
79 82 24 70
79 83 34 65
79 84 95 9
79 85 34 66
79 86 33 72
79 87 63 34
79 88 61 46
79 89 60 47
79 90 59 47
79 91 51 42
79 92 77 31
79 93 82 28
79 94 14 73
79 95 55 49
79 96 20 77
79 97 77 30
79 98 78 25
79 99 57 47
80 81 11 80
80 82 71 38
80 83 83 15
80 84 77 34
80 85 13 82
80 86 85 26
80 87 80 21
80 88 92 19
80 89 97 10
80 90 86 22
80 91 65 43
80 92 3 92
80 93 31 59
80 94 9 81
80 95 73 34
80 96 38 63
80 97 32 73
80 98 53 44
80 99 56 40
81 82 7 88
81 83 91 18
81 84 37 68
81 85 45 47
81 86 67 32
81 87 3 96
81 88 28 71
81 89 35 64
81 90 10 85
81 91 56 51
81 92 8 83
81 93 77 31
81 94 27 72
81 95 98 4
81 96 96 8
81 97 19 75
81 98 45 59
81 99 77 27
82 83 19 77
82 84 8 84
82 85 14 85
82 86 20 80
82 87 24 75
82 88 59 49
82 89 75 23
82 90 50 43
82 91 88 17
82 92 17 71
82 93 3 83
82 94 90 9
82 95 46 55
82 96 67 43
82 97 20 78
82 98 49 48
82 99 5 88
83 84 6 88
83 85 62 40
83 86 38 57
83 87 24 66
83 88 52 43
83 89 54 46
83 90 22 71
83 91 66 28
83 92 18 82
83 93 5 83
83 94 82 26
83 95 24 65
83 96 98 5
83 97 94 12
83 98 19 72
83 99 3 95
84 85 45 50
84 86 59 45
84 87 2 92
84 88 95 8
84 89 9 89
84 90 74 36
84 91 44 60
84 92 56 41
84 93 60 36
84 94 43 53
84 95 97 10
84 96 56 44
84 97 99 7
84 98 85 26
84 99 67 36
85 86 82 23
85 87 59 42
85 88 21 80
85 89 74 34
85 90 42 53
85 91 7 93
85 92 23 70
85 93 45 50
85 94 36 60
85 95 32 65
85 96 100 4
85 97 4 84
85 98 74 31
85 99 28 64
86 87 94 15
86 88 34 71
86 89 43 53
86 90 100 1
86 91 1 93
86 92 81 21
86 93 40 56
86 94 69 31
86 95 80 23
86 96 95 12
86 97 18 75
86 98 95 17
86 99 7 81
87 88 63 34
87 89 42 53
87 90 46 50
87 91 11 84
87 92 57 38
87 93 28 73
87 94 66 32
87 95 8 91
87 96 80 26
87 97 32 72
87 98 19 70
87 99 66 35
88 89 61 40
88 90 15 80
88 91 68 38
88 92 65 41
88 93 44 61
88 94 17 78
88 95 30 62
88 96 1 95
88 97 20 78
88 98 39 65
88 99 3 92
89 90 46 59
89 91 9 83
89 92 51 50
89 93 4 91
89 94 84 18
89 95 64 31
89 96 74 28
89 97 89 19
89 98 49 45
89 99 6 85
90 91 36 59
90 92 74 23
90 93 24 75
90 94 17 83
90 95 60 43
90 96 71 33
90 97 40 65
90 98 32 59
90 99 26 71
91 92 60 44
91 93 21 68
91 94 63 36
91 95 20 78
91 96 53 41
91 97 62 40
91 98 49 47
91 99 46 56
92 93 31 63
92 94 48 47
92 95 18 80
92 96 21 75
92 97 97 12
92 98 14 75
92 99 45 61
93 94 87 17
93 95 56 51
93 96 36 60
93 97 35 56
93 98 32 71
93 99 37 60
94 95 10 84
94 96 30 70
94 97 50 47
94 98 28 71
94 99 28 65
95 96 65 33
95 97 62 32
95 98 96 17
95 99 28 63
96 97 32 64
96 98 80 27
96 99 85 24
97 98 36 65
97 99 49 53
98 99 23 76
