12
0 1 8 51 49
0 2 24 32 40
0 3 51 65 36
0 4 48 36 51
0 5 71 70 51
0 6 18 20 39
0 7 95 87 90
0 8 38 56 44
0 9 62 43 39
0 10 8 9 32
0 11 89 60 69
1 2 73 44 74
1 3 89 86 71
1 4 40 49 55
1 5 17 20 51
1 6 19 44 44
1 7 54 69 47
1 8 69 43 37
1 9 16 35 15
1 10 18 19 30
1 11 99 57 69
2 3 40 44 27
2 4 37 29 38
2 5 73 40 64
2 6 73 52 71
2 7 9 13 20
2 8 78 41 68
2 9 13 53 48
2 10 57 54 39
2 11 26 46 31
3 4 44 66 30
3 5 16 15 19
3 6 9 35 30
3 7 40 22 38
3 8 58 34 54
3 9 38 67 19
3 10 15 53 8
3 11 51 72 28
4 5 44 35 39
4 6 52 39 60
4 7 74 68 78
4 8 27 51 22
4 9 49 70 56
4 10 80 55 66
4 11 28 49 19
5 6 72 83 42
5 7 25 18 25
5 8 39 34 21
5 9 7 21 10
5 10 56 39 62
5 11 64 44 57
6 7 30 32 63
6 8 4 49 50
6 9 36 25 40
6 10 65 45 76
6 11 21 47 47
7 8 85 50 79
7 9 70 66 81
7 10 18 41 55
7 11 21 36 29
8 9 15 30 45
8 10 86 68 84
8 11 46 50 34
9 10 55 57 74
9 11 5 4 28
10 11 79 52 76
