12
0 1 36 79 9
0 2 29 21 7
0 3 0 9 63
0 4 57 32 40
0 5 56 91 68
0 6 72 28 31
0 7 22 19 17
0 8 55 41 55
0 9 20 76 38
0 10 37 11 43
0 11 18 72 58
1 2 13 17 31
1 3 21 42 43
1 4 73 41 76
1 5 44 77 55
1 6 86 85 38
1 7 80 92 51
1 8 28 44 27
1 9 31 64 84
1 10 46 35 46
1 11 89 68 38
2 3 41 44 38
2 4 57 59 33
2 5 32 42 20
2 6 55 82 49
2 7 72 59 65
2 8 20 23 20
2 9 99 62 59
2 10 31 83 52
2 11 38 83 40
3 4 56 85 53
3 5 88 37 52
3 6 78 51 28
3 7 67 76 37
3 8 56 54 28
3 9 21 27 29
3 10 60 68 51
3 11 46 46 34
4 5 20 67 46
4 6 27 59 16
4 7 75 23 18
4 8 37 15 41
4 9 16 76 8
4 10 83 65 56
4 11 57 20 67
5 6 84 72 67
5 7 10 14 73
5 8 59 84 49
5 9 97 41 64
5 10 31 39 24
5 11 17 69 33
6 7 5 68 40
6 8 96 20 76
6 9 76 27 81
6 10 75 63 40
6 11 33 86 48
7 8 53 56 76
7 9 41 65 75
7 10 44 57 19
7 11 65 92 22
8 9 63 65 65
8 10 68 19 80
8 11 90 44 42
9 10 98 34 36
9 11 29 72 34
10 11 38 28 26
