15
0 1 1 44 38
0 2 12 27 24
0 3 55 58 52
0 4 83 33 26
0 5 0 31 27
0 6 60 65 71
0 7 92 38 45
0 8 53 48 39
0 9 51 88 39
0 10 98 55 89
0 11 86 29 47
0 12 99 89 34
0 13 22 20 55
0 14 91 75 64
1 2 72 79 47
1 3 88 85 49
1 4 44 18 11
1 5 0 15 57
1 6 25 72 17
1 7 95 21 88
1 8 10 33 73
1 9 39 30 72
1 10 64 34 25
1 11 40 79 40
1 12 23 38 39
1 13 86 93 47
1 14 65 67 79
2 3 13 32 27
2 4 87 94 31
2 5 59 49 82
2 6 25 46 23
2 7 16 26 39
2 8 65 54 28
2 9 67 18 24
2 10 25 83 50
2 11 60 87 45
2 12 64 84 66
2 13 33 21 83
2 14 73 80 37
3 4 25 68 29
3 5 30 53 68
3 6 33 33 25
3 7 49 68 71
3 8 81 71 41
3 9 29 15 8
3 10 18 59 29
3 11 77 25 42
3 12 31 38 67
3 13 73 70 37
3 14 92 56 76
4 5 40 73 26
4 6 58 21 56
4 7 10 49 70
4 8 49 50 17
4 9 54 88 25
4 10 36 21 41
4 11 10 72 2
4 12 30 59 33
4 13 45 46 48
4 14 78 48 22
5 6 97 49 48
5 7 87 62 30
5 8 28 65 60
5 9 47 21 33
5 10 2 63 5
5 11 57 51 24
5 12 82 57 81
5 13 30 82 65
5 14 58 55 82
6 7 47 53 34
6 8 51 75 61
6 9 50 56 34
6 10 84 52 73
6 11 73 69 30
6 12 84 70 69
6 13 11 7 18
6 14 23 76 77
7 8 9 60 77
7 9 86 48 18
7 10 64 58 67
7 11 75 78 87
7 12 90 66 40
7 13 82 49 21
7 14 98 68 99
8 9 11 45 53
8 10 6 1 1
8 11 35 81 44
8 12 65 42 28
8 13 71 29 67
8 14 49 52 62
9 10 4 66 47
9 11 92 64 42
9 12 15 58 34
9 13 44 51 26
9 14 68 64 66
10 11 59 44 30
10 12 50 64 17
10 13 54 51 90
10 14 42 58 83
11 12 47 27 88
11 13 11 59 63
11 14 74 67 79
12 13 85 45 33
12 14 11 68 22
13 14 62 66 67
