17
0 1 16 26 69
0 2 94 53 97
0 3 11 18 61
0 4 58 45 22
0 5 44 86 21
0 6 98 19 45
0 7 62 38 70
0 8 99 73 41
0 9 31 70 11
0 10 7 53 6
0 11 3 15 17
0 12 32 32 84
0 13 71 48 94
0 14 58 11 60
0 15 45 30 55
0 16 34 72 32
1 2 52 51 24
1 3 62 76 19
1 4 57 20 81
1 5 76 88 63
1 6 4 22 30
1 7 60 68 31
1 8 76 63 18
1 9 87 74 41
1 10 23 48 75
1 11 84 54 77
1 12 26 74 35
1 13 0 36 17
1 14 62 65 13
1 15 26 29 53
1 16 79 45 18
2 3 2 68 56
2 4 22 40 42
2 5 34 31 62
2 6 93 81 22
2 7 53 25 41
2 8 83 50 81
2 9 9 28 49
2 10 73 75 94
2 11 57 89 76
2 12 34 74 53
2 13 60 24 67
2 14 92 54 52
2 15 71 65 15
2 16 45 88 23
3 4 97 26 79
3 5 43 32 56
3 6 55 76 12
3 7 0 39 29
3 8 17 26 8
3 9 40 21 83
3 10 29 63 33
3 11 95 82 31
3 12 77 38 61
3 13 37 34 26
3 14 59 37 50
3 15 23 7 10
3 16 82 47 68
4 5 52 15 73
4 6 54 70 39
4 7 63 81 82
4 8 23 31 68
4 9 36 45 18
4 10 88 21 42
4 11 23 68 14
4 12 18 18 19
4 13 92 97 47
4 14 71 20 36
4 15 43 37 20
4 16 98 26 78
5 6 20 48 34
5 7 84 92 83
5 8 50 11 48
5 9 21 7 35
5 10 36 72 85
5 11 33 33 25
5 12 80 29 63
5 13 90 51 67
5 14 83 31 26
5 15 68 16 55
5 16 14 21 66
6 7 48 41 60
6 8 73 29 75
6 9 80 67 59
6 10 51 35 73
6 11 11 18 25
6 12 63 37 90
6 13 97 57 77
6 14 31 43 34
6 15 59 75 81
6 16 68 75 75
7 8 14 27 50
7 9 80 41 35
7 10 31 39 32
7 11 61 42 27
7 12 55 66 57
7 13 11 64 7
7 14 9 43 63
7 15 23 8 62
7 16 42 72 60
8 9 94 19 94
8 10 62 59 16
8 11 35 76 15
8 12 61 75 33
8 13 12 72 62
8 14 20 61 42
8 15 73 64 93
8 16 12 13 56
9 10 61 33 75
9 11 26 68 70
9 12 7 20 41
9 13 2 58 74
9 14 47 74 12
9 15 58 41 45
9 16 62 19 63
10 11 41 38 39
10 12 87 49 93
10 13 18 6 8
10 14 78 53 22
10 15 98 32 71
10 16 82 47 17
11 12 49 36 52
11 13 53 56 10
11 14 5 24 19
11 15 28 71 52
11 16 47 42 26
12 13 45 66 73
12 14 40 20 84
12 15 75 75 94
12 16 51 85 12
13 14 42 77 26
13 15 88 92 85
13 16 45 75 56
14 15 28 31 46
14 16 26 56 70
15 16 27 69 54
