20
0 1 3 48 11
0 2 21 36 19
0 3 69 67 82
0 4 76 44 76
0 5 52 37 64
0 6 32 43 51
0 7 56 36 68
0 8 30 17 39
0 9 56 65 66
0 10 39 67 59
0 11 45 28 45
0 12 31 54 25
0 13 91 48 80
0 14 51 75 45
0 15 3 21 48
0 16 75 49 64
0 17 9 49 33
0 18 85 79 82
0 19 8 42 52
1 2 89 90 93
1 3 2 3 37
1 4 81 57 82
1 5 41 25 53
1 6 95 60 83
1 7 8 10 42
1 8 65 57 67
1 9 94 80 53
1 10 76 44 63
1 11 43 34 28
1 12 78 45 80
1 13 18 38 34
1 14 68 46 58
1 15 91 57 83
1 16 29 44 36
1 17 24 53 19
1 18 36 19 62
1 19 56 49 47
2 3 17 54 37
2 4 86 49 46
2 5 27 17 19
2 6 98 68 85
2 7 94 95 69
2 8 72 51 56
2 9 64 72 76
2 10 74 52 80
2 11 25 49 31
2 12 20 59 53
2 13 42 28 39
2 14 82 48 41
2 15 88 71 60
2 16 85 84 49
2 17 42 33 61
2 18 78 45 51
2 19 47 26 34
3 4 15 16 39
3 5 64 53 51
3 6 50 62 29
3 7 22 44 48
3 8 96 59 65
3 9 6 40 37
3 10 6 17 3
3 11 68 41 61
3 12 93 87 58
3 13 47 51 38
3 14 59 31 42
3 15 22 52 40
3 16 5 34 15
3 17 24 15 62
3 18 93 63 79
3 19 85 44 46
4 5 32 25 23
4 6 10 53 35
4 7 8 54 36
4 8 49 61 63
4 9 45 58 25
4 10 72 37 76
4 11 78 59 70
4 12 90 52 77
4 13 91 73 63
4 14 39 66 63
4 15 43 45 48
4 16 93 53 65
4 17 36 38 41
4 18 45 32 40
4 19 86 73 92
5 6 48 39 44
5 7 15 45 15
5 8 59 48 54
5 9 48 65 56
5 10 72 79 69
5 11 5 17 24
5 12 37 56 40
5 13 71 84 57
5 14 59 61 50
5 15 27 60 37
5 16 14 27 56
5 17 53 48 57
5 18 26 62 36
5 19 9 5 12
6 7 11 17 42
6 8 69 80 74
6 9 87 74 83
6 10 21 21 22
6 11 78 43 54
6 12 90 92 92
6 13 58 67 44
6 14 0 26 34
6 15 65 55 77
6 16 70 50 72
6 17 92 73 50
6 18 47 65 62
6 19 57 39 55
7 8 96 51 50
7 9 26 22 23
7 10 39 26 36
7 11 19 44 23
7 12 22 32 38
7 13 68 59 44
7 14 9 13 23
7 15 58 31 68
7 16 50 34 59
7 17 99 72 56
7 18 52 39 38
7 19 55 28 67
8 9 55 33 36
8 10 1 3 50
8 11 47 63 32
8 12 95 70 85
8 13 79 61 69
8 14 63 69 46
8 15 9 27 39
8 16 73 66 41
8 17 19 27 28
8 18 93 80 90
8 19 85 60 65
9 10 47 26 42
9 11 27 28 63
9 12 79 42 82
9 13 70 39 36
9 14 4 44 50
9 15 42 27 40
9 16 83 87 70
9 17 6 34 19
9 18 24 26 31
9 19 15 22 52
10 11 37 26 54
10 12 62 39 51
10 13 88 78 46
10 14 55 75 46
10 15 25 50 33
10 16 73 61 41
10 17 78 85 49
10 18 26 36 26
10 19 27 21 25
11 12 61 47 56
11 13 57 56 41
11 14 27 47 14
11 15 17 21 19
11 16 9 13 35
11 17 12 32 29
11 18 58 46 30
11 19 32 59 55
12 13 23 27 12
12 14 33 40 22
12 15 58 55 51
12 16 28 25 34
12 17 61 40 76
12 18 58 46 70
12 19 85 58 71
13 14 31 63 31
13 15 66 66 53
13 16 41 59 37
13 17 71 66 72
13 18 5 9 33
13 19 36 22 53
14 15 95 97 63
14 16 37 51 49
14 17 49 43 48
14 18 56 68 55
14 19 10 55 35
15 16 24 27 14
15 17 82 89 87
15 18 31 31 18
15 19 58 29 50
16 17 4 4 32
16 18 98 75 59
16 19 23 17 29
17 18 67 66 65
17 19 14 21 46
18 19 30 57 62
