20
0 1 75 64 78
0 2 16 21 18
0 3 71 63 61
0 4 69 63 63
0 5 17 18 14
0 6 79 67 78
0 7 79 74 73
0 8 12 12 14
0 9 0 13 8
0 10 59 55 56
0 11 68 62 60
0 12 43 44 38
0 13 57 61 49
0 14 76 78 72
0 15 29 32 32
0 16 7 17 17
0 17 52 47 50
0 18 23 26 33
0 19 7 13 18
1 2 96 92 82
1 3 51 48 51
1 4 42 48 43
1 5 17 22 24
1 6 33 30 34
1 7 51 52 52
1 8 73 65 67
1 9 56 52 53
1 10 55 48 53
1 11 81 73 75
1 12 76 73 78
1 13 32 32 38
1 14 62 68 63
1 15 30 32 27
1 16 29 33 28
1 17 25 21 22
1 18 9 14 22
1 19 84 72 72
2 3 45 45 45
2 4 53 52 48
2 5 81 83 77
2 6 33 42 29
2 7 75 68 75
2 8 35 38 44
2 9 98 97 89
2 10 90 76 86
2 11 46 48 42
2 12 18 29 16
2 13 76 70 67
2 14 83 81 72
2 15 28 36 24
2 16 80 71 82
2 17 93 82 91
2 18 30 34 30
2 19 99 94 91
3 4 97 86 83
3 5 45 52 40
3 6 83 83 73
3 7 49 43 53
3 8 38 46 44
3 9 26 34 35
3 10 64 56 55
3 11 84 83 73
3 12 23 23 27
3 13 24 25 32
3 14 0 14 8
3 15 51 47 56
3 16 24 27 21
3 17 7 8 9
3 18 46 45 52
3 19 17 21 18
4 5 57 48 52
4 6 97 86 91
4 7 29 26 26
4 8 75 77 72
4 9 42 42 35
4 10 76 69 69
4 11 78 74 81
4 12 51 58 49
4 13 97 83 96
4 14 74 67 78
4 15 64 55 58
4 16 86 78 78
4 17 66 69 69
4 18 61 56 57
4 19 67 59 63
5 6 67 59 58
5 7 68 72 62
5 8 35 44 33
5 9 20 28 32
5 10 31 32 33
5 11 52 47 51
5 12 80 72 74
5 13 29 25 38
5 14 36 40 39
5 15 80 73 73
5 16 39 48 37
5 17 98 98 93
5 18 2 11 2
5 19 47 47 54
6 7 89 81 83
6 8 42 39 41
6 9 89 76 89
6 10 48 55 51
6 11 30 28 27
6 12 56 50 51
6 13 46 44 41
6 14 29 28 33
6 15 87 84 85
6 16 9 17 9
6 17 67 66 71
6 18 16 22 26
6 19 66 65 63
7 8 84 81 79
7 9 27 25 29
7 10 25 33 33
7 11 34 29 32
7 12 95 92 83
7 13 11 11 12
7 14 85 72 84
7 15 94 81 94
7 16 4 15 7
7 17 19 30 28
7 18 36 35 39
7 19 90 91 82
8 9 62 64 55
8 10 99 91 92
8 11 92 85 90
8 12 59 61 64
8 13 96 96 93
8 14 15 15 27
8 15 91 88 86
8 16 17 27 20
8 17 91 85 80
8 18 56 53 62
8 19 12 12 19
9 10 27 34 28
9 11 36 38 37
9 12 32 38 33
9 13 66 66 71
9 14 95 93 86
9 15 53 54 49
9 16 47 52 50
9 17 99 93 90
9 18 32 33 38
9 19 42 47 42
10 11 41 46 50
10 12 84 81 84
10 13 78 76 70
10 14 59 52 61
10 15 89 89 76
10 16 31 36 36
10 17 57 56 55
10 18 2 14 10
10 19 43 48 39
11 12 7 13 13
11 13 56 54 49
11 14 98 93 94
11 15 59 62 58
11 16 80 83 76
11 17 4 12 15
11 18 81 70 72
11 19 83 76 85
12 13 2 4 11
12 14 12 19 21
12 15 20 26 25
12 16 25 28 22
12 17 58 61 56
12 18 12 22 19
12 19 47 48 42
13 14 34 41 29
13 15 16 26 28
13 16 64 63 62
13 17 3 12 15
13 18 49 43 49
13 19 7 17 18
14 15 20 31 24
14 16 91 90 88
14 17 62 60 66
14 18 9 16 19
14 19 68 67 66
15 16 32 39 41
15 17 30 35 26
15 18 33 41 30
15 19 21 20 29
16 17 56 57 49
16 18 71 62 74
16 19 76 76 71
17 18 34 37 30
17 19 95 88 88
18 19 66 69 65
