22
0 1 68 42 64
0 2 53 45 68
0 3 24 19 58
0 4 1 17 1
0 5 95 79 82
0 6 18 28 15
0 7 23 37 54
0 8 24 32 32
0 9 82 68 51
0 10 93 73 87
0 11 6 24 19
0 12 52 37 71
0 13 29 20 17
0 14 50 58 52
0 15 49 28 50
0 16 45 33 28
0 17 19 35 57
0 18 36 32 58
0 19 23 21 23
0 20 49 51 54
0 21 16 50 11
1 2 73 52 36
1 3 16 47 12
1 4 49 67 38
1 5 31 24 45
1 6 16 15 27
1 7 91 84 81
1 8 41 23 62
1 9 89 73 73
1 10 0 42 2
1 11 12 32 7
1 12 25 28 41
1 13 59 69 42
1 14 99 96 66
1 15 50 43 57
1 16 41 51 35
1 17 15 43 57
1 18 37 66 54
1 19 8 21 40
1 20 80 64 51
1 21 34 50 63
2 3 61 42 52
2 4 91 62 64
2 5 31 58 52
2 6 15 12 56
2 7 27 23 15
2 8 16 31 26
2 9 90 62 45
2 10 42 46 29
2 11 24 47 29
2 12 85 52 53
2 13 57 74 48
2 14 75 83 84
2 15 11 55 26
2 16 97 61 89
2 17 18 51 29
2 18 99 82 72
2 19 87 68 78
2 20 22 54 43
2 21 60 55 40
3 4 16 21 19
3 5 6 8 17
3 6 96 51 64
3 7 96 59 51
3 8 93 79 64
3 9 61 67 78
3 10 8 40 17
3 11 2 33 16
3 12 74 65 62
3 13 48 44 35
3 14 3 7 42
3 15 6 5 43
3 16 80 54 60
3 17 88 88 71
3 18 14 53 18
3 19 89 72 89
3 20 68 40 47
3 21 39 33 46
4 5 7 11 38
4 6 87 51 83
4 7 76 50 61
4 8 6 48 42
4 9 62 38 47
4 10 16 11 30
4 11 91 65 65
4 12 60 69 59
4 13 15 8 16
4 14 4 22 50
4 15 75 42 40
4 16 12 47 25
4 17 74 38 49
4 18 13 31 52
4 19 16 11 47
4 20 53 58 52
4 21 19 21 57
5 6 41 58 43
5 7 73 86 42
5 8 49 58 62
5 9 17 43 54
5 10 92 46 78
5 11 3 45 17
5 12 63 68 55
5 13 57 31 66
5 14 64 49 43
5 15 84 61 61
5 16 4 46 18
5 17 8 10 12
5 18 11 14 15
5 19 70 48 42
5 20 1 44 31
5 21 32 50 51
6 7 59 40 39
6 8 91 87 78
6 9 33 22 32
6 10 35 29 49
6 11 26 51 42
6 12 73 52 84
6 13 79 77 67
6 14 12 16 8
6 15 89 87 73
6 16 6 48 49
6 17 10 13 52
6 18 87 61 80
6 19 17 28 23
6 20 32 24 25
6 21 60 36 43
7 8 89 82 45
7 9 34 21 31
7 10 74 42 65
7 11 27 43 17
7 12 59 71 72
7 13 26 52 34
7 14 2 13 42
7 15 48 37 27
7 16 90 89 68
7 17 93 65 60
7 18 10 36 5
7 19 96 51 71
7 20 3 51 25
7 21 62 33 47
8 9 80 76 47
8 10 50 66 34
8 11 10 21 14
8 12 34 58 63
8 13 71 69 40
8 14 41 24 35
8 15 22 25 18
8 16 11 24 53
8 17 89 50 63
8 18 39 30 24
8 19 38 42 55
8 20 85 87 55
8 21 21 20 50
9 10 34 61 29
9 11 67 48 40
9 12 65 66 79
9 13 14 48 23
9 14 10 42 11
9 15 98 91 92
9 16 29 27 53
9 17 3 25 22
9 18 78 64 56
9 19 89 46 81
9 20 24 24 23
9 21 28 23 31
10 11 41 38 37
10 12 82 67 76
10 13 21 23 55
10 14 81 66 81
10 15 52 43 68
10 16 83 77 58
10 17 73 76 41
10 18 93 91 54
10 19 16 24 22
10 20 14 18 37
10 21 18 30 15
11 12 86 70 88
11 13 42 64 45
11 14 53 73 27
11 15 56 49 49
11 16 59 39 61
11 17 82 41 86
11 18 75 59 65
11 19 92 74 63
11 20 15 39 20
11 21 22 60 23
12 13 9 15 32
12 14 86 79 55
12 15 24 46 48
12 16 48 31 26
12 17 3 24 6
12 18 57 62 30
12 19 88 92 77
12 20 3 48 21
12 21 41 66 43
13 14 28 30 61
13 15 26 54 46
13 16 44 69 58
13 17 80 67 60
13 18 42 59 51
13 19 74 39 75
13 20 0 5 46
13 21 66 81 82
14 15 26 15 52
14 16 35 49 58
14 17 47 38 53
14 18 61 78 47
14 19 42 50 68
14 20 5 40 22
14 21 47 73 39
15 16 57 46 49
15 17 96 72 64
15 18 20 38 22
15 19 46 46 66
15 20 96 89 89
15 21 83 88 75
16 17 24 38 30
16 18 21 51 13
16 19 98 96 60
16 20 38 47 49
16 21 86 45 90
17 18 57 32 57
17 19 20 21 28
17 20 81 45 83
17 21 67 62 45
18 19 73 64 52
18 20 33 62 46
18 21 72 74 68
19 20 65 82 59
19 21 26 25 27
20 21 24 58 43
