22
0 1 46 47 15
0 2 59 44 32
0 3 73 70 39
0 4 60 64 58
0 5 30 60 28
0 6 24 58 19
0 7 1 17 48
0 8 42 11 60
0 9 41 33 45
0 10 74 47 29
0 11 36 45 57
0 12 48 70 53
0 13 14 15 79
0 14 88 34 88
0 15 87 61 60
0 16 19 24 41
0 17 12 60 61
0 18 68 35 34
0 19 54 63 47
0 20 23 35 7
0 21 0 33 77
1 2 23 7 16
1 3 98 42 60
1 4 92 85 71
1 5 15 70 49
1 6 77 66 34
1 7 19 35 38
1 8 13 60 55
1 9 14 35 61
1 10 20 67 8
1 11 92 90 37
1 12 96 68 43
1 13 74 71 86
1 14 56 67 57
1 15 72 46 84
1 16 66 63 92
1 17 14 43 74
1 18 53 43 56
1 19 58 74 70
1 20 36 25 24
1 21 69 83 69
2 3 48 29 81
2 4 49 89 16
2 5 77 25 88
2 6 89 44 79
2 7 80 60 79
2 8 69 50 16
2 9 48 69 23
2 10 29 67 46
2 11 37 50 46
2 12 90 80 77
2 13 9 28 58
2 14 92 40 72
2 15 40 58 28
2 16 90 96 76
2 17 97 80 21
2 18 53 89 58
2 19 45 39 65
2 20 64 65 24
2 21 65 45 37
3 4 67 77 43
3 5 6 44 14
3 6 1 65 31
3 7 84 40 65
3 8 81 93 90
3 9 63 66 80
3 10 75 34 61
3 11 76 23 94
3 12 46 54 16
3 13 33 36 48
3 14 46 80 21
3 15 61 70 17
3 16 15 58 45
3 17 54 32 61
3 18 45 53 12
3 19 92 24 84
3 20 88 49 59
3 21 90 55 48
4 5 93 96 50
4 6 0 15 47
4 7 87 17 37
4 8 90 74 54
4 9 5 70 53
4 10 76 78 77
4 11 80 59 59
4 12 27 83 54
4 13 13 48 13
4 14 64 27 84
4 15 72 71 69
4 16 73 32 56
4 17 12 74 77
4 18 89 32 43
4 19 86 62 61
4 20 87 63 28
4 21 94 91 86
5 6 21 80 27
5 7 95 37 63
5 8 40 24 28
5 9 95 77 96
5 10 56 75 70
5 11 32 75 47
5 12 42 42 42
5 13 56 49 49
5 14 15 71 65
5 15 18 24 74
5 16 40 18 84
5 17 23 67 64
5 18 60 17 22
5 19 1 39 23
5 20 6 3 79
5 21 49 76 73
6 7 43 16 33
6 8 71 83 69
6 9 20 75 18
6 10 50 11 56
6 11 39 62 33
6 12 33 34 14
6 13 89 51 81
6 14 55 50 23
6 15 39 71 69
6 16 24 70 53
6 17 77 87 93
6 18 16 11 62
6 19 58 16 48
6 20 49 30 72
6 21 17 41 45
7 8 60 81 42
7 9 94 93 52
7 10 81 30 40
7 11 11 73 4
7 12 84 47 96
7 13 81 20 67
7 14 94 46 29
7 15 54 21 65
7 16 90 69 90
7 17 67 13 26
7 18 93 64 34
7 19 14 47 77
7 20 38 33 73
7 21 8 30 67
8 9 64 87 64
8 10 67 15 51
8 11 61 38 83
8 12 94 27 20
8 13 64 15 57
8 14 58 65 88
8 15 98 86 42
8 16 95 60 66
8 17 9 10 53
8 18 56 42 34
8 19 16 8 3
8 20 97 56 81
8 21 0 37 33
9 10 50 23 29
9 11 86 59 60
9 12 34 64 69
9 13 87 35 25
9 14 54 70 52
9 15 4 27 28
9 16 50 87 43
9 17 44 81 77
9 18 88 94 73
9 19 49 45 11
9 20 92 84 49
9 21 69 88 76
10 11 15 35 14
10 12 35 16 48
10 13 47 14 64
10 14 26 21 82
10 15 55 30 22
10 16 74 62 16
10 17 76 35 88
10 18 22 29 63
10 19 40 68 13
10 20 90 88 21
10 21 69 45 42
11 12 93 66 81
11 13 14 56 9
11 14 17 48 78
11 15 59 38 43
11 16 20 13 64
11 17 66 30 88
11 18 86 90 19
11 19 40 15 14
11 20 65 24 34
11 21 58 68 71
12 13 62 72 49
12 14 2 69 3
12 15 60 82 72
12 16 69 25 30
12 17 56 71 12
12 18 95 72 91
12 19 84 94 71
12 20 2 23 1
12 21 35 64 79
13 14 95 85 72
13 15 23 64 23
13 16 46 66 47
13 17 22 45 44
13 18 39 32 85
13 19 34 59 35
13 20 10 45 25
13 21 40 21 77
14 15 19 60 51
14 16 46 14 88
14 17 86 64 85
14 18 10 76 27
14 19 14 38 54
14 20 52 61 28
14 21 2 3 80
15 16 12 75 26
15 17 82 68 60
15 18 99 32 79
15 19 5 40 50
15 20 30 80 81
15 21 41 37 46
16 17 26 6 63
16 18 36 34 83
16 19 41 48 68
16 20 51 70 63
16 21 73 53 37
17 18 90 59 72
17 19 7 74 19
17 20 27 26 47
17 21 37 20 43
18 19 18 53 60
18 20 58 62 52
18 21 67 54 81
19 20 37 42 80
19 21 67 61 51
20 21 25 43 80
