22
0 1 89 89 79
0 2 48 51 46
0 3 26 33 36
0 4 94 84 93
0 5 9 14 18
0 6 14 15 22
0 7 97 94 92
0 8 6 5 17
0 9 26 24 29
0 10 65 59 68
0 11 26 27 23
0 12 68 61 70
0 13 96 86 90
0 14 71 70 61
0 15 85 84 85
0 16 74 67 73
0 17 13 15 25
0 18 44 41 48
0 19 7 19 10
0 20 79 81 81
0 21 88 88 78
1 2 55 47 57
1 3 22 33 30
1 4 84 74 80
1 5 16 22 14
1 6 60 57 53
1 7 8 19 21
1 8 25 28 26
1 9 65 67 63
1 10 14 21 14
1 11 35 39 45
1 12 15 25 15
1 13 41 43 40
1 14 7 8 18
1 15 26 36 34
1 16 93 93 80
1 17 74 77 70
1 18 81 77 73
1 19 83 72 85
1 20 18 25 20
1 21 83 80 77
2 3 78 73 68
2 4 94 89 84
2 5 25 33 30
2 6 95 81 90
2 7 94 89 80
2 8 57 58 50
2 9 35 34 34
2 10 20 31 23
2 11 25 35 28
2 12 93 89 91
2 13 55 59 55
2 14 51 52 49
2 15 2 3 14
2 16 19 16 24
2 17 16 28 21
2 18 96 83 83
2 19 33 31 41
2 20 81 76 75
2 21 30 31 29
3 4 81 75 79
3 5 34 32 29
3 6 68 72 62
3 7 74 68 65
3 8 5 12 14
3 9 22 29 31
3 10 89 90 84
3 11 27 31 26
3 12 96 83 88
3 13 28 38 32
3 14 60 56 65
3 15 61 62 63
3 16 87 87 74
3 17 77 76 80
3 18 8 19 19
3 19 67 66 70
3 20 27 27 24
3 21 38 34 41
4 5 19 23 21
4 6 6 16 9
4 7 42 44 39
4 8 82 72 75
4 9 49 46 56
4 10 32 36 34
4 11 33 40 34
4 12 0 1 15
4 13 33 40 42
4 14 8 18 11
4 15 80 70 78
4 16 66 58 69
4 17 80 75 71
4 18 22 27 20
4 19 3 4 17
4 20 63 58 64
4 21 79 69 76
5 6 0 1 15
5 7 52 52 44
5 8 67 68 58
5 9 32 37 38
5 10 32 35 41
5 11 56 62 55
5 12 13 20 26
5 13 21 21 25
5 14 46 41 41
5 15 67 61 67
5 16 87 81 81
5 17 95 85 82
5 18 52 52 59
5 19 9 18 13
5 20 46 45 40
5 21 4 12 17
6 7 49 51 52
6 8 27 37 33
6 9 71 65 68
6 10 31 27 30
6 11 28 27 27
6 12 51 54 50
6 13 37 43 33
6 14 91 87 90
6 15 61 59 56
6 16 4 9 11
6 17 76 75 66
6 18 78 70 70
6 19 68 59 63
6 20 48 47 56
6 21 85 83 82
7 8 86 85 87
7 9 67 66 66
7 10 15 20 13
7 11 63 56 56
7 12 80 70 71
7 13 72 61 73
7 14 27 26 29
7 15 50 49 46
7 16 34 39 32
7 17 25 21 32
7 18 57 58 60
7 19 89 86 85
7 20 7 11 14
7 21 58 61 64
8 9 12 11 21
8 10 44 41 48
8 11 96 90 92
8 12 69 69 66
8 13 64 63 68
8 14 15 28 23
8 15 90 87 86
8 16 82 84 82
8 17 41 47 47
8 18 92 92 84
8 19 77 69 66
8 20 32 39 29
8 21 84 74 86
9 10 97 88 87
9 11 77 68 67
9 12 31 33 29
9 13 36 42 33
9 14 50 43 46
9 15 64 56 62
9 16 71 67 66
9 17 48 52 48
9 18 37 42 34
9 19 97 93 95
9 20 18 30 23
9 21 36 46 46
10 11 4 9 6
10 12 52 54 45
10 13 39 43 34
10 14 91 80 87
10 15 30 35 29
10 16 35 39 33
10 17 20 28 29
10 18 15 19 19
10 19 96 93 94
10 20 38 37 36
10 21 62 61 57
11 12 64 62 57
11 13 68 58 61
11 14 47 52 41
11 15 70 62 60
11 16 33 35 40
11 17 65 56 61
11 18 50 54 48
11 19 10 14 14
11 20 87 86 83
11 21 45 40 49
12 13 63 61 62
12 14 70 71 68
12 15 77 77 67
12 16 77 66 70
12 17 36 38 35
12 18 17 17 17
12 19 7 12 15
12 20 26 25 26
12 21 84 84 85
13 14 49 51 51
13 15 73 71 62
13 16 64 64 56
13 17 97 87 93
13 18 68 68 64
13 19 82 72 72
13 20 53 58 56
13 21 0 4 5
14 15 26 28 30
14 16 1 12 3
14 17 96 82 93
14 18 8 19 9
14 19 29 37 33
14 20 22 31 24
14 21 87 80 85
15 16 24 29 24
15 17 72 65 76
15 18 1 9 4
15 19 71 61 68
15 20 92 84 84
15 21 39 39 37
16 17 60 62 62
16 18 97 88 90
16 19 17 15 20
16 20 43 42 47
16 21 31 41 39
17 18 21 26 28
17 19 57 55 51
17 20 57 56 51
17 21 12 19 19
18 19 36 37 33
18 20 48 41 45
18 21 65 61 55
19 20 54 46 56
19 21 52 48 59
20 21 6 20 18
