27
0 1 84 64 58
0 2 41 42 64
0 3 37 20 37
0 4 49 30 47
0 5 89 59 79
0 6 43 39 67
0 7 76 75 69
0 8 84 77 79
0 9 17 58 42
0 10 24 20 19
0 11 77 68 42
0 12 57 33 69
0 13 64 45 45
0 14 75 81 85
0 15 23 30 47
0 16 61 56 42
0 17 73 73 68
0 18 32 63 32
0 19 51 74 73
0 20 43 68 69
0 21 81 59 82
0 22 68 55 59
0 23 65 59 66
0 24 34 63 56
0 25 19 42 53
0 26 24 49 56
1 2 40 40 44
1 3 85 86 69
1 4 74 49 80
1 5 86 72 77
1 6 74 58 63
1 7 86 52 79
1 8 41 36 35
1 9 41 64 57
1 10 78 61 46
1 11 84 45 89
1 12 24 17 58
1 13 83 62 81
1 14 60 46 42
1 15 73 86 75
1 16 44 58 60
1 17 15 50 22
1 18 57 49 69
1 19 2 48 43
1 20 46 33 28
1 21 7 24 3
1 22 73 55 60
1 23 79 53 55
1 24 84 83 56
1 25 29 24 33
1 26 28 40 28
2 3 82 90 90
2 4 94 60 95
2 5 52 44 38
2 6 64 43 36
2 7 97 51 54
2 8 13 41 13
2 9 82 82 65
2 10 63 75 80
2 11 67 35 44
2 12 40 35 67
2 13 22 24 49
2 14 23 26 26
2 15 12 42 37
2 16 43 70 33
2 17 88 73 89
2 18 77 73 59
2 19 29 37 52
2 20 61 74 71
2 21 17 31 57
2 22 31 31 46
2 23 89 67 93
2 24 88 65 68
2 25 30 50 31
2 26 92 62 70
3 4 98 78 85
3 5 11 18 14
3 6 70 40 71
3 7 75 55 86
3 8 31 27 56
3 9 87 53 60
3 10 67 63 65
3 11 66 74 47
3 12 31 60 24
3 13 24 29 17
3 14 26 38 53
3 15 62 49 78
3 16 59 57 74
3 17 40 25 29
3 18 21 23 48
3 19 16 23 12
3 20 15 49 19
3 21 24 42 36
3 22 12 55 53
3 23 75 71 80
3 24 98 76 93
3 25 59 53 51
3 26 85 45 60
4 5 42 47 52
4 6 9 20 30
4 7 23 53 45
4 8 38 42 45
4 9 84 84 66
4 10 82 70 59
4 11 43 45 27
4 12 30 53 24
4 13 56 42 65
4 14 78 65 61
4 15 10 34 45
4 16 19 26 26
4 17 61 44 49
4 18 23 57 21
4 19 48 61 63
4 20 99 79 89
4 21 28 32 15
4 22 88 54 69
4 23 91 90 83
4 24 6 16 37
4 25 9 11 21
4 26 28 38 55
5 6 60 35 49
5 7 75 84 62
5 8 87 46 83
5 9 37 38 28
5 10 59 54 40
5 11 34 45 44
5 12 80 86 87
5 13 6 11 45
5 14 66 81 69
5 15 54 47 32
5 16 82 48 82
5 17 25 31 51
5 18 34 55 21
5 19 40 40 40
5 20 88 44 63
5 21 44 43 50
5 22 91 59 63
5 23 12 19 38
5 24 3 13 3
5 25 36 46 43
5 26 33 59 47
6 7 96 88 63
6 8 71 81 77
6 9 13 18 49
6 10 84 57 61
6 11 31 36 33
6 12 20 16 32
6 13 98 95 73
6 14 25 36 25
6 15 70 79 38
6 16 46 61 36
6 17 73 56 78
6 18 49 38 48
6 19 58 30 74
6 20 94 75 92
6 21 59 55 30
6 22 91 72 88
6 23 52 28 53
6 24 56 47 64
6 25 25 21 36
6 26 48 29 52
7 8 59 75 40
7 9 79 74 40
7 10 9 25 32
7 11 24 45 51
7 12 79 69 41
7 13 27 40 52
7 14 20 17 28
7 15 29 18 21
7 16 84 69 48
7 17 18 25 16
7 18 91 59 51
7 19 34 60 31
7 20 27 36 21
7 21 37 57 19
7 22 23 56 39
7 23 53 60 51
7 24 5 35 49
7 25 8 35 23
7 26 70 38 57
8 9 53 41 41
8 10 39 57 29
8 11 57 50 67
8 12 13 39 20
8 13 21 28 27
8 14 53 40 27
8 15 53 55 51
8 16 54 44 65
8 17 93 66 58
8 18 77 76 47
8 19 97 69 93
8 20 52 26 56
8 21 96 69 84
8 22 14 12 49
8 23 30 48 28
8 24 84 83 77
8 25 31 22 55
8 26 50 60 74
9 10 62 68 41
9 11 91 64 61
9 12 93 52 85
9 13 24 16 25
9 14 23 16 18
9 15 39 26 20
9 16 71 70 55
9 17 98 71 94
9 18 49 70 60
9 19 38 56 33
9 20 95 56 63
9 21 36 22 66
9 22 78 54 64
9 23 58 51 44
9 24 94 86 84
9 25 97 98 83
9 26 42 25 41
10 11 20 27 21
10 12 25 46 37
10 13 37 48 66
10 14 57 56 59
10 15 59 45 69
10 16 75 62 65
10 17 21 22 56
10 18 6 44 38
10 19 66 73 66
10 20 52 32 65
10 21 96 90 52
10 22 27 17 21
10 23 93 59 72
10 24 30 60 16
10 25 21 54 23
10 26 5 5 52
11 12 47 54 45
11 13 7 22 10
11 14 92 64 79
11 15 29 19 56
11 16 77 55 59
11 17 79 52 74
11 18 49 45 58
11 19 28 58 21
11 20 50 35 71
11 21 89 55 73
11 22 24 49 36
11 23 65 72 56
11 24 99 68 65
11 25 58 58 78
11 26 88 58 53
12 13 26 21 36
12 14 86 53 52
12 15 59 30 50
12 16 3 5 17
12 17 19 54 29
12 18 77 65 81
12 19 69 61 52
12 20 14 23 47
12 21 98 90 61
12 22 81 48 72
12 23 7 31 33
12 24 31 29 20
12 25 16 40 21
12 26 57 71 51
13 14 31 50 18
13 15 91 49 60
13 16 13 37 46
13 17 45 53 71
13 18 6 28 35
13 19 48 65 27
13 20 76 82 51
13 21 66 63 76
13 22 62 66 78
13 23 99 63 80
13 24 42 53 62
13 25 59 40 57
13 26 44 62 52
14 15 5 34 16
14 16 98 76 93
14 17 1 23 9
14 18 31 17 31
14 19 57 45 41
14 20 43 34 67
14 21 71 42 69
14 22 17 27 24
14 23 1 44 6
14 24 40 27 45
14 25 7 35 30
14 26 72 45 39
15 16 48 24 25
15 17 36 20 26
15 18 27 62 20
15 19 73 65 81
15 20 16 50 10
15 21 71 42 70
15 22 64 48 59
15 23 28 51 55
15 24 15 25 45
15 25 0 49 17
15 26 73 81 79
16 17 72 39 73
16 18 25 46 18
16 19 43 27 44
16 20 40 31 49
16 21 5 28 6
16 22 31 37 37
16 23 87 62 60
16 24 74 73 47
16 25 20 23 24
16 26 53 64 53
17 18 67 77 55
17 19 57 75 57
17 20 2 50 34
17 21 31 48 37
17 22 91 54 47
17 23 7 20 53
17 24 38 41 67
17 25 25 13 27
17 26 11 5 19
18 19 32 53 36
18 20 59 51 78
18 21 6 49 50
18 22 85 71 89
18 23 10 15 39
18 24 99 87 67
18 25 97 91 97
18 26 87 56 75
19 20 45 62 35
19 21 47 55 45
19 22 13 40 52
19 23 72 60 43
19 24 31 40 57
19 25 98 92 96
19 26 98 99 80
20 21 46 58 65
20 22 54 41 38
20 23 23 29 59
20 24 98 77 89
20 25 79 52 76
20 26 40 34 43
21 22 70 63 46
21 23 81 75 79
21 24 96 78 91
21 25 8 22 35
21 26 87 62 81
22 23 73 86 66
22 24 6 28 28
22 25 59 71 60
22 26 24 19 32
23 24 42 35 27
23 25 68 77 83
23 26 23 18 15
24 25 89 88 57
24 26 74 49 49
25 26 72 49 58
