33
0 1 86 87 73
0 2 0 13 1
0 3 1 12 7
0 4 44 37 42
0 5 42 37 44
0 6 15 21 22
0 7 41 37 38
0 8 63 58 63
0 9 24 28 27
0 10 18 23 18
0 11 40 47 47
0 12 94 83 83
0 13 89 77 78
0 14 43 51 40
0 15 17 29 16
0 16 11 17 21
0 17 60 57 53
0 18 94 87 90
0 19 68 71 65
0 20 41 44 47
0 21 86 76 86
0 22 46 48 48
0 23 68 61 61
0 24 35 44 34
0 25 25 35 33
0 26 94 92 82
0 27 25 27 22
0 28 95 82 95
0 29 1 8 13
0 30 54 50 50
0 31 85 76 85
0 32 6 14 20
1 2 86 88 87
1 3 93 84 85
1 4 14 26 23
1 5 52 48 53
1 6 91 91 89
1 7 51 49 52
1 8 16 28 26
1 9 80 70 82
1 10 84 73 76
1 11 27 30 32
1 12 17 22 23
1 13 65 59 62
1 14 64 57 64
1 15 27 28 34
1 16 26 34 34
1 17 98 97 92
1 18 10 10 14
1 19 90 89 89
1 20 86 74 86
1 21 8 13 9
1 22 62 56 55
1 23 18 22 20
1 24 12 14 15
1 25 69 67 68
1 26 91 82 79
1 27 12 13 16
1 28 36 45 36
1 29 68 62 64
1 30 74 72 76
1 31 62 56 63
1 32 87 86 78
2 3 37 37 44
2 4 60 54 56
2 5 78 71 81
2 6 63 67 62
2 7 57 57 59
2 8 46 47 49
2 9 54 48 50
2 10 39 35 40
2 11 2 7 9
2 12 29 25 33
2 13 21 30 31
2 14 99 99 85
2 15 21 28 22
2 16 71 61 66
2 17 0 7 1
2 18 12 17 12
2 19 12 14 12
2 20 29 36 38
2 21 37 42 41
2 22 91 90 79
2 23 98 88 92
2 24 27 24 33
2 25 56 60 57
2 26 35 44 41
2 27 81 83 83
2 28 25 31 28
2 29 15 27 13
2 30 13 17 19
2 31 52 56 56
2 32 79 81 77
3 4 32 39 40
3 5 52 51 49
3 6 4 9 7
3 7 27 32 31
3 8 31 38 32
3 9 15 26 23
3 10 15 20 16
3 11 86 80 80
3 12 40 42 48
3 13 56 63 52
3 14 7 17 6
3 15 64 57 56
3 16 8 14 17
3 17 65 58 69
3 18 75 65 65
3 19 64 56 63
3 20 17 20 25
3 21 27 33 26
3 22 9 17 16
3 23 56 54 51
3 24 96 84 95
3 25 38 38 40
3 26 43 39 51
3 27 15 22 27
3 28 87 74 75
3 29 8 9 8
3 30 19 17 30
3 31 59 60 55
3 32 26 34 29
4 5 52 51 47
4 6 97 89 95
4 7 85 77 78
4 8 21 28 22
4 9 25 34 32
4 10 0 12 13
4 11 69 73 60
4 12 48 51 43
4 13 13 14 12
4 14 84 75 74
4 15 10 18 8
4 16 78 79 77
4 17 48 45 42
4 18 37 34 42
4 19 22 19 23
4 20 82 78 84
4 21 90 87 86
4 22 37 39 42
4 23 50 45 43
4 24 60 52 57
4 25 33 37 33
4 26 61 59 63
4 27 93 86 79
4 28 33 28 41
4 29 49 46 56
4 30 38 37 40
4 31 60 55 52
4 32 73 63 71
5 6 35 44 37
5 7 79 69 75
5 8 51 50 54
5 9 6 15 17
5 10 25 28 35
5 11 94 86 89
5 12 38 33 43
5 13 84 77 85
5 14 38 39 47
5 15 49 51 42
5 16 80 75 70
5 17 87 82 76
5 18 28 25 37
5 19 40 36 45
5 20 52 47 55
5 21 56 54 61
5 22 3 16 14
5 23 50 47 49
5 24 11 21 17
5 25 22 27 26
5 26 54 53 54
5 27 55 55 50
5 28 93 87 92
5 29 69 61 73
5 30 74 65 72
5 31 82 82 74
5 32 63 68 65
6 7 99 93 98
6 8 74 67 76
6 9 19 24 29
6 10 90 92 78
6 11 17 25 19
6 12 87 87 82
6 13 29 34 25
6 14 18 15 24
6 15 74 65 65
6 16 45 48 48
6 17 29 39 29
6 18 28 26 34
6 19 88 84 76
6 20 11 18 16
6 21 26 36 34
6 22 65 61 69
6 23 67 61 65
6 24 81 81 69
6 25 1 10 14
6 26 12 17 15
6 27 17 24 26
6 28 81 69 83
6 29 83 79 75
6 30 16 23 16
6 31 18 24 23
6 32 86 78 74
7 8 75 74 69
7 9 85 80 87
7 10 79 80 82
7 11 6 12 19
7 12 70 72 59
7 13 70 63 72
7 14 37 32 33
7 15 11 12 13
7 16 48 48 42
7 17 99 99 96
7 18 78 74 70
7 19 0 9 5
7 20 0 7 12
7 21 81 78 77
7 22 61 67 60
7 23 82 80 72
7 24 84 82 86
7 25 99 91 89
7 26 39 38 42
7 27 97 89 95
7 28 24 23 24
7 29 59 56 64
7 30 84 76 84
7 31 33 32 40
7 32 94 80 89
8 9 4 15 15
8 10 21 24 20
8 11 73 64 67
8 12 55 47 62
8 13 58 55 51
8 14 82 82 75
8 15 96 94 96
8 16 4 14 7
8 17 6 19 6
8 18 9 10 13
8 19 64 66 68
8 20 24 33 24
8 21 11 18 20
8 22 12 18 17
8 23 65 62 60
8 24 1 14 14
8 25 2 6 7
8 26 7 6 8
8 27 38 44 45
8 28 89 80 84
8 29 49 43 48
8 30 14 13 21
8 31 50 54 47
8 32 83 76 83
9 10 85 74 85
9 11 40 45 39
9 12 60 51 65
9 13 21 29 28
9 14 83 80 75
9 15 76 74 73
9 16 3 8 11
9 17 95 92 89
9 18 70 70 70
9 19 27 24 23
9 20 24 32 28
9 21 87 84 84
9 22 39 42 48
9 23 30 34 40
9 24 11 24 16
9 25 26 29 34
9 26 0 9 0
9 27 26 28 26
9 28 59 63 53
9 29 65 61 57
9 30 17 20 24
9 31 33 35 39
9 32 62 53 66
10 11 78 76 68
10 12 79 80 72
10 13 34 33 43
10 14 17 16 28
10 15 17 23 22
10 16 70 63 62
10 17 38 45 36
10 18 45 46 53
10 19 43 45 45
10 20 6 6 15
10 21 63 62 63
10 22 21 24 26
10 23 86 77 75
10 24 83 77 76
10 25 14 14 18
10 26 78 72 76
10 27 63 58 60
10 28 59 62 62
10 29 72 74 67
10 30 49 47 42
10 31 55 55 55
10 32 40 44 46
11 12 64 68 61
11 13 93 79 84
11 14 64 55 65
11 15 16 25 26
11 16 32 31 37
11 17 49 46 45
11 18 3 4 14
11 19 82 85 80
11 20 28 36 24
11 21 11 11 23
11 22 34 29 33
11 23 22 29 27
11 24 92 80 81
11 25 20 28 28
11 26 77 67 68
11 27 66 63 63
11 28 90 92 88
11 29 40 35 46
11 30 93 89 83
11 31 83 71 78
11 32 34 40 40
12 13 24 28 30
12 14 13 18 19
12 15 54 53 51
12 16 69 73 73
12 17 37 44 38
12 18 85 80 73
12 19 50 45 43
12 20 92 84 91
12 21 17 24 16
12 22 59 58 51
12 23 94 93 89
12 24 76 65 80
12 25 81 81 70
12 26 60 54 61
12 27 31 27 35
12 28 62 61 66
12 29 97 85 87
12 30 95 81 86
12 31 89 78 81
12 32 47 42 54
13 14 98 97 83
13 15 0 6 8
13 16 90 89 78
13 17 4 9 7
13 18 48 47 46
13 19 41 38 46
13 20 43 38 38
13 21 79 77 72
13 22 38 37 37
13 23 15 13 21
13 24 42 50 50
13 25 31 30 35
13 26 8 14 10
13 27 94 81 82
13 28 21 29 30
13 29 95 82 87
13 30 95 81 81
13 31 92 93 86
13 32 5 14 15
14 15 91 87 87
14 16 92 93 90
14 17 64 65 60
14 18 49 44 46
14 19 61 63 53
14 20 62 63 54
14 21 84 72 84
14 22 19 19 20
14 23 24 34 26
14 24 20 30 20
14 25 11 24 17
14 26 79 80 77
14 27 49 51 50
14 28 84 79 84
14 29 56 51 52
14 30 77 69 69
14 31 2 17 7
14 32 5 7 19
15 16 91 78 90
15 17 1 10 5
15 18 93 88 86
15 19 49 43 43
15 20 28 34 38
15 21 68 60 66
15 22 67 62 67
15 23 99 90 86
15 24 68 68 69
15 25 54 48 55
15 26 49 48 43
15 27 18 24 29
15 28 29 33 30
15 29 41 49 49
15 30 59 58 59
15 31 61 63 53
15 32 77 69 78
16 17 34 39 37
16 18 16 15 24
16 19 93 87 84
16 20 0 2 11
16 21 88 89 83
16 22 82 84 76
16 23 70 64 66
16 24 46 46 43
16 25 52 51 58
16 26 43 46 38
16 27 65 60 65
16 28 42 47 38
16 29 72 66 68
16 30 56 53 50
16 31 67 71 70
16 32 71 64 65
17 18 15 22 18
17 19 73 74 67
17 20 37 36 40
17 21 48 53 41
17 22 34 37 35
17 23 82 80 84
17 24 70 63 74
17 25 71 61 67
17 26 20 25 20
17 27 20 18 30
17 28 74 72 73
17 29 43 42 37
17 30 8 12 19
17 31 26 32 34
17 32 42 40 50
18 19 89 83 87
18 20 86 86 78
18 21 8 8 17
18 22 77 80 81
18 23 45 48 50
18 24 90 78 79
18 25 81 80 69
18 26 3 7 4
18 27 61 57 58
18 28 73 74 66
18 29 55 48 47
18 30 25 30 29
18 31 86 82 75
18 32 10 12 15
19 20 32 34 39
19 21 17 29 22
19 22 23 28 28
19 23 2 2 11
19 24 84 77 82
19 25 9 10 11
19 26 87 76 86
19 27 29 32 38
19 28 7 13 16
19 29 22 31 29
19 30 99 89 99
19 31 71 67 75
19 32 74 63 72
20 21 51 53 44
20 22 6 10 19
20 23 68 66 62
20 24 42 46 48
20 25 31 34 41
20 26 99 90 97
20 27 46 50 39
20 28 30 37 26
20 29 43 41 49
20 30 84 72 84
20 31 51 53 58
20 32 17 23 25
21 22 77 80 78
21 23 83 75 79
21 24 39 38 38
21 25 99 89 85
21 26 0 5 15
21 27 31 37 27
21 28 88 76 85
21 29 39 47 41
21 30 96 82 81
21 31 27 25 28
21 32 44 40 39
22 23 59 59 62
22 24 6 7 18
22 25 19 26 23
22 26 27 32 27
22 27 26 35 30
22 28 96 93 90
22 29 38 42 38
22 30 81 75 80
22 31 85 85 73
22 32 77 80 69
23 24 29 25 31
23 25 99 96 96
23 26 67 59 69
23 27 6 11 10
23 28 74 69 68
23 29 2 5 7
23 30 15 16 22
23 31 81 74 82
23 32 84 74 86
24 25 25 34 36
24 26 5 11 6
24 27 31 41 33
24 28 24 25 26
24 29 67 67 65
24 30 7 14 10
24 31 1 10 12
24 32 13 13 26
25 26 43 46 48
25 27 38 36 36
25 28 77 74 76
25 29 17 23 14
25 30 59 50 50
25 31 47 53 48
25 32 72 64 68
26 27 13 13 17
26 28 14 15 15
26 29 0 13 12
26 30 76 65 68
26 31 91 88 88
26 32 51 50 48
27 28 10 21 9
27 29 76 68 70
27 30 2 4 5
27 31 36 40 40
27 32 81 81 70
28 29 98 93 84
28 30 58 55 64
28 31 20 18 22
28 32 5 17 15
29 30 24 29 31
29 31 41 47 38
29 32 48 51 49
30 31 22 25 22
30 32 12 21 15
31 32 91 77 90
