33
0 1 42 53 20
0 2 11 44 66
0 3 96 96 66
0 4 8 58 13
0 5 11 59 35
0 6 21 73 63
0 7 91 48 96
0 8 94 67 22
0 9 80 57 36
0 10 21 38 10
0 11 84 22 73
0 12 4 23 4
0 13 90 28 86
0 14 70 19 58
0 15 78 52 37
0 16 57 62 23
0 17 12 24 8
0 18 86 70 89
0 19 24 64 59
0 20 19 25 19
0 21 57 64 78
0 22 77 26 17
0 23 42 27 41
0 24 36 39 48
0 25 0 30 2
0 26 58 77 21
0 27 26 20 56
0 28 29 25 62
0 29 45 24 61
0 30 78 58 54
0 31 8 2 61
0 32 93 65 20
1 2 94 35 41
1 3 84 24 91
1 4 23 57 13
1 5 64 57 77
1 6 13 18 38
1 7 10 40 67
1 8 98 40 28
1 9 90 33 88
1 10 50 28 81
1 11 31 30 53
1 12 1 1 67
1 13 9 71 42
1 14 37 57 74
1 15 2 37 21
1 16 82 40 17
1 17 19 61 39
1 18 63 25 62
1 19 36 86 13
1 20 99 97 72
1 21 62 49 88
1 22 54 48 87
1 23 3 64 10
1 24 71 68 24
1 25 61 70 86
1 26 28 32 13
1 27 64 55 30
1 28 98 56 68
1 29 98 75 37
1 30 13 15 70
1 31 40 30 76
1 32 28 34 60
2 3 9 51 81
2 4 78 45 63
2 5 49 39 67
2 6 81 26 77
2 7 41 74 78
2 8 35 11 77
2 9 26 45 81
2 10 99 57 66
2 11 24 45 19
2 12 45 23 16
2 13 17 72 62
2 14 47 25 82
2 15 35 25 52
2 16 44 31 73
2 17 59 37 42
2 18 99 37 49
2 19 37 82 73
2 20 34 13 8
2 21 64 29 80
2 22 74 56 49
2 23 66 88 68
2 24 12 24 15
2 25 70 34 47
2 26 15 72 7
2 27 68 61 20
2 28 87 76 65
2 29 61 91 27
2 30 34 72 34
2 31 31 31 42
2 32 52 49 11
3 4 89 82 67
3 5 44 38 13
3 6 47 30 51
3 7 8 14 65
3 8 97 62 93
3 9 16 76 48
3 10 78 58 48
3 11 30 51 15
3 12 3 27 60
3 13 37 59 35
3 14 87 71 43
3 15 18 52 31
3 16 32 30 39
3 17 56 52 39
3 18 81 42 46
3 19 83 23 34
3 20 14 20 81
3 21 90 61 84
3 22 40 29 81
3 23 65 30 56
3 24 83 24 31
3 25 6 47 36
3 26 68 58 32
3 27 7 49 31
3 28 86 85 42
3 29 54 21 77
3 30 80 62 60
3 31 80 51 79
3 32 23 69 79
4 5 15 44 67
4 6 29 38 24
4 7 53 71 25
4 8 17 20 71
4 9 67 38 56
4 10 97 88 74
4 11 60 19 48
4 12 41 59 11
4 13 81 38 72
4 14 8 60 7
4 15 16 82 47
4 16 7 36 46
4 17 50 84 48
4 18 95 20 46
4 19 86 39 41
4 20 83 92 58
4 21 72 68 53
4 22 46 70 26
4 23 64 14 36
4 24 0 34 11
4 25 45 79 43
4 26 14 21 41
4 27 57 71 69
4 28 51 59 11
4 29 80 53 48
4 30 46 23 20
4 31 34 24 9
4 32 68 80 64
5 6 70 55 25
5 7 48 54 79
5 8 8 24 29
5 9 62 48 43
5 10 82 67 85
5 11 21 83 33
5 12 25 47 77
5 13 78 76 35
5 14 26 44 39
5 15 33 16 22
5 16 97 68 34
5 17 94 86 44
5 18 95 97 40
5 19 74 45 27
5 20 74 81 45
5 21 81 33 34
5 22 16 11 75
5 23 41 37 58
5 24 61 69 49
5 25 89 93 34
5 26 57 47 77
5 27 34 16 21
5 28 29 53 27
5 29 98 28 36
5 30 3 14 23
5 31 72 83 34
5 32 31 30 63
6 7 4 20 13
6 8 14 73 36
6 9 23 71 22
6 10 24 61 65
6 11 83 91 47
6 12 37 63 35
6 13 84 53 32
6 14 77 27 87
6 15 86 62 89
6 16 67 87 26
6 17 35 35 27
6 18 51 65 35
6 19 69 47 57
6 20 76 31 58
6 21 39 82 82
6 22 65 78 64
6 23 29 53 49
6 24 69 81 54
6 25 5 10 19
6 26 87 60 39
6 27 16 74 28
6 28 63 75 60
6 29 83 55 62
6 30 12 33 74
6 31 24 68 41
6 32 12 45 56
7 8 53 42 66
7 9 57 48 60
7 10 26 14 44
7 11 92 28 68
7 12 55 56 67
7 13 21 32 25
7 14 64 19 46
7 15 24 40 67
7 16 33 25 82
7 17 55 64 43
7 18 59 75 11
7 19 0 29 49
7 20 71 57 86
7 21 23 53 39
7 22 77 84 87
7 23 61 85 45
7 24 2 39 50
7 25 2 32 77
7 26 43 13 26
7 27 67 39 56
7 28 46 79 10
7 29 55 17 21
7 30 1 51 41
7 31 53 76 64
7 32 58 38 78
8 9 87 74 56
8 10 50 78 15
8 11 68 27 45
8 12 38 72 24
8 13 63 78 15
8 14 97 63 72
8 15 78 37 39
8 16 50 46 89
8 17 95 91 41
8 18 1 78 14
8 19 54 16 29
8 20 78 39 74
8 21 73 28 18
8 22 5 65 4
8 23 59 84 23
8 24 23 72 46
8 25 33 34 9
8 26 84 53 91
8 27 53 72 43
8 28 44 84 64
8 29 80 75 58
8 30 18 24 45
8 31 50 18 34
8 32 72 68 18
9 10 22 9 23
9 11 5 71 29
9 12 14 5 57
9 13 98 51 86
9 14 26 10 14
9 15 26 28 21
9 16 32 8 72
9 17 47 14 41
9 18 14 4 43
9 19 31 12 66
9 20 52 31 15
9 21 24 71 32
9 22 27 39 36
9 23 79 36 18
9 24 69 40 18
9 25 35 85 27
9 26 46 38 44
9 27 14 75 77
9 28 10 7 54
9 29 8 41 70
9 30 95 38 22
9 31 40 83 14
9 32 36 24 16
10 11 70 92 78
10 12 84 29 91
10 13 99 96 44
10 14 63 27 43
10 15 55 86 14
10 16 72 24 71
10 17 52 59 30
10 18 82 52 58
10 19 97 94 39
10 20 24 62 17
10 21 68 63 88
10 22 17 69 19
10 23 8 65 3
10 24 8 53 15
10 25 35 40 44
10 26 65 29 66
10 27 28 76 31
10 28 63 79 77
10 29 25 41 72
10 30 3 7 44
10 31 48 38 13
10 32 34 61 30
11 12 70 46 23
11 13 56 32 35
11 14 9 72 54
11 15 45 58 28
11 16 33 54 63
11 17 9 13 6
11 18 10 47 16
11 19 88 27 53
11 20 14 65 18
11 21 89 25 31
11 22 34 64 43
11 23 83 58 52
11 24 93 48 96
11 25 89 25 69
11 26 91 29 86
11 27 33 44 67
11 28 72 93 55
11 29 5 13 62
11 30 78 62 59
11 31 13 41 18
11 32 31 61 31
12 13 7 71 20
12 14 26 46 44
12 15 6 40 57
12 16 54 67 73
12 17 50 29 17
12 18 11 15 6
12 19 4 51 69
12 20 79 78 43
12 21 59 27 76
12 22 0 46 5
12 23 72 25 35
12 24 53 63 16
12 25 20 27 45
12 26 12 46 39
12 27 41 10 12
12 28 56 53 32
12 29 92 74 31
12 30 87 55 41
12 31 88 83 23
12 32 70 50 48
13 14 16 26 33
13 15 33 57 30
13 16 73 88 93
13 17 53 57 58
13 18 56 74 81
13 19 43 56 19
13 20 31 84 13
13 21 19 63 24
13 22 90 26 72
13 23 75 69 20
13 24 55 63 23
13 25 7 65 45
13 26 33 14 59
13 27 63 36 90
13 28 88 50 26
13 29 52 53 36
13 30 92 91 81
13 31 50 56 27
13 32 27 39 75
14 15 46 40 83
14 16 17 8 61
14 17 66 18 23
14 18 21 36 79
14 19 78 63 82
14 20 76 59 42
14 21 85 58 67
14 22 88 56 81
14 23 46 30 56
14 24 23 77 67
14 25 71 59 60
14 26 77 40 31
14 27 69 15 86
14 28 22 41 29
14 29 69 21 51
14 30 96 34 25
14 31 19 46 61
14 32 21 49 4
15 16 71 83 54
15 17 56 76 57
15 18 98 95 80
15 19 95 21 80
15 20 76 52 52
15 21 49 57 24
15 22 16 80 42
15 23 94 21 64
15 24 8 61 55
15 25 0 43 59
15 26 63 42 73
15 27 33 24 14
15 28 18 49 67
15 29 16 40 68
15 30 21 37 38
15 31 50 47 24
15 32 56 38 88
16 17 83 61 29
16 18 93 44 86
16 19 96 29 72
16 20 38 27 9
16 21 64 26 26
16 22 28 10 49
16 23 79 66 88
16 24 93 74 95
16 25 9 35 54
16 26 47 71 80
16 27 51 83 37
16 28 48 25 47
16 29 71 34 56
16 30 31 82 37
16 31 81 37 82
16 32 78 20 39
17 18 65 54 52
17 19 35 65 33
17 20 52 31 76
17 21 53 73 49
17 22 77 21 47
17 23 49 75 64
17 24 6 50 62
17 25 25 24 61
17 26 83 53 46
17 27 73 31 43
17 28 61 30 65
17 29 74 69 67
17 30 74 41 33
17 31 87 97 19
17 32 40 39 69
18 19 46 64 28
18 20 68 29 58
18 21 93 56 44
18 22 37 79 45
18 23 35 58 86
18 24 23 52 35
18 25 72 73 16
18 26 98 35 60
18 27 70 93 20
18 28 33 82 12
18 29 93 40 24
18 30 42 72 83
18 31 83 25 75
18 32 72 65 19
19 20 30 29 14
19 21 24 7 76
19 22 78 44 67
19 23 13 13 54
19 24 61 27 18
19 25 10 36 23
19 26 1 20 1
19 27 28 21 13
19 28 38 83 38
19 29 18 8 22
19 30 17 47 81
19 31 95 62 71
19 32 55 11 29
20 21 97 67 37
20 22 1 62 15
20 23 77 38 56
20 24 95 36 32
20 25 51 73 46
20 26 89 49 49
20 27 72 75 72
20 28 8 58 75
20 29 4 78 44
20 30 97 96 40
20 31 60 71 78
20 32 58 18 12
21 22 2 6 23
21 23 29 60 57
21 24 21 16 53
21 25 77 81 28
21 26 14 13 22
21 27 39 70 8
21 28 54 30 82
21 29 93 76 74
21 30 72 60 27
21 31 38 15 83
21 32 47 40 16
22 23 71 55 86
22 24 1 38 49
22 25 84 20 86
22 26 30 35 29
22 27 92 83 94
22 28 52 47 66
22 29 89 18 27
22 30 79 79 74
22 31 82 92 17
22 32 65 13 73
23 24 41 34 70
23 25 23 74 33
23 26 15 72 47
23 27 49 52 18
23 28 51 31 76
23 29 44 76 9
23 30 20 76 79
23 31 36 64 50
23 32 70 42 37
24 25 41 62 49
24 26 13 81 59
24 27 61 32 72
24 28 46 35 46
24 29 21 10 13
24 30 93 57 90
24 31 45 78 44
24 32 78 51 77
25 26 52 26 23
25 27 10 50 72
25 28 26 29 57
25 29 16 69 53
25 30 44 85 30
25 31 2 56 69
25 32 95 62 86
26 27 77 49 60
26 28 91 89 44
26 29 8 56 14
26 30 64 39 67
26 31 79 41 83
26 32 8 56 13
27 28 4 25 77
27 29 50 44 33
27 30 49 14 45
27 31 56 63 53
27 32 67 78 18
28 29 31 44 57
28 30 74 46 91
28 31 13 41 5
28 32 45 61 75
29 30 41 54 80
29 31 21 64 60
29 32 39 68 14
30 31 80 34 68
30 32 46 11 67
31 32 86 66 45
