35
0 1 1 13 12
0 2 33 35 42
0 3 56 58 50
0 4 69 66 64
0 5 35 33 29
0 6 52 46 51
0 7 10 16 10
0 8 57 56 63
0 9 2 14 15
0 10 25 23 30
0 11 1 10 12
0 12 23 28 30
0 13 29 38 26
0 14 46 40 43
0 15 79 70 74
0 16 34 35 37
0 17 40 47 38
0 18 25 33 35
0 19 91 91 85
0 20 65 56 68
0 21 46 48 41
0 22 32 38 38
0 23 52 56 57
0 24 4 14 4
0 25 31 29 32
0 26 73 72 72
0 27 2 14 7
0 28 50 44 51
0 29 22 27 32
0 30 77 75 76
0 31 20 18 18
0 32 3 5 12
0 33 96 85 84
0 34 73 68 71
1 2 46 41 50
1 3 45 48 41
1 4 59 55 51
1 5 0 5 14
1 6 69 64 64
1 7 88 79 80
1 8 57 57 58
1 9 51 46 55
1 10 31 31 40
1 11 17 24 23
1 12 10 10 13
1 13 97 92 93
1 14 70 67 65
1 15 26 37 30
1 16 41 40 48
1 17 16 18 17
1 18 55 48 60
1 19 24 28 23
1 20 45 41 45
1 21 83 75 73
1 22 39 34 41
1 23 66 56 61
1 24 54 47 60
1 25 77 74 72
1 26 78 78 80
1 27 52 48 52
1 28 12 16 17
1 29 26 29 34
1 30 39 43 39
1 31 17 28 29
1 32 97 92 94
1 33 0 2 1
1 34 76 71 67
2 3 18 25 27
2 4 97 88 97
2 5 49 57 55
2 6 93 93 91
2 7 38 44 35
2 8 50 48 44
2 9 90 85 84
2 10 68 61 62
2 11 50 43 44
2 12 65 63 67
2 13 74 76 70
2 14 43 51 40
2 15 80 73 69
2 16 37 31 34
2 17 41 41 35
2 18 96 92 93
2 19 0 5 9
2 20 42 42 50
2 21 61 55 60
2 22 39 35 38
2 23 42 50 43
2 24 77 72 77
2 25 51 49 44
2 26 50 51 55
2 27 13 13 18
2 28 90 88 80
2 29 82 75 72
2 30 37 41 43
2 31 87 87 87
2 32 73 71 72
2 33 83 82 72
2 34 63 68 59
3 4 40 43 37
3 5 0 0 11
3 6 56 52 58
3 7 26 30 37
3 8 38 39 46
3 9 85 83 84
3 10 66 59 70
3 11 19 30 21
3 12 39 44 41
3 13 80 74 71
3 14 15 26 21
3 15 70 72 61
3 16 25 28 22
3 17 85 85 78
3 18 3 3 3
3 19 5 11 13
3 20 57 52 60
3 21 56 50 54
3 22 50 49 47
3 23 85 77 79
3 24 54 51 55
3 25 26 27 24
3 26 54 53 56
3 27 72 66 63
3 28 55 53 51
3 29 47 53 48
3 30 87 87 88
3 31 89 86 88
3 32 21 30 31
3 33 89 86 80
3 34 11 14 20
4 5 75 78 75
4 6 96 96 85
4 7 78 66 67
4 8 71 62 74
4 9 54 60 50
4 10 34 35 34
4 11 64 63 69
4 12 66 61 62
4 13 87 75 86
4 14 73 70 63
4 15 80 74 69
4 16 64 54 56
4 17 29 30 32
4 18 16 25 16
4 19 74 63 72
4 20 57 50 50
4 21 66 70 64
4 22 73 69 67
4 23 84 86 82
4 24 96 92 84
4 25 6 12 6
4 26 27 29 29
4 27 95 93 92
4 28 69 67 65
4 29 38 38 34
4 30 56 48 61
4 31 59 58 59
4 32 85 85 87
4 33 97 85 85
4 34 22 27 25
5 6 40 36 35
5 7 44 46 44
5 8 92 87 90
5 9 32 39 41
5 10 52 46 47
5 11 49 56 44
5 12 5 10 6
5 13 19 17 28
5 14 2 5 11
5 15 14 20 14
5 16 82 83 81
5 17 36 44 44
5 18 54 46 54
5 19 64 65 64
5 20 3 15 16
5 21 87 84 85
5 22 0 13 5
5 23 7 17 11
5 24 22 20 24
5 25 93 89 84
5 26 70 60 74
5 27 63 66 60
5 28 12 24 23
5 29 18 29 17
5 30 18 21 30
5 31 60 52 60
5 32 7 18 6
5 33 65 61 66
5 34 35 33 36
6 7 27 31 30
6 8 87 88 83
6 9 81 76 82
6 10 35 40 33
6 11 32 35 34
6 12 69 70 67
6 13 74 67 66
6 14 53 46 46
6 15 6 7 6
6 16 33 39 40
6 17 3 8 14
6 18 22 30 27
6 19 56 51 53
6 20 22 26 26
6 21 90 82 82
6 22 98 85 86
6 23 33 32 31
6 24 8 11 11
6 25 61 66 58
6 26 29 26 28
6 27 83 73 84
6 28 97 95 94
6 29 21 32 20
6 30 54 50 50
6 31 93 90 93
6 32 68 62 69
6 33 91 79 82
6 34 55 51 51
7 8 86 84 79
7 9 14 19 17
7 10 41 42 39
7 11 90 89 85
7 12 19 27 18
7 13 83 75 72
7 14 70 66 61
7 15 35 36 31
7 16 55 51 49
7 17 85 82 86
7 18 37 32 44
7 19 70 69 74
7 20 95 80 81
7 21 87 79 75
7 22 20 19 23
7 23 38 35 32
7 24 40 36 35
7 25 37 36 40
7 26 38 46 34
7 27 82 78 79
7 28 1 15 15
7 29 14 16 14
7 30 42 49 39
7 31 63 56 61
7 32 67 60 58
7 33 28 31 28
7 34 46 52 45
8 9 72 67 66
8 10 95 93 94
8 11 10 18 12
8 12 31 42 27
8 13 87 84 77
8 14 72 68 62
8 15 24 31 31
8 16 82 85 78
8 17 70 63 68
8 18 0 12 6
8 19 43 41 37
8 20 10 19 23
8 21 28 32 24
8 22 58 54 49
8 23 47 44 46
8 24 64 58 62
8 25 65 56 65
8 26 80 70 72
8 27 68 71 66
8 28 78 80 74
8 29 74 68 75
8 30 48 44 49
8 31 61 64 64
8 32 96 83 85
8 33 29 24 34
8 34 18 17 23
9 10 70 72 73
9 11 25 34 26
9 12 78 74 67
9 13 68 68 64
9 14 80 71 75
9 15 74 63 78
9 16 3 14 9
9 17 53 57 59
9 18 1 6 12
9 19 25 36 31
9 20 4 12 12
9 21 14 20 14
9 22 1 1 14
9 23 99 98 88
9 24 58 53 62
9 25 7 16 8
9 26 60 58 63
9 27 17 15 15
9 28 61 60 66
9 29 95 87 87
9 30 54 59 52
9 31 32 32 33
9 32 98 89 98
9 33 81 82 72
9 34 82 83 71
10 11 65 61 68
10 12 36 46 41
10 13 14 15 20
10 14 71 70 72
10 15 29 27 29
10 16 14 25 13
10 17 54 60 56
10 18 44 41 47
10 19 94 92 87
10 20 71 64 66
10 21 92 79 89
10 22 33 39 31
10 23 36 39 41
10 24 48 43 48
10 25 92 90 82
10 26 58 62 54
10 27 85 75 84
10 28 10 18 15
10 29 96 83 88
10 30 26 35 35
10 31 73 64 73
10 32 18 28 30
10 33 6 6 9
10 34 46 42 44
11 12 74 72 63
11 13 34 40 31
11 14 24 23 29
11 15 4 18 11
11 16 92 80 90
11 17 24 25 28
11 18 72 63 68
11 19 71 75 65
11 20 65 62 59
11 21 24 24 28
11 22 59 65 65
11 23 50 52 53
11 24 33 43 40
11 25 10 9 15
11 26 30 37 26
11 27 10 17 8
11 28 30 32 38
11 29 9 13 11
11 30 67 66 71
11 31 81 71 82
11 32 83 81 74
11 33 39 42 42
11 34 15 24 21
12 13 18 16 17
12 14 52 55 58
12 15 26 34 27
12 16 33 33 37
12 17 84 85 85
12 18 11 22 13
12 19 88 88 84
12 20 56 52 56
12 21 17 27 24
12 22 93 87 93
12 23 29 32 31
12 24 84 82 72
12 25 86 87 79
12 26 5 16 10
12 27 60 63 56
12 28 75 74 74
12 29 26 34 28
12 30 76 68 67
12 31 39 39 35
12 32 39 41 36
12 33 27 28 37
12 34 66 71 66
13 14 40 39 37
13 15 60 64 51
13 16 53 60 58
13 17 66 57 64
13 18 52 56 58
13 19 37 41 35
13 20 64 55 68
13 21 59 54 63
13 22 38 39 35
13 23 80 70 80
13 24 80 71 76
13 25 36 42 37
13 26 11 11 14
13 27 57 56 56
13 28 72 69 74
13 29 68 59 68
13 30 39 45 36
13 31 56 52 55
13 32 54 50 55
13 33 74 77 70
13 34 99 95 89
14 15 21 26 25
14 16 42 46 46
14 17 5 6 7
14 18 76 66 69
14 19 12 15 13
14 20 38 39 40
14 21 48 54 48
14 22 89 80 90
14 23 74 67 65
14 24 12 24 15
14 25 25 27 30
14 26 88 83 88
14 27 24 35 28
14 28 96 89 91
14 29 96 86 94
14 30 34 30 32
14 31 18 27 22
14 32 80 76 78
14 33 97 84 92
14 34 80 75 74
15 16 28 29 30
15 17 92 79 83
15 18 39 35 43
15 19 87 86 75
15 20 96 89 82
15 21 30 27 30
15 22 99 92 87
15 23 39 36 41
15 24 0 14 2
15 25 26 26 35
15 26 38 35 35
15 27 47 48 48
15 28 54 60 49
15 29 39 47 43
15 30 82 70 70
15 31 63 65 68
15 32 16 27 21
15 33 47 41 50
15 34 97 95 83
16 17 22 33 28
16 18 29 29 37
16 19 23 23 28
16 20 56 50 50
16 21 62 53 56
16 22 36 33 40
16 23 58 53 55
16 24 83 79 79
16 25 77 80 71
16 26 2 8 12
16 27 81 75 81
16 28 74 70 69
16 29 31 31 38
16 30 70 63 73
16 31 55 57 54
16 32 55 47 56
16 33 34 40 38
16 34 12 15 24
17 18 47 41 50
17 19 42 35 46
17 20 86 80 88
17 21 13 23 15
17 22 73 62 69
17 23 19 27 28
17 24 14 20 13
17 25 34 40 38
17 26 93 91 89
17 27 66 65 61
17 28 61 65 61
17 29 82 80 79
17 30 94 85 90
17 31 21 31 30
17 32 96 83 94
17 33 23 20 31
17 34 12 14 13
18 19 57 59 63
18 20 68 67 58
18 21 56 57 62
18 22 84 83 72
18 23 20 23 22
18 24 74 68 70
18 25 91 90 90
18 26 67 70 72
18 27 65 61 57
18 28 12 25 20
18 29 86 79 88
18 30 58 57 57
18 31 10 10 15
18 32 57 56 60
18 33 3 17 17
18 34 70 71 67
19 20 92 93 91
19 21 81 80 71
19 22 49 53 43
19 23 58 54 56
19 24 85 81 73
19 25 99 89 90
19 26 32 29 30
19 27 40 45 48
19 28 15 14 25
19 29 73 74 63
19 30 71 64 62
19 31 50 52 53
19 32 50 57 53
19 33 56 52 51
19 34 32 28 41
20 21 57 55 56
20 22 97 89 95
20 23 83 82 72
20 24 98 83 83
20 25 34 41 33
20 26 13 14 17
20 27 50 52 55
20 28 32 39 35
20 29 23 28 25
20 30 1 8 13
20 31 91 86 86
20 32 54 52 59
20 33 46 44 49
20 34 5 5 15
21 22 96 85 85
21 23 98 87 91
21 24 7 10 16
21 25 58 56 50
21 26 75 67 64
21 27 93 79 92
21 28 40 37 48
21 29 22 26 34
21 30 18 29 16
21 31 29 37 32
21 32 50 52 52
21 33 20 21 18
21 34 9 20 10
22 23 53 48 57
22 24 62 58 57
22 25 16 16 22
22 26 71 70 65
22 27 49 52 51
22 28 34 44 32
22 29 56 59 54
22 30 5 5 9
22 31 29 33 34
22 32 33 31 30
22 33 90 90 91
22 34 18 16 28
23 24 48 46 55
23 25 33 41 39
23 26 5 5 16
23 27 12 19 19
23 28 82 75 84
23 29 22 31 19
23 30 37 44 35
23 31 56 60 57
23 32 0 12 11
23 33 10 17 11
23 34 28 32 37
24 25 11 22 11
24 26 58 53 51
24 27 3 15 9
24 28 86 77 85
24 29 2 5 16
24 30 18 30 30
24 31 73 64 72
24 32 63 64 60
24 33 19 23 17
24 34 11 20 15
25 26 97 84 96
25 27 75 70 71
25 28 14 15 25
25 29 86 75 76
25 30 90 90 81
25 31 56 57 60
25 32 43 46 40
25 33 95 90 94
25 34 31 32 32
26 27 7 19 13
26 28 34 32 32
26 29 93 91 92
26 30 23 22 34
26 31 21 18 21
26 32 73 64 74
26 33 95 91 81
26 34 48 53 47
27 28 21 32 25
27 29 53 48 48
27 30 45 39 39
27 31 46 51 46
27 32 28 33 25
27 33 11 24 19
27 34 98 90 85
28 29 25 35 24
28 30 44 45 50
28 31 89 90 83
28 32 96 87 85
28 33 16 16 22
28 34 92 79 92
29 30 77 74 74
29 31 74 66 66
29 32 24 30 29
29 33 46 54 45
29 34 51 47 43
30 31 56 62 57
30 32 82 72 84
30 33 85 79 76
30 34 59 57 63
31 32 32 29 33
31 33 97 89 91
31 34 10 18 11
32 33 47 54 41
32 34 90 89 87
33 34 12 18 22
