38
0 1 16 17 16
0 2 15 22 27
0 3 61 57 55
0 4 45 51 40
0 5 78 75 67
0 6 39 34 44
0 7 29 25 34
0 8 53 50 48
0 9 31 36 28
0 10 83 76 76
0 11 16 22 14
0 12 3 12 11
0 13 77 67 65
0 14 6 19 12
0 15 47 44 44
0 16 25 24 27
0 17 81 80 77
0 18 28 25 38
0 19 1 10 16
0 20 13 17 16
0 21 19 31 26
0 22 39 47 37
0 23 1 6 3
0 24 38 46 38
0 25 71 72 68
0 26 54 60 53
0 27 8 19 10
0 28 82 73 74
0 29 97 92 89
0 30 93 93 80
0 31 9 16 18
0 32 15 22 27
0 33 32 41 36
0 34 42 48 46
0 35 4 12 10
0 36 29 38 38
0 37 63 63 54
1 2 58 58 50
1 3 5 12 11
1 4 16 15 23
1 5 17 23 22
1 6 22 28 32
1 7 8 7 12
1 8 90 86 77
1 9 24 27 20
1 10 14 22 18
1 11 53 52 56
1 12 10 16 10
1 13 77 76 67
1 14 87 87 86
1 15 62 55 55
1 16 75 70 65
1 17 31 40 36
1 18 26 29 24
1 19 95 87 82
1 20 0 11 11
1 21 19 31 24
1 22 61 52 65
1 23 71 65 65
1 24 62 67 61
1 25 66 62 64
1 26 1 5 13
1 27 92 86 81
1 28 16 18 22
1 29 17 24 25
1 30 64 60 55
1 31 36 34 38
1 32 73 77 69
1 33 58 50 49
1 34 48 52 55
1 35 62 66 56
1 36 13 25 19
1 37 71 66 65
2 3 27 23 32
2 4 97 92 93
2 5 27 28 29
2 6 13 20 17
2 7 81 82 74
2 8 74 70 76
2 9 44 39 48
2 10 93 89 87
2 11 64 59 64
2 12 50 55 57
2 13 76 65 73
2 14 27 34 32
2 15 12 15 19
2 16 86 84 81
2 17 54 49 49
2 18 80 71 75
2 19 49 54 44
2 20 81 83 76
2 21 2 16 11
2 22 8 14 17
2 23 8 16 15
2 24 77 76 67
2 25 55 47 56
2 26 58 64 54
2 27 97 96 97
2 28 1 10 4
2 29 65 67 56
2 30 61 62 52
2 31 12 24 24
2 32 13 12 19
2 33 16 25 14
2 34 45 39 53
2 35 40 42 42
2 36 95 82 93
2 37 73 72 73
3 4 6 13 6
3 5 25 22 36
3 6 74 63 77
3 7 89 85 83
3 8 45 51 48
3 9 34 32 40
3 10 5 9 16
3 11 9 20 17
3 12 61 55 57
3 13 48 51 45
3 14 36 35 42
3 15 65 66 55
3 16 95 83 85
3 17 21 18 27
3 18 21 32 32
3 19 24 25 28
3 20 85 78 87
3 21 70 70 66
3 22 36 34 36
3 23 97 95 89
3 24 95 85 82
3 25 52 52 57
3 26 11 11 17
3 27 67 64 63
3 28 19 22 27
3 29 57 60 51
3 30 73 75 70
3 31 58 54 51
3 32 2 5 7
3 33 57 57 52
3 34 42 36 39
3 35 28 32 27
3 36 66 69 56
3 37 81 82 72
4 5 47 44 41
4 6 59 59 59
4 7 64 55 68
4 8 35 36 32
4 9 65 60 59
4 10 35 34 35
4 11 6 16 9
4 12 22 27 33
4 13 24 30 24
4 14 11 14 24
4 15 6 13 15
4 16 54 50 47
4 17 74 75 67
4 18 7 8 7
4 19 58 50 61
4 20 45 45 44
4 21 5 13 14
4 22 40 40 46
4 23 6 18 19
4 24 24 27 34
4 25 96 91 87
4 26 86 82 82
4 27 30 25 34
4 28 28 37 36
4 29 46 44 47
4 30 10 21 13
4 31 55 49 54
4 32 0 5 13
4 33 46 52 53
4 34 84 74 80
4 35 36 33 36
4 36 70 72 67
4 37 98 93 97
5 6 32 31 42
5 7 18 20 18
5 8 17 24 25
5 9 41 39 36
5 10 80 81 74
5 11 72 69 67
5 12 95 95 88
5 13 87 83 78
5 14 73 71 71
5 15 63 64 57
5 16 32 36 38
5 17 40 48 47
5 18 16 20 28
5 19 2 14 7
5 20 12 22 24
5 21 83 75 79
5 22 86 81 85
5 23 55 56 54
5 24 3 6 16
5 25 50 44 48
5 26 3 8 5
5 27 11 13 23
5 28 73 67 66
5 29 93 80 80
5 30 99 88 94
5 31 31 37 35
5 32 67 62 59
5 33 98 93 94
5 34 0 14 9
5 35 28 35 35
5 36 42 49 49
5 37 18 29 25
6 7 98 94 90
6 8 30 33 26
6 9 59 59 64
6 10 39 42 48
6 11 74 69 68
6 12 95 92 85
6 13 92 81 85
6 14 78 70 72
6 15 42 36 50
6 16 78 69 74
6 17 58 59 59
6 18 68 66 69
6 19 43 46 48
6 20 38 37 34
6 21 66 61 56
6 22 19 24 26
6 23 4 11 10
6 24 32 41 37
6 25 37 35 32
6 26 13 24 25
6 27 54 52 58
6 28 13 19 12
6 29 31 36 39
6 30 43 50 44
6 31 10 10 14
6 32 76 74 74
6 33 20 28 18
6 34 10 23 11
6 35 75 78 77
6 36 56 58 61
6 37 47 44 48
7 8 80 82 80
7 9 7 19 19
7 10 58 55 62
7 11 93 85 88
7 12 92 91 80
7 13 48 50 47
7 14 22 28 19
7 15 91 83 89
7 16 98 92 96
7 17 91 78 85
7 18 18 26 20
7 19 16 19 18
7 20 36 37 33
7 21 3 5 9
7 22 31 31 37
7 23 6 8 17
7 24 67 68 64
7 25 84 75 75
7 26 82 78 77
7 27 71 72 70
7 28 75 67 70
7 29 5 6 13
7 30 16 18 25
7 31 48 54 44
7 32 32 42 40
7 33 98 85 86
7 34 1 6 5
7 35 55 59 52
7 36 86 86 80
7 37 21 29 20
8 9 11 21 11
8 10 25 36 33
8 11 49 42 53
8 12 40 43 46
8 13 55 61 55
8 14 3 3 7
8 15 68 60 71
8 16 46 41 50
8 17 44 41 50
8 18 4 11 4
8 19 60 65 59
8 20 2 14 8
8 21 2 2 15
8 22 75 68 75
8 23 77 69 69
8 24 11 16 21
8 25 7 16 11
8 26 42 51 50
8 27 19 19 18
8 28 47 55 51
8 29 58 60 50
8 30 92 85 88
8 31 61 59 60
8 32 39 40 43
8 33 95 91 83
8 34 18 18 29
8 35 11 20 23
8 36 21 32 30
8 37 23 34 21
9 10 0 9 7
9 11 62 64 56
9 12 30 37 30
9 13 43 43 39
9 14 91 83 88
9 15 93 88 89
9 16 11 16 10
9 17 10 22 23
9 18 42 45 36
9 19 58 50 55
9 20 67 67 68
9 21 70 71 62
9 22 98 95 94
9 23 37 36 45
9 24 38 33 45
9 25 79 75 67
9 26 43 40 47
9 27 4 12 8
9 28 89 87 78
9 29 92 79 86
9 30 70 62 69
9 31 37 35 38
9 32 36 34 33
9 33 95 87 93
9 34 67 62 68
9 35 92 84 89
9 36 26 28 29
9 37 40 45 35
10 11 55 60 53
10 12 51 50 52
10 13 71 70 63
10 14 80 81 71
10 15 13 17 20
10 16 20 29 20
10 17 41 48 45
10 18 92 89 82
10 19 67 58 59
10 20 44 41 51
10 21 22 25 30
10 22 45 47 47
10 23 74 73 65
10 24 67 61 61
10 25 79 77 81
10 26 91 89 83
10 27 47 44 47
10 28 7 9 15
10 29 84 74 83
10 30 27 23 37
10 31 45 51 46
10 32 48 47 48
10 33 41 37 41
10 34 86 77 83
10 35 51 54 55
10 36 87 85 81
10 37 38 43 32
11 12 54 49 48
11 13 66 65 63
11 14 45 47 40
11 15 42 45 47
11 16 72 75 73
11 17 91 79 90
11 18 80 77 80
11 19 88 88 86
11 20 84 73 82
11 21 63 67 60
11 22 18 17 28
11 23 30 35 30
11 24 87 84 84
11 25 92 88 85
11 26 89 88 79
11 27 4 4 12
11 28 4 16 10
11 29 38 32 38
11 30 36 36 33
11 31 51 46 49
11 32 65 56 59
11 33 28 25 30
11 34 99 92 92
11 35 6 14 18
11 36 46 45 46
11 37 77 78 73
12 13 89 90 86
12 14 34 31 37
12 15 76 69 65
12 16 40 34 48
12 17 61 57 54
12 18 45 52 53
12 19 95 81 93
12 20 22 21 23
12 21 79 70 71
12 22 35 35 38
12 23 30 34 27
12 24 93 89 85
12 25 22 28 22
12 26 92 80 84
12 27 4 17 14
12 28 33 35 37
12 29 18 24 28
12 30 80 81 77
12 31 5 19 15
12 32 51 45 57
12 33 6 12 19
12 34 65 68 70
12 35 90 91 81
12 36 61 64 66
12 37 79 73 68
13 14 68 66 62
13 15 79 80 79
13 16 58 51 59
13 17 77 71 74
13 18 49 56 55
13 19 88 81 87
13 20 5 5 9
13 21 37 46 45
13 22 44 41 45
13 23 72 71 75
13 24 42 42 47
13 25 85 77 77
13 26 9 14 13
13 27 52 51 48
13 28 90 86 85
13 29 24 26 35
13 30 89 87 81
13 31 95 92 81
13 32 1 9 12
13 33 38 46 39
13 34 34 36 31
13 35 19 29 25
13 36 76 73 70
13 37 46 47 51
14 15 3 10 12
14 16 52 51 52
14 17 23 24 25
14 18 17 21 28
14 19 35 38 30
14 20 30 33 33
14 21 55 53 58
14 22 42 42 47
14 23 21 24 26
14 24 47 44 54
14 25 32 39 32
14 26 40 44 41
14 27 46 43 42
14 28 7 18 17
14 29 16 23 20
14 30 21 18 29
14 31 75 74 75
14 32 74 70 71
14 33 22 27 25
14 34 63 63 61
14 35 74 66 76
14 36 59 53 51
14 37 10 9 11
15 16 37 37 37
15 17 36 45 35
15 18 18 21 26
15 19 26 36 29
15 20 74 72 63
15 21 17 24 15
15 22 82 78 77
15 23 47 42 54
15 24 22 19 26
15 25 37 37 36
15 26 35 31 40
15 27 72 76 61
15 28 96 92 82
15 29 42 45 43
15 30 22 22 33
15 31 70 71 73
15 32 10 22 9
15 33 31 39 29
15 34 67 67 62
15 35 23 19 21
15 36 96 90 82
15 37 0 3 5
16 17 43 48 49
16 18 46 44 53
16 19 88 84 90
16 20 55 51 55
16 21 18 17 22
16 22 82 80 84
16 23 64 57 63
16 24 31 28 28
16 25 63 67 67
16 26 72 67 75
16 27 28 34 36
16 28 43 44 46
16 29 93 88 82
16 30 28 29 27
16 31 13 18 15
16 32 79 68 80
16 33 71 66 65
16 34 92 83 83
16 35 68 59 62
16 36 45 48 47
16 37 90 90 78
17 18 25 32 23
17 19 17 22 28
17 20 50 52 48
17 21 70 66 64
17 22 56 59 60
17 23 67 69 58
17 24 34 40 30
17 25 28 36 29
17 26 51 55 45
17 27 81 74 77
17 28 64 61 65
17 29 78 76 76
17 30 5 11 15
17 31 86 83 82
17 32 57 55 63
17 33 78 77 67
17 34 60 61 52
17 35 76 66 78
17 36 2 5 14
17 37 99 95 95
18 19 70 64 67
18 20 33 43 40
18 21 86 83 82
18 22 15 16 20
18 23 42 42 50
18 24 72 75 66
18 25 30 32 28
18 26 20 22 18
18 27 86 83 79
18 28 43 46 45
18 29 26 29 26
18 30 1 12 11
18 31 70 68 60
18 32 91 85 83
18 33 90 82 86
18 34 62 64 55
18 35 71 69 72
18 36 54 49 59
18 37 84 85 82
19 20 83 82 77
19 21 89 84 76
19 22 42 48 48
19 23 33 42 32
19 24 39 38 48
19 25 95 83 82
19 26 15 26 16
19 27 96 91 96
19 28 24 22 32
19 29 51 49 56
19 30 67 69 59
19 31 65 66 68
19 32 38 37 41
19 33 92 92 88
19 34 75 78 68
19 35 47 43 51
19 36 26 32 32
19 37 1 7 14
20 21 90 86 83
20 22 49 51 46
20 23 62 54 65
20 24 20 19 30
20 25 9 14 15
20 26 38 35 47
20 27 49 42 43
20 28 98 91 86
20 29 43 50 48
20 30 35 41 35
20 31 21 28 29
20 32 32 41 33
20 33 71 62 70
20 34 50 54 44
20 35 14 25 17
20 36 20 30 26
20 37 4 8 12
21 22 76 79 77
21 23 16 21 27
21 24 27 27 37
21 25 24 21 22
21 26 13 18 25
21 27 26 36 27
21 28 2 17 3
21 29 60 60 66
21 30 6 9 18
21 31 30 28 28
21 32 44 38 43
21 33 79 75 77
21 34 43 39 48
21 35 61 64 54
21 36 67 59 61
21 37 34 37 32
22 23 76 79 79
22 24 7 18 13
22 25 99 97 91
22 26 26 28 30
22 27 79 75 70
22 28 37 38 44
22 29 59 59 64
22 30 11 15 11
22 31 38 37 36
22 32 48 54 46
22 33 90 90 90
22 34 55 59 49
22 35 35 45 42
22 36 81 77 79
22 37 95 86 83
23 24 71 75 64
23 25 22 32 28
23 26 64 67 64
23 27 32 31 34
23 28 10 23 18
23 29 30 27 28
23 30 34 40 42
23 31 90 85 79
23 32 44 43 40
23 33 55 56 49
23 34 38 34 43
23 35 93 91 87
23 36 29 30 30
23 37 7 19 16
24 25 46 53 52
24 26 39 40 43
24 27 71 65 66
24 28 85 74 80
24 29 82 77 73
24 30 39 38 43
24 31 64 61 65
24 32 79 80 78
24 33 8 11 14
24 34 64 65 69
24 35 44 39 42
24 36 32 30 34
24 37 4 17 6
25 26 28 35 25
25 27 86 78 76
25 28 41 42 40
25 29 93 82 81
25 30 95 83 84
25 31 79 68 80
25 32 43 39 36
25 33 46 46 47
25 34 76 79 71
25 35 30 35 30
25 36 9 18 18
25 37 94 88 86
26 27 75 72 71
26 28 4 17 5
26 29 80 76 81
26 30 10 13 23
26 31 81 82 74
26 32 17 15 15
26 33 2 9 12
26 34 8 13 17
26 35 0 6 11
26 36 90 88 80
26 37 46 46 44
27 28 41 38 46
27 29 35 41 40
27 30 88 87 85
27 31 84 78 80
27 32 49 47 47
27 33 87 78 87
27 34 76 71 77
27 35 73 77 77
27 36 33 39 38
27 37 82 74 83
28 29 61 54 62
28 30 1 1 14
28 31 58 56 54
28 32 82 77 72
28 33 99 98 99
28 34 17 27 21
28 35 47 51 48
28 36 87 74 76
28 37 72 62 68
29 30 27 27 34
29 31 24 32 33
29 32 57 56 49
29 33 18 21 15
29 34 31 35 32
29 35 81 81 70
29 36 65 67 65
29 37 8 10 18
30 31 27 24 35
30 32 76 74 73
30 33 24 34 24
30 34 2 6 3
30 35 34 43 33
30 36 5 18 7
30 37 41 50 44
31 32 49 44 56
31 33 86 82 77
31 34 66 69 66
31 35 56 51 58
31 36 2 13 9
31 37 16 28 25
32 33 7 18 16
32 34 53 56 51
32 35 90 77 87
32 36 11 17 21
32 37 44 53 50
33 34 1 15 10
33 35 50 44 55
33 36 23 30 24
33 37 57 61 57
34 35 24 30 29
34 36 84 72 84
34 37 53 57 47
35 36 90 78 83
35 37 46 42 42
36 37 4 9 17
