38
0 1 73 85 17
0 2 77 51 60
0 3 58 21 74
0 4 12 17 35
0 5 0 75 78
0 6 99 64 29
0 7 84 36 87
0 8 42 82 35
0 9 98 95 70
0 10 47 54 19
0 11 29 28 54
0 12 39 79 17
0 13 54 48 89
0 14 81 69 56
0 15 65 57 69
0 16 39 36 53
0 17 3 49 1
0 18 44 55 63
0 19 91 87 90
0 20 68 64 35
0 21 28 40 55
0 22 54 39 38
0 23 40 52 34
0 24 11 33 53
0 25 58 49 44
0 26 86 19 56
0 27 42 20 81
0 28 93 83 21
0 29 94 91 49
0 30 15 55 25
0 31 60 78 62
0 32 82 67 29
0 33 28 41 15
0 34 93 24 53
0 35 77 84 78
0 36 97 29 64
0 37 19 40 65
1 2 35 44 28
1 3 72 28 89
1 4 40 16 60
1 5 91 25 83
1 6 38 62 11
1 7 49 81 42
1 8 34 80 24
1 9 30 64 83
1 10 35 19 22
1 11 0 65 11
1 12 26 58 58
1 13 24 71 16
1 14 84 82 88
1 15 19 7 82
1 16 85 43 63
1 17 94 49 74
1 18 93 82 78
1 19 93 83 36
1 20 32 9 41
1 21 71 59 21
1 22 8 75 42
1 23 99 37 22
1 24 95 90 42
1 25 28 82 48
1 26 47 69 42
1 27 64 39 23
1 28 16 35 54
1 29 21 69 53
1 30 58 66 62
1 31 80 86 78
1 32 83 87 32
1 33 95 30 89
1 34 44 23 29
1 35 90 77 84
1 36 71 69 74
1 37 67 47 78
2 3 71 21 29
2 4 41 24 78
2 5 36 56 38
2 6 70 57 36
2 7 72 31 14
2 8 7 5 50
2 9 51 31 68
2 10 8 77 76
2 11 64 71 55
2 12 66 15 83
2 13 40 74 71
2 14 66 38 65
2 15 58 41 68
2 16 69 47 87
2 17 5 5 45
2 18 95 86 22
2 19 44 64 36
2 20 97 73 72
2 21 65 69 53
2 22 83 63 64
2 23 0 23 62
2 24 52 21 81
2 25 63 49 22
2 26 38 69 33
2 27 87 68 44
2 28 28 9 40
2 29 10 34 55
2 30 74 62 44
2 31 96 22 64
2 32 67 59 46
2 33 48 26 65
2 34 89 37 37
2 35 64 90 35
2 36 29 65 44
2 37 75 48 34
3 4 29 8 68
3 5 11 68 14
3 6 3 10 57
3 7 24 58 45
3 8 77 79 94
3 9 63 34 25
3 10 96 60 38
3 11 57 69 80
3 12 12 29 74
3 13 73 14 67
3 14 1 7 44
3 15 80 60 57
3 16 78 50 60
3 17 65 58 77
3 18 85 21 60
3 19 69 44 14
3 20 54 18 63
3 21 90 36 74
3 22 59 26 76
3 23 75 15 36
3 24 61 24 88
3 25 77 88 20
3 26 79 78 19
3 27 87 54 36
3 28 48 36 79
3 29 92 54 28
3 30 57 71 50
3 31 40 56 49
3 32 8 18 16
3 33 47 54 87
3 34 65 14 47
3 35 70 14 20
3 36 75 69 80
3 37 39 20 83
4 5 71 91 40
4 6 54 16 63
4 7 81 43 43
4 8 45 57 37
4 9 4 68 59
4 10 33 42 62
4 11 0 43 41
4 12 43 80 42
4 13 9 61 6
4 14 78 71 68
4 15 67 32 71
4 16 98 50 31
4 17 64 70 51
4 18 47 68 68
4 19 62 75 83
4 20 48 75 85
4 21 98 22 95
4 22 38 23 71
4 23 31 74 6
4 24 72 60 74
4 25 62 17 14
4 26 65 86 30
4 27 73 58 86
4 28 0 52 13
4 29 90 20 85
4 30 92 22 37
4 31 41 62 85
4 32 30 21 56
4 33 18 21 22
4 34 34 70 83
4 35 26 78 38
4 36 51 69 41
4 37 1 3 35
5 6 85 54 90
5 7 31 74 84
5 8 23 54 79
5 9 15 59 31
5 10 57 35 88
5 11 61 21 34
5 12 88 63 92
5 13 96 80 63
5 14 47 37 20
5 15 17 76 8
5 16 10 56 33
5 17 28 34 72
5 18 74 52 20
5 19 92 53 38
5 20 22 28 70
5 21 14 21 54
5 22 40 66 25
5 23 67 25 50
5 24 37 47 71
5 25 87 74 24
5 26 94 28 28
5 27 41 66 66
5 28 76 76 50
5 29 10 48 7
5 30 25 68 69
5 31 17 4 48
5 32 80 42 92
5 33 9 25 4
5 34 88 46 35
5 35 41 66 35
5 36 32 66 42
5 37 12 33 15
6 7 35 37 66
6 8 15 24 29
6 9 38 74 82
6 10 22 60 71
6 11 72 74 18
6 12 60 12 71
6 13 67 68 88
6 14 86 30 83
6 15 1 44 55
6 16 97 40 36
6 17 15 66 56
6 18 49 22 45
6 19 15 30 40
6 20 19 49 14
6 21 78 37 32
6 22 83 37 47
6 23 7 54 46
6 24 65 36 27
6 25 51 18 52
6 26 86 75 21
6 27 20 13 71
6 28 33 68 14
6 29 78 44 33
6 30 42 20 44
6 31 34 71 39
6 32 65 60 53
6 33 7 73 2
6 34 47 68 89
6 35 27 80 9
6 36 43 21 81
6 37 78 48 80
7 8 34 72 40
7 9 64 33 71
7 10 47 23 12
7 11 63 81 83
7 12 62 83 55
7 13 58 74 70
7 14 20 64 70
7 15 69 64 90
7 16 73 21 78
7 17 76 87 75
7 18 59 70 68
7 19 54 31 79
7 20 95 91 65
7 21 46 75 35
7 22 57 52 17
7 23 61 85 78
7 24 35 77 62
7 25 16 30 63
7 26 4 8 37
7 27 98 69 61
7 28 58 72 27
7 29 36 16 21
7 30 43 22 33
7 31 4 71 40
7 32 26 20 34
7 33 69 77 26
7 34 65 88 48
7 35 49 63 19
7 36 98 46 22
7 37 72 66 51
8 9 31 26 79
8 10 77 19 78
8 11 57 48 60
8 12 20 13 34
8 13 52 89 57
8 14 88 23 55
8 15 94 26 76
8 16 63 55 28
8 17 65 27 75
8 18 84 35 76
8 19 77 56 15
8 20 19 66 11
8 21 62 64 70
8 22 74 81 78
8 23 25 17 36
8 24 25 51 31
8 25 65 34 64
8 26 45 12 86
8 27 71 91 57
8 28 37 53 23
8 29 74 57 47
8 30 29 81 64
8 31 23 43 13
8 32 32 72 39
8 33 58 18 13
8 34 91 86 95
8 35 31 37 36
8 36 40 85 42
8 37 41 38 58
9 10 3 24 40
9 11 58 13 83
9 12 89 85 73
9 13 62 44 65
9 14 43 88 26
9 15 12 38 51
9 16 35 47 43
9 17 0 54 69
9 18 16 40 61
9 19 45 64 61
9 20 70 77 36
9 21 14 52 50
9 22 46 25 34
9 23 67 25 69
9 24 44 38 50
9 25 71 75 29
9 26 84 84 36
9 27 15 29 75
9 28 52 67 37
9 29 77 24 22
9 30 19 45 26
9 31 7 57 30
9 32 2 36 74
9 33 60 68 63
9 34 22 49 67
9 35 44 34 13
9 36 19 11 9
9 37 23 43 80
10 11 31 59 30
10 12 19 55 82
10 13 56 68 32
10 14 2 76 54
10 15 77 24 88
10 16 65 57 71
10 17 1 35 23
10 18 53 67 44
10 19 39 8 50
10 20 47 41 39
10 21 56 17 79
10 22 66 74 25
10 23 97 88 52
10 24 13 71 60
10 25 87 23 89
10 26 91 85 30
10 27 92 25 57
10 28 54 49 59
10 29 75 53 60
10 30 19 12 36
10 31 23 38 18
10 32 95 58 63
10 33 71 22 67
10 34 82 87 50
10 35 99 51 55
10 36 34 75 51
10 37 88 93 40
11 12 56 67 27
11 13 50 55 83
11 14 47 86 88
11 15 8 66 31
11 16 70 72 23
11 17 58 55 64
11 18 52 62 75
11 19 89 21 28
11 20 75 21 84
11 21 83 17 58
11 22 21 16 66
11 23 44 82 18
11 24 15 75 42
11 25 44 30 33
11 26 18 79 75
11 27 63 30 40
11 28 62 34 72
11 29 99 90 72
11 30 52 66 68
11 31 41 16 42
11 32 17 54 40
11 33 7 3 53
11 34 24 39 68
11 35 65 66 74
11 36 65 32 41
11 37 97 56 72
12 13 22 59 44
12 14 46 77 57
12 15 1 21 53
12 16 6 40 50
12 17 55 58 55
12 18 47 25 82
12 19 92 27 47
12 20 76 20 48
12 21 7 74 67
12 22 15 62 42
12 23 70 50 86
12 24 20 9 81
12 25 68 82 55
12 26 0 72 12
12 27 98 67 79
12 28 85 52 62
12 29 12 7 79
12 30 68 66 62
12 31 24 82 72
12 32 98 96 92
12 33 61 22 28
12 34 24 22 84
12 35 70 53 26
12 36 94 54 91
12 37 34 49 64
13 14 75 39 52
13 15 22 10 48
13 16 44 18 25
13 17 72 52 42
13 18 75 78 17
13 19 39 64 27
13 20 86 88 92
13 21 86 64 75
13 22 26 72 52
13 23 26 80 64
13 24 19 37 82
13 25 9 34 66
13 26 69 20 28
13 27 72 59 56
13 28 58 60 59
13 29 40 85 14
13 30 41 11 58
13 31 88 74 65
13 32 2 63 31
13 33 20 67 63
13 34 64 78 60
13 35 82 85 79
13 36 56 48 21
13 37 32 63 64
14 15 61 44 27
14 16 43 40 77
14 17 69 29 31
14 18 80 89 92
14 19 41 44 25
14 20 85 95 79
14 21 40 35 51
14 22 95 40 61
14 23 16 72 50
14 24 27 31 41
14 25 27 52 45
14 26 74 22 34
14 27 36 31 18
14 28 48 79 81
14 29 81 82 20
14 30 84 76 19
14 31 57 33 17
14 32 46 52 41
14 33 58 63 38
14 34 1 0 23
14 35 78 77 50
14 36 43 9 68
14 37 91 97 48
15 16 82 86 61
15 17 94 90 78
15 18 12 3 41
15 19 40 72 34
15 20 75 80 43
15 21 13 73 43
15 22 2 6 74
15 23 98 46 97
15 24 83 65 56
15 25 23 80 51
15 26 24 23 58
15 27 82 95 61
15 28 97 61 43
15 29 90 61 81
15 30 4 21 76
15 31 48 53 63
15 32 26 7 65
15 33 28 66 54
15 34 64 87 54
15 35 25 10 11
15 36 43 11 22
15 37 81 50 87
16 17 49 33 11
16 18 93 34 97
16 19 82 48 23
16 20 23 27 56
16 21 27 73 63
16 22 34 13 9
16 23 62 56 69
16 24 7 48 24
16 25 14 64 35
16 26 35 52 20
16 27 42 40 58
16 28 63 63 14
16 29 19 6 38
16 30 37 42 45
16 31 54 29 51
16 32 73 78 63
16 33 26 56 28
16 34 53 85 27
16 35 83 83 44
16 36 81 83 28
16 37 71 39 31
17 18 38 48 13
17 19 24 51 16
17 20 57 83 85
17 21 38 81 49
17 22 14 34 74
17 23 88 46 89
17 24 83 88 81
17 25 65 87 28
17 26 57 24 17
17 27 54 55 83
17 28 18 71 57
17 29 47 14 28
17 30 67 59 70
17 31 78 34 92
17 32 16 55 18
17 33 14 57 11
17 34 19 31 77
17 35 66 49 48
17 36 62 80 25
17 37 12 74 51
18 19 72 36 27
18 20 4 43 59
18 21 83 93 36
18 22 74 89 69
18 23 96 36 48
18 24 26 12 63
18 25 4 52 73
18 26 96 59 97
18 27 45 26 49
18 28 7 8 2
18 29 17 25 66
18 30 70 39 57
18 31 82 91 58
18 32 69 77 57
18 33 55 88 71
18 34 94 33 64
18 35 59 49 79
18 36 62 23 41
18 37 79 90 92
19 20 91 19 60
19 21 6 49 49
19 22 72 37 25
19 23 56 77 90
19 24 34 18 56
19 25 99 58 38
19 26 94 23 47
19 27 93 72 59
19 28 56 12 59
19 29 68 60 60
19 30 13 58 72
19 31 63 28 80
19 32 12 61 64
19 33 75 33 51
19 34 55 13 76
19 35 15 50 21
19 36 34 55 34
19 37 96 66 61
20 21 87 31 29
20 22 20 18 52
20 23 70 19 86
20 24 51 49 45
20 25 56 73 19
20 26 86 50 70
20 27 21 43 34
20 28 70 40 86
20 29 53 55 23
20 30 93 39 34
20 31 59 26 64
20 32 43 46 46
20 33 38 85 20
20 34 19 74 26
20 35 58 33 32
20 36 15 58 67
20 37 99 54 43
21 22 43 65 76
21 23 46 69 60
21 24 18 29 37
21 25 78 47 45
21 26 68 90 51
21 27 51 38 79
21 28 70 86 77
21 29 48 68 49
21 30 73 79 59
21 31 75 28 49
21 32 92 36 28
21 33 59 84 51
21 34 53 47 21
21 35 67 41 21
21 36 30 85 7
21 37 11 8 16
22 23 98 72 37
22 24 5 4 40
22 25 90 83 28
22 26 34 69 14
22 27 37 20 82
22 28 65 31 42
22 29 18 4 42
22 30 54 56 33
22 31 16 10 57
22 32 57 52 82
22 33 82 27 21
22 34 58 37 79
22 35 63 45 20
22 36 20 30 68
22 37 77 17 67
23 24 30 63 58
23 25 21 77 71
23 26 72 20 28
23 27 53 88 64
23 28 75 34 44
23 29 12 10 61
23 30 9 67 13
23 31 96 94 31
23 32 55 59 75
23 33 85 43 30
23 34 69 30 27
23 35 85 35 73
23 36 0 72 50
23 37 51 51 32
24 25 70 92 39
24 26 58 39 74
24 27 95 53 26
24 28 79 49 54
24 29 55 19 90
24 30 5 66 51
24 31 6 50 13
24 32 57 33 73
24 33 3 34 25
24 34 98 28 48
24 35 81 81 57
24 36 61 88 81
24 37 17 23 57
25 26 17 81 9
25 27 49 23 83
25 28 3 72 71
25 29 8 23 32
25 30 48 85 26
25 31 60 87 13
25 32 21 7 80
25 33 76 32 68
25 34 41 86 36
25 35 71 17 54
25 36 14 56 44
25 37 90 82 87
26 27 56 50 57
26 28 93 25 31
26 29 14 49 48
26 30 44 66 9
26 31 45 74 27
26 32 67 46 34
26 33 92 77 45
26 34 63 76 68
26 35 27 32 74
26 36 46 70 58
26 37 52 20 56
27 28 28 79 50
27 29 31 7 32
27 30 29 37 10
27 31 60 71 75
27 32 20 62 55
27 33 69 27 36
27 34 82 45 63
27 35 40 71 17
27 36 91 51 80
27 37 5 69 15
28 29 29 44 65
28 30 33 16 82
28 31 17 67 63
28 32 78 74 64
28 33 24 8 61
28 34 45 43 48
28 35 78 85 46
28 36 23 17 50
28 37 56 12 26
29 30 46 30 62
29 31 69 77 29
29 32 0 36 48
29 33 9 14 72
29 34 90 94 60
29 35 6 32 29
29 36 82 66 38
29 37 58 77 28
30 31 26 70 31
30 32 84 68 45
30 33 3 55 41
30 34 43 42 46
30 35 45 72 79
30 36 4 10 21
30 37 33 19 59
31 32 2 70 53
31 33 5 71 29
31 34 77 42 34
31 35 38 87 51
31 36 76 39 27
31 37 88 84 25
32 33 98 84 94
32 34 95 50 67
32 35 51 53 33
32 36 61 84 59
32 37 90 65 93
33 34 88 28 87
33 35 54 37 40
33 36 22 41 11
33 37 29 32 14
34 35 75 15 79
34 36 16 82 73
34 37 87 95 88
35 36 70 41 66
35 37 59 69 80
36 37 26 72 32
