38
0 1 44 68 27
0 2 21 40 43
0 3 60 56 41
0 4 3 30 39
0 5 13 24 9
0 6 94 97 50
0 7 6 4 35
0 8 71 45 43
0 9 90 84 50
0 10 14 20 38
0 11 95 71 53
0 12 96 54 62
0 13 62 53 32
0 14 41 42 40
0 15 80 47 43
0 16 47 26 69
0 17 14 25 35
0 18 2 34 23
0 19 76 67 87
0 20 10 36 22
0 21 43 52 57
0 22 11 54 45
0 23 78 76 72
0 24 63 44 35
0 25 60 49 71
0 26 20 58 33
0 27 24 39 36
0 28 51 66 65
0 29 22 17 43
0 30 7 19 36
0 31 22 34 12
0 32 68 39 61
0 33 87 43 76
0 34 1 2 1
0 35 51 56 65
0 36 51 27 73
0 37 25 39 23
1 2 2 32 11
1 3 36 32 26
1 4 76 67 64
1 5 10 7 41
1 6 52 70 32
1 7 70 39 60
1 8 42 21 62
1 9 58 45 64
1 10 0 6 13
1 11 78 81 50
1 12 12 21 48
1 13 13 41 42
1 14 41 39 43
1 15 87 71 69
1 16 50 29 40
1 17 29 23 20
1 18 20 10 35
1 19 67 42 40
1 20 5 31 5
1 21 21 13 26
1 22 92 85 68
1 23 95 76 47
1 24 89 72 60
1 25 10 26 14
1 26 86 65 70
1 27 3 32 40
1 28 62 65 70
1 29 48 64 31
1 30 60 67 45
1 31 89 45 56
1 32 61 64 33
1 33 43 43 29
1 34 68 45 46
1 35 13 48 27
1 36 39 26 45
1 37 12 52 51
2 3 38 62 55
2 4 63 51 35
2 5 92 67 58
2 6 66 60 67
2 7 26 20 22
2 8 76 52 68
2 9 25 15 55
2 10 35 20 52
2 11 73 41 86
2 12 35 27 65
2 13 97 89 90
2 14 25 18 36
2 15 97 75 50
2 16 78 78 44
2 17 92 63 63
2 18 30 62 53
2 19 76 57 48
2 20 92 72 63
2 21 11 37 16
2 22 20 55 51
2 23 61 54 66
2 24 36 56 39
2 25 8 28 19
2 26 63 57 81
2 27 38 61 68
2 28 24 13 52
2 29 60 62 70
2 30 74 41 55
2 31 99 68 92
2 32 66 33 49
2 33 95 76 53
2 34 14 48 9
2 35 27 24 47
2 36 17 43 49
2 37 65 82 56
3 4 70 78 68
3 5 10 40 36
3 6 18 31 46
3 7 4 32 44
3 8 57 53 73
3 9 62 77 70
3 10 90 73 70
3 11 46 31 47
3 12 90 59 47
3 13 94 72 54
3 14 68 47 76
3 15 31 48 64
3 16 85 60 85
3 17 29 51 48
3 18 48 38 71
3 19 30 16 40
3 20 65 39 75
3 21 40 46 60
3 22 98 91 88
3 23 36 42 30
3 24 39 54 50
3 25 26 40 48
3 26 8 18 28
3 27 11 43 7
3 28 12 43 41
3 29 6 3 52
3 30 50 57 57
3 31 50 40 41
3 32 82 72 54
3 33 29 23 27
3 34 59 70 72
3 35 4 49 33
3 36 85 49 78
3 37 5 13 21
4 5 92 48 57
4 6 36 21 50
4 7 39 50 26
4 8 93 93 69
4 9 11 14 51
4 10 3 15 36
4 11 70 43 77
4 12 19 39 35
4 13 46 31 61
4 14 38 58 33
4 15 69 62 64
4 16 93 74 95
4 17 50 61 68
4 18 17 51 44
4 19 72 84 74
4 20 45 50 47
4 21 57 44 52
4 22 58 64 53
4 23 36 47 33
4 24 88 50 60
4 25 19 30 17
4 26 69 71 75
4 27 49 40 47
4 28 40 63 40
4 29 75 72 62
4 30 76 64 73
4 31 39 27 23
4 32 40 34 42
4 33 4 40 33
4 34 61 73 71
4 35 88 89 69
4 36 83 46 80
4 37 18 27 13
5 6 10 27 25
5 7 24 51 12
5 8 82 85 84
5 9 40 66 27
5 10 83 85 44
5 11 29 44 22
5 12 2 25 20
5 13 19 54 30
5 14 76 77 59
5 15 29 25 35
5 16 26 32 53
5 17 12 41 9
5 18 13 45 43
5 19 74 40 59
5 20 4 44 6
5 21 83 47 67
5 22 95 97 89
5 23 59 78 39
5 24 83 89 59
5 25 38 28 27
5 26 74 85 39
5 27 77 43 80
5 28 83 58 84
5 29 1 50 14
5 30 57 68 49
5 31 90 62 73
5 32 94 62 90
5 33 32 41 35
5 34 71 79 80
5 35 43 52 45
5 36 67 80 70
5 37 6 37 46
6 7 47 73 43
6 8 72 82 70
6 9 7 20 42
6 10 12 15 47
6 11 67 41 51
6 12 15 44 8
6 13 17 41 56
6 14 50 47 33
6 15 46 44 41
6 16 65 70 51
6 17 17 40 21
6 18 57 51 66
6 19 7 40 18
6 20 38 51 49
6 21 95 56 54
6 22 93 87 46
6 23 89 46 58
6 24 41 34 65
6 25 94 72 96
6 26 39 24 52
6 27 6 21 9
6 28 99 63 77
6 29 47 30 66
6 30 16 44 41
6 31 22 13 61
6 32 86 88 60
6 33 12 7 19
6 34 70 56 60
6 35 25 51 39
6 36 25 16 19
6 37 20 27 39
7 8 30 20 56
7 9 10 40 14
7 10 88 69 45
7 11 4 11 34
7 12 66 68 72
7 13 15 45 11
7 14 65 78 79
7 15 48 46 33
7 16 75 72 83
7 17 36 40 54
7 18 37 51 48
7 19 84 91 57
7 20 80 61 54
7 21 3 51 26
7 22 60 74 72
7 23 59 41 63
7 24 94 71 94
7 25 20 15 24
7 26 21 46 50
7 27 86 85 82
7 28 69 48 71
7 29 17 54 13
7 30 18 12 55
7 31 74 38 48
7 32 37 30 39
7 33 9 43 42
7 34 12 54 6
7 35 39 43 33
7 36 83 64 51
7 37 95 72 73
8 9 56 33 51
8 10 94 90 95
8 11 23 48 42
8 12 41 20 65
8 13 45 52 22
8 14 79 53 74
8 15 46 30 36
8 16 76 48 80
8 17 57 45 30
8 18 53 64 73
8 19 28 43 52
8 20 16 34 31
8 21 44 58 38
8 22 88 56 59
8 23 21 31 37
8 24 8 41 43
8 25 40 31 36
8 26 9 13 38
8 27 70 70 77
8 28 75 47 49
8 29 0 40 25
8 30 68 60 38
8 31 64 40 61
8 32 3 49 37
8 33 27 63 51
8 34 67 71 40
8 35 5 32 17
8 36 20 18 48
8 37 47 45 45
9 10 32 30 20
9 11 83 61 72
9 12 71 77 79
9 13 40 45 21
9 14 44 54 49
9 15 84 42 48
9 16 10 6 44
9 17 79 67 69
9 18 32 57 65
9 19 41 39 46
9 20 22 57 11
9 21 90 56 61
9 22 31 57 53
9 23 24 15 38
9 24 4 7 44
9 25 75 60 76
9 26 11 19 50
9 27 44 50 28
9 28 50 68 35
9 29 26 21 57
9 30 70 49 82
9 31 11 30 23
9 32 59 41 47
9 33 31 43 53
9 34 86 88 64
9 35 42 60 21
9 36 35 47 36
9 37 8 42 32
10 11 80 76 46
10 12 71 66 63
10 13 72 58 68
10 14 26 41 39
10 15 15 12 32
10 16 10 7 17
10 17 5 33 47
10 18 96 61 72
10 19 57 35 65
10 20 2 37 46
10 21 48 24 32
10 22 0 27 26
10 23 62 68 44
10 24 28 56 39
10 25 74 39 86
10 26 36 19 26
10 27 72 61 76
10 28 71 60 76
10 29 6 43 20
10 30 10 33 44
10 31 11 8 31
10 32 87 82 73
10 33 22 48 42
10 34 7 52 8
10 35 61 61 38
10 36 51 64 55
10 37 11 48 50
11 12 74 65 79
11 13 34 47 23
11 14 46 30 24
11 15 50 53 57
11 16 82 49 88
11 17 81 81 53
11 18 39 35 30
11 19 5 29 45
11 20 80 50 69
11 21 55 46 33
11 22 55 52 30
11 23 90 60 56
11 24 86 47 56
11 25 37 35 58
11 26 4 19 8
11 27 50 30 28
11 28 55 61 65
11 29 22 49 36
11 30 9 52 12
11 31 39 19 62
11 32 55 76 62
11 33 71 75 63
11 34 42 56 62
11 35 92 68 86
11 36 11 32 18
11 37 75 43 66
12 13 51 27 54
12 14 34 55 59
12 15 64 75 53
12 16 36 39 32
12 17 73 37 77
12 18 45 46 40
12 19 21 50 41
12 20 73 72 72
12 21 11 11 54
12 22 91 93 87
12 23 36 36 57
12 24 87 72 67
12 25 43 66 38
12 26 3 6 27
12 27 24 14 26
12 28 86 84 43
12 29 32 21 28
12 30 36 51 33
12 31 34 55 18
12 32 83 49 83
12 33 70 54 83
12 34 65 35 64
12 35 86 57 73
12 36 95 89 59
12 37 6 16 46
13 14 42 69 48
13 15 57 28 42
13 16 92 94 52
13 17 21 45 43
13 18 59 63 76
13 19 86 56 45
13 20 21 44 13
13 21 43 29 33
13 22 14 56 35
13 23 72 81 85
13 24 12 46 7
13 25 47 55 65
13 26 20 24 27
13 27 29 39 29
13 28 53 32 46
13 29 90 57 78
13 30 49 49 57
13 31 98 90 61
13 32 30 56 39
13 33 97 72 74
13 34 45 51 46
13 35 40 38 66
13 36 58 36 41
13 37 0 23 46
14 15 57 45 70
14 16 37 60 48
14 17 71 42 62
14 18 78 59 58
14 19 4 10 32
14 20 15 53 23
14 21 66 50 59
14 22 99 80 94
14 23 45 32 40
14 24 70 75 59
14 25 82 82 82
14 26 88 79 90
14 27 78 48 55
14 28 66 77 38
14 29 52 46 36
14 30 50 36 69
14 31 60 72 64
14 32 37 43 65
14 33 86 73 51
14 34 58 74 52
14 35 58 42 54
14 36 4 48 37
14 37 63 48 68
15 16 73 77 74
15 17 46 46 45
15 18 76 55 48
15 19 38 33 68
15 20 46 41 35
15 21 65 39 49
15 22 18 33 22
15 23 53 54 28
15 24 22 30 59
15 25 81 63 84
15 26 4 43 28
15 27 16 32 9
15 28 34 58 20
15 29 12 27 44
15 30 7 51 52
15 31 87 90 59
15 32 64 55 49
15 33 14 25 23
15 34 16 43 11
15 35 25 58 41
15 36 35 27 61
15 37 55 73 56
16 17 20 31 44
16 18 47 69 63
16 19 18 31 16
16 20 1 41 31
16 21 78 47 52
16 22 42 61 36
16 23 76 74 43
16 24 83 61 63
16 25 80 40 76
16 26 69 67 40
16 27 50 26 63
16 28 41 56 23
16 29 80 56 83
16 30 13 28 50
16 31 22 52 38
16 32 8 29 35
16 33 79 55 66
16 34 88 52 74
16 35 56 78 43
16 36 72 49 51
16 37 22 22 28
17 18 61 61 47
17 19 47 44 53
17 20 25 46 36
17 21 54 47 63
17 22 55 40 55
17 23 87 64 71
17 24 46 49 64
17 25 34 40 41
17 26 26 19 56
17 27 82 60 48
17 28 66 33 73
17 29 8 50 40
17 30 93 60 81
17 31 10 16 52
17 32 59 37 56
17 33 40 39 50
17 34 94 91 83
17 35 36 31 36
17 36 91 45 73
17 37 40 34 61
18 19 30 36 17
18 20 20 37 35
18 21 30 32 32
18 22 78 56 80
18 23 59 74 41
18 24 89 70 45
18 25 70 73 45
18 26 44 23 59
18 27 99 52 98
18 28 18 44 43
18 29 4 41 9
18 30 11 13 32
18 31 66 76 75
18 32 30 58 35
18 33 21 33 20
18 34 2 43 45
18 35 7 6 21
18 36 59 53 32
18 37 10 48 34
19 20 42 25 56
19 21 2 9 14
19 22 26 56 24
19 23 49 50 33
19 24 31 30 33
19 25 30 46 46
19 26 41 36 30
19 27 76 87 71
19 28 43 58 63
19 29 1 43 26
19 30 36 42 25
19 31 29 35 36
19 32 40 60 40
19 33 22 25 12
19 34 78 47 44
19 35 32 52 33
19 36 48 33 53
19 37 35 36 50
20 21 38 51 27
20 22 47 43 38
20 23 17 35 57
20 24 87 74 64
20 25 54 38 60
20 26 72 58 62
20 27 46 24 39
20 28 63 70 53
20 29 96 94 94
20 30 80 90 71
20 31 16 35 52
20 32 40 37 34
20 33 37 63 24
20 34 13 6 51
20 35 12 51 14
20 36 65 42 78
20 37 84 57 53
21 22 16 33 11
21 23 43 68 51
21 24 62 52 55
21 25 94 55 89
21 26 35 54 41
21 27 29 61 21
21 28 43 47 38
21 29 91 65 67
21 30 39 32 44
21 31 50 31 44
21 32 44 63 59
21 33 69 52 37
21 34 1 44 36
21 35 9 21 11
21 36 44 50 52
21 37 14 49 47
22 23 92 74 77
22 24 64 45 78
22 25 38 23 44
22 26 30 15 26
22 27 73 67 36
22 28 44 57 70
22 29 1 19 9
22 30 51 72 32
22 31 70 77 47
22 32 71 41 48
22 33 30 54 47
22 34 55 44 55
22 35 23 41 40
22 36 81 89 65
22 37 69 49 35
23 24 92 51 51
23 25 29 33 26
23 26 54 65 43
23 27 63 48 71
23 28 46 63 56
23 29 59 72 66
23 30 68 43 43
23 31 41 61 61
23 32 15 31 34
23 33 41 41 42
23 34 77 82 47
23 35 9 11 53
23 36 21 14 60
23 37 47 29 26
24 25 41 43 22
24 26 16 27 17
24 27 36 22 55
24 28 47 59 47
24 29 36 29 49
24 30 56 65 73
24 31 37 42 38
24 32 98 71 49
24 33 72 58 42
24 34 57 29 47
24 35 2 43 41
24 36 92 78 83
24 37 9 35 23
25 26 45 25 56
25 27 86 44 89
25 28 66 36 71
25 29 15 55 38
25 30 50 40 46
25 31 90 46 68
25 32 19 29 38
25 33 54 62 29
25 34 28 50 19
25 35 98 85 70
25 36 68 36 54
25 37 6 30 24
26 27 15 51 39
26 28 90 64 79
26 29 12 18 11
26 30 29 36 28
26 31 28 60 51
26 32 4 40 21
26 33 64 46 41
26 34 70 73 44
26 35 89 76 84
26 36 5 23 16
26 37 60 77 71
27 28 38 21 27
27 29 14 8 55
27 30 59 60 60
27 31 86 61 78
27 32 87 71 59
27 33 57 74 56
27 34 46 33 30
27 35 24 30 34
27 36 17 43 10
27 37 62 32 46
28 29 36 29 23
28 30 90 81 83
28 31 52 42 37
28 32 5 29 41
28 33 18 42 55
28 34 27 35 36
28 35 49 71 51
28 36 63 60 39
28 37 68 37 76
29 30 43 48 56
29 31 63 78 49
29 32 73 49 50
29 33 56 52 63
29 34 11 39 28
29 35 3 44 51
29 36 42 44 24
29 37 46 34 51
30 31 82 75 42
30 32 82 59 73
30 33 69 51 53
30 34 44 41 47
30 35 21 26 33
30 36 20 29 33
30 37 33 37 19
31 32 9 10 39
31 33 3 17 23
31 34 65 51 33
31 35 23 50 27
31 36 63 53 70
31 37 22 39 13
32 33 0 14 3
32 34 83 43 62
32 35 7 4 47
32 36 93 51 75
32 37 20 58 10
33 34 47 43 24
33 35 8 18 20
33 36 29 35 53
33 37 31 52 25
34 35 19 38 16
34 36 26 16 23
34 37 83 70 60
35 36 8 7 13
35 37 22 61 35
36 37 55 44 28
