40
0 1 37 70 46
0 2 9 76 46
0 3 13 36 41
0 4 36 39 72
0 5 92 54 71
0 6 84 67 52
0 7 0 73 74
0 8 84 32 94
0 9 72 15 21
0 10 99 30 90
0 11 36 37 10
0 12 57 22 15
0 13 85 91 73
0 14 71 50 43
0 15 2 45 77
0 16 93 51 51
0 17 93 47 77
0 18 20 13 67
0 19 66 70 34
0 20 84 57 34
0 21 28 21 7
0 22 52 88 10
0 23 12 41 8
0 24 50 74 71
0 25 19 57 24
0 26 82 85 40
0 27 28 31 66
0 28 30 80 50
0 29 85 26 26
0 30 60 36 25
0 31 92 34 57
0 32 7 61 3
0 33 91 61 19
0 34 60 36 18
0 35 50 41 58
0 36 98 83 56
0 37 24 25 22
0 38 52 24 21
0 39 60 19 60
1 2 77 87 26
1 3 62 50 15
1 4 25 76 38
1 5 86 75 94
1 6 2 6 4
1 7 57 17 13
1 8 5 50 52
1 9 96 97 47
1 10 87 61 52
1 11 27 37 80
1 12 12 72 60
1 13 64 82 89
1 14 70 51 69
1 15 36 81 10
1 16 15 50 9
1 17 30 60 57
1 18 23 42 20
1 19 51 43 45
1 20 9 67 6
1 21 4 9 7
1 22 69 54 41
1 23 85 91 28
1 24 14 56 25
1 25 96 62 20
1 26 17 6 58
1 27 79 92 86
1 28 74 88 61
1 29 15 28 9
1 30 7 53 55
1 31 74 57 33
1 32 2 70 73
1 33 14 70 55
1 34 45 72 71
1 35 75 48 37
1 36 0 64 14
1 37 96 60 94
1 38 56 16 11
1 39 67 82 32
2 3 3 27 36
2 4 88 35 37
2 5 1 11 54
2 6 35 30 22
2 7 29 72 57
2 8 64 21 44
2 9 30 47 46
2 10 14 26 65
2 11 91 83 44
2 12 99 23 44
2 13 52 64 85
2 14 64 81 45
2 15 91 81 72
2 16 60 87 83
2 17 44 29 26
2 18 82 34 37
2 19 93 51 76
2 20 5 30 27
2 21 46 52 73
2 22 43 76 22
2 23 47 72 16
2 24 13 7 21
2 25 34 15 10
2 26 24 78 30
2 27 19 45 45
2 28 64 24 53
2 29 36 16 16
2 30 58 74 20
2 31 10 26 28
2 32 29 82 71
2 33 27 20 69
2 34 67 41 65
2 35 31 50 73
2 36 89 88 53
2 37 54 87 69
2 38 25 21 30
2 39 24 16 75
3 4 30 74 82
3 5 0 13 40
3 6 34 73 66
3 7 78 53 31
3 8 50 16 44
3 9 22 21 35
3 10 34 77 13
3 11 69 83 61
3 12 74 62 88
3 13 68 33 17
3 14 11 76 55
3 15 98 32 55
3 16 90 71 19
3 17 16 42 72
3 18 21 26 46
3 19 26 55 12
3 20 16 45 76
3 21 39 48 71
3 22 12 62 68
3 23 45 48 27
3 24 75 62 50
3 25 25 53 53
3 26 2 36 11
3 27 92 29 37
3 28 30 25 67
3 29 16 36 13
3 30 69 71 58
3 31 55 73 77
3 32 77 69 89
3 33 6 28 71
3 34 85 24 93
3 35 36 40 18
3 36 90 84 62
3 37 76 65 28
3 38 91 40 19
3 39 29 15 41
4 5 50 58 16
4 6 11 57 51
4 7 8 60 20
4 8 57 69 18
4 9 10 79 42
4 10 89 44 40
4 11 44 85 29
4 12 74 62 53
4 13 43 57 11
4 14 74 37 43
4 15 26 43 12
4 16 4 67 11
4 17 10 78 23
4 18 40 57 12
4 19 26 48 82
4 20 2 24 23
4 21 69 25 17
4 22 53 10 44
4 23 74 93 42
4 24 42 45 74
4 25 94 31 43
4 26 60 27 31
4 27 3 49 57
4 28 13 34 61
4 29 34 77 67
4 30 8 18 26
4 31 22 33 49
4 32 66 46 32
4 33 68 62 55
4 34 64 39 59
4 35 79 57 75
4 36 56 59 19
4 37 56 87 62
4 38 2 72 71
4 39 32 50 78
5 6 14 76 43
5 7 0 31 73
5 8 68 34 83
5 9 28 40 34
5 10 39 79 31
5 11 57 63 48
5 12 9 31 30
5 13 28 67 85
5 14 38 23 49
5 15 35 66 60
5 16 77 34 58
5 17 93 82 26
5 18 65 78 42
5 19 92 50 31
5 20 18 77 73
5 21 90 22 83
5 22 21 24 14
5 23 56 15 14
5 24 71 44 83
5 25 49 12 80
5 26 61 77 25
5 27 37 80 16
5 28 45 10 58
5 29 71 91 26
5 30 83 36 29
5 31 24 83 34
5 32 72 60 64
5 33 82 31 16
5 34 41 29 45
5 35 70 78 25
5 36 28 47 24
5 37 72 58 63
5 38 37 47 16
5 39 26 25 45
6 7 49 44 21
6 8 20 75 56
6 9 50 19 14
6 10 30 83 7
6 11 14 57 30
6 12 12 15 55
6 13 68 79 50
6 14 34 77 79
6 15 6 77 33
6 16 79 37 77
6 17 41 34 47
6 18 66 35 74
6 19 77 81 88
6 20 72 88 18
6 21 67 31 37
6 22 75 33 59
6 23 8 80 58
6 24 99 72 43
6 25 84 39 82
6 26 27 61 73
6 27 30 35 30
6 28 64 22 86
6 29 86 75 30
6 30 87 26 68
6 31 18 23 22
6 32 12 13 41
6 33 42 15 21
6 34 20 56 23
6 35 13 73 16
6 36 45 29 22
6 37 76 82 55
6 38 20 80 80
6 39 92 29 56
7 8 42 64 12
7 9 90 28 40
7 10 39 84 34
7 11 57 80 15
7 12 74 66 71
7 13 19 12 31
7 14 83 67 59
7 15 17 6 11
7 16 37 84 54
7 17 26 78 40
7 18 74 79 71
7 19 2 79 33
7 20 29 66 80
7 21 58 91 25
7 22 79 93 49
7 23 13 44 82
7 24 16 72 73
7 25 13 82 19
7 26 16 52 82
7 27 9 70 11
7 28 36 21 23
7 29 80 79 73
7 30 57 57 20
7 31 91 35 35
7 32 15 82 73
7 33 96 59 81
7 34 76 72 69
7 35 3 72 42
7 36 22 42 24
7 37 82 94 47
7 38 50 38 87
7 39 4 24 35
8 9 96 52 68
8 10 52 67 52
8 11 47 59 86
8 12 73 45 25
8 13 44 59 76
8 14 20 49 76
8 15 26 20 6
8 16 85 73 68
8 17 47 83 60
8 18 78 30 50
8 19 36 60 39
8 20 0 1 22
8 21 78 54 89
8 22 0 72 18
8 23 11 30 18
8 24 58 49 20
8 25 19 53 52
8 26 42 46 21
8 27 51 53 73
8 28 91 92 96
8 29 40 82 80
8 30 45 26 29
8 31 33 49 56
8 32 28 76 61
8 33 42 26 64
8 34 15 80 37
8 35 89 18 62
8 36 80 71 26
8 37 88 75 68
8 38 67 42 29
8 39 67 35 38
9 10 84 88 72
9 11 92 26 75
9 12 91 83 54
9 13 36 15 41
9 14 7 57 4
9 15 99 28 70
9 16 14 17 40
9 17 3 70 71
9 18 17 63 41
9 19 57 61 91
9 20 40 29 16
9 21 37 80 57
9 22 7 20 32
9 23 59 48 75
9 24 85 44 43
9 25 38 26 59
9 26 51 80 84
9 27 53 24 71
9 28 88 90 63
9 29 4 76 55
9 30 46 84 35
9 31 23 55 76
9 32 57 84 41
9 33 68 29 45
9 34 12 17 17
9 35 76 29 51
9 36 1 36 4
9 37 42 45 11
9 38 86 49 34
9 39 45 66 77
10 11 63 89 47
10 12 55 55 24
10 13 20 13 38
10 14 65 64 69
10 15 19 70 32
10 16 24 71 8
10 17 38 43 24
10 18 24 68 47
10 19 25 56 78
10 20 42 26 64
10 21 95 19 47
10 22 27 39 23
10 23 7 7 15
10 24 42 28 79
10 25 57 38 39
10 26 16 82 43
10 27 37 11 35
10 28 20 37 20
10 29 71 17 78
10 30 56 49 51
10 31 80 45 76
10 32 56 83 51
10 33 81 83 67
10 34 96 95 70
10 35 49 22 66
10 36 29 62 43
10 37 40 75 58
10 38 21 66 12
10 39 55 79 28
11 12 97 78 46
11 13 75 48 23
11 14 58 82 48
11 15 82 65 53
11 16 48 62 19
11 17 11 66 74
11 18 15 43 69
11 19 34 45 12
11 20 83 32 59
11 21 67 72 92
11 22 53 78 34
11 23 45 88 17
11 24 81 79 21
11 25 23 54 17
11 26 10 73 70
11 27 85 63 67
11 28 12 17 13
11 29 4 68 27
11 30 48 71 76
11 31 40 14 70
11 32 51 23 32
11 33 39 14 29
11 34 9 29 61
11 35 3 71 8
11 36 10 16 53
11 37 32 69 18
11 38 13 24 4
11 39 92 62 28
12 13 56 34 28
12 14 92 44 32
12 15 15 78 60
12 16 15 62 54
12 17 20 5 17
12 18 91 23 44
12 19 62 60 33
12 20 77 71 81
12 21 6 23 44
12 22 89 49 25
12 23 47 23 59
12 24 32 80 31
12 25 19 5 78
12 26 45 82 60
12 27 48 71 15
12 28 62 15 43
12 29 74 22 84
12 30 6 37 78
12 31 45 78 29
12 32 60 77 81
12 33 92 84 24
12 34 50 22 87
12 35 91 48 34
12 36 97 72 87
12 37 25 13 83
12 38 27 78 46
12 39 56 89 38
13 14 80 38 63
13 15 38 62 42
13 16 95 22 85
13 17 59 44 30
13 18 13 37 19
13 19 15 60 12
13 20 75 74 71
13 21 65 86 61
13 22 95 91 69
13 23 47 17 15
13 24 31 26 76
13 25 7 52 13
13 26 4 65 22
13 27 3 42 32
13 28 24 52 18
13 29 43 53 41
13 30 96 19 19
13 31 73 30 56
13 32 30 58 69
13 33 75 86 88
13 34 97 84 55
13 35 30 71 13
13 36 84 71 22
13 37 36 62 24
13 38 43 23 40
13 39 22 51 56
14 15 99 46 64
14 16 45 78 63
14 17 54 20 20
14 18 60 65 62
14 19 90 37 51
14 20 72 28 84
14 21 94 87 79
14 22 85 39 23
14 23 79 87 54
14 24 55 64 44
14 25 57 27 64
14 26 74 58 26
14 27 85 33 32
14 28 10 56 42
14 29 20 49 8
14 30 17 41 25
14 31 21 53 51
14 32 56 11 13
14 33 70 42 50
14 34 91 37 20
14 35 53 62 70
14 36 19 45 57
14 37 48 32 60
14 38 60 19 14
14 39 77 37 79
15 16 53 50 40
15 17 94 89 48
15 18 24 40 72
15 19 45 55 69
15 20 41 79 52
15 21 72 70 57
15 22 0 42 9
15 23 33 32 54
15 24 60 77 27
15 25 31 30 44
15 26 90 35 62
15 27 65 47 29
15 28 21 32 46
15 29 6 42 13
15 30 21 45 73
15 31 65 88 78
15 32 94 79 85
15 33 61 55 43
15 34 65 41 62
15 35 35 81 29
15 36 55 32 33
15 37 18 19 55
15 38 22 34 65
15 39 91 85 54
16 17 91 60 34
16 18 30 70 9
16 19 3 61 29
16 20 95 79 29
16 21 81 25 76
16 22 30 11 84
16 23 95 35 54
16 24 17 16 24
16 25 59 44 40
16 26 46 87 24
16 27 70 37 19
16 28 92 24 89
16 29 79 83 25
16 30 81 59 69
16 31 54 56 43
16 32 42 58 41
16 33 87 95 79
16 34 82 42 17
16 35 13 13 8
16 36 47 65 44
16 37 73 62 22
16 38 37 7 20
16 39 15 73 74
17 18 33 7 71
17 19 95 56 33
17 20 91 47 30
17 21 39 17 85
17 22 57 42 28
17 23 91 61 24
17 24 84 88 84
17 25 40 27 65
17 26 14 19 71
17 27 26 76 61
17 28 69 68 61
17 29 95 22 79
17 30 76 34 82
17 31 21 26 27
17 32 89 24 46
17 33 53 46 19
17 34 50 66 87
17 35 58 21 86
17 36 27 74 78
17 37 42 17 78
17 38 20 68 54
17 39 89 97 93
18 19 77 90 40
18 20 81 47 66
18 21 7 62 67
18 22 33 73 42
18 23 42 83 62
18 24 12 5 5
18 25 79 39 52
18 26 80 89 59
18 27 10 79 5
18 28 58 57 53
18 29 25 30 73
18 30 71 28 39
18 31 56 62 46
18 32 36 71 79
18 33 68 90 16
18 34 82 21 75
18 35 94 64 44
18 36 87 82 83
18 37 99 56 63
18 38 21 9 78
18 39 69 60 48
19 20 10 28 25
19 21 79 81 46
19 22 98 49 45
19 23 91 40 23
19 24 52 29 48
19 25 38 70 75
19 26 69 48 28
19 27 55 73 20
19 28 80 32 87
19 29 93 73 19
19 30 25 36 57
19 31 25 29 16
19 32 9 56 63
19 33 99 74 99
19 34 11 35 59
19 35 95 75 59
19 36 39 84 62
19 37 21 23 71
19 38 24 53 82
19 39 74 84 48
20 21 73 75 91
20 22 95 36 51
20 23 57 82 66
20 24 14 52 55
20 25 93 59 37
20 26 96 64 19
20 27 28 37 59
20 28 12 50 48
20 29 39 83 17
20 30 27 27 85
20 31 77 19 79
20 32 42 67 66
20 33 46 13 23
20 34 25 27 25
20 35 57 82 50
20 36 52 63 60
20 37 32 17 68
20 38 30 34 54
20 39 74 56 17
21 22 69 24 39
21 23 22 53 37
21 24 23 7 64
21 25 19 53 48
21 26 79 24 55
21 27 98 49 40
21 28 18 28 9
21 29 73 31 49
21 30 75 80 85
21 31 14 69 11
21 32 78 95 45
21 33 99 63 36
21 34 56 64 36
21 35 18 64 18
21 36 64 19 44
21 37 59 54 85
21 38 85 56 81
21 39 28 39 49
22 23 75 76 19
22 24 90 80 59
22 25 20 22 58
22 26 74 86 89
22 27 62 88 31
22 28 51 36 62
22 29 45 59 28
22 30 14 11 55
22 31 80 40 94
22 32 74 31 18
22 33 44 25 16
22 34 8 12 20
22 35 4 2 5
22 36 46 81 55
22 37 12 40 26
22 38 0 59 8
22 39 39 10 32
23 24 73 64 75
23 25 78 71 87
23 26 29 36 27
23 27 38 67 18
23 28 89 18 56
23 29 77 58 25
23 30 45 81 11
23 31 32 28 55
23 32 24 62 50
23 33 88 71 70
23 34 9 73 67
23 35 82 73 33
23 36 19 42 42
23 37 96 79 56
23 38 73 58 60
23 39 22 45 27
24 25 34 19 76
24 26 34 71 80
24 27 18 36 83
24 28 22 31 20
24 29 39 37 73
24 30 40 74 59
24 31 9 80 77
24 32 71 20 17
24 33 68 89 24
24 34 88 20 90
24 35 54 62 54
24 36 92 25 33
24 37 11 26 23
24 38 28 69 50
24 39 51 25 23
25 26 36 16 67
25 27 59 47 26
25 28 20 78 27
25 29 48 53 40
25 30 56 51 62
25 31 11 45 46
25 32 75 70 70
25 33 88 67 57
25 34 88 24 66
25 35 23 29 48
25 36 58 61 54
25 37 52 80 68
25 38 83 35 21
25 39 93 98 54
26 27 0 27 71
26 28 53 50 66
26 29 10 30 45
26 30 33 15 66
26 31 23 78 38
26 32 73 44 90
26 33 35 85 24
26 34 74 79 58
26 35 0 63 48
26 36 66 56 25
26 37 56 76 32
26 38 76 48 90
26 39 7 16 43
27 28 17 33 22
27 29 33 61 44
27 30 57 23 49
27 31 39 77 22
27 32 21 75 76
27 33 67 46 73
27 34 21 34 53
27 35 76 56 84
27 36 9 54 56
27 37 38 70 40
27 38 20 5 14
27 39 76 64 17
28 29 71 37 29
28 30 65 69 88
28 31 12 19 20
28 32 93 87 97
28 33 90 45 29
28 34 5 56 18
28 35 33 75 84
28 36 32 74 43
28 37 56 85 63
28 38 40 53 24
28 39 10 54 5
29 30 2 18 70
29 31 10 12 61
29 32 69 18 18
29 33 95 28 54
29 34 6 33 54
29 35 78 70 84
29 36 28 53 66
29 37 94 69 28
29 38 73 17 23
29 39 82 27 72
30 31 83 80 90
30 32 94 65 22
30 33 89 58 74
30 34 54 36 79
30 35 12 38 49
30 36 87 87 39
30 37 13 39 23
30 38 94 47 59
30 39 19 68 39
31 32 4 46 64
31 33 86 62 80
31 34 28 63 27
31 35 88 21 94
31 36 39 23 49
31 37 62 50 48
31 38 13 7 15
31 39 46 41 54
32 33 77 94 92
32 34 44 45 52
32 35 0 80 57
32 36 2 53 59
32 37 42 78 67
32 38 43 73 34
32 39 75 45 29
33 34 15 72 21
33 35 82 45 91
33 36 72 58 91
33 37 57 56 82
33 38 60 74 68
33 39 91 91 29
34 35 46 13 27
34 36 42 80 83
34 37 66 81 72
34 38 63 15 26
34 39 72 37 77
35 36 81 33 70
35 37 28 19 33
35 38 21 58 57
35 39 21 14 27
36 37 23 75 57
36 38 41 75 41
36 39 26 30 33
37 38 71 70 41
37 39 71 91 78
38 39 24 56 36
