42
0 1 10 10 53
0 2 58 53 76
0 3 22 43 12
0 4 0 27 10
0 5 57 64 44
0 6 16 34 22
0 7 56 43 73
0 8 31 20 16
0 9 69 71 35
0 10 41 59 63
0 11 13 43 25
0 12 86 79 51
0 13 88 51 90
0 14 50 69 27
0 15 73 74 86
0 16 48 73 51
0 17 69 63 41
0 18 38 33 21
0 19 11 20 55
0 20 21 21 19
0 21 50 33 27
0 22 62 69 69
0 23 62 39 67
0 24 40 32 20
0 25 41 63 26
0 26 67 61 59
0 27 75 44 81
0 28 66 63 73
0 29 73 38 76
0 30 35 23 26
0 31 74 46 60
0 32 41 48 36
0 33 12 28 48
0 34 85 49 49
0 35 35 55 48
0 36 13 32 20
0 37 68 41 60
0 38 79 68 58
0 39 52 37 73
0 40 22 26 21
0 41 12 41 45
1 2 60 59 38
1 3 63 64 72
1 4 37 35 42
1 5 59 56 72
1 6 95 77 80
1 7 77 79 59
1 8 18 10 44
1 9 63 38 48
1 10 35 30 64
1 11 54 28 41
1 12 64 37 80
1 13 10 41 10
1 14 59 40 61
1 15 97 80 77
1 16 62 67 75
1 17 34 40 34
1 18 50 71 30
1 19 79 54 68
1 20 19 33 25
1 21 32 54 52
1 22 68 46 67
1 23 27 38 19
1 24 28 21 42
1 25 48 35 45
1 26 67 34 79
1 27 34 56 26
1 28 2 47 44
1 29 18 39 38
1 30 0 25 10
1 31 14 45 34
1 32 70 63 58
1 33 98 71 97
1 34 75 74 59
1 35 21 12 60
1 36 10 41 34
1 37 4 18 50
1 38 42 53 70
1 39 38 68 40
1 40 89 51 48
1 41 86 83 68
2 3 60 67 54
2 4 64 49 74
2 5 24 61 37
2 6 92 85 82
2 7 70 42 55
2 8 53 32 49
2 9 80 65 44
2 10 4 4 4
2 11 58 45 57
2 12 35 41 52
2 13 50 45 49
2 14 36 51 65
2 15 43 63 40
2 16 50 46 29
2 17 10 19 44
2 18 57 52 34
2 19 41 36 54
2 20 41 44 48
2 21 97 72 57
2 22 26 42 23
2 23 99 59 74
2 24 15 53 16
2 25 58 34 58
2 26 14 28 35
2 27 23 45 57
2 28 97 73 98
2 29 59 68 41
2 30 54 66 65
2 31 18 30 57
2 32 32 48 49
2 33 42 32 70
2 34 37 30 22
2 35 49 73 53
2 36 50 63 74
2 37 5 50 22
2 38 85 76 43
2 39 68 41 51
2 40 66 59 34
2 41 89 92 51
3 4 10 37 19
3 5 24 53 58
3 6 86 59 73
3 7 33 23 39
3 8 7 45 6
3 9 63 43 78
3 10 25 43 30
3 11 64 32 81
3 12 82 66 56
3 13 18 40 20
3 14 35 37 39
3 15 10 33 24
3 16 0 48 14
3 17 23 42 40
3 18 18 42 39
3 19 68 41 67
3 20 26 46 46
3 21 46 47 41
3 22 27 34 60
3 23 61 37 71
3 24 88 85 74
3 25 85 82 46
3 26 89 66 78
3 27 50 73 42
3 28 21 12 36
3 29 75 74 41
3 30 9 51 16
3 31 7 40 24
3 32 29 40 19
3 33 37 56 55
3 34 78 57 87
3 35 29 62 62
3 36 77 70 48
3 37 84 61 76
3 38 42 69 46
3 39 73 37 66
3 40 43 29 64
3 41 64 61 38
4 5 8 14 29
4 6 21 53 23
4 7 10 28 38
4 8 10 26 30
4 9 33 41 36
4 10 72 66 68
4 11 98 58 65
4 12 64 43 63
4 13 4 29 40
4 14 43 38 39
4 15 33 21 66
4 16 3 44 2
4 17 98 51 95
4 18 25 54 54
4 19 89 72 45
4 20 65 62 56
4 21 49 74 33
4 22 98 56 89
4 23 68 37 67
4 24 70 74 76
4 25 24 49 30
4 26 48 66 24
4 27 73 68 73
4 28 93 92 81
4 29 43 44 70
4 30 39 65 36
4 31 48 63 34
4 32 82 81 62
4 33 58 63 30
4 34 83 49 78
4 35 8 49 19
4 36 76 53 49
4 37 72 41 59
4 38 38 30 60
4 39 72 83 72
4 40 86 61 82
4 41 72 77 81
5 6 5 37 5
5 7 93 95 60
5 8 1 10 22
5 9 25 20 28
5 10 15 25 18
5 11 84 62 84
5 12 1 1 25
5 13 84 71 66
5 14 64 52 47
5 15 28 22 55
5 16 3 43 40
5 17 25 20 21
5 18 38 50 65
5 19 24 42 62
5 20 24 17 29
5 21 17 13 50
5 22 46 27 43
5 23 39 53 22
5 24 1 34 46
5 25 21 34 12
5 26 5 3 29
5 27 28 58 17
5 28 44 65 64
5 29 92 73 90
5 30 97 67 87
5 31 10 29 6
5 32 94 87 73
5 33 65 55 50
5 34 95 93 75
5 35 55 32 30
5 36 56 57 28
5 37 69 46 61
5 38 45 54 62
5 39 34 22 45
5 40 8 53 27
5 41 10 13 34
6 7 57 33 46
6 8 76 68 67
6 9 27 18 57
6 10 40 33 37
6 11 60 73 60
6 12 79 46 79
6 13 88 70 89
6 14 33 35 59
6 15 38 32 53
6 16 23 43 56
6 17 58 51 76
6 18 32 26 26
6 19 16 49 49
6 20 45 49 49
6 21 81 43 58
6 22 24 15 31
6 23 68 72 68
6 24 43 34 42
6 25 6 30 38
6 26 72 37 39
6 27 4 50 5
6 28 19 25 17
6 29 61 74 42
6 30 14 48 47
6 31 78 44 74
6 32 18 48 44
6 33 45 48 50
6 34 91 78 54
6 35 98 84 75
6 36 93 87 58
6 37 24 31 43
6 38 63 77 65
6 39 24 24 36
6 40 64 73 69
6 41 28 29 55
7 8 46 34 53
7 9 7 42 19
7 10 78 78 60
7 11 93 51 75
7 12 87 76 67
7 13 81 41 53
7 14 64 54 37
7 15 29 43 53
7 16 53 64 57
7 17 64 59 69
7 18 24 52 58
7 19 66 74 43
7 20 11 23 43
7 21 9 10 21
7 22 35 66 65
7 23 19 10 10
7 24 48 56 46
7 25 14 19 21
7 26 12 48 33
7 27 20 50 54
7 28 96 87 78
7 29 48 31 59
7 30 66 82 59
7 31 8 49 7
7 32 24 56 40
7 33 88 52 65
7 34 43 59 36
7 35 71 48 84
7 36 92 94 72
7 37 96 77 87
7 38 5 34 27
7 39 42 50 51
7 40 32 24 54
7 41 7 28 4
8 9 95 71 82
8 10 13 22 47
8 11 94 55 76
8 12 69 37 77
8 13 11 36 31
8 14 74 77 73
8 15 56 77 39
8 16 35 32 40
8 17 4 38 50
8 18 62 41 63
8 19 29 52 29
8 20 52 58 51
8 21 73 43 53
8 22 30 42 59
8 23 18 22 46
8 24 39 67 25
8 25 22 26 55
8 26 82 64 57
8 27 9 28 43
8 28 36 58 22
8 29 39 29 51
8 30 10 16 35
8 31 31 29 16
8 32 25 32 21
8 33 58 41 48
8 34 7 37 16
8 35 20 38 58
8 36 42 41 22
8 37 40 50 45
8 38 20 21 46
8 39 21 57 51
8 40 9 46 42
8 41 11 44 18
9 10 48 39 65
9 11 36 20 67
9 12 93 73 65
9 13 52 57 62
9 14 88 63 45
9 15 73 46 84
9 16 10 15 41
9 17 22 49 24
9 18 48 56 63
9 19 48 42 37
9 20 69 83 63
9 21 92 90 46
9 22 69 78 55
9 23 20 36 51
9 24 51 69 70
9 25 30 62 15
9 26 37 59 39
9 27 74 40 82
9 28 84 78 54
9 29 63 31 43
9 30 65 76 33
9 31 56 59 47
9 32 24 24 32
9 33 71 48 64
9 34 28 30 38
9 35 86 88 69
9 36 35 49 65
9 37 24 22 33
9 38 86 68 53
9 39 20 40 52
9 40 33 44 24
9 41 13 29 20
10 11 15 56 21
10 12 87 72 72
10 13 30 63 22
10 14 52 71 46
10 15 50 46 69
10 16 85 59 50
10 17 76 63 50
10 18 45 52 46
10 19 36 53 37
10 20 14 13 18
10 21 92 56 73
10 22 35 63 20
10 23 52 75 55
10 24 50 69 35
10 25 84 80 76
10 26 73 65 52
10 27 69 38 47
10 28 91 60 62
10 29 27 19 59
10 30 94 51 83
10 31 43 59 67
10 32 87 74 72
10 33 60 68 54
10 34 2 42 23
10 35 96 63 49
10 36 19 17 44
10 37 16 9 23
10 38 75 61 77
10 39 22 43 36
10 40 32 50 46
10 41 48 72 66
11 12 87 60 66
11 13 72 48 50
11 14 91 46 60
11 15 55 52 28
11 16 3 45 22
11 17 99 72 93
11 18 77 43 54
11 19 88 66 56
11 20 52 27 59
11 21 35 29 65
11 22 50 53 30
11 23 28 21 44
11 24 46 23 55
11 25 35 46 57
11 26 65 80 70
11 27 22 49 43
11 28 46 65 61
11 29 49 29 42
11 30 0 36 48
11 31 75 60 82
11 32 67 78 62
11 33 28 36 53
11 34 41 66 68
11 35 34 22 21
11 36 4 15 31
11 37 39 57 48
11 38 30 22 21
11 39 85 81 62
11 40 10 16 17
11 41 41 48 56
12 13 90 56 52
12 14 71 85 67
12 15 12 41 46
12 16 15 7 16
12 17 22 35 18
12 18 53 27 60
12 19 36 58 66
12 20 32 57 19
12 21 92 80 77
12 22 98 50 79
12 23 60 80 31
12 24 70 57 80
12 25 46 39 23
12 26 26 54 55
12 27 49 52 44
12 28 38 61 23
12 29 87 69 83
12 30 98 93 67
12 31 58 61 38
12 32 27 38 42
12 33 68 59 66
12 34 20 37 22
12 35 94 83 88
12 36 5 22 26
12 37 47 33 40
12 38 24 23 13
12 39 68 50 40
12 40 62 79 75
12 41 45 61 31
13 14 18 18 53
13 15 69 54 43
13 16 52 68 31
13 17 66 39 69
13 18 50 58 59
13 19 12 33 51
13 20 74 42 56
13 21 57 56 43
13 22 77 39 72
13 23 78 67 67
13 24 58 74 42
13 25 18 25 52
13 26 18 48 24
13 27 83 54 74
13 28 86 53 63
13 29 96 81 76
13 30 47 44 33
13 31 67 42 40
13 32 38 25 49
13 33 13 13 12
13 34 2 13 18
13 35 68 82 76
13 36 6 19 8
13 37 94 66 47
13 38 97 68 49
13 39 39 63 56
13 40 53 74 32
13 41 23 28 18
14 15 1 20 37
14 16 99 85 97
14 17 40 67 21
14 18 85 48 70
14 19 24 43 41
14 20 2 48 11
14 21 61 36 37
14 22 27 37 36
14 23 94 64 54
14 24 22 18 44
14 25 83 54 77
14 26 66 79 70
14 27 40 66 45
14 28 59 76 50
14 29 94 79 82
14 30 98 77 86
14 31 43 28 31
14 32 13 13 35
14 33 21 44 21
14 34 34 40 50
14 35 24 59 47
14 36 29 17 45
14 37 34 60 23
14 38 35 34 38
14 39 48 63 59
14 40 13 30 41
14 41 37 57 68
15 16 94 60 48
15 17 69 39 53
15 18 55 41 74
15 19 60 59 59
15 20 59 63 42
15 21 73 37 54
15 22 91 92 71
15 23 81 60 52
15 24 42 38 47
15 25 20 24 19
15 26 63 79 40
15 27 40 62 20
15 28 98 69 57
15 29 24 56 30
15 30 29 50 21
15 31 48 54 54
15 32 80 59 79
15 33 86 75 80
15 34 27 20 48
15 35 43 47 51
15 36 30 41 43
15 37 79 88 68
15 38 16 50 20
15 39 25 22 17
15 40 9 21 37
15 41 70 61 72
16 17 22 11 55
16 18 11 55 32
16 19 12 52 45
16 20 34 21 26
16 21 61 44 78
16 22 73 56 52
16 23 69 70 52
16 24 20 25 13
16 25 42 44 49
16 26 65 52 72
16 27 82 82 66
16 28 55 69 72
16 29 5 47 31
16 30 7 52 6
16 31 78 59 61
16 32 32 59 16
16 33 31 39 56
16 34 9 14 22
16 35 39 62 52
16 36 86 68 85
16 37 88 55 80
16 38 69 83 83
16 39 92 78 88
16 40 92 65 92
16 41 49 67 47
17 18 0 34 2
17 19 7 16 4
17 20 90 60 89
17 21 30 27 59
17 22 22 57 37
17 23 69 59 55
17 24 12 37 21
17 25 14 25 37
17 26 24 24 28
17 27 28 36 25
17 28 87 67 80
17 29 14 21 12
17 30 57 58 34
17 31 56 61 68
17 32 54 49 34
17 33 47 64 45
17 34 17 29 28
17 35 64 72 70
17 36 40 24 57
17 37 58 65 29
17 38 5 30 41
17 39 80 42 58
17 40 6 46 6
17 41 93 65 48
18 19 77 49 77
18 20 3 44 23
18 21 68 73 77
18 22 14 22 31
18 23 65 41 66
18 24 48 43 27
18 25 18 13 31
18 26 37 50 36
18 27 39 65 57
18 28 56 50 48
18 29 11 38 30
18 30 65 66 81
18 31 21 23 14
18 32 56 37 41
18 33 91 64 76
18 34 76 72 56
18 35 53 73 33
18 36 87 44 78
18 37 92 83 59
18 38 33 63 21
18 39 37 42 59
18 40 29 15 33
18 41 20 40 35
19 20 93 84 75
19 21 89 55 64
19 22 4 31 44
19 23 98 88 51
19 24 18 41 9
19 25 52 55 40
19 26 18 25 20
19 27 54 42 27
19 28 59 71 52
19 29 35 52 62
19 30 32 44 46
19 31 11 17 8
19 32 96 59 77
19 33 13 50 32
19 34 72 66 83
19 35 28 55 22
19 36 44 66 63
19 37 97 53 48
19 38 69 48 80
19 39 64 75 80
19 40 74 63 75
19 41 93 64 94
20 21 96 97 88
20 22 60 47 49
20 23 29 57 30
20 24 55 71 72
20 25 69 35 35
20 26 48 44 42
20 27 11 37 42
20 28 88 73 67
20 29 40 40 39
20 30 54 35 76
20 31 45 72 65
20 32 96 83 89
20 33 66 68 49
20 34 90 95 70
20 35 6 15 12
20 36 73 54 63
20 37 26 36 32
20 38 81 62 56
20 39 77 47 84
20 40 95 88 77
20 41 65 75 63
21 22 32 41 34
21 23 9 27 26
21 24 31 49 35
21 25 73 63 71
21 26 89 82 76
21 27 69 53 68
21 28 49 43 58
21 29 49 55 30
21 30 37 24 36
21 31 97 85 52
21 32 88 72 56
21 33 39 27 32
21 34 4 22 11
21 35 53 58 42
21 36 3 20 48
21 37 56 44 32
21 38 17 53 41
21 39 26 48 29
21 40 87 80 75
21 41 13 33 40
22 23 41 58 51
22 24 39 69 51
22 25 80 71 59
22 26 55 29 72
22 27 28 19 61
22 28 7 40 36
22 29 85 49 62
22 30 93 82 83
22 31 73 51 69
22 32 63 53 68
22 33 93 64 56
22 34 18 20 10
22 35 82 53 88
22 36 70 44 70
22 37 13 29 10
22 38 41 55 26
22 39 84 52 61
22 40 21 36 60
22 41 96 86 70
23 24 40 31 37
23 25 95 77 90
23 26 7 5 27
23 27 66 71 69
23 28 74 43 56
23 29 75 82 57
23 30 89 79 51
23 31 69 82 71
23 32 64 81 68
23 33 97 55 86
23 34 17 9 33
23 35 20 15 11
23 36 97 57 82
23 37 35 62 66
23 38 24 60 49
23 39 37 61 60
23 40 21 58 41
23 41 94 49 62
24 25 86 61 67
24 26 63 55 53
24 27 0 24 46
24 28 51 51 61
24 29 69 77 75
24 30 94 72 65
24 31 40 21 40
24 32 96 71 91
24 33 17 23 58
24 34 23 44 12
24 35 74 51 47
24 36 3 30 20
24 37 39 68 48
24 38 16 45 25
24 39 21 26 20
24 40 34 34 39
24 41 28 40 60
25 26 63 50 76
25 27 50 43 62
25 28 41 25 67
25 29 11 24 49
25 30 83 81 78
25 31 66 79 55
25 32 71 39 57
25 33 63 63 33
25 34 75 48 67
25 35 41 37 41
25 36 4 3 11
25 37 44 49 47
25 38 21 44 60
25 39 46 37 63
25 40 37 66 44
25 41 11 13 5
26 27 85 79 70
26 28 14 22 46
26 29 38 29 57
26 30 56 47 29
26 31 82 76 58
26 32 46 31 55
26 33 65 77 36
26 34 88 66 56
26 35 69 35 69
26 36 49 34 70
26 37 51 45 44
26 38 55 49 66
26 39 41 60 45
26 40 44 54 38
26 41 81 90 79
27 28 37 53 18
27 29 24 50 26
27 30 80 44 71
27 31 40 42 58
27 32 11 45 30
27 33 96 79 73
27 34 80 58 58
27 35 26 19 15
27 36 17 10 46
27 37 17 55 23
27 38 39 23 64
27 39 84 67 90
27 40 1 31 28
27 41 51 37 59
28 29 42 70 35
28 30 48 28 69
28 31 23 41 18
28 32 98 56 73
28 33 62 79 48
28 34 2 47 42
28 35 23 38 28
28 36 53 73 51
28 37 66 76 74
28 38 49 64 70
28 39 60 75 72
28 40 13 33 29
28 41 72 59 71
29 30 40 42 27
29 31 12 39 50
29 32 99 89 88
29 33 43 36 64
29 34 7 35 18
29 35 37 27 60
29 36 8 28 26
29 37 76 61 58
29 38 83 52 83
29 39 14 11 36
29 40 54 66 33
29 41 97 57 57
30 31 32 53 63
30 32 62 61 50
30 33 41 53 21
30 34 96 52 56
30 35 99 81 78
30 36 5 18 23
30 37 98 96 64
30 38 77 76 44
30 39 74 54 72
30 40 25 24 58
30 41 21 39 52
31 32 32 36 34
31 33 33 35 38
31 34 65 51 33
31 35 3 36 2
31 36 79 40 81
31 37 80 84 66
31 38 43 62 22
31 39 86 52 64
31 40 76 59 87
31 41 12 53 40
32 33 84 91 51
32 34 65 52 73
32 35 26 60 25
32 36 86 79 46
32 37 59 71 48
32 38 63 64 47
32 39 70 77 55
32 40 32 20 60
32 41 44 63 63
33 34 12 41 48
33 35 30 16 17
33 36 22 17 39
33 37 13 43 8
33 38 67 52 75
33 39 1 37 32
33 40 12 18 23
33 41 19 22 55
34 35 37 54 66
34 36 55 49 50
34 37 6 33 33
34 38 89 74 45
34 39 47 29 47
34 40 7 50 21
34 41 70 77 62
35 36 58 45 35
35 37 42 57 49
35 38 68 48 36
35 39 40 54 37
35 40 39 33 64
35 41 78 45 67
36 37 81 86 85
36 38 57 38 59
36 39 70 79 74
36 40 66 35 41
36 41 21 58 17
37 38 70 77 36
37 39 81 41 55
37 40 76 88 69
37 41 23 12 41
38 39 53 69 69
38 40 41 49 37
38 41 86 48 56
39 40 74 80 62
39 41 13 36 52
40 41 45 24 38
