45
0 1 3 20 34
0 2 46 21 58
0 3 25 60 8
0 4 84 32 27
0 5 85 48 89
0 6 57 63 59
0 7 1 9 75
0 8 93 91 29
0 9 4 75 41
0 10 76 23 44
0 11 53 79 35
0 12 53 66 45
0 13 60 90 66
0 14 83 70 94
0 15 6 74 45
0 16 86 42 59
0 17 65 65 15
0 18 69 42 83
0 19 41 24 44
0 20 95 43 24
0 21 34 69 58
0 22 66 92 24
0 23 3 77 37
0 24 85 96 52
0 25 73 88 92
0 26 91 52 34
0 27 0 2 73
0 28 23 79 34
0 29 59 90 74
0 30 3 16 20
0 31 73 56 58
0 32 99 74 28
0 33 95 76 31
0 34 27 82 59
0 35 19 66 53
0 36 14 67 50
0 37 10 3 40
0 38 4 61 52
0 39 30 63 57
0 40 13 26 36
0 41 75 91 38
0 42 15 66 52
0 43 78 27 57
0 44 74 47 46
1 2 49 27 37
1 3 84 43 51
1 4 49 34 63
1 5 79 23 68
1 6 4 33 4
1 7 21 16 14
1 8 90 45 91
1 9 63 88 29
1 10 2 63 6
1 11 92 42 81
1 12 72 84 33
1 13 65 53 74
1 14 77 73 84
1 15 28 47 73
1 16 61 46 76
1 17 1 8 75
1 18 37 21 44
1 19 18 36 38
1 20 73 39 58
1 21 11 9 16
1 22 52 83 11
1 23 43 53 53
1 24 97 48 88
1 25 34 27 48
1 26 61 51 70
1 27 9 5 52
1 28 55 49 55
1 29 2 7 37
1 30 93 31 88
1 31 39 25 43
1 32 59 37 71
1 33 81 31 31
1 34 87 55 84
1 35 16 63 46
1 36 56 43 45
1 37 92 30 37
1 38 80 56 83
1 39 51 35 21
1 40 99 60 22
1 41 69 88 61
1 42 95 54 58
1 43 25 70 22
1 44 15 68 80
2 3 32 83 13
2 4 66 19 23
2 5 75 93 77
2 6 15 56 72
2 7 33 78 66
2 8 34 57 59
2 9 21 4 44
2 10 82 28 37
2 11 45 83 47
2 12 40 22 82
2 13 35 62 48
2 14 89 51 38
2 15 46 17 27
2 16 80 70 18
2 17 83 71 41
2 18 40 86 15
2 19 81 92 34
2 20 92 56 69
2 21 53 76 51
2 22 18 56 68
2 23 25 21 42
2 24 98 66 62
2 25 98 41 20
2 26 1 36 75
2 27 35 29 10
2 28 45 47 20
2 29 67 49 28
2 30 15 69 34
2 31 71 94 47
2 32 97 20 49
2 33 85 91 40
2 34 78 79 35
2 35 32 67 15
2 36 16 42 79
2 37 25 52 73
2 38 36 83 35
2 39 17 15 24
2 40 11 51 16
2 41 73 49 36
2 42 90 57 47
2 43 91 90 75
2 44 51 23 18
3 4 94 98 84
3 5 45 67 67
3 6 10 61 14
3 7 94 53 62
3 8 38 36 47
3 9 72 35 59
3 10 27 16 84
3 11 36 17 63
3 12 19 76 37
3 13 50 62 25
3 14 40 28 40
3 15 50 86 82
3 16 2 34 19
3 17 12 51 5
3 18 63 18 82
3 19 2 56 63
3 20 0 16 57
3 21 79 21 95
3 22 67 63 34
3 23 75 31 22
3 24 51 15 47
3 25 61 51 23
3 26 58 70 72
3 27 91 36 31
3 28 52 65 39
3 29 84 47 36
3 30 3 46 28
3 31 20 71 65
3 32 41 70 87
3 33 7 79 18
3 34 61 53 88
3 35 32 63 35
3 36 93 66 38
3 37 49 49 69
3 38 54 62 70
3 39 26 33 14
3 40 86 93 90
3 41 80 82 24
3 42 92 73 67
3 43 86 76 24
3 44 96 75 79
4 5 90 30 28
4 6 45 26 10
4 7 39 40 32
4 8 96 80 63
4 9 74 25 58
4 10 54 30 68
4 11 2 2 42
4 12 68 58 33
4 13 8 68 13
4 14 4 68 17
4 15 80 24 77
4 16 87 28 58
4 17 15 79 39
4 18 95 48 57
4 19 76 27 73
4 20 41 20 49
4 21 28 31 63
4 22 88 78 71
4 23 54 80 86
4 24 83 29 37
4 25 72 28 43
4 26 10 71 80
4 27 77 90 62
4 28 30 41 71
4 29 45 32 80
4 30 29 53 41
4 31 66 14 48
4 32 23 6 53
4 33 91 45 93
4 34 48 13 13
4 35 54 60 61
4 36 4 52 49
4 37 39 11 39
4 38 2 15 63
4 39 85 43 84
4 40 22 75 34
4 41 67 66 28
4 42 57 16 43
4 43 7 36 65
4 44 33 54 7
5 6 78 19 15
5 7 59 26 32
5 8 89 64 96
5 9 78 93 29
5 10 14 6 70
5 11 52 78 73
5 12 68 37 78
5 13 38 86 25
5 14 46 72 43
5 15 54 13 48
5 16 58 20 16
5 17 47 68 79
5 18 5 51 23
5 19 88 33 23
5 20 15 74 80
5 21 91 72 88
5 22 41 32 11
5 23 28 83 12
5 24 68 80 42
5 25 11 46 69
5 26 96 59 35
5 27 95 23 79
5 28 65 90 90
5 29 85 80 61
5 30 42 86 65
5 31 22 54 82
5 32 94 26 60
5 33 41 20 57
5 34 19 5 43
5 35 87 43 88
5 36 47 38 49
5 37 70 45 54
5 38 16 31 77
5 39 35 77 74
5 40 98 33 44
5 41 66 68 64
5 42 15 35 5
5 43 19 20 39
5 44 59 51 29
6 7 85 19 69
6 8 63 29 31
6 9 95 73 20
6 10 64 34 89
6 11 40 45 30
6 12 15 41 62
6 13 59 21 26
6 14 6 31 59
6 15 77 72 92
6 16 38 31 72
6 17 33 72 56
6 18 8 75 70
6 19 33 75 36
6 20 36 30 15
6 21 88 42 78
6 22 30 34 24
6 23 91 89 76
6 24 3 40 71
6 25 72 73 66
6 26 72 72 71
6 27 22 76 31
6 28 31 46 71
6 29 54 78 46
6 30 13 12 33
6 31 50 32 62
6 32 74 60 20
6 33 55 14 50
6 34 23 81 32
6 35 54 17 55
6 36 93 39 38
6 37 71 69 61
6 38 68 18 49
6 39 74 75 25
6 40 51 66 45
6 41 70 90 45
6 42 3 64 34
6 43 9 55 57
6 44 49 62 88
7 8 40 34 17
7 9 7 15 6
7 10 78 90 26
7 11 8 33 31
7 12 34 27 56
7 13 88 73 79
7 14 35 20 67
7 15 44 11 59
7 16 81 74 80
7 17 18 29 26
7 18 61 44 35
7 19 42 25 41
7 20 13 12 7
7 21 27 19 60
7 22 92 69 30
7 23 87 39 95
7 24 87 29 19
7 25 9 78 53
7 26 9 59 16
7 27 31 81 60
7 28 25 59 33
7 29 6 6 66
7 30 82 37 38
7 31 40 85 36
7 32 20 39 54
7 33 73 38 92
7 34 73 88 70
7 35 14 74 70
7 36 40 51 34
7 37 52 12 74
7 38 24 44 32
7 39 27 57 73
7 40 24 21 65
7 41 96 86 69
7 42 38 44 48
7 43 41 36 65
7 44 88 54 96
8 9 40 46 81
8 10 74 45 53
8 11 75 44 54
8 12 51 57 62
8 13 20 32 58
8 14 70 93 64
8 15 94 75 94
8 16 25 77 42
8 17 85 43 84
8 18 35 68 37
8 19 81 65 47
8 20 60 28 76
8 21 86 89 36
8 22 68 42 54
8 23 31 57 65
8 24 97 64 37
8 25 34 35 30
8 26 50 41 18
8 27 81 69 45
8 28 85 89 25
8 29 84 62 53
8 30 61 56 75
8 31 63 16 26
8 32 30 11 67
8 33 64 32 15
8 34 77 46 17
8 35 0 24 18
8 36 46 74 69
8 37 21 67 48
8 38 23 23 6
8 39 6 52 13
8 40 21 23 81
8 41 46 34 72
8 42 90 72 23
8 43 84 54 91
8 44 18 31 14
9 10 24 26 59
9 11 16 15 50
9 12 64 28 92
9 13 21 32 62
9 14 17 51 77
9 15 7 61 35
9 16 23 81 38
9 17 28 9 23
9 18 7 69 15
9 19 68 75 72
9 20 99 24 76
9 21 72 20 28
9 22 99 71 53
9 23 44 47 40
9 24 58 18 55
9 25 47 49 87
9 26 47 54 58
9 27 52 71 63
9 28 17 12 55
9 29 93 38 68
9 30 70 27 88
9 31 75 22 57
9 32 77 58 31
9 33 31 18 77
9 34 0 33 58
9 35 44 33 21
9 36 63 42 44
9 37 9 32 9
9 38 27 43 22
9 39 65 53 72
9 40 79 36 50
9 41 96 25 45
9 42 51 50 39
9 43 20 56 74
9 44 12 24 39
10 11 2 10 33
10 12 23 23 75
10 13 64 46 51
10 14 52 50 80
10 15 26 69 38
10 16 36 82 12
10 17 95 31 93
10 18 87 30 31
10 19 44 35 28
10 20 37 27 20
10 21 25 28 36
10 22 57 14 52
10 23 78 21 51
10 24 71 55 84
10 25 69 22 72
10 26 27 69 13
10 27 26 28 80
10 28 64 56 80
10 29 11 38 9
10 30 20 36 47
10 31 93 95 19
10 32 39 31 78
10 33 19 12 7
10 34 67 47 20
10 35 82 63 91
10 36 99 37 44
10 37 64 39 86
10 38 31 79 8
10 39 59 43 30
10 40 11 74 9
10 41 62 81 52
10 42 58 45 12
10 43 52 46 65
10 44 92 71 94
11 12 28 13 16
11 13 33 78 80
11 14 63 15 74
11 15 94 72 55
11 16 30 80 64
11 17 21 69 47
11 18 52 33 37
11 19 17 6 12
11 20 76 33 17
11 21 9 77 13
11 22 95 72 64
11 23 79 37 32
11 24 53 34 40
11 25 72 17 50
11 26 70 25 50
11 27 66 24 22
11 28 43 68 36
11 29 62 38 91
11 30 92 21 81
11 31 20 72 16
11 32 83 53 53
11 33 16 59 13
11 34 17 33 40
11 35 57 76 65
11 36 61 91 58
11 37 55 42 16
11 38 90 30 32
11 39 76 20 53
11 40 61 38 53
11 41 42 36 63
11 42 67 61 62
11 43 36 86 28
11 44 86 34 76
12 13 23 19 64
12 14 66 19 76
12 15 86 58 77
12 16 39 40 67
12 17 42 76 70
12 18 17 42 10
12 19 49 43 46
12 20 66 21 85
12 21 38 57 70
12 22 74 38 71
12 23 90 43 27
12 24 91 60 79
12 25 88 36 35
12 26 61 38 61
12 27 14 18 34
12 28 15 44 40
12 29 45 66 45
12 30 19 8 70
12 31 41 43 41
12 32 66 18 14
12 33 9 10 63
12 34 99 86 76
12 35 73 90 42
12 36 98 61 36
12 37 71 25 63
12 38 88 89 37
12 39 77 81 76
12 40 19 28 21
12 41 80 57 26
12 42 35 43 69
12 43 68 86 91
12 44 6 58 42
13 14 93 23 65
13 15 41 19 22
13 16 28 54 57
13 17 96 20 62
13 18 53 42 56
13 19 13 59 54
13 20 45 85 52
13 21 9 76 19
13 22 51 56 67
13 23 44 43 79
13 24 20 23 31
13 25 65 22 57
13 26 3 65 6
13 27 70 29 19
13 28 16 5 9
13 29 38 70 55
13 30 33 40 51
13 31 47 76 26
13 32 76 59 46
13 33 96 69 32
13 34 12 73 39
13 35 61 19 13
13 36 1 67 26
13 37 80 89 20
13 38 41 54 72
13 39 37 19 49
13 40 36 79 80
13 41 87 45 93
13 42 26 29 80
13 43 74 33 45
13 44 42 67 68
14 15 9 81 65
14 16 3 55 52
14 17 19 44 60
14 18 93 53 87
14 19 2 21 67
14 20 71 27 76
14 21 17 23 46
14 22 10 51 43
14 23 51 20 56
14 24 17 80 11
14 25 63 88 17
14 26 56 16 52
14 27 41 36 71
14 28 38 16 27
14 29 81 62 29
14 30 30 40 44
14 31 93 43 19
14 32 25 12 19
14 33 85 55 38
14 34 62 72 46
14 35 98 70 28
14 36 94 37 85
14 37 57 73 18
14 38 53 59 37
14 39 86 91 72
14 40 33 10 9
14 41 6 47 3
14 42 93 42 72
14 43 7 56 1
14 44 20 52 64
15 16 53 79 41
15 17 8 11 63
15 18 67 39 36
15 19 31 74 54
15 20 6 51 57
15 21 25 23 41
15 22 5 25 25
15 23 60 56 18
15 24 66 16 18
15 25 33 22 44
15 26 82 90 77
15 27 23 38 13
15 28 25 75 69
15 29 15 24 18
15 30 30 71 7
15 31 50 38 73
15 32 34 74 47
15 33 20 30 52
15 34 13 44 53
15 35 66 73 40
15 36 12 32 68
15 37 21 36 59
15 38 78 43 57
15 39 33 27 44
15 40 68 26 82
15 41 95 90 37
15 42 10 80 56
15 43 60 27 49
15 44 99 97 62
16 17 97 89 72
16 18 80 61 91
16 19 85 68 20
16 20 81 75 60
16 21 84 30 49
16 22 73 85 85
16 23 84 73 60
16 24 73 64 89
16 25 11 54 56
16 26 21 40 83
16 27 18 58 43
16 28 54 69 40
16 29 24 81 74
16 30 0 34 50
16 31 1 1 9
16 32 32 85 55
16 33 96 90 76
16 34 80 55 48
16 35 27 31 52
16 36 10 64 59
16 37 81 87 79
16 38 53 45 71
16 39 35 51 79
16 40 54 78 59
16 41 89 87 58
16 42 91 49 34
16 43 63 87 49
16 44 45 56 67
17 18 69 15 56
17 19 76 56 91
17 20 23 74 68
17 21 77 16 70
17 22 56 25 50
17 23 72 15 36
17 24 43 64 33
17 25 46 78 24
17 26 63 13 80
17 27 57 27 56
17 28 96 88 37
17 29 76 72 45
17 30 89 91 80
17 31 24 15 54
17 32 35 8 86
17 33 65 47 70
17 34 26 23 78
17 35 10 34 62
17 36 43 20 20
17 37 26 27 25
17 38 68 58 26
17 39 9 18 20
17 40 3 11 20
17 41 56 39 42
17 42 80 30 38
17 43 35 86 77
17 44 48 54 54
18 19 80 39 93
18 20 93 41 58
18 21 94 86 20
18 22 91 63 36
18 23 58 39 80
18 24 8 49 67
18 25 31 33 30
18 26 25 12 57
18 27 80 78 22
18 28 51 14 11
18 29 42 83 80
18 30 58 84 52
18 31 47 47 82
18 32 43 29 19
18 33 79 70 33
18 34 21 82 64
18 35 92 87 47
18 36 51 53 56
18 37 11 52 17
18 38 6 14 8
18 39 40 82 21
18 40 41 27 51
18 41 1 64 36
18 42 87 39 33
18 43 60 69 43
18 44 5 9 23
19 20 61 83 88
19 21 43 13 37
19 22 97 82 87
19 23 65 91 70
19 24 56 31 28
19 25 70 34 84
19 26 94 94 34
19 27 80 76 52
19 28 80 53 66
19 29 75 83 48
19 30 13 7 31
19 31 46 35 15
19 32 10 80 66
19 33 58 20 31
19 34 86 63 45
19 35 41 35 64
19 36 48 21 85
19 37 97 68 90
19 38 6 13 58
19 39 30 55 74
19 40 73 30 89
19 41 90 80 40
19 42 96 31 56
19 43 58 15 89
19 44 67 68 17
20 21 80 36 85
20 22 20 71 71
20 23 55 11 12
20 24 41 21 78
20 25 73 70 74
20 26 35 32 73
20 27 24 32 21
20 28 5 55 71
20 29 3 60 24
20 30 44 29 70
20 31 23 53 63
20 32 71 85 82
20 33 43 58 50
20 34 82 16 78
20 35 76 22 64
20 36 22 70 12
20 37 18 69 66
20 38 10 64 34
20 39 25 25 42
20 40 54 15 30
20 41 41 19 70
20 42 94 69 66
20 43 5 36 33
20 44 69 41 26
21 22 48 9 49
21 23 6 54 38
21 24 82 40 32
21 25 95 61 55
21 26 24 9 6
21 27 7 10 54
21 28 45 82 14
21 29 82 41 37
21 30 46 82 28
21 31 42 48 49
21 32 9 53 37
21 33 25 52 62
21 34 49 37 12
21 35 15 60 54
21 36 91 68 92
21 37 77 82 29
21 38 68 68 87
21 39 47 85 59
21 40 33 76 65
21 41 65 28 66
21 42 91 71 28
21 43 18 79 14
21 44 54 75 71
22 23 47 19 47
22 24 99 67 45
22 25 67 47 34
22 26 47 29 64
22 27 25 31 78
22 28 7 26 66
22 29 87 58 79
22 30 7 51 54
22 31 60 80 62
22 32 19 25 45
22 33 83 54 61
22 34 88 24 95
22 35 45 52 79
22 36 63 38 85
22 37 69 84 43
22 38 1 20 28
22 39 54 61 70
22 40 38 76 77
22 41 66 88 48
22 42 64 25 64
22 43 49 81 45
22 44 5 69 11
23 24 1 42 67
23 25 53 44 85
23 26 90 36 85
23 27 66 49 35
23 28 39 41 43
23 29 25 60 13
23 30 12 7 32
23 31 56 15 90
23 32 77 19 38
23 33 59 17 38
23 34 29 52 56
23 35 25 65 19
23 36 30 21 83
23 37 87 82 38
23 38 61 56 86
23 39 51 16 18
23 40 17 7 39
23 41 16 74 34
23 42 44 88 55
23 43 91 22 86
23 44 37 58 74
24 25 13 73 56
24 26 58 11 32
24 27 8 44 54
24 28 30 57 61
24 29 45 36 18
24 30 3 3 32
24 31 60 59 35
24 32 51 72 32
24 33 3 37 21
24 34 40 79 76
24 35 17 80 63
24 36 68 63 20
24 37 44 58 73
24 38 65 76 79
24 39 3 50 26
24 40 72 23 63
24 41 50 34 57
24 42 90 86 29
24 43 53 13 42
24 44 54 64 77
25 26 99 23 71
25 27 26 12 65
25 28 5 33 80
25 29 38 51 67
25 30 80 58 73
25 31 27 80 61
25 32 52 73 15
25 33 86 23 27
25 34 34 34 54
25 35 29 23 45
25 36 3 14 4
25 37 8 49 41
25 38 60 27 15
25 39 48 25 79
25 40 35 66 55
25 41 69 48 40
25 42 14 63 58
25 43 43 79 14
25 44 78 42 72
26 27 23 63 36
26 28 21 9 9
26 29 8 74 67
26 30 16 79 49
26 31 30 48 76
26 32 91 58 68
26 33 43 54 61
26 34 36 67 14
26 35 37 56 25
26 36 86 21 55
26 37 6 34 47
26 38 93 59 47
26 39 27 75 34
26 40 6 25 42
26 41 22 58 38
26 42 90 78 53
26 43 54 58 90
26 44 34 47 70
27 28 30 7 43
27 29 25 11 73
27 30 88 31 44
27 31 79 82 93
27 32 76 87 32
27 33 79 65 81
27 34 82 45 64
27 35 34 59 75
27 36 1 63 27
27 37 92 40 27
27 38 40 73 59
27 39 19 67 10
27 40 22 83 42
27 41 14 38 44
27 42 82 61 50
27 43 43 73 11
27 44 40 59 68
28 29 58 72 77
28 30 35 83 83
28 31 96 89 96
28 32 79 39 43
28 33 56 77 61
28 34 58 73 76
28 35 5 7 16
28 36 50 49 59
28 37 92 30 39
28 38 63 67 68
28 39 68 83 21
28 40 0 24 8
28 41 2 30 48
28 42 88 52 89
28 43 36 53 67
28 44 63 13 23
29 30 38 33 46
29 31 14 4 15
29 32 75 67 72
29 33 50 82 81
29 34 59 76 53
29 35 12 12 26
29 36 48 46 24
29 37 10 11 63
29 38 47 53 82
29 39 52 21 13
29 40 50 14 77
29 41 95 55 73
29 42 47 83 48
29 43 49 49 78
29 44 53 30 71
30 31 33 79 66
30 32 72 71 27
30 33 11 4 53
30 34 30 27 54
30 35 49 15 12
30 36 57 24 78
30 37 18 76 62
30 38 31 45 31
30 39 71 16 52
30 40 22 72 38
30 41 92 90 85
30 42 72 83 36
30 43 38 12 24
30 44 34 59 56
31 32 66 57 83
31 33 12 13 21
31 34 86 29 35
31 35 38 84 16
31 36 36 32 19
31 37 95 50 97
31 38 46 46 27
31 39 81 71 77
31 40 89 68 55
31 41 82 74 60
31 42 24 21 30
31 43 28 7 12
31 44 91 27 37
32 33 30 54 58
32 34 74 26 61
32 35 77 61 32
32 36 24 17 40
32 37 3 13 65
32 38 50 73 15
32 39 12 16 52
32 40 95 92 63
32 41 99 22 32
32 42 51 43 41
32 43 28 31 54
32 44 97 55 29
33 34 94 46 59
33 35 56 55 42
33 36 20 71 65
33 37 37 10 82
33 38 15 47 11
33 39 30 35 44
33 40 0 11 2
33 41 74 74 44
33 42 71 28 62
33 43 17 78 30
33 44 74 48 25
34 35 95 67 36
34 36 25 8 23
34 37 85 40 79
34 38 68 28 71
34 39 83 48 33
34 40 51 17 62
34 41 57 32 84
34 42 2 42 40
34 43 59 80 57
34 44 28 53 44
35 36 62 73 34
35 37 10 78 41
35 38 20 19 56
35 39 45 62 23
35 40 34 29 42
35 41 56 83 40
35 42 83 96 64
35 43 43 70 64
35 44 56 15 60
36 37 20 80 37
36 38 55 61 12
36 39 38 60 36
36 40 56 78 66
36 41 87 90 71
36 42 23 8 51
36 43 11 74 7
36 44 97 28 36
37 38 73 50 87
37 39 40 13 41
37 40 24 52 59
37 41 52 64 68
37 42 52 19 73
37 43 66 59 30
37 44 72 46 46
38 39 2 73 53
38 40 99 70 68
38 41 64 73 57
38 42 97 33 24
38 43 21 51 79
38 44 74 53 17
39 40 25 52 10
39 41 50 89 60
39 42 19 5 27
39 43 6 78 23
39 44 80 91 68
40 41 75 70 82
40 42 33 72 42
40 43 49 42 17
40 44 43 39 64
41 42 63 56 59
41 43 53 54 36
41 44 40 51 9
42 43 77 55 28
42 44 12 14 58
43 44 49 52 55
