45
0 1 75 78 63
0 2 91 78 93
0 3 28 43 29
0 4 76 46 61
0 5 1 42 32
0 6 5 10 36
0 7 77 70 74
0 8 29 24 35
0 9 51 35 53
0 10 2 33 16
0 11 34 18 45
0 12 24 22 35
0 13 93 51 74
0 14 24 47 35
0 15 55 77 50
0 16 8 43 6
0 17 94 57 89
0 18 72 79 58
0 19 77 84 53
0 20 93 48 89
0 21 0 27 27
0 22 16 40 43
0 23 19 37 49
0 24 80 47 44
0 25 83 68 89
0 26 48 67 72
0 27 43 25 37
0 28 93 82 62
0 29 83 68 60
0 30 63 38 64
0 31 57 38 31
0 32 52 63 38
0 33 42 69 41
0 34 29 61 50
0 35 26 60 50
0 36 11 24 22
0 37 56 39 51
0 38 41 50 21
0 39 70 76 45
0 40 86 88 83
0 41 28 34 30
0 42 67 66 62
0 43 62 41 73
0 44 68 68 71
1 2 34 62 36
1 3 42 42 31
1 4 76 78 45
1 5 94 96 86
1 6 14 30 31
1 7 73 77 54
1 8 12 9 42
1 9 9 21 14
1 10 93 67 48
1 11 84 81 49
1 12 12 16 13
1 13 63 52 57
1 14 44 35 55
1 15 96 55 89
1 16 31 56 21
1 17 59 61 58
1 18 97 76 85
1 19 84 57 78
1 20 40 66 26
1 21 17 28 38
1 22 86 77 84
1 23 15 9 39
1 24 10 16 53
1 25 1 22 24
1 26 61 42 73
1 27 27 24 51
1 28 74 44 40
1 29 34 17 24
1 30 25 39 22
1 31 3 43 32
1 32 74 62 68
1 33 71 83 60
1 34 40 36 49
1 35 22 47 54
1 36 15 29 25
1 37 76 60 74
1 38 30 46 29
1 39 50 26 58
1 40 98 65 96
1 41 52 42 31
1 42 9 24 20
1 43 50 33 38
1 44 10 46 36
2 3 8 22 36
2 4 58 56 63
2 5 0 1 13
2 6 71 75 43
2 7 96 55 74
2 8 13 55 29
2 9 16 57 56
2 10 23 60 12
2 11 33 30 58
2 12 89 66 93
2 13 82 56 64
2 14 42 65 56
2 15 86 75 44
2 16 20 10 25
2 17 95 89 53
2 18 36 62 23
2 19 69 54 80
2 20 28 27 17
2 21 91 60 89
2 22 37 23 57
2 23 17 34 15
2 24 81 40 83
2 25 77 65 72
2 26 89 48 78
2 27 72 68 48
2 28 3 49 5
2 29 48 44 70
2 30 87 71 46
2 31 83 70 83
2 32 52 27 47
2 33 31 29 46
2 34 97 55 61
2 35 61 67 78
2 36 36 37 56
2 37 15 37 37
2 38 85 91 73
2 39 11 22 49
2 40 55 62 41
2 41 85 88 85
2 42 72 70 56
2 43 91 58 59
2 44 65 50 77
3 4 51 28 42
3 5 62 34 73
3 6 32 25 36
3 7 31 63 61
3 8 7 4 46
3 9 40 61 24
3 10 44 61 46
3 11 88 58 45
3 12 13 51 25
3 13 0 27 6
3 14 94 80 85
3 15 5 9 52
3 16 55 57 65
3 17 23 25 17
3 18 42 25 32
3 19 7 44 25
3 20 36 45 42
3 21 63 65 44
3 22 31 57 39
3 23 16 34 22
3 24 80 59 57
3 25 76 76 85
3 26 67 58 47
3 27 5 33 47
3 28 71 42 66
3 29 77 39 59
3 30 38 49 50
3 31 52 26 32
3 32 89 81 56
3 33 93 96 80
3 34 78 65 70
3 35 25 17 40
3 36 96 91 78
3 37 99 60 94
3 38 32 54 61
3 39 9 48 6
3 40 12 50 21
3 41 4 11 43
3 42 75 68 62
3 43 44 65 35
3 44 54 43 48
4 5 12 54 25
4 6 82 63 71
4 7 46 32 35
4 8 25 29 46
4 9 34 63 66
4 10 30 32 58
4 11 45 70 31
4 12 14 15 52
4 13 86 56 88
4 14 0 7 19
4 15 6 32 47
4 16 11 20 51
4 17 12 46 24
4 18 26 27 48
4 19 26 40 45
4 20 92 72 68
4 21 24 56 22
4 22 55 72 29
4 23 63 36 54
4 24 6 34 17
4 25 65 64 71
4 26 55 60 60
4 27 39 44 38
4 28 60 36 72
4 29 70 79 53
4 30 85 48 65
4 31 22 58 23
4 32 42 40 30
4 33 54 40 59
4 34 68 58 45
4 35 71 75 77
4 36 86 61 56
4 37 36 48 52
4 38 75 52 72
4 39 2 13 24
4 40 80 59 49
4 41 76 44 62
4 42 42 55 24
4 43 82 84 73
4 44 7 53 48
5 6 34 34 66
5 7 36 40 31
5 8 72 60 79
5 9 5 51 42
5 10 78 80 71
5 11 92 73 73
5 12 88 83 67
5 13 53 70 48
5 14 22 23 14
5 15 21 16 17
5 16 35 18 31
5 17 28 39 59
5 18 9 30 41
5 19 12 30 9
5 20 15 39 24
5 21 10 13 30
5 22 39 68 39
5 23 37 40 45
5 24 94 80 75
5 25 78 72 39
5 26 20 36 50
5 27 41 33 56
5 28 50 33 29
5 29 88 56 74
5 30 55 70 76
5 31 86 67 79
5 32 1 15 4
5 33 2 36 11
5 34 83 67 78
5 35 88 62 59
5 36 51 59 30
5 37 30 28 32
5 38 92 89 82
5 39 57 77 75
5 40 53 74 60
5 41 36 61 21
5 42 11 50 21
5 43 61 43 51
5 44 78 51 72
6 7 97 91 75
6 8 57 31 52
6 9 22 23 48
6 10 36 26 56
6 11 4 18 48
6 12 49 27 28
6 13 20 12 11
6 14 98 84 50
6 15 46 27 46
6 16 30 43 52
6 17 66 51 71
6 18 13 52 18
6 19 68 71 61
6 20 43 31 34
6 21 55 67 45
6 22 65 73 42
6 23 13 47 43
6 24 17 57 46
6 25 46 30 40
6 26 83 44 73
6 27 37 57 34
6 28 84 67 77
6 29 65 36 58
6 30 30 53 52
6 31 8 24 11
6 32 51 47 52
6 33 36 44 24
6 34 43 56 52
6 35 77 42 74
6 36 85 89 63
6 37 35 19 50
6 38 61 31 67
6 39 4 33 2
6 40 2 45 26
6 41 99 71 54
6 42 53 70 54
6 43 91 55 78
6 44 90 79 74
7 8 86 62 68
7 9 23 50 50
7 10 59 36 75
7 11 54 39 35
7 12 63 46 57
7 13 73 50 61
7 14 60 77 58
7 15 92 78 69
7 16 84 68 87
7 17 88 67 79
7 18 74 46 54
7 19 62 45 55
7 20 43 47 59
7 21 13 16 12
7 22 66 79 36
7 23 67 34 59
7 24 40 43 28
7 25 38 58 62
7 26 58 64 39
7 27 94 93 68
7 28 61 45 78
7 29 27 25 16
7 30 57 63 36
7 31 5 19 6
7 32 5 24 7
7 33 68 72 83
7 34 68 55 74
7 35 9 10 13
7 36 65 65 36
7 37 98 51 92
7 38 76 85 83
7 39 71 54 58
7 40 18 28 33
7 41 85 78 70
7 42 5 35 19
7 43 16 44 49
7 44 14 32 15
8 9 82 60 65
8 10 33 65 26
8 11 99 76 75
8 12 15 24 53
8 13 65 62 75
8 14 82 52 58
8 15 23 34 54
8 16 9 5 39
8 17 57 74 42
8 18 86 45 62
8 19 74 40 39
8 20 55 57 67
8 21 47 42 28
8 22 95 88 55
8 23 1 7 28
8 24 18 57 12
8 25 15 50 52
8 26 66 71 41
8 27 10 55 8
8 28 80 52 70
8 29 22 54 43
8 30 85 91 61
8 31 84 70 43
8 32 89 56 67
8 33 18 44 12
8 34 26 33 48
8 35 41 67 21
8 36 13 28 12
8 37 40 27 58
8 38 63 75 77
8 39 83 76 80
8 40 25 50 45
8 41 93 79 96
8 42 28 64 38
8 43 76 87 54
8 44 51 31 57
9 10 59 69 63
9 11 11 52 14
9 12 13 44 22
9 13 53 43 47
9 14 36 67 24
9 15 30 61 36
9 16 8 36 13
9 17 62 34 45
9 18 53 51 50
9 19 38 25 41
9 20 89 80 59
9 21 15 39 38
9 22 44 69 65
9 23 51 37 30
9 24 97 83 49
9 25 44 61 45
9 26 70 56 36
9 27 55 49 59
9 28 35 34 18
9 29 7 37 32
9 30 13 33 46
9 31 4 50 22
9 32 1 32 14
9 33 23 18 22
9 34 97 94 49
9 35 82 84 41
9 36 87 83 89
9 37 16 53 48
9 38 0 48 31
9 39 38 68 22
9 40 52 36 60
9 41 55 33 44
9 42 75 78 65
9 43 46 46 32
9 44 68 40 73
10 11 0 23 28
10 12 93 66 93
10 13 56 52 44
10 14 36 30 33
10 15 62 33 37
10 16 53 51 52
10 17 57 54 60
10 18 13 12 34
10 19 63 60 51
10 20 52 44 50
10 21 69 47 50
10 22 23 55 47
10 23 77 45 51
10 24 99 76 80
10 25 15 29 34
10 26 36 45 20
10 27 13 45 7
10 28 91 73 67
10 29 55 76 58
10 30 44 51 46
10 31 42 35 71
10 32 50 29 35
10 33 71 84 51
10 34 89 63 48
10 35 37 36 22
10 36 54 55 44
10 37 15 8 14
10 38 95 89 55
10 39 24 48 18
10 40 81 41 63
10 41 81 82 46
10 42 50 64 41
10 43 88 82 78
10 44 23 25 22
11 12 13 34 24
11 13 85 77 56
11 14 47 25 67
11 15 69 49 66
11 16 78 63 64
11 17 39 24 34
11 18 40 30 59
11 19 88 45 73
11 20 41 65 67
11 21 55 65 60
11 22 76 51 61
11 23 48 34 50
11 24 0 25 20
11 25 57 67 35
11 26 71 72 53
11 27 33 34 40
11 28 60 74 45
11 29 82 51 88
11 30 62 41 31
11 31 78 75 83
11 32 18 51 48
11 33 98 58 94
11 34 65 47 33
11 35 81 78 82
11 36 39 42 61
11 37 8 6 27
11 38 66 61 49
11 39 69 68 43
11 40 16 19 22
11 41 49 67 69
11 42 36 63 33
11 43 50 54 47
11 44 25 57 49
12 13 16 12 22
12 14 46 37 41
12 15 83 50 54
12 16 43 70 55
12 17 34 64 46
12 18 98 80 78
12 19 68 53 47
12 20 67 62 82
12 21 39 33 56
12 22 96 81 55
12 23 71 72 79
12 24 63 69 46
12 25 68 67 60
12 26 82 67 83
12 27 98 59 84
12 28 6 6 35
12 29 60 68 74
12 30 30 31 54
12 31 75 66 73
12 32 21 34 58
12 33 72 68 44
12 34 69 58 39
12 35 35 66 49
12 36 69 34 59
12 37 58 40 77
12 38 96 94 78
12 39 76 52 61
12 40 8 40 37
12 41 27 51 28
12 42 79 80 88
12 43 64 76 54
12 44 68 57 62
13 14 24 59 46
13 15 92 74 94
13 16 45 37 26
13 17 84 86 53
13 18 74 85 55
13 19 2 36 7
13 20 55 54 53
13 21 42 27 28
13 22 68 69 84
13 23 26 19 48
13 24 31 27 48
13 25 80 77 56
13 26 25 20 42
13 27 69 45 66
13 28 28 46 45
13 29 28 33 14
13 30 64 76 72
13 31 8 50 33
13 32 23 60 32
13 33 16 55 31
13 34 18 40 51
13 35 50 65 70
13 36 58 50 67
13 37 78 76 64
13 38 69 38 80
13 39 2 36 12
13 40 49 63 35
13 41 22 27 60
13 42 16 42 52
13 43 89 64 49
13 44 25 54 18
14 15 48 64 51
14 16 13 36 35
14 17 76 54 44
14 18 34 45 26
14 19 92 90 46
14 20 54 54 39
14 21 83 50 82
14 22 74 62 55
14 23 14 35 11
14 24 89 72 83
14 25 72 64 58
14 26 10 42 36
14 27 3 50 15
14 28 57 53 44
14 29 26 40 32
14 30 88 67 78
14 31 62 64 51
14 32 43 41 47
14 33 48 48 66
14 34 48 45 64
14 35 53 43 56
14 36 55 65 64
14 37 85 72 92
14 38 38 23 58
14 39 86 82 54
14 40 26 24 60
14 41 15 16 18
14 42 83 65 49
14 43 52 74 60
14 44 91 95 53
15 16 54 32 39
15 17 33 19 61
15 18 78 82 77
15 19 29 53 54
15 20 22 16 22
15 21 13 47 51
15 22 35 31 23
15 23 95 75 82
15 24 90 58 68
15 25 97 65 80
15 26 91 67 93
15 27 70 35 36
15 28 78 49 85
15 29 32 49 40
15 30 74 78 86
15 31 72 38 78
15 32 17 45 17
15 33 38 55 53
15 34 39 42 35
15 35 94 85 53
15 36 54 53 46
15 37 5 37 51
15 38 10 53 41
15 39 59 66 46
15 40 82 55 76
15 41 80 82 68
15 42 44 42 49
15 43 40 20 32
15 44 96 56 60
16 17 11 41 16
16 18 75 63 70
16 19 44 50 39
16 20 29 34 36
16 21 25 20 54
16 22 23 51 34
16 23 7 43 14
16 24 14 56 20
16 25 27 26 57
16 26 79 55 69
16 27 51 49 38
16 28 74 45 70
16 29 78 55 40
16 30 92 66 88
16 31 66 50 43
16 32 6 35 51
16 33 47 45 53
16 34 61 40 40
16 35 96 72 84
16 36 95 48 76
16 37 65 65 34
16 38 90 92 82
16 39 77 52 58
16 40 61 43 35
16 41 10 8 43
16 42 32 22 35
16 43 92 69 93
16 44 0 1 16
17 18 40 44 31
17 19 22 38 19
17 20 89 47 45
17 21 41 46 35
17 22 28 48 48
17 23 25 50 43
17 24 83 44 77
17 25 43 24 66
17 26 58 38 49
17 27 57 60 52
17 28 68 63 65
17 29 50 65 62
17 30 83 68 49
17 31 51 69 34
17 32 55 54 64
17 33 24 28 46
17 34 40 38 51
17 35 54 65 50
17 36 2 3 8
17 37 57 74 53
17 38 50 50 51
17 39 47 69 57
17 40 19 48 15
17 41 81 43 69
17 42 93 67 83
17 43 85 70 86
17 44 12 15 11
18 19 70 45 71
18 20 93 55 66
18 21 43 52 30
18 22 39 43 45
18 23 51 39 48
18 24 19 27 56
18 25 8 41 31
18 26 90 50 72
18 27 0 15 18
18 28 5 14 23
18 29 56 67 58
18 30 67 35 60
18 31 82 81 84
18 32 67 50 77
18 33 43 65 29
18 34 3 18 50
18 35 48 34 45
18 36 78 55 46
18 37 41 25 23
18 38 52 49 55
18 39 84 83 63
18 40 35 43 46
18 41 99 67 69
18 42 41 22 43
18 43 65 74 62
18 44 51 28 71
19 20 4 30 26
19 21 29 56 57
19 22 81 87 88
19 23 9 23 22
19 24 33 30 45
19 25 64 59 54
19 26 95 85 66
19 27 54 44 70
19 28 1 24 28
19 29 93 87 72
19 30 89 87 57
19 31 86 67 80
19 32 9 31 28
19 33 32 52 32
19 34 15 24 46
19 35 45 34 55
19 36 55 31 60
19 37 32 33 38
19 38 82 65 65
19 39 5 23 6
19 40 53 40 73
19 41 0 49 14
19 42 29 49 31
19 43 71 48 41
19 44 59 60 73
20 21 25 13 33
20 22 80 85 87
20 23 67 64 79
20 24 65 35 55
20 25 24 50 56
20 26 32 57 17
20 27 38 60 50
20 28 81 71 76
20 29 11 13 55
20 30 51 27 49
20 31 2 46 36
20 32 58 72 65
20 33 68 64 82
20 34 47 51 29
20 35 52 53 46
20 36 8 24 25
20 37 21 56 51
20 38 20 48 55
20 39 95 61 49
20 40 39 46 53
20 41 85 73 61
20 42 39 19 42
20 43 14 35 52
20 44 75 72 64
21 22 24 20 27
21 23 61 57 69
21 24 44 32 34
21 25 81 79 50
21 26 61 45 78
21 27 20 33 54
21 28 12 55 17
21 29 39 29 42
21 30 18 17 19
21 31 16 48 23
21 32 23 28 38
21 33 21 49 46
21 34 32 49 36
21 35 84 82 62
21 36 72 58 71
21 37 66 82 51
21 38 34 27 38
21 39 65 82 54
21 40 41 58 67
21 41 70 74 59
21 42 77 80 53
21 43 7 53 49
21 44 23 45 35
22 23 46 72 30
22 24 8 22 43
22 25 11 34 46
22 26 17 17 24
22 27 7 51 4
22 28 72 70 63
22 29 42 61 70
22 30 29 19 38
22 31 40 54 54
22 32 97 52 87
22 33 22 24 17
22 34 44 45 69
22 35 16 44 48
22 36 39 45 29
22 37 9 37 34
22 38 66 35 56
22 39 44 66 69
22 40 53 70 56
22 41 64 46 44
22 42 1 10 8
22 43 20 27 19
22 44 46 47 64
23 24 10 40 12
23 25 30 37 40
23 26 28 20 20
23 27 29 34 20
23 28 89 92 55
23 29 53 34 51
23 30 37 63 29
23 31 52 26 47
23 32 99 95 59
23 33 59 46 31
23 34 8 29 52
23 35 56 39 56
23 36 56 32 41
23 37 37 30 57
23 38 71 49 57
23 39 5 32 51
23 40 9 13 41
23 41 57 54 77
23 42 16 48 34
23 43 5 51 9
23 44 47 46 26
24 25 19 34 43
24 26 98 94 88
24 27 31 34 49
24 28 18 33 46
24 29 10 9 18
24 30 55 71 41
24 31 64 46 52
24 32 77 79 70
24 33 20 48 28
24 34 86 87 57
24 35 25 44 39
24 36 70 74 66
24 37 1 28 6
24 38 27 28 59
24 39 70 42 74
24 40 98 79 99
24 41 62 56 59
24 42 6 46 29
24 43 2 30 23
24 44 93 64 79
25 26 10 19 37
25 27 2 17 11
25 28 34 57 23
25 29 70 68 59
25 30 39 26 59
25 31 81 41 87
25 32 31 63 41
25 33 17 55 33
25 34 46 70 42
25 35 64 73 51
25 36 70 78 36
25 37 31 51 49
25 38 30 25 49
25 39 64 61 34
25 40 19 54 33
25 41 2 5 44
25 42 6 31 8
25 43 6 26 38
25 44 40 44 45
26 27 40 34 41
26 28 32 37 62
26 29 20 20 14
26 30 32 36 63
26 31 99 99 74
26 32 39 24 55
26 33 83 65 76
26 34 22 32 19
26 35 99 95 90
26 36 64 39 66
26 37 60 76 76
26 38 86 75 78
26 39 72 55 80
26 40 60 47 45
26 41 99 50 66
26 42 57 60 45
26 43 62 59 68
26 44 99 62 75
27 28 89 82 49
27 29 27 59 50
27 30 19 40 44
27 31 57 75 53
27 32 17 56 57
27 33 40 51 60
27 34 28 23 61
27 35 42 30 63
27 36 9 36 44
27 37 68 66 77
27 38 30 45 41
27 39 13 40 44
27 40 94 65 59
27 41 17 48 28
27 42 28 22 33
27 43 23 34 17
27 44 85 54 66
28 29 57 36 38
28 30 17 26 44
28 31 78 75 53
28 32 66 49 52
28 33 54 40 50
28 34 26 61 52
28 35 99 93 67
28 36 33 37 34
28 37 60 78 74
28 38 38 32 43
28 39 68 44 82
28 40 67 47 63
28 41 1 40 32
28 42 86 71 86
28 43 43 43 63
28 44 88 60 57
29 30 38 62 39
29 31 67 44 52
29 32 79 85 87
29 33 12 56 24
29 34 70 82 61
29 35 57 74 54
29 36 30 38 33
29 37 22 13 15
29 38 15 8 8
29 39 89 75 79
29 40 49 51 39
29 41 13 29 54
29 42 14 25 40
29 43 53 53 45
29 44 91 49 55
30 31 83 48 49
30 32 14 25 56
30 33 69 83 51
30 34 86 53 71
30 35 90 84 67
30 36 83 84 86
30 37 34 27 57
30 38 27 35 50
30 39 10 9 29
30 40 14 57 32
30 41 14 15 46
30 42 77 52 70
30 43 23 17 60
30 44 37 48 60
31 32 68 82 42
31 33 96 88 63
31 34 60 55 34
31 35 59 64 41
31 36 64 67 60
31 37 36 38 35
31 38 85 43 47
31 39 63 45 73
31 40 83 87 64
31 41 64 53 70
31 42 70 79 56
31 43 89 46 68
31 44 24 45 55
32 33 11 41 29
32 34 14 10 38
32 35 95 55 56
32 36 21 44 12
32 37 46 58 73
32 38 43 23 25
32 39 65 74 46
32 40 72 82 56
32 41 9 49 13
32 42 44 35 47
32 43 37 66 59
32 44 91 63 46
33 34 13 52 16
33 35 27 17 35
33 36 4 44 27
33 37 32 41 43
33 38 3 34 3
33 39 97 70 55
33 40 7 34 23
33 41 84 48 59
33 42 87 81 54
33 43 51 29 67
33 44 92 50 84
34 35 74 71 49
34 36 10 7 51
34 37 10 31 52
34 38 33 57 49
34 39 18 38 56
34 40 83 55 61
34 41 98 85 67
34 42 95 77 92
34 43 4 51 47
34 44 85 81 74
35 36 84 51 84
35 37 54 69 39
35 38 89 46 60
35 39 19 13 30
35 40 63 59 43
35 41 91 47 47
35 42 22 50 27
35 43 26 33 48
35 44 70 71 55
36 37 80 77 59
36 38 63 39 78
36 39 18 25 31
36 40 27 49 44
36 41 77 47 64
36 42 6 6 20
36 43 4 30 3
36 44 33 36 19
37 38 8 15 21
37 39 66 41 72
37 40 90 86 91
37 41 69 47 62
37 42 80 75 68
37 43 33 48 34
37 44 16 21 34
38 39 78 45 76
38 40 31 31 63
38 41 22 49 30
38 42 62 35 44
38 43 96 54 50
38 44 1 38 22
39 40 56 41 71
39 41 96 70 88
39 42 3 33 18
39 43 50 28 45
39 44 34 28 28
40 41 43 70 61
40 42 4 6 47
40 43 56 64 74
40 44 6 38 34
41 42 72 72 65
41 43 63 44 56
41 44 2 29 12
42 43 68 57 46
42 44 89 70 88
43 44 85 55 49
