48
0 1 40 68 42
0 2 73 63 72
0 3 84 64 58
0 4 3 7 25
0 5 95 51 77
0 6 43 24 28
0 7 97 89 59
0 8 76 52 84
0 9 83 59 85
0 10 63 32 58
0 11 2 37 1
0 12 61 37 33
0 13 45 26 57
0 14 44 45 29
0 15 88 59 84
0 16 10 45 35
0 17 63 43 56
0 18 53 43 46
0 19 21 53 16
0 20 9 45 19
0 21 32 43 46
0 22 71 61 83
0 23 21 35 36
0 24 1 7 39
0 25 94 66 56
0 26 3 30 48
0 27 56 30 70
0 28 10 42 46
0 29 40 29 43
0 30 65 48 38
0 31 92 63 46
0 32 96 55 51
0 33 59 32 45
0 34 57 35 36
0 35 38 45 21
0 36 11 22 29
0 37 10 20 45
0 38 36 23 29
0 39 67 64 54
0 40 59 73 59
0 41 47 66 31
0 42 60 46 58
0 43 41 32 33
0 44 14 54 38
0 45 42 69 42
0 46 10 22 44
0 47 52 57 72
1 2 96 85 92
1 3 60 75 69
1 4 30 22 46
1 5 99 52 67
1 6 4 41 4
1 7 12 37 28
1 8 10 6 46
1 9 71 50 52
1 10 97 89 74
1 11 88 52 84
1 12 95 89 76
1 13 56 54 53
1 14 12 22 18
1 15 3 43 18
1 16 3 30 23
1 17 19 55 27
1 18 44 44 55
1 19 25 13 50
1 20 99 64 86
1 21 93 77 50
1 22 56 59 61
1 23 37 66 24
1 24 21 50 54
1 25 94 82 93
1 26 91 77 77
1 27 75 46 85
1 28 48 34 41
1 29 90 75 62
1 30 98 50 65
1 31 68 36 47
1 32 78 73 73
1 33 63 72 77
1 34 52 41 39
1 35 66 43 38
1 36 90 49 81
1 37 15 8 48
1 38 42 62 23
1 39 99 56 57
1 40 56 65 47
1 41 96 79 60
1 42 4 18 35
1 43 78 85 66
1 44 47 24 73
1 45 88 79 50
1 46 9 7 26
1 47 15 12 34
2 3 27 24 31
2 4 87 76 72
2 5 41 54 37
2 6 32 30 18
2 7 17 31 43
2 8 24 59 52
2 9 99 72 51
2 10 37 35 47
2 11 49 58 61
2 12 66 39 80
2 13 62 38 47
2 14 7 43 53
2 15 21 28 48
2 16 20 11 44
2 17 9 18 51
2 18 93 72 76
2 19 90 58 70
2 20 83 90 82
2 21 95 88 50
2 22 13 45 56
2 23 90 70 54
2 24 89 51 45
2 25 93 65 60
2 26 27 35 55
2 27 75 55 74
2 28 20 57 20
2 29 89 89 68
2 30 41 37 27
2 31 28 24 51
2 32 0 43 26
2 33 40 52 39
2 34 71 80 43
2 35 37 34 32
2 36 38 50 62
2 37 97 93 86
2 38 29 30 56
2 39 41 32 42
2 40 78 65 63
2 41 73 48 59
2 42 95 56 77
2 43 36 47 25
2 44 70 54 48
2 45 90 46 73
2 46 7 14 47
2 47 57 71 29
3 4 76 74 69
3 5 62 66 79
3 6 11 21 16
3 7 87 67 51
3 8 20 12 35
3 9 67 36 47
3 10 84 80 53
3 11 76 71 81
3 12 24 43 20
3 13 80 88 57
3 14 62 51 76
3 15 19 30 48
3 16 61 38 50
3 17 21 39 33
3 18 85 57 57
3 19 6 50 9
3 20 20 55 39
3 21 63 48 40
3 22 91 85 84
3 23 79 75 56
3 24 52 54 29
3 25 51 31 26
3 26 52 36 51
3 27 73 46 81
3 28 26 33 23
3 29 74 51 48
3 30 75 54 78
3 31 20 50 55
3 32 58 43 75
3 33 43 67 71
3 34 60 80 51
3 35 59 74 73
3 36 34 53 26
3 37 8 28 50
3 38 81 74 54
3 39 20 26 17
3 40 34 42 30
3 41 16 33 57
3 42 74 80 86
3 43 34 63 66
3 44 72 67 71
3 45 69 61 67
3 46 80 89 83
3 47 42 29 69
4 5 61 49 46
4 6 22 52 37
4 7 62 51 33
4 8 62 51 71
4 9 53 76 59
4 10 71 69 51
4 11 27 52 30
4 12 90 45 49
4 13 2 42 24
4 14 57 37 67
4 15 22 38 16
4 16 41 64 37
4 17 10 37 16
4 18 63 49 59
4 19 13 24 53
4 20 35 61 46
4 21 32 52 51
4 22 26 28 51
4 23 67 44 40
4 24 9 36 36
4 25 39 67 37
4 26 81 48 66
4 27 81 72 73
4 28 67 56 72
4 29 65 41 39
4 30 37 52 26
4 31 60 59 36
4 32 50 29 72
4 33 85 47 61
4 34 9 10 50
4 35 31 54 42
4 36 24 28 12
4 37 4 26 9
4 38 79 66 87
4 39 96 50 59
4 40 17 24 35
4 41 17 10 39
4 42 97 87 87
4 43 51 32 35
4 44 43 37 22
4 45 28 28 44
4 46 0 22 17
4 47 16 48 27
5 6 81 61 55
5 7 73 41 50
5 8 41 26 55
5 9 76 84 56
5 10 7 44 42
5 11 95 70 83
5 12 32 53 59
5 13 87 53 86
5 14 4 42 5
5 15 0 48 45
5 16 21 35 38
5 17 56 42 43
5 18 85 86 55
5 19 47 29 26
5 20 46 24 72
5 21 82 80 42
5 22 36 21 64
5 23 96 89 88
5 24 0 39 10
5 25 6 48 20
5 26 66 47 67
5 27 40 34 39
5 28 36 38 25
5 29 2 10 11
5 30 22 14 47
5 31 45 64 64
5 32 97 49 86
5 33 29 15 59
5 34 19 31 42
5 35 83 53 64
5 36 12 11 18
5 37 20 44 52
5 38 2 41 32
5 39 15 34 57
5 40 85 69 50
5 41 39 48 37
5 42 22 36 35
5 43 50 38 52
5 44 17 10 12
5 45 17 36 31
5 46 10 40 28
5 47 11 7 18
6 7 21 22 24
6 8 56 70 68
6 9 75 50 37
6 10 34 18 44
6 11 0 20 44
6 12 28 47 58
6 13 85 73 83
6 14 69 50 84
6 15 97 78 93
6 16 20 51 41
6 17 74 83 76
6 18 58 52 64
6 19 84 46 62
6 20 46 51 51
6 21 12 38 24
6 22 7 27 11
6 23 32 20 30
6 24 38 60 60
6 25 7 39 37
6 26 61 59 60
6 27 29 39 44
6 28 28 57 48
6 29 42 67 66
6 30 27 52 36
6 31 21 25 13
6 32 77 70 64
6 33 46 26 68
6 34 10 40 32
6 35 80 45 51
6 36 59 50 76
6 37 27 59 38
6 38 75 69 53
6 39 29 25 63
6 40 36 25 39
6 41 84 56 73
6 42 94 67 63
6 43 4 44 28
6 44 72 73 77
6 45 87 72 56
6 46 11 11 15
6 47 90 75 62
7 8 47 61 58
7 9 87 49 83
7 10 84 73 74
7 11 90 55 87
7 12 8 42 29
7 13 13 14 33
7 14 0 16 13
7 15 71 56 36
7 16 78 71 46
7 17 57 77 29
7 18 61 51 58
7 19 16 11 17
7 20 93 60 62
7 21 92 51 83
7 22 74 82 38
7 23 52 73 70
7 24 86 69 72
7 25 15 21 31
7 26 6 5 33
7 27 28 44 25
7 28 68 70 38
7 29 38 33 31
7 30 18 20 37
7 31 74 54 51
7 32 33 50 60
7 33 58 49 68
7 34 72 70 36
7 35 18 33 14
7 36 51 73 50
7 37 3 16 51
7 38 80 71 42
7 39 0 14 38
7 40 97 73 72
7 41 0 40 28
7 42 41 23 30
7 43 91 81 53
7 44 41 36 52
7 45 27 39 60
7 46 58 35 53
7 47 83 53 50
8 9 65 62 62
8 10 80 51 45
8 11 24 60 29
8 12 19 58 49
8 13 82 59 77
8 14 27 37 16
8 15 67 40 59
8 16 91 82 93
8 17 27 25 30
8 18 82 60 51
8 19 82 76 60
8 20 84 50 71
8 21 52 35 40
8 22 64 59 41
8 23 99 66 89
8 24 66 82 54
8 25 55 33 72
8 26 0 29 7
8 27 33 35 52
8 28 66 73 39
8 29 21 32 42
8 30 72 45 64
8 31 77 84 68
8 32 66 57 63
8 33 69 50 56
8 34 81 47 75
8 35 45 44 43
8 36 40 35 20
8 37 53 46 60
8 38 40 68 23
8 39 12 30 30
8 40 15 49 51
8 41 4 17 3
8 42 56 59 38
8 43 24 47 14
8 44 76 86 69
8 45 82 75 58
8 46 43 30 68
8 47 40 51 53
9 10 16 10 41
9 11 49 28 52
9 12 73 37 53
9 13 23 40 28
9 14 46 57 44
9 15 26 45 30
9 16 58 71 56
9 17 0 43 46
9 18 84 80 61
9 19 86 86 85
9 20 9 11 14
9 21 86 72 74
9 22 47 26 54
9 23 96 68 48
9 24 4 41 18
9 25 81 55 76
9 26 8 52 26
9 27 54 30 72
9 28 9 15 37
9 29 78 75 47
9 30 47 53 34
9 31 55 52 62
9 32 47 46 27
9 33 19 21 18
9 34 36 22 39
9 35 12 28 14
9 36 75 79 65
9 37 25 13 25
9 38 37 56 47
9 39 38 41 61
9 40 72 40 56
9 41 98 97 68
9 42 57 61 73
9 43 42 53 27
9 44 77 76 58
9 45 64 78 42
9 46 52 29 76
9 47 6 12 17
10 11 88 62 89
10 12 8 36 28
10 13 5 47 16
10 14 0 21 48
10 15 71 50 42
10 16 38 46 28
10 17 55 56 49
10 18 96 92 65
10 19 77 75 41
10 20 92 69 61
10 21 0 5 34
10 22 52 76 71
10 23 62 37 56
10 24 84 91 66
10 25 26 46 14
10 26 20 47 53
10 27 91 58 87
10 28 83 54 45
10 29 29 39 33
10 30 4 27 15
10 31 3 5 27
10 32 78 81 43
10 33 39 41 22
10 34 82 63 80
10 35 94 72 88
10 36 27 25 13
10 37 98 67 56
10 38 26 31 61
10 39 12 28 25
10 40 1 48 35
10 41 49 49 48
10 42 63 57 55
10 43 3 36 50
10 44 10 15 42
10 45 47 27 29
10 46 5 6 46
10 47 26 57 38
11 12 82 46 67
11 13 85 63 72
11 14 12 50 12
11 15 27 32 57
11 16 1 16 21
11 17 9 46 19
11 18 66 66 72
11 19 35 54 28
11 20 68 82 67
11 21 66 45 37
11 22 28 38 58
11 23 18 57 50
11 24 33 50 17
11 25 92 78 84
11 26 84 71 53
11 27 53 45 43
11 28 10 36 54
11 29 6 46 24
11 30 36 60 67
11 31 64 32 56
11 32 52 47 37
11 33 66 34 65
11 34 32 25 37
11 35 61 67 72
11 36 62 56 45
11 37 98 75 52
11 38 9 13 24
11 39 17 22 54
11 40 73 83 59
11 41 2 44 34
11 42 41 44 55
11 43 45 38 56
11 44 23 58 15
11 45 5 9 22
11 46 57 36 38
11 47 77 78 40
12 13 90 69 79
12 14 45 29 24
12 15 11 43 53
12 16 36 67 56
12 17 19 53 31
12 18 34 56 46
12 19 51 53 31
12 20 47 53 27
12 21 9 7 22
12 22 81 73 68
12 23 83 47 89
12 24 89 55 90
12 25 74 79 48
12 26 45 33 33
12 27 41 68 36
12 28 20 44 12
12 29 45 70 71
12 30 79 86 50
12 31 70 45 84
12 32 13 24 19
12 33 86 62 57
12 34 58 40 66
12 35 44 25 31
12 36 79 83 77
12 37 33 56 60
12 38 56 68 34
12 39 9 51 17
12 40 31 52 61
12 41 94 78 88
12 42 85 87 60
12 43 32 57 62
12 44 39 22 54
12 45 65 55 67
12 46 59 46 36
12 47 15 32 52
13 14 65 47 37
13 15 68 78 41
13 16 60 60 36
13 17 58 33 71
13 18 22 22 44
13 19 25 29 39
13 20 12 23 21
13 21 13 35 45
13 22 88 76 93
13 23 98 77 83
13 24 82 82 80
13 25 96 79 95
13 26 30 60 64
13 27 18 38 18
13 28 71 57 51
13 29 9 30 10
13 30 40 25 55
13 31 34 41 49
13 32 92 88 83
13 33 65 52 64
13 34 85 54 54
13 35 85 55 60
13 36 23 28 28
13 37 73 53 37
13 38 63 35 67
13 39 32 49 61
13 40 58 63 63
13 41 87 58 89
13 42 68 56 44
13 43 46 72 35
13 44 91 65 51
13 45 61 75 40
13 46 59 55 70
13 47 38 30 39
14 15 40 25 32
14 16 37 37 63
14 17 74 56 61
14 18 1 27 13
14 19 69 59 51
14 20 63 60 34
14 21 34 51 38
14 22 88 72 89
14 23 92 69 91
14 24 8 20 4
14 25 85 59 81
14 26 68 42 41
14 27 55 60 45
14 28 44 27 23
14 29 60 75 71
14 30 60 34 32
14 31 80 84 82
14 32 32 46 57
14 33 92 92 82
14 34 16 25 39
14 35 24 18 43
14 36 41 45 61
14 37 93 60 76
14 38 15 31 7
14 39 71 73 47
14 40 98 79 91
14 41 46 41 62
14 42 49 43 27
14 43 87 45 65
14 44 14 36 10
14 45 15 28 44
14 46 67 52 82
14 47 93 59 85
15 16 6 32 32
15 17 6 12 15
15 18 77 88 55
15 19 84 72 85
15 20 70 70 46
15 21 36 65 44
15 22 43 65 52
15 23 93 62 54
15 24 89 90 76
15 25 17 24 15
15 26 11 21 31
15 27 89 47 88
15 28 94 56 51
15 29 84 53 71
15 30 23 23 36
15 31 81 47 81
15 32 43 65 26
15 33 77 81 51
15 34 46 65 55
15 35 53 75 56
15 36 11 38 40
15 37 29 55 56
15 38 27 14 45
15 39 77 88 75
15 40 44 45 49
15 41 38 44 25
15 42 18 35 36
15 43 44 33 67
15 44 21 42 44
15 45 54 55 41
15 46 61 45 53
15 47 47 68 38
16 17 53 30 47
16 18 92 47 74
16 19 73 50 40
16 20 83 86 68
16 21 22 36 43
16 22 11 21 15
16 23 78 71 64
16 24 43 44 46
16 25 19 16 37
16 26 56 36 65
16 27 72 59 55
16 28 38 35 25
16 29 94 67 68
16 30 22 53 36
16 31 72 64 57
16 32 23 53 46
16 33 13 55 22
16 34 16 39 42
16 35 0 48 8
16 36 9 38 47
16 37 35 38 18
16 38 34 17 26
16 39 34 48 51
16 40 63 32 80
16 41 35 53 44
16 42 8 41 34
16 43 18 16 27
16 44 70 84 78
16 45 61 34 47
16 46 22 16 26
16 47 76 56 84
17 18 33 47 58
17 19 42 34 56
17 20 72 64 74
17 21 85 81 72
17 22 90 88 66
17 23 9 12 14
17 24 55 75 65
17 25 57 41 44
17 26 89 75 57
17 27 77 43 49
17 28 99 61 98
17 29 67 48 54
17 30 6 49 46
17 31 36 67 28
17 32 34 33 22
17 33 81 49 83
17 34 22 60 44
17 35 94 69 92
17 36 28 58 49
17 37 52 74 60
17 38 51 47 61
17 39 93 52 78
17 40 50 72 64
17 41 18 34 54
17 42 83 60 84
17 43 63 50 41
17 44 62 67 79
17 45 88 84 76
17 46 90 72 53
17 47 67 57 52
18 19 87 90 65
18 20 59 60 62
18 21 87 78 62
18 22 34 65 20
18 23 23 37 52
18 24 70 75 42
18 25 89 64 88
18 26 34 29 46
18 27 79 49 45
18 28 85 67 55
18 29 88 60 60
18 30 2 16 15
18 31 7 30 36
18 32 83 82 72
18 33 83 84 58
18 34 50 28 47
18 35 35 39 34
18 36 48 73 59
18 37 39 68 50
18 38 25 59 21
18 39 12 49 25
18 40 6 15 49
18 41 63 50 56
18 42 57 34 50
18 43 17 35 23
18 44 29 57 32
18 45 34 41 39
18 46 23 48 34
18 47 30 49 44
19 20 37 33 27
19 21 53 36 40
19 22 3 46 24
19 23 10 20 25
19 24 49 58 46
19 25 43 60 27
19 26 70 37 68
19 27 57 37 60
19 28 8 25 53
19 29 21 37 32
19 30 26 25 38
19 31 62 63 34
19 32 8 28 53
19 33 35 26 61
19 34 90 94 45
19 35 94 48 51
19 36 9 52 7
19 37 93 47 80
19 38 81 71 73
19 39 22 14 31
19 40 62 49 76
19 41 23 38 22
19 42 91 49 92
19 43 74 59 86
19 44 46 41 39
19 45 56 39 73
19 46 74 77 46
19 47 40 40 56
20 21 77 82 58
20 22 61 31 54
20 23 95 58 50
20 24 93 51 65
20 25 62 48 62
20 26 94 59 74
20 27 94 84 58
20 28 73 38 62
20 29 98 69 51
20 30 7 46 4
20 31 94 66 54
20 32 49 58 58
20 33 43 53 31
20 34 83 89 56
20 35 92 73 78
20 36 1 45 23
20 37 78 79 87
20 38 32 38 28
20 39 44 58 48
20 40 7 10 21
20 41 15 31 32
20 42 33 47 17
20 43 29 56 15
20 44 58 42 76
20 45 99 99 53
20 46 3 36 39
20 47 71 50 64
21 22 44 58 41
21 23 42 50 67
21 24 9 31 39
21 25 94 84 72
21 26 35 56 24
21 27 5 11 21
21 28 81 57 51
21 29 55 39 72
21 30 37 55 34
21 31 82 42 73
21 32 95 79 61
21 33 99 97 75
21 34 16 57 15
21 35 54 42 33
21 36 15 18 10
21 37 95 79 53
21 38 60 65 63
21 39 88 46 81
21 40 92 47 82
21 41 65 70 70
21 42 28 14 59
21 43 88 75 51
21 44 99 88 90
21 45 88 81 65
21 46 98 76 59
21 47 57 53 37
22 23 53 31 57
22 24 63 56 42
22 25 72 52 68
22 26 97 89 96
22 27 74 46 72
22 28 19 10 22
22 29 62 33 49
22 30 10 47 54
22 31 23 57 39
22 32 12 24 31
22 33 19 46 26
22 34 87 87 63
22 35 25 13 61
22 36 24 37 46
22 37 98 80 92
22 38 38 50 27
22 39 29 43 23
22 40 47 65 62
22 41 87 68 84
22 42 95 51 72
22 43 25 33 18
22 44 87 86 55
22 45 37 34 49
22 46 3 4 32
22 47 40 27 34
23 24 32 28 50
23 25 51 42 74
23 26 8 49 46
23 27 36 40 60
23 28 33 58 53
23 29 91 69 70
23 30 45 57 44
23 31 74 76 59
23 32 52 34 28
23 33 33 44 30
23 34 77 57 38
23 35 72 76 61
23 36 62 32 60
23 37 9 45 9
23 38 76 38 77
23 39 90 77 64
23 40 74 62 68
23 41 0 40 37
23 42 62 74 62
23 43 88 68 78
23 44 86 54 50
23 45 12 18 49
23 46 71 47 57
23 47 74 40 71
24 25 38 58 58
24 26 85 74 54
24 27 60 75 70
24 28 53 42 69
24 29 10 51 42
24 30 99 69 56
24 31 56 71 44
24 32 28 48 62
24 33 86 85 60
24 34 29 24 45
24 35 27 38 29
24 36 48 67 73
24 37 48 43 38
24 38 59 43 55
24 39 36 39 30
24 40 46 66 23
24 41 96 54 62
24 42 12 17 27
24 43 52 40 65
24 44 86 66 75
24 45 8 26 11
24 46 62 57 36
24 47 4 24 34
25 26 54 70 71
25 27 89 73 59
25 28 71 79 47
25 29 6 32 25
25 30 90 90 74
25 31 59 66 74
25 32 73 79 53
25 33 49 25 32
25 34 34 64 39
25 35 38 68 35
25 36 9 24 40
25 37 33 30 47
25 38 23 25 36
25 39 78 54 66
25 40 6 38 23
25 41 54 43 74
25 42 73 71 75
25 43 80 63 66
25 44 25 23 48
25 45 60 33 49
25 46 92 62 46
25 47 52 59 62
26 27 21 37 21
26 28 58 75 69
26 29 88 67 54
26 30 50 52 51
26 31 34 39 57
26 32 8 15 26
26 33 96 91 78
26 34 29 54 45
26 35 20 38 22
26 36 74 48 66
26 37 63 45 35
26 38 6 29 33
26 39 15 11 46
26 40 3 22 19
26 41 41 52 48
26 42 78 87 67
26 43 6 20 46
26 44 19 21 38
26 45 74 80 69
26 46 28 50 44
26 47 74 61 72
27 28 14 14 36
27 29 85 63 51
27 30 88 74 53
27 31 35 43 61
27 32 31 49 60
27 33 57 36 67
27 34 8 19 8
27 35 58 30 74
27 36 57 48 55
27 37 83 72 71
27 38 96 87 96
27 39 38 32 31
27 40 2 33 49
27 41 8 14 10
27 42 41 55 55
27 43 45 34 55
27 44 73 73 37
27 45 42 67 64
27 46 37 21 35
27 47 82 74 85
28 29 8 19 17
28 30 76 41 78
28 31 20 29 26
28 32 20 35 60
28 33 76 40 60
28 34 22 57 58
28 35 59 36 52
28 36 17 32 32
28 37 63 54 32
28 38 40 43 41
28 39 5 42 6
28 40 69 67 41
28 41 21 26 38
28 42 48 70 44
28 43 87 57 68
28 44 40 42 64
28 45 25 14 49
28 46 78 47 62
28 47 41 40 38
29 30 29 49 59
29 31 55 29 76
29 32 95 79 94
29 33 4 16 31
29 34 91 52 48
29 35 80 70 84
29 36 46 49 37
29 37 83 55 76
29 38 38 64 63
29 39 70 58 78
29 40 24 25 21
29 41 38 59 24
29 42 40 43 67
29 43 50 43 48
29 44 67 39 58
29 45 55 70 44
29 46 44 56 68
29 47 99 90 97
30 31 41 21 57
30 32 84 47 90
30 33 83 59 73
30 34 27 50 58
30 35 81 82 75
30 36 54 34 72
30 37 63 35 58
30 38 32 39 27
30 39 1 34 12
30 40 64 39 42
30 41 51 51 53
30 42 42 38 23
30 43 10 17 20
30 44 58 33 45
30 45 37 36 67
30 46 84 80 54
30 47 9 40 22
31 32 55 52 70
31 33 92 83 93
31 34 86 64 85
31 35 52 42 70
31 36 30 36 35
31 37 66 65 57
31 38 53 37 38
31 39 26 26 16
31 40 36 65 35
31 41 58 44 75
31 42 16 46 35
31 43 71 85 58
31 44 1 6 24
31 45 26 51 53
31 46 40 51 30
31 47 54 68 31
32 33 50 52 60
32 34 14 21 14
32 35 52 45 32
32 36 29 54 32
32 37 21 44 49
32 38 97 63 50
32 39 26 38 42
32 40 44 69 62
32 41 60 35 38
32 42 50 44 74
32 43 50 46 30
32 44 69 40 71
32 45 70 44 41
32 46 77 69 63
32 47 85 57 64
33 34 10 23 36
33 35 19 48 16
33 36 34 56 37
33 37 6 13 14
33 38 31 23 43
33 39 72 51 60
33 40 48 52 63
33 41 38 33 37
33 42 13 23 21
33 43 51 44 39
33 44 78 41 87
33 45 3 18 35
33 46 36 28 27
33 47 15 46 11
34 35 83 70 77
34 36 56 58 34
34 37 66 62 59
34 38 12 38 32
34 39 60 31 46
34 40 55 58 75
34 41 9 13 26
34 42 4 47 42
34 43 56 58 65
34 44 28 36 47
34 45 14 27 40
34 46 52 34 70
34 47 59 71 57
35 36 79 42 77
35 37 52 61 28
35 38 91 51 84
35 39 12 49 37
35 40 4 49 11
35 41 63 45 43
35 42 56 33 71
35 43 30 18 58
35 44 77 82 80
35 45 31 61 65
35 46 10 50 49
35 47 43 44 70
36 37 60 53 31
36 38 78 87 53
36 39 67 61 83
36 40 76 47 44
36 41 63 76 38
36 42 59 63 34
36 43 29 32 23
36 44 22 26 16
36 45 80 60 58
36 46 18 34 27
36 47 77 88 41
37 38 71 40 39
37 39 61 52 73
37 40 80 86 57
37 41 66 54 79
37 42 41 32 67
37 43 80 56 85
37 44 25 12 23
37 45 85 90 81
37 46 63 39 32
37 47 96 49 74
38 39 80 62 41
38 40 98 70 50
38 41 96 62 57
38 42 1 17 5
38 43 88 83 71
38 44 53 45 36
38 45 28 42 23
38 46 9 10 12
38 47 70 67 55
39 40 92 46 73
39 41 79 47 47
39 42 75 57 72
39 43 86 84 51
39 44 29 38 30
39 45 73 75 84
39 46 74 64 66
39 47 21 43 12
40 41 1 5 42
40 42 19 57 37
40 43 59 49 59
40 44 55 28 62
40 45 89 61 54
40 46 50 53 47
40 47 2 7 23
41 42 38 49 22
41 43 31 39 27
41 44 25 60 42
41 45 29 38 36
41 46 63 65 33
41 47 42 26 61
42 43 86 51 89
42 44 54 71 29
42 45 31 65 38
42 46 14 37 35
42 47 33 35 56
43 44 18 43 40
43 45 99 54 96
43 46 67 52 39
43 47 14 47 57
44 45 71 73 49
44 46 65 64 80
44 47 86 93 67
45 46 24 58 59
45 47 74 60 57
46 47 83 43 72
