50
0 1 83 31 22
0 2 61 22 82
0 3 37 39 15
0 4 36 59 20
0 5 73 81 51
0 6 34 20 27
0 7 92 57 84
0 8 88 40 81
0 9 17 36 73
0 10 99 50 63
0 11 90 86 83
0 12 77 82 22
0 13 15 67 5
0 14 24 49 17
0 15 70 81 45
0 16 45 10 42
0 17 4 48 47
0 18 82 53 18
0 19 90 70 91
0 20 25 81 28
0 21 58 41 90
0 22 48 15 33
0 23 0 0 49
0 24 15 73 21
0 25 71 46 79
0 26 3 25 67
0 27 79 26 23
0 28 70 32 14
0 29 95 78 29
0 30 70 23 67
0 31 30 64 37
0 32 8 61 22
0 33 14 42 55
0 34 81 21 61
0 35 85 84 67
0 36 43 63 68
0 37 70 27 54
0 38 86 78 28
0 39 1 1 24
0 40 29 7 53
0 41 9 62 56
0 42 77 71 39
0 43 88 21 57
0 44 91 68 26
0 45 97 48 39
0 46 67 40 36
0 47 51 32 70
0 48 79 84 93
0 49 11 10 67
1 2 81 58 40
1 3 83 22 56
1 4 35 56 64
1 5 66 60 61
1 6 67 53 57
1 7 94 65 37
1 8 79 36 30
1 9 86 84 24
1 10 67 29 23
1 11 3 2 13
1 12 15 66 32
1 13 68 22 87
1 14 30 30 66
1 15 1 47 55
1 16 99 41 48
1 17 22 9 78
1 18 57 80 71
1 19 0 16 11
1 20 42 34 13
1 21 85 78 77
1 22 90 93 83
1 23 17 54 12
1 24 13 38 11
1 25 59 77 78
1 26 34 16 29
1 27 62 62 28
1 28 76 29 72
1 29 28 46 11
1 30 78 36 32
1 31 27 27 71
1 32 11 53 3
1 33 69 33 79
1 34 11 70 28
1 35 12 35 17
1 36 2 53 73
1 37 89 69 29
1 38 95 20 72
1 39 93 91 93
1 40 44 72 35
1 41 92 73 74
1 42 98 72 84
1 43 15 26 20
1 44 11 41 67
1 45 35 24 65
1 46 43 50 18
1 47 37 47 46
1 48 40 42 46
1 49 76 45 41
2 3 79 85 70
2 4 39 63 61
2 5 86 95 73
2 6 69 68 52
2 7 38 77 13
2 8 78 85 36
2 9 8 11 67
2 10 13 10 50
2 11 14 66 55
2 12 0 63 59
2 13 61 75 40
2 14 44 25 55
2 15 5 1 45
2 16 62 66 33
2 17 52 15 77
2 18 18 61 63
2 19 92 68 28
2 20 54 14 45
2 21 7 58 1
2 22 52 12 55
2 23 42 76 68
2 24 36 21 36
2 25 14 16 52
2 26 39 56 50
2 27 35 57 64
2 28 23 39 38
2 29 25 23 8
2 30 5 25 36
2 31 65 19 62
2 32 9 48 42
2 33 24 29 27
2 34 81 85 92
2 35 88 78 51
2 36 42 66 41
2 37 57 50 20
2 38 25 64 77
2 39 47 68 56
2 40 92 22 83
2 41 80 23 95
2 42 97 77 81
2 43 63 51 69
2 44 80 93 69
2 45 76 56 79
2 46 19 55 77
2 47 90 43 67
2 48 34 8 41
2 49 53 56 46
3 4 57 50 25
3 5 36 63 25
3 6 0 11 13
3 7 54 73 14
3 8 78 30 52
3 9 76 76 21
3 10 62 43 52
3 11 85 68 41
3 12 83 95 78
3 13 63 82 51
3 14 66 41 83
3 15 36 48 86
3 16 87 39 63
3 17 45 42 57
3 18 55 69 45
3 19 1 49 25
3 20 24 59 73
3 21 10 73 10
3 22 74 42 50
3 23 45 46 65
3 24 26 5 16
3 25 12 77 22
3 26 25 8 39
3 27 62 50 87
3 28 82 91 69
3 29 99 99 51
3 30 39 63 50
3 31 8 10 76
3 32 28 27 79
3 33 59 74 42
3 34 42 62 24
3 35 69 60 39
3 36 37 74 66
3 37 73 15 87
3 38 83 55 57
3 39 87 91 36
3 40 6 80 47
3 41 57 69 19
3 42 81 91 20
3 43 35 17 16
3 44 54 74 33
3 45 59 65 16
3 46 84 86 19
3 47 90 56 64
3 48 85 45 30
3 49 16 7 60
4 5 66 30 54
4 6 2 60 29
4 7 38 16 48
4 8 69 36 38
4 9 58 74 65
4 10 22 61 7
4 11 85 71 56
4 12 38 82 14
4 13 14 43 57
4 14 5 57 55
4 15 79 17 18
4 16 29 7 74
4 17 87 37 56
4 18 51 69 69
4 19 29 75 63
4 20 10 39 76
4 21 41 85 21
4 22 88 47 41
4 23 96 98 21
4 24 99 82 45
4 25 4 5 44
4 26 32 65 30
4 27 33 17 53
4 28 39 81 7
4 29 22 15 47
4 30 67 55 80
4 31 39 29 45
4 32 54 88 11
4 33 34 77 21
4 34 94 27 62
4 35 78 27 47
4 36 78 39 39
4 37 8 69 21
4 38 74 50 58
4 39 8 59 38
4 40 6 62 64
4 41 63 75 47
4 42 78 67 17
4 43 70 60 86
4 44 66 88 85
4 45 97 26 87
4 46 91 38 45
4 47 8 3 24
4 48 7 19 15
4 49 50 12 68
5 6 74 78 59
5 7 40 86 47
5 8 66 73 29
5 9 82 29 19
5 10 10 26 33
5 11 4 52 7
5 12 74 62 41
5 13 29 8 85
5 14 95 64 62
5 15 74 41 56
5 16 26 80 53
5 17 9 56 68
5 18 19 28 25
5 19 72 46 17
5 20 18 9 40
5 21 93 44 39
5 22 39 48 39
5 23 20 8 74
5 24 56 86 57
5 25 34 79 60
5 26 76 93 53
5 27 3 45 7
5 28 59 66 49
5 29 56 69 66
5 30 20 38 4
5 31 27 19 6
5 32 99 31 78
5 33 76 54 40
5 34 83 50 53
5 35 21 79 34
5 36 24 55 6
5 37 25 60 74
5 38 36 71 81
5 39 6 75 12
5 40 23 36 48
5 41 25 10 55
5 42 11 47 72
5 43 7 26 63
5 44 12 61 6
5 45 33 77 81
5 46 48 19 82
5 47 87 40 60
5 48 67 71 63
5 49 19 7 57
6 7 46 55 32
6 8 6 49 22
6 9 6 5 80
6 10 69 90 35
6 11 99 73 83
6 12 59 70 43
6 13 80 19 20
6 14 33 53 12
6 15 63 45 69
6 16 16 48 56
6 17 59 46 30
6 18 71 60 54
6 19 37 8 85
6 20 86 18 50
6 21 84 26 65
6 22 20 61 33
6 23 76 41 89
6 24 86 71 25
6 25 36 78 19
6 26 73 41 44
6 27 48 87 72
6 28 13 72 10
6 29 1 11 31
6 30 56 17 61
6 31 62 78 27
6 32 34 13 81
6 33 9 58 25
6 34 0 75 69
6 35 66 56 58
6 36 30 60 81
6 37 60 44 45
6 38 81 43 45
6 39 18 60 12
6 40 83 19 71
6 41 66 59 83
6 42 27 74 52
6 43 60 14 32
6 44 12 45 53
6 45 34 46 37
6 46 79 90 43
6 47 24 71 39
6 48 43 56 60
6 49 36 67 25
7 8 0 46 4
7 9 43 69 56
7 10 75 86 16
7 11 8 26 31
7 12 50 13 36
7 13 21 39 58
7 14 67 85 20
7 15 67 63 82
7 16 44 87 25
7 17 94 76 61
7 18 70 64 33
7 19 61 75 75
7 20 93 71 68
7 21 12 63 18
7 22 23 22 42
7 23 11 27 23
7 24 43 60 13
7 25 80 85 58
7 26 31 64 48
7 27 69 72 59
7 28 5 78 67
7 29 99 92 70
7 30 26 23 25
7 31 42 81 19
7 32 86 58 53
7 33 8 7 33
7 34 98 86 52
7 35 30 10 34
7 36 17 40 81
7 37 57 39 63
7 38 3 71 63
7 39 88 34 85
7 40 79 44 29
7 41 46 73 14
7 42 88 47 67
7 43 20 59 6
7 44 67 61 78
7 45 76 85 58
7 46 45 81 25
7 47 48 35 72
7 48 24 49 7
7 49 35 27 38
8 9 41 78 13
8 10 36 38 75
8 11 30 80 33
8 12 45 70 21
8 13 10 68 19
8 14 60 62 64
8 15 47 20 53
8 16 59 70 23
8 17 18 31 53
8 18 62 86 39
8 19 53 35 31
8 20 93 56 23
8 21 36 62 10
8 22 49 69 29
8 23 21 68 36
8 24 84 29 44
8 25 0 62 56
8 26 4 32 61
8 27 10 50 64
8 28 11 32 80
8 29 75 50 40
8 30 31 66 10
8 31 80 51 71
8 32 53 22 29
8 33 22 44 58
8 34 56 65 44
8 35 30 46 83
8 36 37 53 18
8 37 4 11 43
8 38 13 23 60
8 39 2 28 20
8 40 65 50 36
8 41 23 84 16
8 42 92 76 38
8 43 18 36 32
8 44 25 83 81
8 45 41 87 16
8 46 49 34 64
8 47 79 29 58
8 48 39 74 79
8 49 18 79 81
9 10 17 43 57
9 11 92 53 47
9 12 90 83 19
9 13 0 70 75
9 14 82 33 92
9 15 36 10 49
9 16 86 84 81
9 17 3 34 12
9 18 41 52 62
9 19 8 23 71
9 20 32 14 39
9 21 70 88 32
9 22 92 98 43
9 23 59 45 20
9 24 87 23 66
9 25 22 55 7
9 26 1 16 4
9 27 78 62 61
9 28 72 80 61
9 29 0 7 42
9 30 60 43 53
9 31 44 44 63
9 32 4 55 63
9 33 25 42 41
9 34 22 70 8
9 35 83 65 58
9 36 27 41 16
9 37 13 59 70
9 38 78 38 18
9 39 98 44 93
9 40 45 48 43
9 41 90 58 33
9 42 5 75 4
9 43 60 17 73
9 44 54 84 89
9 45 78 70 54
9 46 21 56 15
9 47 45 76 39
9 48 28 20 18
9 49 54 89 18
10 11 50 74 12
10 12 59 15 63
10 13 92 94 74
10 14 62 73 59
10 15 76 82 25
10 16 35 26 32
10 17 30 33 39
10 18 24 56 25
10 19 58 78 64
10 20 6 40 24
10 21 17 43 13
10 22 75 26 76
10 23 6 55 21
10 24 52 51 20
10 25 50 17 13
10 26 13 43 74
10 27 42 42 40
10 28 92 41 76
10 29 94 58 61
10 30 51 23 76
10 31 42 51 40
10 32 96 42 80
10 33 22 10 10
10 34 5 40 3
10 35 46 24 78
10 36 68 75 32
10 37 20 21 42
10 38 75 38 63
10 39 94 83 28
10 40 45 52 62
10 41 0 69 23
10 42 46 32 22
10 43 94 40 39
10 44 49 78 66
10 45 92 90 32
10 46 58 72 70
10 47 84 40 68
10 48 83 31 59
10 49 29 34 18
11 12 78 18 62
11 13 35 45 8
11 14 69 92 70
11 15 43 46 22
11 16 36 76 84
11 17 79 51 57
11 18 81 43 71
11 19 48 17 60
11 20 77 56 38
11 21 43 68 49
11 22 14 71 76
11 23 64 57 83
11 24 17 18 30
11 25 1 22 20
11 26 72 82 67
11 27 12 62 69
11 28 52 72 75
11 29 39 36 73
11 30 3 31 47
11 31 56 45 31
11 32 63 56 33
11 33 42 21 45
11 34 34 79 19
11 35 43 25 16
11 36 23 24 28
11 37 67 49 52
11 38 59 82 83
11 39 24 34 43
11 40 31 26 52
11 41 19 26 32
11 42 25 43 26
11 43 44 28 38
11 44 53 79 83
11 45 50 12 32
11 46 98 88 68
11 47 86 89 75
11 48 8 23 54
11 49 93 88 63
12 13 1 50 29
12 14 7 73 1
12 15 24 47 25
12 16 28 38 50
12 17 62 80 63
12 18 1 6 59
12 19 96 76 79
12 20 69 24 41
12 21 73 42 82
12 22 79 76 62
12 23 64 66 80
12 24 62 23 57
12 25 18 7 69
12 26 42 86 15
12 27 24 22 16
12 28 25 12 57
12 29 98 96 89
12 30 59 47 35
12 31 24 79 49
12 32 51 33 80
12 33 24 18 54
12 34 37 23 14
12 35 92 48 38
12 36 99 77 89
12 37 85 47 36
12 38 34 50 19
12 39 83 72 23
12 40 63 17 50
12 41 70 63 54
12 42 71 71 52
12 43 18 27 73
12 44 91 97 80
12 45 66 75 40
12 46 38 40 10
12 47 24 48 8
12 48 9 7 55
12 49 91 43 52
13 14 9 5 51
13 15 45 51 18
13 16 39 29 74
13 17 38 21 35
13 18 56 71 46
13 19 84 23 30
13 20 97 23 44
13 21 11 38 56
13 22 88 88 64
13 23 43 88 56
13 24 30 15 49
13 25 88 40 23
13 26 8 47 19
13 27 53 86 39
13 28 25 79 79
13 29 0 16 18
13 30 80 48 51
13 31 28 75 38
13 32 59 86 21
13 33 42 14 11
13 34 12 24 18
13 35 31 48 85
13 36 58 40 63
13 37 39 77 16
13 38 92 81 39
13 39 32 77 25
13 40 68 49 42
13 41 68 43 68
13 42 25 48 49
13 43 36 54 44
13 44 94 91 25
13 45 29 47 46
13 46 55 37 16
13 47 61 64 49
13 48 67 38 25
13 49 48 75 39
14 15 71 42 49
14 16 11 3 78
14 17 99 85 45
14 18 50 78 17
14 19 77 17 65
14 20 64 37 40
14 21 62 15 73
14 22 3 55 47
14 23 25 9 57
14 24 25 34 53
14 25 7 70 76
14 26 97 80 21
14 27 84 95 21
14 28 49 12 81
14 29 10 10 41
14 30 10 58 50
14 31 63 15 34
14 32 81 50 28
14 33 10 69 79
14 34 57 80 68
14 35 52 72 26
14 36 55 84 20
14 37 4 48 2
14 38 65 41 47
14 39 99 46 99
14 40 27 67 75
14 41 96 45 93
14 42 94 69 57
14 43 2 14 8
14 44 60 76 24
14 45 73 78 31
14 46 57 84 65
14 47 57 16 75
14 48 72 27 80
14 49 70 73 63
15 16 30 41 11
15 17 81 25 84
15 18 35 45 51
15 19 39 55 20
15 20 78 77 15
15 21 19 44 24
15 22 25 27 8
15 23 31 68 70
15 24 27 22 20
15 25 68 68 93
15 26 5 41 45
15 27 99 49 79
15 28 75 35 81
15 29 40 81 72
15 30 44 50 71
15 31 66 42 30
15 32 27 54 17
15 33 32 26 58
15 34 98 37 81
15 35 20 46 78
15 36 65 56 32
15 37 65 62 36
15 38 80 77 76
15 39 23 75 81
15 40 7 30 33
15 41 79 59 91
15 42 94 43 50
15 43 90 35 83
15 44 98 25 21
15 45 35 34 27
15 46 24 36 11
15 47 40 21 42
15 48 55 77 31
15 49 85 49 96
16 17 82 20 19
16 18 87 29 64
16 19 16 59 6
16 20 22 35 56
16 21 37 18 32
16 22 22 35 57
16 23 19 73 6
16 24 67 14 47
16 25 15 19 6
16 26 50 77 23
16 27 97 54 54
16 28 51 49 64
16 29 34 71 48
16 30 54 51 56
16 31 18 70 34
16 32 57 51 51
16 33 68 58 92
16 34 25 81 41
16 35 27 46 74
16 36 7 61 4
16 37 62 77 50
16 38 83 43 50
16 39 34 30 61
16 40 36 19 46
16 41 76 81 38
16 42 37 13 85
16 43 77 45 24
16 44 30 19 43
16 45 81 31 74
16 46 96 66 24
16 47 20 27 52
16 48 83 59 53
16 49 3 63 74
17 18 36 50 37
17 19 15 34 40
17 20 68 27 38
17 21 51 18 13
17 22 1 46 23
17 23 23 80 27
17 24 72 54 46
17 25 24 42 16
17 26 13 60 43
17 27 83 61 65
17 28 4 2 11
17 29 39 12 37
17 30 29 63 13
17 31 64 83 51
17 32 49 57 74
17 33 21 7 60
17 34 13 45 65
17 35 80 56 87
17 36 26 13 33
17 37 60 86 50
17 38 87 22 24
17 39 49 25 73
17 40 1 1 66
17 41 53 44 28
17 42 94 81 39
17 43 84 90 27
17 44 87 33 82
17 45 43 13 74
17 46 48 57 45
17 47 86 17 35
17 48 56 37 80
17 49 84 59 30
18 19 80 65 67
18 20 84 78 21
18 21 18 80 17
18 22 2 14 52
18 23 17 32 15
18 24 98 86 58
18 25 33 69 57
18 26 86 62 62
18 27 99 73 20
18 28 98 49 98
18 29 53 73 63
18 30 27 72 79
18 31 70 83 20
18 32 0 49 17
18 33 35 53 48
18 34 13 81 31
18 35 94 62 30
18 36 40 68 77
18 37 37 47 50
18 38 84 47 47
18 39 78 41 50
18 40 40 16 30
18 41 9 56 8
18 42 9 66 68
18 43 35 65 50
18 44 53 42 38
18 45 42 19 67
18 46 86 79 34
18 47 99 95 22
18 48 74 75 52
18 49 19 41 47
19 20 14 54 5
19 21 58 71 73
19 22 96 30 93
19 23 30 70 80
19 24 54 63 63
19 25 37 49 84
19 26 11 38 78
19 27 4 67 53
19 28 20 63 44
19 29 33 26 64
19 30 36 62 69
19 31 71 21 73
19 32 73 56 65
19 33 95 48 75
19 34 56 87 21
19 35 92 98 44
19 36 43 81 30
19 37 37 26 58
19 38 99 53 30
19 39 42 73 23
19 40 4 22 28
19 41 20 72 56
19 42 4 37 59
19 43 55 90 34
19 44 27 58 50
19 45 8 46 63
19 46 74 22 26
19 47 11 18 66
19 48 91 67 87
19 49 68 14 28
20 21 39 20 32
20 22 80 46 34
20 23 79 44 90
20 24 1 51 18
20 25 87 40 35
20 26 15 47 24
20 27 72 71 65
20 28 80 59 61
20 29 60 84 34
20 30 69 46 33
20 31 72 52 16
20 32 59 81 69
20 33 20 82 10
20 34 23 47 63
20 35 20 31 76
20 36 77 83 82
20 37 23 23 77
20 38 47 54 26
20 39 56 11 49
20 40 84 75 59
20 41 94 98 53
20 42 80 90 95
20 43 54 24 52
20 44 48 13 18
20 45 48 57 77
20 46 25 26 35
20 47 54 36 88
20 48 49 10 83
20 49 99 83 99
21 22 62 74 21
21 23 31 8 26
21 24 63 20 72
21 25 5 47 48
21 26 11 62 31
21 27 36 54 78
21 28 16 80 38
21 29 70 48 75
21 30 62 39 67
21 31 81 57 92
21 32 19 11 52
21 33 6 54 39
21 34 10 67 37
21 35 74 60 70
21 36 67 27 15
21 37 3 58 72
21 38 33 10 7
21 39 11 44 24
21 40 8 8 17
21 41 95 45 45
21 42 73 88 84
21 43 78 33 74
21 44 36 17 75
21 45 70 90 21
21 46 34 31 24
21 47 98 60 51
21 48 35 8 65
21 49 73 89 46
22 23 35 16 83
22 24 45 60 71
22 25 11 26 77
22 26 96 58 26
22 27 22 79 23
22 28 33 66 56
22 29 69 89 27
22 30 80 37 66
22 31 2 78 69
22 32 82 48 71
22 33 2 68 51
22 34 23 52 26
22 35 44 50 83
22 36 70 23 44
22 37 2 59 65
22 38 19 42 69
22 39 40 20 35
22 40 96 36 56
22 41 1 60 2
22 42 37 51 84
22 43 34 41 52
22 44 75 17 71
22 45 57 18 63
22 46 13 16 26
22 47 72 53 23
22 48 96 79 29
22 49 43 85 57
23 24 6 49 45
23 25 60 39 86
23 26 61 55 42
23 27 48 10 58
23 28 73 87 33
23 29 56 14 41
23 30 14 65 20
23 31 68 59 37
23 32 0 2 5
23 33 20 9 47
23 34 8 19 35
23 35 8 75 3
23 36 9 62 62
23 37 8 21 54
23 38 88 20 71
23 39 79 92 47
23 40 99 64 85
23 41 27 41 71
23 42 6 74 6
23 43 35 55 10
23 44 53 44 73
23 45 49 25 86
23 46 82 31 18
23 47 26 21 32
23 48 23 23 45
23 49 39 19 59
24 25 62 51 28
24 26 60 18 24
24 27 75 58 94
24 28 4 48 40
24 29 52 68 87
24 30 47 35 47
24 31 63 60 76
24 32 78 19 74
24 33 59 31 21
24 34 51 33 64
24 35 42 39 60
24 36 14 12 21
24 37 80 41 24
24 38 96 57 76
24 39 51 82 56
24 40 57 87 41
24 41 24 24 32
24 42 79 82 51
24 43 20 53 30
24 44 2 45 56
24 45 54 15 75
24 46 3 47 4
24 47 42 34 22
24 48 63 62 41
24 49 35 22 50
25 26 97 84 31
25 27 2 29 79
25 28 88 21 92
25 29 81 57 40
25 30 66 49 56
25 31 37 71 82
25 32 67 33 50
25 33 18 71 52
25 34 68 48 69
25 35 0 5 17
25 36 24 31 69
25 37 43 13 77
25 38 75 83 94
25 39 77 67 90
25 40 50 41 20
25 41 59 45 79
25 42 71 38 55
25 43 99 29 80
25 44 49 58 84
25 45 20 56 61
25 46 17 19 70
25 47 35 34 64
25 48 0 44 28
25 49 14 12 53
26 27 29 9 69
26 28 78 77 64
26 29 99 50 85
26 30 90 33 76
26 31 4 68 65
26 32 98 59 68
26 33 27 70 68
26 34 21 33 46
26 35 50 37 35
26 36 94 71 24
26 37 79 59 86
26 38 71 57 44
26 39 28 57 38
26 40 84 50 21
26 41 20 17 29
26 42 2 40 41
26 43 87 31 82
26 44 40 43 64
26 45 33 62 19
26 46 57 19 74
26 47 68 45 71
26 48 57 14 79
26 49 95 93 42
27 28 48 45 30
27 29 50 60 72
27 30 93 58 50
27 31 60 46 21
27 32 59 47 90
27 33 83 39 59
27 34 83 59 86
27 35 55 78 64
27 36 22 77 63
27 37 1 75 66
27 38 63 51 63
27 39 0 10 29
27 40 80 38 64
27 41 18 17 34
27 42 98 20 46
27 43 43 55 9
27 44 83 85 85
27 45 0 27 28
27 46 58 73 34
27 47 74 21 57
27 48 7 47 33
27 49 48 49 81
28 29 99 29 74
28 30 47 39 31
28 31 53 50 66
28 32 42 24 57
28 33 65 28 68
28 34 79 20 94
28 35 68 71 74
28 36 82 66 27
28 37 71 57 81
28 38 47 29 65
28 39 72 24 75
28 40 14 76 5
28 41 78 84 61
28 42 25 41 39
28 43 79 26 93
28 44 42 51 65
28 45 48 56 10
28 46 69 49 37
28 47 4 45 18
28 48 27 70 24
28 49 77 25 56
29 30 67 37 88
29 31 82 77 75
29 32 51 16 58
29 33 26 66 62
29 34 9 60 42
29 35 99 67 60
29 36 21 82 38
29 37 83 41 39
29 38 84 61 37
29 39 32 53 60
29 40 60 53 24
29 41 5 48 8
29 42 20 35 41
29 43 36 66 32
29 44 92 49 70
29 45 72 44 45
29 46 61 59 29
29 47 86 82 93
29 48 43 34 65
29 49 41 31 78
30 31 77 68 20
30 32 62 61 76
30 33 45 52 43
30 34 65 85 74
30 35 73 86 40
30 36 20 58 60
30 37 10 51 25
30 38 10 46 4
30 39 72 37 37
30 40 55 14 81
30 41 45 68 41
30 42 83 84 59
30 43 11 23 71
30 44 88 26 89
30 45 73 77 76
30 46 99 60 56
30 47 78 47 31
30 48 39 45 36
30 49 13 19 65
31 32 32 47 66
31 33 82 47 56
31 34 77 26 67
31 35 81 83 22
31 36 27 7 65
31 37 23 16 41
31 38 27 68 35
31 39 6 45 62
31 40 10 79 7
31 41 25 62 18
31 42 28 43 66
31 43 56 11 63
31 44 6 58 6
31 45 69 93 93
31 46 53 48 21
31 47 92 73 32
31 48 3 74 76
31 49 37 33 9
32 33 64 72 49
32 34 36 16 70
32 35 77 36 40
32 36 21 40 50
32 37 73 22 83
32 38 69 38 40
32 39 33 77 77
32 40 84 34 79
32 41 14 24 52
32 42 81 55 39
32 43 16 45 52
32 44 76 48 26
32 45 50 66 63
32 46 18 64 73
32 47 8 47 20
32 48 37 62 58
32 49 78 19 76
33 34 12 34 12
33 35 90 47 54
33 36 58 43 61
33 37 94 64 88
33 38 67 57 19
33 39 36 30 73
33 40 94 69 30
33 41 1 61 54
33 42 60 86 13
33 43 11 35 8
33 44 90 46 96
33 45 14 11 17
33 46 44 47 74
33 47 73 81 14
33 48 2 74 13
33 49 81 73 46
34 35 25 52 9
34 36 15 32 33
34 37 89 87 61
34 38 35 14 83
34 39 81 87 93
34 40 44 85 29
34 41 18 57 17
34 42 24 31 63
34 43 57 85 38
34 44 94 98 86
34 45 90 28 68
34 46 67 83 14
34 47 21 40 38
34 48 75 81 67
34 49 11 70 80
35 36 3 15 67
35 37 30 36 70
35 38 49 79 37
35 39 71 50 52
35 40 23 10 18
35 41 18 30 82
35 42 29 81 7
35 43 55 86 40
35 44 49 88 71
35 45 28 45 75
35 46 4 53 60
35 47 98 39 20
35 48 49 86 70
35 49 87 28 86
36 37 99 60 40
36 38 55 67 76
36 39 16 33 63
36 40 73 78 86
36 41 58 67 46
36 42 90 59 52
36 43 76 70 79
36 44 85 23 93
36 45 47 70 12
36 46 2 56 68
36 47 20 61 16
36 48 56 48 45
36 49 20 75 38
37 38 38 28 76
37 39 38 54 65
37 40 9 6 63
37 41 58 81 39
37 42 44 16 41
37 43 96 81 71
37 44 69 23 38
37 45 46 45 67
37 46 52 35 41
37 47 92 95 59
37 48 23 19 69
37 49 80 70 25
38 39 65 88 62
38 40 26 77 65
38 41 26 53 57
38 42 43 60 39
38 43 31 32 20
38 44 96 33 63
38 45 40 54 63
38 46 40 37 11
38 47 75 23 50
38 48 9 14 72
38 49 91 44 32
39 40 99 75 38
39 41 48 28 63
39 42 89 94 47
39 43 82 27 21
39 44 84 67 60
39 45 3 8 12
39 46 43 11 47
39 47 47 45 87
39 48 44 88 46
39 49 25 6 12
40 41 82 77 70
40 42 63 20 73
40 43 49 86 22
40 44 95 20 23
40 45 92 90 23
40 46 85 54 50
40 47 87 96 28
40 48 33 81 65
40 49 39 61 50
41 42 3 79 53
41 43 86 90 91
41 44 70 55 41
41 45 18 5 42
41 46 68 56 28
41 47 55 41 61
41 48 30 25 8
41 49 84 22 24
42 43 72 67 48
42 44 64 22 48
42 45 80 32 89
42 46 22 12 31
42 47 4 30 38
42 48 19 36 47
42 49 98 78 81
43 44 61 72 30
43 45 59 18 54
43 46 68 33 89
43 47 82 83 53
43 48 70 74 68
43 49 59 57 59
44 45 70 48 50
44 46 69 64 14
44 47 34 30 75
44 48 29 37 75
44 49 30 47 23
45 46 38 29 28
45 47 63 46 70
45 48 24 35 45
45 49 23 35 72
46 47 94 73 95
46 48 10 18 53
46 49 15 70 41
47 48 15 54 3
47 49 72 73 51
48 49 47 86 83
