50
0 1 77 79 68
0 2 50 47 55
0 3 42 40 45
0 4 71 61 61
0 5 54 60 49
0 6 27 23 33
0 7 91 92 87
0 8 56 59 58
0 9 8 13 7
0 10 45 46 47
0 11 93 91 94
0 12 9 22 19
0 13 14 24 13
0 14 87 81 86
0 15 45 45 39
0 16 97 82 87
0 17 19 26 31
0 18 21 24 32
0 19 65 56 60
0 20 68 58 62
0 21 65 56 69
0 22 79 68 80
0 23 23 33 32
0 24 70 72 61
0 25 56 56 61
0 26 36 31 31
0 27 40 42 47
0 28 87 78 74
0 29 24 35 25
0 30 58 56 61
0 31 89 83 81
0 32 82 81 82
0 33 37 34 43
0 34 42 38 43
0 35 55 54 55
0 36 44 38 43
0 37 48 41 45
0 38 25 24 29
0 39 30 35 29
0 40 74 63 68
0 41 94 90 90
0 42 62 63 67
0 43 53 50 57
0 44 77 80 77
0 45 5 7 17
0 46 14 18 22
0 47 41 40 50
0 48 72 71 69
0 49 26 29 31
1 2 60 65 52
1 3 38 44 46
1 4 34 30 38
1 5 36 39 33
1 6 2 7 5
1 7 27 29 28
1 8 26 35 26
1 9 61 59 63
1 10 95 93 89
1 11 76 65 72
1 12 70 71 65
1 13 1 15 12
1 14 12 14 14
1 15 93 85 81
1 16 64 64 68
1 17 36 37 31
1 18 11 11 10
1 19 3 12 4
1 20 75 70 78
1 21 78 76 72
1 22 4 12 5
1 23 96 95 89
1 24 76 72 66
1 25 3 7 6
1 26 15 17 19
1 27 36 35 38
1 28 52 47 53
1 29 43 50 39
1 30 85 73 84
1 31 63 60 60
1 32 69 65 62
1 33 39 36 39
1 34 70 67 74
1 35 10 20 16
1 36 20 24 29
1 37 70 63 62
1 38 81 69 82
1 39 44 42 46
1 40 61 63 59
1 41 38 33 45
1 42 87 85 80
1 43 13 11 14
1 44 60 57 54
1 45 2 16 10
1 46 9 22 20
1 47 98 93 97
1 48 2 2 4
1 49 15 17 23
2 3 95 95 90
2 4 48 47 44
2 5 17 17 21
2 6 23 27 33
2 7 85 84 79
2 8 25 23 28
2 9 4 6 17
2 10 81 83 83
2 11 54 57 52
2 12 48 50 56
2 13 4 16 12
2 14 70 65 63
2 15 16 21 24
2 16 79 68 70
2 17 76 67 75
2 18 83 84 79
2 19 81 80 82
2 20 65 59 67
2 21 4 4 5
2 22 37 42 43
2 23 2 16 11
2 24 38 46 36
2 25 98 86 87
2 26 32 39 41
2 27 11 10 16
2 28 72 62 64
2 29 55 49 47
2 30 87 78 82
2 31 2 10 8
2 32 60 56 65
2 33 24 22 31
2 34 81 82 75
2 35 51 53 57
2 36 20 19 30
2 37 76 68 74
2 38 68 63 60
2 39 17 22 19
2 40 40 39 38
2 41 39 47 34
2 42 56 54 50
2 43 86 79 87
2 44 57 59 56
2 45 9 13 15
2 46 71 62 73
2 47 30 29 34
2 48 46 54 40
2 49 54 47 59
3 4 72 75 67
3 5 87 79 79
3 6 35 43 30
3 7 58 54 61
3 8 45 44 45
3 9 5 8 18
3 10 22 25 32
3 11 39 48 41
3 12 27 38 29
3 13 88 88 89
3 14 23 24 28
3 15 42 44 46
3 16 92 85 84
3 17 75 72 73
3 18 15 22 21
3 19 47 54 49
3 20 58 50 50
3 21 6 11 15
3 22 67 67 66
3 23 48 53 49
3 24 84 80 73
3 25 24 21 22
3 26 10 15 20
3 27 94 94 85
3 28 11 20 12
3 29 64 61 66
3 30 21 24 27
3 31 2 3 14
3 32 56 53 55
3 33 79 76 68
3 34 46 52 44
3 35 40 43 48
3 36 67 64 64
3 37 27 35 36
3 38 26 24 27
3 39 79 74 82
3 40 89 77 81
3 41 5 18 7
3 42 72 70 74
3 43 28 36 32
3 44 43 50 49
3 45 16 21 28
3 46 0 10 13
3 47 61 53 59
3 48 44 45 52
3 49 77 66 80
4 5 8 15 15
4 6 76 72 71
4 7 97 92 85
4 8 4 14 14
4 9 53 48 53
4 10 53 52 58
4 11 94 82 84
4 12 70 63 71
4 13 70 64 67
4 14 93 80 94
4 15 31 36 31
4 16 40 47 34
4 17 53 48 49
4 18 98 90 96
4 19 75 69 73
4 20 39 39 44
4 21 17 24 26
4 22 79 82 72
4 23 93 81 88
4 24 16 20 14
4 25 79 75 76
4 26 30 35 26
4 27 69 62 68
4 28 6 11 9
4 29 45 42 43
4 30 78 80 68
4 31 82 71 84
4 32 8 11 20
4 33 31 31 33
4 34 65 55 69
4 35 32 28 38
4 36 37 45 34
4 37 53 54 53
4 38 17 20 16
4 39 6 6 19
4 40 97 85 83
4 41 61 58 60
4 42 55 59 53
4 43 25 30 30
4 44 30 27 30
4 45 57 58 57
4 46 5 9 9
4 47 30 28 26
4 48 62 54 63
4 49 96 88 88
5 6 48 54 49
5 7 17 28 20
5 8 1 13 6
5 9 0 11 8
5 10 45 46 42
5 11 44 45 48
5 12 17 15 25
5 13 12 17 23
5 14 42 42 46
5 15 37 39 44
5 16 15 27 15
5 17 34 30 33
5 18 30 36 28
5 19 90 78 81
5 20 40 39 46
5 21 65 68 70
5 22 36 36 37
5 23 90 78 77
5 24 20 21 27
5 25 14 14 25
5 26 12 16 24
5 27 83 84 84
5 28 66 69 63
5 29 74 66 66
5 30 62 65 56
5 31 1 7 10
5 32 90 88 81
5 33 45 49 42
5 34 24 25 22
5 35 52 46 50
5 36 30 25 40
5 37 52 49 46
5 38 54 49 59
5 39 2 15 16
5 40 20 30 20
5 41 60 56 56
5 42 46 47 42
5 43 11 12 12
5 44 32 33 35
5 45 99 97 96
5 46 49 51 45
5 47 86 75 79
5 48 98 85 91
5 49 32 34 39
6 7 68 61 64
6 8 70 65 62
6 9 75 75 72
6 10 6 20 5
6 11 9 19 9
6 12 58 57 56
6 13 71 70 70
6 14 46 45 49
6 15 82 79 81
6 16 35 35 38
6 17 30 26 31
6 18 72 72 68
6 19 46 49 53
6 20 54 46 60
6 21 25 26 36
6 22 79 78 74
6 23 54 57 51
6 24 81 82 69
6 25 75 68 68
6 26 28 27 29
6 27 48 42 55
6 28 80 70 70
6 29 96 87 87
6 30 46 44 50
6 31 25 26 28
6 32 69 71 65
6 33 93 91 82
6 34 48 46 54
6 35 99 88 86
6 36 66 62 57
6 37 68 60 58
6 38 75 78 64
6 39 5 6 11
6 40 36 32 41
6 41 51 46 45
6 42 37 36 44
6 43 21 19 26
6 44 79 69 75
6 45 74 73 73
6 46 47 44 44
6 47 86 80 75
6 48 82 80 74
6 49 8 10 11
7 8 65 63 59
7 9 20 23 20
7 10 60 55 61
7 11 97 97 87
7 12 70 65 66
7 13 66 67 62
7 14 93 79 88
7 15 38 43 33
7 16 13 12 21
7 17 15 18 25
7 18 72 73 62
7 19 60 60 52
7 20 35 32 36
7 21 99 95 94
7 22 22 23 28
7 23 80 82 72
7 24 54 52 60
7 25 18 18 17
7 26 42 37 43
7 27 97 85 95
7 28 95 86 82
7 29 43 52 42
7 30 39 41 33
7 31 98 86 90
7 32 40 35 41
7 33 88 84 87
7 34 85 78 87
7 35 90 83 78
7 36 53 47 59
7 37 59 52 59
7 38 85 81 74
7 39 25 28 27
7 40 70 62 64
7 41 64 55 67
7 42 69 59 67
7 43 90 89 85
7 44 89 78 82
7 45 61 53 53
7 46 1 10 11
7 47 57 57 54
7 48 84 83 82
7 49 63 58 64
8 9 62 54 63
8 10 1 4 3
8 11 38 41 44
8 12 45 52 41
8 13 13 13 17
8 14 29 32 27
8 15 35 30 43
8 16 23 21 27
8 17 46 53 41
8 18 44 39 40
8 19 48 48 46
8 20 31 30 37
8 21 30 38 39
8 22 50 50 52
8 23 4 15 13
8 24 25 32 23
8 25 99 90 98
8 26 50 53 55
8 27 73 73 75
8 28 22 27 28
8 29 45 38 47
8 30 29 28 35
8 31 35 30 43
8 32 85 79 78
8 33 78 79 70
8 34 29 29 27
8 35 67 57 71
8 36 17 21 27
8 37 43 46 49
8 38 98 97 87
8 39 11 13 17
8 40 1 5 12
8 41 7 10 7
8 42 24 33 35
8 43 31 34 32
8 44 87 78 76
8 45 96 85 93
8 46 52 57 59
8 47 14 20 20
8 48 85 78 81
8 49 21 19 28
9 10 0 7 15
9 11 66 57 57
9 12 45 49 50
9 13 38 44 33
9 14 70 63 74
9 15 67 70 68
9 16 23 21 19
9 17 64 59 62
9 18 23 21 27
9 19 42 46 40
9 20 11 10 11
9 21 73 76 76
9 22 39 44 48
9 23 35 30 36
9 24 99 90 96
9 25 18 27 25
9 26 11 16 15
9 27 86 75 79
9 28 54 47 52
9 29 90 77 84
9 30 17 29 26
9 31 52 45 59
9 32 9 19 13
9 33 90 90 90
9 34 7 13 13
9 35 26 26 24
9 36 38 36 45
9 37 11 18 24
9 38 21 27 27
9 39 44 43 47
9 40 10 13 13
9 41 47 50 52
9 42 1 8 4
9 43 74 73 66
9 44 38 43 47
9 45 73 75 73
9 46 99 85 90
9 47 18 27 17
9 48 19 31 23
9 49 51 56 58
10 11 24 29 21
10 12 9 22 11
10 13 35 42 36
10 14 85 80 85
10 15 78 71 67
10 16 36 44 37
10 17 74 66 69
10 18 39 36 35
10 19 16 25 27
10 20 71 69 67
10 21 0 2 10
10 22 58 52 62
10 23 74 71 63
10 24 16 28 14
10 25 65 57 57
10 26 54 57 49
10 27 50 48 49
10 28 53 46 54
10 29 51 54 51
10 30 32 40 39
10 31 65 59 63
10 32 27 37 35
10 33 63 58 64
10 34 44 43 49
10 35 43 42 47
10 36 39 40 38
10 37 60 60 59
10 38 30 26 33
10 39 60 56 64
10 40 67 65 69
10 41 63 58 62
10 42 68 67 62
10 43 58 56 53
10 44 21 19 22
10 45 89 86 89
10 46 7 12 19
10 47 84 80 85
10 48 20 23 29
10 49 56 62 49
11 12 43 37 45
11 13 39 34 39
11 14 68 66 65
11 15 88 76 75
11 16 65 69 67
11 17 51 46 50
11 18 48 48 47
11 19 11 20 13
11 20 70 70 71
11 21 36 41 44
11 22 28 25 26
11 23 49 49 48
11 24 11 16 16
11 25 32 27 36
11 26 55 62 56
11 27 56 55 51
11 28 73 72 72
11 29 6 12 10
11 30 17 15 19
11 31 95 92 86
11 32 84 84 82
11 33 98 85 93
11 34 22 22 23
11 35 79 71 80
11 36 71 60 65
11 37 32 28 31
11 38 17 29 26
11 39 33 42 42
11 40 23 22 20
11 41 96 85 91
11 42 30 31 38
11 43 53 50 56
11 44 67 66 68
11 45 83 75 85
11 46 22 28 32
11 47 9 17 17
11 48 49 52 51
11 49 7 7 19
12 13 35 35 33
12 14 75 67 73
12 15 49 51 48
12 16 98 83 87
12 17 20 21 27
12 18 61 53 52
12 19 43 51 47
12 20 51 58 47
12 21 14 12 17
12 22 8 15 10
12 23 52 50 45
12 24 69 70 73
12 25 41 48 38
12 26 21 25 18
12 27 60 56 54
12 28 68 66 60
12 29 62 53 62
12 30 74 65 70
12 31 68 72 58
12 32 44 51 50
12 33 75 71 66
12 34 68 63 70
12 35 87 88 79
12 36 9 22 21
12 37 82 74 70
12 38 34 41 32
12 39 42 48 44
12 40 30 33 27
12 41 63 59 59
12 42 44 50 42
12 43 44 52 39
12 44 91 92 82
12 45 53 50 49
12 46 44 41 45
12 47 41 46 38
12 48 61 57 62
12 49 72 71 73
13 14 21 31 26
13 15 10 15 9
13 16 57 52 58
13 17 47 50 46
13 18 1 7 2
13 19 58 53 52
13 20 18 25 20
13 21 43 43 47
13 22 91 87 83
13 23 63 55 55
13 24 99 89 94
13 25 9 13 22
13 26 1 7 14
13 27 44 38 43
13 28 33 32 41
13 29 70 71 64
13 30 26 32 23
13 31 67 69 62
13 32 43 43 42
13 33 4 11 14
13 34 31 28 27
13 35 53 51 45
13 36 49 46 43
13 37 24 24 24
13 38 76 77 78
13 39 87 87 74
13 40 17 21 15
13 41 10 19 20
13 42 37 46 34
13 43 76 70 65
13 44 72 67 76
13 45 98 83 90
13 46 94 89 81
13 47 24 31 24
13 48 2 12 16
13 49 98 91 98
14 15 93 80 85
14 16 87 84 75
14 17 41 48 35
14 18 68 63 60
14 19 75 67 72
14 20 52 57 53
14 21 70 66 62
14 22 33 30 33
14 23 58 56 63
14 24 12 12 19
14 25 35 39 36
14 26 37 41 38
14 27 53 56 49
14 28 8 21 9
14 29 30 27 38
14 30 62 54 53
14 31 97 90 84
14 32 22 24 32
14 33 24 32 33
14 34 12 23 13
14 35 47 47 41
14 36 78 70 76
14 37 37 39 45
14 38 75 75 70
14 39 25 28 22
14 40 90 90 85
14 41 37 35 35
14 42 32 32 40
14 43 65 65 59
14 44 16 22 17
14 45 29 37 26
14 46 59 51 57
14 47 92 87 85
14 48 60 56 62
14 49 4 6 8
15 16 16 15 20
15 17 19 23 24
15 18 83 82 73
15 19 50 54 43
15 20 59 63 56
15 21 19 30 22
15 22 16 27 23
15 23 98 98 98
15 24 3 13 6
15 25 17 21 27
15 26 11 10 18
15 27 21 25 32
15 28 33 41 36
15 29 13 21 20
15 30 23 26 22
15 31 58 61 53
15 32 29 38 37
15 33 85 74 84
15 34 52 46 49
15 35 93 83 91
15 36 70 72 67
15 37 25 23 29
15 38 32 28 32
15 39 51 44 57
15 40 48 48 48
15 41 41 38 45
15 42 10 22 13
15 43 92 80 79
15 44 77 73 74
15 45 49 48 52
15 46 86 80 82
15 47 12 21 16
15 48 79 68 79
15 49 28 28 29
16 17 43 48 41
16 18 64 66 58
16 19 93 84 83
16 20 48 54 42
16 21 2 5 7
16 22 10 23 18
16 23 26 29 25
16 24 45 50 46
16 25 97 95 97
16 26 13 18 14
16 27 88 80 89
16 28 64 61 63
16 29 30 35 37
16 30 88 76 76
16 31 0 14 2
16 32 75 75 66
16 33 13 14 20
16 34 52 57 56
16 35 95 85 86
16 36 97 83 86
16 37 81 76 72
16 38 74 74 72
16 39 11 24 23
16 40 13 11 25
16 41 55 60 54
16 42 99 90 98
16 43 83 72 81
16 44 36 32 44
16 45 1 7 4
16 46 6 19 5
16 47 82 71 73
16 48 88 86 87
16 49 38 42 33
17 18 83 75 76
17 19 28 33 36
17 20 78 68 78
17 21 70 68 66
17 22 64 67 65
17 23 33 32 31
17 24 28 33 30
17 25 49 42 53
17 26 50 49 49
17 27 67 60 61
17 28 81 83 72
17 29 36 37 43
17 30 79 76 80
17 31 45 39 45
17 32 37 43 39
17 33 68 65 72
17 34 44 48 39
17 35 93 91 90
17 36 29 36 38
17 37 43 46 42
17 38 46 48 48
17 39 22 24 26
17 40 22 28 19
17 41 98 95 95
17 42 8 18 18
17 43 22 29 29
17 44 74 70 70
17 45 17 16 19
17 46 80 76 74
17 47 96 83 94
17 48 37 43 42
17 49 2 13 5
18 19 87 77 82
18 20 60 57 63
18 21 56 57 53
18 22 52 50 53
18 23 91 79 88
18 24 13 15 26
18 25 2 8 12
18 26 26 33 34
18 27 6 7 8
18 28 92 87 87
18 29 28 38 27
18 30 37 40 33
18 31 5 14 8
18 32 72 64 61
18 33 20 25 29
18 34 63 58 61
18 35 63 60 59
18 36 65 66 69
18 37 17 17 22
18 38 9 11 19
18 39 48 42 54
18 40 34 42 44
18 41 71 68 61
18 42 16 15 20
18 43 61 60 58
18 44 3 13 10
18 45 83 77 74
18 46 93 92 81
18 47 59 59 57
18 48 10 11 14
18 49 83 85 84
19 20 17 23 25
19 21 29 28 39
19 22 95 95 81
19 23 60 56 65
19 24 47 52 53
19 25 91 82 91
19 26 25 33 24
19 27 6 13 13
19 28 1 6 8
19 29 32 33 37
19 30 12 19 20
19 31 95 89 92
19 32 91 90 85
19 33 31 28 35
19 34 87 86 84
19 35 68 59 64
19 36 4 9 5
19 37 53 56 49
19 38 8 15 13
19 39 17 16 25
19 40 92 80 86
19 41 7 8 15
19 42 91 83 84
19 43 16 20 25
19 44 70 67 70
19 45 18 19 16
19 46 97 96 93
19 47 89 78 78
19 48 84 83 73
19 49 69 70 66
20 21 98 96 94
20 22 27 27 29
20 23 34 37 32
20 24 50 47 55
20 25 13 19 19
20 26 87 85 84
20 27 46 40 44
20 28 36 43 35
20 29 79 76 73
20 30 74 72 74
20 31 89 80 84
20 32 66 60 62
20 33 84 84 85
20 34 11 20 24
20 35 69 66 63
20 36 28 25 25
20 37 32 34 38
20 38 12 21 23
20 39 70 65 69
20 40 9 19 17
20 41 33 41 43
20 42 21 21 27
20 43 35 42 36
20 44 16 26 20
20 45 35 32 32
20 46 89 82 85
20 47 46 44 46
20 48 30 38 29
20 49 87 87 76
21 22 0 6 10
21 23 41 46 47
21 24 20 27 26
21 25 56 62 54
21 26 91 80 85
21 27 9 12 7
21 28 98 96 95
21 29 98 96 96
21 30 37 34 40
21 31 91 92 86
21 32 9 12 17
21 33 42 38 38
21 34 76 67 65
21 35 25 24 21
21 36 26 35 29
21 37 80 79 71
21 38 62 57 65
21 39 71 71 69
21 40 5 5 6
21 41 82 76 70
21 42 14 18 24
21 43 29 35 29
21 44 7 15 11
21 45 86 75 86
21 46 94 80 80
21 47 63 55 62
21 48 75 66 77
21 49 29 28 24
22 23 87 79 83
22 24 69 62 68
22 25 12 13 19
22 26 47 54 51
22 27 92 82 85
22 28 24 31 33
22 29 32 31 40
22 30 65 69 69
22 31 5 13 10
22 32 46 53 49
22 33 43 40 51
22 34 61 53 66
22 35 44 42 52
22 36 15 23 16
22 37 10 22 12
22 38 9 10 14
22 39 8 17 11
22 40 28 35 33
22 41 34 39 33
22 42 40 48 35
22 43 49 56 48
22 44 45 53 43
22 45 6 5 18
22 46 29 33 26
22 47 25 26 36
22 48 79 69 68
22 49 66 68 59
23 24 76 65 73
23 25 37 41 40
23 26 12 25 21
23 27 81 80 77
23 28 44 47 50
23 29 14 26 23
23 30 39 44 39
23 31 52 51 51
23 32 21 30 25
23 33 0 12 9
23 34 76 74 74
23 35 91 83 85
23 36 58 53 61
23 37 80 74 73
23 38 21 23 24
23 39 44 44 48
23 40 40 45 35
23 41 64 63 59
23 42 12 22 21
23 43 5 19 14
23 44 27 33 33
23 45 53 51 53
23 46 52 58 46
23 47 76 75 75
23 48 63 66 56
23 49 13 20 22
24 25 47 40 41
24 26 28 24 32
24 27 2 7 2
24 28 96 92 93
24 29 78 69 74
24 30 26 28 24
24 31 77 72 67
24 32 97 90 93
24 33 12 20 24
24 34 25 25 25
24 35 7 17 14
24 36 50 55 53
24 37 39 38 43
24 38 2 7 6
24 39 78 71 78
24 40 14 14 19
24 41 36 42 41
24 42 59 55 58
24 43 68 60 64
24 44 94 92 87
24 45 89 85 85
24 46 81 81 76
24 47 81 70 70
24 48 15 21 18
24 49 19 17 25
25 26 3 11 10
25 27 22 25 31
25 28 37 32 32
25 29 0 14 5
25 30 74 72 67
25 31 55 50 47
25 32 67 60 64
25 33 74 66 75
25 34 20 31 22
25 35 85 78 87
25 36 47 41 44
25 37 25 25 23
25 38 33 33 33
25 39 37 36 34
25 40 91 78 87
25 41 20 20 28
25 42 47 47 43
25 43 42 36 46
25 44 71 61 66
25 45 17 29 24
25 46 58 60 59
25 47 75 64 72
25 48 38 47 39
25 49 55 49 60
26 27 11 23 15
26 28 11 22 12
26 29 90 85 83
26 30 36 44 35
26 31 86 82 80
26 32 23 34 33
26 33 63 61 61
26 34 26 28 24
26 35 90 87 84
26 36 53 54 48
26 37 56 57 62
26 38 39 38 34
26 39 20 17 28
26 40 99 90 89
26 41 91 86 86
26 42 22 30 27
26 43 15 17 15
26 44 39 45 42
26 45 48 47 47
26 46 65 57 67
26 47 6 7 13
26 48 85 87 86
26 49 10 10 24
27 28 48 41 53
27 29 5 16 4
27 30 77 76 78
27 31 2 13 4
27 32 49 51 42
27 33 99 87 91
27 34 48 55 46
27 35 54 46 49
27 36 91 89 88
27 37 17 29 23
27 38 68 60 61
27 39 70 66 62
27 40 6 20 13
27 41 27 27 35
27 42 6 9 16
27 43 93 93 89
27 44 90 81 81
27 45 97 92 94
27 46 87 83 81
27 47 24 24 26
27 48 23 24 29
27 49 83 78 73
28 29 38 39 39
28 30 56 51 61
28 31 2 16 12
28 32 0 3 8
28 33 78 81 78
28 34 26 32 34
28 35 92 87 82
28 36 33 38 32
28 37 19 25 25
28 38 58 61 51
28 39 75 75 72
28 40 15 21 22
28 41 70 60 63
28 42 51 52 52
28 43 59 65 56
28 44 99 95 95
28 45 6 10 13
28 46 37 31 37
28 47 27 35 31
28 48 16 23 16
28 49 30 38 38
29 30 93 79 81
29 31 36 39 31
29 32 14 14 15
29 33 97 85 95
29 34 68 68 64
29 35 8 15 18
29 36 67 70 65
29 37 45 43 41
29 38 33 30 42
29 39 22 24 21
29 40 93 90 90
29 41 60 53 60
29 42 18 23 16
29 43 5 19 18
29 44 61 64 53
29 45 44 52 49
29 46 51 51 51
29 47 49 53 48
29 48 75 67 69
29 49 50 45 48
30 31 47 47 51
30 32 83 71 77
30 33 41 49 44
30 34 91 78 83
30 35 2 5 16
30 36 84 73 75
30 37 3 15 18
30 38 98 95 95
30 39 75 77 65
30 40 98 96 98
30 41 87 82 84
30 42 3 13 16
30 43 98 85 84
30 44 64 56 66
30 45 39 47 44
30 46 70 66 60
30 47 5 6 6
30 48 12 17 10
30 49 76 66 71
31 32 74 76 69
31 33 19 25 23
31 34 69 68 64
31 35 22 30 26
31 36 24 30 23
31 37 20 26 21
31 38 34 33 39
31 39 73 68 67
31 40 41 41 45
31 41 32 36 28
31 42 23 20 30
31 43 63 64 56
31 44 85 76 81
31 45 82 74 85
31 46 77 69 75
31 47 91 84 85
31 48 3 9 4
31 49 48 45 52
32 33 14 14 19
32 34 94 86 83
32 35 20 24 24
32 36 32 33 41
32 37 31 32 30
32 38 1 10 15
32 39 64 58 64
32 40 66 69 69
32 41 26 36 36
32 42 94 83 88
32 43 35 32 44
32 44 17 15 21
32 45 70 72 64
32 46 92 81 92
32 47 31 27 32
32 48 74 78 73
32 49 10 23 15
33 34 84 73 81
33 35 81 78 81
33 36 55 59 54
33 37 41 35 37
33 38 19 30 21
33 39 16 14 22
33 40 15 28 25
33 41 25 29 30
33 42 75 76 69
33 43 68 71 65
33 44 37 38 32
33 45 46 49 50
33 46 25 27 33
33 47 91 83 77
33 48 48 48 47
33 49 23 34 24
34 35 92 84 89
34 36 22 19 33
34 37 28 36 39
34 38 8 17 18
34 39 42 45 36
34 40 25 23 34
34 41 18 30 22
34 42 45 41 46
34 43 57 50 54
34 44 77 78 68
34 45 15 18 21
34 46 32 28 40
34 47 41 47 47
34 48 81 79 75
34 49 46 52 47
35 36 96 86 87
35 37 91 78 83
35 38 0 13 2
35 39 45 38 50
35 40 62 58 64
35 41 49 46 54
35 42 55 60 61
35 43 4 6 12
35 44 85 85 74
35 45 40 34 40
35 46 51 49 44
35 47 66 60 59
35 48 11 23 21
35 49 71 65 75
36 37 46 53 53
36 38 63 68 54
36 39 18 16 30
36 40 86 83 79
36 41 96 83 87
36 42 34 38 29
36 43 11 18 14
36 44 9 8 17
36 45 89 85 88
36 46 30 27 26
36 47 92 87 82
36 48 55 47 48
36 49 86 73 74
37 38 30 36 31
37 39 70 64 60
37 40 9 10 22
37 41 53 48 49
37 42 99 87 90
37 43 33 35 42
37 44 87 81 88
37 45 23 34 27
37 46 94 90 83
37 47 40 44 48
37 48 84 76 85
37 49 42 48 43
38 39 53 57 48
38 40 44 50 41
38 41 83 80 71
38 42 81 76 71
38 43 95 93 91
38 44 55 55 55
38 45 17 25 24
38 46 9 14 10
38 47 59 58 50
38 48 96 84 95
38 49 26 24 28
39 40 23 20 32
39 41 97 86 92
39 42 83 82 80
39 43 20 25 22
39 44 94 87 89
39 45 80 76 81
39 46 33 37 38
39 47 91 91 89
39 48 14 20 18
39 49 40 47 40
40 41 14 22 27
40 42 53 47 57
40 43 46 49 45
40 44 66 67 56
40 45 97 92 88
40 46 45 44 52
40 47 36 36 34
40 48 12 21 11
40 49 5 5 19
41 42 16 17 16
41 43 55 56 50
41 44 55 55 51
41 45 88 76 76
41 46 38 39 39
41 47 99 89 89
41 48 36 34 43
41 49 19 22 26
42 43 78 70 68
42 44 99 85 85
42 45 75 71 70
42 46 10 16 21
42 47 43 37 49
42 48 52 53 56
42 49 52 56 54
43 44 39 40 34
43 45 81 76 83
43 46 19 18 27
43 47 48 50 53
43 48 5 5 7
43 49 46 48 53
44 45 41 36 49
44 46 78 67 74
44 47 74 70 72
44 48 47 40 45
44 49 59 56 56
45 46 75 65 79
45 47 81 80 82
45 48 27 37 33
45 49 6 16 15
46 47 77 75 76
46 48 55 55 60
46 49 25 24 26
47 48 63 65 55
47 49 33 37 39
48 49 62 63 64
