				Arvore 1
				0 1 13 13
				0 2 0 87
				0 6 14 17
				2 4 13 14
				2 7 16 14
				3 5 15 14
				3 7 16 13
				3 8 15 19
				6 9 13 19
				(115, 210)

					Arvore 2
					0 1 13 13
					0 6 14 17
					2 4 13 14
					2 6 15 14
					2 7 16 14
					3 5 15 14
					3 7 16 13
					3 8 15 19
					6 9 13 19
					(130, 137)

						Arvore 3
						0 1 13 13
						0 6 14 17
						2 4 13 14
						2 6 15 14
						2 7 16 14
						3 5 15 14
						3 7 16 13
						4 8 16 16
						6 9 13 19
						(131, 134)

						Arvore 4
						0 1 13 13
						0 6 14 17
						2 4 13 14
						2 6 15 14
						2 7 16 14
						3 5 15 14
						3 7 16 13
						6 8 17 14
						6 9 13 19
						(132, 132)

								Arvore 5
								0 1 13 13
								0 6 14 17
								2 4 13 14
								2 6 15 14
								2 7 16 14
								3 5 15 14
								3 7 16 13
								3 9 16 14
								6 8 17 14
								(135, 127)

							Arvore 6
							0 1 13 13
							1 8 19 13
							2 4 13 14
							2 6 15 14
							2 7 16 14
							3 5 15 14
							3 7 16 13
							3 9 16 14
							6 8 17 14
							(140, 123)

							Arvore 7
							0 1 13 13
							1 2 87 0
							1 8 19 13
							2 4 13 14
							2 6 15 14
							2 7 16 14
							3 5 15 14
							3 7 16 13
							3 9 16 14
							(210, 109)

Nao Suportada
							Arvore 8
							0 1 13 13
							1 2 87 0
							2 4 13 14
							2 6 15 14
							2 7 16 14
							3 5 15 14
							3 7 16 13
							3 8 15 19
							6 9 13 19
							(203, 120)

							Arvore 9
							0 1 13 13
							1 2 87 0
							2 4 13 14
							2 6 15 14
							2 7 16 14
							3 5 15 14
							3 7 16 13
							4 8 16 16
							6 9 13 19
							(204, 117)

								Arvore 10
								0 1 13 13
								1 2 87 0
								2 4 13 14
								2 6 15 14
								2 7 16 14
								3 5 15 14
								3 7 16 13
								6 8 17 14
								6 9 13 19
								(205, 115)

								Arvore 11
								0 1 13 13
								1 2 87 0
								2 4 13 14
								2 6 15 14
								3 5 15 14
								3 7 16 13
								3 8 15 19
								3 9 16 14
								6 9 13 19
								(203, 120)

								Arvore 12
								0 1 13 13
								1 2 87 0
								2 4 13 14
								2 6 15 14
								3 5 15 14
								3 7 16 13
								3 9 16 14
								4 8 16 16
								6 9 13 19
								(204, 117)

								Arvore 13
								0 1 13 13
								1 2 87 0
								2 4 13 14
								2 6 15 14
								3 5 15 14
								3 7 16 13
								3 9 16 14
								6 8 17 14
								6 9 13 19
								(205, 115)

							Arvore 14
							0 1 13 13
							1 2 87 0
							2 4 13 14
							2 6 15 14
							2 7 16 14
							3 5 15 14
							3 7 16 13
							3 9 16 14
							4 8 16 16
							(207, 112)

							Arvore 15
							0 1 13 13
							1 2 87 0
							2 4 13 14
							2 6 15 14
							2 7 16 14
							3 5 15 14
							3 7 16 13
							3 9 16 14
							6 8 17 14
							(208, 110)

								Arvore 16
								0 1 13 13
								1 8 19 13
								2 4 13 14
								2 6 15 14
								2 7 16 14
								3 5 15 14
								3 7 16 13
								3 9 16 14
								4 8 16 16
								(139, 125)

							Arvore 17
							0 1 13 13
							0 2 0 87
							2 4 13 14
							2 6 15 14
							2 7 16 14
							3 5 15 14
							3 7 16 13
							3 8 15 19
							6 9 13 19
							(116, 207)

							Arvore 18
							0 1 13 13
							0 2 0 87
							2 4 13 14
							2 6 15 14
							2 7 16 14
							3 5 15 14
							3 7 16 13
							4 8 16 16
							6 9 13 19
							(117, 204)

							Arvore 19
							0 1 13 13
							0 2 0 87
							2 4 13 14
							2 6 15 14
							2 7 16 14
							3 5 15 14
							3 7 16 13
							6 8 17 14
							6 9 13 19
							(118, 202)

							Arvore 20
							0 1 13 13
							0 2 0 87
							2 4 13 14
							2 6 15 14
							3 5 15 14
							3 7 16 13
							3 8 15 19
							3 9 16 14
							6 9 13 19
							(116, 207)

							Arvore 21
							0 1 13 13
							0 2 0 87
							2 4 13 14
							2 6 15 14
							3 5 15 14
							3 7 16 13
							3 9 16 14
							4 8 16 16
							6 9 13 19
							(117, 204)

							Arvore 22
							0 1 13 13
							0 2 0 87
							2 4 13 14
							2 6 15 14
							3 5 15 14
							3 7 16 13
							3 9 16 14
							6 8 17 14
							6 9 13 19
							(118, 202)

						Arvore 23
						0 1 13 13
						0 2 0 87
						1 8 19 13
						2 4 13 14
						2 6 15 14
						2 7 16 14
						3 5 15 14
						3 7 16 13
						3 9 16 14
						(123, 196)

						Arvore 24
						0 1 13 13
						0 2 0 87
						2 4 13 14
						2 6 15 14
						2 7 16 14
						3 5 15 14
						3 7 16 13
						3 9 16 14
						4 8 16 16
						(120, 199)

						Arvore 25
						0 1 13 13
						0 2 0 87
						2 4 13 14
						2 6 15 14
						2 7 16 14
						3 5 15 14
						3 7 16 13
						3 9 16 14
						6 8 17 14
						(121, 197)

						Arvore 26
						0 1 13 13
						0 6 14 17
						1 8 19 13
						2 4 13 14
						2 6 15 14
						2 7 16 14
						3 5 15 14
						3 7 16 13
						3 9 16 14
						(137, 126)

						Arvore 27
						0 1 13 13
						0 6 14 17
						2 4 13 14
						2 6 15 14
						2 7 16 14
						3 5 15 14
						3 7 16 13
						3 9 16 14
						4 8 16 16
						(134, 129)
