0 1 79 27
0 2 88 23
0 3 87 18
0 4 2 86
0 5 24 74
0 6 13 83
0 7 38 60
0 8 56 45
0 9 89 12
0 10 33 70
0 11 28 66
0 12 28 74
0 13 87 18
0 14 97 9
0 15 5 84
0 16 5 96
0 17 18 72
0 18 49 45
0 19 85 15
0 20 85 15
0 21 51 51
0 22 50 53
0 23 37 66
0 24 32 59
0 25 85 14
0 26 48 56
0 27 96 14
0 28 43 59
0 29 2 93
0 30 92 22
0 31 97 4
0 32 56 40
0 33 3 89
0 34 37 56
0 35 36 57
0 36 73 28
0 37 13 79
0 38 27 74
0 39 36 67
0 40 50 56
0 41 97 14
1 2 9 83
1 3 84 26
1 4 32 57
1 5 21 81
1 6 38 54
1 7 91 13
1 8 11 88
1 9 95 8
1 10 23 74
1 11 86 19
1 12 56 51
1 13 32 63
1 14 11 76
1 15 82 23
1 16 64 34
1 17 54 47
1 18 18 77
1 19 91 19
1 20 2 96
1 21 97 13
1 22 35 61
1 23 33 71
1 24 20 74
1 25 22 79
1 26 47 54
1 27 92 13
1 28 77 28
1 29 55 50
1 30 47 47
1 31 95 16
1 32 24 77
1 33 90 21
1 34 21 79
1 35 91 8
1 36 60 48
1 37 27 71
1 38 6 89
1 39 70 27
1 40 8 91
1 41 11 83
2 3 27 72
2 4 76 35
2 5 49 56
2 6 41 59
2 7 24 70
2 8 52 48
2 9 56 40
2 10 56 42
2 11 43 52
2 12 50 52
2 13 72 30
2 14 13 86
2 15 40 54
2 16 23 76
2 17 27 65
2 18 42 56
2 19 53 48
2 20 60 48
2 21 65 31
2 22 50 53
2 23 71 37
2 24 81 24
2 25 24 65
2 26 83 24
2 27 48 46
2 28 72 26
2 29 84 28
2 30 14 76
2 31 15 80
2 32 92 8
2 33 12 77
2 34 65 43
2 35 81 24
2 36 26 76
2 37 62 33
2 38 76 23
2 39 86 13
2 40 41 59
2 41 48 54
3 4 23 78
3 5 10 91
3 6 52 44
3 7 87 14
3 8 23 81
3 9 92 21
3 10 95 17
3 11 21 71
3 12 11 88
3 13 96 17
3 14 85 17
3 15 21 72
3 16 62 44
3 17 9 85
3 18 93 9
3 19 98 7
3 20 39 63
3 21 91 21
3 22 44 61
3 23 10 86
3 24 51 52
3 25 56 43
3 26 17 71
3 27 42 51
3 28 6 93
3 29 90 10
3 30 8 88
3 31 72 30
3 32 42 55
3 33 17 78
3 34 39 65
3 35 74 28
3 36 51 50
3 37 12 82
3 38 74 23
3 39 90 22
3 40 89 13
3 41 51 56
4 5 35 68
4 6 50 48
4 7 72 24
4 8 61 34
4 9 93 15
4 10 7 93
4 11 18 82
4 12 65 35
4 13 75 28
4 14 1 91
4 15 63 38
4 16 3 94
4 17 81 17
4 18 97 4
4 19 51 53
4 20 46 61
4 21 82 25
4 22 93 11
4 23 3 89
4 24 63 36
4 25 90 14
4 26 48 49
4 27 51 52
4 28 88 15
4 29 48 52
4 30 98 13
4 31 84 20
4 32 40 60
4 33 99 13
4 34 40 52
4 35 36 56
4 36 96 7
4 37 2 87
4 38 18 70
4 39 30 66
4 40 93 7
4 41 24 77
5 6 97 12
5 7 83 25
5 8 21 70
5 9 79 19
5 10 59 37
5 11 62 35
5 12 6 95
5 13 66 30
5 14 90 15
5 15 28 68
5 16 4 89
5 17 26 69
5 18 55 40
5 19 79 20
5 20 7 86
5 21 10 84
5 22 34 59
5 23 92 18
5 24 100 8
5 25 93 16
5 26 5 89
5 27 33 66
5 28 42 52
5 29 92 20
5 30 20 76
5 31 36 62
5 32 96 4
5 33 73 34
5 34 24 65
5 35 81 28
5 36 82 27
5 37 69 38
5 38 7 79
5 39 41 57
5 40 1 98
5 41 90 13
6 7 52 48
6 8 30 69
6 9 59 43
6 10 51 54
6 11 59 48
6 12 79 24
6 13 39 62
6 14 52 51
6 15 28 73
6 16 13 74
6 17 45 59
6 18 60 46
6 19 56 48
6 20 17 79
6 21 24 78
6 22 82 23
6 23 23 78
6 24 35 56
6 25 61 43
6 26 34 57
6 27 97 5
6 28 28 64
6 29 94 7
6 30 66 38
6 31 28 71
6 32 64 39
6 33 27 65
6 34 69 39
6 35 19 80
6 36 56 39
6 37 39 65
6 38 90 15
6 39 59 44
6 40 81 31
6 41 59 36
7 8 51 44
7 9 60 41
7 10 84 23
7 11 38 66
7 12 5 84
7 13 50 43
7 14 88 13
7 15 99 2
7 16 69 39
7 17 46 55
7 18 63 39
7 19 45 54
7 20 15 82
7 21 45 53
7 22 28 70
7 23 38 67
7 24 7 86
7 25 56 48
7 26 55 47
7 27 13 79
7 28 50 53
7 29 79 26
7 30 60 36
7 31 96 14
7 32 93 20
7 33 94 14
7 34 46 60
7 35 80 19
7 36 76 34
7 37 26 67
7 38 2 92
7 39 86 16
7 40 43 56
7 41 25 65
8 9 33 60
8 10 76 27
8 11 48 51
8 12 7 86
8 13 47 56
8 14 75 28
8 15 66 30
8 16 92 12
8 17 25 67
8 18 1 85
8 19 8 90
8 20 71 32
8 21 52 44
8 22 64 35
8 23 77 26
8 24 94 13
8 25 49 56
8 26 18 83
8 27 34 66
8 28 54 41
8 29 0 95
8 30 59 39
8 31 48 45
8 32 80 30
8 33 28 67
8 34 68 37
8 35 75 36
8 36 1 90
8 37 50 44
8 38 41 62
8 39 93 11
8 40 60 43
8 41 99 2
9 10 59 43
9 11 5 90
9 12 3 84
9 13 83 27
9 14 68 32
9 15 39 62
9 16 22 78
9 17 54 43
9 18 23 80
9 19 13 88
9 20 96 13
9 21 52 52
9 22 32 59
9 23 5 94
9 24 73 27
9 25 45 61
9 26 61 47
9 27 96 7
9 28 51 47
9 29 76 24
9 30 12 82
9 31 44 49
9 32 6 91
9 33 63 39
9 34 79 19
9 35 31 61
9 36 70 28
9 37 56 39
9 38 17 78
9 39 3 89
9 40 68 28
9 41 52 49
10 11 22 80
10 12 98 8
10 13 30 73
10 14 2 88
10 15 13 77
10 16 36 56
10 17 28 69
10 18 7 88
10 19 67 40
10 20 22 69
10 21 33 56
10 22 51 45
10 23 63 43
10 24 59 44
10 25 6 91
10 26 16 86
10 27 66 40
10 28 47 55
10 29 83 23
10 30 25 69
10 31 10 91
10 32 81 20
10 33 80 28
10 34 6 87
10 35 78 25
10 36 54 49
10 37 20 80
10 38 33 64
10 39 49 55
10 40 19 80
10 41 82 28
11 12 27 73
11 13 1 96
11 14 24 70
11 15 87 12
11 16 10 82
11 17 91 17
11 18 33 70
11 19 82 30
11 20 70 31
11 21 95 11
11 22 86 14
11 23 44 49
11 24 12 85
11 25 62 37
11 26 77 33
11 27 65 33
11 28 21 78
11 29 45 56
11 30 65 44
11 31 27 64
11 32 92 16
11 33 30 66
11 34 47 51
11 35 84 17
11 36 46 56
11 37 28 71
11 38 55 43
11 39 98 15
11 40 39 64
11 41 42 50
12 13 49 50
12 14 82 28
12 15 9 88
12 16 3 86
12 17 71 35
12 18 22 69
12 19 5 91
12 20 6 88
12 21 12 86
12 22 71 27
12 23 71 39
12 24 49 56
12 25 48 59
12 26 35 64
12 27 88 12
12 28 64 36
12 29 93 17
12 30 12 89
12 31 44 61
12 32 93 19
12 33 92 9
12 34 83 18
12 35 40 65
12 36 68 27
12 37 26 75
12 38 17 79
12 39 56 37
12 40 81 30
12 41 56 52
13 14 2 93
13 15 48 56
13 16 33 70
13 17 50 53
13 18 92 20
13 19 55 44
13 20 56 41
13 21 72 36
13 22 7 91
13 23 85 25
13 24 66 41
13 25 53 42
13 26 23 68
13 27 3 89
13 28 25 69
13 29 12 77
13 30 47 56
13 31 80 28
13 32 36 69
13 33 34 69
13 34 64 40
13 35 45 61
13 36 90 17
13 37 4 85
13 38 60 48
13 39 28 62
13 40 35 60
13 41 18 72
14 15 41 56
14 16 94 14
14 17 36 69
14 18 56 39
14 19 72 32
14 20 55 40
14 21 62 37
14 22 57 37
14 23 84 21
14 24 82 21
14 25 0 97
14 26 31 72
14 27 73 30
14 28 89 15
14 29 6 85
14 30 99 15
14 31 16 78
14 32 39 56
14 33 38 63
14 34 42 50
14 35 77 28
14 36 25 66
14 37 4 90
14 38 96 11
14 39 12 77
14 40 35 66
14 41 10 86
15 16 98 11
15 17 82 28
15 18 56 47
15 19 63 36
15 20 4 86
15 21 71 37
15 22 16 85
15 23 38 67
15 24 60 40
15 25 28 66
15 26 45 48
15 27 56 40
15 28 59 42
15 29 3 86
15 30 15 81
15 31 39 55
15 32 15 81
15 33 3 84
15 34 49 56
15 35 51 50
15 36 10 86
15 37 33 63
15 38 8 83
15 39 55 44
15 40 38 55
15 41 92 14
16 17 78 20
16 18 47 56
16 19 72 25
16 20 80 17
16 21 60 45
16 22 51 43
16 23 59 40
16 24 86 20
16 25 99 2
16 26 63 33
16 27 3 89
16 28 51 46
16 29 52 51
16 30 60 45
16 31 18 71
16 32 17 84
16 33 60 41
16 34 19 70
16 35 91 18
16 36 93 13
16 37 40 57
16 38 36 65
16 39 10 83
16 40 52 49
16 41 15 76
17 18 80 25
17 19 25 69
17 20 81 19
17 21 41 64
17 22 64 42
17 23 8 85
17 24 10 81
17 25 100 8
17 26 67 35
17 27 34 65
17 28 86 27
17 29 47 59
17 30 59 47
17 31 98 10
17 32 26 67
17 33 38 67
17 34 22 79
17 35 89 16
17 36 28 62
17 37 25 74
17 38 13 84
17 39 25 66
17 40 25 66
17 41 78 31
18 19 50 49
18 20 72 34
18 21 91 11
18 22 61 36
18 23 33 67
18 24 55 39
18 25 39 56
18 26 61 43
18 27 36 65
18 28 81 25
18 29 61 33
18 30 77 24
18 31 100 2
18 32 31 62
18 33 94 7
18 34 14 88
18 35 91 22
18 36 91 18
18 37 2 85
18 38 71 30
18 39 60 38
18 40 91 9
18 41 47 52
19 20 64 39
19 21 76 28
19 22 8 79
19 23 55 52
19 24 61 42
19 25 60 47
19 26 36 66
19 27 72 30
19 28 46 52
19 29 10 77
19 30 4 91
19 31 83 23
19 32 46 55
19 33 81 25
19 34 4 82
19 35 80 31
19 36 77 26
19 37 71 27
19 38 62 41
19 39 89 21
19 40 84 19
19 41 47 59
20 21 56 41
20 22 51 48
20 23 51 43
20 24 12 80
20 25 65 43
20 26 39 64
20 27 19 80
20 28 92 20
20 29 23 68
20 30 32 63
20 31 10 78
20 32 43 54
20 33 34 66
20 34 0 96
20 35 57 46
20 36 90 20
20 37 9 92
20 38 68 37
20 39 76 32
20 40 35 63
20 41 18 71
21 22 70 30
21 23 21 69
21 24 66 37
21 25 76 22
21 26 70 28
21 27 33 65
21 28 33 57
21 29 71 32
21 30 46 46
21 31 20 77
21 32 45 61
21 33 61 41
21 34 73 28
21 35 51 55
21 36 28 61
21 37 55 52
21 38 50 44
21 39 11 90
21 40 17 74
21 41 76 25
22 23 90 23
22 24 51 48
22 25 30 63
22 26 30 62
22 27 9 82
22 28 82 17
22 29 96 10
22 30 81 28
22 31 32 71
22 32 19 81
22 33 33 57
22 34 70 31
22 35 54 43
22 36 65 35
22 37 19 70
22 38 85 26
22 39 83 18
22 40 50 48
22 41 37 62
23 24 73 27
23 25 8 92
23 26 16 82
23 27 28 68
23 28 12 78
23 29 33 65
23 30 48 51
23 31 76 32
23 32 16 79
23 33 92 8
23 34 68 40
23 35 16 73
23 36 65 44
23 37 44 62
23 38 17 73
23 39 84 28
23 40 81 21
23 41 70 31
24 25 92 19
24 26 65 41
24 27 60 47
24 28 42 50
24 29 53 45
24 30 18 78
24 31 14 76
24 32 27 65
24 33 16 83
24 34 6 80
24 35 24 72
24 36 4 90
24 37 21 79
24 38 99 14
24 39 71 32
24 40 35 63
24 41 17 80
25 26 26 64
25 27 2 91
25 28 15 79
25 29 80 21
25 30 38 65
25 31 55 45
25 32 18 71
25 33 2 98
25 34 97 4
25 35 88 19
25 36 26 66
25 37 42 56
25 38 24 79
25 39 62 38
25 40 71 38
25 41 37 54
26 27 27 73
26 28 1 89
26 29 56 46
26 30 49 56
26 31 48 57
26 32 54 40
26 33 22 80
26 34 55 42
26 35 72 33
26 36 87 19
26 37 14 88
26 38 54 42
26 39 42 60
26 40 77 23
26 41 64 44
27 28 71 39
27 29 28 65
27 30 28 74
27 31 37 56
27 32 78 25
27 33 46 54
27 34 71 28
27 35 76 26
27 36 83 23
27 37 56 39
27 38 67 37
27 39 87 20
27 40 73 30
27 41 45 56
28 29 20 72
28 30 42 50
28 31 43 63
28 32 67 32
28 33 38 57
28 34 3 87
28 35 84 28
28 36 75 31
28 37 22 79
28 38 56 39
28 39 76 31
28 40 31 66
28 41 28 63
29 30 99 13
29 31 8 82
29 32 43 54
29 33 62 33
29 34 66 39
29 35 67 33
29 36 91 19
29 37 74 23
29 38 94 16
29 39 37 66
29 40 40 62
29 41 75 25
30 31 83 28
30 32 80 23
30 33 55 51
30 34 19 78
30 35 83 17
30 36 78 28
30 37 18 82
30 38 61 43
30 39 57 37
30 40 27 74
30 41 97 8
31 32 64 35
31 33 28 68
31 34 93 16
31 35 8 93
31 36 61 36
31 37 22 78
31 38 31 69
31 39 93 6
31 40 94 9
31 41 39 63
32 33 81 17
32 34 75 36
32 35 67 41
32 36 57 48
32 37 21 78
32 38 64 42
32 39 55 39
32 40 70 28
32 41 83 16
33 34 53 45
33 35 71 38
33 36 35 63
33 37 57 40
33 38 9 78
33 39 5 82
33 40 46 55
33 41 47 47
34 35 4 92
34 36 77 27
34 37 83 14
34 38 70 34
34 39 41 53
34 40 81 26
34 41 39 61
35 36 98 10
35 37 61 38
35 38 5 94
35 39 0 85
35 40 49 48
35 41 38 54
36 37 15 82
36 38 47 56
36 39 55 46
36 40 38 64
36 41 25 65
37 38 97 15
37 39 74 34
37 40 79 30
37 41 31 60
38 39 41 54
38 40 95 5
38 41 43 56
39 40 78 32
39 41 83 14
40 41 6 83
