10
0 1 60 60
0 2 0 940
0 3 986 953
0 4 982 949
0 5 942 973
0 6 949 959
0 7 953 958
0 8 944 950
0 9 952 955
1 2 940 0
1 3 950 963
1 4 959 975
1 5 969 986
1 6 989 975
1 7 976 983
1 8 988 958
1 9 944 984
2 3 985 983
2 4 993 996
2 5 988 973
2 6 962 967
2 7 977 951
2 8 970 977
2 9 959 954
3 4 64 125
3 5 71 111
3 6 126 131
3 7 100 71
3 8 89 109
3 9 78 123
4 5 70 102
4 6 146 130
4 7 79 94
4 8 64 100
4 9 75 105
5 6 82 94
5 7 111 124
5 8 141 82
5 9 85 91
6 7 139 71
6 8 75 69
6 9 78 115
7 8 130 132
7 9 117 108
8 9 71 70
