10
0 1 160 160
0 2 0 840
0 3 964 978
0 4 860 876
0 5 930 857
0 6 900 903
0 7 976 952
0 8 943 917
0 9 885 972
1 2 840 0
1 3 927 890
1 4 968 933
1 5 910 974
1 6 927 939
1 7 894 952
1 8 856 862
1 9 842 944
2 3 942 908
2 4 962 931
2 5 997 988
2 6 899 859
2 7 978 869
2 8 894 888
2 9 916 965
3 4 207 243
3 5 268 237
3 6 164 196
3 7 221 182
3 8 236 242
3 9 192 164
4 5 207 228
4 6 256 267
4 7 177 242
4 8 169 190
4 9 224 177
5 6 177 173
5 7 269 197
5 8 227 193
5 9 266 171
6 7 187 188
6 8 202 192
6 9 247 162
7 8 263 202
7 9 201 188
8 9 267 215
