12
0 1 80 80
0 2 0 920
0 3 939 996
0 4 951 950
0 5 976 963
0 6 938 971
0 7 965 941
0 8 944 932
0 9 974 953
0 10 952 941
0 11 925 927
1 2 920 0
1 3 977 955
1 4 994 938
1 5 920 990
1 6 983 943
1 7 951 983
1 8 951 998
1 9 977 944
1 10 991 966
1 11 979 925
2 3 953 983
2 4 968 930
2 5 947 936
2 6 946 997
2 7 997 956
2 8 992 942
2 9 935 947
2 10 960 999
2 11 934 966
3 4 155 131
3 5 169 138
3 6 135 149
3 7 148 110
3 8 134 113
3 9 162 174
3 10 152 165
3 11 143 197
4 5 172 136
4 6 167 184
4 7 161 100
4 8 196 84
4 9 198 117
4 10 134 186
4 11 156 120
5 6 170 104
5 7 184 156
5 8 146 116
5 9 80 103
5 10 99 150
5 11 147 149
6 7 155 102
6 8 110 104
6 9 178 152
6 10 102 173
6 11 172 180
7 8 160 139
7 9 162 111
7 10 106 165
7 11 160 167
8 9 162 139
8 10 183 167
8 11 103 151
9 10 165 138
9 11 190 160
10 11 132 101
