12
0 1 120 120
0 2 0 880
0 3 988 989
0 4 975 962
0 5 924 936
0 6 947 987
0 7 916 931
0 8 972 883
0 9 896 913
0 10 984 913
0 11 896 884
1 2 880 0
1 3 937 883
1 4 908 982
1 5 898 982
1 6 956 988
1 7 895 937
1 8 909 943
1 9 955 957
1 10 895 934
1 11 934 962
2 3 992 980
2 4 986 891
2 5 988 888
2 6 957 993
2 7 976 966
2 8 918 937
2 9 998 901
2 10 948 925
2 11 895 978
3 4 166 229
3 5 184 147
3 6 140 238
3 7 183 235
3 8 216 207
3 9 155 177
3 10 157 236
3 11 230 149
4 5 233 159
4 6 147 156
4 7 141 225
4 8 233 165
4 9 173 215
4 10 125 160
4 11 249 209
5 6 162 155
5 7 121 149
5 8 190 236
5 9 248 219
5 10 122 183
5 11 200 161
6 7 213 233
6 8 156 156
6 9 176 133
6 10 200 126
6 11 179 224
7 8 220 210
7 9 191 213
7 10 173 210
7 11 244 193
8 9 207 245
8 10 137 162
8 11 148 188
9 10 248 175
9 11 147 233
10 11 218 194
