15
0 1 120 120
0 2 0 880
0 3 892 973
0 4 920 995
0 5 965 932
0 6 921 895
0 7 913 983
0 8 952 913
0 9 988 931
0 10 936 890
0 11 949 954
0 12 997 962
0 13 949 909
0 14 894 921
1 2 880 0
1 3 999 880
1 4 914 901
1 5 943 985
1 6 940 919
1 7 964 957
1 8 916 922
1 9 971 960
1 10 942 927
1 11 974 953
1 12 946 995
1 13 989 921
1 14 910 909
2 3 973 902
2 4 989 901
2 5 960 993
2 6 996 992
2 7 918 892
2 8 947 952
2 9 914 945
2 10 967 983
2 11 944 938
2 12 919 932
2 13 987 900
2 14 986 892
3 4 164 126
3 5 161 174
3 6 174 152
3 7 126 187
3 8 177 166
3 9 149 139
3 10 137 152
3 11 184 190
3 12 138 154
3 13 191 195
3 14 198 156
4 5 155 156
4 6 163 169
4 7 123 132
4 8 174 125
4 9 197 180
4 10 128 170
4 11 183 165
4 12 155 151
4 13 151 187
4 14 192 193
5 6 163 192
5 7 127 146
5 8 188 180
5 9 130 128
5 10 140 123
5 11 186 189
5 12 170 167
5 13 152 170
5 14 162 140
6 7 190 190
6 8 131 134
6 9 126 181
6 10 187 175
6 11 179 142
6 12 154 140
6 13 128 160
6 14 130 192
7 8 122 199
7 9 187 183
7 10 165 179
7 11 163 173
7 12 143 164
7 13 181 125
7 14 164 129
8 9 166 147
8 10 139 151
8 11 174 163
8 12 153 168
8 13 173 150
8 14 192 152
9 10 162 182
9 11 155 194
9 12 195 146
9 13 175 195
9 14 147 171
10 11 199 188
10 12 173 152
10 13 136 176
10 14 150 135
11 12 174 139
11 13 165 175
11 14 197 120
12 13 140 167
12 14 172 155
13 14 121 132
