15
0 1 50 50
0 2 0 950
0 3 971 989
0 4 997 983
0 5 989 994
0 6 988 969
0 7 957 994
0 8 980 958
0 9 975 964
0 10 952 956
0 11 988 978
0 12 950 973
0 13 963 981
0 14 994 973
1 2 950 0
1 3 963 991
1 4 970 971
1 5 990 965
1 6 963 954
1 7 984 986
1 8 993 953
1 9 954 952
1 10 995 980
1 11 996 966
1 12 984 958
1 13 970 995
1 14 975 993
2 3 962 964
2 4 950 965
2 5 989 973
2 6 964 998
2 7 951 963
2 8 997 981
2 9 996 963
2 10 993 954
2 11 953 962
2 12 973 959
2 13 974 966
2 14 952 970
3 4 112 117
3 5 83 58
3 6 57 55
3 7 85 81
3 8 79 68
3 9 67 53
3 10 79 116
3 11 70 93
3 12 109 66
3 13 67 77
3 14 97 68
4 5 71 53
4 6 61 106
4 7 118 110
4 8 114 114
4 9 100 100
4 10 99 87
4 11 72 77
4 12 117 76
4 13 77 60
4 14 56 56
5 6 75 70
5 7 86 55
5 8 80 101
5 9 79 85
5 10 67 74
5 11 86 105
5 12 62 59
5 13 98 102
5 14 99 70
6 7 72 101
6 8 90 112
6 9 67 103
6 10 87 109
6 11 84 92
6 12 95 77
6 13 64 85
6 14 92 54
7 8 59 77
7 9 114 56
7 10 101 52
7 11 105 107
7 12 74 63
7 13 95 98
7 14 78 75
8 9 76 54
8 10 118 64
8 11 68 97
8 12 65 92
8 13 103 82
8 14 55 119
9 10 77 56
9 11 59 65
9 12 111 95
9 13 80 84
9 14 115 77
10 11 68 52
10 12 50 76
10 13 103 84
10 14 70 90
11 12 106 110
11 13 69 119
11 14 106 95
12 13 50 79
12 14 73 50
13 14 52 82
