17
0 1 60 60
0 2 0 940
0 3 986 973
0 4 985 992
0 5 940 989
0 6 942 988
0 7 989 959
0 8 991 969
0 9 941 985
0 10 995 988
0 11 967 993
0 12 981 975
0 13 948 950
0 14 943 941
0 15 982 945
0 16 945 986
1 2 940 0
1 3 948 959
1 4 965 957
1 5 971 943
1 6 997 972
1 7 948 972
1 8 982 973
1 9 999 980
1 10 983 955
1 11 973 980
1 12 961 960
1 13 984 986
1 14 955 987
1 15 970 997
1 16 993 970
2 3 970 952
2 4 964 983
2 5 959 998
2 6 940 951
2 7 969 982
2 8 971 959
2 9 976 977
2 10 941 997
2 11 997 981
2 12 959 969
2 13 942 976
2 14 992 967
2 15 944 951
2 16 950 971
3 4 175 109
3 5 148 65
3 6 99 196
3 7 137 100
3 8 111 214
3 9 153 138
3 10 191 84
3 11 144 76
3 12 164 135
3 13 107 232
3 14 178 113
3 15 135 74
3 16 157 215
4 5 132 175
4 6 249 134
4 7 241 222
4 8 201 226
4 9 141 169
4 10 235 97
4 11 102 107
4 12 162 151
4 13 164 121
4 14 235 149
4 15 139 198
4 16 71 196
5 6 186 156
5 7 64 110
5 8 211 142
5 9 244 63
5 10 137 215
5 11 125 223
5 12 236 129
5 13 110 114
5 14 205 211
5 15 136 215
5 16 223 154
6 7 210 64
6 8 90 238
6 9 236 93
6 10 221 177
6 11 122 182
6 12 198 202
6 13 241 141
6 14 137 130
6 15 114 204
6 16 190 248
7 8 89 191
7 9 190 230
7 10 149 99
7 11 136 107
7 12 67 115
7 13 140 207
7 14 89 70
7 15 105 77
7 16 81 72
8 9 153 134
8 10 68 136
8 11 168 153
8 12 149 221
8 13 86 175
8 14 190 227
8 15 236 158
8 16 140 73
9 10 152 217
9 11 121 185
9 12 173 163
9 13 141 246
9 14 119 233
9 15 219 180
9 16 114 157
10 11 241 74
10 12 79 164
10 13 124 213
10 14 114 229
10 15 241 175
10 16 218 235
11 12 188 202
11 13 148 151
11 14 120 189
11 15 165 79
11 16 181 139
12 13 147 174
12 14 141 130
12 15 115 186
12 16 231 130
13 14 206 229
13 15 210 104
13 16 100 230
14 15 142 117
14 16 137 79
15 16 186 161
