17
0 1 90 90
0 2 0 910
0 3 935 975
0 4 946 969
0 5 934 932
0 6 963 952
0 7 943 922
0 8 968 938
0 9 984 912
0 10 974 962
0 11 938 931
0 12 920 935
0 13 999 964
0 14 978 985
0 15 956 954
0 16 978 919
1 2 910 0
1 3 931 925
1 4 942 982
1 5 965 916
1 6 951 912
1 7 912 989
1 8 925 947
1 9 976 996
1 10 947 975
1 11 991 945
1 12 920 976
1 13 913 994
1 14 918 995
1 15 964 981
1 16 982 925
2 3 949 967
2 4 980 933
2 5 946 999
2 6 962 982
2 7 969 940
2 8 953 937
2 9 966 939
2 10 963 995
2 11 995 953
2 12 924 996
2 13 942 979
2 14 985 957
2 15 918 998
2 16 954 912
3 4 133 137
3 5 125 149
3 6 199 172
3 7 148 196
3 8 139 94
3 9 122 125
3 10 174 193
3 11 159 170
3 12 133 153
3 13 148 152
3 14 109 117
3 15 138 171
3 16 95 132
4 5 141 176
4 6 147 172
4 7 117 98
4 8 176 141
4 9 110 119
4 10 135 158
4 11 195 125
4 12 133 136
4 13 104 94
4 14 196 91
4 15 129 189
4 16 105 117
5 6 91 148
5 7 95 187
5 8 177 188
5 9 115 132
5 10 97 144
5 11 193 116
5 12 114 165
5 13 91 105
5 14 100 151
5 15 194 177
5 16 168 126
6 7 178 90
6 8 125 101
6 9 98 105
6 10 181 138
6 11 184 160
6 12 103 138
6 13 135 185
6 14 106 92
6 15 99 189
6 16 141 157
7 8 176 173
7 9 154 96
7 10 120 158
7 11 174 190
7 12 169 185
7 13 113 110
7 14 151 96
7 15 156 147
7 16 177 183
8 9 199 99
8 10 174 131
8 11 172 152
8 12 180 153
8 13 103 190
8 14 141 96
8 15 91 195
8 16 168 118
9 10 110 144
9 11 108 134
9 12 147 134
9 13 138 196
9 14 142 119
9 15 164 188
9 16 186 121
10 11 138 97
10 12 102 95
10 13 122 155
10 14 162 114
10 15 90 131
10 16 93 184
11 12 138 144
11 13 103 161
11 14 188 117
11 15 160 189
11 16 90 102
12 13 191 102
12 14 152 118
12 15 150 194
12 16 107 170
13 14 171 155
13 15 151 191
13 16 132 110
14 15 199 176
14 16 143 126
15 16 140 125
