20
0 1 100 100
0 2 0 900
0 3 944 905
0 4 970 960
0 5 973 946
0 6 921 987
0 7 959 966
0 8 902 977
0 9 960 920
0 10 930 952
0 11 964 991
0 12 938 989
0 13 953 981
0 14 922 966
0 15 970 943
0 16 912 967
0 17 922 975
0 18 955 915
0 19 983 950
1 2 900 0
1 3 902 981
1 4 952 999
1 5 963 920
1 6 907 940
1 7 910 991
1 8 947 998
1 9 958 933
1 10 993 953
1 11 910 943
1 12 924 936
1 13 988 959
1 14 907 900
1 15 959 978
1 16 996 915
1 17 943 902
1 18 930 945
1 19 919 972
2 3 912 947
2 4 979 990
2 5 909 937
2 6 978 999
2 7 924 907
2 8 901 981
2 9 962 964
2 10 961 942
2 11 930 988
2 12 939 941
2 13 951 920
2 14 972 993
2 15 919 993
2 16 919 999
2 17 900 958
2 18 956 951
2 19 928 999
3 4 131 214
3 5 197 173
3 6 206 115
3 7 209 208
3 8 122 172
3 9 164 102
3 10 220 159
3 11 177 240
3 12 256 221
3 13 140 138
3 14 124 181
3 15 216 220
3 16 197 257
3 17 122 230
3 18 267 254
3 19 194 249
4 5 240 224
4 6 242 198
4 7 243 195
4 8 196 209
4 9 139 145
4 10 266 100
4 11 161 160
4 12 251 100
4 13 245 190
4 14 267 231
4 15 189 124
4 16 199 251
4 17 104 139
4 18 102 220
4 19 171 257
5 6 190 222
5 7 210 156
5 8 146 195
5 9 238 138
5 10 255 117
5 11 263 264
5 12 156 227
5 13 161 254
5 14 115 267
5 15 233 216
5 16 104 118
5 17 129 110
5 18 257 127
5 19 237 110
6 7 134 251
6 8 132 253
6 9 109 121
6 10 170 129
6 11 207 206
6 12 117 132
6 13 110 150
6 14 141 150
6 15 259 106
6 16 234 268
6 17 111 126
6 18 262 206
6 19 237 153
7 8 125 236
7 9 257 220
7 10 269 143
7 11 118 157
7 12 165 170
7 13 237 268
7 14 244 251
7 15 210 108
7 16 108 161
7 17 135 208
7 18 219 133
7 19 204 163
8 9 130 164
8 10 252 214
8 11 200 213
8 12 102 133
8 13 212 165
8 14 205 225
8 15 125 164
8 16 203 260
8 17 126 255
8 18 114 190
8 19 105 264
9 10 115 178
9 11 254 137
9 12 132 244
9 13 135 260
9 14 194 268
9 15 233 131
9 16 189 197
9 17 108 107
9 18 225 180
9 19 120 228
10 11 269 170
10 12 144 115
10 13 165 219
10 14 170 162
10 15 207 268
10 16 182 182
10 17 114 171
10 18 210 112
10 19 242 228
11 12 200 183
11 13 216 168
11 14 188 195
11 15 235 206
11 16 150 221
11 17 152 104
11 18 169 166
11 19 234 151
12 13 158 101
12 14 136 196
12 15 235 203
12 16 251 112
12 17 175 111
12 18 224 257
12 19 163 219
13 14 201 197
13 15 149 216
13 16 250 238
13 17 187 158
13 18 173 226
13 19 168 190
14 15 183 122
14 16 137 249
14 17 160 123
14 18 177 217
14 19 136 119
15 16 127 217
15 17 163 251
15 18 150 156
15 19 102 261
16 17 169 132
16 18 112 124
16 19 250 158
17 18 124 120
17 19 136 175
18 19 132 107
