20
0 1 50 50
0 2 0 950
0 3 997 960
0 4 978 976
0 5 980 967
0 6 952 963
0 7 973 991
0 8 986 997
0 9 958 995
0 10 962 982
0 11 958 968
0 12 967 954
0 13 988 998
0 14 961 959
0 15 994 998
0 16 980 973
0 17 985 999
0 18 983 979
0 19 956 958
1 2 950 0
1 3 972 994
1 4 995 952
1 5 962 989
1 6 973 982
1 7 998 955
1 8 951 990
1 9 985 982
1 10 994 963
1 11 956 959
1 12 977 981
1 13 977 963
1 14 969 980
1 15 981 981
1 16 990 955
1 17 953 999
1 18 996 974
1 19 957 958
2 3 965 952
2 4 952 975
2 5 997 966
2 6 970 955
2 7 956 976
2 8 980 953
2 9 963 997
2 10 983 975
2 11 965 972
2 12 991 990
2 13 956 964
2 14 973 971
2 15 968 979
2 16 957 975
2 17 997 997
2 18 982 963
2 19 981 989
3 4 130 65
3 5 116 55
3 6 140 116
3 7 139 99
3 8 126 116
3 9 56 106
3 10 145 90
3 11 75 99
3 12 60 133
3 13 104 73
3 14 101 58
3 15 65 138
3 16 145 103
3 17 62 53
3 18 119 147
3 19 134 103
4 5 116 86
4 6 114 69
4 7 134 109
4 8 111 84
4 9 136 95
4 10 85 85
4 11 74 145
4 12 57 81
4 13 139 83
4 14 108 85
4 15 99 103
4 16 69 86
4 17 94 140
4 18 57 116
4 19 108 133
5 6 110 110
5 7 102 126
5 8 58 133
5 9 118 112
5 10 141 50
5 11 53 148
5 12 126 100
5 13 79 86
5 14 132 110
5 15 84 76
5 16 132 130
5 17 138 131
5 18 139 101
5 19 85 51
6 7 99 126
6 8 59 149
6 9 128 125
6 10 104 115
6 11 59 65
6 12 145 133
6 13 94 125
6 14 141 111
6 15 119 60
6 16 97 122
6 17 148 70
6 18 121 104
6 19 106 111
7 8 139 77
7 9 53 123
7 10 134 145
7 11 73 130
7 12 93 140
7 13 117 67
7 14 103 51
7 15 148 136
7 16 60 56
7 17 113 122
7 18 54 128
7 19 145 111
8 9 80 100
8 10 59 103
8 11 100 144
8 12 80 109
8 13 140 127
8 14 108 87
8 15 135 136
8 16 138 110
8 17 144 131
8 18 108 101
8 19 55 88
9 10 103 149
9 11 56 93
9 12 70 113
9 13 67 100
9 14 95 113
9 15 143 118
9 16 135 143
9 17 133 63
9 18 74 127
9 19 111 127
10 11 112 82
10 12 136 123
10 13 83 139
10 14 111 113
10 15 98 128
10 16 58 85
10 17 145 115
10 18 147 102
10 19 85 50
11 12 60 135
11 13 133 139
11 14 50 65
11 15 98 109
11 16 73 117
11 17 113 90
11 18 137 86
11 19 117 120
12 13 141 51
12 14 59 58
12 15 126 128
12 16 71 86
12 17 131 78
12 18 76 134
12 19 107 133
13 14 125 120
13 15 95 81
13 16 106 78
13 17 67 74
13 18 126 71
13 19 104 105
14 15 65 109
14 16 92 86
14 17 118 117
14 18 78 137
14 19 117 84
15 16 134 66
15 17 114 95
15 18 142 70
15 19 66 65
16 17 53 118
16 18 82 114
16 19 88 108
17 18 60 82
17 19 122 103
18 19 111 68
