22
0 1 45 45
0 2 0 955
0 3 998 974
0 4 958 956
0 5 977 969
0 6 991 965
0 7 980 982
0 8 955 991
0 9 976 968
0 10 992 956
0 11 967 982
0 12 974 965
0 13 985 987
0 14 966 966
0 15 994 984
0 16 982 976
0 17 966 968
0 18 966 955
0 19 957 983
0 20 999 967
0 21 956 999
1 2 955 0
1 3 993 981
1 4 988 983
1 5 993 973
1 6 967 968
1 7 957 990
1 8 961 983
1 9 958 998
1 10 986 958
1 11 998 985
1 12 976 960
1 13 972 984
1 14 991 991
1 15 983 981
1 16 974 963
1 17 998 960
1 18 997 964
1 19 970 964
1 20 965 987
1 21 970 968
2 3 972 967
2 4 955 975
2 5 957 988
2 6 973 962
2 7 956 998
2 8 988 991
2 9 972 958
2 10 966 977
2 11 983 975
2 12 969 958
2 13 973 985
2 14 991 956
2 15 980 996
2 16 994 969
2 17 962 970
2 18 992 960
2 19 987 992
2 20 959 965
2 21 972 976
3 4 125 204
3 5 53 169
3 6 94 247
3 7 108 242
3 8 138 55
3 9 50 74
3 10 174 137
3 11 84 64
3 12 105 226
3 13 112 130
3 14 47 84
3 15 234 224
3 16 109 167
3 17 83 126
3 18 145 75
3 19 62 72
3 20 130 245
3 21 72 62
4 5 196 190
4 6 230 174
4 7 226 210
4 8 51 150
4 9 149 236
4 10 216 241
4 11 163 72
4 12 161 161
4 13 48 189
4 14 171 216
4 15 58 55
4 16 161 97
4 17 66 212
4 18 212 207
4 19 225 199
4 20 136 187
4 21 75 225
5 6 74 146
5 7 142 152
5 8 136 52
5 9 226 84
5 10 89 57
5 11 243 65
5 12 221 235
5 13 202 232
5 14 145 221
5 15 167 237
5 16 246 70
5 17 103 100
5 18 129 238
5 19 152 156
5 20 166 120
5 21 138 114
6 7 183 228
6 8 111 187
6 9 157 55
6 10 159 138
6 11 137 80
6 12 182 128
6 13 129 47
6 14 149 173
6 15 83 55
6 16 93 231
6 17 200 137
6 18 239 190
6 19 136 206
6 20 152 66
6 21 49 180
7 8 114 181
7 9 164 58
7 10 105 194
7 11 84 72
7 12 177 194
7 13 186 152
7 14 124 218
7 15 159 94
7 16 139 238
7 17 196 101
7 18 53 51
7 19 156 161
7 20 183 221
7 21 226 220
8 9 227 115
8 10 156 124
8 11 77 232
8 12 209 67
8 13 165 181
8 14 206 107
8 15 148 233
8 16 116 207
8 17 185 153
8 18 217 119
8 19 208 45
8 20 193 56
8 21 247 152
9 10 118 212
9 11 215 161
9 12 60 146
9 13 147 100
9 14 176 125
9 15 197 76
9 16 132 109
9 17 190 68
9 18 69 121
9 19 223 176
9 20 89 111
9 21 123 217
10 11 240 139
10 12 108 46
10 13 215 201
10 14 172 97
10 15 224 204
10 16 56 168
10 17 142 247
10 18 199 82
10 19 102 59
10 20 246 139
10 21 141 137
11 12 206 218
11 13 211 182
11 14 133 95
11 15 151 147
11 16 69 122
11 17 133 125
11 18 183 148
11 19 148 209
11 20 240 181
11 21 235 89
12 13 190 101
12 14 185 192
12 15 219 134
12 16 161 243
12 17 92 110
12 18 184 167
12 19 157 84
12 20 119 153
12 21 46 211
13 14 154 71
13 15 176 169
13 16 121 116
13 17 104 182
13 18 86 171
13 19 244 125
13 20 135 133
13 21 152 75
14 15 237 142
14 16 221 46
14 17 197 185
14 18 84 115
14 19 63 131
14 20 243 185
14 21 135 236
15 16 79 228
15 17 159 135
15 18 66 100
15 19 159 47
15 20 83 204
15 21 58 91
16 17 109 107
16 18 48 147
16 19 228 208
16 20 80 93
16 21 211 244
17 18 56 195
17 19 99 85
17 20 220 244
17 21 138 154
18 19 175 213
18 20 204 183
18 21 233 89
19 20 55 112
19 21 197 170
20 21 97 181
