25
0 1 20 20
0 2 0 980
0 3 982 999
0 4 989 982
0 5 996 988
0 6 985 995
0 7 998 998
0 8 980 986
0 9 985 984
0 10 984 997
0 11 986 995
0 12 982 983
0 13 993 986
0 14 995 986
0 15 989 980
0 16 987 997
0 17 985 985
0 18 993 984
0 19 997 994
0 20 983 992
0 21 985 988
0 22 997 995
0 23 980 980
0 24 997 989
1 2 980 0
1 3 983 995
1 4 982 996
1 5 988 997
1 6 983 986
1 7 999 995
1 8 988 987
1 9 983 998
1 10 993 985
1 11 989 988
1 12 987 996
1 13 987 992
1 14 989 995
1 15 992 992
1 16 994 993
1 17 993 994
1 18 986 995
1 19 997 997
1 20 999 998
1 21 998 985
1 22 986 984
1 23 990 983
1 24 982 987
2 3 986 990
2 4 991 980
2 5 984 990
2 6 992 996
2 7 984 999
2 8 984 990
2 9 999 980
2 10 997 998
2 11 983 988
2 12 981 981
2 13 994 980
2 14 980 985
2 15 997 988
2 16 998 982
2 17 994 985
2 18 996 991
2 19 999 991
2 20 989 982
2 21 982 992
2 22 986 998
2 23 996 987
2 24 998 989
3 4 30 80
3 5 62 80
3 6 20 47
3 7 59 70
3 8 24 77
3 9 78 24
3 10 73 58
3 11 43 44
3 12 43 86
3 13 27 53
3 14 80 25
3 15 30 79
3 16 38 66
3 17 92 24
3 18 87 70
3 19 68 43
3 20 81 27
3 21 39 83
3 22 94 98
3 23 42 46
3 24 82 60
4 5 59 25
4 6 60 32
4 7 70 30
4 8 55 68
4 9 82 46
4 10 26 84
4 11 35 92
4 12 40 80
4 13 86 89
4 14 58 67
4 15 73 52
4 16 42 51
4 17 74 87
4 18 29 30
4 19 43 91
4 20 29 64
4 21 33 72
4 22 96 63
4 23 24 46
4 24 27 73
5 6 29 30
5 7 83 99
5 8 21 33
5 9 75 58
5 10 36 90
5 11 93 50
5 12 77 35
5 13 88 23
5 14 92 69
5 15 53 45
5 16 52 20
5 17 80 40
5 18 40 39
5 19 66 94
5 20 39 26
5 21 32 91
5 22 79 49
5 23 35 40
5 24 32 94
6 7 93 23
6 8 80 80
6 9 63 81
6 10 30 83
6 11 84 40
6 12 51 28
6 13 36 95
6 14 20 38
6 15 51 72
6 16 29 67
6 17 51 20
6 18 64 51
6 19 56 66
6 20 94 51
6 21 84 56
6 22 41 86
6 23 75 64
6 24 47 67
7 8 52 21
7 9 55 36
7 10 81 87
7 11 77 67
7 12 37 23
7 13 46 48
7 14 83 21
7 15 36 60
7 16 69 37
7 17 99 33
7 18 74 78
7 19 44 32
7 20 35 66
7 21 24 57
7 22 32 91
7 23 40 68
7 24 66 40
8 9 87 70
8 10 63 61
8 11 25 83
8 12 83 72
8 13 24 81
8 14 35 26
8 15 35 77
8 16 27 63
8 17 28 58
8 18 68 54
8 19 74 36
8 20 35 21
8 21 21 35
8 22 49 56
8 23 66 80
8 24 52 92
9 10 47 90
9 11 93 25
9 12 36 69
9 13 78 26
9 14 88 57
9 15 52 29
9 16 36 55
9 17 71 89
9 18 34 21
9 19 70 94
9 20 52 23
9 21 25 44
9 22 95 68
9 23 45 71
9 24 34 45
10 11 54 67
10 12 71 55
10 13 54 81
10 14 42 38
10 15 49 25
10 16 79 87
10 17 30 79
10 18 59 73
10 19 61 84
10 20 89 94
10 21 55 74
10 22 99 60
10 23 69 81
10 24 95 42
11 12 51 27
11 13 43 96
11 14 25 62
11 15 64 38
11 16 60 31
11 17 86 46
11 18 84 78
11 19 54 74
11 20 31 53
11 21 43 62
11 22 68 44
11 23 56 22
11 24 97 35
12 13 83 97
12 14 85 79
12 15 62 27
12 16 37 53
12 17 76 28
12 18 23 20
12 19 91 76
12 20 50 60
12 21 63 91
12 22 23 81
12 23 70 84
12 24 82 70
13 14 39 55
13 15 85 88
13 16 38 75
13 17 55 48
13 18 72 73
13 19 31 50
13 20 51 77
13 21 64 91
13 22 25 48
13 23 85 62
13 24 79 69
14 15 98 38
14 16 50 42
14 17 46 90
14 18 29 62
14 19 35 72
14 20 34 52
14 21 22 74
14 22 74 53
14 23 55 57
14 24 63 23
15 16 63 60
15 17 31 98
15 18 52 41
15 19 23 83
15 20 48 27
15 21 45 69
15 22 28 42
15 23 66 60
15 24 43 52
16 17 43 70
16 18 67 48
16 19 88 42
16 20 71 25
16 21 30 79
16 22 75 85
16 23 72 42
16 24 40 95
17 18 79 64
17 19 94 61
17 20 87 37
17 21 90 79
17 22 66 73
17 23 62 78
17 24 68 37
18 19 51 57
18 20 99 84
18 21 97 70
18 22 55 73
18 23 34 60
18 24 23 25
19 20 69 93
19 21 95 28
19 22 24 49
19 23 65 93
19 24 62 50
20 21 28 30
20 22 54 82
20 23 31 87
20 24 93 21
21 22 48 57
21 23 62 41
21 24 27 53
22 23 32 30
22 24 56 27
23 24 62 60
