25
0 1 90 90
0 2 0 910
0 3 930 923
0 4 916 975
0 5 987 984
0 6 988 911
0 7 917 993
0 8 931 965
0 9 958 955
0 10 922 949
0 11 991 952
0 12 977 978
0 13 962 987
0 14 940 944
0 15 986 949
0 16 990 967
0 17 943 955
0 18 919 977
0 19 926 981
0 20 952 977
0 21 952 940
0 22 960 928
0 23 997 941
0 24 941 989
1 2 910 0
1 3 991 927
1 4 959 943
1 5 972 961
1 6 914 947
1 7 921 958
1 8 977 965
1 9 970 985
1 10 954 919
1 11 922 970
1 12 949 944
1 13 997 987
1 14 919 998
1 15 930 946
1 16 928 930
1 17 996 988
1 18 989 985
1 19 983 926
1 20 971 926
1 21 913 942
1 22 961 998
1 23 970 950
1 24 936 994
2 3 945 952
2 4 994 985
2 5 936 976
2 6 933 971
2 7 965 934
2 8 988 986
2 9 919 910
2 10 946 981
2 11 968 947
2 12 932 996
2 13 929 917
2 14 939 932
2 15 957 921
2 16 952 978
2 17 916 994
2 18 931 969
2 19 939 918
2 20 941 937
2 21 971 975
2 22 981 964
2 23 931 914
2 24 991 958
3 4 144 98
3 5 136 153
3 6 165 163
3 7 126 201
3 8 127 187
3 9 229 191
3 10 175 222
3 11 228 210
3 12 174 230
3 13 94 171
3 14 168 167
3 15 130 155
3 16 115 176
3 17 131 178
3 18 143 140
3 19 136 106
3 20 136 98
3 21 200 159
3 22 130 223
3 23 110 198
3 24 111 224
4 5 141 180
4 6 186 203
4 7 197 211
4 8 167 115
4 9 218 196
4 10 155 241
4 11 95 180
4 12 99 204
4 13 247 206
4 14 231 249
4 15 187 109
4 16 155 121
4 17 127 173
4 18 247 215
4 19 192 176
4 20 218 105
4 21 157 132
4 22 125 104
4 23 175 205
4 24 204 111
5 6 153 236
5 7 122 156
5 8 216 191
5 9 188 223
5 10 150 220
5 11 103 218
5 12 176 118
5 13 128 148
5 14 241 193
5 15 238 93
5 16 90 204
5 17 116 91
5 18 235 154
5 19 104 245
5 20 226 119
5 21 246 245
5 22 150 167
5 23 138 188
5 24 139 178
6 7 223 211
6 8 143 97
6 9 220 139
6 10 115 150
6 11 230 99
6 12 93 215
6 13 242 214
6 14 242 150
6 15 237 115
6 16 195 91
6 17 185 140
6 18 205 91
6 19 240 136
6 20 121 94
6 21 130 190
6 22 202 162
6 23 205 138
6 24 226 155
7 8 210 223
7 9 137 98
7 10 180 240
7 11 113 104
7 12 160 145
7 13 215 110
7 14 155 119
7 15 123 236
7 16 124 128
7 17 217 207
7 18 148 98
7 19 175 122
7 20 226 176
7 21 241 94
7 22 245 139
7 23 213 164
7 24 159 132
8 9 209 165
8 10 132 244
8 11 196 157
8 12 234 109
8 13 107 144
8 14 192 189
8 15 223 247
8 16 201 185
8 17 129 103
8 18 102 183
8 19 234 109
8 20 149 179
8 21 140 229
8 22 128 208
8 23 128 201
8 24 108 210
9 10 195 200
9 11 165 166
9 12 121 111
9 13 92 241
9 14 109 116
9 15 212 244
9 16 205 196
9 17 227 91
9 18 169 134
9 19 208 195
9 20 178 241
9 21 123 235
9 22 143 96
9 23 107 246
9 24 175 178
10 11 97 160
10 12 147 141
10 13 178 169
10 14 216 205
10 15 111 198
10 16 99 100
10 17 178 123
10 18 104 95
10 19 154 192
10 20 93 226
10 21 131 227
10 22 155 150
10 23 120 168
10 24 179 249
11 12 132 126
11 13 116 249
11 14 122 222
11 15 215 158
11 16 173 228
11 17 184 220
11 18 146 125
11 19 90 110
11 20 242 101
11 21 225 104
11 22 118 156
11 23 123 147
11 24 125 118
12 13 183 135
12 14 247 216
12 15 103 247
12 16 136 103
12 17 203 226
12 18 172 154
12 19 206 241
12 20 219 93
12 21 221 162
12 22 139 190
12 23 125 197
12 24 155 218
13 14 154 243
13 15 161 241
13 16 164 97
13 17 241 227
13 18 248 199
13 19 104 128
13 20 129 224
13 21 161 215
13 22 113 200
13 23 175 109
13 24 233 247
14 15 106 181
14 16 129 236
14 17 151 107
14 18 133 143
14 19 90 218
14 20 168 219
14 21 218 100
14 22 101 133
14 23 219 235
14 24 180 115
15 16 234 139
15 17 144 200
15 18 184 105
15 19 170 184
15 20 148 156
15 21 240 96
15 22 173 94
15 23 172 161
15 24 242 142
16 17 120 164
16 18 216 208
16 19 175 97
16 20 200 236
16 21 217 107
16 22 189 248
16 23 206 199
16 24 144 127
17 18 180 177
17 19 118 119
17 20 150 167
17 21 182 155
17 22 183 150
17 23 172 185
17 24 121 159
18 19 198 154
18 20 158 219
18 21 116 166
18 22 233 247
18 23 119 132
18 24 212 96
19 20 150 187
19 21 94 224
19 22 110 243
19 23 112 206
19 24 187 99
20 21 194 133
20 22 174 122
20 23 206 158
20 24 172 169
21 22 192 115
21 23 148 196
21 24 231 207
22 23 172 141
22 24 165 116
23 24 164 133
