30
0 1 17 17
0 2 0 983
0 3 983 987
0 4 995 998
0 5 995 986
0 6 989 993
0 7 993 996
0 8 997 993
0 9 994 992
0 10 998 984
0 11 989 988
0 12 987 984
0 13 983 985
0 14 984 997
0 15 986 987
0 16 997 983
0 17 985 998
0 18 989 992
0 19 993 996
0 20 992 987
0 21 984 996
0 22 998 992
0 23 992 994
0 24 997 988
0 25 993 987
0 26 997 998
0 27 997 993
0 28 992 986
0 29 991 984
1 2 983 0
1 3 998 997
1 4 991 984
1 5 985 983
1 6 998 991
1 7 987 992
1 8 988 993
1 9 986 990
1 10 985 988
1 11 988 999
1 12 985 997
1 13 988 989
1 14 999 988
1 15 995 983
1 16 985 997
1 17 990 984
1 18 987 999
1 19 994 983
1 20 987 990
1 21 986 997
1 22 999 991
1 23 985 997
1 24 983 991
1 25 999 990
1 26 994 991
1 27 986 987
1 28 994 986
1 29 997 985
2 3 994 986
2 4 984 996
2 5 991 999
2 6 997 990
2 7 989 997
2 8 993 998
2 9 997 986
2 10 996 995
2 11 991 989
2 12 990 988
2 13 994 990
2 14 986 992
2 15 997 992
2 16 988 986
2 17 996 985
2 18 994 983
2 19 987 999
2 20 992 996
2 21 983 995
2 22 992 999
2 23 991 983
2 24 984 986
2 25 993 994
2 26 986 999
2 27 992 988
2 28 999 983
2 29 998 986
3 4 88 20
3 5 34 32
3 6 50 19
3 7 18 39
3 8 75 19
3 9 56 79
3 10 67 78
3 11 73 62
3 12 18 17
3 13 29 45
3 14 85 40
3 15 78 50
3 16 66 58
3 17 43 19
3 18 85 73
3 19 32 67
3 20 74 89
3 21 34 51
3 22 86 63
3 23 25 37
3 24 21 81
3 25 45 35
3 26 72 67
3 27 85 30
3 28 69 71
3 29 59 82
4 5 88 55
4 6 54 65
4 7 33 23
4 8 37 46
4 9 24 82
4 10 47 73
4 11 29 47
4 12 26 56
4 13 82 68
4 14 72 86
4 15 80 86
4 16 31 36
4 17 17 62
4 18 33 61
4 19 70 20
4 20 60 72
4 21 68 79
4 22 52 36
4 23 26 41
4 24 27 51
4 25 66 68
4 26 64 76
4 27 30 23
4 28 51 27
4 29 24 45
5 6 73 64
5 7 84 42
5 8 85 62
5 9 84 82
5 10 43 26
5 11 72 33
5 12 24 87
5 13 53 40
5 14 71 79
5 15 34 43
5 16 57 70
5 17 24 77
5 18 31 71
5 19 70 59
5 20 85 62
5 21 59 22
5 22 56 33
5 23 26 41
5 24 50 87
5 25 61 64
5 26 43 45
5 27 27 50
5 28 68 27
5 29 51 53
6 7 75 77
6 8 42 30
6 9 18 21
6 10 75 21
6 11 78 72
6 12 21 19
6 13 78 55
6 14 35 63
6 15 62 65
6 16 74 64
6 17 39 30
6 18 36 32
6 19 84 34
6 20 81 61
6 21 45 52
6 22 43 24
6 23 21 17
6 24 35 85
6 25 49 80
6 26 52 56
6 27 88 67
6 28 41 68
6 29 33 37
7 8 87 67
7 9 61 68
7 10 59 30
7 11 54 23
7 12 64 49
7 13 27 89
7 14 39 43
7 15 68 89
7 16 70 40
7 17 89 84
7 18 70 22
7 19 46 28
7 20 71 47
7 21 27 48
7 22 19 61
7 23 48 58
7 24 18 76
7 25 28 34
7 26 87 65
7 27 71 88
7 28 73 32
7 29 48 86
8 9 53 81
8 10 17 50
8 11 20 17
8 12 18 48
8 13 88 41
8 14 65 61
8 15 60 85
8 16 57 70
8 17 21 41
8 18 17 48
8 19 20 50
8 20 39 20
8 21 74 70
8 22 18 41
8 23 75 74
8 24 31 39
8 25 61 78
8 26 26 57
8 27 24 81
8 28 24 66
8 29 41 21
9 10 21 42
9 11 50 42
9 12 19 42
9 13 56 31
9 14 77 83
9 15 56 63
9 16 63 66
9 17 43 35
9 18 57 86
9 19 89 58
9 20 57 59
9 21 62 22
9 22 80 85
9 23 85 87
9 24 62 18
9 25 68 66
9 26 51 25
9 27 25 32
9 28 26 69
9 29 52 37
10 11 83 57
10 12 76 45
10 13 55 25
10 14 53 87
10 15 59 25
10 16 32 60
10 17 62 47
10 18 81 20
10 19 52 89
10 20 60 61
10 21 18 25
10 22 59 40
10 23 21 62
10 24 32 67
10 25 64 25
10 26 43 74
10 27 33 37
10 28 21 76
10 29 17 44
11 12 68 55
11 13 26 50
11 14 86 74
11 15 44 44
11 16 38 76
11 17 85 41
11 18 64 85
11 19 32 52
11 20 81 85
11 21 66 50
11 22 36 66
11 23 40 51
11 24 53 34
11 25 72 53
11 26 69 43
11 27 51 53
11 28 79 85
11 29 18 26
12 13 34 20
12 14 43 79
12 15 58 68
12 16 28 64
12 17 64 38
12 18 55 29
12 19 24 23
12 20 21 89
12 21 76 79
12 22 43 22
12 23 70 71
12 24 40 31
12 25 83 88
12 26 77 29
12 27 21 66
12 28 31 38
12 29 72 66
13 14 75 73
13 15 89 55
13 16 86 82
13 17 69 80
13 18 81 87
13 19 36 85
13 20 21 58
13 21 81 78
13 22 32 69
13 23 27 80
13 24 73 33
13 25 49 73
13 26 33 39
13 27 47 50
13 28 76 67
13 29 46 78
14 15 79 69
14 16 42 32
14 17 31 44
14 18 50 72
14 19 56 30
14 20 89 86
14 21 45 28
14 22 76 85
14 23 30 60
14 24 34 73
14 25 58 39
14 26 19 62
14 27 55 83
14 28 89 29
14 29 69 24
15 16 23 40
15 17 50 60
15 18 62 87
15 19 20 59
15 20 62 63
15 21 62 55
15 22 29 65
15 23 65 58
15 24 31 70
15 25 71 34
15 26 72 64
15 27 42 21
15 28 44 36
15 29 85 80
16 17 18 53
16 18 71 89
16 19 29 44
16 20 75 79
16 21 37 26
16 22 34 85
16 23 47 35
16 24 21 54
16 25 41 37
16 26 37 21
16 27 80 74
16 28 36 53
16 29 38 48
17 18 46 37
17 19 21 45
17 20 41 54
17 21 83 71
17 22 23 85
17 23 89 71
17 24 70 58
17 25 23 62
17 26 50 39
17 27 71 76
17 28 61 47
17 29 75 87
18 19 17 21
18 20 56 48
18 21 43 87
18 22 47 23
18 23 44 79
18 24 60 35
18 25 41 43
18 26 59 70
18 27 62 26
18 28 67 76
18 29 31 29
19 20 73 70
19 21 88 62
19 22 44 41
19 23 83 21
19 24 41 88
19 25 89 83
19 26 46 25
19 27 31 38
19 28 19 54
19 29 84 64
20 21 42 61
20 22 27 66
20 23 79 57
20 24 49 18
20 25 57 86
20 26 79 72
20 27 22 33
20 28 37 35
20 29 68 27
21 22 80 18
21 23 38 19
21 24 86 30
21 25 25 53
21 26 20 73
21 27 35 35
21 28 71 55
21 29 61 39
22 23 72 68
22 24 45 27
22 25 32 54
22 26 35 40
22 27 63 74
22 28 45 62
22 29 89 83
23 24 81 28
23 25 87 35
23 26 63 47
23 27 30 56
23 28 78 23
23 29 86 56
24 25 31 69
24 26 58 76
24 27 59 20
24 28 43 69
24 29 26 52
25 26 27 71
25 27 78 76
25 28 22 47
25 29 39 70
26 27 22 48
26 28 48 27
26 29 24 45
27 28 55 87
27 29 70 48
28 29 75 69
