33
0 1 30 30
0 2 0 970
0 3 976 996
0 4 982 973
0 5 970 984
0 6 979 981
0 7 981 976
0 8 985 987
0 9 997 981
0 10 977 997
0 11 971 975
0 12 975 995
0 13 992 977
0 14 991 997
0 15 991 974
0 16 973 988
0 17 987 976
0 18 973 985
0 19 998 979
0 20 985 974
0 21 989 977
0 22 979 988
0 23 991 972
0 24 970 998
0 25 991 979
0 26 984 980
0 27 977 987
0 28 981 995
0 29 986 983
0 30 994 978
0 31 996 980
0 32 980 999
1 2 970 0
1 3 982 992
1 4 985 990
1 5 987 988
1 6 992 993
1 7 981 971
1 8 983 986
1 9 970 999
1 10 995 974
1 11 995 980
1 12 973 997
1 13 980 986
1 14 983 990
1 15 980 995
1 16 989 988
1 17 989 970
1 18 981 979
1 19 979 993
1 20 974 993
1 21 999 975
1 22 983 991
1 23 987 993
1 24 991 990
1 25 984 993
1 26 986 999
1 27 977 986
1 28 996 984
1 29 982 994
1 30 974 987
1 31 995 982
1 32 999 985
2 3 972 992
2 4 999 987
2 5 974 980
2 6 977 991
2 7 976 971
2 8 988 977
2 9 978 976
2 10 989 978
2 11 997 972
2 12 985 987
2 13 970 978
2 14 990 998
2 15 978 996
2 16 980 970
2 17 997 971
2 18 986 972
2 19 988 972
2 20 976 989
2 21 986 984
2 22 986 999
2 23 981 978
2 24 973 977
2 25 977 979
2 26 999 989
2 27 972 973
2 28 979 975
2 29 981 986
2 30 973 992
2 31 977 980
2 32 987 997
3 4 110 30
3 5 84 138
3 6 97 69
3 7 136 52
3 8 68 78
3 9 96 62
3 10 34 36
3 11 135 105
3 12 129 87
3 13 57 89
3 14 119 97
3 15 139 45
3 16 83 66
3 17 106 129
3 18 131 105
3 19 41 72
3 20 65 70
3 21 87 59
3 22 102 70
3 23 71 37
3 24 122 84
3 25 39 85
3 26 41 91
3 27 45 99
3 28 131 48
3 29 84 54
3 30 31 30
3 31 51 131
3 32 41 60
4 5 86 93
4 6 35 67
4 7 105 104
4 8 50 75
4 9 85 39
4 10 98 42
4 11 54 133
4 12 103 40
4 13 37 116
4 14 54 68
4 15 67 104
4 16 92 135
4 17 38 86
4 18 37 46
4 19 107 98
4 20 100 112
4 21 124 70
4 22 128 68
4 23 44 74
4 24 71 33
4 25 50 102
4 26 130 56
4 27 101 84
4 28 128 126
4 29 69 138
4 30 69 111
4 31 123 98
4 32 132 80
5 6 127 95
5 7 38 101
5 8 35 136
5 9 73 42
5 10 51 30
5 11 93 128
5 12 49 51
5 13 92 45
5 14 105 119
5 15 120 47
5 16 102 84
5 17 55 78
5 18 87 58
5 19 121 116
5 20 125 133
5 21 91 75
5 22 63 52
5 23 111 125
5 24 133 30
5 25 93 92
5 26 59 106
5 27 38 134
5 28 98 110
5 29 66 117
5 30 125 139
5 31 65 34
5 32 33 71
6 7 82 126
6 8 37 92
6 9 88 120
6 10 96 76
6 11 53 65
6 12 134 81
6 13 44 136
6 14 39 47
6 15 88 93
6 16 104 77
6 17 82 97
6 18 121 79
6 19 41 36
6 20 108 120
6 21 85 49
6 22 119 127
6 23 92 61
6 24 135 77
6 25 111 63
6 26 32 126
6 27 134 49
6 28 108 33
6 29 41 136
6 30 45 81
6 31 123 124
6 32 63 39
7 8 127 135
7 9 112 114
7 10 43 96
7 11 137 88
7 12 52 69
7 13 48 64
7 14 139 132
7 15 126 82
7 16 131 72
7 17 45 89
7 18 38 62
7 19 91 85
7 20 118 120
7 21 132 49
7 22 37 67
7 23 50 115
7 24 37 93
7 25 134 49
7 26 79 40
7 27 59 33
7 28 119 91
7 29 45 44
7 30 47 51
7 31 121 47
7 32 74 48
8 9 87 79
8 10 59 67
8 11 87 107
8 12 65 51
8 13 104 127
8 14 111 61
8 15 109 61
8 16 68 127
8 17 94 127
8 18 66 120
8 19 65 34
8 20 33 87
8 21 92 30
8 22 56 34
8 23 109 37
8 24 53 104
8 25 44 127
8 26 127 102
8 27 53 97
8 28 78 51
8 29 89 80
8 30 108 77
8 31 133 119
8 32 31 129
9 10 69 71
9 11 59 110
9 12 91 53
9 13 56 121
9 14 120 79
9 15 71 46
9 16 98 100
9 17 76 64
9 18 89 48
9 19 108 124
9 20 122 78
9 21 55 96
9 22 74 137
9 23 106 75
9 24 85 105
9 25 69 88
9 26 129 47
9 27 93 89
9 28 66 39
9 29 51 37
9 30 81 91
9 31 138 103
9 32 59 54
10 11 93 135
10 12 89 85
10 13 136 120
10 14 33 106
10 15 91 31
10 16 85 62
10 17 35 46
10 18 58 65
10 19 72 53
10 20 125 66
10 21 37 81
10 22 115 34
10 23 95 59
10 24 121 43
10 25 111 110
10 26 81 110
10 27 102 47
10 28 111 128
10 29 120 58
10 30 73 42
10 31 77 95
10 32 51 46
11 12 97 35
11 13 90 55
11 14 134 130
11 15 128 42
11 16 131 86
11 17 79 88
11 18 122 115
11 19 104 84
11 20 126 116
11 21 92 101
11 22 95 121
11 23 52 85
11 24 30 131
11 25 77 105
11 26 124 100
11 27 125 109
11 28 104 63
11 29 115 110
11 30 100 81
11 31 122 67
11 32 90 110
12 13 38 121
12 14 62 112
12 15 72 125
12 16 40 133
12 17 130 84
12 18 71 41
12 19 85 45
12 20 126 98
12 21 131 54
12 22 77 126
12 23 77 111
12 24 138 54
12 25 139 64
12 26 129 134
12 27 90 31
12 28 71 88
12 29 132 74
12 30 36 74
12 31 125 134
12 32 121 49
13 14 61 43
13 15 119 102
13 16 79 104
13 17 120 96
13 18 118 138
13 19 98 112
13 20 91 106
13 21 107 58
13 22 40 96
13 23 95 64
13 24 115 124
13 25 99 101
13 26 42 48
13 27 41 30
13 28 77 134
13 29 55 56
13 30 97 80
13 31 80 137
13 32 44 104
14 15 34 70
14 16 102 51
14 17 57 85
14 18 83 128
14 19 119 97
14 20 75 139
14 21 73 43
14 22 34 121
14 23 103 70
14 24 108 136
14 25 80 34
14 26 48 104
14 27 112 86
14 28 49 136
14 29 44 42
14 30 42 95
14 31 80 126
14 32 88 77
15 16 137 36
15 17 128 62
15 18 129 98
15 19 119 129
15 20 83 38
15 21 62 119
15 22 95 78
15 23 109 81
15 24 55 109
15 25 118 76
15 26 125 128
15 27 71 97
15 28 111 102
15 29 60 134
15 30 99 57
15 31 76 122
15 32 31 85
16 17 138 121
16 18 53 130
16 19 103 112
16 20 130 77
16 21 35 57
16 22 90 100
16 23 128 51
16 24 122 55
16 25 68 39
16 26 78 111
16 27 58 115
16 28 134 122
16 29 58 74
16 30 31 74
16 31 127 63
16 32 125 47
17 18 109 81
17 19 100 85
17 20 66 101
17 21 84 69
17 22 93 67
17 23 90 102
17 24 86 37
17 25 99 110
17 26 99 127
17 27 55 132
17 28 70 108
17 29 34 126
17 30 83 73
17 31 91 34
17 32 129 115
18 19 39 45
18 20 118 131
18 21 42 50
18 22 54 110
18 23 46 100
18 24 126 130
18 25 37 75
18 26 43 112
18 27 118 138
18 28 76 112
18 29 115 130
18 30 77 114
18 31 101 125
18 32 139 49
19 20 118 107
19 21 118 74
19 22 92 108
19 23 51 71
19 24 66 40
19 25 41 110
19 26 138 109
19 27 55 60
19 28 53 70
19 29 93 123
19 30 38 123
19 31 119 91
19 32 133 38
20 21 138 138
20 22 116 88
20 23 122 67
20 24 85 103
20 25 30 57
20 26 105 103
20 27 66 93
20 28 71 39
20 29 87 86
20 30 64 124
20 31 31 60
20 32 121 54
21 22 101 131
21 23 138 127
21 24 31 59
21 25 59 39
21 26 77 112
21 27 125 106
21 28 74 139
21 29 71 132
21 30 37 68
21 31 97 84
21 32 47 62
22 23 34 109
22 24 63 37
22 25 84 61
22 26 51 111
22 27 42 78
22 28 135 115
22 29 43 63
22 30 133 102
22 31 137 60
22 32 136 66
23 24 137 33
23 25 96 96
23 26 77 61
23 27 82 73
23 28 81 96
23 29 39 117
23 30 72 128
23 31 139 45
23 32 60 51
24 25 62 64
24 26 117 34
24 27 42 33
24 28 127 72
24 29 108 120
24 30 60 103
24 31 123 53
24 32 131 69
25 26 67 125
25 27 76 44
25 28 69 50
25 29 128 84
25 30 86 91
25 31 84 102
25 32 99 36
26 27 110 88
26 28 121 130
26 29 39 80
26 30 109 62
26 31 73 49
26 32 38 121
27 28 75 74
27 29 116 63
27 30 47 59
27 31 39 104
27 32 45 99
28 29 122 114
28 30 81 72
28 31 40 71
28 32 107 57
29 30 49 128
29 31 129 34
29 32 60 73
30 31 106 90
30 32 46 51
31 32 91 102
