33
0 1 22 22
0 2 0 978
0 3 981 982
0 4 988 985
0 5 992 985
0 6 978 992
0 7 994 979
0 8 984 994
0 9 994 999
0 10 984 989
0 11 996 983
0 12 990 993
0 13 988 980
0 14 980 980
0 15 999 995
0 16 990 998
0 17 998 983
0 18 986 986
0 19 995 995
0 20 982 992
0 21 989 987
0 22 996 993
0 23 996 999
0 24 998 991
0 25 983 987
0 26 997 992
0 27 983 999
0 28 990 978
0 29 981 988
0 30 997 981
0 31 985 997
0 32 997 995
1 2 978 0
1 3 982 986
1 4 981 993
1 5 987 981
1 6 994 993
1 7 981 996
1 8 995 981
1 9 997 979
1 10 987 987
1 11 982 992
1 12 992 996
1 13 981 999
1 14 988 992
1 15 989 991
1 16 984 997
1 17 993 982
1 18 994 978
1 19 982 997
1 20 998 984
1 21 995 983
1 22 993 985
1 23 994 984
1 24 994 996
1 25 993 991
1 26 997 979
1 27 988 990
1 28 978 980
1 29 985 983
1 30 993 979
1 31 982 992
1 32 990 994
2 3 988 994
2 4 992 978
2 5 979 993
2 6 980 993
2 7 999 986
2 8 986 996
2 9 983 987
2 10 998 994
2 11 983 988
2 12 980 986
2 13 983 983
2 14 983 991
2 15 996 982
2 16 982 988
2 17 996 985
2 18 980 985
2 19 985 995
2 20 982 988
2 21 980 986
2 22 986 994
2 23 978 990
2 24 991 997
2 25 993 984
2 26 986 997
2 27 999 981
2 28 999 982
2 29 997 992
2 30 982 990
2 31 997 986
2 32 981 996
3 4 58 55
3 5 50 34
3 6 34 44
3 7 23 83
3 8 70 74
3 9 61 89
3 10 87 70
3 11 82 48
3 12 64 33
3 13 79 65
3 14 39 22
3 15 25 83
3 16 36 64
3 17 60 30
3 18 77 22
3 19 59 88
3 20 66 25
3 21 71 74
3 22 31 39
3 23 26 39
3 24 71 71
3 25 24 66
3 26 57 89
3 27 36 66
3 28 77 73
3 29 44 68
3 30 38 72
3 31 55 24
3 32 74 41
4 5 45 78
4 6 69 85
4 7 45 32
4 8 69 37
4 9 48 38
4 10 24 44
4 11 52 50
4 12 75 85
4 13 24 64
4 14 69 68
4 15 27 65
4 16 65 53
4 17 22 59
4 18 25 36
4 19 66 42
4 20 25 31
4 21 61 37
4 22 84 38
4 23 67 39
4 24 71 34
4 25 25 77
4 26 87 60
4 27 36 49
4 28 56 28
4 29 34 35
4 30 26 30
4 31 59 25
4 32 30 63
5 6 80 76
5 7 88 78
5 8 73 84
5 9 69 36
5 10 50 38
5 11 84 26
5 12 51 56
5 13 61 36
5 14 56 43
5 15 54 74
5 16 51 80
5 17 37 27
5 18 36 58
5 19 80 83
5 20 64 76
5 21 41 82
5 22 66 74
5 23 28 37
5 24 70 66
5 25 44 74
5 26 25 37
5 27 82 41
5 28 43 76
5 29 78 64
5 30 65 41
5 31 80 80
5 32 58 52
6 7 81 80
6 8 88 88
6 9 75 65
6 10 78 84
6 11 26 28
6 12 54 60
6 13 40 40
6 14 46 56
6 15 60 36
6 16 89 42
6 17 77 72
6 18 76 73
6 19 22 48
6 20 88 41
6 21 85 26
6 22 69 76
6 23 71 87
6 24 39 36
6 25 34 76
6 26 65 45
6 27 61 66
6 28 62 56
6 29 52 73
6 30 29 48
6 31 50 55
6 32 43 49
7 8 34 51
7 9 51 43
7 10 45 31
7 11 58 31
7 12 31 84
7 13 53 80
7 14 27 83
7 15 73 24
7 16 56 45
7 17 85 23
7 18 82 26
7 19 51 42
7 20 67 43
7 21 56 39
7 22 54 75
7 23 68 27
7 24 52 87
7 25 83 56
7 26 28 29
7 27 66 54
7 28 70 69
7 29 50 51
7 30 87 24
7 31 49 78
7 32 67 22
8 9 55 33
8 10 66 31
8 11 60 23
8 12 76 47
8 13 85 59
8 14 26 63
8 15 83 87
8 16 51 48
8 17 33 63
8 18 56 62
8 19 57 70
8 20 57 61
8 21 49 49
8 22 40 57
8 23 80 51
8 24 80 42
8 25 51 60
8 26 36 65
8 27 73 87
8 28 74 58
8 29 24 70
8 30 45 59
8 31 40 53
8 32 64 64
9 10 36 40
9 11 71 37
9 12 50 60
9 13 35 74
9 14 68 57
9 15 41 44
9 16 39 46
9 17 88 64
9 18 57 31
9 19 77 43
9 20 34 29
9 21 81 73
9 22 30 42
9 23 65 44
9 24 72 36
9 25 63 74
9 26 25 53
9 27 54 38
9 28 77 26
9 29 64 26
9 30 66 60
9 31 25 87
9 32 26 39
10 11 72 22
10 12 69 76
10 13 34 37
10 14 53 79
10 15 67 84
10 16 38 64
10 17 46 47
10 18 57 49
10 19 40 89
10 20 55 86
10 21 50 80
10 22 57 45
10 23 80 42
10 24 33 41
10 25 86 25
10 26 86 29
10 27 79 67
10 28 26 54
10 29 56 65
10 30 38 59
10 31 86 39
10 32 29 26
11 12 73 80
11 13 27 46
11 14 81 87
11 15 69 38
11 16 32 57
11 17 69 71
11 18 79 35
11 19 74 33
11 20 83 49
11 21 30 81
11 22 25 57
11 23 88 55
11 24 57 81
11 25 75 36
11 26 50 77
11 27 76 77
11 28 22 81
11 29 26 89
11 30 31 38
11 31 27 43
11 32 68 43
12 13 59 33
12 14 32 79
12 15 67 33
12 16 24 85
12 17 82 69
12 18 69 73
12 19 82 72
12 20 71 53
12 21 71 37
12 22 86 56
12 23 24 69
12 24 38 45
12 25 40 29
12 26 47 86
12 27 44 40
12 28 74 42
12 29 51 48
12 30 60 42
12 31 86 54
12 32 65 50
13 14 36 22
13 15 62 32
13 16 58 51
13 17 35 86
13 18 85 22
13 19 49 41
13 20 23 41
13 21 76 26
13 22 49 70
13 23 48 68
13 24 82 29
13 25 72 89
13 26 89 65
13 27 29 44
13 28 89 56
13 29 39 35
13 30 51 27
13 31 36 63
13 32 22 78
14 15 84 56
14 16 70 82
14 17 25 46
14 18 30 84
14 19 85 82
14 20 54 52
14 21 74 66
14 22 33 32
14 23 83 88
14 24 79 50
14 25 62 86
14 26 89 84
14 27 22 31
14 28 53 58
14 29 74 80
14 30 52 39
14 31 23 65
14 32 82 67
15 16 82 72
15 17 52 56
15 18 53 64
15 19 82 43
15 20 33 61
15 21 61 50
15 22 51 77
15 23 33 30
15 24 48 25
15 25 34 43
15 26 64 66
15 27 87 79
15 28 78 86
15 29 35 63
15 30 80 82
15 31 23 47
15 32 54 31
16 17 60 38
16 18 89 67
16 19 60 51
16 20 43 39
16 21 46 61
16 22 48 32
16 23 65 43
16 24 36 58
16 25 66 48
16 26 31 39
16 27 80 58
16 28 24 68
16 29 66 76
16 30 39 52
16 31 74 83
16 32 57 39
17 18 30 59
17 19 33 32
17 20 49 75
17 21 23 36
17 22 34 70
17 23 23 57
17 24 22 63
17 25 58 56
17 26 66 34
17 27 55 47
17 28 59 86
17 29 33 49
17 30 32 24
17 31 56 55
17 32 72 67
18 19 49 64
18 20 25 32
18 21 42 63
18 22 37 85
18 23 25 41
18 24 41 49
18 25 81 23
18 26 42 61
18 27 62 70
18 28 83 57
18 29 23 33
18 30 38 47
18 31 62 75
18 32 84 23
19 20 57 27
19 21 30 78
19 22 35 75
19 23 51 44
19 24 41 27
19 25 38 87
19 26 25 33
19 27 51 32
19 28 51 55
19 29 86 40
19 30 34 24
19 31 86 66
19 32 78 29
20 21 52 76
20 22 77 34
20 23 86 61
20 24 85 38
20 25 82 74
20 26 60 41
20 27 86 75
20 28 27 42
20 29 88 59
20 30 26 41
20 31 55 85
20 32 76 38
21 22 25 46
21 23 67 50
21 24 74 35
21 25 48 42
21 26 63 42
21 27 82 23
21 28 23 36
21 29 59 60
21 30 39 28
21 31 86 44
21 32 86 69
22 23 75 88
22 24 64 84
22 25 52 55
22 26 40 83
22 27 76 82
22 28 59 65
22 29 27 79
22 30 24 44
22 31 33 49
22 32 60 25
23 24 78 69
23 25 22 42
23 26 51 88
23 27 50 43
23 28 56 75
23 29 38 32
23 30 48 39
23 31 57 78
23 32 63 61
24 25 45 69
24 26 68 47
24 27 66 79
24 28 76 58
24 29 49 34
24 30 64 71
24 31 52 39
24 32 32 69
25 26 68 46
25 27 75 64
25 28 69 27
25 29 76 33
25 30 27 45
25 31 45 45
25 32 87 38
26 27 23 60
26 28 49 70
26 29 33 75
26 30 84 72
26 31 75 75
26 32 76 79
27 28 63 44
27 29 32 86
27 30 37 22
27 31 31 63
27 32 83 63
28 29 57 69
28 30 35 63
28 31 38 75
28 32 31 33
29 30 34 25
29 31 66 24
29 32 79 57
30 31 75 65
30 32 70 79
31 32 31 28
