38
0 1 30 30
0 2 0 970
0 3 970 995
0 4 978 997
0 5 973 990
0 6 979 974
0 7 994 970
0 8 984 992
0 9 972 995
0 10 985 990
0 11 993 972
0 12 981 988
0 13 984 971
0 14 978 971
0 15 982 991
0 16 986 972
0 17 976 978
0 18 994 994
0 19 993 973
0 20 978 983
0 21 977 983
0 22 997 977
0 23 975 994
0 24 988 974
0 25 999 997
0 26 980 996
0 27 999 981
0 28 978 987
0 29 990 989
0 30 978 974
0 31 973 973
0 32 998 984
0 33 997 971
0 34 981 977
0 35 984 995
0 36 983 981
0 37 988 973
1 2 970 0
1 3 980 991
1 4 988 982
1 5 976 989
1 6 977 995
1 7 999 975
1 8 976 976
1 9 974 975
1 10 973 988
1 11 997 979
1 12 975 971
1 13 996 981
1 14 983 997
1 15 982 995
1 16 994 985
1 17 979 970
1 18 976 976
1 19 986 976
1 20 974 993
1 21 971 998
1 22 982 990
1 23 999 981
1 24 981 982
1 25 981 973
1 26 999 983
1 27 998 971
1 28 983 996
1 29 995 998
1 30 977 998
1 31 980 998
1 32 970 988
1 33 981 985
1 34 978 976
1 35 991 976
1 36 982 973
1 37 991 999
2 3 973 986
2 4 979 971
2 5 991 987
2 6 992 983
2 7 999 974
2 8 998 996
2 9 990 991
2 10 995 980
2 11 975 989
2 12 979 992
2 13 972 983
2 14 989 992
2 15 971 985
2 16 999 975
2 17 995 975
2 18 996 972
2 19 993 989
2 20 982 983
2 21 993 987
2 22 989 976
2 23 991 992
2 24 970 992
2 25 995 981
2 26 984 978
2 27 970 995
2 28 976 995
2 29 983 982
2 30 975 982
2 31 980 980
2 32 971 993
2 33 988 997
2 34 980 974
2 35 993 972
2 36 972 990
2 37 977 991
3 4 193 300
3 5 296 301
3 6 79 315
3 7 309 340
3 8 314 285
3 9 126 341
3 10 295 66
3 11 160 296
3 12 154 309
3 13 256 129
3 14 109 268
3 15 43 203
3 16 49 36
3 17 172 187
3 18 88 41
3 19 57 227
3 20 292 50
3 21 314 325
3 22 260 103
3 23 142 329
3 24 136 96
3 25 108 40
3 26 82 254
3 27 169 114
3 28 163 302
3 29 131 80
3 30 229 105
3 31 274 315
3 32 194 324
3 33 70 215
3 34 90 250
3 35 289 40
3 36 348 71
3 37 303 112
4 5 201 44
4 6 115 301
4 7 218 253
4 8 250 312
4 9 290 106
4 10 284 302
4 11 51 81
4 12 315 52
4 13 263 334
4 14 125 342
4 15 180 331
4 16 317 172
4 17 332 175
4 18 334 91
4 19 290 256
4 20 314 333
4 21 221 316
4 22 344 295
4 23 100 47
4 24 156 46
4 25 72 115
4 26 189 41
4 27 85 184
4 28 288 313
4 29 143 117
4 30 233 141
4 31 177 250
4 32 275 269
4 33 343 273
4 34 322 297
4 35 152 194
4 36 101 278
4 37 296 186
5 6 273 47
5 7 281 70
5 8 334 322
5 9 113 155
5 10 182 244
5 11 177 299
5 12 40 51
5 13 168 169
5 14 111 164
5 15 168 151
5 16 331 36
5 17 224 226
5 18 325 107
5 19 224 38
5 20 237 67
5 21 46 165
5 22 340 275
5 23 103 104
5 24 146 141
5 25 330 294
5 26 217 181
5 27 330 208
5 28 301 66
5 29 210 295
5 30 136 207
5 31 331 89
5 32 158 306
5 33 33 121
5 34 120 257
5 35 74 215
5 36 284 80
5 37 118 104
6 7 286 93
6 8 259 232
6 9 307 320
6 10 202 348
6 11 152 325
6 12 119 137
6 13 319 36
6 14 340 188
6 15 99 212
6 16 47 315
6 17 327 104
6 18 132 198
6 19 153 116
6 20 123 298
6 21 302 31
6 22 309 126
6 23 273 195
6 24 285 310
6 25 288 284
6 26 97 180
6 27 157 131
6 28 322 129
6 29 48 57
6 30 117 205
6 31 68 180
6 32 126 57
6 33 158 96
6 34 239 129
6 35 334 169
6 36 41 165
6 37 314 109
7 8 92 69
7 9 276 328
7 10 282 229
7 11 132 315
7 12 145 249
7 13 129 58
7 14 166 161
7 15 262 299
7 16 167 173
7 17 101 161
7 18 223 160
7 19 58 259
7 20 59 275
7 21 238 250
7 22 187 144
7 23 153 95
7 24 186 123
7 25 128 138
7 26 125 206
7 27 285 212
7 28 51 224
7 29 251 97
7 30 94 121
7 31 245 132
7 32 129 82
7 33 199 60
7 34 256 173
7 35 41 222
7 36 91 36
7 37 191 244
8 9 345 309
8 10 43 224
8 11 32 99
8 12 34 41
8 13 323 107
8 14 99 72
8 15 297 147
8 16 256 88
8 17 152 35
8 18 237 340
8 19 120 154
8 20 282 330
8 21 37 304
8 22 109 121
8 23 140 342
8 24 344 53
8 25 309 115
8 26 169 48
8 27 209 212
8 28 189 190
8 29 141 302
8 30 265 319
8 31 70 168
8 32 128 237
8 33 158 295
8 34 170 59
8 35 50 296
8 36 109 71
8 37 64 173
9 10 63 93
9 11 161 87
9 12 55 104
9 13 242 106
9 14 42 35
9 15 82 205
9 16 332 200
9 17 224 269
9 18 136 305
9 19 184 237
9 20 37 114
9 21 135 164
9 22 281 195
9 23 263 94
9 24 84 316
9 25 252 274
9 26 342 131
9 27 319 289
9 28 249 249
9 29 262 211
9 30 103 109
9 31 97 32
9 32 34 176
9 33 151 289
9 34 105 247
9 35 156 251
9 36 200 176
9 37 66 177
10 11 163 328
10 12 226 139
10 13 195 185
10 14 212 318
10 15 62 204
10 16 227 65
10 17 235 140
10 18 234 68
10 19 66 71
10 20 279 279
10 21 99 202
10 22 109 244
10 23 87 44
10 24 112 168
10 25 66 170
10 26 334 345
10 27 244 51
10 28 188 166
10 29 330 347
10 30 267 297
10 31 294 253
10 32 115 76
10 33 329 259
10 34 256 288
10 35 346 190
10 36 147 42
10 37 335 34
11 12 86 60
11 13 52 98
11 14 99 41
11 15 321 258
11 16 81 216
11 17 251 181
11 18 140 279
11 19 104 84
11 20 58 104
11 21 164 230
11 22 333 262
11 23 287 168
11 24 95 68
11 25 283 208
11 26 93 112
11 27 116 332
11 28 216 328
11 29 144 229
11 30 152 192
11 31 332 106
11 32 292 193
11 33 92 342
11 34 311 287
11 35 315 64
11 36 307 99
11 37 78 157
12 13 294 145
12 14 85 231
12 15 136 174
12 16 137 253
12 17 276 63
12 18 166 252
12 19 224 209
12 20 181 302
12 21 240 166
12 22 125 256
12 23 244 128
12 24 158 119
12 25 144 89
12 26 266 347
12 27 207 300
12 28 349 311
12 29 144 55
12 30 156 91
12 31 85 148
12 32 162 194
12 33 291 296
12 34 188 90
12 35 228 221
12 36 193 111
12 37 323 66
13 14 280 334
13 15 182 146
13 16 207 156
13 17 37 118
13 18 237 157
13 19 294 143
13 20 324 132
13 21 213 272
13 22 272 59
13 23 294 151
13 24 116 91
13 25 333 184
13 26 321 176
13 27 306 279
13 28 144 195
13 29 65 165
13 30 274 121
13 31 91 280
13 32 38 276
13 33 48 113
13 34 323 188
13 35 249 181
13 36 337 235
13 37 65 246
14 15 70 68
14 16 167 158
14 17 117 132
14 18 73 158
14 19 70 98
14 20 75 126
14 21 116 195
14 22 266 215
14 23 174 197
14 24 348 235
14 25 56 77
14 26 200 116
14 27 280 166
14 28 328 288
14 29 293 321
14 30 95 169
14 31 248 34
14 32 123 78
14 33 195 253
14 34 86 42
14 35 332 79
14 36 35 110
14 37 87 54
15 16 46 75
15 17 170 50
15 18 321 264
15 19 105 294
15 20 85 262
15 21 95 204
15 22 256 63
15 23 104 217
15 24 81 31
15 25 111 242
15 26 322 50
15 27 218 271
15 28 87 92
15 29 313 262
15 30 331 154
15 31 126 241
15 32 218 77
15 33 158 63
15 34 231 238
15 35 279 202
15 36 120 87
15 37 136 48
16 17 181 214
16 18 122 190
16 19 221 173
16 20 191 262
16 21 86 120
16 22 329 101
16 23 126 98
16 24 231 64
16 25 334 124
16 26 348 57
16 27 116 301
16 28 94 90
16 29 239 203
16 30 283 60
16 31 111 36
16 32 49 34
16 33 326 49
16 34 136 83
16 35 327 203
16 36 86 257
16 37 136 106
17 18 223 254
17 19 152 196
17 20 263 308
17 21 252 66
17 22 250 229
17 23 76 312
17 24 236 61
17 25 305 239
17 26 147 336
17 27 201 230
17 28 35 140
17 29 300 309
17 30 323 347
17 31 50 301
17 32 58 141
17 33 161 316
17 34 266 238
17 35 81 130
17 36 268 190
17 37 197 280
18 19 43 114
18 20 331 113
18 21 284 62
18 22 198 209
18 23 235 186
18 24 192 129
18 25 344 260
18 26 51 327
18 27 342 60
18 28 285 276
18 29 302 337
18 30 84 92
18 31 223 330
18 32 254 46
18 33 250 230
18 34 250 237
18 35 144 216
18 36 170 347
18 37 139 309
19 20 349 235
19 21 339 91
19 22 59 222
19 23 62 314
19 24 260 335
19 25 162 74
19 26 311 335
19 27 320 204
19 28 341 59
19 29 160 285
19 30 137 291
19 31 323 336
19 32 264 187
19 33 330 291
19 34 184 38
19 35 305 152
19 36 287 33
19 37 137 206
20 21 185 339
20 22 49 170
20 23 266 172
20 24 69 344
20 25 295 139
20 26 244 205
20 27 286 35
20 28 208 75
20 29 208 32
20 30 199 41
20 31 308 76
20 32 320 127
20 33 170 32
20 34 340 42
20 35 302 229
20 36 36 235
20 37 335 274
21 22 161 332
21 23 135 323
21 24 105 149
21 25 71 318
21 26 193 114
21 27 33 121
21 28 185 126
21 29 113 326
21 30 332 123
21 31 266 324
21 32 175 33
21 33 95 131
21 34 229 229
21 35 275 314
21 36 310 104
21 37 263 312
22 23 305 173
22 24 96 268
22 25 333 342
22 26 105 111
22 27 79 203
22 28 174 334
22 29 146 264
22 30 170 326
22 31 123 219
22 32 301 349
22 33 228 111
22 34 221 48
22 35 336 178
22 36 302 236
22 37 212 143
23 24 175 266
23 25 110 321
23 26 43 206
23 27 177 112
23 28 349 160
23 29 64 343
23 30 197 217
23 31 215 227
23 32 92 272
23 33 264 272
23 34 349 271
23 35 52 62
23 36 238 110
23 37 341 277
24 25 250 34
24 26 318 167
24 27 311 216
24 28 134 200
24 29 262 246
24 30 173 52
24 31 56 146
24 32 205 273
24 33 210 287
24 34 40 152
24 35 223 90
24 36 71 193
24 37 126 98
25 26 31 245
25 27 229 148
25 28 110 265
25 29 51 319
25 30 157 36
25 31 56 267
25 32 40 314
25 33 84 119
25 34 76 135
25 35 309 110
25 36 238 190
25 37 284 319
26 27 281 48
26 28 201 246
26 29 100 186
26 30 178 75
26 31 211 279
26 32 138 93
26 33 222 59
26 34 60 225
26 35 101 142
26 36 142 123
26 37 335 316
27 28 166 319
27 29 285 229
27 30 300 89
27 31 339 219
27 32 154 40
27 33 292 156
27 34 308 121
27 35 274 340
27 36 314 34
27 37 301 240
28 29 316 180
28 30 184 333
28 31 279 194
28 32 297 317
28 33 248 89
28 34 275 208
28 35 331 220
28 36 347 85
28 37 226 287
29 30 49 329
29 31 151 72
29 32 121 186
29 33 308 86
29 34 297 182
29 35 100 347
29 36 199 160
29 37 347 347
30 31 75 241
30 32 121 228
30 33 224 234
30 34 189 237
30 35 174 117
30 36 66 268
30 37 229 82
31 32 141 300
31 33 137 96
31 34 77 232
31 35 286 67
31 36 323 165
31 37 256 127
32 33 184 328
32 34 176 121
32 35 110 303
32 36 308 68
32 37 106 236
33 34 122 90
33 35 95 125
33 36 215 155
33 37 234 36
34 35 282 49
34 36 144 316
34 37 205 273
35 36 246 83
35 37 303 219
36 37 151 161
