38
0 1 26 26
0 2 0 974
0 3 980 981
0 4 995 978
0 5 993 991
0 6 976 991
0 7 999 979
0 8 982 990
0 9 990 986
0 10 982 979
0 11 990 975
0 12 992 995
0 13 992 986
0 14 987 990
0 15 974 984
0 16 984 996
0 17 999 980
0 18 980 978
0 19 980 985
0 20 989 986
0 21 995 981
0 22 988 989
0 23 975 979
0 24 992 987
0 25 991 997
0 26 978 985
0 27 984 989
0 28 992 985
0 29 997 996
0 30 986 987
0 31 999 997
0 32 996 988
0 33 992 986
0 34 988 989
0 35 981 977
0 36 992 996
0 37 997 986
1 2 974 0
1 3 976 996
1 4 992 986
1 5 978 976
1 6 985 996
1 7 978 993
1 8 974 979
1 9 991 993
1 10 979 986
1 11 979 981
1 12 974 979
1 13 982 999
1 14 994 978
1 15 998 990
1 16 989 995
1 17 988 992
1 18 981 987
1 19 978 977
1 20 984 980
1 21 988 997
1 22 991 977
1 23 994 977
1 24 989 982
1 25 998 976
1 26 978 992
1 27 985 986
1 28 995 991
1 29 977 974
1 30 992 992
1 31 987 996
1 32 992 990
1 33 996 986
1 34 979 999
1 35 990 996
1 36 991 996
1 37 974 988
2 3 974 981
2 4 996 986
2 5 995 976
2 6 999 986
2 7 989 989
2 8 988 984
2 9 999 994
2 10 991 991
2 11 987 985
2 12 983 983
2 13 999 983
2 14 980 994
2 15 987 978
2 16 983 992
2 17 975 991
2 18 983 977
2 19 995 977
2 20 987 998
2 21 992 989
2 22 985 985
2 23 986 983
2 24 982 985
2 25 975 985
2 26 984 987
2 27 996 988
2 28 976 977
2 29 988 985
2 30 980 985
2 31 983 978
2 32 989 998
2 33 976 974
2 34 987 988
2 35 986 984
2 36 976 998
2 37 976 979
3 4 32 52
3 5 44 170
3 6 142 112
3 7 105 53
3 8 221 86
3 9 41 179
3 10 224 117
3 11 31 41
3 12 169 137
3 13 259 60
3 14 46 218
3 15 260 195
3 16 265 79
3 17 151 130
3 18 241 247
3 19 255 109
3 20 253 275
3 21 251 263
3 22 59 31
3 23 76 102
3 24 139 40
3 25 153 73
3 26 174 60
3 27 204 41
3 28 208 56
3 29 267 270
3 30 115 95
3 31 59 46
3 32 271 215
3 33 119 120
3 34 69 62
3 35 28 264
3 36 232 64
3 37 155 228
4 5 131 146
4 6 83 199
4 7 239 68
4 8 154 113
4 9 84 277
4 10 263 155
4 11 180 227
4 12 217 215
4 13 139 235
4 14 240 229
4 15 86 163
4 16 113 244
4 17 195 274
4 18 132 172
4 19 167 207
4 20 104 182
4 21 105 100
4 22 251 208
4 23 262 27
4 24 253 213
4 25 198 89
4 26 217 111
4 27 166 260
4 28 36 143
4 29 123 136
4 30 99 126
4 31 56 82
4 32 149 222
4 33 151 98
4 34 252 174
4 35 242 183
4 36 176 170
4 37 220 279
5 6 48 53
5 7 123 153
5 8 145 266
5 9 183 174
5 10 95 91
5 11 28 254
5 12 234 99
5 13 241 71
5 14 82 279
5 15 251 193
5 16 52 257
5 17 145 124
5 18 255 47
5 19 271 266
5 20 271 251
5 21 185 93
5 22 261 86
5 23 241 35
5 24 268 76
5 25 61 175
5 26 199 42
5 27 179 251
5 28 182 105
5 29 29 136
5 30 252 78
5 31 55 252
5 32 132 42
5 33 252 113
5 34 94 153
5 35 59 144
5 36 236 132
5 37 227 271
6 7 80 225
6 8 83 210
6 9 163 230
6 10 40 274
6 11 142 117
6 12 264 75
6 13 93 171
6 14 95 152
6 15 97 172
6 16 169 204
6 17 40 109
6 18 127 169
6 19 55 112
6 20 78 54
6 21 174 58
6 22 36 113
6 23 229 30
6 24 59 87
6 25 151 166
6 26 186 168
6 27 71 152
6 28 143 143
6 29 28 70
6 30 254 247
6 31 92 77
6 32 102 233
6 33 142 78
6 34 106 33
6 35 203 239
6 36 32 172
6 37 79 239
7 8 108 121
7 9 253 178
7 10 233 49
7 11 143 193
7 12 259 172
7 13 173 93
7 14 136 239
7 15 255 179
7 16 199 57
7 17 203 277
7 18 208 71
7 19 197 165
7 20 35 276
7 21 211 117
7 22 272 167
7 23 114 112
7 24 256 28
7 25 198 192
7 26 29 95
7 27 44 106
7 28 196 88
7 29 41 44
7 30 180 237
7 31 148 112
7 32 234 165
7 33 106 155
7 34 45 123
7 35 138 115
7 36 238 223
7 37 187 151
8 9 234 154
8 10 213 185
8 11 86 170
8 12 134 117
8 13 263 228
8 14 27 188
8 15 201 244
8 16 62 201
8 17 273 214
8 18 260 145
8 19 162 139
8 20 217 200
8 21 266 76
8 22 42 260
8 23 166 116
8 24 167 154
8 25 276 201
8 26 213 225
8 27 55 98
8 28 110 214
8 29 151 259
8 30 107 133
8 31 187 93
8 32 75 147
8 33 132 214
8 34 29 225
8 35 141 186
8 36 171 211
8 37 174 268
9 10 170 246
9 11 29 87
9 12 260 61
9 13 197 179
9 14 212 258
9 15 68 172
9 16 35 194
9 17 40 120
9 18 178 42
9 19 35 233
9 20 221 145
9 21 97 163
9 22 34 35
9 23 64 149
9 24 237 57
9 25 155 263
9 26 134 248
9 27 27 138
9 28 236 230
9 29 180 56
9 30 89 147
9 31 86 106
9 32 138 228
9 33 165 173
9 34 216 64
9 35 84 30
9 36 139 119
9 37 86 148
10 11 252 60
10 12 45 58
10 13 259 156
10 14 273 195
10 15 183 109
10 16 190 103
10 17 126 111
10 18 238 28
10 19 271 217
10 20 80 115
10 21 250 241
10 22 151 149
10 23 90 95
10 24 67 244
10 25 269 58
10 26 81 217
10 27 178 235
10 28 109 160
10 29 227 145
10 30 104 33
10 31 99 60
10 32 124 207
10 33 251 133
10 34 135 254
10 35 83 160
10 36 212 108
10 37 236 147
11 12 166 269
11 13 195 225
11 14 216 94
11 15 89 170
11 16 54 122
11 17 253 259
11 18 170 143
11 19 119 198
11 20 277 272
11 21 50 177
11 22 96 176
11 23 271 171
11 24 194 85
11 25 175 240
11 26 250 110
11 27 37 53
11 28 225 136
11 29 232 270
11 30 50 193
11 31 150 203
11 32 175 209
11 33 61 38
11 34 181 115
11 35 58 129
11 36 46 58
11 37 202 112
12 13 117 157
12 14 259 26
12 15 190 158
12 16 165 27
12 17 85 126
12 18 239 196
12 19 167 154
12 20 41 178
12 21 149 96
12 22 247 247
12 23 156 237
12 24 196 80
12 25 271 219
12 26 105 73
12 27 192 49
12 28 91 163
12 29 278 204
12 30 47 169
12 31 229 91
12 32 161 93
12 33 233 50
12 34 267 144
12 35 245 28
12 36 38 274
12 37 176 198
13 14 59 121
13 15 232 160
13 16 39 256
13 17 94 41
13 18 257 133
13 19 113 246
13 20 183 51
13 21 102 273
13 22 77 100
13 23 27 71
13 24 160 137
13 25 269 79
13 26 77 72
13 27 40 238
13 28 224 115
13 29 55 159
13 30 268 252
13 31 90 219
13 32 247 227
13 33 219 208
13 34 73 81
13 35 218 36
13 36 124 118
13 37 185 52
14 15 174 265
14 16 104 163
14 17 87 27
14 18 271 111
14 19 117 115
14 20 75 176
14 21 171 238
14 22 30 100
14 23 239 88
14 24 96 173
14 25 215 131
14 26 137 249
14 27 109 176
14 28 241 122
14 29 250 136
14 30 272 242
14 31 228 185
14 32 212 227
14 33 194 111
14 34 259 241
14 35 263 32
14 36 108 159
14 37 121 252
15 16 51 131
15 17 171 129
15 18 36 132
15 19 32 264
15 20 73 279
15 21 244 26
15 22 55 125
15 23 31 270
15 24 261 131
15 25 32 133
15 26 50 60
15 27 47 192
15 28 210 203
15 29 252 262
15 30 86 126
15 31 138 251
15 32 274 142
15 33 230 267
15 34 191 97
15 35 250 268
15 36 49 144
15 37 94 219
16 17 172 277
16 18 266 130
16 19 85 257
16 20 200 275
16 21 144 257
16 22 259 96
16 23 71 121
16 24 200 65
16 25 165 271
16 26 145 238
16 27 96 248
16 28 132 269
16 29 168 89
16 30 110 112
16 31 112 73
16 32 211 200
16 33 80 148
16 34 31 188
16 35 64 199
16 36 69 258
16 37 198 102
17 18 127 86
17 19 217 132
17 20 70 177
17 21 66 181
17 22 260 74
17 23 257 129
17 24 176 159
17 25 223 211
17 26 87 32
17 27 86 136
17 28 191 275
17 29 215 98
17 30 156 236
17 31 146 268
17 32 142 105
17 33 31 136
17 34 237 215
17 35 132 84
17 36 101 204
17 37 70 267
18 19 183 218
18 20 186 157
18 21 37 76
18 22 138 213
18 23 46 59
18 24 278 75
18 25 71 189
18 26 252 175
18 27 225 59
18 28 206 34
18 29 199 131
18 30 191 151
18 31 220 123
18 32 257 41
18 33 207 270
18 34 279 74
18 35 94 75
18 36 194 144
18 37 64 210
19 20 215 195
19 21 179 66
19 22 37 246
19 23 176 50
19 24 79 266
19 25 85 125
19 26 128 127
19 27 118 241
19 28 66 61
19 29 133 223
19 30 188 135
19 31 128 105
19 32 161 208
19 33 192 83
19 34 264 249
19 35 263 209
19 36 211 266
19 37 114 204
20 21 150 37
20 22 195 158
20 23 122 167
20 24 265 33
20 25 252 91
20 26 134 241
20 27 187 95
20 28 144 81
20 29 263 183
20 30 66 188
20 31 86 175
20 32 65 26
20 33 234 116
20 34 88 278
20 35 63 70
20 36 222 233
20 37 26 261
21 22 163 216
21 23 108 137
21 24 249 181
21 25 186 176
21 26 42 49
21 27 73 228
21 28 38 106
21 29 118 234
21 30 245 109
21 31 272 254
21 32 157 213
21 33 239 231
21 34 272 74
21 35 79 223
21 36 125 177
21 37 264 91
22 23 185 125
22 24 114 50
22 25 155 232
22 26 65 149
22 27 121 252
22 28 49 234
22 29 136 188
22 30 200 36
22 31 66 271
22 32 172 116
22 33 153 230
22 34 271 137
22 35 43 272
22 36 40 100
22 37 35 96
23 24 238 138
23 25 73 236
23 26 129 97
23 27 183 196
23 28 114 237
23 29 85 250
23 30 145 42
23 31 254 231
23 32 173 226
23 33 217 185
23 34 94 113
23 35 70 111
23 36 86 72
23 37 220 124
24 25 59 210
24 26 122 209
24 27 137 86
24 28 199 227
24 29 172 277
24 30 185 212
24 31 216 114
24 32 214 196
24 33 223 95
24 34 214 228
24 35 205 126
24 36 65 264
24 37 55 215
25 26 110 27
25 27 101 193
25 28 143 55
25 29 144 26
25 30 187 141
25 31 138 150
25 32 108 254
25 33 124 127
25 34 208 128
25 35 101 219
25 36 229 216
25 37 197 96
26 27 73 268
26 28 144 140
26 29 51 196
26 30 271 149
26 31 126 213
26 32 117 182
26 33 82 139
26 34 240 228
26 35 94 141
26 36 103 239
26 37 119 222
27 28 150 129
27 29 136 58
27 30 128 240
27 31 100 253
27 32 73 225
27 33 230 91
27 34 72 237
27 35 276 64
27 36 54 174
27 37 126 237
28 29 207 256
28 30 103 92
28 31 91 62
28 32 70 143
28 33 154 161
28 34 231 126
28 35 199 62
28 36 207 224
28 37 58 176
29 30 34 223
29 31 126 135
29 32 156 35
29 33 267 256
29 34 262 64
29 35 34 97
29 36 113 180
29 37 230 156
30 31 143 64
30 32 127 190
30 33 181 234
30 34 237 126
30 35 61 31
30 36 113 81
30 37 68 130
31 32 139 85
31 33 130 41
31 34 199 146
31 35 205 136
31 36 215 78
31 37 165 109
32 33 197 159
32 34 132 219
32 35 249 175
32 36 96 268
32 37 181 259
33 34 224 44
33 35 51 26
33 36 62 222
33 37 131 232
34 35 83 279
34 36 170 271
34 37 229 66
35 36 245 112
35 37 114 250
36 37 51 80
