40
0 1 50 50
0 2 0 950
0 3 966 970
0 4 989 961
0 5 977 989
0 6 969 985
0 7 979 973
0 8 992 978
0 9 962 984
0 10 977 950
0 11 969 958
0 12 984 978
0 13 980 983
0 14 980 973
0 15 975 960
0 16 984 967
0 17 997 988
0 18 997 970
0 19 970 976
0 20 977 994
0 21 990 975
0 22 975 962
0 23 957 999
0 24 972 975
0 25 967 993
0 26 954 997
0 27 951 984
0 28 982 971
0 29 970 958
0 30 966 991
0 31 962 964
0 32 982 962
0 33 979 989
0 34 983 978
0 35 959 955
0 36 950 969
0 37 980 966
0 38 977 998
0 39 960 950
1 2 950 0
1 3 987 952
1 4 988 972
1 5 962 999
1 6 977 997
1 7 982 981
1 8 991 956
1 9 966 950
1 10 975 951
1 11 952 975
1 12 968 962
1 13 981 999
1 14 969 951
1 15 971 987
1 16 990 962
1 17 968 994
1 18 952 965
1 19 987 988
1 20 958 953
1 21 970 999
1 22 952 957
1 23 953 992
1 24 962 954
1 25 962 979
1 26 998 967
1 27 955 963
1 28 977 959
1 29 980 955
1 30 996 958
1 31 987 974
1 32 981 955
1 33 968 960
1 34 991 962
1 35 959 979
1 36 956 974
1 37 996 967
1 38 966 994
1 39 978 998
2 3 950 966
2 4 973 977
2 5 965 991
2 6 996 995
2 7 959 950
2 8 989 950
2 9 960 986
2 10 973 986
2 11 972 984
2 12 985 963
2 13 955 988
2 14 988 989
2 15 950 993
2 16 984 963
2 17 970 995
2 18 976 977
2 19 954 987
2 20 992 965
2 21 971 970
2 22 967 989
2 23 976 975
2 24 971 981
2 25 958 995
2 26 973 969
2 27 951 963
2 28 974 956
2 29 973 965
2 30 997 985
2 31 967 992
2 32 962 984
2 33 976 994
2 34 961 955
2 35 968 958
2 36 961 974
2 37 968 997
2 38 963 980
2 39 996 962
3 4 183 253
3 5 98 267
3 6 61 155
3 7 240 77
3 8 153 244
3 9 53 167
3 10 178 216
3 11 75 59
3 12 104 209
3 13 240 150
3 14 196 176
3 15 250 63
3 16 161 127
3 17 226 178
3 18 131 210
3 19 209 195
3 20 189 78
3 21 168 197
3 22 213 130
3 23 221 202
3 24 241 69
3 25 173 171
3 26 268 55
3 27 132 114
3 28 163 252
3 29 61 105
3 30 51 107
3 31 145 181
3 32 99 101
3 33 232 160
3 34 70 110
3 35 192 87
3 36 218 70
3 37 186 269
3 38 226 122
3 39 190 66
4 5 125 261
4 6 223 62
4 7 210 164
4 8 85 160
4 9 139 232
4 10 108 199
4 11 167 132
4 12 263 69
4 13 135 268
4 14 100 86
4 15 215 87
4 16 89 233
4 17 100 191
4 18 174 256
4 19 114 87
4 20 145 260
4 21 184 269
4 22 164 143
4 23 157 82
4 24 73 149
4 25 65 173
4 26 165 136
4 27 206 112
4 28 214 240
4 29 133 242
4 30 118 252
4 31 185 157
4 32 197 147
4 33 53 195
4 34 139 176
4 35 162 214
4 36 181 209
4 37 258 248
4 38 264 257
4 39 120 166
5 6 65 51
5 7 225 267
5 8 146 202
5 9 91 98
5 10 227 166
5 11 156 232
5 12 154 110
5 13 95 132
5 14 229 104
5 15 223 165
5 16 202 52
5 17 94 218
5 18 264 151
5 19 93 221
5 20 197 240
5 21 219 249
5 22 240 54
5 23 260 209
5 24 190 124
5 25 79 61
5 26 157 179
5 27 246 66
5 28 92 145
5 29 140 127
5 30 142 93
5 31 118 217
5 32 182 103
5 33 158 138
5 34 217 228
5 35 248 186
5 36 148 141
5 37 117 237
5 38 194 267
5 39 56 75
6 7 168 59
6 8 106 151
6 9 86 211
6 10 242 138
6 11 206 126
6 12 268 242
6 13 134 89
6 14 138 254
6 15 96 265
6 16 252 245
6 17 103 139
6 18 263 106
6 19 109 237
6 20 212 99
6 21 112 262
6 22 206 210
6 23 234 236
6 24 204 83
6 25 60 131
6 26 153 106
6 27 240 67
6 28 154 131
6 29 115 140
6 30 172 97
6 31 152 187
6 32 259 76
6 33 92 198
6 34 222 130
6 35 242 71
6 36 137 65
6 37 70 127
6 38 255 226
6 39 223 268
7 8 239 80
7 9 142 169
7 10 248 135
7 11 108 102
7 12 92 54
7 13 114 146
7 14 183 244
7 15 229 200
7 16 222 166
7 17 109 103
7 18 150 264
7 19 123 243
7 20 109 158
7 21 141 170
7 22 264 143
7 23 216 188
7 24 131 193
7 25 235 194
7 26 257 223
7 27 266 163
7 28 69 264
7 29 200 106
7 30 68 163
7 31 146 112
7 32 165 139
7 33 248 196
7 34 216 225
7 35 194 262
7 36 51 181
7 37 57 142
7 38 123 207
7 39 178 226
8 9 267 78
8 10 108 248
8 11 160 267
8 12 86 69
8 13 71 128
8 14 207 265
8 15 250 108
8 16 95 126
8 17 183 196
8 18 226 101
8 19 60 217
8 20 114 99
8 21 78 225
8 22 142 144
8 23 68 116
8 24 132 222
8 25 58 130
8 26 226 230
8 27 93 73
8 28 136 202
8 29 122 259
8 30 81 230
8 31 56 100
8 32 103 194
8 33 140 225
8 34 130 205
8 35 230 81
8 36 175 224
8 37 217 145
8 38 227 124
8 39 218 238
9 10 66 133
9 11 158 95
9 12 158 231
9 13 252 167
9 14 187 116
9 15 149 133
9 16 152 135
9 17 129 176
9 18 174 188
9 19 242 118
9 20 207 106
9 21 80 220
9 22 89 107
9 23 227 86
9 24 235 181
9 25 119 157
9 26 153 258
9 27 234 132
9 28 224 193
9 29 164 153
9 30 164 151
9 31 131 135
9 32 215 238
9 33 184 203
9 34 262 119
9 35 209 189
9 36 238 117
9 37 59 235
9 38 71 113
9 39 114 195
10 11 114 208
10 12 239 217
10 13 161 141
10 14 156 92
10 15 243 53
10 16 202 268
10 17 198 108
10 18 157 236
10 19 259 211
10 20 65 66
10 21 107 240
10 22 255 121
10 23 73 145
10 24 62 256
10 25 61 182
10 26 139 71
10 27 134 218
10 28 223 232
10 29 256 259
10 30 95 74
10 31 215 105
10 32 54 224
10 33 145 159
10 34 204 222
10 35 105 200
10 36 112 81
10 37 163 203
10 38 231 138
10 39 259 151
11 12 58 73
11 13 214 160
11 14 95 76
11 15 259 128
11 16 261 251
11 17 110 72
11 18 216 144
11 19 258 183
11 20 109 119
11 21 257 185
11 22 68 254
11 23 208 243
11 24 199 157
11 25 209 230
11 26 205 68
11 27 136 266
11 28 62 136
11 29 265 200
11 30 81 86
11 31 190 263
11 32 73 167
11 33 75 60
11 34 206 93
11 35 120 202
11 36 136 56
11 37 262 84
11 38 144 92
11 39 263 159
12 13 165 178
12 14 136 121
12 15 98 111
12 16 187 221
12 17 190 127
12 18 75 192
12 19 89 131
12 20 86 166
12 21 84 57
12 22 150 92
12 23 126 225
12 24 250 120
12 25 229 206
12 26 232 231
12 27 97 263
12 28 231 140
12 29 186 90
12 30 123 204
12 31 262 144
12 32 221 144
12 33 109 201
12 34 56 112
12 35 251 250
12 36 57 249
12 37 130 186
12 38 89 97
12 39 128 218
13 14 86 151
13 15 188 217
13 16 170 83
13 17 224 96
13 18 266 50
13 19 123 267
13 20 244 142
13 21 261 239
13 22 138 145
13 23 267 161
13 24 206 91
13 25 80 103
13 26 88 79
13 27 231 221
13 28 176 248
13 29 190 92
13 30 136 148
13 31 137 215
13 32 234 93
13 33 148 223
13 34 136 59
13 35 99 190
13 36 119 80
13 37 150 141
13 38 116 153
13 39 198 147
14 15 255 126
14 16 65 134
14 17 196 245
14 18 57 202
14 19 217 104
14 20 242 64
14 21 60 254
14 22 234 184
14 23 262 138
14 24 154 218
14 25 246 131
14 26 112 102
14 27 199 229
14 28 61 202
14 29 174 102
14 30 149 182
14 31 98 193
14 32 82 262
14 33 206 51
14 34 142 87
14 35 159 92
14 36 89 90
14 37 170 91
14 38 210 142
14 39 134 214
15 16 261 252
15 17 89 125
15 18 248 136
15 19 216 204
15 20 107 139
15 21 256 222
15 22 229 136
15 23 184 140
15 24 126 168
15 25 70 166
15 26 244 77
15 27 88 88
15 28 263 269
15 29 141 110
15 30 169 241
15 31 72 224
15 32 91 204
15 33 87 55
15 34 67 188
15 35 123 140
15 36 77 195
15 37 64 118
15 38 189 245
15 39 213 185
16 17 59 83
16 18 195 212
16 19 189 233
16 20 226 239
16 21 118 223
16 22 194 232
16 23 147 253
16 24 204 231
16 25 59 222
16 26 115 53
16 27 124 58
16 28 191 226
16 29 74 207
16 30 202 263
16 31 50 67
16 32 128 157
16 33 204 262
16 34 269 130
16 35 56 228
16 36 247 142
16 37 245 105
16 38 142 202
16 39 76 143
17 18 100 211
17 19 123 109
17 20 121 63
17 21 261 236
17 22 166 158
17 23 59 249
17 24 212 107
17 25 268 180
17 26 111 242
17 27 241 187
17 28 245 69
17 29 92 232
17 30 60 65
17 31 151 252
17 32 97 190
17 33 117 180
17 34 216 102
17 35 215 103
17 36 153 215
17 37 267 136
17 38 56 267
17 39 202 237
18 19 180 178
18 20 70 232
18 21 186 178
18 22 79 108
18 23 95 56
18 24 222 216
18 25 182 143
18 26 180 56
18 27 58 118
18 28 145 88
18 29 132 268
18 30 256 113
18 31 200 84
18 32 133 251
18 33 125 233
18 34 54 109
18 35 201 128
18 36 216 127
18 37 220 213
18 38 264 268
18 39 75 215
19 20 107 102
19 21 266 140
19 22 67 136
19 23 156 264
19 24 129 225
19 25 111 229
19 26 72 97
19 27 167 256
19 28 253 267
19 29 131 191
19 30 171 224
19 31 199 130
19 32 228 227
19 33 167 177
19 34 69 210
19 35 150 90
19 36 139 243
19 37 254 217
19 38 95 111
19 39 246 117
20 21 51 255
20 22 75 255
20 23 212 249
20 24 230 157
20 25 87 82
20 26 224 179
20 27 263 245
20 28 78 210
20 29 134 243
20 30 171 134
20 31 184 124
20 32 96 51
20 33 139 194
20 34 200 136
20 35 85 139
20 36 192 117
20 37 265 109
20 38 264 226
20 39 91 196
21 22 188 106
21 23 112 57
21 24 219 266
21 25 193 225
21 26 138 239
21 27 233 175
21 28 209 225
21 29 183 70
21 30 189 185
21 31 86 217
21 32 262 150
21 33 162 86
21 34 152 206
21 35 256 72
21 36 104 234
21 37 170 154
21 38 154 120
21 39 99 50
22 23 152 205
22 24 161 125
22 25 167 57
22 26 66 104
22 27 168 237
22 28 128 94
22 29 264 255
22 30 252 267
22 31 182 203
22 32 74 83
22 33 83 111
22 34 95 236
22 35 168 261
22 36 105 82
22 37 238 96
22 38 230 191
22 39 265 190
23 24 148 233
23 25 169 103
23 26 165 255
23 27 73 61
23 28 88 193
23 29 60 241
23 30 265 92
23 31 256 248
23 32 264 63
23 33 208 208
23 34 74 72
23 35 119 202
23 36 61 110
23 37 67 55
23 38 103 54
23 39 208 203
24 25 162 211
24 26 144 102
24 27 153 64
24 28 141 178
24 29 223 261
24 30 258 268
24 31 188 121
24 32 181 51
24 33 216 181
24 34 210 140
24 35 133 107
24 36 124 193
24 37 93 169
24 38 215 103
24 39 51 194
25 26 112 100
25 27 204 145
25 28 246 112
25 29 197 120
25 30 165 93
25 31 188 165
25 32 190 209
25 33 167 213
25 34 196 261
25 35 146 267
25 36 205 105
25 37 231 246
25 38 156 165
25 39 60 98
26 27 141 59
26 28 92 184
26 29 113 136
26 30 91 72
26 31 71 246
26 32 218 83
26 33 113 222
26 34 203 244
26 35 122 93
26 36 160 246
26 37 90 207
26 38 181 171
26 39 223 176
27 28 97 249
27 29 230 123
27 30 267 206
27 31 160 71
27 32 178 125
27 33 84 183
27 34 130 159
27 35 206 176
27 36 125 114
27 37 162 216
27 38 229 200
27 39 223 190
28 29 55 182
28 30 85 130
28 31 82 64
28 32 117 97
28 33 66 103
28 34 161 236
28 35 246 137
28 36 238 179
28 37 81 150
28 38 68 265
28 39 94 164
29 30 226 151
29 31 64 112
29 32 260 79
29 33 125 166
29 34 162 178
29 35 151 192
29 36 100 76
29 37 56 88
29 38 142 140
29 39 96 200
30 31 112 95
30 32 113 117
30 33 139 163
30 34 156 266
30 35 70 170
30 36 130 246
30 37 123 86
30 38 234 154
30 39 179 244
31 32 190 65
31 33 131 229
31 34 214 59
31 35 248 106
31 36 261 245
31 37 107 198
31 38 138 61
31 39 183 129
32 33 92 135
32 34 118 92
32 35 161 228
32 36 121 129
32 37 58 194
32 38 138 220
32 39 73 111
33 34 90 95
33 35 62 190
33 36 204 180
33 37 154 51
33 38 207 134
33 39 206 245
34 35 177 112
34 36 229 130
34 37 72 268
34 38 126 127
34 39 157 193
35 36 133 133
35 37 153 145
35 38 134 195
35 39 78 257
36 37 175 88
36 38 204 112
36 39 86 165
37 38 193 194
37 39 134 194
38 39 86 99
