42
0 1 80 80
0 2 0 920
0 3 925 932
0 4 964 969
0 5 990 975
0 6 934 942
0 7 929 923
0 8 990 929
0 9 970 998
0 10 949 977
0 11 993 999
0 12 976 993
0 13 969 973
0 14 952 963
0 15 962 945
0 16 972 975
0 17 966 952
0 18 932 958
0 19 953 934
0 20 923 959
0 21 982 930
0 22 949 999
0 23 926 977
0 24 933 927
0 25 972 989
0 26 978 959
0 27 950 980
0 28 942 927
0 29 940 941
0 30 946 991
0 31 948 926
0 32 975 950
0 33 988 933
0 34 972 975
0 35 951 988
0 36 920 947
0 37 996 975
0 38 928 924
0 39 930 972
0 40 948 928
0 41 946 931
1 2 920 0
1 3 954 984
1 4 964 948
1 5 982 984
1 6 946 966
1 7 943 990
1 8 921 961
1 9 995 946
1 10 967 992
1 11 978 938
1 12 987 941
1 13 923 959
1 14 947 970
1 15 971 933
1 16 964 968
1 17 930 931
1 18 939 957
1 19 964 936
1 20 999 953
1 21 975 991
1 22 953 920
1 23 983 975
1 24 977 955
1 25 968 984
1 26 995 983
1 27 921 994
1 28 951 995
1 29 985 945
1 30 976 936
1 31 922 989
1 32 986 997
1 33 921 956
1 34 999 926
1 35 956 937
1 36 994 972
1 37 944 984
1 38 988 970
1 39 952 920
1 40 987 971
1 41 927 930
2 3 948 998
2 4 959 966
2 5 936 964
2 6 960 953
2 7 978 953
2 8 961 947
2 9 934 931
2 10 976 949
2 11 994 959
2 12 999 954
2 13 996 929
2 14 975 951
2 15 920 927
2 16 922 994
2 17 962 937
2 18 925 981
2 19 943 978
2 20 994 968
2 21 964 986
2 22 978 987
2 23 962 948
2 24 993 931
2 25 974 928
2 26 925 979
2 27 978 976
2 28 970 973
2 29 996 944
2 30 972 931
2 31 934 944
2 32 932 930
2 33 941 986
2 34 981 973
2 35 939 967
2 36 932 992
2 37 949 930
2 38 938 968
2 39 944 995
2 40 935 970
2 41 995 958
3 4 93 184
3 5 184 195
3 6 103 228
3 7 87 82
3 8 98 200
3 9 247 161
3 10 247 222
3 11 112 127
3 12 173 243
3 13 81 259
3 14 200 112
3 15 80 191
3 16 224 224
3 17 162 164
3 18 247 116
3 19 195 213
3 20 174 156
3 21 220 100
3 22 235 123
3 23 132 91
3 24 128 222
3 25 117 109
3 26 257 147
3 27 109 207
3 28 223 170
3 29 243 112
3 30 170 217
3 31 136 235
3 32 150 229
3 33 204 115
3 34 177 221
3 35 210 254
3 36 86 210
3 37 138 232
3 38 130 122
3 39 225 138
3 40 130 216
3 41 183 188
4 5 216 80
4 6 101 117
4 7 207 161
4 8 230 113
4 9 225 118
4 10 110 220
4 11 108 243
4 12 87 220
4 13 222 120
4 14 168 174
4 15 238 245
4 16 234 187
4 17 125 239
4 18 120 210
4 19 172 201
4 20 81 212
4 21 237 217
4 22 205 160
4 23 112 162
4 24 176 161
4 25 221 123
4 26 167 207
4 27 203 110
4 28 224 138
4 29 88 133
4 30 163 194
4 31 117 128
4 32 157 169
4 33 164 125
4 34 99 130
4 35 115 252
4 36 123 141
4 37 250 101
4 38 195 221
4 39 139 80
4 40 144 219
4 41 104 121
5 6 155 149
5 7 199 244
5 8 127 96
5 9 243 214
5 10 123 107
5 11 123 103
5 12 145 110
5 13 249 94
5 14 202 245
5 15 188 114
5 16 114 90
5 17 141 82
5 18 249 177
5 19 185 222
5 20 234 224
5 21 176 155
5 22 157 173
5 23 239 90
5 24 157 207
5 25 211 104
5 26 189 170
5 27 111 83
5 28 255 172
5 29 212 239
5 30 214 157
5 31 196 90
5 32 106 101
5 33 185 197
5 34 93 193
5 35 150 157
5 36 170 194
5 37 135 172
5 38 202 224
5 39 144 92
5 40 99 92
5 41 238 97
6 7 169 134
6 8 152 147
6 9 212 253
6 10 192 198
6 11 224 244
6 12 89 140
6 13 180 154
6 14 105 200
6 15 189 88
6 16 139 226
6 17 250 140
6 18 250 214
6 19 227 147
6 20 119 256
6 21 224 91
6 22 229 158
6 23 93 221
6 24 246 232
6 25 145 103
6 26 134 100
6 27 86 120
6 28 154 165
6 29 204 236
6 30 158 129
6 31 223 138
6 32 133 195
6 33 152 177
6 34 105 127
6 35 150 247
6 36 221 200
6 37 141 116
6 38 85 194
6 39 138 232
6 40 90 139
6 41 244 157
7 8 154 225
7 9 254 157
7 10 136 217
7 11 203 255
7 12 197 178
7 13 187 197
7 14 205 133
7 15 187 101
7 16 139 228
7 17 93 92
7 18 166 247
7 19 117 92
7 20 202 163
7 21 107 178
7 22 189 90
7 23 220 100
7 24 164 112
7 25 236 197
7 26 236 91
7 27 191 171
7 28 188 237
7 29 88 208
7 30 197 171
7 31 157 107
7 32 184 224
7 33 200 254
7 34 249 135
7 35 114 214
7 36 256 119
7 37 195 185
7 38 206 88
7 39 165 84
7 40 243 229
7 41 145 96
8 9 244 144
8 10 217 210
8 11 106 185
8 12 222 189
8 13 238 160
8 14 253 252
8 15 127 194
8 16 98 251
8 17 88 96
8 18 189 163
8 19 180 111
8 20 226 209
8 21 145 135
8 22 89 185
8 23 243 234
8 24 148 173
8 25 200 254
8 26 119 91
8 27 133 185
8 28 100 132
8 29 205 212
8 30 104 224
8 31 243 231
8 32 114 137
8 33 113 192
8 34 207 154
8 35 174 205
8 36 149 150
8 37 127 108
8 38 233 219
8 39 167 90
8 40 200 129
8 41 122 184
9 10 226 152
9 11 158 156
9 12 181 176
9 13 174 213
9 14 217 104
9 15 153 128
9 16 181 82
9 17 110 138
9 18 164 81
9 19 104 145
9 20 197 87
9 21 132 246
9 22 154 205
9 23 182 255
9 24 113 258
9 25 124 180
9 26 96 158
9 27 235 93
9 28 177 198
9 29 154 165
9 30 224 213
9 31 141 86
9 32 123 210
9 33 207 121
9 34 84 128
9 35 98 185
9 36 132 219
9 37 114 105
9 38 149 128
9 39 166 241
9 40 98 228
9 41 107 145
10 11 107 119
10 12 154 117
10 13 233 108
10 14 82 166
10 15 81 129
10 16 115 131
10 17 257 85
10 18 133 138
10 19 109 206
10 20 150 213
10 21 244 105
10 22 187 185
10 23 191 239
10 24 155 102
10 25 174 141
10 26 183 93
10 27 162 123
10 28 173 237
10 29 175 138
10 30 201 249
10 31 187 215
10 32 85 132
10 33 186 84
10 34 136 222
10 35 245 208
10 36 123 246
10 37 94 192
10 38 126 188
10 39 129 153
10 40 131 178
10 41 207 102
11 12 132 215
11 13 205 139
11 14 150 250
11 15 103 85
11 16 122 169
11 17 177 210
11 18 110 204
11 19 239 123
11 20 170 242
11 21 236 189
11 22 127 257
11 23 116 185
11 24 187 114
11 25 104 91
11 26 105 110
11 27 83 204
11 28 256 119
11 29 105 190
11 30 194 186
11 31 247 166
11 32 202 227
11 33 247 192
11 34 123 114
11 35 219 136
11 36 162 122
11 37 185 252
11 38 204 253
11 39 258 164
11 40 186 88
11 41 246 172
12 13 216 117
12 14 129 131
12 15 181 233
12 16 213 216
12 17 206 193
12 18 95 178
12 19 252 187
12 20 168 140
12 21 97 168
12 22 126 95
12 23 190 172
12 24 195 139
12 25 104 161
12 26 191 194
12 27 158 101
12 28 128 154
12 29 211 252
12 30 195 210
12 31 250 145
12 32 193 259
12 33 223 230
12 34 232 99
12 35 259 101
12 36 219 131
12 37 176 196
12 38 80 238
12 39 97 100
12 40 169 204
12 41 106 210
13 14 173 91
13 15 84 185
13 16 173 161
13 17 241 234
13 18 111 163
13 19 248 138
13 20 232 162
13 21 236 193
13 22 109 115
13 23 181 246
13 24 94 237
13 25 101 189
13 26 212 202
13 27 144 241
13 28 192 227
13 29 169 134
13 30 247 119
13 31 238 172
13 32 238 210
13 33 152 145
13 34 111 242
13 35 200 242
13 36 82 196
13 37 197 226
13 38 212 197
13 39 203 215
13 40 242 249
13 41 247 122
14 15 202 187
14 16 105 209
14 17 156 89
14 18 133 218
14 19 212 183
14 20 120 176
14 21 114 170
14 22 95 171
14 23 173 144
14 24 116 112
14 25 218 118
14 26 233 148
14 27 203 231
14 28 167 121
14 29 115 124
14 30 124 183
14 31 228 183
14 32 214 98
14 33 96 170
14 34 130 84
14 35 190 247
14 36 112 103
14 37 205 89
14 38 176 126
14 39 230 257
14 40 214 105
14 41 190 247
15 16 133 200
15 17 205 153
15 18 258 120
15 19 136 162
15 20 217 207
15 21 148 184
15 22 123 200
15 23 147 225
15 24 174 161
15 25 100 225
15 26 148 147
15 27 166 106
15 28 250 256
15 29 82 106
15 30 174 248
15 31 238 175
15 32 202 138
15 33 167 115
15 34 214 254
15 35 223 94
15 36 256 182
15 37 246 146
15 38 140 210
15 39 163 141
15 40 124 106
15 41 240 135
16 17 187 232
16 18 178 163
16 19 81 257
16 20 231 248
16 21 238 193
16 22 136 201
16 23 226 221
16 24 185 93
16 25 132 218
16 26 215 227
16 27 112 123
16 28 163 84
16 29 239 117
16 30 194 224
16 31 80 213
16 32 211 171
16 33 152 229
16 34 185 205
16 35 148 217
16 36 197 136
16 37 190 219
16 38 151 85
16 39 90 135
16 40 177 80
16 41 160 180
17 18 212 156
17 19 209 105
17 20 205 222
17 21 221 187
17 22 157 146
17 23 129 164
17 24 259 103
17 25 94 137
17 26 221 81
17 27 116 136
17 28 138 178
17 29 222 126
17 30 159 80
17 31 141 251
17 32 169 129
17 33 95 149
17 34 253 205
17 35 174 154
17 36 200 115
17 37 223 219
17 38 232 141
17 39 135 189
17 40 111 81
17 41 239 136
18 19 234 128
18 20 96 168
18 21 175 221
18 22 182 166
18 23 207 207
18 24 225 221
18 25 97 247
18 26 104 223
18 27 210 258
18 28 111 101
18 29 132 202
18 30 238 170
18 31 118 211
18 32 252 183
18 33 227 240
18 34 206 100
18 35 180 82
18 36 192 247
18 37 197 121
18 38 153 148
18 39 196 232
18 40 138 181
18 41 170 176
19 20 227 93
19 21 212 140
19 22 139 172
19 23 121 139
19 24 214 111
19 25 94 194
19 26 138 140
19 27 154 236
19 28 116 106
19 29 99 250
19 30 258 83
19 31 97 227
19 32 179 235
19 33 210 170
19 34 112 110
19 35 123 236
19 36 114 93
19 37 220 195
19 38 140 221
19 39 248 147
19 40 193 172
19 41 80 116
20 21 128 257
20 22 223 84
20 23 144 216
20 24 254 183
20 25 107 256
20 26 244 85
20 27 216 177
20 28 136 244
20 29 181 182
20 30 127 98
20 31 258 133
20 32 237 179
20 33 132 149
20 34 135 139
20 35 161 144
20 36 166 234
20 37 158 190
20 38 114 248
20 39 105 219
20 40 217 184
20 41 237 162
21 22 210 179
21 23 250 200
21 24 146 149
21 25 230 148
21 26 255 141
21 27 215 182
21 28 97 131
21 29 104 143
21 30 87 254
21 31 110 82
21 32 86 222
21 33 170 97
21 34 108 234
21 35 244 155
21 36 121 218
21 37 247 112
21 38 115 110
21 39 113 148
21 40 121 194
21 41 227 169
22 23 183 177
22 24 101 167
22 25 179 97
22 26 208 105
22 27 152 172
22 28 256 145
22 29 198 112
22 30 182 219
22 31 94 114
22 32 175 234
22 33 177 166
22 34 91 105
22 35 166 119
22 36 248 102
22 37 159 92
22 38 99 152
22 39 231 172
22 40 95 177
22 41 241 122
23 24 200 252
23 25 225 184
23 26 121 251
23 27 117 126
23 28 81 94
23 29 223 141
23 30 186 96
23 31 130 107
23 32 121 125
23 33 168 139
23 34 159 129
23 35 199 122
23 36 139 173
23 37 244 102
23 38 103 206
23 39 98 208
23 40 125 118
23 41 83 251
24 25 246 163
24 26 105 151
24 27 188 139
24 28 140 215
24 29 259 247
24 30 184 134
24 31 230 94
24 32 255 209
24 33 142 237
24 34 158 181
24 35 191 245
24 36 105 181
24 37 235 97
24 38 117 243
24 39 154 187
24 40 181 120
24 41 123 112
25 26 203 200
25 27 83 240
25 28 127 225
25 29 161 243
25 30 200 151
25 31 247 139
25 32 204 220
25 33 93 144
25 34 244 112
25 35 228 189
25 36 180 156
25 37 136 195
25 38 126 215
25 39 123 123
25 40 207 93
25 41 180 82
26 27 164 164
26 28 245 199
26 29 185 118
26 30 102 129
26 31 90 193
26 32 231 250
26 33 187 150
26 34 121 146
26 35 123 131
26 36 188 153
26 37 151 248
26 38 164 217
26 39 95 211
26 40 166 226
26 41 156 190
27 28 248 144
27 29 112 195
27 30 137 211
27 31 146 106
27 32 196 94
27 33 199 114
27 34 95 134
27 35 169 113
27 36 157 90
27 37 191 201
27 38 207 192
27 39 109 160
27 40 121 232
27 41 110 167
28 29 93 220
28 30 228 82
28 31 174 139
28 32 149 102
28 33 231 87
28 34 232 129
28 35 178 188
28 36 118 105
28 37 101 225
28 38 254 94
28 39 171 102
28 40 96 122
28 41 162 198
29 30 250 144
29 31 116 201
29 32 246 142
29 33 123 82
29 34 151 115
29 35 249 249
29 36 183 246
29 37 190 227
29 38 114 180
29 39 80 209
29 40 177 129
29 41 258 103
30 31 113 103
30 32 207 141
30 33 93 227
30 34 212 217
30 35 201 125
30 36 82 210
30 37 202 110
30 38 233 182
30 39 241 238
30 40 174 124
30 41 153 167
31 32 121 241
31 33 150 84
31 34 221 228
31 35 218 176
31 36 90 218
31 37 102 155
31 38 185 251
31 39 129 118
31 40 230 207
31 41 82 181
32 33 245 201
32 34 93 170
32 35 172 137
32 36 193 237
32 37 88 242
32 38 170 89
32 39 227 249
32 40 119 176
32 41 135 192
33 34 232 119
33 35 146 144
33 36 181 118
33 37 94 108
33 38 229 253
33 39 243 245
33 40 235 95
33 41 215 120
34 35 147 112
34 36 244 96
34 37 119 136
34 38 106 170
34 39 248 131
34 40 205 120
34 41 183 137
35 36 200 109
35 37 223 163
35 38 256 237
35 39 178 136
35 40 165 153
35 41 116 174
36 37 124 203
36 38 98 223
36 39 135 148
36 40 96 126
36 41 129 172
37 38 179 131
37 39 93 222
37 40 162 142
37 41 175 182
38 39 146 97
38 40 243 139
38 41 179 163
39 40 240 149
39 41 154 258
40 41 252 105
