42
0 1 22 22
0 2 0 978
0 3 979 986
0 4 991 996
0 5 997 980
0 6 988 990
0 7 986 996
0 8 991 990
0 9 989 991
0 10 982 981
0 11 987 986
0 12 984 993
0 13 992 979
0 14 993 981
0 15 993 978
0 16 986 998
0 17 988 982
0 18 990 998
0 19 986 997
0 20 979 987
0 21 997 985
0 22 981 982
0 23 998 986
0 24 994 992
0 25 988 995
0 26 980 988
0 27 989 998
0 28 984 986
0 29 990 980
0 30 982 986
0 31 983 989
0 32 980 979
0 33 986 985
0 34 995 979
0 35 989 980
0 36 997 999
0 37 998 999
0 38 986 981
0 39 991 990
0 40 985 982
0 41 992 992
1 2 978 0
1 3 989 979
1 4 997 988
1 5 987 992
1 6 987 989
1 7 978 988
1 8 989 979
1 9 984 995
1 10 990 984
1 11 982 988
1 12 978 988
1 13 980 986
1 14 989 989
1 15 999 986
1 16 991 999
1 17 983 990
1 18 986 991
1 19 978 981
1 20 982 983
1 21 994 996
1 22 981 980
1 23 993 991
1 24 996 992
1 25 978 979
1 26 985 984
1 27 994 980
1 28 994 988
1 29 985 994
1 30 990 981
1 31 985 992
1 32 996 996
1 33 985 980
1 34 978 995
1 35 986 982
1 36 992 989
1 37 980 996
1 38 986 993
1 39 992 992
1 40 986 991
1 41 991 979
2 3 981 989
2 4 991 994
2 5 978 989
2 6 994 979
2 7 995 987
2 8 982 998
2 9 979 997
2 10 997 978
2 11 978 988
2 12 986 999
2 13 989 998
2 14 985 987
2 15 998 995
2 16 998 999
2 17 980 997
2 18 991 998
2 19 987 983
2 20 999 997
2 21 989 995
2 22 989 979
2 23 988 996
2 24 982 999
2 25 988 987
2 26 984 978
2 27 990 991
2 28 998 979
2 29 991 996
2 30 992 985
2 31 994 985
2 32 993 985
2 33 994 988
2 34 978 995
2 35 978 998
2 36 985 978
2 37 996 999
2 38 983 990
2 39 983 979
2 40 983 989
2 41 979 978
3 4 87 51
3 5 74 74
3 6 29 107
3 7 119 107
3 8 87 39
3 9 137 27
3 10 67 34
3 11 102 56
3 12 64 69
3 13 60 91
3 14 149 65
3 15 104 87
3 16 144 56
3 17 114 89
3 18 125 73
3 19 70 129
3 20 64 65
3 21 42 99
3 22 62 96
3 23 120 113
3 24 114 87
3 25 87 24
3 26 101 51
3 27 105 45
3 28 49 121
3 29 40 62
3 30 46 120
3 31 115 37
3 32 126 89
3 33 99 141
3 34 143 134
3 35 102 82
3 36 90 139
3 37 62 49
3 38 74 117
3 39 114 52
3 40 131 80
3 41 147 55
4 5 79 92
4 6 51 88
4 7 88 132
4 8 54 96
4 9 134 92
4 10 81 23
4 11 141 43
4 12 77 42
4 13 129 98
4 14 107 133
4 15 40 143
4 16 105 24
4 17 146 43
4 18 77 41
4 19 119 84
4 20 35 39
4 21 138 29
4 22 107 143
4 23 135 92
4 24 108 107
4 25 146 121
4 26 97 114
4 27 62 63
4 28 127 123
4 29 129 36
4 30 140 128
4 31 142 123
4 32 95 132
4 33 84 62
4 34 121 88
4 35 50 87
4 36 120 120
4 37 99 122
4 38 22 145
4 39 90 143
4 40 42 68
4 41 125 127
5 6 143 67
5 7 97 43
5 8 105 84
5 9 93 29
5 10 51 82
5 11 97 26
5 12 133 33
5 13 93 127
5 14 82 35
5 15 34 53
5 16 53 75
5 17 46 128
5 18 132 148
5 19 73 61
5 20 119 38
5 21 110 97
5 22 140 38
5 23 121 103
5 24 138 121
5 25 78 112
5 26 59 81
5 27 110 98
5 28 139 24
5 29 146 94
5 30 97 104
5 31 42 121
5 32 52 89
5 33 135 62
5 34 44 100
5 35 101 33
5 36 86 140
5 37 48 116
5 38 105 67
5 39 111 87
5 40 96 87
5 41 65 86
6 7 72 46
6 8 114 112
6 9 85 119
6 10 108 81
6 11 45 124
6 12 86 118
6 13 102 27
6 14 118 48
6 15 37 145
6 16 147 35
6 17 131 63
6 18 87 141
6 19 137 57
6 20 142 54
6 21 76 129
6 22 66 25
6 23 141 90
6 24 76 33
6 25 43 141
6 26 141 26
6 27 104 93
6 28 69 63
6 29 72 35
6 30 107 40
6 31 136 115
6 32 92 117
6 33 136 70
6 34 58 94
6 35 149 81
6 36 140 103
6 37 81 68
6 38 101 92
6 39 137 64
6 40 51 120
6 41 22 96
7 8 142 60
7 9 129 32
7 10 133 23
7 11 105 38
7 12 70 28
7 13 24 84
7 14 77 90
7 15 116 125
7 16 28 123
7 17 34 116
7 18 77 64
7 19 146 63
7 20 109 52
7 21 141 29
7 22 78 125
7 23 92 92
7 24 104 134
7 25 55 86
7 26 125 25
7 27 145 102
7 28 32 35
7 29 86 108
7 30 34 64
7 31 79 144
7 32 45 30
7 33 68 47
7 34 119 120
7 35 83 109
7 36 148 30
7 37 54 69
7 38 65 103
7 39 92 140
7 40 86 57
7 41 28 133
8 9 52 64
8 10 28 122
8 11 72 108
8 12 135 57
8 13 44 126
8 14 88 43
8 15 121 132
8 16 126 95
8 17 34 137
8 18 76 61
8 19 29 35
8 20 131 121
8 21 146 51
8 22 74 96
8 23 78 48
8 24 85 44
8 25 88 65
8 26 113 88
8 27 140 45
8 28 135 85
8 29 125 46
8 30 64 79
8 31 148 68
8 32 61 122
8 33 71 100
8 34 140 80
8 35 117 79
8 36 116 31
8 37 140 142
8 38 100 126
8 39 136 110
8 40 103 106
8 41 90 80
9 10 114 28
9 11 52 57
9 12 35 34
9 13 67 53
9 14 53 64
9 15 65 53
9 16 60 62
9 17 142 70
9 18 119 145
9 19 87 37
9 20 110 22
9 21 51 22
9 22 122 71
9 23 113 101
9 24 109 140
9 25 138 101
9 26 76 142
9 27 39 80
9 28 148 87
9 29 48 115
9 30 114 145
9 31 73 69
9 32 101 38
9 33 81 105
9 34 96 80
9 35 76 120
9 36 139 38
9 37 74 93
9 38 74 56
9 39 76 46
9 40 61 52
9 41 131 52
10 11 43 83
10 12 81 129
10 13 73 143
10 14 43 59
10 15 85 116
10 16 110 145
10 17 118 53
10 18 80 48
10 19 111 60
10 20 45 30
10 21 98 104
10 22 122 81
10 23 39 56
10 24 39 43
10 25 123 34
10 26 147 79
10 27 37 45
10 28 35 93
10 29 92 25
10 30 80 30
10 31 126 77
10 32 146 74
10 33 51 47
10 34 63 77
10 35 96 148
10 36 144 137
10 37 42 134
10 38 30 133
10 39 70 79
10 40 48 76
10 41 50 37
11 12 93 112
11 13 66 66
11 14 147 142
11 15 86 94
11 16 74 39
11 17 119 106
11 18 68 63
11 19 39 34
11 20 143 44
11 21 37 27
11 22 90 147
11 23 52 32
11 24 130 131
11 25 58 107
11 26 93 117
11 27 116 77
11 28 81 145
11 29 57 66
11 30 32 103
11 31 93 108
11 32 88 127
11 33 27 67
11 34 75 60
11 35 124 66
11 36 105 57
11 37 23 93
11 38 88 122
11 39 54 82
11 40 90 118
11 41 81 57
12 13 69 144
12 14 85 87
12 15 108 29
12 16 73 25
12 17 87 28
12 18 71 76
12 19 68 106
12 20 73 54
12 21 77 96
12 22 91 53
12 23 76 60
12 24 121 60
12 25 146 96
12 26 111 64
12 27 34 148
12 28 132 131
12 29 39 123
12 30 64 44
12 31 105 43
12 32 85 104
12 33 50 88
12 34 32 82
12 35 129 96
12 36 116 115
12 37 120 85
12 38 74 26
12 39 135 64
12 40 60 22
12 41 128 71
13 14 117 101
13 15 124 132
13 16 101 67
13 17 69 75
13 18 76 134
13 19 86 69
13 20 92 145
13 21 32 103
13 22 62 128
13 23 44 59
13 24 112 119
13 25 141 87
13 26 44 109
13 27 147 78
13 28 31 22
13 29 143 52
13 30 90 31
13 31 116 94
13 32 69 58
13 33 119 129
13 34 137 69
13 35 23 123
13 36 135 58
13 37 45 141
13 38 24 104
13 39 39 134
13 40 125 124
13 41 29 135
14 15 90 117
14 16 70 129
14 17 56 127
14 18 78 43
14 19 120 125
14 20 115 64
14 21 31 126
14 22 26 39
14 23 64 51
14 24 136 122
14 25 129 46
14 26 120 114
14 27 139 78
14 28 134 91
14 29 92 24
14 30 40 109
14 31 47 143
14 32 28 86
14 33 77 66
14 34 138 104
14 35 117 105
14 36 131 59
14 37 80 58
14 38 27 92
14 39 67 52
14 40 116 66
14 41 108 115
15 16 85 93
15 17 107 26
15 18 60 34
15 19 84 76
15 20 47 140
15 21 71 113
15 22 138 114
15 23 122 52
15 24 59 92
15 25 104 83
15 26 47 74
15 27 104 123
15 28 40 109
15 29 95 120
15 30 38 62
15 31 26 105
15 32 110 86
15 33 85 49
15 34 52 114
15 35 146 103
15 36 139 24
15 37 57 112
15 38 122 75
15 39 43 81
15 40 58 92
15 41 112 52
16 17 89 93
16 18 59 103
16 19 37 123
16 20 48 80
16 21 52 32
16 22 104 24
16 23 128 48
16 24 114 102
16 25 130 132
16 26 42 40
16 27 143 138
16 28 130 106
16 29 49 33
16 30 38 67
16 31 147 91
16 32 43 148
16 33 51 40
16 34 114 148
16 35 59 105
16 36 67 74
16 37 126 72
16 38 132 46
16 39 147 70
16 40 38 68
16 41 81 138
17 18 23 60
17 19 90 86
17 20 95 89
17 21 121 112
17 22 51 22
17 23 46 35
17 24 27 31
17 25 75 124
17 26 90 123
17 27 87 146
17 28 56 134
17 29 60 101
17 30 35 25
17 31 73 38
17 32 118 109
17 33 55 26
17 34 120 124
17 35 99 44
17 36 30 47
17 37 76 58
17 38 42 83
17 39 91 86
17 40 61 130
17 41 96 86
18 19 23 24
18 20 23 61
18 21 47 56
18 22 63 87
18 23 92 78
18 24 75 108
18 25 30 114
18 26 88 30
18 27 95 50
18 28 91 115
18 29 69 88
18 30 52 31
18 31 39 148
18 32 42 149
18 33 132 46
18 34 54 143
18 35 36 143
18 36 140 149
18 37 64 58
18 38 87 140
18 39 86 149
18 40 106 64
18 41 90 81
19 20 56 104
19 21 74 106
19 22 68 103
19 23 106 41
19 24 96 138
19 25 45 76
19 26 56 136
19 27 24 41
19 28 105 58
19 29 106 78
19 30 126 137
19 31 23 124
19 32 38 110
19 33 70 96
19 34 50 28
19 35 94 51
19 36 92 62
19 37 63 106
19 38 33 78
19 39 132 129
19 40 28 121
19 41 131 132
20 21 103 108
20 22 91 83
20 23 139 132
20 24 34 41
20 25 97 137
20 26 129 70
20 27 79 94
20 28 86 105
20 29 51 80
20 30 95 140
20 31 70 39
20 32 111 128
20 33 28 104
20 34 43 142
20 35 49 98
20 36 120 75
20 37 62 40
20 38 65 116
20 39 112 115
20 40 75 131
20 41 143 89
21 22 108 46
21 23 30 88
21 24 69 23
21 25 127 137
21 26 119 53
21 27 142 72
21 28 76 136
21 29 51 149
21 30 41 106
21 31 27 89
21 32 114 68
21 33 86 141
21 34 116 71
21 35 106 140
21 36 49 63
21 37 88 81
21 38 48 134
21 39 28 39
21 40 32 125
21 41 134 98
22 23 149 108
22 24 49 139
22 25 49 127
22 26 47 80
22 27 105 138
22 28 69 95
22 29 134 37
22 30 101 36
22 31 50 144
22 32 149 142
22 33 76 51
22 34 108 37
22 35 99 96
22 36 31 120
22 37 77 29
22 38 67 110
22 39 29 75
22 40 92 35
22 41 70 92
23 24 143 124
23 25 41 46
23 26 25 93
23 27 55 46
23 28 135 125
23 29 32 75
23 30 27 50
23 31 143 79
23 32 80 71
23 33 74 39
23 34 91 80
23 35 45 117
23 36 88 104
23 37 103 105
23 38 144 38
23 39 132 110
23 40 141 81
23 41 110 138
24 25 52 89
24 26 79 43
24 27 63 44
24 28 127 73
24 29 122 117
24 30 28 46
24 31 45 23
24 32 55 34
24 33 69 101
24 34 82 140
24 35 84 77
24 36 72 146
24 37 106 85
24 38 126 122
24 39 86 126
24 40 26 46
24 41 109 116
25 26 42 29
25 27 60 114
25 28 27 104
25 29 93 103
25 30 145 30
25 31 128 72
25 32 76 44
25 33 55 75
25 34 111 59
25 35 102 61
25 36 110 38
25 37 147 144
25 38 118 82
25 39 62 57
25 40 28 93
25 41 145 30
26 27 125 83
26 28 109 89
26 29 95 109
26 30 131 132
26 31 105 93
26 32 139 46
26 33 80 71
26 34 24 61
26 35 99 126
26 36 143 103
26 37 146 34
26 38 92 68
26 39 121 25
26 40 36 138
26 41 54 38
27 28 123 38
27 29 94 135
27 30 99 148
27 31 68 82
27 32 46 135
27 33 41 106
27 34 102 118
27 35 37 104
27 36 143 65
27 37 84 51
27 38 30 93
27 39 110 113
27 40 50 98
27 41 69 92
28 29 103 88
28 30 96 61
28 31 99 111
28 32 75 113
28 33 71 92
28 34 87 70
28 35 103 82
28 36 40 77
28 37 32 111
28 38 117 117
28 39 144 113
28 40 80 143
28 41 28 42
29 30 88 83
29 31 125 120
29 32 58 68
29 33 65 137
29 34 127 92
29 35 117 67
29 36 147 75
29 37 60 47
29 38 37 129
29 39 73 108
29 40 87 55
29 41 73 136
30 31 46 129
30 32 47 76
30 33 148 34
30 34 79 61
30 35 100 50
30 36 73 87
30 37 76 26
30 38 104 36
30 39 78 48
30 40 81 105
30 41 147 44
31 32 100 75
31 33 115 145
31 34 24 53
31 35 72 141
31 36 120 98
31 37 73 60
31 38 94 145
31 39 37 114
31 40 107 92
31 41 47 139
32 33 48 140
32 34 70 54
32 35 120 73
32 36 78 64
32 37 128 126
32 38 45 25
32 39 29 86
32 40 121 86
32 41 84 98
33 34 145 136
33 35 80 133
33 36 66 36
33 37 140 75
33 38 30 38
33 39 45 39
33 40 32 69
33 41 42 54
34 35 138 116
34 36 92 45
34 37 145 46
34 38 117 29
34 39 58 146
34 40 90 121
34 41 55 46
35 36 37 137
35 37 35 122
35 38 44 120
35 39 121 60
35 40 92 138
35 41 46 31
36 37 106 112
36 38 41 67
36 39 99 41
36 40 108 31
36 41 36 136
37 38 49 110
37 39 117 38
37 40 27 43
37 41 71 148
38 39 144 98
38 40 60 61
38 41 104 119
39 40 104 108
39 41 53 143
40 41 80 123
