45
0 1 10 10
0 2 0 990
0 3 991 994
0 4 994 999
0 5 994 990
0 6 992 996
0 7 995 994
0 8 992 991
0 9 990 992
0 10 994 997
0 11 992 997
0 12 995 990
0 13 999 992
0 14 999 995
0 15 992 992
0 16 995 990
0 17 990 990
0 18 999 990
0 19 990 997
0 20 990 991
0 21 999 995
0 22 990 994
0 23 991 998
0 24 996 999
0 25 999 993
0 26 993 998
0 27 990 991
0 28 993 999
0 29 997 991
0 30 998 992
0 31 998 999
0 32 997 990
0 33 999 993
0 34 998 993
0 35 991 999
0 36 999 991
0 37 991 998
0 38 992 997
0 39 995 999
0 40 990 993
0 41 997 991
0 42 997 997
0 43 991 993
0 44 998 992
1 2 990 0
1 3 991 997
1 4 990 999
1 5 996 998
1 6 991 995
1 7 992 999
1 8 992 999
1 9 991 999
1 10 995 996
1 11 999 990
1 12 994 999
1 13 991 992
1 14 999 991
1 15 993 990
1 16 990 999
1 17 995 999
1 18 995 994
1 19 994 991
1 20 993 994
1 21 995 992
1 22 997 990
1 23 992 996
1 24 990 997
1 25 992 992
1 26 993 991
1 27 990 999
1 28 999 997
1 29 992 991
1 30 996 994
1 31 993 998
1 32 998 995
1 33 998 993
1 34 999 999
1 35 990 998
1 36 995 994
1 37 991 992
1 38 994 990
1 39 993 992
1 40 991 997
1 41 990 990
1 42 997 993
1 43 990 995
1 44 995 996
2 3 991 997
2 4 994 999
2 5 992 995
2 6 997 994
2 7 993 994
2 8 992 991
2 9 996 994
2 10 990 994
2 11 993 990
2 12 993 997
2 13 990 992
2 14 992 994
2 15 993 991
2 16 998 998
2 17 996 994
2 18 995 993
2 19 991 993
2 20 996 994
2 21 998 990
2 22 997 997
2 23 997 995
2 24 995 991
2 25 998 998
2 26 994 993
2 27 994 993
2 28 998 999
2 29 999 994
2 30 993 999
2 31 993 997
2 32 998 998
2 33 994 991
2 34 998 993
2 35 996 995
2 36 994 996
2 37 990 997
2 38 994 996
2 39 997 993
2 40 997 996
2 41 992 999
2 42 997 991
2 43 990 996
2 44 995 991
3 4 12 23
3 5 70 90
3 6 50 76
3 7 28 77
3 8 16 37
3 9 20 21
3 10 21 42
3 11 29 75
3 12 73 35
3 13 65 37
3 14 64 42
3 15 42 83
3 16 82 44
3 17 41 59
3 18 80 57
3 19 88 17
3 20 99 86
3 21 26 65
3 22 29 37
3 23 47 91
3 24 29 68
3 25 36 86
3 26 13 22
3 27 16 45
3 28 18 71
3 29 88 72
3 30 63 79
3 31 56 59
3 32 63 33
3 33 61 19
3 34 12 64
3 35 39 71
3 36 39 97
3 37 77 31
3 38 64 71
3 39 87 11
3 40 42 88
3 41 80 76
3 42 42 87
3 43 20 30
3 44 61 76
4 5 81 60
4 6 13 36
4 7 66 67
4 8 52 63
4 9 59 63
4 10 49 27
4 11 11 89
4 12 20 70
4 13 44 50
4 14 25 88
4 15 37 46
4 16 81 52
4 17 95 86
4 18 97 12
4 19 16 41
4 20 47 85
4 21 51 87
4 22 52 24
4 23 39 26
4 24 18 68
4 25 41 56
4 26 44 82
4 27 43 85
4 28 45 64
4 29 13 23
4 30 40 17
4 31 29 85
4 32 41 50
4 33 68 85
4 34 84 18
4 35 23 54
4 36 54 64
4 37 15 18
4 38 34 85
4 39 30 92
4 40 41 84
4 41 29 22
4 42 43 79
4 43 68 48
4 44 34 38
5 6 12 41
5 7 41 88
5 8 48 55
5 9 19 97
5 10 78 84
5 11 24 83
5 12 25 36
5 13 35 32
5 14 19 66
5 15 32 21
5 16 57 81
5 17 99 73
5 18 25 54
5 19 54 62
5 20 10 96
5 21 91 89
5 22 45 26
5 23 56 67
5 24 32 60
5 25 67 88
5 26 51 73
5 27 59 76
5 28 82 55
5 29 33 92
5 30 83 91
5 31 80 67
5 32 83 46
5 33 15 40
5 34 95 95
5 35 67 28
5 36 95 58
5 37 72 59
5 38 18 46
5 39 12 76
5 40 43 68
5 41 44 72
5 42 32 83
5 43 10 22
5 44 90 65
6 7 81 94
6 8 55 98
6 9 76 85
6 10 94 62
6 11 46 97
6 12 95 93
6 13 32 21
6 14 54 25
6 15 57 54
6 16 57 32
6 17 33 24
6 18 37 70
6 19 19 62
6 20 49 47
6 21 94 46
6 22 21 42
6 23 79 41
6 24 78 16
6 25 59 28
6 26 37 17
6 27 60 89
6 28 32 63
6 29 93 91
6 30 47 29
6 31 20 15
6 32 82 73
6 33 96 85
6 34 23 23
6 35 62 94
6 36 72 68
6 37 13 87
6 38 69 79
6 39 57 82
6 40 85 55
6 41 37 35
6 42 22 78
6 43 72 37
6 44 92 32
7 8 61 22
7 9 18 81
7 10 41 89
7 11 75 35
7 12 58 85
7 13 45 87
7 14 23 42
7 15 88 25
7 16 51 47
7 17 84 27
7 18 23 28
7 19 95 19
7 20 36 62
7 21 24 62
7 22 62 72
7 23 52 49
7 24 83 85
7 25 62 84
7 26 54 65
7 27 38 40
7 28 10 62
7 29 52 91
7 30 10 73
7 31 29 67
7 32 31 61
7 33 79 80
7 34 24 32
7 35 78 50
7 36 29 79
7 37 76 75
7 38 80 86
7 39 22 55
7 40 46 61
7 41 46 98
7 42 57 87
7 43 10 95
7 44 70 37
8 9 13 79
8 10 15 15
8 11 68 82
8 12 80 28
8 13 72 87
8 14 65 29
8 15 35 45
8 16 54 43
8 17 64 20
8 18 17 89
8 19 68 87
8 20 24 20
8 21 24 67
8 22 16 27
8 23 45 16
8 24 25 40
8 25 63 38
8 26 69 52
8 27 31 31
8 28 15 14
8 29 79 41
8 30 38 73
8 31 43 34
8 32 23 81
8 33 95 98
8 34 47 23
8 35 99 86
8 36 51 25
8 37 52 85
8 38 59 71
8 39 29 75
8 40 67 64
8 41 62 39
8 42 96 42
8 43 31 27
8 44 16 83
9 10 43 70
9 11 67 38
9 12 84 15
9 13 75 73
9 14 95 43
9 15 99 47
9 16 10 67
9 17 86 88
9 18 55 70
9 19 17 90
9 20 89 40
9 21 58 82
9 22 84 74
9 23 45 47
9 24 77 57
9 25 71 55
9 26 98 37
9 27 58 71
9 28 73 45
9 29 29 96
9 30 12 44
9 31 91 72
9 32 19 10
9 33 15 16
9 34 63 39
9 35 85 58
9 36 30 28
9 37 24 60
9 38 28 57
9 39 64 52
9 40 50 58
9 41 77 81
9 42 15 48
9 43 77 84
9 44 80 46
10 11 69 43
10 12 49 30
10 13 73 73
10 14 55 94
10 15 81 60
10 16 23 33
10 17 23 34
10 18 65 48
10 19 72 33
10 20 36 52
10 21 51 79
10 22 89 90
10 23 48 91
10 24 48 21
10 25 15 63
10 26 23 60
10 27 21 94
10 28 44 30
10 29 83 29
10 30 99 74
10 31 18 24
10 32 40 44
10 33 47 43
10 34 95 24
10 35 74 67
10 36 91 50
10 37 20 80
10 38 69 39
10 39 78 36
10 40 55 64
10 41 59 31
10 42 61 47
10 43 37 93
10 44 29 57
11 12 85 93
11 13 78 46
11 14 80 25
11 15 53 38
11 16 95 44
11 17 31 61
11 18 47 13
11 19 24 66
11 20 74 19
11 21 21 14
11 22 19 73
11 23 14 48
11 24 99 98
11 25 84 70
11 26 37 33
11 27 19 47
11 28 85 31
11 29 94 82
11 30 74 96
11 31 47 47
11 32 60 31
11 33 15 66
11 34 84 72
11 35 43 17
11 36 72 63
11 37 79 20
11 38 35 70
11 39 41 59
11 40 69 21
11 41 68 28
11 42 81 75
11 43 41 75
11 44 42 16
12 13 29 45
12 14 18 76
12 15 28 42
12 16 46 89
12 17 26 84
12 18 74 24
12 19 40 22
12 20 55 20
12 21 86 73
12 22 86 56
12 23 80 49
12 24 95 31
12 25 99 14
12 26 54 83
12 27 89 13
12 28 10 36
12 29 11 36
12 30 39 42
12 31 50 79
12 32 22 95
12 33 37 69
12 34 13 41
12 35 95 71
12 36 76 21
12 37 51 51
12 38 13 36
12 39 17 80
12 40 78 53
12 41 20 89
12 42 84 40
12 43 98 66
12 44 35 96
13 14 96 44
13 15 28 49
13 16 28 22
13 17 56 12
13 18 74 89
13 19 35 92
13 20 94 14
13 21 11 56
13 22 41 94
13 23 14 46
13 24 71 27
13 25 31 48
13 26 35 80
13 27 28 80
13 28 19 83
13 29 98 26
13 30 64 94
13 31 60 32
13 32 21 99
13 33 75 13
13 34 64 43
13 35 31 12
13 36 51 67
13 37 40 74
13 38 45 88
13 39 49 19
13 40 24 99
13 41 18 87
13 42 83 97
13 43 39 80
13 44 84 64
14 15 34 42
14 16 63 84
14 17 73 29
14 18 35 46
14 19 48 26
14 20 81 26
14 21 62 10
14 22 25 43
14 23 48 26
14 24 52 66
14 25 81 71
14 26 88 15
14 27 86 32
14 28 11 12
14 29 33 17
14 30 78 61
14 31 10 75
14 32 61 40
14 33 47 98
14 34 22 43
14 35 26 47
14 36 52 67
14 37 90 35
14 38 12 53
14 39 56 77
14 40 74 31
14 41 61 41
14 42 17 97
14 43 55 13
14 44 34 21
15 16 36 65
15 17 83 29
15 18 58 99
15 19 47 93
15 20 22 32
15 21 73 41
15 22 66 95
15 23 14 57
15 24 20 56
15 25 92 67
15 26 19 78
15 27 41 52
15 28 56 50
15 29 55 53
15 30 95 47
15 31 63 22
15 32 45 35
15 33 28 87
15 34 89 35
15 35 78 23
15 36 54 25
15 37 64 97
15 38 60 86
15 39 60 20
15 40 74 27
15 41 16 96
15 42 46 88
15 43 32 28
15 44 84 59
16 17 61 76
16 18 20 31
16 19 39 91
16 20 55 89
16 21 12 48
16 22 77 27
16 23 85 74
16 24 35 91
16 25 17 19
16 26 71 89
16 27 91 76
16 28 16 68
16 29 13 48
16 30 61 51
16 31 61 60
16 32 57 15
16 33 43 92
16 34 91 34
16 35 87 40
16 36 28 94
16 37 18 53
16 38 26 95
16 39 60 96
16 40 14 30
16 41 12 25
16 42 55 98
16 43 92 45
16 44 68 36
17 18 92 18
17 19 13 20
17 20 67 78
17 21 83 27
17 22 13 31
17 23 56 17
17 24 53 23
17 25 16 31
17 26 41 53
17 27 11 16
17 28 31 63
17 29 71 66
17 30 69 64
17 31 96 38
17 32 70 90
17 33 96 89
17 34 42 92
17 35 72 14
17 36 83 60
17 37 95 16
17 38 78 40
17 39 53 32
17 40 77 39
17 41 70 77
17 42 53 69
17 43 51 13
17 44 82 80
18 19 44 45
18 20 89 44
18 21 95 16
18 22 71 93
18 23 79 72
18 24 68 62
18 25 85 67
18 26 43 49
18 27 65 61
18 28 44 40
18 29 10 60
18 30 69 21
18 31 47 20
18 32 99 64
18 33 22 80
18 34 15 80
18 35 46 15
18 36 36 61
18 37 22 38
18 38 71 65
18 39 86 26
18 40 86 90
18 41 56 95
18 42 56 88
18 43 38 61
18 44 43 73
19 20 15 55
19 21 29 19
19 22 35 76
19 23 32 54
19 24 34 85
19 25 24 32
19 26 25 74
19 27 34 55
19 28 63 10
19 29 89 42
19 30 92 37
19 31 65 58
19 32 48 62
19 33 94 41
19 34 35 32
19 35 19 94
19 36 57 87
19 37 54 79
19 38 36 78
19 39 22 78
19 40 90 60
19 41 27 58
19 42 46 53
19 43 10 28
19 44 90 42
20 21 23 40
20 22 79 21
20 23 32 70
20 24 33 95
20 25 77 30
20 26 49 84
20 27 27 34
20 28 49 51
20 29 77 45
20 30 49 94
20 31 69 46
20 32 35 47
20 33 23 23
20 34 48 46
20 35 32 89
20 36 97 55
20 37 11 20
20 38 28 38
20 39 15 80
20 40 34 57
20 41 44 20
20 42 40 50
20 43 61 87
20 44 87 90
21 22 82 82
21 23 50 93
21 24 95 28
21 25 74 69
21 26 38 91
21 27 71 39
21 28 79 63
21 29 65 94
21 30 33 62
21 31 90 81
21 32 38 28
21 33 94 48
21 34 15 72
21 35 16 97
21 36 64 43
21 37 52 27
21 38 29 26
21 39 75 39
21 40 15 94
21 41 78 51
21 42 49 97
21 43 33 35
21 44 39 66
22 23 49 76
22 24 32 13
22 25 51 92
22 26 45 46
22 27 69 97
22 28 79 17
22 29 33 25
22 30 20 19
22 31 57 99
22 32 46 12
22 33 42 85
22 34 85 27
22 35 14 15
22 36 98 89
22 37 88 74
22 38 31 92
22 39 86 89
22 40 96 49
22 41 50 46
22 42 32 77
22 43 84 68
22 44 17 78
23 24 79 70
23 25 24 12
23 26 30 12
23 27 69 75
23 28 58 15
23 29 36 46
23 30 84 62
23 31 48 44
23 32 66 92
23 33 69 41
23 34 80 38
23 35 71 92
23 36 61 93
23 37 67 23
23 38 63 18
23 39 52 72
23 40 49 43
23 41 46 45
23 42 41 71
23 43 97 53
23 44 73 67
24 25 95 60
24 26 61 21
24 27 63 54
24 28 66 57
24 29 28 12
24 30 57 72
24 31 85 63
24 32 80 80
24 33 42 51
24 34 37 32
24 35 40 48
24 36 11 93
24 37 64 70
24 38 89 15
24 39 85 85
24 40 71 38
24 41 67 34
24 42 98 84
24 43 82 77
24 44 30 80
25 26 12 83
25 27 55 63
25 28 11 40
25 29 55 38
25 30 95 72
25 31 41 23
25 32 16 47
25 33 12 83
25 34 47 86
25 35 53 39
25 36 20 53
25 37 60 37
25 38 98 40
25 39 68 89
25 40 37 15
25 41 92 37
25 42 81 60
25 43 62 89
25 44 26 99
26 27 44 15
26 28 88 77
26 29 26 76
26 30 40 68
26 31 78 26
26 32 56 32
26 33 61 80
26 34 18 75
26 35 91 23
26 36 27 81
26 37 77 83
26 38 58 11
26 39 32 43
26 40 50 77
26 41 93 73
26 42 23 92
26 43 81 56
26 44 97 78
27 28 60 67
27 29 47 96
27 30 84 20
27 31 14 23
27 32 32 42
27 33 72 71
27 34 82 71
27 35 18 88
27 36 82 27
27 37 35 69
27 38 80 95
27 39 24 71
27 40 67 56
27 41 67 84
27 42 91 66
27 43 85 90
27 44 48 78
28 29 69 66
28 30 65 77
28 31 97 35
28 32 27 41
28 33 36 15
28 34 68 28
28 35 17 73
28 36 30 21
28 37 33 69
28 38 93 68
28 39 48 58
28 40 25 61
28 41 93 35
28 42 85 42
28 43 72 23
28 44 10 98
29 30 11 97
29 31 21 92
29 32 78 70
29 33 49 77
29 34 54 26
29 35 81 96
29 36 27 88
29 37 15 95
29 38 50 10
29 39 14 35
29 40 75 93
29 41 71 32
29 42 30 69
29 43 21 97
29 44 92 83
30 31 78 56
30 32 28 73
30 33 55 36
30 34 87 77
30 35 42 62
30 36 58 84
30 37 37 47
30 38 22 18
30 39 50 89
30 40 26 88
30 41 61 12
30 42 88 65
30 43 38 46
30 44 17 55
31 32 20 39
31 33 67 87
31 34 83 54
31 35 44 15
31 36 93 15
31 37 11 82
31 38 27 18
31 39 88 91
31 40 65 33
31 41 38 55
31 42 75 34
31 43 93 46
31 44 70 83
32 33 54 44
32 34 16 74
32 35 30 29
32 36 27 68
32 37 81 60
32 38 89 27
32 39 65 65
32 40 91 91
32 41 49 58
32 42 47 94
32 43 14 76
32 44 28 75
33 34 16 75
33 35 30 78
33 36 98 70
33 37 57 41
33 38 83 15
33 39 45 32
33 40 60 53
33 41 54 15
33 42 27 72
33 43 28 18
33 44 55 18
34 35 73 53
34 36 75 70
34 37 89 75
34 38 25 73
34 39 93 89
34 40 58 31
34 41 39 30
34 42 51 16
34 43 50 15
34 44 17 54
35 36 90 29
35 37 27 31
35 38 23 64
35 39 89 32
35 40 72 53
35 41 65 41
35 42 29 27
35 43 99 41
35 44 32 71
36 37 91 63
36 38 86 20
36 39 27 27
36 40 41 16
36 41 60 40
36 42 58 43
36 43 31 50
36 44 55 18
37 38 76 34
37 39 98 70
37 40 94 94
37 41 44 43
37 42 31 93
37 43 21 52
37 44 11 21
38 39 70 48
38 40 18 61
38 41 55 34
38 42 21 87
38 43 40 95
38 44 54 27
39 40 29 90
39 41 87 20
39 42 29 88
39 43 32 78
39 44 11 38
40 41 47 22
40 42 41 25
40 43 70 18
40 44 28 52
41 42 29 38
41 43 30 17
41 44 48 67
42 43 95 32
42 44 43 73
43 44 28 17
