45
0 1 18 18
0 2 0 982
0 3 993 982
0 4 994 986
0 5 982 991
0 6 994 982
0 7 984 988
0 8 984 986
0 9 991 998
0 10 998 997
0 11 998 998
0 12 988 991
0 13 997 993
0 14 982 984
0 15 982 982
0 16 991 986
0 17 987 995
0 18 982 987
0 19 994 984
0 20 992 985
0 21 999 982
0 22 998 982
0 23 988 996
0 24 985 985
0 25 982 996
0 26 984 993
0 27 999 994
0 28 987 990
0 29 989 986
0 30 986 988
0 31 989 990
0 32 988 987
0 33 993 989
0 34 998 995
0 35 982 991
0 36 988 984
0 37 987 998
0 38 996 986
0 39 986 984
0 40 984 990
0 41 994 995
0 42 984 983
0 43 987 996
0 44 996 982
1 2 982 0
1 3 991 989
1 4 988 991
1 5 998 987
1 6 986 999
1 7 984 982
1 8 998 994
1 9 990 982
1 10 985 988
1 11 998 997
1 12 996 996
1 13 986 984
1 14 996 999
1 15 992 989
1 16 999 984
1 17 983 984
1 18 988 998
1 19 988 991
1 20 987 999
1 21 988 992
1 22 994 999
1 23 997 995
1 24 998 987
1 25 996 994
1 26 993 987
1 27 985 991
1 28 988 993
1 29 990 995
1 30 996 991
1 31 997 983
1 32 990 987
1 33 998 993
1 34 998 993
1 35 998 993
1 36 988 996
1 37 988 999
1 38 995 995
1 39 986 992
1 40 988 989
1 41 984 992
1 42 986 995
1 43 984 997
1 44 984 990
2 3 997 988
2 4 995 988
2 5 986 984
2 6 985 982
2 7 983 998
2 8 984 985
2 9 987 998
2 10 992 995
2 11 982 985
2 12 983 984
2 13 991 996
2 14 984 989
2 15 987 999
2 16 992 999
2 17 988 993
2 18 995 985
2 19 987 984
2 20 988 996
2 21 992 999
2 22 984 991
2 23 998 983
2 24 993 995
2 25 995 987
2 26 990 999
2 27 998 994
2 28 983 993
2 29 995 997
2 30 988 986
2 31 988 992
2 32 996 997
2 33 996 991
2 34 993 987
2 35 984 982
2 36 989 983
2 37 994 988
2 38 996 988
2 39 990 985
2 40 995 991
2 41 993 987
2 42 989 992
2 43 997 993
2 44 999 992
3 4 100 156
3 5 121 194
3 6 133 106
3 7 126 194
3 8 22 112
3 9 181 162
3 10 162 123
3 11 165 197
3 12 130 156
3 13 34 147
3 14 109 85
3 15 99 61
3 16 73 188
3 17 26 195
3 18 126 40
3 19 111 126
3 20 176 120
3 21 42 50
3 22 90 116
3 23 186 110
3 24 93 44
3 25 27 105
3 26 192 170
3 27 186 104
3 28 182 96
3 29 197 19
3 30 79 118
3 31 50 149
3 32 133 141
3 33 59 195
3 34 181 190
3 35 139 182
3 36 38 198
3 37 174 80
3 38 72 98
3 39 32 22
3 40 79 80
3 41 22 158
3 42 82 50
3 43 99 106
3 44 141 79
4 5 197 127
4 6 56 110
4 7 35 78
4 8 196 38
4 9 191 96
4 10 178 21
4 11 29 105
4 12 29 119
4 13 119 25
4 14 67 95
4 15 129 196
4 16 36 52
4 17 112 96
4 18 53 49
4 19 22 157
4 20 57 84
4 21 46 153
4 22 104 104
4 23 135 146
4 24 166 108
4 25 143 57
4 26 52 145
4 27 48 46
4 28 92 143
4 29 106 64
4 30 184 84
4 31 129 111
4 32 134 49
4 33 166 166
4 34 181 91
4 35 188 108
4 36 49 177
4 37 40 110
4 38 199 134
4 39 182 59
4 40 125 187
4 41 111 175
4 42 155 31
4 43 166 22
4 44 97 22
5 6 140 117
5 7 196 166
5 8 100 131
5 9 140 54
5 10 199 131
5 11 76 165
5 12 71 108
5 13 138 96
5 14 163 131
5 15 55 133
5 16 96 38
5 17 67 105
5 18 37 160
5 19 135 93
5 20 64 33
5 21 167 24
5 22 139 69
5 23 185 194
5 24 53 82
5 25 169 117
5 26 152 162
5 27 101 89
5 28 103 52
5 29 35 45
5 30 108 147
5 31 46 187
5 32 144 189
5 33 199 92
5 34 139 157
5 35 84 167
5 36 21 189
5 37 108 113
5 38 147 123
5 39 87 100
5 40 181 46
5 41 83 92
5 42 59 28
5 43 109 176
5 44 66 128
6 7 44 160
6 8 33 147
6 9 173 50
6 10 26 40
6 11 42 51
6 12 61 59
6 13 24 32
6 14 122 32
6 15 37 84
6 16 119 67
6 17 57 190
6 18 78 21
6 19 145 181
6 20 177 24
6 21 109 132
6 22 141 117
6 23 77 117
6 24 73 115
6 25 196 196
6 26 121 97
6 27 123 184
6 28 195 22
6 29 150 107
6 30 183 125
6 31 38 119
6 32 80 42
6 33 75 116
6 34 108 124
6 35 198 145
6 36 42 171
6 37 92 194
6 38 158 63
6 39 29 63
6 40 78 146
6 41 84 153
6 42 53 75
6 43 129 66
6 44 134 133
7 8 103 70
7 9 19 137
7 10 76 129
7 11 168 131
7 12 35 125
7 13 185 37
7 14 20 160
7 15 198 25
7 16 159 79
7 17 90 73
7 18 129 88
7 19 109 199
7 20 59 46
7 21 64 150
7 22 64 171
7 23 132 79
7 24 135 96
7 25 179 173
7 26 176 83
7 27 159 141
7 28 185 148
7 29 130 110
7 30 112 71
7 31 95 36
7 32 187 92
7 33 59 145
7 34 133 27
7 35 81 93
7 36 46 126
7 37 65 196
7 38 162 112
7 39 116 85
7 40 39 180
7 41 186 171
7 42 22 103
7 43 138 18
7 44 85 97
8 9 141 144
8 10 193 194
8 11 32 48
8 12 80 197
8 13 174 184
8 14 159 175
8 15 81 26
8 16 190 116
8 17 127 155
8 18 191 127
8 19 48 27
8 20 44 188
8 21 28 128
8 22 136 30
8 23 36 166
8 24 104 92
8 25 99 166
8 26 143 20
8 27 128 109
8 28 188 108
8 29 26 96
8 30 47 149
8 31 96 154
8 32 137 66
8 33 23 149
8 34 23 58
8 35 34 137
8 36 147 172
8 37 199 52
8 38 90 145
8 39 32 30
8 40 180 86
8 41 154 23
8 42 69 137
8 43 199 152
8 44 92 145
9 10 102 44
9 11 58 62
9 12 164 80
9 13 186 49
9 14 107 95
9 15 94 112
9 16 128 159
9 17 124 182
9 18 110 179
9 19 140 109
9 20 180 161
9 21 121 128
9 22 50 179
9 23 146 159
9 24 176 44
9 25 139 113
9 26 58 91
9 27 61 174
9 28 180 92
9 29 183 146
9 30 197 170
9 31 139 151
9 32 40 138
9 33 126 82
9 34 152 57
9 35 197 118
9 36 50 133
9 37 25 197
9 38 153 167
9 39 149 48
9 40 87 54
9 41 89 168
9 42 133 23
9 43 170 64
9 44 103 74
10 11 184 166
10 12 162 179
10 13 158 142
10 14 100 107
10 15 197 197
10 16 133 199
10 17 169 57
10 18 47 48
10 19 60 104
10 20 136 41
10 21 187 110
10 22 71 41
10 23 56 52
10 24 42 85
10 25 152 66
10 26 160 172
10 27 103 137
10 28 193 120
10 29 126 83
10 30 165 59
10 31 78 122
10 32 85 72
10 33 164 96
10 34 100 119
10 35 102 183
10 36 116 61
10 37 29 118
10 38 99 103
10 39 158 172
10 40 129 53
10 41 192 22
10 42 142 42
10 43 26 123
10 44 125 91
11 12 172 101
11 13 42 102
11 14 30 130
11 15 132 108
11 16 134 139
11 17 39 163
11 18 42 195
11 19 63 85
11 20 150 41
11 21 150 131
11 22 100 162
11 23 169 146
11 24 111 73
11 25 36 111
11 26 86 171
11 27 68 158
11 28 102 165
11 29 72 52
11 30 136 134
11 31 113 52
11 32 106 169
11 33 173 34
11 34 113 46
11 35 96 192
11 36 72 78
11 37 151 111
11 38 165 25
11 39 57 192
11 40 159 52
11 41 37 199
11 42 198 138
11 43 48 33
11 44 174 51
12 13 178 122
12 14 37 162
12 15 91 157
12 16 152 115
12 17 31 101
12 18 26 151
12 19 170 94
12 20 74 38
12 21 60 189
12 22 147 175
12 23 147 136
12 24 60 118
12 25 79 149
12 26 109 169
12 27 28 194
12 28 181 33
12 29 67 185
12 30 121 149
12 31 117 163
12 32 188 62
12 33 44 18
12 34 92 18
12 35 121 23
12 36 20 149
12 37 134 85
12 38 172 30
12 39 185 81
12 40 31 59
12 41 78 135
12 42 168 36
12 43 176 43
12 44 188 194
13 14 52 152
13 15 148 74
13 16 191 38
13 17 192 127
13 18 58 189
13 19 103 58
13 20 81 78
13 21 137 146
13 22 40 48
13 23 69 150
13 24 44 160
13 25 50 194
13 26 54 40
13 27 56 73
13 28 123 112
13 29 109 167
13 30 85 102
13 31 65 50
13 32 143 81
13 33 118 131
13 34 128 146
13 35 118 49
13 36 135 116
13 37 32 195
13 38 132 172
13 39 128 120
13 40 112 95
13 41 139 163
13 42 35 114
13 43 64 74
13 44 199 80
14 15 163 157
14 16 191 91
14 17 81 114
14 18 140 95
14 19 87 157
14 20 131 141
14 21 182 108
14 22 38 25
14 23 54 41
14 24 83 116
14 25 69 98
14 26 20 143
14 27 55 145
14 28 48 79
14 29 110 79
14 30 76 196
14 31 154 41
14 32 115 137
14 33 140 149
14 34 145 63
14 35 93 50
14 36 28 51
14 37 100 62
14 38 70 72
14 39 129 171
14 40 88 194
14 41 87 169
14 42 119 144
14 43 155 85
14 44 107 29
15 16 80 81
15 17 69 36
15 18 124 63
15 19 89 77
15 20 106 49
15 21 76 141
15 22 188 121
15 23 41 55
15 24 173 43
15 25 164 50
15 26 37 146
15 27 117 84
15 28 74 74
15 29 168 143
15 30 114 120
15 31 168 136
15 32 103 193
15 33 65 26
15 34 145 129
15 35 80 84
15 36 56 101
15 37 26 128
15 38 169 144
15 39 104 142
15 40 199 19
15 41 82 70
15 42 71 28
15 43 102 147
15 44 197 33
16 17 28 23
16 18 140 74
16 19 38 173
16 20 196 43
16 21 27 24
16 22 167 36
16 23 43 53
16 24 55 182
16 25 47 98
16 26 94 79
16 27 106 195
16 28 95 133
16 29 72 53
16 30 199 147
16 31 153 166
16 32 60 135
16 33 96 180
16 34 40 128
16 35 34 136
16 36 87 103
16 37 28 197
16 38 79 19
16 39 128 95
16 40 42 163
16 41 129 171
16 42 50 183
16 43 64 18
16 44 66 162
17 18 119 62
17 19 45 118
17 20 79 183
17 21 111 141
17 22 146 141
17 23 36 100
17 24 92 97
17 25 88 95
17 26 104 93
17 27 108 199
17 28 30 137
17 29 21 138
17 30 18 25
17 31 102 141
17 32 198 134
17 33 93 90
17 34 177 119
17 35 42 174
17 36 40 125
17 37 21 91
17 38 28 52
17 39 58 143
17 40 120 30
17 41 124 71
17 42 94 193
17 43 60 42
17 44 54 104
18 19 70 67
18 20 126 194
18 21 113 45
18 22 35 92
18 23 50 118
18 24 71 84
18 25 153 172
18 26 84 128
18 27 90 197
18 28 165 137
18 29 166 139
18 30 49 136
18 31 199 193
18 32 48 109
18 33 195 74
18 34 122 132
18 35 168 64
18 36 45 100
18 37 53 157
18 38 121 164
18 39 105 36
18 40 120 30
18 41 151 38
18 42 83 27
18 43 89 104
18 44 32 184
19 20 162 40
19 21 59 53
19 22 180 160
19 23 58 21
19 24 129 46
19 25 91 158
19 26 107 66
19 27 45 68
19 28 163 40
19 29 62 46
19 30 167 32
19 31 50 141
19 32 57 145
19 33 100 102
19 34 114 96
19 35 65 75
19 36 195 94
19 37 122 175
19 38 163 57
19 39 78 169
19 40 124 155
19 41 138 82
19 42 66 56
19 43 176 59
19 44 161 186
20 21 105 127
20 22 59 124
20 23 154 50
20 24 46 176
20 25 162 46
20 26 193 108
20 27 126 50
20 28 31 163
20 29 43 84
20 30 172 85
20 31 119 102
20 32 31 94
20 33 127 138
20 34 27 87
20 35 79 189
20 36 191 142
20 37 102 115
20 38 22 108
20 39 53 164
20 40 38 32
20 41 46 64
20 42 150 18
20 43 155 68
20 44 24 178
21 22 176 106
21 23 131 159
21 24 39 95
21 25 158 47
21 26 152 166
21 27 192 74
21 28 19 33
21 29 137 165
21 30 152 115
21 31 87 92
21 32 48 149
21 33 95 96
21 34 43 163
21 35 196 189
21 36 153 46
21 37 96 25
21 38 172 179
21 39 176 63
21 40 153 192
21 41 44 142
21 42 76 90
21 43 122 141
21 44 132 36
22 23 95 89
22 24 56 39
22 25 123 114
22 26 112 121
22 27 28 159
22 28 35 194
22 29 110 161
22 30 136 164
22 31 143 156
22 32 188 30
22 33 179 186
22 34 172 73
22 35 188 37
22 36 160 59
22 37 142 72
22 38 79 110
22 39 100 19
22 40 83 191
22 41 55 76
22 42 115 29
22 43 152 97
22 44 64 150
23 24 60 28
23 25 178 57
23 26 173 100
23 27 77 85
23 28 108 68
23 29 70 52
23 30 126 68
23 31 52 35
23 32 167 156
23 33 181 109
23 34 92 43
23 35 80 138
23 36 87 84
23 37 114 195
23 38 195 100
23 39 144 45
23 40 96 126
23 41 70 68
23 42 68 144
23 43 65 90
23 44 34 171
24 25 174 75
24 26 47 151
24 27 59 156
24 28 198 156
24 29 195 143
24 30 173 156
24 31 142 77
24 32 196 119
24 33 23 88
24 34 18 25
24 35 139 18
24 36 154 77
24 37 176 122
24 38 93 94
24 39 59 19
24 40 87 85
24 41 62 160
24 42 86 106
24 43 170 116
24 44 157 107
25 26 125 135
25 27 111 192
25 28 173 56
25 29 156 70
25 30 37 62
25 31 169 36
25 32 162 98
25 33 122 146
25 34 36 143
25 35 98 83
25 36 118 59
25 37 153 109
25 38 189 194
25 39 108 159
25 40 104 119
25 41 186 20
25 42 80 128
25 43 37 69
25 44 85 70
26 27 94 173
26 28 188 80
26 29 28 82
26 30 183 126
26 31 193 137
26 32 189 77
26 33 74 102
26 34 36 175
26 35 158 53
26 36 179 87
26 37 85 133
26 38 70 164
26 39 167 196
26 40 20 84
26 41 94 162
26 42 191 99
26 43 160 110
26 44 190 112
27 28 106 109
27 29 74 183
27 30 122 42
27 31 97 41
27 32 115 98
27 33 134 170
27 34 59 44
27 35 162 131
27 36 92 108
27 37 176 93
27 38 162 24
27 39 198 34
27 40 71 198
27 41 126 58
27 42 112 92
27 43 137 100
27 44 146 59
28 29 140 74
28 30 66 24
28 31 136 85
28 32 171 158
28 33 179 137
28 34 98 197
28 35 62 60
28 36 158 44
28 37 21 189
28 38 64 20
28 39 141 155
28 40 109 167
28 41 145 121
28 42 83 139
28 43 151 79
28 44 101 87
29 30 178 188
29 31 180 116
29 32 199 135
29 33 22 38
29 34 153 125
29 35 56 163
29 36 71 116
29 37 34 85
29 38 114 77
29 39 67 124
29 40 49 95
29 41 142 68
29 42 90 112
29 43 162 195
29 44 36 197
30 31 168 196
30 32 88 121
30 33 115 87
30 34 194 66
30 35 196 105
30 36 28 40
30 37 173 190
30 38 157 123
30 39 159 26
30 40 47 91
30 41 182 162
30 42 157 163
30 43 163 186
30 44 174 52
31 32 96 95
31 33 126 99
31 34 136 65
31 35 57 129
31 36 171 35
31 37 151 120
31 38 30 197
31 39 188 63
31 40 84 146
31 41 86 127
31 42 87 139
31 43 31 85
31 44 93 103
32 33 106 102
32 34 188 120
32 35 41 59
32 36 184 131
32 37 41 82
32 38 157 135
32 39 90 149
32 40 192 198
32 41 61 106
32 42 48 103
32 43 186 100
32 44 125 167
33 34 55 199
33 35 19 184
33 36 88 176
33 37 112 30
33 38 148 193
33 39 170 170
33 40 134 20
33 41 19 131
33 42 80 61
33 43 39 94
33 44 49 186
34 35 62 32
34 36 95 190
34 37 181 199
34 38 144 159
34 39 129 56
34 40 107 153
34 41 196 118
34 42 65 28
34 43 193 149
34 44 197 79
35 36 64 142
35 37 133 116
35 38 149 66
35 39 130 69
35 40 58 160
35 41 125 150
35 42 176 74
35 43 63 67
35 44 112 183
36 37 46 168
36 38 104 183
36 39 199 191
36 40 163 67
36 41 196 95
36 42 162 177
36 43 100 154
36 44 195 52
37 38 70 38
37 39 32 81
37 40 99 55
37 41 70 179
37 42 77 116
37 43 195 61
37 44 134 120
38 39 41 123
38 40 118 30
38 41 186 156
38 42 111 182
38 43 185 21
38 44 62 116
39 40 185 34
39 41 70 69
39 42 59 92
39 43 77 152
39 44 136 152
40 41 178 136
40 42 140 21
40 43 80 38
40 44 23 189
41 42 103 136
41 43 191 199
41 44 38 93
42 43 173 57
42 44 148 110
43 44 32 172
