50
0 1 100 100
0 2 0 900
0 3 962 950
0 4 968 958
0 5 955 906
0 6 996 947
0 7 991 925
0 8 927 947
0 9 926 910
0 10 959 910
0 11 972 919
0 12 998 966
0 13 938 960
0 14 919 959
0 15 915 940
0 16 984 976
0 17 905 920
0 18 964 957
0 19 939 929
0 20 923 957
0 21 911 990
0 22 960 909
0 23 916 914
0 24 902 995
0 25 973 902
0 26 958 914
0 27 906 905
0 28 965 998
0 29 912 942
0 30 982 946
0 31 954 962
0 32 917 921
0 33 947 952
0 34 993 953
0 35 918 940
0 36 944 937
0 37 935 945
0 38 914 944
0 39 998 967
0 40 936 914
0 41 985 928
0 42 989 920
0 43 950 993
0 44 994 931
0 45 917 972
0 46 977 949
0 47 942 971
0 48 941 991
0 49 978 965
1 2 900 0
1 3 991 901
1 4 907 961
1 5 909 974
1 6 912 918
1 7 934 954
1 8 909 954
1 9 959 990
1 10 978 983
1 11 922 978
1 12 984 929
1 13 950 972
1 14 947 927
1 15 912 951
1 16 972 978
1 17 912 919
1 18 963 929
1 19 908 995
1 20 909 988
1 21 979 900
1 22 962 972
1 23 939 902
1 24 956 936
1 25 915 971
1 26 913 901
1 27 944 983
1 28 915 974
1 29 949 997
1 30 930 926
1 31 939 917
1 32 985 933
1 33 941 940
1 34 904 935
1 35 964 914
1 36 919 998
1 37 963 958
1 38 946 909
1 39 987 933
1 40 985 968
1 41 903 903
1 42 920 950
1 43 918 984
1 44 924 940
1 45 917 948
1 46 919 980
1 47 965 998
1 48 994 920
1 49 946 940
2 3 924 985
2 4 971 970
2 5 987 968
2 6 955 908
2 7 934 989
2 8 957 985
2 9 965 981
2 10 998 945
2 11 952 976
2 12 903 914
2 13 987 960
2 14 957 912
2 15 979 938
2 16 970 932
2 17 992 986
2 18 919 917
2 19 950 962
2 20 900 952
2 21 954 916
2 22 996 964
2 23 981 995
2 24 928 959
2 25 966 996
2 26 973 997
2 27 998 908
2 28 944 941
2 29 982 978
2 30 981 917
2 31 930 911
2 32 973 906
2 33 978 912
2 34 923 908
2 35 987 990
2 36 959 916
2 37 957 988
2 38 914 923
2 39 964 940
2 40 986 970
2 41 940 972
2 42 983 943
2 43 998 986
2 44 993 982
2 45 992 932
2 46 901 937
2 47 935 984
2 48 994 966
2 49 923 990
3 4 184 377
3 5 193 477
3 6 225 276
3 7 247 210
3 8 246 319
3 9 159 184
3 10 172 476
3 11 396 266
3 12 468 257
3 13 143 216
3 14 308 165
3 15 486 129
3 16 206 425
3 17 272 367
3 18 147 294
3 19 369 372
3 20 368 247
3 21 173 169
3 22 312 388
3 23 243 291
3 24 457 432
3 25 119 194
3 26 104 166
3 27 179 429
3 28 390 325
3 29 271 160
3 30 484 353
3 31 455 127
3 32 353 239
3 33 392 296
3 34 249 482
3 35 460 449
3 36 453 142
3 37 358 197
3 38 409 409
3 39 369 141
3 40 228 318
3 41 187 145
3 42 447 413
3 43 410 129
3 44 267 274
3 45 489 270
3 46 243 324
3 47 388 320
3 48 172 418
3 49 497 278
4 5 152 345
4 6 417 123
4 7 156 354
4 8 164 303
4 9 408 268
4 10 251 355
4 11 151 170
4 12 452 284
4 13 158 429
4 14 417 195
4 15 229 261
4 16 372 361
4 17 400 339
4 18 107 138
4 19 244 472
4 20 182 172
4 21 272 438
4 22 394 317
4 23 271 147
4 24 162 399
4 25 302 294
4 26 383 321
4 27 109 424
4 28 405 289
4 29 135 124
4 30 487 209
4 31 196 101
4 32 439 334
4 33 317 337
4 34 204 410
4 35 286 272
4 36 155 356
4 37 327 394
4 38 320 266
4 39 307 162
4 40 272 121
4 41 105 339
4 42 419 149
4 43 174 329
4 44 131 446
4 45 404 446
4 46 365 159
4 47 250 322
4 48 392 292
4 49 403 343
5 6 388 185
5 7 347 342
5 8 378 458
5 9 251 153
5 10 456 255
5 11 395 125
5 12 418 199
5 13 320 374
5 14 255 174
5 15 166 324
5 16 273 360
5 17 112 368
5 18 288 164
5 19 185 127
5 20 131 144
5 21 371 354
5 22 213 370
5 23 348 179
5 24 339 259
5 25 381 218
5 26 313 424
5 27 173 240
5 28 482 144
5 29 158 406
5 30 379 364
5 31 362 207
5 32 283 355
5 33 184 356
5 34 256 344
5 35 209 308
5 36 377 196
5 37 213 199
5 38 237 304
5 39 434 165
5 40 260 218
5 41 140 362
5 42 209 397
5 43 327 257
5 44 111 487
5 45 164 478
5 46 349 159
5 47 255 271
5 48 215 361
5 49 199 305
6 7 146 161
6 8 228 364
6 9 322 272
6 10 353 116
6 11 337 204
6 12 407 196
6 13 237 396
6 14 424 363
6 15 109 228
6 16 142 447
6 17 182 109
6 18 298 394
6 19 150 125
6 20 492 260
6 21 457 168
6 22 322 374
6 23 417 152
6 24 402 360
6 25 187 401
6 26 387 412
6 27 323 358
6 28 405 193
6 29 116 211
6 30 242 209
6 31 122 168
6 32 202 492
6 33 295 460
6 34 453 151
6 35 494 115
6 36 243 463
6 37 252 271
6 38 251 320
6 39 186 107
6 40 175 322
6 41 176 469
6 42 301 302
6 43 410 235
6 44 117 212
6 45 491 156
6 46 427 119
6 47 312 418
6 48 376 324
6 49 356 372
7 8 361 369
7 9 262 201
7 10 348 430
7 11 453 426
7 12 132 235
7 13 277 418
7 14 396 418
7 15 240 417
7 16 120 397
7 17 446 448
7 18 488 132
7 19 137 433
7 20 494 333
7 21 151 393
7 22 480 205
7 23 230 124
7 24 211 143
7 25 280 205
7 26 191 456
7 27 343 385
7 28 211 147
7 29 126 292
7 30 466 398
7 31 199 179
7 32 453 421
7 33 427 458
7 34 418 256
7 35 418 450
7 36 438 495
7 37 282 202
7 38 294 331
7 39 214 162
7 40 183 414
7 41 467 267
7 42 232 253
7 43 253 288
7 44 209 476
7 45 440 190
7 46 336 413
7 47 394 495
7 48 287 253
7 49 107 299
8 9 235 429
8 10 199 396
8 11 456 250
8 12 158 323
8 13 283 148
8 14 320 231
8 15 232 214
8 16 484 393
8 17 262 394
8 18 380 362
8 19 273 369
8 20 346 124
8 21 432 305
8 22 380 334
8 23 360 403
8 24 296 316
8 25 174 222
8 26 386 210
8 27 294 339
8 28 157 145
8 29 298 112
8 30 170 490
8 31 359 108
8 32 289 497
8 33 291 357
8 34 152 326
8 35 228 258
8 36 203 181
8 37 452 182
8 38 407 408
8 39 315 111
8 40 174 345
8 41 430 452
8 42 464 120
8 43 407 137
8 44 334 324
8 45 208 407
8 46 271 167
8 47 357 186
8 48 359 357
8 49 392 419
9 10 154 316
9 11 336 356
9 12 178 255
9 13 367 268
9 14 476 367
9 15 358 374
9 16 169 250
9 17 268 216
9 18 440 248
9 19 434 388
9 20 323 145
9 21 361 158
9 22 188 119
9 23 401 262
9 24 236 146
9 25 432 436
9 26 394 338
9 27 161 139
9 28 299 140
9 29 189 223
9 30 339 211
9 31 297 240
9 32 119 328
9 33 185 255
9 34 272 465
9 35 152 462
9 36 437 154
9 37 488 133
9 38 217 282
9 39 417 396
9 40 449 364
9 41 403 121
9 42 342 176
9 43 130 494
9 44 476 350
9 45 273 198
9 46 254 175
9 47 261 296
9 48 401 192
9 49 450 314
10 11 158 181
10 12 440 253
10 13 371 256
10 14 362 407
10 15 253 120
10 16 177 467
10 17 359 196
10 18 454 138
10 19 416 463
10 20 155 247
10 21 234 380
10 22 213 386
10 23 311 453
10 24 185 338
10 25 133 423
10 26 103 119
10 27 185 439
10 28 113 469
10 29 476 424
10 30 195 447
10 31 133 141
10 32 289 352
10 33 165 300
10 34 169 340
10 35 386 312
10 36 391 292
10 37 205 230
10 38 423 416
10 39 356 164
10 40 339 371
10 41 187 458
10 42 411 373
10 43 274 416
10 44 446 167
10 45 473 144
10 46 129 199
10 47 158 262
10 48 496 233
10 49 253 412
11 12 435 195
11 13 155 374
11 14 321 455
11 15 398 476
11 16 289 457
11 17 231 492
11 18 276 291
11 19 362 223
11 20 349 173
11 21 466 124
11 22 267 499
11 23 383 224
11 24 360 389
11 25 270 223
11 26 319 460
11 27 115 232
11 28 459 192
11 29 490 369
11 30 146 129
11 31 274 468
11 32 215 281
11 33 104 433
11 34 323 476
11 35 344 210
11 36 432 487
11 37 365 350
11 38 232 123
11 39 360 228
11 40 220 318
11 41 302 220
11 42 156 117
11 43 387 115
11 44 222 444
11 45 173 151
11 46 237 256
11 47 405 411
11 48 341 148
11 49 334 335
12 13 388 478
12 14 378 427
12 15 151 408
12 16 475 143
12 17 415 138
12 18 233 331
12 19 485 408
12 20 425 180
12 21 226 391
12 22 391 346
12 23 119 391
12 24 476 363
12 25 288 192
12 26 104 421
12 27 397 177
12 28 229 205
12 29 371 139
12 30 457 232
12 31 413 275
12 32 104 247
12 33 371 160
12 34 276 365
12 35 379 150
12 36 415 269
12 37 164 100
12 38 371 157
12 39 201 336
12 40 419 305
12 41 432 233
12 42 222 218
12 43 371 163
12 44 368 329
12 45 114 155
12 46 361 414
12 47 492 261
12 48 472 173
12 49 183 272
13 14 346 399
13 15 116 275
13 16 211 159
13 17 438 304
13 18 184 303
13 19 297 307
13 20 192 342
13 21 142 309
13 22 222 416
13 23 483 285
13 24 166 426
13 25 477 244
13 26 396 320
13 27 192 255
13 28 238 296
13 29 118 253
13 30 403 482
13 31 104 153
13 32 233 354
13 33 236 337
13 34 393 160
13 35 241 254
13 36 341 172
13 37 414 149
13 38 274 360
13 39 365 129
13 40 312 369
13 41 120 478
13 42 442 492
13 43 160 296
13 44 474 207
13 45 208 220
13 46 211 284
13 47 328 398
13 48 112 495
13 49 475 283
14 15 436 111
14 16 405 334
14 17 344 113
14 18 379 200
14 19 258 203
14 20 169 183
14 21 459 305
14 22 194 141
14 23 321 251
14 24 352 227
14 25 375 419
14 26 193 147
14 27 485 246
14 28 447 342
14 29 228 458
14 30 151 378
14 31 195 396
14 32 191 250
14 33 282 325
14 34 170 224
14 35 119 100
14 36 301 257
14 37 272 498
14 38 434 417
14 39 333 273
14 40 241 164
14 41 465 358
14 42 233 299
14 43 442 212
14 44 200 393
14 45 246 461
14 46 265 428
14 47 437 376
14 48 164 249
14 49 258 421
15 16 101 266
15 17 349 102
15 18 468 186
15 19 115 411
15 20 298 220
15 21 116 322
15 22 102 389
15 23 408 227
15 24 130 209
15 25 410 334
15 26 213 285
15 27 230 365
15 28 181 125
15 29 462 255
15 30 485 376
15 31 457 184
15 32 170 268
15 33 158 466
15 34 277 162
15 35 380 116
15 36 336 127
15 37 141 398
15 38 293 417
15 39 310 254
15 40 313 260
15 41 124 439
15 42 340 465
15 43 367 406
15 44 416 473
15 45 232 317
15 46 382 238
15 47 421 447
15 48 350 116
15 49 418 197
16 17 311 150
16 18 151 359
16 19 305 228
16 20 108 276
16 21 275 116
16 22 257 213
16 23 230 251
16 24 487 368
16 25 157 486
16 26 243 441
16 27 361 319
16 28 116 382
16 29 488 255
16 30 164 187
16 31 318 142
16 32 138 486
16 33 120 335
16 34 243 459
16 35 257 264
16 36 352 464
16 37 363 277
16 38 176 478
16 39 195 114
16 40 359 142
16 41 292 188
16 42 127 469
16 43 486 343
16 44 469 272
16 45 238 408
16 46 455 209
16 47 235 472
16 48 158 115
16 49 326 243
17 18 112 344
17 19 269 385
17 20 177 228
17 21 160 135
17 22 361 313
17 23 448 271
17 24 263 248
17 25 140 127
17 26 343 480
17 27 154 185
17 28 376 443
17 29 142 380
17 30 395 185
17 31 495 120
17 32 156 184
17 33 303 168
17 34 188 420
17 35 387 206
17 36 253 382
17 37 202 460
17 38 360 223
17 39 281 339
17 40 426 436
17 41 257 493
17 42 466 364
17 43 423 231
17 44 165 146
17 45 437 325
17 46 212 368
17 47 212 403
17 48 446 458
17 49 331 251
18 19 381 477
18 20 291 309
18 21 221 381
18 22 479 451
18 23 437 193
18 24 340 496
18 25 145 404
18 26 216 303
18 27 353 432
18 28 464 209
18 29 431 305
18 30 441 360
18 31 215 402
18 32 147 218
18 33 380 324
18 34 499 496
18 35 292 216
18 36 190 390
18 37 172 203
18 38 323 148
18 39 271 125
18 40 203 434
18 41 248 328
18 42 215 193
18 43 360 205
18 44 150 104
18 45 142 109
18 46 143 181
18 47 405 229
18 48 320 236
18 49 153 412
19 20 266 299
19 21 467 241
19 22 469 164
19 23 354 434
19 24 482 264
19 25 159 274
19 26 163 293
19 27 219 115
19 28 155 489
19 29 205 222
19 30 359 312
19 31 439 301
19 32 479 108
19 33 355 184
19 34 436 427
19 35 431 335
19 36 490 410
19 37 302 197
19 38 484 134
19 39 250 463
19 40 426 258
19 41 156 204
19 42 391 437
19 43 100 406
19 44 490 432
19 45 245 306
19 46 430 104
19 47 207 238
19 48 452 117
19 49 329 296
20 21 114 354
20 22 281 339
20 23 491 400
20 24 150 177
20 25 393 303
20 26 323 311
20 27 400 143
20 28 104 200
20 29 194 254
20 30 271 126
20 31 325 212
20 32 179 452
20 33 373 162
20 34 354 436
20 35 489 129
20 36 310 242
20 37 399 446
20 38 311 398
20 39 264 342
20 40 238 148
20 41 337 109
20 42 102 198
20 43 346 480
20 44 331 293
20 45 109 211
20 46 309 156
20 47 447 125
20 48 384 487
20 49 190 400
21 22 404 259
21 23 142 484
21 24 149 211
21 25 362 379
21 26 244 155
21 27 354 320
21 28 130 209
21 29 336 194
21 30 110 323
21 31 221 396
21 32 114 371
21 33 422 224
21 34 254 406
21 35 101 462
21 36 154 460
21 37 472 366
21 38 326 465
21 39 296 380
21 40 481 372
21 41 342 322
21 42 236 213
21 43 258 402
21 44 266 277
21 45 288 373
21 46 240 409
21 47 469 208
21 48 494 461
21 49 348 353
22 23 378 365
22 24 418 315
22 25 364 241
22 26 291 303
22 27 299 249
22 28 109 375
22 29 470 165
22 30 386 487
22 31 449 182
22 32 214 318
22 33 126 174
22 34 313 350
22 35 365 367
22 36 167 377
22 37 260 110
22 38 244 473
22 39 217 484
22 40 359 465
22 41 291 170
22 42 348 431
22 43 120 460
22 44 407 217
22 45 273 185
22 46 293 227
22 47 241 414
22 48 326 451
22 49 487 393
23 24 371 250
23 25 214 176
23 26 246 423
23 27 182 266
23 28 326 381
23 29 441 323
23 30 199 482
23 31 494 152
23 32 248 464
23 33 356 151
23 34 102 464
23 35 312 103
23 36 204 436
23 37 183 457
23 38 298 172
23 39 472 250
23 40 253 374
23 41 317 252
23 42 198 108
23 43 144 260
23 44 465 108
23 45 135 307
23 46 241 264
23 47 260 180
23 48 380 430
23 49 110 264
24 25 314 452
24 26 295 424
24 27 390 294
24 28 304 282
24 29 310 338
24 30 394 347
24 31 252 450
24 32 307 218
24 33 353 449
24 34 416 180
24 35 402 259
24 36 428 430
24 37 189 378
24 38 453 418
24 39 313 301
24 40 403 100
24 41 325 125
24 42 486 466
24 43 141 371
24 44 310 355
24 45 468 228
24 46 166 337
24 47 122 446
24 48 435 304
24 49 211 144
25 26 406 116
25 27 377 154
25 28 106 465
25 29 369 312
25 30 244 308
25 31 307 138
25 32 108 368
25 33 332 427
25 34 390 295
25 35 370 148
25 36 385 314
25 37 394 289
25 38 149 371
25 39 468 461
25 40 213 340
25 41 106 342
25 42 291 400
25 43 290 330
25 44 110 483
25 45 327 477
25 46 143 119
25 47 151 145
25 48 272 214
25 49 455 270
26 27 268 321
26 28 451 226
26 29 119 361
26 30 100 120
26 31 428 158
26 32 208 342
26 33 300 248
26 34 203 409
26 35 394 127
26 36 309 353
26 37 198 197
26 38 466 489
26 39 342 457
26 40 445 403
26 41 470 196
26 42 288 287
26 43 333 352
26 44 195 140
26 45 253 402
26 46 133 449
26 47 424 194
26 48 129 216
26 49 226 261
27 28 104 276
27 29 124 428
27 30 219 491
27 31 374 388
27 32 177 463
27 33 300 227
27 34 310 237
27 35 364 227
27 36 112 163
27 37 482 486
27 38 231 294
27 39 174 200
27 40 112 267
27 41 422 206
27 42 176 106
27 43 181 451
27 44 352 268
27 45 366 151
27 46 228 430
27 47 413 338
27 48 155 281
27 49 200 159
28 29 451 365
28 30 115 297
28 31 131 365
28 32 133 262
28 33 307 202
28 34 306 398
28 35 419 466
28 36 270 190
28 37 419 133
28 38 420 409
28 39 242 469
28 40 495 234
28 41 230 452
28 42 444 201
28 43 179 374
28 44 482 172
28 45 406 232
28 46 100 495
28 47 483 203
28 48 344 156
28 49 446 336
29 30 309 492
29 31 363 247
29 32 295 490
29 33 320 124
29 34 107 333
29 35 371 383
29 36 365 269
29 37 450 144
29 38 426 442
29 39 153 137
29 40 175 405
29 41 358 405
29 42 272 366
29 43 112 250
29 44 479 247
29 45 136 154
29 46 366 303
29 47 167 106
29 48 124 103
29 49 160 141
30 31 327 201
30 32 440 351
30 33 440 228
30 34 443 250
30 35 464 230
30 36 382 193
30 37 463 445
30 38 132 445
30 39 446 319
30 40 156 205
30 41 115 383
30 42 267 491
30 43 467 196
30 44 363 477
30 45 156 265
30 46 305 321
30 47 440 358
30 48 185 322
30 49 193 352
31 32 496 208
31 33 114 425
31 34 166 497
31 35 223 269
31 36 285 466
31 37 174 350
31 38 354 329
31 39 151 435
31 40 499 264
31 41 283 289
31 42 475 330
31 43 247 316
31 44 226 187
31 45 189 494
31 46 160 352
31 47 475 383
31 48 367 275
31 49 144 277
32 33 262 117
32 34 343 219
32 35 216 475
32 36 260 374
32 37 147 216
32 38 338 254
32 39 194 136
32 40 372 135
32 41 423 152
32 42 481 299
32 43 308 474
32 44 142 304
32 45 468 464
32 46 132 366
32 47 460 263
32 48 207 174
32 49 421 315
33 34 225 283
33 35 172 361
33 36 150 356
33 37 252 257
33 38 361 475
33 39 203 354
33 40 460 119
33 41 497 218
33 42 469 308
33 43 333 446
33 44 101 428
33 45 203 344
33 46 153 363
33 47 118 152
33 48 419 379
33 49 304 193
34 35 317 112
34 36 294 453
34 37 116 495
34 38 425 331
34 39 395 369
34 40 340 258
34 41 261 435
34 42 271 496
34 43 146 416
34 44 314 478
34 45 222 311
34 46 476 464
34 47 477 110
34 48 144 334
34 49 348 277
35 36 183 190
35 37 364 468
35 38 320 472
35 39 349 329
35 40 408 377
35 41 254 179
35 42 162 368
35 43 213 129
35 44 238 301
35 45 158 303
35 46 232 402
35 47 269 106
35 48 219 253
35 49 451 426
36 37 463 405
36 38 452 217
36 39 116 185
36 40 320 272
36 41 145 251
36 42 328 324
36 43 462 438
36 44 161 251
36 45 416 386
36 46 228 440
36 47 177 138
36 48 413 329
36 49 193 393
37 38 134 149
37 39 226 425
37 40 395 492
37 41 479 402
37 42 457 149
37 43 163 303
37 44 321 239
37 45 221 129
37 46 316 358
37 47 182 225
37 48 418 351
37 49 399 466
38 39 196 117
38 40 413 396
38 41 215 145
38 42 177 125
38 43 105 280
38 44 244 309
38 45 172 290
38 46 338 460
38 47 112 323
38 48 498 370
38 49 225 291
39 40 110 485
39 41 269 421
39 42 442 385
39 43 378 391
39 44 336 362
39 45 485 382
39 46 117 143
39 47 464 260
39 48 386 216
39 49 342 379
40 41 319 285
40 42 162 418
40 43 116 325
40 44 372 374
40 45 416 289
40 46 173 422
40 47 182 348
40 48 376 366
40 49 104 130
41 42 234 339
41 43 367 220
41 44 126 100
41 45 234 419
41 46 307 160
41 47 435 333
41 48 341 238
41 49 494 479
42 43 454 209
42 44 206 435
42 45 282 287
42 46 220 401
42 47 489 139
42 48 238 328
42 49 176 331
43 44 130 285
43 45 181 205
43 46 228 103
43 47 170 354
43 48 288 451
43 49 350 401
44 45 408 110
44 46 314 207
44 47 376 379
44 48 157 210
44 49 408 419
45 46 104 208
45 47 349 366
45 48 184 316
45 49 160 314
46 47 341 397
46 48 311 414
46 49 154 153
47 48 471 117
47 49 461 428
48 49 408 147
