50
0 1 10 10
0 2 0 990
0 3 998 994
0 4 991 995
0 5 992 996
0 6 996 999
0 7 999 995
0 8 998 993
0 9 992 994
0 10 991 995
0 11 998 990
0 12 996 993
0 13 992 998
0 14 996 993
0 15 998 993
0 16 990 992
0 17 995 990
0 18 993 993
0 19 995 993
0 20 994 992
0 21 992 994
0 22 990 991
0 23 997 995
0 24 996 995
0 25 992 998
0 26 990 999
0 27 992 991
0 28 997 995
0 29 990 995
0 30 997 995
0 31 991 996
0 32 997 999
0 33 990 991
0 34 995 992
0 35 999 996
0 36 993 994
0 37 990 998
0 38 999 999
0 39 994 997
0 40 994 999
0 41 993 993
0 42 995 993
0 43 996 999
0 44 994 992
0 45 996 991
0 46 994 992
0 47 994 990
0 48 992 996
0 49 993 994
1 2 990 0
1 3 999 993
1 4 995 994
1 5 999 999
1 6 998 997
1 7 993 992
1 8 990 991
1 9 998 990
1 10 993 991
1 11 997 990
1 12 995 995
1 13 990 999
1 14 994 996
1 15 998 997
1 16 999 994
1 17 996 993
1 18 996 993
1 19 992 991
1 20 994 990
1 21 990 997
1 22 990 995
1 23 996 999
1 24 997 990
1 25 994 990
1 26 997 992
1 27 996 996
1 28 995 997
1 29 999 993
1 30 993 997
1 31 997 999
1 32 990 995
1 33 994 991
1 34 996 995
1 35 999 998
1 36 992 994
1 37 996 994
1 38 992 992
1 39 990 992
1 40 994 997
1 41 998 997
1 42 999 998
1 43 997 997
1 44 996 999
1 45 996 995
1 46 993 998
1 47 993 992
1 48 995 993
1 49 993 995
2 3 998 991
2 4 991 996
2 5 995 994
2 6 998 991
2 7 993 999
2 8 999 991
2 9 997 990
2 10 991 999
2 11 998 992
2 12 996 991
2 13 993 999
2 14 991 994
2 15 999 992
2 16 996 995
2 17 991 998
2 18 998 999
2 19 994 990
2 20 995 994
2 21 995 997
2 22 994 992
2 23 994 991
2 24 998 998
2 25 995 994
2 26 991 994
2 27 998 999
2 28 998 996
2 29 995 990
2 30 999 998
2 31 991 990
2 32 992 992
2 33 996 990
2 34 999 996
2 35 998 992
2 36 994 993
2 37 995 994
2 38 997 996
2 39 997 992
2 40 995 998
2 41 991 993
2 42 999 993
2 43 992 993
2 44 991 999
2 45 997 994
2 46 991 995
2 47 990 993
2 48 990 992
2 49 998 997
3 4 106 137
3 5 149 79
3 6 63 33
3 7 140 59
3 8 108 53
3 9 57 25
3 10 57 105
3 11 84 20
3 12 137 113
3 13 35 109
3 14 74 20
3 15 101 127
3 16 11 33
3 17 120 63
3 18 146 25
3 19 33 122
3 20 122 133
3 21 76 68
3 22 31 68
3 23 69 115
3 24 141 58
3 25 73 24
3 26 118 100
3 27 107 139
3 28 51 127
3 29 14 115
3 30 124 51
3 31 16 99
3 32 99 122
3 33 62 31
3 34 26 43
3 35 19 95
3 36 50 130
3 37 87 82
3 38 16 22
3 39 64 28
3 40 38 64
3 41 133 132
3 42 33 25
3 43 127 89
3 44 17 138
3 45 103 138
3 46 110 88
3 47 72 64
3 48 35 135
3 49 128 62
4 5 84 15
4 6 83 74
4 7 123 81
4 8 12 64
4 9 138 147
4 10 42 73
4 11 120 70
4 12 49 55
4 13 93 114
4 14 85 22
4 15 147 142
4 16 138 146
4 17 123 82
4 18 10 72
4 19 93 141
4 20 89 124
4 21 25 19
4 22 57 92
4 23 47 44
4 24 138 50
4 25 135 117
4 26 63 51
4 27 10 103
4 28 130 26
4 29 61 41
4 30 111 117
4 31 44 126
4 32 93 75
4 33 89 99
4 34 135 125
4 35 27 60
4 36 11 70
4 37 131 135
4 38 77 136
4 39 21 54
4 40 26 81
4 41 91 85
4 42 68 95
4 43 30 74
4 44 30 67
4 45 63 71
4 46 43 16
4 47 141 117
4 48 42 148
4 49 99 97
5 6 35 134
5 7 144 33
5 8 119 31
5 9 52 25
5 10 50 67
5 11 35 12
5 12 34 46
5 13 58 12
5 14 27 16
5 15 148 127
5 16 108 133
5 17 53 78
5 18 19 121
5 19 93 66
5 20 140 130
5 21 54 51
5 22 55 103
5 23 58 93
5 24 18 25
5 25 122 141
5 26 83 134
5 27 85 129
5 28 26 53
5 29 83 34
5 30 13 94
5 31 19 63
5 32 90 82
5 33 91 96
5 34 66 147
5 35 25 69
5 36 12 110
5 37 10 56
5 38 53 28
5 39 138 61
5 40 69 127
5 41 50 143
5 42 38 127
5 43 81 91
5 44 105 144
5 45 105 112
5 46 50 76
5 47 39 149
5 48 107 28
5 49 35 142
6 7 94 63
6 8 14 101
6 9 126 131
6 10 141 62
6 11 52 10
6 12 27 106
6 13 74 25
6 14 57 13
6 15 95 40
6 16 113 64
6 17 112 71
6 18 122 18
6 19 51 12
6 20 59 19
6 21 50 119
6 22 12 62
6 23 98 149
6 24 31 74
6 25 39 37
6 26 141 93
6 27 52 72
6 28 116 21
6 29 127 25
6 30 83 32
6 31 84 40
6 32 13 120
6 33 67 40
6 34 115 104
6 35 26 32
6 36 75 64
6 37 47 69
6 38 13 58
6 39 117 48
6 40 35 126
6 41 24 44
6 42 24 57
6 43 31 115
6 44 46 96
6 45 109 120
6 46 104 25
6 47 56 30
6 48 40 39
6 49 48 26
7 8 81 35
7 9 61 111
7 10 29 147
7 11 12 122
7 12 72 129
7 13 45 89
7 14 118 15
7 15 58 27
7 16 29 67
7 17 94 103
7 18 62 18
7 19 57 27
7 20 40 97
7 21 116 53
7 22 130 45
7 23 24 47
7 24 25 58
7 25 146 106
7 26 97 124
7 27 112 36
7 28 133 95
7 29 91 127
7 30 48 128
7 31 145 113
7 32 71 98
7 33 133 33
7 34 62 100
7 35 140 132
7 36 76 114
7 37 76 84
7 38 62 140
7 39 92 67
7 40 29 118
7 41 136 120
7 42 25 109
7 43 108 95
7 44 127 69
7 45 39 119
7 46 134 49
7 47 127 146
7 48 31 87
7 49 110 24
8 9 17 100
8 10 45 41
8 11 60 70
8 12 87 111
8 13 26 14
8 14 45 118
8 15 148 129
8 16 123 24
8 17 141 86
8 18 94 82
8 19 143 40
8 20 92 101
8 21 104 61
8 22 57 94
8 23 136 85
8 24 109 90
8 25 128 82
8 26 121 104
8 27 109 61
8 28 144 142
8 29 105 79
8 30 96 110
8 31 38 34
8 32 43 29
8 33 51 86
8 34 50 12
8 35 19 37
8 36 115 74
8 37 88 39
8 38 85 70
8 39 107 25
8 40 96 18
8 41 130 19
8 42 86 16
8 43 55 95
8 44 51 13
8 45 29 131
8 46 67 94
8 47 10 50
8 48 88 121
8 49 88 37
9 10 98 24
9 11 89 83
9 12 119 145
9 13 120 97
9 14 49 96
9 15 27 145
9 16 71 99
9 17 132 56
9 18 32 96
9 19 16 51
9 20 58 46
9 21 12 46
9 22 124 56
9 23 101 85
9 24 123 86
9 25 24 124
9 26 24 121
9 27 141 121
9 28 20 141
9 29 56 59
9 30 74 80
9 31 64 30
9 32 85 49
9 33 133 144
9 34 29 64
9 35 140 87
9 36 139 112
9 37 89 124
9 38 107 110
9 39 75 132
9 40 107 49
9 41 143 83
9 42 134 18
9 43 24 79
9 44 16 25
9 45 80 111
9 46 35 16
9 47 101 121
9 48 94 55
9 49 97 37
10 11 38 78
10 12 137 55
10 13 87 20
10 14 13 89
10 15 59 149
10 16 119 116
10 17 39 129
10 18 137 121
10 19 68 89
10 20 115 119
10 21 64 111
10 22 60 20
10 23 103 25
10 24 121 52
10 25 124 132
10 26 92 133
10 27 125 79
10 28 78 71
10 29 23 94
10 30 70 130
10 31 137 109
10 32 110 143
10 33 137 28
10 34 50 37
10 35 106 132
10 36 52 90
10 37 145 67
10 38 139 93
10 39 28 111
10 40 149 49
10 41 110 64
10 42 83 89
10 43 114 146
10 44 53 89
10 45 39 25
10 46 85 52
10 47 46 148
10 48 37 31
10 49 149 49
11 12 34 138
11 13 113 59
11 14 133 107
11 15 29 104
11 16 62 44
11 17 47 132
11 18 12 69
11 19 48 38
11 20 38 79
11 21 131 33
11 22 149 47
11 23 130 39
11 24 55 36
11 25 102 86
11 26 34 92
11 27 108 91
11 28 95 128
11 29 147 87
11 30 10 31
11 31 148 39
11 32 19 85
11 33 108 139
11 34 94 149
11 35 120 143
11 36 16 87
11 37 132 14
11 38 128 114
11 39 19 59
11 40 120 113
11 41 118 70
11 42 56 43
11 43 94 108
11 44 137 145
11 45 63 70
11 46 54 136
11 47 126 27
11 48 80 20
11 49 135 110
12 13 69 11
12 14 82 43
12 15 141 26
12 16 127 64
12 17 100 95
12 18 140 91
12 19 104 65
12 20 103 125
12 21 148 42
12 22 94 110
12 23 71 66
12 24 65 125
12 25 83 124
12 26 91 61
12 27 36 90
12 28 72 35
12 29 138 96
12 30 117 33
12 31 73 54
12 32 43 74
12 33 126 144
12 34 51 129
12 35 125 89
12 36 103 131
12 37 125 108
12 38 22 37
12 39 74 92
12 40 97 56
12 41 58 21
12 42 128 116
12 43 96 121
12 44 95 127
12 45 43 31
12 46 98 77
12 47 31 29
12 48 112 145
12 49 120 119
13 14 10 91
13 15 83 67
13 16 19 122
13 17 147 105
13 18 47 138
13 19 96 69
13 20 113 32
13 21 133 114
13 22 35 97
13 23 138 57
13 24 122 127
13 25 40 145
13 26 92 34
13 27 33 25
13 28 106 110
13 29 38 124
13 30 145 113
13 31 114 49
13 32 112 107
13 33 15 67
13 34 26 123
13 35 39 47
13 36 85 83
13 37 100 116
13 38 22 45
13 39 91 29
13 40 58 60
13 41 100 103
13 42 95 14
13 43 87 101
13 44 71 81
13 45 123 139
13 46 149 39
13 47 92 73
13 48 119 117
13 49 10 14
14 15 67 48
14 16 130 112
14 17 15 89
14 18 63 138
14 19 61 11
14 20 16 11
14 21 69 116
14 22 100 69
14 23 56 51
14 24 59 93
14 25 100 50
14 26 146 11
14 27 70 139
14 28 89 119
14 29 140 100
14 30 144 38
14 31 139 46
14 32 121 124
14 33 77 83
14 34 60 47
14 35 114 99
14 36 26 149
14 37 39 61
14 38 120 136
14 39 70 43
14 40 12 82
14 41 22 45
14 42 112 43
14 43 10 51
14 44 66 113
14 45 67 139
14 46 38 84
14 47 18 118
14 48 84 112
14 49 61 118
15 16 61 87
15 17 54 77
15 18 88 99
15 19 136 137
15 20 133 147
15 21 100 130
15 22 147 119
15 23 34 88
15 24 72 89
15 25 41 48
15 26 131 108
15 27 30 124
15 28 88 50
15 29 123 82
15 30 72 36
15 31 99 74
15 32 35 127
15 33 66 56
15 34 79 20
15 35 80 75
15 36 18 99
15 37 41 130
15 38 59 142
15 39 63 80
15 40 39 105
15 41 65 71
15 42 37 140
15 43 101 133
15 44 22 26
15 45 42 40
15 46 71 27
15 47 113 28
15 48 121 11
15 49 134 53
16 17 60 37
16 18 31 90
16 19 67 123
16 20 31 116
16 21 61 49
16 22 135 117
16 23 125 20
16 24 62 18
16 25 15 19
16 26 52 99
16 27 11 97
16 28 18 104
16 29 39 73
16 30 78 116
16 31 87 72
16 32 134 43
16 33 44 68
16 34 125 81
16 35 15 79
16 36 78 149
16 37 149 103
16 38 33 128
16 39 16 114
16 40 76 101
16 41 52 132
16 42 63 64
16 43 28 58
16 44 16 124
16 45 47 112
16 46 114 39
16 47 30 118
16 48 18 45
16 49 110 105
17 18 147 46
17 19 122 22
17 20 82 13
17 21 86 144
17 22 71 89
17 23 73 18
17 24 55 130
17 25 53 60
17 26 146 33
17 27 109 137
17 28 125 29
17 29 104 62
17 30 53 125
17 31 125 84
17 32 56 136
17 33 59 145
17 34 96 49
17 35 40 108
17 36 78 25
17 37 123 105
17 38 47 51
17 39 67 102
17 40 78 100
17 41 61 72
17 42 67 111
17 43 83 12
17 44 58 119
17 45 96 37
17 46 60 50
17 47 98 52
17 48 136 100
17 49 99 108
18 19 12 87
18 20 17 74
18 21 71 64
18 22 36 20
18 23 25 89
18 24 129 78
18 25 23 58
18 26 55 98
18 27 63 37
18 28 131 34
18 29 60 65
18 30 53 34
18 31 145 59
18 32 113 25
18 33 130 99
18 34 51 61
18 35 136 100
18 36 56 135
18 37 82 107
18 38 136 10
18 39 133 40
18 40 43 19
18 41 44 48
18 42 19 53
18 43 140 73
18 44 65 82
18 45 23 67
18 46 15 23
18 47 33 44
18 48 136 57
18 49 44 80
19 20 65 41
19 21 113 134
19 22 51 147
19 23 89 14
19 24 25 54
19 25 111 21
19 26 61 86
19 27 109 78
19 28 88 121
19 29 131 142
19 30 110 20
19 31 139 44
19 32 112 94
19 33 82 88
19 34 90 16
19 35 55 95
19 36 16 124
19 37 64 100
19 38 107 36
19 39 136 43
19 40 144 90
19 41 14 105
19 42 16 94
19 43 134 103
19 44 23 124
19 45 74 41
19 46 10 104
19 47 18 67
19 48 112 141
19 49 48 70
20 21 123 41
20 22 13 99
20 23 19 78
20 24 140 48
20 25 56 23
20 26 106 66
20 27 49 11
20 28 36 22
20 29 98 85
20 30 147 23
20 31 56 100
20 32 55 140
20 33 111 48
20 34 71 12
20 35 94 29
20 36 30 132
20 37 137 40
20 38 34 136
20 39 30 137
20 40 129 67
20 41 44 123
20 42 73 120
20 43 12 51
20 44 131 136
20 45 99 75
20 46 58 134
20 47 74 132
20 48 136 139
20 49 104 44
21 22 105 127
21 23 20 87
21 24 25 102
21 25 22 137
21 26 104 132
21 27 86 60
21 28 131 70
21 29 50 93
21 30 87 75
21 31 81 131
21 32 34 40
21 33 55 125
21 34 23 66
21 35 132 71
21 36 56 142
21 37 107 50
21 38 65 74
21 39 75 127
21 40 122 30
21 41 125 119
21 42 57 12
21 43 56 138
21 44 121 25
21 45 121 132
21 46 35 142
21 47 102 145
21 48 60 131
21 49 109 116
22 23 118 29
22 24 127 14
22 25 91 147
22 26 121 126
22 27 143 78
22 28 44 121
22 29 27 30
22 30 122 107
22 31 61 101
22 32 29 67
22 33 64 60
22 34 109 109
22 35 105 17
22 36 21 29
22 37 69 66
22 38 65 41
22 39 140 125
22 40 65 68
22 41 126 149
22 42 145 103
22 43 136 99
22 44 33 126
22 45 69 47
22 46 132 134
22 47 74 65
22 48 56 61
22 49 48 140
23 24 67 120
23 25 77 68
23 26 135 49
23 27 24 132
23 28 74 22
23 29 25 94
23 30 131 139
23 31 109 35
23 32 66 94
23 33 109 149
23 34 90 54
23 35 22 106
23 36 147 57
23 37 34 17
23 38 16 124
23 39 33 96
23 40 65 77
23 41 31 112
23 42 123 81
23 43 21 97
23 44 70 57
23 45 146 62
23 46 129 110
23 47 62 13
23 48 68 15
23 49 27 21
24 25 48 44
24 26 137 50
24 27 111 22
24 28 102 11
24 29 144 136
24 30 116 95
24 31 98 84
24 32 102 16
24 33 24 22
24 34 107 120
24 35 91 16
24 36 136 15
24 37 94 136
24 38 140 136
24 39 103 29
24 40 65 74
24 41 14 142
24 42 68 140
24 43 76 56
24 44 124 73
24 45 38 13
24 46 26 48
24 47 114 83
24 48 29 45
24 49 117 135
25 26 83 84
25 27 86 143
25 28 48 68
25 29 41 96
25 30 61 63
25 31 132 59
25 32 62 139
25 33 98 112
25 34 38 64
25 35 77 91
25 36 87 148
25 37 51 25
25 38 102 142
25 39 46 111
25 40 111 29
25 41 69 83
25 42 64 48
25 43 51 87
25 44 99 101
25 45 42 134
25 46 130 53
25 47 134 59
25 48 19 125
25 49 48 100
26 27 97 144
26 28 39 140
26 29 50 122
26 30 143 119
26 31 109 90
26 32 124 140
26 33 63 47
26 34 145 54
26 35 38 80
26 36 77 54
26 37 22 93
26 38 140 73
26 39 118 77
26 40 134 106
26 41 135 36
26 42 73 54
26 43 93 79
26 44 11 74
26 45 70 59
26 46 101 109
26 47 70 67
26 48 103 23
26 49 114 11
27 28 19 46
27 29 62 31
27 30 28 140
27 31 41 144
27 32 96 83
27 33 60 133
27 34 40 113
27 35 134 36
27 36 75 130
27 37 46 39
27 38 47 99
27 39 128 91
27 40 61 90
27 41 91 65
27 42 93 89
27 43 65 139
27 44 64 64
27 45 84 87
27 46 22 31
27 47 135 21
27 48 52 29
27 49 120 54
28 29 20 148
28 30 96 84
28 31 10 100
28 32 55 68
28 33 33 134
28 34 77 117
28 35 108 29
28 36 71 129
28 37 42 107
28 38 24 61
28 39 54 56
28 40 93 26
28 41 97 112
28 42 125 18
28 43 139 115
28 44 114 109
28 45 67 115
28 46 16 81
28 47 101 12
28 48 15 69
28 49 126 29
29 30 97 66
29 31 65 41
29 32 49 84
29 33 149 67
29 34 68 114
29 35 121 104
29 36 97 54
29 37 22 38
29 38 57 64
29 39 22 73
29 40 100 12
29 41 137 62
29 42 112 104
29 43 81 116
29 44 21 138
29 45 76 94
29 46 100 149
29 47 139 146
29 48 68 146
29 49 84 146
30 31 113 41
30 32 73 63
30 33 57 69
30 34 27 13
30 35 142 91
30 36 11 107
30 37 12 124
30 38 136 82
30 39 82 111
30 40 102 12
30 41 20 11
30 42 98 149
30 43 110 63
30 44 95 84
30 45 16 28
30 46 61 41
30 47 43 113
30 48 37 108
30 49 87 95
31 32 16 67
31 33 149 28
31 34 48 113
31 35 90 12
31 36 54 33
31 37 120 53
31 38 10 33
31 39 69 93
31 40 113 88
31 41 70 149
31 42 23 34
31 43 58 148
31 44 94 62
31 45 136 112
31 46 70 75
31 47 121 141
31 48 132 141
31 49 11 12
32 33 42 126
32 34 129 62
32 35 58 52
32 36 35 120
32 37 24 136
32 38 82 96
32 39 126 134
32 40 18 142
32 41 125 142
32 42 142 93
32 43 121 126
32 44 129 98
32 45 31 29
32 46 73 89
32 47 24 128
32 48 129 136
32 49 94 20
33 34 11 17
33 35 14 116
33 36 128 19
33 37 107 94
33 38 94 20
33 39 95 96
33 40 137 35
33 41 130 71
33 42 121 34
33 43 12 77
33 44 108 14
33 45 18 53
33 46 73 115
33 47 16 100
33 48 27 84
33 49 92 129
34 35 133 66
34 36 71 76
34 37 89 89
34 38 67 15
34 39 29 142
34 40 60 60
34 41 20 11
34 42 90 54
34 43 148 83
34 44 140 116
34 45 33 92
34 46 110 96
34 47 63 87
34 48 123 103
34 49 101 52
35 36 42 16
35 37 93 122
35 38 25 98
35 39 56 26
35 40 118 113
35 41 48 75
35 42 109 97
35 43 86 46
35 44 89 68
35 45 109 109
35 46 24 40
35 47 92 90
35 48 74 103
35 49 73 124
36 37 101 37
36 38 133 110
36 39 55 33
36 40 50 125
36 41 122 99
36 42 36 14
36 43 143 38
36 44 103 58
36 45 149 21
36 46 136 109
36 47 128 56
36 48 149 145
36 49 141 109
37 38 19 95
37 39 98 71
37 40 135 44
37 41 102 38
37 42 78 44
37 43 12 28
37 44 54 108
37 45 74 60
37 46 43 142
37 47 36 13
37 48 129 95
37 49 133 35
38 39 47 117
38 40 86 49
38 41 79 75
38 42 147 108
38 43 45 115
38 44 42 15
38 45 18 43
38 46 88 31
38 47 30 56
38 48 19 54
38 49 145 56
39 40 21 18
39 41 133 27
39 42 140 15
39 43 74 116
39 44 42 131
39 45 23 97
39 46 132 13
39 47 141 111
39 48 98 12
39 49 39 14
40 41 56 36
40 42 88 76
40 43 125 130
40 44 126 98
40 45 14 55
40 46 38 88
40 47 134 138
40 48 44 74
40 49 116 144
41 42 73 64
41 43 57 133
41 44 57 88
41 45 53 100
41 46 87 140
41 47 117 134
41 48 97 129
41 49 116 81
42 43 99 108
42 44 55 93
42 45 93 85
42 46 82 48
42 47 126 43
42 48 23 42
42 49 21 42
43 44 33 87
43 45 38 32
43 46 14 145
43 47 134 33
43 48 53 146
43 49 37 13
44 45 102 134
44 46 144 110
44 47 145 58
44 48 56 74
44 49 103 25
45 46 85 111
45 47 116 122
45 48 113 14
45 49 88 34
46 47 34 141
46 48 87 99
46 49 114 128
47 48 140 24
47 49 144 33
48 49 52 35
