17
0 1 44 52
0 2 45 44
0 3 35 36
0 4 79 80
0 5 12 19
0 6 9 22
0 7 23 31
0 8 41 44
0 9 91 87
0 10 56 57
0 11 36 43
0 12 69 63
0 13 31 30
0 14 95 94
0 15 67 70
0 16 85 86
1 2 19 28
1 3 36 42
1 4 2 12
1 5 38 42
1 6 83 82
1 7 20 31
1 8 16 25
1 9 38 37
1 10 3 14
1 11 59 59
1 12 7 7
1 13 90 83
1 14 63 61
1 15 14 16
1 16 11 12
2 3 77 72
2 4 36 40
2 5 95 92
2 6 40 40
2 7 88 76
2 8 98 97
2 9 86 78
2 10 76 71
2 11 70 62
2 12 57 51
2 13 11 20
2 14 6 14
2 15 90 77
2 16 34 34
3 4 67 71
3 5 100 89
3 6 22 33
3 7 80 69
3 8 81 83
3 9 61 66
3 10 55 51
3 11 97 93
3 12 8 15
3 13 65 65
3 14 28 36
3 15 98 87
3 16 99 98
4 5 88 81
4 6 68 67
4 7 89 76
4 8 8 19
4 9 45 44
4 10 92 86
4 11 44 49
4 12 66 69
4 13 68 68
4 14 84 77
4 15 16 27
4 16 71 71
5 6 72 72
5 7 56 50
5 8 95 91
5 9 57 57
5 10 64 60
5 11 32 41
5 12 99 95
5 13 64 66
5 14 15 14
5 15 41 36
5 16 56 56
6 7 77 66
6 8 34 35
6 9 24 22
6 10 2 12
6 11 33 32
6 12 28 28
6 13 46 40
6 14 51 48
6 15 35 38
6 16 75 75
7 8 34 38
7 9 33 39
7 10 6 16
7 11 27 26
7 12 44 38
7 13 67 70
7 14 15 15
7 15 49 49
7 16 95 89
8 9 16 14
8 10 21 18
8 11 87 75
8 12 68 71
8 13 28 38
8 14 64 56
8 15 84 75
8 16 79 77
9 10 24 27
9 11 42 43
9 12 40 46
9 13 49 44
9 14 89 87
9 15 84 75
9 16 80 73
10 11 20 30
10 12 6 13
10 13 56 56
10 14 5 14
10 15 70 67
10 16 84 85
11 12 81 80
11 13 66 68
11 14 64 60
11 15 93 81
11 16 3 14
12 13 98 98
12 14 88 79
12 15 27 32
12 16 27 28
13 14 68 70
13 15 27 35
13 16 99 94
14 15 34 36
14 16 33 35
15 16 81 81
