38
0 1 60 57
0 2 72 42
0 3 35 59
0 4 11 52
0 5 81 55
0 6 53 60
0 7 25 30
0 8 42 34
0 9 1 25
0 10 91 46
0 11 33 17
0 12 11 39
0 13 66 56
0 14 50 34
0 15 89 50
0 16 19 21
0 17 43 32
0 18 37 37
0 19 78 84
0 20 98 59
0 21 61 64
0 22 19 31
0 23 40 34
0 24 65 39
0 25 91 52
0 26 63 52
0 27 22 32
0 28 55 45
0 29 96 57
0 30 2 32
0 31 23 37
0 32 31 30
0 33 51 48
0 34 14 35
0 35 71 43
0 36 4 14
0 37 15 37
1 2 5 28
1 3 42 71
1 4 56 68
1 5 12 17
1 6 92 59
1 7 36 30
1 8 76 46
1 9 69 49
1 10 62 66
1 11 31 40
1 12 36 37
1 13 23 30
1 14 99 93
1 15 24 51
1 16 12 45
1 17 93 66
1 18 76 78
1 19 36 32
1 20 75 46
1 21 21 52
1 22 93 94
1 23 99 82
1 24 39 39
1 25 9 40
1 26 80 53
1 27 89 78
1 28 63 39
1 29 70 75
1 30 37 55
1 31 77 54
1 32 4 15
1 33 1 32
1 34 61 31
1 35 65 37
1 36 97 88
1 37 94 48
2 3 93 77
2 4 53 39
2 5 64 68
2 6 23 44
2 7 3 11
2 8 94 60
2 9 70 53
2 10 84 79
2 11 51 71
2 12 91 53
2 13 63 38
2 14 41 57
2 15 3 18
2 16 63 40
2 17 73 72
2 18 17 40
2 19 88 60
2 20 60 49
2 21 83 88
2 22 21 13
2 23 27 33
2 24 91 67
2 25 65 56
2 26 61 45
2 27 52 60
2 28 43 39
2 29 69 77
2 30 100 68
2 31 78 47
2 32 57 40
2 33 90 48
2 34 99 86
2 35 25 52
2 36 44 45
2 37 75 61
3 4 96 64
3 5 26 56
3 6 15 37
3 7 94 85
3 8 23 31
3 9 3 33
3 10 8 50
3 11 1 38
3 12 35 31
3 13 73 69
3 14 91 69
3 15 69 55
3 16 87 61
3 17 2 19
3 18 43 56
3 19 67 74
3 20 8 23
3 21 66 35
3 22 51 52
3 23 35 30
3 24 51 65
3 25 11 50
3 26 22 13
3 27 56 57
3 28 72 82
3 29 74 70
3 30 24 24
3 31 10 51
3 32 59 61
3 33 0 21
3 34 92 46
3 35 68 41
3 36 19 10
3 37 22 51
4 5 4 28
4 6 38 42
4 7 28 35
4 8 60 75
4 9 82 91
4 10 28 63
4 11 45 56
4 12 67 70
4 13 64 46
4 14 33 30
4 15 10 36
4 16 56 56
4 17 45 41
4 18 36 43
4 19 77 60
4 20 66 47
4 21 12 42
4 22 35 40
4 23 4 44
4 24 99 71
4 25 34 34
4 26 93 65
4 27 74 69
4 28 90 83
4 29 64 71
4 30 46 63
4 31 22 60
4 32 23 39
4 33 14 26
4 34 96 77
4 35 78 47
4 36 11 53
4 37 35 47
5 6 96 72
5 7 28 18
5 8 20 11
5 9 7 5
5 10 66 70
5 11 2 38
5 12 72 55
5 13 51 63
5 14 13 12
5 15 62 72
5 16 21 25
5 17 18 35
5 18 6 25
5 19 63 70
5 20 84 47
5 21 59 30
5 22 24 28
5 23 89 68
5 24 69 37
5 25 64 53
5 26 51 46
5 27 42 49
5 28 82 47
5 29 23 12
5 30 87 90
5 31 70 73
5 32 56 41
5 33 39 38
5 34 70 36
5 35 49 53
5 36 68 62
5 37 55 71
6 7 82 72
6 8 42 51
6 9 57 34
6 10 42 24
6 11 88 72
6 12 64 71
6 13 2 28
6 14 81 77
6 15 44 56
6 16 21 49
6 17 24 25
6 18 81 89
6 19 21 45
6 20 17 9
6 21 30 31
6 22 20 42
6 23 20 17
6 24 46 44
6 25 45 41
6 26 59 75
6 27 5 38
6 28 4 5
6 29 10 49
6 30 5 38
6 31 97 67
6 32 1 34
6 33 6 40
6 34 22 59
6 35 73 37
6 36 95 53
6 37 56 34
7 8 17 40
7 9 56 55
7 10 45 49
7 11 95 62
7 12 42 42
7 13 90 46
7 14 65 55
7 15 62 59
7 16 17 34
7 17 98 86
7 18 46 55
7 19 27 19
7 20 17 17
7 21 42 28
7 22 1 4
7 23 3 5
7 24 36 22
7 25 50 38
7 26 43 55
7 27 27 22
7 28 79 42
7 29 56 71
7 30 10 15
7 31 80 87
7 32 69 37
7 33 9 44
7 34 88 78
7 35 32 61
7 36 91 85
7 37 85 50
8 9 52 59
8 10 68 69
8 11 4 9
8 12 63 37
8 13 84 54
8 14 63 59
8 15 72 54
8 16 94 80
8 17 51 36
8 18 78 48
8 19 17 30
8 20 19 21
8 21 7 26
8 22 93 76
8 23 8 28
8 24 1 22
8 25 99 92
8 26 38 28
8 27 49 30
8 28 14 44
8 29 18 20
8 30 46 44
8 31 24 52
8 32 16 25
8 33 89 91
8 34 51 74
8 35 32 55
8 36 37 50
8 37 17 55
9 10 38 28
9 11 80 46
9 12 87 72
9 13 93 93
9 14 95 74
9 15 44 46
9 16 97 72
9 17 48 44
9 18 56 44
9 19 97 86
9 20 84 66
9 21 22 22
9 22 73 73
9 23 14 40
9 24 0 14
9 25 56 61
9 26 38 19
9 27 31 52
9 28 86 89
9 29 77 65
9 30 68 84
9 31 57 68
9 32 27 34
9 33 1 24
9 34 48 32
9 35 76 69
9 36 85 52
9 37 83 43
10 11 63 44
10 12 24 35
10 13 90 63
10 14 38 19
10 15 30 63
10 16 28 19
10 17 2 25
10 18 31 20
10 19 15 15
10 20 84 90
10 21 77 88
10 22 2 28
10 23 2 50
10 24 41 23
10 25 82 87
10 26 61 45
10 27 55 77
10 28 21 24
10 29 13 10
10 30 33 34
10 31 26 31
10 32 15 27
10 33 44 24
10 34 49 36
10 35 90 90
10 36 1 40
10 37 51 53
11 12 6 45
11 13 21 15
11 14 14 25
11 15 61 57
11 16 78 59
11 17 59 71
11 18 68 76
11 19 21 45
11 20 80 71
11 21 84 79
11 22 93 75
11 23 93 96
11 24 70 79
11 25 92 77
11 26 57 62
11 27 97 61
11 28 70 44
11 29 21 13
11 30 2 24
11 31 9 21
11 32 9 21
11 33 34 33
11 34 89 84
11 35 100 87
11 36 22 28
11 37 59 49
12 13 34 55
12 14 99 52
12 15 27 60
12 16 86 79
12 17 57 64
12 18 19 54
12 19 44 54
12 20 15 20
12 21 79 63
12 22 19 18
12 23 41 63
12 24 78 88
12 25 28 47
12 26 93 82
12 27 9 53
12 28 71 83
12 29 100 74
12 30 56 43
12 31 89 84
12 32 61 42
12 33 27 56
12 34 7 39
12 35 7 5
12 36 76 67
12 37 32 38
13 14 90 47
13 15 85 68
13 16 98 60
13 17 61 75
13 18 97 97
13 19 11 25
13 20 12 17
13 21 6 51
13 22 95 51
13 23 36 64
13 24 9 13
13 25 23 56
13 26 49 53
13 27 27 49
13 28 66 80
13 29 70 73
13 30 27 40
13 31 46 65
13 32 15 54
13 33 45 24
13 34 11 41
13 35 31 62
13 36 27 36
13 37 30 55
14 15 11 14
14 16 85 72
14 17 7 28
14 18 35 44
14 19 2 26
14 20 30 23
14 21 64 39
14 22 12 27
14 23 32 61
14 24 23 43
14 25 35 54
14 26 56 63
14 27 87 87
14 28 69 50
14 29 35 27
14 30 88 86
14 31 3 7
14 32 43 47
14 33 81 78
14 34 89 87
14 35 85 79
14 36 85 48
14 37 44 48
15 16 22 28
15 17 36 48
15 18 72 75
15 19 28 31
15 20 71 83
15 21 97 54
15 22 8 30
15 23 92 85
15 24 53 42
15 25 98 80
15 26 66 33
15 27 90 88
15 28 65 74
15 29 93 64
15 30 38 27
15 31 72 51
15 32 21 49
15 33 84 45
15 34 79 56
15 35 56 30
15 36 81 83
15 37 27 59
16 17 48 64
16 18 37 55
16 19 75 52
16 20 83 76
16 21 85 60
16 22 41 28
16 23 91 48
16 24 11 14
16 25 53 67
16 26 90 81
16 27 81 48
16 28 4 32
16 29 40 35
16 30 34 18
16 31 52 35
16 32 3 41
16 33 73 73
16 34 6 45
16 35 30 62
16 36 18 56
16 37 78 41
17 18 56 68
17 19 37 54
17 20 37 55
17 21 47 66
17 22 86 44
17 23 31 57
17 24 38 26
17 25 60 69
17 26 77 74
17 27 93 96
17 28 71 66
17 29 82 53
17 30 3 15
17 31 34 67
17 32 14 31
17 33 11 13
17 34 31 41
17 35 81 42
17 36 18 27
17 37 98 60
18 19 32 24
18 20 100 85
18 21 21 43
18 22 92 72
18 23 93 86
18 24 92 47
18 25 47 72
18 26 98 78
18 27 93 90
18 28 26 14
18 29 88 91
18 30 98 77
18 31 41 36
18 32 25 14
18 33 57 44
18 34 68 72
18 35 86 44
18 36 39 47
18 37 32 20
19 20 21 23
19 21 90 83
19 22 36 39
19 23 25 49
19 24 80 52
19 25 69 36
19 26 8 44
19 27 25 14
19 28 20 44
19 29 88 60
19 30 36 55
19 31 10 18
19 32 16 34
19 33 91 86
19 34 89 49
19 35 79 66
19 36 37 59
19 37 35 19
20 21 9 26
20 22 12 41
20 23 55 39
20 24 60 70
20 25 7 6
20 26 50 63
20 27 96 66
20 28 82 70
20 29 7 5
20 30 16 54
20 31 5 40
20 32 27 56
20 33 45 46
20 34 77 79
20 35 11 27
20 36 45 34
20 37 65 59
21 22 54 28
21 23 70 48
21 24 38 28
21 25 79 83
21 26 69 54
21 27 28 40
21 28 55 56
21 29 44 27
21 30 67 74
21 31 90 55
21 32 3 21
21 33 0 38
21 34 25 18
21 35 65 56
21 36 79 47
21 37 73 51
22 23 70 37
22 24 24 13
22 25 55 56
22 26 81 88
22 27 39 56
22 28 82 91
22 29 9 33
22 30 72 84
22 31 67 74
22 32 33 26
22 33 39 24
22 34 4 51
22 35 99 93
22 36 22 27
22 37 54 55
23 24 81 61
23 25 44 37
23 26 92 56
23 27 97 63
23 28 57 37
23 29 19 13
23 30 73 43
23 31 51 70
23 32 39 39
23 33 56 46
23 34 55 61
23 35 47 64
23 36 96 63
23 37 83 81
24 25 17 41
24 26 35 44
24 27 78 65
24 28 9 41
24 29 16 39
24 30 91 55
24 31 50 43
24 32 17 56
24 33 35 33
24 34 89 65
24 35 99 92
24 36 51 54
24 37 2 33
25 26 94 49
25 27 90 73
25 28 62 79
25 29 54 67
25 30 85 66
25 31 4 40
25 32 52 56
25 33 14 42
25 34 98 50
25 35 55 65
25 36 92 50
25 37 6 27
26 27 41 61
26 28 95 60
26 29 56 55
26 30 88 68
26 31 2 26
26 32 7 46
26 33 10 26
26 34 12 30
26 35 49 74
26 36 73 84
26 37 2 11
27 28 30 56
27 29 83 75
27 30 95 82
27 31 90 53
27 32 8 36
27 33 90 74
27 34 34 63
27 35 85 78
27 36 48 36
27 37 80 84
28 29 44 70
28 30 57 72
28 31 26 19
28 32 79 52
28 33 36 42
28 34 36 26
28 35 25 56
28 36 51 31
28 37 3 28
29 30 57 60
29 31 38 55
29 32 57 43
29 33 73 72
29 34 31 23
29 35 79 55
29 36 11 43
29 37 28 28
30 31 71 48
30 32 30 36
30 33 78 73
30 34 90 84
30 35 92 62
30 36 3 24
30 37 98 59
31 32 99 97
31 33 84 52
31 34 3 13
31 35 46 62
31 36 54 40
31 37 57 70
32 33 30 24
32 34 48 55
32 35 44 44
32 36 22 50
32 37 81 41
33 34 20 54
33 35 48 43
33 36 47 31
33 37 15 24
34 35 8 32
34 36 88 62
34 37 85 86
35 36 95 71
35 37 7 50
36 37 1 9
