42
0 1 19 23
0 2 24 25
0 3 93 89
0 4 3 7
0 5 42 43
0 6 11 24
0 7 71 70
0 8 1 11
0 9 76 72
0 10 89 86
0 11 1 15
0 12 20 31
0 13 90 78
0 14 74 65
0 15 2 7
0 16 72 62
0 17 55 49
0 18 55 56
0 19 57 60
0 20 22 33
0 21 92 84
0 22 24 31
0 23 5 9
0 24 31 31
0 25 16 18
0 26 53 59
0 27 16 20
0 28 82 76
0 29 15 23
0 30 94 91
0 31 44 41
0 32 23 35
0 33 26 26
0 34 87 82
0 35 21 22
0 36 67 71
0 37 97 84
0 38 56 51
0 39 61 63
0 40 85 73
0 41 13 22
1 2 74 66
1 3 70 65
1 4 36 33
1 5 60 56
1 6 54 52
1 7 43 49
1 8 25 28
1 9 5 16
1 10 60 66
1 11 78 76
1 12 11 24
1 13 48 48
1 14 1 5
1 15 18 17
1 16 97 91
1 17 79 70
1 18 38 47
1 19 11 17
1 20 44 38
1 21 17 23
1 22 54 51
1 23 39 37
1 24 90 81
1 25 57 60
1 26 20 18
1 27 40 40
1 28 40 45
1 29 46 48
1 30 54 49
1 31 28 34
1 32 38 36
1 33 56 55
1 34 28 28
1 35 8 19
1 36 59 62
1 37 62 62
1 38 37 32
1 39 57 64
1 40 93 85
1 41 10 13
2 3 81 76
2 4 14 25
2 5 77 71
2 6 50 54
2 7 71 75
2 8 28 36
2 9 42 50
2 10 68 59
2 11 56 56
2 12 23 31
2 13 99 86
2 14 65 65
2 15 53 56
2 16 12 14
2 17 70 69
2 18 5 6
2 19 27 34
2 20 18 22
2 21 75 74
2 22 42 46
2 23 43 38
2 24 5 9
2 25 78 77
2 26 87 81
2 27 18 19
2 28 36 42
2 29 65 56
2 30 79 75
2 31 69 71
2 32 36 34
2 33 18 19
2 34 94 91
2 35 4 13
2 36 79 74
2 37 35 39
2 38 12 14
2 39 48 46
2 40 33 32
2 41 42 36
3 4 90 81
3 5 73 65
3 6 35 31
3 7 6 19
3 8 19 28
3 9 5 14
3 10 27 24
3 11 20 25
3 12 20 25
3 13 54 55
3 14 14 26
3 15 86 74
3 16 11 23
3 17 95 91
3 18 8 9
3 19 23 30
3 20 33 31
3 21 83 81
3 22 97 84
3 23 38 34
3 24 98 92
3 25 70 72
3 26 38 34
3 27 15 20
3 28 63 67
3 29 47 43
3 30 69 61
3 31 26 24
3 32 17 24
3 33 4 10
3 34 24 33
3 35 69 64
3 36 22 24
3 37 28 28
3 38 60 54
3 39 93 84
3 40 2 11
3 41 69 72
4 5 48 52
4 6 28 31
4 7 78 76
4 8 53 46
4 9 42 39
4 10 4 4
4 11 3 9
4 12 24 24
4 13 56 57
4 14 10 15
4 15 44 38
4 16 69 69
4 17 92 81
4 18 11 24
4 19 2 11
4 20 57 54
4 21 39 41
4 22 88 89
4 23 13 14
4 24 50 56
4 25 99 94
4 26 10 23
4 27 64 56
4 28 34 35
4 29 1 14
4 30 14 16
4 31 49 51
4 32 16 20
4 33 8 7
4 34 5 16
4 35 41 45
4 36 71 66
4 37 10 15
4 38 68 59
4 39 15 16
4 40 53 49
4 41 92 93
5 6 52 52
5 7 42 50
5 8 99 88
5 9 40 45
5 10 15 19
5 11 34 34
5 12 46 51
5 13 50 51
5 14 89 83
5 15 40 42
5 16 80 78
5 17 17 21
5 18 35 45
5 19 76 68
5 20 68 60
5 21 99 90
5 22 34 43
5 23 61 62
5 24 3 7
5 25 52 59
5 26 56 61
5 27 22 20
5 28 97 86
5 29 88 80
5 30 17 27
5 31 26 23
5 32 46 42
5 33 9 18
5 34 83 79
5 35 83 72
5 36 61 57
5 37 43 50
5 38 93 81
5 39 71 66
5 40 77 70
5 41 90 83
6 7 66 65
6 8 74 73
6 9 31 40
6 10 41 47
6 11 49 46
6 12 97 89
6 13 79 79
6 14 60 56
6 15 37 38
6 16 87 82
6 17 71 67
6 18 84 80
6 19 49 47
6 20 57 50
6 21 78 69
6 22 23 24
6 23 72 67
6 24 28 38
6 25 27 32
6 26 31 34
6 27 60 56
6 28 15 22
6 29 34 34
6 30 34 41
6 31 2 5
6 32 28 33
6 33 14 13
6 34 75 66
6 35 69 63
6 36 23 32
6 37 4 17
6 38 33 34
6 39 65 67
6 40 2 15
6 41 28 37
7 8 41 42
7 9 76 72
7 10 97 89
7 11 11 21
7 12 83 82
7 13 36 34
7 14 87 86
7 15 38 44
7 16 50 49
7 17 63 67
7 18 21 22
7 19 98 95
7 20 43 50
7 21 47 40
7 22 37 33
7 23 49 50
7 24 76 79
7 25 14 15
7 26 90 86
7 27 55 56
7 28 36 41
7 29 48 45
7 30 68 60
7 31 20 24
7 32 83 76
7 33 24 27
7 34 46 42
7 35 20 32
7 36 41 47
7 37 51 49
7 38 37 32
7 39 18 22
7 40 83 78
7 41 59 55
8 9 9 14
8 10 93 82
8 11 40 47
8 12 47 42
8 13 62 57
8 14 42 49
8 15 3 7
8 16 82 74
8 17 6 7
8 18 59 59
8 19 90 80
8 20 0 4
8 21 10 22
8 22 21 21
8 23 74 76
8 24 65 61
8 25 34 43
8 26 97 90
8 27 23 31
8 28 95 91
8 29 92 79
8 30 4 10
8 31 36 38
8 32 47 51
8 33 0 5
8 34 45 47
8 35 33 33
8 36 78 70
8 37 74 77
8 38 43 45
8 39 45 41
8 40 11 22
8 41 90 84
9 10 86 79
9 11 83 74
9 12 98 87
9 13 50 45
9 14 56 56
9 15 45 43
9 16 98 84
9 17 81 79
9 18 88 83
9 19 53 50
9 20 51 47
9 21 71 64
9 22 19 27
9 23 83 78
9 24 30 39
9 25 87 84
9 26 42 50
9 27 59 55
9 28 11 11
9 29 7 18
9 30 86 85
9 31 34 31
9 32 52 45
9 33 31 27
9 34 45 49
9 35 80 82
9 36 32 38
9 37 33 28
9 38 88 83
9 39 3 8
9 40 78 78
9 41 69 68
10 11 75 69
10 12 44 48
10 13 70 60
10 14 78 72
10 15 8 22
10 16 38 33
10 17 42 49
10 18 11 14
10 19 81 82
10 20 30 33
10 21 59 59
10 22 37 40
10 23 77 76
10 24 85 72
10 25 95 96
10 26 84 86
10 27 22 31
10 28 60 62
10 29 95 93
10 30 6 7
10 31 66 63
10 32 56 51
10 33 99 97
10 34 9 19
10 35 28 26
10 36 63 57
10 37 86 79
10 38 54 46
10 39 50 55
10 40 4 11
10 41 48 49
11 12 79 79
11 13 25 35
11 14 21 32
11 15 13 24
11 16 27 27
11 17 93 84
11 18 21 23
11 19 84 72
11 20 81 72
11 21 41 43
11 22 92 83
11 23 25 26
11 24 37 37
11 25 83 73
11 26 26 37
11 27 55 56
11 28 66 66
11 29 83 84
11 30 2 4
11 31 40 49
11 32 34 43
11 33 6 6
11 34 33 40
11 35 85 84
11 36 50 54
11 37 13 25
11 38 13 12
11 39 32 32
11 40 2 11
11 41 7 19
12 13 91 86
12 14 97 97
12 15 36 41
12 16 69 66
12 17 24 21
12 18 11 19
12 19 18 16
12 20 24 21
12 21 3 8
12 22 39 47
12 23 55 56
12 24 55 57
12 25 44 47
12 26 46 50
12 27 27 32
12 28 82 76
12 29 56 49
12 30 82 80
12 31 12 20
12 32 79 77
12 33 44 46
12 34 33 40
12 35 80 68
12 36 50 44
12 37 59 61
12 38 59 64
12 39 25 28
12 40 38 40
12 41 67 67
13 14 6 19
13 15 80 75
13 16 19 18
13 17 56 56
13 18 1 12
13 19 88 81
13 20 0 12
13 21 90 85
13 22 24 23
13 23 17 20
13 24 93 91
13 25 60 60
13 26 38 37
13 27 11 12
13 28 76 80
13 29 87 87
13 30 89 77
13 31 28 28
13 32 64 54
13 33 45 42
13 34 98 90
13 35 23 28
13 36 75 67
13 37 60 63
13 38 79 76
13 39 66 56
13 40 99 89
13 41 23 34
14 15 56 60
14 16 67 69
14 17 24 25
14 18 76 78
14 19 69 69
14 20 0 8
14 21 2 11
14 22 2 16
14 23 34 30
14 24 59 53
14 25 33 34
14 26 92 81
14 27 28 36
14 28 100 92
14 29 14 17
14 30 31 31
14 31 45 45
14 32 2 8
14 33 86 74
14 34 84 76
14 35 24 33
14 36 48 49
14 37 32 35
14 38 7 15
14 39 43 43
14 40 28 31
14 41 63 54
15 16 83 78
15 17 4 12
15 18 56 50
15 19 69 66
15 20 9 14
15 21 95 85
15 22 40 34
15 23 21 22
15 24 3 12
15 25 14 27
15 26 42 45
15 27 48 45
15 28 51 45
15 29 84 83
15 30 23 32
15 31 84 78
15 32 55 49
15 33 36 39
15 34 97 84
15 35 39 36
15 36 63 67
15 37 56 63
15 38 55 53
15 39 2 6
15 40 95 88
15 41 45 40
16 17 46 41
16 18 69 61
16 19 38 37
16 20 68 60
16 21 69 67
16 22 48 48
16 23 26 32
16 24 43 51
16 25 60 51
16 26 8 20
16 27 18 23
16 28 89 82
16 29 43 45
16 30 35 42
16 31 86 74
16 32 4 12
16 33 95 89
16 34 78 68
16 35 54 56
16 36 12 18
16 37 52 49
16 38 84 80
16 39 7 9
16 40 88 84
16 41 6 13
17 18 44 43
17 19 30 34
17 20 71 64
17 21 20 22
17 22 7 17
17 23 56 62
17 24 11 23
17 25 33 39
17 26 27 24
17 27 15 14
17 28 62 57
17 29 76 70
17 30 66 70
17 31 77 71
17 32 54 52
17 33 2 13
17 34 44 49
17 35 2 16
17 36 96 93
17 37 22 28
17 38 65 62
17 39 63 57
17 40 84 72
17 41 3 7
18 19 56 60
18 20 83 73
18 21 25 30
18 22 17 28
18 23 61 64
18 24 7 13
18 25 12 24
18 26 41 42
18 27 49 52
18 28 24 34
18 29 39 44
18 30 65 70
18 31 82 81
18 32 95 91
18 33 17 24
18 34 68 62
18 35 25 30
18 36 54 47
18 37 33 39
18 38 73 70
18 39 64 63
18 40 57 56
18 41 28 25
19 20 8 14
19 21 21 22
19 22 0 6
19 23 48 54
19 24 21 32
19 25 66 66
19 26 12 16
19 27 21 26
19 28 48 55
19 29 33 34
19 30 83 75
19 31 55 56
19 32 99 90
19 33 87 78
19 34 87 80
19 35 69 61
19 36 28 27
19 37 50 53
19 38 39 44
19 39 59 54
19 40 20 26
19 41 16 25
20 21 33 34
20 22 23 31
20 23 39 47
20 24 75 69
20 25 37 35
20 26 47 42
20 27 37 38
20 28 93 94
20 29 56 56
20 30 28 30
20 31 52 54
20 32 92 81
20 33 61 54
20 34 4 16
20 35 67 61
20 36 8 13
20 37 95 86
20 38 41 42
20 39 27 27
20 40 75 75
20 41 81 69
21 22 28 26
21 23 99 84
21 24 6 15
21 25 54 59
21 26 33 28
21 27 42 49
21 28 8 13
21 29 3 5
21 30 56 59
21 31 86 85
21 32 47 45
21 33 77 66
21 34 71 65
21 35 8 21
21 36 1 2
21 37 60 53
21 38 45 49
21 39 91 80
21 40 13 25
21 41 37 42
22 23 61 55
22 24 57 52
22 25 82 79
22 26 50 48
22 27 25 22
22 28 21 22
22 29 66 59
22 30 75 66
22 31 27 27
22 32 80 78
22 33 91 82
22 34 53 49
22 35 55 51
22 36 47 52
22 37 56 62
22 38 36 31
22 39 56 47
22 40 76 66
22 41 27 33
23 24 11 22
23 25 66 65
23 26 44 42
23 27 65 56
23 28 89 87
23 29 11 21
23 30 28 25
23 31 32 38
23 32 1 12
23 33 98 87
23 34 64 56
23 35 95 85
23 36 37 43
23 37 70 74
23 38 82 72
23 39 88 84
23 40 34 30
23 41 90 84
24 25 73 63
24 26 13 20
24 27 22 28
24 28 90 84
24 29 80 81
24 30 1 7
24 31 88 88
24 32 56 57
24 33 21 20
24 34 18 21
24 35 53 51
24 36 65 60
24 37 61 65
24 38 43 42
24 39 56 55
24 40 97 83
24 41 21 25
25 26 53 55
25 27 81 73
25 28 38 42
25 29 88 81
25 30 19 24
25 31 56 50
25 32 93 82
25 33 63 55
25 34 96 94
25 35 66 68
25 36 76 75
25 37 20 20
25 38 16 14
25 39 48 43
25 40 77 74
25 41 81 72
26 27 99 95
26 28 48 51
26 29 84 85
26 30 49 46
26 31 57 59
26 32 27 24
26 33 61 62
26 34 63 63
26 35 72 68
26 36 41 47
26 37 3 9
26 38 73 70
26 39 32 27
26 40 66 64
26 41 57 53
27 28 42 37
27 29 85 86
27 30 80 79
27 31 40 36
27 32 2 6
27 33 92 80
27 34 61 52
27 35 62 67
27 36 35 36
27 37 51 55
27 38 84 77
27 39 1 12
27 40 46 42
27 41 9 10
28 29 62 56
28 30 54 50
28 31 81 74
28 32 52 49
28 33 32 32
28 34 38 38
28 35 82 75
28 36 53 47
28 37 34 43
28 38 50 48
28 39 46 47
28 40 57 54
28 41 47 54
29 30 97 93
29 31 44 40
29 32 64 61
29 33 19 26
29 34 24 25
29 35 81 76
29 36 4 12
29 37 38 35
29 38 13 12
29 39 15 20
29 40 60 61
29 41 27 28
30 31 53 52
30 32 35 42
30 33 100 93
30 34 87 83
30 35 36 33
30 36 91 85
30 37 94 82
30 38 90 83
30 39 15 24
30 40 24 32
30 41 35 36
31 32 86 84
31 33 25 34
31 34 74 68
31 35 94 84
31 36 91 88
31 37 28 35
31 38 57 56
31 39 88 80
31 40 57 51
31 41 15 25
32 33 96 93
32 34 36 42
32 35 49 51
32 36 5 13
32 37 34 39
32 38 70 67
32 39 81 83
32 40 37 42
32 41 24 28
33 34 76 70
33 35 47 45
33 36 42 41
33 37 47 54
33 38 70 68
33 39 48 48
33 40 62 53
33 41 77 66
34 35 33 34
34 36 72 63
34 37 11 22
34 38 63 64
34 39 32 40
34 40 33 38
34 41 38 42
35 36 7 10
35 37 44 44
35 38 100 99
35 39 80 72
35 40 19 31
35 41 20 30
36 37 11 10
36 38 57 60
36 39 82 82
36 40 10 21
36 41 63 61
37 38 75 73
37 39 22 32
37 40 75 75
37 41 7 8
38 39 28 30
38 40 11 12
38 41 19 18
39 40 22 28
39 41 91 83
40 41 85 74
