10
0 1 3 93 83 93
0 2 94 8 9 6
0 3 45 52 49 48
0 4 36 60 67 54
0 5 38 60 58 59
0 6 95 15 7 17
0 7 83 17 28 25
0 8 45 55 49 52
0 9 40 58 53 59
1 2 79 27 19 30
1 3 29 63 70 64
1 4 30 59 59 61
1 5 51 54 50 54
1 6 88 24 22 13
1 7 55 46 45 52
1 8 46 49 49 48
1 9 37 61 53 66
2 3 17 73 82 72
2 4 30 64 71 71
2 5 80 18 19 24
2 6 6 82 92 84
2 7 65 36 35 30
2 8 79 20 30 32
2 9 51 53 41 53
3 4 49 55 44 43
3 5 48 53 47 58
3 6 73 23 31 35
3 7 94 16 9 17
3 8 23 75 72 74
3 9 76 25 26 30
4 5 74 32 30 22
4 6 30 62 73 72
4 7 28 72 67 66
4 8 13 77 80 82
4 9 38 64 56 64
5 6 53 42 41 48
5 7 75 34 35 32
5 8 2 96 90 90
5 9 21 75 70 68
6 7 93 10 18 15
6 8 52 45 44 45
6 9 45 59 58 48
7 8 67 40 36 38
7 9 64 35 35 37
8 9 97 12 13 15
