10
0 1 60 60 45 23
0 2 76 19 15 64
0 3 49 35 38 67
0 4 14 31 22 81
0 5 52 75 80 68
0 6 81 47 16 43
0 7 40 31 48 30
0 8 37 12 67 70
0 9 23 52 87 20
1 2 56 34 74 87
1 3 33 14 58 27
1 4 21 63 76 50
1 5 88 64 63 77
1 6 33 23 93 42
1 7 64 37 20 76
1 8 79 29 43 19
1 9 53 78 71 70
2 3 7 74 68 70
2 4 25 31 24 90
2 5 42 75 79 42
2 6 70 79 56 19
2 7 79 35 12 32
2 8 4 35 98 51
2 9 75 41 84 29
3 4 69 21 38 20
3 5 44 63 85 46
3 6 64 31 82 7
3 7 86 49 37 10
3 8 12 49 82 66
3 9 81 9 54 23
4 5 13 32 89 38
4 6 68 64 39 39
4 7 28 15 20 63
4 8 47 68 40 28
4 9 53 47 56 67
5 6 99 3 69 49
5 7 89 25 5 65
5 8 76 77 67 23
5 9 81 46 39 42
6 7 28 35 32 92
6 8 27 62 85 40
6 9 68 8 23 18
7 8 13 65 82 45
7 9 73 58 55 32
8 9 78 55 5 35
