12
0 1 47 32 51 50
0 2 12 76 69 78
0 3 92 20 20 41
0 4 58 48 50 50
0 5 76 51 22 40
0 6 60 40 51 38
0 7 27 45 55 85
0 8 57 58 36 69
0 9 59 48 33 60
0 10 4 91 88 82
0 11 90 14 21 19
1 2 56 37 66 54
1 3 19 71 85 69
1 4 29 79 57 35
1 5 75 27 57 16
1 6 12 74 81 47
1 7 30 56 37 67
1 8 72 27 60 47
1 9 97 17 22 35
1 10 93 22 52 47
1 11 48 36 38 43
2 3 41 40 30 58
2 4 81 21 57 21
2 5 6 48 63 73
2 6 33 78 40 73
2 7 22 41 71 83
2 8 26 84 44 39
2 9 60 34 20 28
2 10 31 41 56 71
2 11 83 34 35 15
3 4 42 41 75 73
3 5 53 31 42 68
3 6 19 76 86 69
3 7 98 41 9 47
3 8 76 51 35 59
3 9 90 46 21 44
3 10 57 56 27 39
3 11 62 54 25 33
4 5 40 62 64 46
4 6 42 47 43 72
4 7 73 47 22 39
4 8 38 47 40 40
4 9 36 57 42 79
4 10 95 34 30 44
4 11 55 59 64 32
5 6 29 43 56 77
5 7 78 28 50 58
5 8 17 45 89 79
5 9 8 76 68 93
5 10 75 49 40 18
5 11 31 48 35 52
6 7 55 51 67 68
6 8 70 48 59 50
6 9 88 22 53 48
6 10 5 61 67 60
6 11 15 85 50 78
7 8 46 58 50 27
7 9 85 22 46 22
7 10 49 48 65 27
7 11 78 45 11 51
8 9 64 41 20 49
8 10 95 21 33 41
8 11 83 56 10 55
9 10 48 69 73 45
9 11 86 10 26 16
10 11 11 91 74 46
