15
0 1 12 67 71 73
0 2 90 22 42 11
0 3 88 54 18 6
0 4 42 62 68 32
0 5 33 78 34 38
0 6 9 45 46 56
0 7 45 59 46 47
0 8 73 42 17 46
0 9 42 49 67 48
0 10 52 48 41 33
0 11 26 57 85 60
0 12 16 73 42 68
0 13 81 43 34 9
0 14 56 51 55 28
1 2 65 33 31 58
1 3 36 39 39 67
1 4 67 29 33 59
1 5 32 40 81 83
1 6 26 79 53 40
1 7 76 25 51 20
1 8 28 58 72 49
1 9 79 31 15 35
1 10 71 64 63 61
1 11 28 79 69 56
1 12 92 49 16 24
1 13 94 42 49 48
1 14 69 61 28 30
2 3 43 46 61 72
2 4 65 18 28 22
2 5 3 96 69 55
2 6 5 57 96 75
2 7 45 38 73 37
2 8 17 75 65 76
2 9 57 41 64 61
2 10 89 22 29 47
2 11 99 46 41 33
2 12 49 73 49 62
2 13 1 97 89 79
2 14 35 76 33 51
3 4 96 4 35 16
3 5 99 6 33 29
3 6 35 74 43 33
3 7 16 62 42 46
3 8 92 4 26 7
3 9 45 58 72 75
3 10 15 70 51 89
3 11 16 45 63 45
3 12 8 54 72 93
3 13 16 48 71 64
3 14 99 25 9 8
4 5 27 47 53 80
4 6 42 37 43 40
4 7 47 40 39 44
4 8 63 51 47 62
4 9 80 23 44 21
4 10 71 31 59 23
4 11 18 70 61 73
4 12 59 30 68 66
4 13 8 86 88 46
4 14 9 82 80 93
5 6 18 50 90 66
5 7 12 77 72 92
5 8 8 50 69 69
5 9 75 37 50 53
5 10 95 42 29 14
5 11 5 58 81 49
5 12 53 69 63 67
5 13 66 20 57 34
5 14 19 41 83 58
6 7 79 55 15 34
6 8 16 90 64 58
6 9 69 38 55 60
6 10 23 61 67 77
6 11 88 9 21 17
6 12 13 81 75 68
6 13 36 48 38 46
6 14 33 63 61 33
7 8 30 46 81 81
7 9 19 74 62 49
7 10 41 70 37 33
7 11 43 46 70 61
7 12 82 25 58 41
7 13 83 29 23 42
7 14 51 24 26 31
8 9 60 31 21 24
8 10 64 38 18 57
8 11 93 5 11 48
8 12 7 74 74 57
8 13 6 66 80 54
8 14 31 72 39 48
9 10 74 36 24 26
9 11 20 58 46 86
9 12 88 20 22 15
9 13 69 48 64 64
9 14 75 26 53 41
10 11 18 50 52 82
10 12 25 76 42 64
10 13 10 51 44 90
10 14 95 46 17 22
11 12 5 62 68 56
11 13 64 35 40 43
11 14 85 28 42 13
12 13 41 40 34 56
12 14 18 58 59 53
13 14 38 58 43 79
