17
0 1 56 59 83 73
0 2 8 64 84 20
0 3 85 16 54 73
0 4 64 13 46 20
0 5 71 35 10 61
0 6 74 45 35 7
0 7 88 7 65 36
0 8 85 6 37 20
0 9 14 66 72 62
0 10 27 33 57 88
0 11 31 21 38 91
0 12 96 36 79 28
0 13 8 93 22 61
0 14 30 63 79 77
0 15 71 63 45 36
0 16 39 45 47 59
1 2 7 39 57 42
1 3 94 21 45 73
1 4 74 61 75 25
1 5 76 72 43 65
1 6 13 84 41 42
1 7 42 20 52 75
1 8 14 74 74 71
1 9 17 23 88 52
1 10 83 18 64 36
1 11 91 20 42 69
1 12 5 46 38 55
1 13 93 58 52 43
1 14 8 52 49 93
1 15 73 43 66 85
1 16 55 76 30 81
2 3 96 4 27 41
2 4 60 50 65 72
2 5 63 66 48 45
2 6 56 47 50 78
2 7 48 72 70 63
2 8 82 29 61 38
2 9 87 13 18 6
2 10 61 84 84 59
2 11 95 42 23 76
2 12 94 50 76 49
2 13 33 40 77 24
2 14 19 80 58 16
2 15 96 28 33 54
2 16 62 57 47 60
3 4 89 63 40 59
3 5 64 54 55 73
3 6 26 29 88 60
3 7 2 79 67 68
3 8 19 78 67 43
3 9 30 23 18 85
3 10 7 41 55 81
3 11 90 70 31 18
3 12 45 82 59 21
3 13 48 52 65 20
3 14 25 33 35 28
3 15 54 39 50 64
3 16 29 92 47 69
4 5 37 47 73 26
4 6 90 57 11 61
4 7 24 49 17 45
4 8 97 15 61 41
4 9 69 62 63 9
4 10 96 63 70 39
4 11 50 29 18 71
4 12 70 14 30 7
4 13 90 80 55 68
4 14 77 20 71 68
4 15 43 26 51 79
4 16 78 34 77 51
5 6 20 60 74 84
5 7 80 29 26 56
5 8 10 94 48 77
5 9 25 61 35 76
5 10 31 81 17 28
5 11 36 66 37 22
5 12 81 40 12 25
5 13 3 21 69 72
5 14 73 79 5 68
5 15 89 33 53 59
5 16 67 39 83 63
6 7 72 81 13 47
6 8 6 73 38 93
6 9 48 67 43 76
6 10 45 54 32 25
6 11 39 54 21 17
6 12 58 11 19 30
6 13 21 43 43 59
6 14 48 79 26 53
6 15 5 86 82 36
6 16 35 35 35 76
7 8 15 55 50 54
7 9 47 44 31 14
7 10 6 20 89 81
7 11 35 58 50 79
7 12 49 59 71 50
7 13 68 42 73 41
7 14 16 56 88 71
7 15 56 11 88 23
7 16 5 47 37 66
8 9 5 67 42 22
8 10 10 58 83 37
8 11 43 16 74 88
8 12 58 26 28 56
8 13 1 75 53 26
8 14 56 77 66 10
8 15 8 76 88 79
8 16 33 70 53 76
9 10 50 80 57 26
9 11 35 69 80 76
9 12 14 35 82 86
9 13 37 62 70 77
9 14 45 59 71 70
9 15 70 42 82 85
9 16 61 70 67 87
10 11 13 86 40 47
10 12 85 8 28 53
10 13 87 12 49 68
10 14 9 83 21 76
10 15 42 69 35 48
10 16 81 56 77 4
11 12 21 46 44 28
11 13 46 37 47 40
11 14 0 30 77 19
11 15 85 46 22 56
11 16 36 40 85 79
12 13 11 43 69 63
12 14 38 36 82 85
12 15 19 22 82 84
12 16 17 58 91 61
13 14 69 77 63 30
13 15 73 66 61 66
13 16 16 70 43 40
14 15 99 34 55 68
14 16 25 88 73 24
15 16 89 47 65 12
