22
0 1 93 8 6 14
0 2 0 51 72 79
0 3 22 41 59 72
0 4 20 54 59 67
0 5 9 45 89 81
0 6 64 18 52 65
0 7 48 53 68 36
0 8 88 7 31 45
0 9 22 81 83 72
0 10 57 66 49 68
0 11 54 66 62 29
0 12 31 67 71 66
0 13 51 71 39 47
0 14 20 54 44 89
0 15 94 48 11 40
0 16 24 56 53 81
0 17 83 34 24 35
0 18 75 33 59 18
0 19 69 22 21 43
0 20 39 71 72 60
0 21 5 48 79 78
1 2 63 35 57 52
1 3 44 50 73 33
1 4 57 23 60 30
1 5 26 82 85 66
1 6 24 51 83 69
1 7 39 70 47 30
1 8 13 49 89 51
1 9 42 61 71 53
1 10 69 34 58 19
1 11 58 47 28 24
1 12 0 95 52 95
1 13 74 24 49 59
1 14 19 43 86 86
1 15 60 28 39 49
1 16 89 29 52 29
1 17 77 58 21 18
1 18 6 57 74 75
1 19 96 51 19 45
1 20 51 72 26 57
1 21 78 44 38 33
2 3 72 58 18 37
2 4 92 23 19 17
2 5 65 37 34 27
2 6 21 87 84 50
2 7 94 44 25 39
2 8 91 16 43 47
2 9 93 23 7 9
2 10 13 77 83 59
2 11 42 30 53 52
2 12 10 57 50 91
2 13 38 70 38 33
2 14 52 65 67 48
2 15 33 66 38 54
2 16 76 41 16 58
2 17 61 63 33 52
2 18 14 62 76 75
2 19 5 63 69 76
2 20 88 23 49 43
2 21 55 36 25 51
3 4 30 71 43 62
3 5 98 36 16 36
3 6 49 65 59 49
3 7 9 84 83 90
3 8 39 79 39 51
3 9 28 54 76 53
3 10 0 56 96 52
3 11 22 41 78 39
3 12 14 87 80 73
3 13 14 58 75 84
3 14 95 2 46 15
3 15 63 34 35 47
3 16 91 25 28 14
3 17 56 67 23 43
3 18 24 41 58 66
3 19 92 13 44 39
3 20 92 44 8 51
3 21 86 44 21 28
4 5 34 64 67 77
4 6 54 71 34 48
4 7 14 56 84 90
4 8 48 30 36 70
4 9 99 2 30 48
4 10 57 64 53 31
4 11 81 49 53 35
4 12 43 76 53 46
4 13 57 44 28 23
4 14 88 9 17 45
4 15 83 37 46 48
4 16 29 76 59 44
4 17 5 95 81 77
4 18 9 67 66 81
4 19 69 39 19 35
4 20 32 39 80 49
4 21 93 28 36 12
5 6 72 17 61 58
5 7 5 66 60 65
5 8 25 50 73 67
5 9 34 43 74 64
5 10 98 48 15 12
5 11 31 51 44 56
5 12 3 83 66 51
5 13 72 36 57 30
5 14 39 40 73 57
5 15 13 53 46 88
5 16 46 28 58 32
5 17 53 64 40 56
5 18 2 56 57 53
5 19 33 36 33 35
5 20 86 13 10 11
5 21 12 84 64 91
6 7 46 58 63 74
6 8 9 52 45 92
6 9 96 47 15 30
6 10 30 34 64 57
6 11 37 55 32 64
6 12 42 59 42 77
6 13 42 75 38 48
6 14 5 62 83 92
6 15 64 20 64 64
6 16 83 37 21 52
6 17 88 49 53 48
6 18 52 25 35 25
6 19 0 56 58 91
6 20 55 60 27 63
6 21 22 74 50 74
7 8 42 56 56 40
7 9 66 53 40 34
7 10 72 14 28 22
7 11 18 57 58 78
7 12 81 58 15 38
7 13 87 13 43 36
7 14 54 35 42 34
7 15 61 49 48 49
7 16 45 70 58 39
7 17 0 57 96 64
7 18 37 71 32 60
7 19 16 48 52 80
7 20 71 58 58 28
7 21 99 48 48 47
8 9 82 41 17 31
8 10 59 38 29 59
8 11 19 68 75 67
8 12 14 54 52 64
8 13 55 47 42 32
8 14 80 51 28 38
8 15 86 49 54 7
8 16 31 58 63 74
8 17 77 17 32 18
8 18 34 64 50 43
8 19 51 31 26 60
8 20 83 23 58 18
8 21 15 61 69 60
9 10 27 85 41 80
9 11 6 79 67 95
9 12 6 81 90 72
9 13 74 21 29 16
9 14 42 55 40 45
9 15 30 57 72 35
9 16 66 18 66 57
9 17 72 55 49 29
9 18 76 41 12 58
9 19 47 45 35 55
9 20 15 70 62 81
9 21 19 69 51 55
10 11 97 44 18 49
10 12 25 41 76 75
10 13 21 46 65 59
10 14 28 78 54 70
10 15 79 15 56 22
10 16 15 55 49 70
10 17 29 43 76 82
10 18 72 37 38 26
10 19 29 82 50 81
10 20 27 51 77 40
10 21 35 32 67 52
11 12 7 69 66 51
11 13 23 56 78 78
11 14 2 85 98 55
11 15 63 57 62 59
11 16 20 43 58 62
11 17 45 30 28 47
11 18 56 26 43 69
11 19 14 52 47 87
11 20 60 55 45 47
11 21 27 65 57 51
12 13 9 54 83 76
12 14 67 44 62 26
12 15 66 32 22 39
12 16 77 40 40 17
12 17 32 54 72 56
12 18 8 62 47 85
12 19 77 31 42 53
12 20 1 54 65 53
12 21 53 33 64 40
13 14 19 74 84 66
13 15 68 56 52 63
13 16 71 54 55 26
13 17 1 82 90 84
13 18 27 43 54 80
13 19 2 93 49 78
13 20 43 55 40 75
13 21 17 56 55 47
14 15 7 67 80 91
14 16 63 57 25 34
14 17 69 53 15 33
14 18 49 46 40 28
14 19 81 49 11 39
14 20 27 62 46 47
14 21 30 36 78 56
15 16 71 29 47 17
15 17 72 57 31 27
15 18 19 48 83 55
15 19 31 82 50 43
15 20 7 89 80 71
15 21 71 17 20 14
16 17 2 84 71 56
16 18 80 36 30 53
16 19 47 41 45 42
16 20 58 37 22 27
16 21 66 23 62 64
17 18 88 46 29 51
17 19 20 50 80 58
17 20 84 47 40 14
17 21 23 51 62 77
18 19 83 20 47 43
18 20 61 38 30 56
18 21 18 84 45 76
19 20 11 64 58 75
19 21 44 32 56 52
20 21 72 28 45 34
