22
0 1 14 82 85 81
0 2 9 88 81 90
0 3 20 69 75 68
0 4 79 29 23 31
0 5 26 71 71 73
0 6 95 16 17 17
0 7 16 83 72 73
0 8 86 13 23 23
0 9 74 24 35 31
0 10 9 90 81 83
0 11 7 79 89 81
0 12 32 62 59 58
0 13 28 64 70 67
0 14 18 73 74 74
0 15 60 44 34 47
0 16 35 66 56 55
0 17 41 63 61 52
0 18 76 33 28 29
0 19 45 49 49 59
0 20 39 53 57 55
0 21 92 16 13 13
1 2 51 54 44 50
1 3 65 40 33 35
1 4 95 18 14 10
1 5 53 51 53 53
1 6 84 14 20 15
1 7 59 35 49 44
1 8 30 62 69 61
1 9 70 38 38 38
1 10 52 44 54 53
1 11 1 88 84 97
1 12 90 17 8 12
1 13 33 64 64 65
1 14 85 26 20 25
1 15 99 11 12 3
1 16 59 38 47 36
1 17 76 29 23 26
1 18 67 32 35 28
1 19 8 80 81 85
1 20 14 74 78 81
1 21 4 81 87 95
2 3 74 28 26 36
2 4 36 54 65 65
2 5 16 83 84 78
2 6 5 85 89 81
2 7 48 45 56 46
2 8 4 84 89 82
2 9 71 28 26 32
2 10 52 45 53 42
2 11 6 91 86 81
2 12 80 27 20 22
2 13 58 43 39 41
2 14 22 76 80 71
2 15 64 37 44 39
2 16 2 90 89 85
2 17 65 43 36 40
2 18 50 55 50 46
2 19 98 14 2 6
2 20 77 31 23 31
2 21 53 44 42 43
3 4 64 44 44 30
3 5 1 93 87 95
3 6 38 67 62 52
3 7 74 24 26 25
3 8 98 15 5 14
3 9 32 60 67 62
3 10 90 8 16 19
3 11 53 44 41 42
3 12 5 88 87 83
3 13 44 50 57 55
3 14 75 24 30 20
3 15 46 49 46 54
3 16 54 52 41 41
3 17 70 34 28 25
3 18 95 11 11 14
3 19 33 61 65 57
3 20 6 87 89 85
3 21 2 96 94 83
4 5 14 86 86 74
4 6 80 22 22 16
4 7 47 58 46 53
4 8 7 83 81 79
4 9 14 85 78 83
4 10 1 89 96 83
4 11 95 17 11 18
4 12 82 23 24 22
4 13 91 8 14 17
4 14 23 77 68 71
4 15 18 76 77 80
4 16 21 78 75 66
4 17 56 51 50 40
4 18 81 16 19 25
4 19 89 13 10 17
4 20 94 18 12 13
4 21 32 64 64 62
5 6 98 15 10 2
5 7 70 31 25 37
5 8 75 35 25 22
5 9 54 45 46 40
5 10 27 70 67 69
5 11 54 39 44 39
5 12 14 76 74 75
5 13 14 76 81 75
5 14 35 64 61 68
5 15 37 67 61 58
5 16 43 56 50 52
5 17 38 59 58 61
5 18 45 59 47 50
5 19 90 18 8 13
5 20 17 80 76 76
5 21 85 24 12 25
6 7 17 70 79 80
6 8 8 78 82 87
6 9 33 67 68 64
6 10 85 17 21 12
6 11 19 80 82 75
6 12 18 73 73 78
6 13 74 33 29 24
6 14 72 25 31 28
6 15 35 64 58 69
6 16 49 43 49 57
6 17 46 54 54 55
6 18 30 73 71 62
6 19 75 34 31 32
6 20 9 88 79 86
6 21 79 26 19 20
7 8 87 12 25 17
7 9 55 39 38 48
7 10 32 65 71 65
7 11 54 44 47 42
7 12 72 31 30 36
7 13 4 81 94 81
7 14 57 41 45 46
7 15 10 85 86 76
7 16 44 59 54 48
7 17 17 73 77 83
7 18 78 20 20 23
7 19 96 6 15 15
7 20 1 86 96 86
7 21 69 36 36 34
8 9 52 55 53 43
8 10 39 65 56 62
8 11 1 92 84 87
8 12 51 49 47 47
8 13 59 40 35 45
8 14 54 45 41 48
8 15 94 17 18 19
8 16 72 27 24 27
8 17 96 14 14 5
8 18 41 57 51 50
8 19 27 67 64 67
8 20 46 51 48 55
8 21 37 53 63 53
9 10 93 8 13 10
9 11 69 32 41 32
9 12 61 43 39 42
9 13 65 42 40 39
9 14 82 24 24 21
9 15 20 71 77 68
9 16 30 66 63 66
9 17 54 43 46 44
9 18 55 40 40 44
9 19 78 23 27 18
9 20 51 43 51 43
9 21 78 31 26 21
10 11 23 78 76 73
10 12 17 75 84 70
10 13 13 74 85 77
10 14 90 17 11 15
10 15 69 37 25 27
10 16 52 41 54 52
10 17 88 21 10 22
10 18 47 51 48 51
10 19 3 90 87 84
10 20 17 80 72 80
10 21 64 38 35 33
11 12 16 77 80 78
11 13 69 32 40 36
11 14 17 78 71 77
11 15 54 49 47 51
11 16 48 53 48 53
11 17 62 37 43 39
11 18 49 46 53 50
11 19 28 68 75 68
11 20 23 78 70 75
11 21 61 44 43 35
12 13 94 16 19 13
12 14 38 60 52 55
12 15 87 13 23 24
12 16 93 14 19 19
12 17 30 64 65 71
12 18 14 74 73 81
12 19 74 24 35 35
12 20 46 56 59 59
12 21 82 27 18 25
13 14 65 36 37 39
13 15 94 16 5 14
13 16 61 40 41 44
13 17 5 91 95 88
13 18 44 57 51 47
13 19 45 51 53 54
13 20 88 20 21 12
13 21 76 28 30 33
14 15 34 68 70 69
14 16 32 70 70 66
14 17 85 21 12 21
14 18 60 34 41 42
14 19 47 59 51 47
14 20 9 80 86 82
14 21 1 88 93 86
15 16 28 61 65 66
15 17 56 41 52 38
15 18 9 87 79 88
15 19 78 32 31 31
15 20 8 82 86 87
15 21 70 28 36 30
16 17 42 57 58 51
16 18 78 28 18 23
16 19 75 28 26 30
16 20 50 53 52 46
16 21 76 22 29 33
17 18 45 50 54 47
17 19 13 82 79 75
17 20 51 41 48 50
17 21 36 67 59 59
18 19 61 40 47 42
18 20 7 85 85 85
18 21 35 56 62 69
19 20 9 85 88 89
19 21 89 9 21 12
20 21 59 35 46 48
