25
0 1 79 19 21 17
0 2 36 62 67 60
0 3 15 77 85 76
0 4 12 84 85 82
0 5 82 29 23 18
0 6 42 52 63 57
0 7 81 21 29 26
0 8 51 55 52 45
0 9 2 95 97 87
0 10 94 12 18 12
0 11 85 21 15 14
0 12 32 65 64 61
0 13 50 57 50 52
0 14 96 4 8 8
0 15 23 69 77 67
0 16 18 73 75 74
0 17 20 81 70 76
0 18 66 40 32 32
0 19 83 27 15 22
0 20 45 61 55 55
0 21 32 61 63 66
0 22 77 30 23 27
0 23 98 4 2 15
0 24 61 40 44 34
1 2 74 22 28 33
1 3 26 76 75 66
1 4 21 70 67 73
1 5 68 27 32 36
1 6 82 21 23 26
1 7 31 67 72 70
1 8 66 36 42 36
1 9 63 37 36 33
1 10 48 51 43 57
1 11 22 77 75 72
1 12 19 70 78 81
1 13 8 91 84 85
1 14 44 59 54 52
1 15 98 7 3 14
1 16 3 82 86 89
1 17 70 38 25 28
1 18 2 94 94 87
1 19 54 51 51 51
1 20 42 60 56 51
1 21 40 52 61 64
1 22 26 73 64 64
1 23 33 65 64 60
1 24 74 27 27 33
2 3 14 78 80 85
2 4 40 53 64 64
2 5 70 27 33 26
2 6 21 76 76 73
2 7 49 44 49 51
2 8 14 73 73 81
2 9 77 28 29 22
2 10 44 58 50 59
2 11 88 11 14 17
2 12 50 51 43 48
2 13 64 34 43 44
2 14 13 83 83 82
2 15 89 23 10 15
2 16 16 76 72 80
2 17 51 45 55 44
2 18 68 30 35 37
2 19 49 55 48 48
2 20 8 87 87 78
2 21 99 6 5 12
2 22 16 76 75 73
2 23 45 53 55 51
2 24 53 50 49 40
3 4 63 32 36 37
3 5 56 38 48 48
3 6 86 17 17 21
3 7 57 38 45 38
3 8 68 38 36 41
3 9 60 41 39 48
3 10 80 27 18 16
3 11 97 11 11 5
3 12 47 55 59 55
3 13 33 60 70 64
3 14 15 79 81 84
3 15 97 14 12 13
3 16 48 49 56 51
3 17 74 33 36 29
3 18 88 16 10 9
3 19 24 66 78 72
3 20 18 72 70 81
3 21 62 45 46 42
3 22 92 10 21 7
3 23 86 24 21 21
3 24 18 80 83 77
4 5 70 37 34 26
4 6 22 74 72 80
4 7 13 75 74 82
4 8 23 75 66 66
4 9 66 29 36 41
4 10 33 67 58 69
4 11 90 20 13 15
4 12 29 65 68 59
4 13 0 97 87 91
4 14 66 41 42 31
4 15 63 36 31 42
4 16 31 61 69 65
4 17 58 43 36 41
4 18 55 47 42 43
4 19 34 57 70 67
4 20 88 18 19 11
4 21 66 43 42 30
4 22 74 29 30 24
4 23 69 27 28 33
4 24 61 44 43 35
5 6 74 33 23 34
5 7 61 36 43 45
5 8 67 34 38 32
5 9 2 87 90 91
5 10 49 44 57 55
5 11 67 37 33 30
5 12 64 35 39 42
5 13 62 38 45 41
5 14 89 19 16 12
5 15 91 12 12 21
5 16 59 37 46 45
5 17 87 20 12 17
5 18 60 37 42 34
5 19 28 72 74 74
5 20 7 91 81 79
5 21 22 69 71 68
5 22 0 98 86 93
5 23 8 78 84 81
5 24 94 15 16 7
6 7 18 81 76 72
6 8 36 60 55 54
6 9 61 40 39 40
6 10 31 69 58 63
6 11 42 48 55 56
6 12 12 77 78 88
6 13 19 69 72 72
6 14 63 42 43 40
6 15 42 59 63 52
6 16 3 86 94 94
6 17 4 92 87 89
6 18 69 29 31 35
6 19 80 27 21 22
6 20 31 61 68 62
6 21 5 86 81 90
6 22 95 14 13 4
6 23 45 52 52 57
6 24 53 51 48 48
7 8 54 40 43 40
7 9 14 79 76 85
7 10 69 28 31 36
7 11 50 56 46 42
7 12 53 46 40 42
7 13 28 65 67 72
7 14 58 44 43 39
7 15 41 50 62 64
7 16 6 80 79 91
7 17 86 21 21 23
7 18 44 53 61 56
7 19 9 79 87 81
7 20 0 94 96 86
7 21 49 47 56 53
7 22 23 72 77 67
7 23 58 43 42 41
7 24 35 67 67 65
8 9 20 74 78 74
8 10 35 66 67 64
8 11 26 76 73 65
8 12 52 52 46 45
8 13 72 25 25 25
8 14 6 91 90 86
8 15 11 80 89 84
8 16 41 51 57 51
8 17 9 85 85 78
8 18 77 29 32 28
8 19 26 67 67 64
8 20 25 70 70 66
8 21 3 92 89 82
8 22 23 77 78 66
8 23 59 40 37 43
8 24 94 12 17 18
9 10 77 23 26 19
9 11 11 89 78 80
9 12 44 56 61 61
9 13 46 54 47 57
9 14 43 58 48 55
9 15 0 99 89 95
9 16 91 8 13 11
9 17 0 89 90 85
9 18 82 18 16 25
9 19 77 23 21 33
9 20 0 94 86 89
9 21 84 25 25 18
9 22 73 31 30 36
9 23 89 18 20 20
9 24 29 70 71 65
10 11 24 75 70 64
10 12 71 34 36 32
10 13 72 36 36 28
10 14 36 66 62 53
10 15 67 36 39 34
10 16 75 35 28 35
10 17 69 40 26 32
10 18 72 32 36 36
10 19 92 19 20 10
10 20 50 53 53 55
10 21 52 52 43 52
10 22 38 54 60 61
10 23 90 23 14 12
10 24 0 98 93 97
11 12 69 37 39 37
11 13 22 72 80 78
11 14 4 96 82 94
11 15 0 91 94 96
11 16 45 56 49 56
11 17 34 68 66 61
11 18 42 49 59 52
11 19 33 62 66 66
11 20 61 46 38 41
11 21 73 34 23 34
11 22 31 59 72 64
11 23 45 58 56 54
11 24 74 32 34 25
12 13 83 16 24 16
12 14 21 76 67 72
12 15 85 23 16 20
12 16 87 19 19 10
12 17 83 24 25 23
12 18 96 3 17 5
12 19 77 19 24 20
12 20 81 22 19 25
12 21 65 39 36 35
12 22 58 39 43 37
12 23 96 6 3 7
12 24 24 73 75 77
13 14 2 90 85 91
13 15 62 36 32 33
13 16 95 7 6 16
13 17 55 45 43 51
13 18 78 30 27 29
13 19 85 24 20 24
13 20 98 11 2 14
13 21 42 60 54 50
13 22 56 39 48 43
13 23 80 18 31 25
13 24 7 79 86 85
14 15 89 22 14 18
14 16 47 51 45 54
14 17 39 54 52 52
14 18 88 17 10 17
14 19 97 9 13 8
14 20 66 32 33 34
14 21 14 84 77 85
14 22 22 69 80 73
14 23 82 21 27 27
14 24 13 74 78 88
15 16 66 36 33 32
15 17 57 43 42 37
15 18 17 70 71 83
15 19 46 56 51 49
15 20 59 44 37 41
15 21 90 18 14 17
15 22 30 65 62 62
15 23 34 60 60 66
15 24 56 38 50 47
16 17 40 54 51 51
16 18 89 16 22 21
16 19 25 71 66 73
16 20 86 25 16 14
16 21 2 90 87 85
16 22 29 71 60 64
16 23 65 36 35 40
16 24 69 40 39 33
17 18 10 87 85 87
17 19 73 28 25 28
17 20 57 39 42 42
17 21 43 50 59 60
17 22 39 54 53 64
17 23 10 84 82 76
17 24 69 33 28 30
18 19 1 95 92 95
18 20 70 35 30 37
18 21 14 78 78 80
18 22 27 76 67 70
18 23 97 15 17 6
18 24 12 82 77 88
19 20 87 21 22 20
19 21 77 23 26 26
19 22 22 71 72 71
19 23 98 13 15 1
19 24 54 40 44 43
20 21 80 18 25 28
20 22 21 69 68 79
20 23 82 16 23 29
20 24 15 85 78 78
21 22 28 72 67 73
21 23 33 61 58 56
21 24 62 34 44 37
22 23 93 11 12 18
22 24 6 79 92 90
23 24 93 14 12 7
