25
0 1 36 32 57 71
0 2 18 26 47 19
0 3 68 22 8 51
0 4 91 57 46 26
0 5 95 22 67 61
0 6 78 4 36 74
0 7 40 25 51 72
0 8 95 67 51 28
0 9 38 25 27 25
0 10 28 46 66 56
0 11 48 82 17 10
0 12 83 22 55 16
0 13 57 9 43 36
0 14 72 83 81 49
0 15 19 61 45 33
0 16 9 80 64 29
0 17 47 35 33 50
0 18 54 60 79 37
0 19 66 31 76 68
0 20 0 63 95 58
0 21 6 28 95 82
0 22 36 76 70 60
0 23 22 36 33 85
0 24 28 65 20 38
1 2 74 61 15 31
1 3 65 84 17 84
1 4 19 51 34 68
1 5 10 59 90 30
1 6 67 49 74 55
1 7 43 74 87 55
1 8 65 48 64 57
1 9 98 62 32 59
1 10 3 53 82 64
1 11 28 68 40 21
1 12 24 18 74 84
1 13 91 81 5 2
1 14 10 39 59 24
1 15 63 8 68 21
1 16 85 24 71 82
1 17 20 85 74 55
1 18 36 92 35 28
1 19 47 68 85 51
1 20 38 79 12 65
1 21 72 58 79 47
1 22 32 51 56 60
1 23 50 19 28 46
1 24 39 47 65 53
2 3 34 38 70 13
2 4 27 55 32 42
2 5 62 29 23 51
2 6 12 49 58 69
2 7 37 39 54 21
2 8 46 20 45 64
2 9 67 71 85 29
2 10 58 26 19 38
2 11 74 66 51 11
2 12 19 31 93 72
2 13 6 88 58 60
2 14 99 20 69 27
2 15 46 72 19 37
2 16 94 47 61 73
2 17 44 59 62 40
2 18 30 66 23 89
2 19 50 42 71 42
2 20 33 74 83 36
2 21 27 45 78 64
2 22 89 62 15 62
2 23 42 66 34 14
2 24 97 44 44 64
3 4 87 43 73 77
3 5 39 47 51 32
3 6 69 6 48 43
3 7 48 89 60 19
3 8 35 68 53 68
3 9 80 53 55 63
3 10 32 14 36 48
3 11 46 42 39 67
3 12 50 42 87 53
3 13 95 59 16 79
3 14 90 59 39 51
3 15 47 65 22 86
3 16 96 53 1 27
3 17 91 24 40 16
3 18 64 23 19 78
3 19 74 44 12 38
3 20 52 51 77 87
3 21 68 34 83 27
3 22 96 44 48 46
3 23 88 5 49 8
3 24 1 59 47 59
4 5 2 20 48 71
4 6 19 25 34 26
4 7 74 81 57 55
4 8 49 45 54 51
4 9 42 49 28 45
4 10 84 24 33 35
4 11 77 82 17 50
4 12 98 57 58 79
4 13 56 49 81 66
4 14 40 27 36 40
4 15 60 66 31 84
4 16 8 61 20 80
4 17 38 73 23 14
4 18 53 33 78 57
4 19 11 77 43 53
4 20 74 44 19 8
4 21 58 30 74 11
4 22 36 18 59 86
4 23 90 43 29 71
4 24 64 13 82 56
5 6 51 44 26 46
5 7 22 94 59 36
5 8 27 41 40 46
5 9 65 9 30 18
5 10 27 91 29 90
5 11 18 17 47 56
5 12 31 34 17 22
5 13 27 93 58 63
5 14 50 12 64 27
5 15 97 58 18 17
5 16 76 67 38 17
5 17 7 76 61 47
5 18 18 35 59 37
5 19 43 50 42 74
5 20 76 50 55 19
5 21 43 63 23 16
5 22 78 49 67 70
5 23 66 51 31 26
5 24 59 51 69 84
6 7 80 65 12 13
6 8 48 74 17 59
6 9 41 87 32 44
6 10 87 69 12 8
6 11 29 84 93 67
6 12 77 41 74 23
6 13 57 18 82 51
6 14 32 43 84 80
6 15 53 69 76 86
6 16 67 57 73 74
6 17 40 42 32 13
6 18 33 52 42 19
6 19 5 80 93 76
6 20 55 63 83 75
6 21 52 64 48 12
6 22 50 85 59 29
6 23 52 35 64 56
6 24 24 79 45 56
7 8 10 30 35 80
7 9 58 29 59 85
7 10 52 32 68 24
7 11 83 11 67 78
7 12 86 6 81 66
7 13 52 56 35 41
7 14 62 42 59 55
7 15 77 11 84 17
7 16 60 25 64 30
7 17 37 51 80 92
7 18 4 51 23 92
7 19 18 57 63 33
7 20 17 66 35 66
7 21 94 13 28 49
7 22 2 67 27 89
7 23 69 22 24 79
7 24 73 29 83 17
8 9 49 12 80 20
8 10 8 20 70 65
8 11 11 20 67 30
8 12 80 22 68 26
8 13 57 42 45 27
8 14 83 53 39 42
8 15 40 60 89 65
8 16 18 55 89 77
8 17 44 12 48 55
8 18 14 32 94 93
8 19 2 96 79 21
8 20 42 40 91 27
8 21 82 38 56 32
8 22 38 67 68 73
8 23 33 36 14 84
8 24 45 80 84 70
9 10 82 39 50 80
9 11 49 42 28 66
9 12 95 3 58 14
9 13 39 34 61 22
9 14 7 49 35 80
9 15 74 63 79 49
9 16 40 73 84 26
9 17 23 67 76 74
9 18 78 35 50 74
9 19 72 33 56 74
9 20 14 90 30 93
9 21 47 28 24 36
9 22 18 89 77 23
9 23 68 23 55 10
9 24 50 25 47 42
10 11 73 41 19 81
10 12 27 64 50 36
10 13 62 58 23 18
10 14 82 68 57 4
10 15 43 57 32 66
10 16 10 45 40 24
10 17 52 60 81 31
10 18 39 59 48 30
10 19 46 71 23 53
10 20 15 38 91 82
10 21 29 34 93 15
10 22 77 27 16 59
10 23 79 7 26 38
10 24 11 48 54 78
11 12 93 48 10 39
11 13 75 44 16 72
11 14 41 48 33 69
11 15 88 18 19 53
11 16 63 79 85 15
11 17 71 11 43 6
11 18 76 17 30 59
11 19 80 10 36 71
11 20 76 83 13 83
11 21 71 75 29 9
11 22 44 86 20 66
11 23 10 88 55 34
11 24 26 43 41 71
12 13 9 73 25 67
12 14 20 50 63 90
12 15 94 50 77 2
12 16 98 17 67 29
12 17 99 12 34 4
12 18 95 35 78 73
12 19 11 84 21 62
12 20 82 39 21 45
12 21 22 41 31 67
12 22 73 52 32 11
12 23 23 29 18 72
12 24 83 65 37 24
13 14 71 24 14 52
13 15 37 70 52 84
13 16 31 27 77 90
13 17 52 62 16 50
13 18 98 59 7 65
13 19 58 80 80 45
13 20 80 8 7 71
13 21 50 73 32 65
13 22 26 38 41 16
13 23 13 80 25 84
13 24 59 17 25 26
14 15 46 42 50 90
14 16 44 35 29 89
14 17 87 5 18 13
14 18 39 35 29 36
14 19 12 94 57 34
14 20 1 82 32 53
14 21 21 50 72 59
14 22 1 26 79 75
14 23 4 27 69 28
14 24 27 40 86 84
15 16 46 87 26 20
15 17 1 25 32 77
15 18 17 89 70 72
15 19 62 40 55 39
15 20 98 2 29 45
15 21 85 78 41 78
15 22 72 59 58 40
15 23 69 25 40 55
15 24 33 36 28 22
16 17 87 79 36 66
16 18 19 76 17 23
16 19 29 91 86 66
16 20 95 61 54 16
16 21 95 56 63 18
16 22 72 39 71 78
16 23 61 21 26 83
16 24 34 45 45 77
17 18 54 40 9 35
17 19 55 84 50 40
17 20 70 47 55 37
17 21 75 48 32 61
17 22 50 50 23 28
17 23 64 82 78 28
17 24 83 16 21 9
18 19 77 41 70 70
18 20 96 42 58 61
18 21 10 55 52 95
18 22 92 24 63 53
18 23 8 64 66 74
18 24 85 44 76 31
19 20 28 22 36 48
19 21 59 44 67 36
19 22 3 82 75 20
19 23 60 32 34 59
19 24 16 34 30 90
20 21 11 18 18 48
20 22 47 29 43 25
20 23 59 72 79 21
20 24 12 19 21 27
21 22 57 24 46 64
21 23 4 33 49 59
21 24 41 26 56 43
22 23 91 77 16 28
22 24 53 46 40 17
23 24 29 46 18 20
