27
0 1 95 11 18 10
0 2 63 37 31 41
0 3 10 80 80 80
0 4 46 52 59 46
0 5 39 60 66 61
0 6 90 13 11 22
0 7 47 49 53 52
0 8 67 31 31 28
0 9 32 69 61 64
0 10 37 58 61 66
0 11 72 25 26 37
0 12 93 20 9 18
0 13 94 7 10 4
0 14 57 43 44 45
0 15 23 71 72 70
0 16 67 27 39 36
0 17 21 67 77 77
0 18 58 39 43 43
0 19 26 67 76 66
0 20 86 23 25 17
0 21 66 33 42 36
0 22 26 66 63 69
0 23 2 89 91 84
0 24 5 89 94 84
0 25 94 16 5 15
0 26 77 23 24 33
1 2 30 59 68 71
1 3 46 49 50 56
1 4 28 61 68 61
1 5 99 5 0 2
1 6 38 54 55 59
1 7 88 12 18 23
1 8 42 54 54 63
1 9 38 53 56 60
1 10 41 64 62 60
1 11 35 58 55 66
1 12 92 10 13 14
1 13 34 63 69 63
1 14 28 66 62 64
1 15 51 41 48 47
1 16 84 15 13 19
1 17 93 12 13 13
1 18 87 17 11 24
1 19 65 39 34 37
1 20 39 57 62 59
1 21 45 52 61 58
1 22 0 97 88 92
1 23 32 71 70 65
1 24 9 82 81 78
1 25 98 3 7 2
1 26 22 69 67 73
2 3 21 75 74 70
2 4 84 15 14 17
2 5 31 66 68 71
2 6 65 32 36 37
2 7 76 25 25 23
2 8 26 70 65 69
2 9 52 51 41 48
2 10 23 65 69 78
2 11 37 67 55 61
2 12 81 18 17 24
2 13 48 49 51 57
2 14 87 18 24 10
2 15 18 70 70 71
2 16 44 48 56 57
2 17 0 95 97 88
2 18 73 27 35 24
2 19 57 49 39 46
2 20 34 62 56 62
2 21 3 86 85 85
2 22 26 70 69 65
2 23 74 31 29 28
2 24 60 38 36 35
2 25 53 53 42 42
2 26 25 71 75 74
3 4 67 33 31 29
3 5 40 51 58 50
3 6 75 33 21 21
3 7 61 43 45 43
3 8 34 69 65 66
3 9 71 30 32 30
3 10 14 80 87 78
3 11 86 19 12 21
3 12 63 43 44 38
3 13 18 79 74 76
3 14 28 69 61 71
3 15 87 14 15 16
3 16 31 61 66 72
3 17 96 3 15 10
3 18 83 22 27 25
3 19 77 32 30 29
3 20 96 5 2 11
3 21 8 83 82 83
3 22 98 6 3 1
3 23 50 53 48 42
3 24 71 28 26 38
3 25 60 42 36 35
3 26 92 6 12 8
4 5 82 17 21 17
4 6 26 65 68 65
4 7 86 14 25 17
4 8 47 58 45 54
4 9 96 10 6 9
4 10 73 35 27 22
4 11 60 45 33 48
4 12 87 17 14 23
4 13 24 72 78 79
4 14 49 49 55 48
4 15 13 82 79 82
4 16 18 77 78 79
4 17 71 33 33 30
4 18 5 86 86 93
4 19 97 9 11 16
4 20 41 57 59 62
4 21 49 51 45 49
4 22 89 18 22 20
4 23 9 86 78 85
4 24 0 91 87 92
4 25 74 33 34 32
4 26 49 46 54 48
5 6 39 52 58 63
5 7 95 16 17 8
5 8 42 53 56 52
5 9 80 17 17 18
5 10 39 59 53 60
5 11 89 22 19 10
5 12 24 73 72 78
5 13 15 77 82 77
5 14 39 66 66 63
5 15 72 37 24 27
5 16 18 79 73 76
5 17 62 32 34 45
5 18 25 70 77 73
5 19 87 18 24 16
5 20 63 43 44 36
5 21 33 66 67 69
5 22 23 68 78 73
5 23 71 35 34 30
5 24 25 67 70 76
5 25 83 14 24 20
5 26 97 3 9 4
6 7 81 29 20 22
6 8 76 24 23 20
6 9 55 49 38 40
6 10 30 72 69 70
6 11 39 57 53 64
6 12 8 79 81 92
6 13 6 92 91 87
6 14 49 46 57 51
6 15 20 79 80 69
6 16 49 46 48 53
6 17 83 19 24 25
6 18 8 89 88 82
6 19 32 61 66 64
6 20 96 3 6 10
6 21 81 26 20 27
6 22 81 23 20 26
6 23 85 13 18 24
6 24 36 55 69 67
6 25 51 42 49 41
6 26 43 51 62 54
7 8 24 76 79 69
7 9 10 75 83 89
7 10 99 12 14 2
7 11 82 28 27 18
7 12 55 50 46 38
7 13 18 77 80 70
7 14 49 46 54 57
7 15 34 56 61 66
7 16 85 12 27 21
7 17 21 73 79 69
7 18 12 84 85 80
7 19 4 87 93 92
7 20 86 26 14 17
7 21 59 39 45 40
7 22 6 80 85 80
7 23 70 39 28 33
7 24 24 77 75 77
7 25 11 75 80 78
7 26 63 44 34 45
8 9 75 23 31 30
8 10 93 10 8 15
8 11 12 82 77 74
8 12 67 38 33 34
8 13 66 42 29 29
8 14 18 77 70 74
8 15 50 45 46 42
8 16 83 27 20 15
8 17 31 59 62 62
8 18 14 82 84 76
8 19 49 55 52 54
8 20 74 25 23 29
8 21 97 3 8 11
8 22 55 40 39 45
8 23 44 51 53 61
8 24 52 51 51 53
8 25 33 71 65 59
8 26 39 52 60 54
9 10 97 4 15 12
9 11 95 9 5 5
9 12 37 56 57 60
9 13 67 30 34 35
9 14 20 70 71 79
9 15 30 74 61 61
9 16 60 37 42 36
9 17 68 39 35 37
9 18 18 79 70 80
9 19 26 71 63 63
9 20 60 37 36 42
9 21 79 18 19 31
9 22 93 14 8 9
9 23 36 61 59 59
9 24 1 91 97 97
9 25 44 54 60 49
9 26 58 38 40 37
10 11 84 19 22 26
10 12 45 53 47 54
10 13 79 31 23 28
10 14 3 88 88 91
10 15 42 62 57 60
10 16 33 66 58 65
10 17 69 36 32 39
10 18 35 63 55 62
10 19 4 89 82 82
10 20 77 25 26 20
10 21 86 18 16 19
10 22 47 57 45 50
10 23 68 35 37 35
10 24 23 65 70 71
10 25 33 63 58 69
10 26 3 95 86 86
11 12 14 84 73 76
11 13 44 49 51 60
11 14 70 38 28 34
11 15 27 76 73 75
11 16 96 9 3 3
11 17 80 27 18 30
11 18 18 72 70 69
11 19 52 46 46 48
11 20 87 25 15 25
11 21 22 67 70 75
11 22 11 81 77 84
11 23 58 41 46 49
11 24 73 30 33 33
11 25 75 31 35 28
11 26 38 57 61 53
12 13 1 84 87 86
12 14 4 84 82 91
12 15 25 76 76 63
12 16 72 38 32 26
12 17 49 53 49 49
12 18 60 47 35 44
12 19 66 42 41 29
12 20 49 57 47 48
12 21 55 38 38 41
12 22 98 13 9 6
12 23 0 97 91 96
12 24 82 18 29 17
12 25 37 66 64 67
12 26 46 49 59 52
13 14 1 93 86 96
13 15 75 30 32 35
13 16 48 48 47 57
13 17 10 77 84 83
13 18 7 85 84 86
13 19 92 19 8 11
13 20 13 79 80 77
13 21 65 34 36 34
13 22 27 71 62 72
13 23 12 85 81 76
13 24 65 36 34 39
13 25 32 58 70 59
13 26 77 27 30 23
14 15 40 51 52 53
14 16 65 39 35 37
14 17 39 62 61 64
14 18 5 84 93 94
14 19 25 68 77 72
14 20 51 43 51 52
14 21 46 57 45 48
14 22 28 66 67 69
14 23 77 27 24 31
14 24 15 86 78 85
14 25 38 62 57 54
14 26 23 74 68 66
15 16 57 43 38 40
15 17 89 15 9 10
15 18 99 3 4 6
15 19 71 38 25 35
15 20 32 67 65 62
15 21 75 23 34 22
15 22 77 29 28 25
15 23 74 31 24 31
15 24 41 63 59 61
15 25 49 57 42 57
15 26 84 24 13 17
16 17 18 80 82 73
16 18 45 47 59 58
16 19 13 79 85 74
16 20 48 45 44 58
16 21 84 18 24 28
16 22 28 65 69 64
16 23 82 23 27 26
16 24 27 65 72 67
16 25 39 58 59 57
16 26 52 49 49 44
17 18 17 78 82 84
17 19 44 59 49 51
17 20 9 89 77 79
17 21 0 85 89 94
17 22 47 45 56 46
17 23 23 68 70 75
17 24 2 83 86 85
17 25 39 56 58 66
17 26 50 51 46 54
18 19 92 11 18 7
18 20 94 10 9 11
18 21 80 18 18 28
18 22 83 25 14 18
18 23 20 67 82 72
18 24 54 46 43 42
18 25 69 29 33 28
18 26 70 34 36 25
19 20 47 53 54 57
19 21 36 61 67 58
19 22 7 79 78 84
19 23 2 97 97 92
19 24 56 43 48 49
19 25 95 15 10 12
19 26 78 21 23 21
20 21 41 64 62 58
20 22 54 49 46 44
20 23 71 38 27 39
20 24 64 39 44 35
20 25 35 69 64 60
20 26 87 21 12 22
21 22 86 13 22 17
21 23 98 6 9 9
21 24 6 84 82 85
21 25 96 7 5 12
21 26 37 66 53 54
22 23 38 60 59 52
22 24 23 71 73 66
22 25 80 16 28 19
22 26 29 61 71 74
23 24 55 39 47 43
23 25 34 65 56 56
23 26 3 85 92 94
24 25 1 89 85 98
24 26 38 66 53 53
25 26 10 82 88 84
