30
0 1 60 34 41 46
0 2 90 16 12 13
0 3 5 87 91 93
0 4 29 61 69 67
0 5 44 48 48 47
0 6 87 23 20 23
0 7 62 31 33 45
0 8 31 70 68 64
0 9 60 39 34 42
0 10 74 22 30 32
0 11 47 50 52 57
0 12 89 21 23 22
0 13 21 74 77 68
0 14 36 53 61 55
0 15 19 76 82 81
0 16 98 13 11 8
0 17 23 65 70 74
0 18 69 32 37 32
0 19 51 55 52 45
0 20 41 58 52 54
0 21 88 20 14 13
0 22 70 26 35 36
0 23 86 14 18 18
0 24 62 42 33 35
0 25 33 69 66 66
0 26 80 17 28 30
0 27 97 11 14 7
0 28 75 30 28 24
0 29 85 26 26 22
1 2 20 80 74 71
1 3 73 27 22 26
1 4 67 40 32 40
1 5 37 58 57 63
1 6 22 79 69 76
1 7 65 29 32 37
1 8 52 42 40 52
1 9 25 73 73 63
1 10 83 19 16 18
1 11 18 70 83 75
1 12 43 53 58 56
1 13 33 69 70 65
1 14 40 57 50 59
1 15 56 38 43 48
1 16 10 77 89 79
1 17 13 75 77 81
1 18 43 53 49 56
1 19 70 29 35 32
1 20 51 52 50 49
1 21 9 89 80 89
1 22 6 80 91 89
1 23 40 61 55 55
1 24 62 36 33 45
1 25 10 90 76 86
1 26 44 53 49 54
1 27 35 59 66 69
1 28 85 21 15 15
1 29 31 62 58 70
2 3 80 23 30 29
2 4 57 38 45 49
2 5 70 36 28 32
2 6 8 90 78 79
2 7 91 11 16 7
2 8 8 80 91 89
2 9 98 10 4 7
2 10 14 82 73 85
2 11 90 12 12 19
2 12 62 35 39 42
2 13 88 24 14 21
2 14 4 82 84 91
2 15 46 53 52 54
2 16 42 50 61 61
2 17 78 27 24 30
2 18 68 34 35 27
2 19 70 29 32 36
2 20 10 88 81 87
2 21 89 14 15 14
2 22 42 50 61 62
2 23 88 11 11 23
2 24 88 19 15 13
2 25 43 54 56 48
2 26 33 66 66 57
2 27 6 81 79 82
2 28 81 25 30 28
2 29 22 71 73 65
3 4 29 75 62 64
3 5 1 92 85 91
3 6 64 32 30 36
3 7 93 7 12 7
3 8 26 76 69 71
3 9 80 28 28 30
3 10 30 74 68 63
3 11 19 80 69 74
3 12 5 88 94 94
3 13 4 88 94 93
3 14 47 56 50 57
3 15 50 48 53 56
3 16 40 57 53 52
3 17 55 50 51 48
3 18 66 37 30 29
3 19 7 81 83 84
3 20 81 23 28 28
3 21 30 70 70 70
3 22 31 58 64 66
3 23 95 11 11 15
3 24 37 53 53 63
3 25 53 46 50 52
3 26 0 91 95 90
3 27 60 44 48 36
3 28 96 8 6 6
3 29 37 53 59 65
4 5 67 31 36 34
4 6 64 39 31 31
4 7 74 31 27 29
4 8 70 28 27 24
4 9 85 14 20 18
4 10 29 65 71 65
4 11 33 71 61 57
4 12 59 35 46 44
4 13 32 61 68 69
4 14 62 32 38 33
4 15 66 36 29 35
4 16 25 63 67 71
4 17 7 90 87 90
4 18 68 36 37 35
4 19 56 44 44 46
4 20 89 13 11 16
4 21 8 86 86 81
4 22 29 66 62 69
4 23 10 87 83 77
4 24 3 89 82 89
4 25 62 39 43 45
4 26 68 31 38 41
4 27 30 64 61 67
4 28 68 41 33 29
4 29 14 74 80 83
5 6 65 39 37 34
5 7 67 37 37 32
5 8 4 92 83 85
5 9 90 15 22 8
5 10 6 84 92 86
5 11 80 21 17 27
5 12 22 66 77 80
5 13 26 67 68 68
5 14 16 79 71 71
5 15 66 28 40 28
5 16 41 54 55 50
5 17 72 23 32 31
5 18 47 49 51 45
5 19 4 94 81 90
5 20 48 50 52 55
5 21 34 59 65 63
5 22 63 37 35 33
5 23 58 47 49 40
5 24 81 19 25 24
5 25 47 57 44 45
5 26 32 57 66 65
5 27 67 28 28 28
5 28 76 29 27 20
5 29 35 63 58 67
6 7 54 42 42 40
6 8 76 20 31 32
6 9 39 63 66 53
6 10 99 3 15 6
6 11 51 42 52 41
6 12 12 76 77 79
6 13 15 79 83 84
6 14 50 53 57 43
6 15 94 12 10 16
6 16 84 23 19 26
6 17 74 30 27 25
6 18 81 24 25 29
6 19 27 64 66 63
6 20 68 35 28 30
6 21 82 19 28 25
6 22 4 81 84 87
6 23 88 9 18 19
6 24 64 37 31 43
6 25 48 48 45 58
6 26 56 46 43 47
6 27 67 30 42 40
6 28 16 79 74 79
6 29 30 66 69 67
7 8 16 85 81 81
7 9 50 55 43 44
7 10 73 26 27 24
7 11 82 15 20 29
7 12 54 46 43 49
7 13 87 23 11 13
7 14 62 37 39 41
7 15 38 52 59 56
7 16 23 70 72 76
7 17 44 61 58 59
7 18 28 70 65 70
7 19 39 62 63 51
7 20 67 38 35 40
7 21 6 86 86 93
7 22 56 48 44 38
7 23 34 62 58 67
7 24 27 65 72 62
7 25 45 50 56 54
7 26 40 51 61 64
7 27 54 41 50 50
7 28 18 77 74 79
7 29 63 36 38 34
8 9 34 58 61 57
8 10 68 29 33 34
8 11 56 50 37 45
8 12 12 86 80 75
8 13 17 74 78 75
8 14 26 70 67 71
8 15 39 61 61 53
8 16 26 63 65 69
8 17 73 22 29 32
8 18 13 75 88 83
8 19 34 66 55 68
8 20 28 65 75 61
8 21 47 52 49 53
8 22 38 63 52 66
8 23 93 14 10 12
8 24 18 70 80 76
8 25 42 63 53 57
8 26 77 28 30 31
8 27 51 44 47 43
8 28 41 63 59 56
8 29 80 24 25 22
9 10 67 33 36 30
9 11 67 32 32 30
9 12 55 48 48 49
9 13 69 28 36 28
9 14 59 48 36 36
9 15 89 19 9 22
9 16 31 62 67 59
9 17 71 35 36 38
9 18 96 5 13 3
9 19 29 71 66 62
9 20 10 80 83 86
9 21 31 64 61 68
9 22 18 79 79 81
9 23 88 13 18 14
9 24 29 67 70 60
9 25 46 52 54 47
9 26 75 26 25 27
9 27 75 21 28 21
9 28 13 82 83 87
9 29 83 16 24 22
10 11 56 38 50 42
10 12 20 72 73 70
10 13 29 70 74 73
10 14 36 66 67 57
10 15 16 74 80 79
10 16 97 12 7 8
10 17 51 53 50 46
10 18 31 64 70 72
10 19 37 57 58 58
10 20 51 50 41 43
10 21 20 81 75 71
10 22 40 64 61 61
10 23 1 92 83 97
10 24 32 63 57 67
10 25 87 25 20 23
10 26 38 57 52 63
10 27 38 66 65 65
10 28 76 32 29 34
10 29 29 65 70 65
11 12 81 23 21 30
11 13 31 69 69 64
11 14 35 55 60 60
11 15 67 36 42 36
11 16 45 57 49 50
11 17 1 87 93 90
11 18 90 16 9 12
11 19 11 86 84 76
11 20 22 66 67 80
11 21 46 55 48 58
11 22 92 7 13 12
11 23 81 26 17 28
11 24 1 87 98 84
11 25 71 38 34 36
11 26 0 88 97 97
11 27 82 15 25 18
11 28 14 82 79 83
11 29 10 85 76 83
12 13 28 62 64 69
12 14 26 70 64 75
12 15 21 71 78 70
12 16 75 34 23 33
12 17 43 61 61 55
12 18 17 79 77 81
12 19 85 21 17 23
12 20 87 11 22 14
12 21 13 79 78 83
12 22 9 81 90 89
12 23 81 21 30 28
12 24 20 76 73 69
12 25 76 29 34 30
12 26 35 67 66 67
12 27 35 59 59 68
12 28 28 72 66 72
12 29 40 55 51 57
13 14 78 21 27 20
13 15 78 23 18 27
13 16 26 71 74 69
13 17 83 17 19 24
13 18 13 77 83 80
13 19 58 47 47 46
13 20 45 59 51 51
13 21 88 19 16 10
13 22 50 47 52 45
13 23 65 32 35 32
13 24 71 31 33 25
13 25 39 60 54 66
13 26 77 19 24 19
13 27 55 49 45 42
13 28 17 77 83 76
13 29 92 21 13 9
14 15 63 34 31 43
14 16 22 68 73 80
14 17 9 87 89 85
14 18 44 56 60 60
14 19 78 27 31 31
14 20 79 28 22 18
14 21 35 56 59 68
14 22 4 81 91 82
14 23 10 79 87 86
14 24 37 61 59 62
14 25 42 48 49 57
14 26 34 56 68 69
14 27 1 86 93 91
14 28 74 31 23 26
14 29 91 18 8 15
15 16 81 25 21 26
15 17 91 11 15 15
15 18 22 72 76 72
15 19 28 65 75 72
15 20 79 29 20 19
15 21 83 19 24 26
15 22 37 65 62 56
15 23 81 17 16 25
15 24 83 27 19 23
15 25 88 17 22 20
15 26 5 88 95 87
15 27 30 71 61 65
15 28 56 40 46 44
15 29 59 39 39 43
16 17 97 14 4 6
16 18 68 30 33 34
16 19 80 26 18 18
16 20 11 88 82 81
16 21 28 65 61 66
16 22 63 43 35 35
16 23 55 48 39 50
16 24 61 43 34 36
16 25 80 28 19 26
16 26 58 38 49 38
16 27 28 61 67 66
16 28 83 14 26 23
16 29 43 60 63 58
17 18 64 42 40 34
17 19 25 63 72 67
17 20 33 68 65 59
17 21 80 18 19 20
17 22 58 37 50 46
17 23 34 69 66 61
17 24 76 31 34 25
17 25 5 94 92 88
17 26 11 78 77 89
17 27 73 32 25 24
17 28 4 95 95 95
17 29 80 25 25 18
18 19 66 30 42 32
18 20 55 42 41 48
18 21 15 79 77 87
18 22 14 86 74 74
18 23 94 15 5 14
18 24 61 33 43 43
18 25 97 3 9 7
18 26 30 64 67 63
18 27 94 13 9 15
18 28 20 81 80 67
18 29 16 81 78 76
19 20 13 85 80 87
19 21 15 81 82 86
19 22 76 23 24 21
19 23 4 82 89 85
19 24 21 78 68 68
19 25 72 36 29 23
19 26 58 50 37 45
19 27 4 89 88 90
19 28 19 71 80 70
19 29 32 61 69 58
20 21 76 34 22 32
20 22 46 52 54 48
20 23 26 63 68 63
20 24 78 30 27 24
20 25 87 18 12 10
20 26 37 55 59 58
20 27 44 47 61 55
20 28 8 85 87 93
20 29 62 38 37 38
21 22 92 13 14 14
21 23 23 69 69 69
21 24 32 60 70 63
21 25 8 83 86 86
21 26 41 54 62 52
21 27 78 20 19 31
21 28 23 71 72 79
21 29 81 21 27 18
22 23 70 26 29 29
22 24 22 74 80 73
22 25 76 32 21 23
22 26 86 14 24 14
22 27 32 66 65 63
22 28 59 37 48 36
22 29 75 21 22 31
23 24 55 44 51 46
23 25 64 32 42 45
23 26 77 28 27 25
23 27 93 13 12 11
23 28 80 18 17 18
23 29 70 39 26 35
24 25 48 53 48 55
24 26 51 42 54 47
24 27 79 27 25 32
24 28 89 21 13 9
24 29 24 69 76 64
25 26 11 87 81 82
25 27 95 13 5 8
25 28 92 11 8 16
25 29 2 87 83 90
26 27 59 49 43 39
26 28 46 56 51 54
26 29 6 83 80 81
27 28 51 46 44 54
27 29 39 52 55 53
28 29 65 36 39 40
