30
0 1 88 11 25 17
0 2 81 10 46 30
0 3 57 42 42 42
0 4 17 63 86 81
0 5 26 76 83 82
0 6 4 63 61 52
0 7 90 52 14 44
0 8 75 18 54 34
0 9 50 32 56 26
0 10 11 50 75 69
0 11 69 19 63 38
0 12 53 30 24 53
0 13 62 35 19 21
0 14 22 43 87 50
0 15 20 50 63 77
0 16 95 12 50 46
0 17 86 32 33 47
0 18 5 85 88 56
0 19 59 48 31 63
0 20 56 41 50 46
0 21 8 50 93 81
0 22 97 24 13 18
0 23 17 89 44 80
0 24 40 62 35 67
0 25 95 14 15 51
0 26 34 68 50 66
0 27 81 17 35 15
0 28 93 20 37 20
0 29 17 46 54 61
1 2 90 25 10 44
1 3 7 94 77 93
1 4 32 74 78 43
1 5 19 87 47 52
1 6 15 49 51 75
1 7 39 32 70 64
1 8 86 25 17 20
1 9 39 56 66 79
1 10 14 56 83 77
1 11 26 44 50 58
1 12 8 58 49 74
1 13 41 39 65 44
1 14 88 22 35 39
1 15 83 15 56 51
1 16 41 32 44 65
1 17 21 78 80 53
1 18 10 90 61 69
1 19 54 55 24 59
1 20 86 37 22 11
1 21 76 42 24 52
1 22 15 66 86 73
1 23 12 74 67 67
1 24 97 12 51 29
1 25 37 33 49 59
1 26 78 53 60 40
1 27 76 47 18 50
1 28 78 20 14 20
1 29 83 14 51 42
2 3 2 85 94 92
2 4 80 58 18 23
2 5 37 56 49 33
2 6 11 82 53 65
2 7 37 44 37 61
2 8 59 69 42 69
2 9 73 27 46 44
2 10 59 40 65 29
2 11 44 72 76 47
2 12 70 29 30 57
2 13 44 69 38 59
2 14 87 45 15 27
2 15 43 73 64 70
2 16 37 33 58 65
2 17 44 50 27 54
2 18 54 56 59 25
2 19 11 70 71 58
2 20 53 45 39 73
2 21 43 62 52 33
2 22 2 95 79 49
2 23 69 61 59 49
2 24 85 52 26 39
2 25 58 53 39 22
2 26 27 78 49 82
2 27 66 20 63 46
2 28 63 56 32 21
2 29 66 37 44 34
3 4 36 61 64 80
3 5 78 55 39 15
3 6 2 48 73 70
3 7 42 53 56 45
3 8 22 79 83 58
3 9 10 65 67 61
3 10 22 67 88 40
3 11 99 23 39 37
3 12 64 21 64 31
3 13 67 58 17 24
3 14 0 74 63 87
3 15 45 62 52 73
3 16 56 55 27 48
3 17 67 27 18 38
3 18 84 52 56 34
3 19 40 69 47 47
3 20 28 56 85 62
3 21 76 40 46 56
3 22 29 37 61 35
3 23 96 24 14 20
3 24 75 50 35 15
3 25 5 48 95 78
3 26 32 59 77 40
3 27 75 55 33 34
3 28 60 53 46 54
3 29 16 59 46 67
4 5 75 43 32 19
4 6 89 41 51 39
4 7 99 13 36 1
4 8 53 38 40 71
4 9 11 93 76 45
4 10 44 36 33 52
4 11 61 34 38 38
4 12 69 44 50 63
4 13 72 17 35 21
4 14 41 70 40 59
4 15 32 53 42 72
4 16 89 11 25 50
4 17 61 63 62 40
4 18 83 55 22 36
4 19 1 82 68 67
4 20 86 11 46 40
4 21 79 39 34 16
4 22 72 61 15 59
4 23 38 78 59 37
4 24 36 56 78 81
4 25 48 59 73 33
4 26 94 38 52 33
4 27 92 29 39 10
4 28 56 57 23 50
4 29 80 39 51 20
5 6 59 51 32 39
5 7 48 39 54 68
5 8 56 35 32 48
5 9 49 56 64 35
5 10 24 66 87 52
5 11 48 66 54 40
5 12 29 63 36 85
5 13 50 51 68 56
5 14 32 80 42 69
5 15 62 23 29 45
5 16 72 26 38 16
5 17 94 49 41 38
5 18 31 78 35 54
5 19 58 30 48 53
5 20 69 50 31 51
5 21 36 48 72 76
5 22 17 71 56 69
5 23 32 50 65 61
5 24 37 67 62 44
5 25 60 21 40 37
5 26 79 36 50 23
5 27 0 59 53 68
5 28 10 60 76 83
5 29 53 47 57 50
6 7 56 37 64 38
6 8 32 38 35 75
6 9 78 13 41 44
6 10 49 73 31 54
6 11 11 75 72 70
6 12 83 23 14 45
6 13 70 36 62 30
6 14 12 50 79 53
6 15 15 87 54 43
6 16 61 19 63 28
6 17 55 45 50 66
6 18 3 69 88 54
6 19 2 84 71 62
6 20 59 55 20 61
6 21 77 29 44 21
6 22 45 43 74 68
6 23 47 41 73 68
6 24 98 22 18 45
6 25 28 72 43 51
6 26 3 97 89 97
6 27 54 63 44 60
6 28 2 69 95 88
6 29 14 77 87 79
7 8 51 27 32 48
7 9 33 57 82 36
7 10 11 59 56 73
7 11 34 39 38 34
7 12 54 37 33 62
7 13 20 80 57 75
7 14 25 54 38 75
7 15 45 68 56 44
7 16 93 33 15 14
7 17 6 67 72 51
7 18 30 54 79 82
7 19 74 48 24 37
7 20 69 32 39 42
7 21 56 30 45 23
7 22 4 90 70 95
7 23 86 52 49 11
7 24 22 43 84 77
7 25 90 46 10 32
7 26 78 35 17 40
7 27 79 37 30 28
7 28 88 32 18 29
7 29 33 43 74 75
8 9 38 75 39 55
8 10 36 51 50 77
8 11 43 51 45 64
8 12 79 23 33 44
8 13 70 37 17 46
8 14 52 41 42 50
8 15 52 70 25 41
8 16 23 45 58 67
8 17 27 74 75 63
8 18 44 43 56 73
8 19 43 75 75 76
8 20 80 29 13 33
8 21 3 67 83 66
8 22 97 35 45 36
8 23 94 34 15 19
8 24 37 63 40 61
8 25 46 44 37 71
8 26 94 29 41 18
8 27 33 39 72 41
8 28 6 71 69 87
8 29 71 60 44 21
9 10 77 48 14 20
9 11 44 52 46 51
9 12 81 52 10 42
9 13 2 97 52 97
9 14 5 56 86 85
9 15 44 47 34 69
9 16 0 56 93 57
9 17 66 41 48 31
9 18 9 61 53 45
9 19 23 49 44 77
9 20 52 42 71 39
9 21 63 44 59 67
9 22 91 18 9 25
9 23 46 47 72 42
9 24 59 68 54 61
9 25 28 85 75 55
9 26 25 57 58 57
9 27 95 36 24 30
9 28 92 40 12 44
9 29 1 67 92 79
10 11 34 68 46 76
10 12 61 20 59 68
10 13 73 40 13 42
10 14 62 23 28 67
10 15 34 61 75 50
10 16 16 65 78 58
10 17 8 62 72 58
10 18 4 56 72 80
10 19 60 50 20 28
10 20 67 64 36 56
10 21 65 66 36 28
10 22 27 62 79 36
10 23 72 31 19 45
10 24 72 15 60 44
10 25 6 50 52 83
10 26 98 25 46 40
10 27 54 33 71 62
10 28 72 61 32 60
10 29 15 65 55 43
11 12 25 52 40 50
11 13 69 38 32 52
11 14 25 59 40 52
11 15 14 61 55 80
11 16 95 39 26 16
11 17 91 52 7 50
11 18 14 76 71 58
11 19 2 93 80 85
11 20 73 13 55 60
11 21 71 31 22 33
11 22 53 45 24 46
11 23 10 80 78 62
11 24 63 62 26 44
11 25 33 81 72 41
11 26 26 84 82 49
11 27 77 50 26 36
11 28 75 28 23 55
11 29 20 84 66 49
12 13 67 47 55 59
12 14 39 49 71 56
12 15 5 74 69 77
12 16 63 19 52 33
12 17 47 75 37 53
12 18 11 90 53 86
12 19 27 79 42 57
12 20 82 42 52 25
12 21 10 87 54 87
12 22 14 88 59 48
12 23 95 15 43 12
12 24 37 73 63 39
12 25 3 48 84 91
12 26 5 83 79 83
12 27 63 37 26 22
12 28 34 67 57 34
12 29 29 75 73 48
13 14 99 20 9 19
13 15 92 11 7 32
13 16 54 23 62 63
13 17 60 31 29 39
13 18 15 84 91 62
13 19 62 54 32 46
13 20 28 66 42 42
13 21 33 66 58 37
13 22 62 45 24 67
13 23 76 33 40 60
13 24 59 46 26 27
13 25 49 39 50 31
13 26 1 89 92 84
13 27 50 58 48 33
13 28 23 48 45 45
13 29 46 62 61 71
14 15 40 69 46 56
14 16 8 82 77 92
14 17 34 70 49 47
14 18 2 76 57 85
14 19 4 79 74 94
14 20 43 76 74 55
14 21 10 45 56 69
14 22 83 43 24 24
14 23 99 4 37 37
14 24 58 54 23 32
14 25 72 22 61 45
14 26 42 45 69 56
14 27 97 14 35 26
14 28 88 43 38 42
14 29 19 65 86 46
15 16 75 36 43 25
15 17 90 44 38 50
15 18 74 59 57 39
15 19 7 85 81 66
15 20 27 84 71 55
15 21 69 23 30 28
15 22 77 27 54 32
15 23 49 44 28 29
15 24 29 61 74 45
15 25 99 4 32 18
15 26 67 60 39 17
15 27 76 33 13 15
15 28 76 53 49 21
15 29 7 65 55 90
16 17 88 29 23 30
16 18 35 33 51 47
16 19 12 73 55 44
16 20 5 86 66 67
16 21 86 7 21 39
16 22 70 47 21 35
16 23 94 41 9 51
16 24 29 37 66 48
16 25 48 67 54 53
16 26 55 57 57 39
16 27 15 55 75 71
16 28 7 74 59 89
16 29 70 44 59 26
17 18 95 10 23 7
17 19 55 49 66 67
17 20 9 94 59 83
17 21 91 22 12 49
17 22 47 42 71 74
17 23 95 8 5 21
17 24 61 43 45 66
17 25 48 61 44 50
17 26 93 7 40 49
17 27 30 39 52 78
17 28 12 93 88 57
17 29 81 26 38 17
18 19 41 72 39 35
18 20 5 87 48 56
18 21 20 54 72 63
18 22 7 84 82 75
18 23 61 65 43 53
18 24 59 41 23 45
18 25 79 19 37 27
18 26 38 65 33 64
18 27 34 44 49 57
18 28 34 48 60 72
18 29 98 41 16 45
19 20 48 48 69 42
19 21 61 26 47 20
19 22 46 75 35 32
19 23 75 28 34 49
19 24 48 43 38 71
19 25 22 59 57 43
19 26 38 74 37 38
19 27 35 67 35 35
19 28 93 37 4 18
19 29 42 48 32 66
20 21 11 61 61 60
20 22 5 72 91 58
20 23 62 34 19 68
20 24 90 20 19 54
20 25 25 49 68 40
20 26 57 51 62 47
20 27 42 68 30 38
20 28 89 45 32 26
20 29 49 46 64 53
21 22 83 8 25 34
21 23 97 28 23 37
21 24 4 70 63 91
21 25 47 29 44 32
21 26 86 53 34 34
21 27 41 58 66 34
21 28 62 37 29 59
21 29 96 35 9 16
22 23 97 29 4 13
22 24 97 42 3 45
22 25 40 40 30 72
22 26 54 39 51 71
22 27 85 23 29 48
22 28 1 69 82 64
22 29 26 58 46 79
23 24 56 36 30 30
23 25 81 19 40 22
23 26 36 52 33 65
23 27 28 42 79 66
23 28 34 35 60 58
23 29 77 19 27 42
24 25 58 27 31 37
24 26 52 31 58 57
24 27 10 83 92 78
24 28 4 82 53 62
24 29 9 53 59 85
25 26 3 49 86 64
25 27 89 12 19 19
25 28 36 36 68 62
25 29 23 47 50 88
26 27 94 43 52 41
26 28 49 27 41 40
26 29 76 57 22 23
27 28 7 52 73 87
27 29 58 61 55 32
28 29 37 55 56 62
