33
0 1 25 66 72 74
0 2 17 78 75 77
0 3 50 54 48 44
0 4 61 41 39 35
0 5 48 51 45 54
0 6 82 28 14 25
0 7 26 74 65 70
0 8 89 22 15 9
0 9 29 72 70 71
0 10 5 95 92 94
0 11 60 44 38 36
0 12 5 82 91 84
0 13 67 38 42 41
0 14 32 67 64 63
0 15 75 27 27 26
0 16 40 64 61 60
0 17 97 3 9 14
0 18 98 11 10 3
0 19 29 74 67 64
0 20 11 87 75 75
0 21 42 53 50 56
0 22 88 12 24 18
0 23 9 78 89 81
0 24 64 43 40 39
0 25 35 60 55 61
0 26 76 29 24 31
0 27 39 64 54 52
0 28 13 83 80 85
0 29 50 56 45 45
0 30 51 54 43 42
0 31 14 76 74 79
0 32 33 70 70 66
1 2 3 95 89 92
1 3 59 41 45 39
1 4 17 79 82 83
1 5 49 43 53 52
1 6 35 66 59 55
1 7 38 61 54 58
1 8 20 78 82 70
1 9 70 28 35 32
1 10 73 27 27 33
1 11 68 37 35 34
1 12 92 13 15 17
1 13 13 79 87 80
1 14 13 81 77 74
1 15 86 22 15 14
1 16 74 24 25 35
1 17 65 39 31 32
1 18 61 45 35 35
1 19 12 77 84 77
1 20 93 14 10 15
1 21 76 28 27 25
1 22 84 27 22 19
1 23 76 33 24 34
1 24 74 26 28 32
1 25 41 62 58 52
1 26 15 73 78 83
1 27 34 58 60 63
1 28 63 31 40 38
1 29 36 64 58 54
1 30 43 59 56 59
1 31 30 66 66 72
1 32 38 54 60 57
2 3 25 67 77 67
2 4 23 74 78 70
2 5 4 82 86 96
2 6 31 71 60 60
2 7 76 27 26 22
2 8 1 91 88 97
2 9 26 68 74 75
2 10 82 17 26 16
2 11 22 77 73 73
2 12 18 81 72 80
2 13 98 5 5 12
2 14 1 89 87 98
2 15 2 84 91 88
2 16 19 77 76 80
2 17 77 26 31 26
2 18 15 83 74 79
2 19 18 84 70 73
2 20 2 95 90 86
2 21 22 72 70 67
2 22 16 72 73 81
2 23 34 59 57 58
2 24 65 38 39 43
2 25 36 57 65 65
2 26 7 88 81 90
2 27 28 68 63 67
2 28 41 63 58 51
2 29 52 52 42 51
2 30 34 62 69 68
2 31 33 62 64 62
2 32 73 27 24 28
3 4 99 14 9 4
3 5 95 4 15 16
3 6 31 68 65 67
3 7 11 79 87 90
3 8 40 56 61 50
3 9 72 33 34 38
3 10 7 91 81 85
3 11 68 32 31 39
3 12 8 90 79 92
3 13 34 56 56 57
3 14 27 74 63 63
3 15 32 71 65 59
3 16 54 49 50 45
3 17 47 52 45 45
3 18 67 30 32 37
3 19 7 85 84 83
3 20 34 64 56 66
3 21 40 53 53 63
3 22 47 56 55 51
3 23 86 16 16 16
3 24 69 39 32 40
3 25 98 11 9 10
3 26 77 34 25 24
3 27 58 46 39 45
3 28 87 12 22 13
3 29 80 19 17 25
3 30 5 90 81 86
3 31 86 22 25 25
3 32 28 70 69 73
4 5 82 19 17 25
4 6 59 46 35 38
4 7 61 44 44 33
4 8 41 51 51 51
4 9 3 94 86 93
4 10 17 70 72 80
4 11 55 51 43 40
4 12 76 31 23 33
4 13 29 61 70 68
4 14 91 19 13 8
4 15 76 25 21 23
4 16 97 8 8 16
4 17 59 47 45 43
4 18 95 14 12 18
4 19 24 65 65 68
4 20 58 36 49 40
4 21 4 86 93 84
4 22 15 73 75 71
4 23 58 35 35 36
4 24 75 26 29 35
4 25 3 87 84 83
4 26 29 69 67 63
4 27 43 59 51 62
4 28 43 49 55 59
4 29 19 79 82 78
4 30 47 51 55 53
4 31 50 55 54 56
4 32 7 92 86 91
5 6 9 86 87 80
5 7 18 71 79 73
5 8 87 13 14 20
5 9 12 83 86 87
5 10 57 40 43 36
5 11 31 69 61 67
5 12 1 86 88 92
5 13 88 13 20 15
5 14 96 3 14 9
5 15 52 49 50 50
5 16 98 12 8 1
5 17 37 59 53 62
5 18 34 59 66 69
5 19 4 88 83 92
5 20 7 91 81 85
5 21 70 39 36 29
5 22 45 49 57 54
5 23 98 15 7 13
5 24 93 5 5 12
5 25 66 36 34 32
5 26 65 42 35 43
5 27 57 43 50 38
5 28 12 80 83 82
5 29 18 76 82 78
5 30 90 10 11 20
5 31 73 25 27 23
5 32 24 75 67 68
6 7 74 25 34 23
6 8 43 48 58 62
6 9 94 7 4 12
6 10 30 59 68 59
6 11 86 21 25 15
6 12 46 54 55 54
6 13 73 29 29 32
6 14 9 86 79 91
6 15 86 12 23 21
6 16 39 52 55 65
6 17 97 17 6 12
6 18 51 42 43 48
6 19 20 67 82 69
6 20 55 46 46 39
6 21 69 28 37 36
6 22 97 3 13 8
6 23 16 77 70 75
6 24 96 9 10 14
6 25 18 74 73 72
6 26 97 16 9 6
6 27 61 44 46 41
6 28 82 26 16 24
6 29 81 17 26 16
6 30 85 22 17 25
6 31 36 59 63 55
6 32 7 79 84 91
7 8 2 97 93 83
7 9 90 21 10 20
7 10 94 9 8 10
7 11 78 26 19 20
7 12 6 83 92 94
7 13 22 67 73 80
7 14 68 30 35 41
7 15 68 36 40 32
7 16 57 44 49 38
7 17 45 48 52 59
7 18 19 80 79 79
7 19 70 36 35 26
7 20 18 78 75 73
7 21 89 15 22 17
7 22 93 19 13 12
7 23 70 36 27 26
7 24 11 87 87 83
7 25 82 18 15 21
7 26 59 41 46 47
7 27 68 29 33 40
7 28 84 16 27 22
7 29 51 51 49 49
7 30 93 11 8 13
7 31 17 83 82 79
7 32 77 26 20 22
8 9 73 36 23 34
8 10 99 12 6 4
8 11 81 19 24 16
8 12 79 25 26 26
8 13 12 76 77 81
8 14 52 42 53 44
8 15 84 27 19 25
8 16 31 69 63 60
8 17 56 37 48 48
8 18 12 77 82 80
8 19 72 35 36 32
8 20 95 4 15 8
8 21 86 19 24 19
8 22 20 80 68 67
8 23 3 88 92 87
8 24 12 85 79 78
8 25 77 32 21 27
8 26 49 51 54 50
8 27 41 49 63 58
8 28 8 89 86 83
8 29 34 58 60 68
8 30 13 87 81 83
8 31 46 55 46 55
8 32 70 28 34 32
9 10 51 50 53 41
9 11 2 84 86 96
9 12 55 45 42 38
9 13 30 65 64 60
9 14 63 44 45 38
9 15 63 31 35 44
9 16 95 16 17 7
9 17 17 80 70 73
9 18 22 75 72 73
9 19 13 81 79 84
9 20 67 37 35 36
9 21 86 14 24 22
9 22 68 34 33 40
9 23 27 63 64 68
9 24 90 11 11 14
9 25 61 38 42 44
9 26 98 8 2 4
9 27 88 15 11 13
9 28 42 62 61 63
9 29 28 67 61 70
9 30 10 76 86 89
9 31 26 67 67 67
9 32 17 84 82 84
10 11 40 64 57 62
10 12 90 8 9 14
10 13 23 66 78 68
10 14 18 83 81 69
10 15 35 68 64 59
10 16 33 64 71 62
10 17 70 29 37 35
10 18 45 53 51 61
10 19 98 1 7 9
10 20 46 48 53 52
10 21 9 86 87 90
10 22 4 89 86 89
10 23 61 41 40 33
10 24 25 70 67 74
10 25 59 37 47 45
10 26 7 84 83 91
10 27 65 42 29 29
10 28 93 7 19 19
10 29 38 56 56 55
10 30 15 80 82 76
10 31 71 24 29 26
10 32 21 77 69 71
11 12 56 42 40 37
11 13 96 6 6 12
11 14 92 8 20 13
11 15 15 84 79 75
11 16 66 42 40 34
11 17 7 85 82 87
11 18 12 85 77 76
11 19 29 72 65 73
11 20 26 72 62 68
11 21 58 45 41 47
11 22 75 22 32 35
11 23 6 82 90 93
11 24 63 34 37 44
11 25 20 67 78 71
11 26 73 28 37 26
11 27 55 43 38 38
11 28 33 70 57 57
11 29 14 75 76 79
11 30 8 89 78 87
11 31 81 17 24 15
11 32 9 91 82 81
12 13 10 81 79 78
12 14 0 97 87 84
12 15 46 50 59 57
12 16 6 82 93 82
12 17 2 97 87 93
12 18 85 12 13 26
12 19 40 51 59 56
12 20 9 78 84 86
12 21 85 13 22 20
12 22 72 33 28 34
12 23 7 83 87 88
12 24 41 53 53 52
12 25 50 41 43 47
12 26 13 79 74 78
12 27 21 81 75 80
12 28 37 61 60 62
12 29 55 38 50 42
12 30 50 54 44 53
12 31 53 39 51 47
12 32 79 30 30 32
13 14 79 27 28 28
13 15 16 72 78 76
13 16 64 31 30 30
13 17 62 32 44 43
13 18 45 49 55 49
13 19 62 39 40 35
13 20 23 78 66 71
13 21 74 36 35 34
13 22 59 44 43 43
13 23 49 43 56 43
13 24 0 89 92 90
13 25 81 24 22 30
13 26 93 18 7 17
13 27 10 90 77 89
13 28 57 48 46 49
13 29 49 43 44 57
13 30 93 19 16 10
13 31 15 71 84 72
13 32 48 47 48 46
14 15 78 29 22 30
14 16 29 70 73 67
14 17 23 68 76 77
14 18 16 75 78 73
14 19 40 55 62 54
14 20 97 9 15 6
14 21 65 32 32 38
14 22 6 93 79 80
14 23 1 86 97 86
14 24 42 56 56 61
14 25 80 22 20 21
14 26 3 84 85 86
14 27 46 51 49 46
14 28 40 62 54 60
14 29 46 59 55 58
14 30 79 24 19 31
14 31 24 69 73 70
14 32 80 24 31 23
15 16 43 53 49 57
15 17 24 78 71 78
15 18 87 23 25 24
15 19 22 73 79 75
15 20 78 24 19 26
15 21 72 32 23 30
15 22 8 78 79 86
15 23 80 31 26 24
15 24 12 79 87 82
15 25 55 43 50 43
15 26 73 31 23 35
15 27 65 30 32 40
15 28 89 12 10 22
15 29 45 53 50 51
15 30 18 81 73 71
15 31 22 69 67 71
15 32 38 53 53 62
16 17 61 41 36 39
16 18 85 22 17 26
16 19 71 26 37 25
16 20 54 47 40 48
16 21 63 42 41 35
16 22 84 23 24 26
16 23 89 11 20 12
16 24 26 72 68 75
16 25 99 15 2 1
16 26 13 82 82 75
16 27 85 22 18 16
16 28 71 38 30 37
16 29 40 62 56 58
16 30 0 85 91 93
16 31 43 61 54 56
16 32 38 56 67 60
17 18 10 90 80 90
17 19 65 43 42 42
17 20 95 4 16 16
17 21 90 20 18 18
17 22 28 71 67 61
17 23 44 48 59 60
17 24 36 65 65 56
17 25 23 70 71 76
17 26 52 53 52 49
17 27 73 29 32 32
17 28 87 18 16 13
17 29 69 31 35 34
17 30 40 62 65 52
17 31 65 29 38 41
17 32 47 58 56 47
18 19 71 32 34 33
18 20 68 37 40 34
18 21 74 35 23 35
18 22 92 15 18 7
18 23 18 79 80 74
18 24 87 13 24 13
18 25 67 29 33 40
18 26 89 20 10 18
18 27 44 47 55 58
18 28 51 42 43 55
18 29 60 36 37 35
18 30 62 43 33 36
18 31 52 43 46 43
18 32 21 73 68 73
19 20 39 57 58 56
19 21 51 41 53 53
19 22 27 61 73 74
19 23 78 28 25 19
19 24 71 38 24 30
19 25 94 15 8 8
19 26 8 83 89 83
19 27 22 80 79 73
19 28 94 6 10 6
19 29 17 84 76 82
19 30 74 28 34 30
19 31 21 77 71 71
19 32 35 65 58 54
20 21 66 41 32 42
20 22 67 31 40 33
20 23 28 64 63 75
20 24 11 85 77 77
20 25 16 83 78 73
20 26 47 56 59 47
20 27 61 46 33 37
20 28 55 47 46 46
20 29 94 5 6 5
20 30 75 33 27 25
20 31 12 89 80 77
20 32 8 85 85 87
21 22 25 74 76 73
21 23 46 50 52 56
21 24 20 68 70 74
21 25 76 32 31 23
21 26 59 35 43 41
21 27 95 8 7 16
21 28 66 36 31 34
21 29 21 76 72 80
21 30 77 24 20 25
21 31 4 90 88 91
21 32 62 39 45 40
22 23 44 51 48 59
22 24 4 92 86 90
22 25 8 82 82 86
22 26 43 59 50 57
22 27 36 65 67 64
22 28 63 37 38 34
22 29 26 64 73 73
22 30 88 21 16 14
22 31 64 31 33 31
22 32 31 68 69 61
23 24 52 47 43 47
23 25 3 94 94 87
23 26 68 39 34 36
23 27 57 45 49 50
23 28 19 72 75 79
23 29 58 37 44 46
23 30 84 14 14 14
23 31 94 10 15 15
23 32 8 87 91 78
24 25 86 14 13 19
24 26 84 25 27 21
24 27 76 27 32 29
24 28 5 92 83 90
24 29 41 53 50 51
24 30 43 49 59 48
24 31 36 59 55 54
24 32 38 59 62 55
25 26 85 12 20 24
25 27 91 12 12 19
25 28 79 20 21 27
25 29 20 73 80 74
25 30 94 7 15 11
25 31 55 40 43 39
25 32 59 38 37 46
26 27 15 85 86 72
26 28 62 46 40 42
26 29 54 43 45 42
26 30 37 63 61 57
26 31 76 20 21 25
26 32 70 33 25 25
27 28 2 88 97 85
27 29 3 91 95 86
27 30 85 25 22 15
27 31 11 89 84 84
27 32 7 85 93 80
28 29 91 17 9 17
28 30 53 41 41 47
28 31 1 86 95 83
28 32 68 33 39 27
29 30 63 42 42 42
29 31 23 65 67 73
29 32 32 66 66 61
30 31 77 29 22 24
30 32 15 80 78 81
31 32 60 34 48 45
