33
0 1 2 75 93 68
0 2 57 69 57 22
0 3 50 67 29 35
0 4 48 31 46 69
0 5 78 17 31 26
0 6 95 41 27 39
0 7 46 41 75 34
0 8 76 42 59 55
0 9 7 58 46 54
0 10 16 68 78 83
0 11 49 53 41 73
0 12 32 43 80 50
0 13 78 37 13 53
0 14 87 21 53 35
0 15 34 77 64 77
0 16 61 62 38 44
0 17 11 60 68 50
0 18 91 17 8 8
0 19 70 15 30 62
0 20 64 60 48 47
0 21 47 56 26 38
0 22 2 67 73 55
0 23 85 46 54 47
0 24 24 75 62 66
0 25 25 71 50 70
0 26 46 31 56 41
0 27 20 60 73 80
0 28 23 68 49 53
0 29 55 33 31 33
0 30 9 48 87 69
0 31 85 43 45 35
0 32 90 48 44 14
1 2 12 69 84 81
1 3 25 61 38 84
1 4 62 20 36 30
1 5 83 16 42 11
1 6 96 39 27 7
1 7 67 34 28 33
1 8 45 56 69 66
1 9 0 77 60 89
1 10 96 15 39 26
1 11 56 27 60 51
1 12 3 61 61 87
1 13 15 70 75 92
1 14 88 44 26 11
1 15 67 21 53 53
1 16 0 91 96 88
1 17 33 60 71 74
1 18 84 48 21 18
1 19 59 36 38 32
1 20 72 63 46 58
1 21 20 72 78 63
1 22 7 54 68 87
1 23 57 40 26 57
1 24 3 49 85 85
1 25 78 42 45 22
1 26 91 43 46 52
1 27 82 47 30 19
1 28 89 29 26 12
1 29 60 40 57 54
1 30 89 7 28 49
1 31 74 55 45 62
1 32 41 40 43 60
2 3 55 70 35 60
2 4 99 48 39 42
2 5 63 55 41 66
2 6 35 80 45 54
2 7 88 22 16 15
2 8 5 68 96 48
2 9 55 31 52 61
2 10 27 74 42 50
2 11 19 77 42 52
2 12 50 52 63 34
2 13 51 62 55 42
2 14 46 72 66 42
2 15 33 77 75 73
2 16 61 41 51 61
2 17 84 25 53 43
2 18 7 88 78 64
2 19 90 46 46 48
2 20 36 66 34 54
2 21 19 84 58 75
2 22 9 91 92 52
2 23 17 41 42 74
2 24 60 47 66 68
2 25 76 35 17 36
2 26 1 64 92 67
2 27 61 19 24 66
2 28 72 43 56 46
2 29 58 51 25 37
2 30 57 54 70 28
2 31 69 64 57 37
2 32 48 26 37 64
3 4 25 41 54 56
3 5 13 81 57 75
3 6 40 54 41 65
3 7 19 52 86 87
3 8 37 45 61 68
3 9 50 32 31 40
3 10 16 49 81 49
3 11 11 71 83 44
3 12 41 76 33 43
3 13 1 51 98 70
3 14 68 53 19 29
3 15 46 54 39 29
3 16 7 93 95 63
3 17 81 52 52 25
3 18 70 52 40 46
3 19 88 13 32 7
3 20 58 66 68 41
3 21 88 41 14 17
3 22 38 77 56 43
3 23 5 53 89 65
3 24 76 42 30 36
3 25 16 71 58 48
3 26 99 32 10 37
3 27 62 19 44 59
3 28 72 15 47 17
3 29 60 65 44 65
3 30 34 43 68 39
3 31 5 67 87 81
3 32 67 65 65 63
4 5 30 41 53 76
4 6 25 49 69 38
4 7 73 54 14 26
4 8 60 23 65 27
4 9 80 20 15 35
4 10 0 92 88 53
4 11 81 53 39 42
4 12 18 45 73 67
4 13 15 86 62 65
4 14 97 24 40 20
4 15 10 71 63 57
4 16 47 30 35 62
4 17 94 40 46 29
4 18 98 28 31 49
4 19 80 38 10 13
4 20 24 54 51 53
4 21 8 50 69 67
4 22 81 29 38 52
4 23 40 71 67 57
4 24 47 74 55 61
4 25 61 24 48 62
4 26 21 42 50 85
4 27 71 53 17 30
4 28 34 69 61 43
4 29 30 34 62 44
4 30 26 53 51 74
4 31 93 37 42 47
4 32 44 49 60 68
5 6 43 48 70 36
5 7 79 42 45 22
5 8 78 34 33 26
5 9 67 37 27 63
5 10 86 45 10 33
5 11 56 29 26 36
5 12 22 87 52 45
5 13 54 50 67 56
5 14 33 64 69 70
5 15 31 73 67 65
5 16 15 51 89 77
5 17 34 54 58 60
5 18 77 46 33 28
5 19 56 26 69 65
5 20 23 38 85 43
5 21 77 32 16 61
5 22 79 37 38 52
5 23 22 63 80 80
5 24 56 57 67 42
5 25 72 62 43 53
5 26 97 41 26 34
5 27 10 70 80 72
5 28 10 89 71 58
5 29 89 46 43 27
5 30 73 19 33 50
5 31 19 85 58 80
5 32 73 19 56 25
6 7 77 12 30 43
6 8 76 26 12 31
6 9 17 49 53 82
6 10 81 27 29 43
6 11 92 50 33 38
6 12 40 71 71 71
6 13 65 64 59 47
6 14 22 85 73 78
6 15 60 68 27 38
6 16 87 15 34 42
6 17 78 33 21 29
6 18 28 49 75 74
6 19 0 77 90 78
6 20 31 49 44 70
6 21 68 18 57 63
6 22 27 57 48 63
6 23 12 84 78 87
6 24 3 50 55 59
6 25 29 59 74 49
6 26 27 52 38 58
6 27 43 48 51 70
6 28 46 41 60 30
6 29 6 81 93 80
6 30 48 30 44 58
6 31 13 58 87 71
6 32 80 55 57 53
7 8 24 78 67 45
7 9 7 70 53 79
7 10 92 44 42 44
7 11 31 78 59 49
7 12 90 33 19 18
7 13 59 48 41 51
7 14 86 46 9 53
7 15 48 62 28 73
7 16 89 22 14 53
7 17 5 62 95 64
7 18 10 55 86 51
7 19 58 30 61 24
7 20 51 29 45 43
7 21 77 40 19 24
7 22 63 63 23 26
7 23 47 62 28 54
7 24 51 24 60 60
7 25 57 62 37 41
7 26 1 90 62 83
7 27 28 62 69 81
7 28 23 87 80 43
7 29 14 73 54 66
7 30 87 25 30 17
7 31 52 25 43 34
7 32 53 38 50 61
8 9 78 28 36 19
8 10 56 64 45 38
8 11 11 90 63 80
8 12 39 55 47 37
8 13 41 48 52 51
8 14 11 88 58 72
8 15 50 60 42 42
8 16 48 68 73 71
8 17 23 49 38 84
8 18 7 47 62 92
8 19 80 10 49 11
8 20 86 26 52 25
8 21 75 35 59 21
8 22 87 19 47 34
8 23 1 73 82 70
8 24 90 27 33 26
8 25 98 35 48 43
8 26 81 25 43 50
8 27 2 93 84 95
8 28 73 13 43 48
8 29 36 43 43 58
8 30 46 71 42 75
8 31 73 53 31 58
8 32 69 56 39 42
9 10 25 49 63 86
9 11 58 46 37 37
9 12 69 32 40 45
9 13 28 85 74 70
9 14 58 33 45 56
9 15 5 61 97 54
9 16 32 58 51 70
9 17 30 75 73 45
9 18 12 93 53 55
9 19 63 43 32 34
9 20 44 53 57 33
9 21 46 45 67 60
9 22 19 88 44 64
9 23 45 67 71 33
9 24 21 67 86 53
9 25 6 77 87 79
9 26 25 79 41 81
9 27 68 20 19 35
9 28 61 69 69 56
9 29 89 7 17 18
9 30 11 49 47 48
9 31 72 23 24 52
9 32 39 74 74 33
10 11 77 27 40 21
10 12 64 40 19 39
10 13 78 59 26 58
10 14 93 40 46 37
10 15 50 44 71 26
10 16 2 59 70 62
10 17 5 86 50 63
10 18 24 56 63 75
10 19 75 15 13 50
10 20 84 44 23 46
10 21 52 24 43 38
10 22 7 90 75 83
10 23 18 65 84 70
10 24 70 21 52 29
10 25 91 5 5 29
10 26 16 56 81 52
10 27 73 39 62 16
10 28 71 37 17 63
10 29 38 45 48 37
10 30 20 46 84 79
10 31 36 52 42 57
10 32 52 26 42 65
11 12 9 86 88 50
11 13 97 39 8 12
11 14 47 46 70 27
11 15 33 34 36 55
11 16 11 49 80 86
11 17 17 54 88 57
11 18 56 68 28 24
11 19 49 71 26 67
11 20 84 12 23 36
11 21 82 55 21 37
11 22 35 45 73 81
11 23 34 36 37 74
11 24 78 44 37 50
11 25 44 71 35 45
11 26 17 55 57 54
11 27 95 16 9 30
11 28 54 67 38 23
11 29 46 37 75 46
11 30 64 54 65 51
11 31 23 42 66 75
11 32 85 48 21 14
12 13 80 17 14 39
12 14 74 28 25 32
12 15 40 40 39 75
12 16 73 46 41 13
12 17 53 65 71 63
12 18 71 59 43 60
12 19 66 39 21 59
12 20 41 67 71 36
12 21 81 51 38 17
12 22 9 62 80 76
12 23 59 48 53 53
12 24 13 69 91 51
12 25 62 33 37 23
12 26 41 66 45 62
12 27 75 51 40 21
12 28 47 74 69 54
12 29 66 20 17 23
12 30 19 78 88 68
12 31 26 51 45 52
12 32 81 9 47 56
13 14 26 63 51 56
13 15 38 79 68 60
13 16 45 59 45 33
13 17 94 30 18 29
13 18 87 54 54 32
13 19 36 63 56 48
13 20 55 34 41 65
13 21 50 37 55 44
13 22 57 39 27 31
13 23 67 57 38 60
13 24 16 64 44 85
13 25 11 80 94 67
13 26 21 56 58 58
13 27 98 4 24 8
13 28 16 54 51 65
13 29 50 30 32 55
13 30 68 32 58 57
13 31 95 3 3 12
13 32 0 82 92 87
14 15 30 46 44 48
14 16 29 43 42 38
14 17 43 38 72 61
14 18 72 62 24 61
14 19 25 72 53 71
14 20 94 7 47 22
14 21 50 52 51 58
14 22 84 16 45 40
14 23 4 67 51 94
14 24 18 60 84 75
14 25 53 33 48 23
14 26 9 78 84 57
14 27 7 51 60 60
14 28 28 67 58 75
14 29 83 57 35 23
14 30 11 79 84 73
14 31 17 49 57 75
14 32 80 14 34 48
15 16 11 72 73 77
15 17 24 44 41 48
15 18 46 69 66 29
15 19 93 21 35 48
15 20 30 69 41 68
15 21 87 47 25 43
15 22 8 72 79 75
15 23 93 30 52 43
15 24 24 51 48 38
15 25 26 53 84 68
15 26 12 49 91 49
15 27 26 85 80 59
15 28 71 22 59 52
15 29 33 46 63 77
15 30 10 69 64 58
15 31 12 63 64 83
15 32 92 12 43 14
16 17 38 53 46 63
16 18 59 46 50 68
16 19 43 63 42 76
16 20 61 57 19 39
16 21 58 64 47 28
16 22 44 77 30 34
16 23 9 87 94 68
16 24 40 54 42 68
16 25 47 33 41 50
16 26 44 34 32 29
16 27 69 56 17 31
16 28 85 42 28 25
16 29 62 23 64 47
16 30 20 60 54 78
16 31 22 52 54 46
16 32 26 62 85 52
17 18 9 86 47 49
17 19 73 13 39 52
17 20 43 56 70 67
17 21 8 63 64 82
17 22 20 43 81 65
17 23 58 24 69 52
17 24 99 46 23 27
17 25 76 53 29 31
17 26 53 31 47 47
17 27 72 37 15 54
17 28 90 51 12 38
17 29 75 47 42 46
17 30 50 35 41 68
17 31 36 36 76 46
17 32 72 38 49 25
18 19 11 47 62 79
18 20 49 69 40 51
18 21 71 59 30 34
18 22 13 82 72 80
18 23 58 44 47 31
18 24 35 33 71 78
18 25 96 4 11 45
18 26 97 49 43 1
18 27 87 19 45 27
18 28 64 61 28 21
18 29 13 85 78 48
18 30 4 59 86 76
18 31 25 59 63 46
18 32 60 63 56 50
19 20 4 75 58 79
19 21 97 24 10 27
19 22 18 69 66 51
19 23 7 76 48 48
19 24 38 60 40 71
19 25 16 89 55 70
19 26 8 75 55 88
19 27 65 34 53 52
19 28 36 48 34 61
19 29 49 70 29 70
19 30 27 84 66 45
19 31 86 23 33 25
19 32 53 32 34 32
20 21 44 31 46 37
20 22 7 80 95 88
20 23 23 54 40 78
20 24 0 53 62 85
20 25 4 70 96 61
20 26 18 66 87 81
20 27 86 23 37 26
20 28 16 46 84 84
20 29 19 61 49 83
20 30 55 42 64 47
20 31 55 31 36 60
20 32 67 59 40 41
21 22 74 55 45 32
21 23 93 4 22 33
21 24 91 23 4 51
21 25 41 64 65 30
21 26 48 26 71 55
21 27 15 58 51 52
21 28 87 10 13 37
21 29 70 43 57 45
21 30 16 62 57 88
21 31 20 63 55 53
21 32 1 74 72 56
22 23 80 11 15 50
22 24 48 29 41 43
22 25 74 41 14 45
22 26 30 78 52 65
22 27 36 34 44 73
22 28 28 68 76 71
22 29 1 56 67 92
22 30 19 64 81 85
22 31 93 29 32 39
22 32 67 44 21 59
23 24 41 57 71 59
23 25 96 4 45 10
23 26 39 42 60 70
23 27 40 52 46 55
23 28 12 49 64 45
23 29 89 26 19 30
23 30 15 84 51 89
23 31 85 44 39 40
23 32 60 53 33 51
24 25 64 37 61 32
24 26 16 55 58 44
24 27 97 7 28 24
24 28 35 46 74 40
24 29 11 45 92 76
24 30 69 22 63 35
24 31 27 62 46 58
24 32 67 36 17 16
25 26 62 60 50 56
25 27 22 43 55 82
25 28 26 37 83 41
25 29 48 28 27 55
25 30 88 26 30 24
25 31 29 41 67 49
25 32 62 38 60 54
26 27 54 53 47 43
26 28 94 18 7 36
26 29 80 20 12 19
26 30 19 66 87 47
26 31 56 42 61 42
26 32 62 51 26 33
27 28 47 69 68 42
27 29 57 70 59 61
27 30 46 44 70 48
27 31 33 65 67 71
27 32 3 49 87 92
28 29 26 58 45 46
28 30 22 58 74 46
28 31 16 88 44 54
28 32 23 63 60 82
29 30 67 27 25 60
29 31 30 49 35 64
29 32 41 31 58 52
30 31 4 86 55 86
30 32 78 27 39 45
31 32 75 41 46 22
