35
0 1 96 9 41 46
0 2 26 86 50 28
0 3 98 21 63 5
0 4 22 23 50 52
0 5 68 16 21 67
0 6 65 73 11 84
0 7 97 64 25 30
0 8 96 45 28 35
0 9 43 59 73 82
0 10 18 68 56 86
0 11 88 70 16 9
0 12 3 62 56 66
0 13 38 40 36 14
0 14 95 12 3 2
0 15 94 11 57 13
0 16 5 79 61 62
0 17 14 67 91 43
0 18 26 66 75 68
0 19 43 38 13 59
0 20 35 17 44 72
0 21 26 77 23 17
0 22 63 58 64 51
0 23 94 59 62 10
0 24 49 11 37 60
0 25 51 20 60 42
0 26 5 64 38 35
0 27 94 13 19 52
0 28 7 56 28 75
0 29 6 31 52 73
0 30 44 73 84 58
0 31 35 83 55 60
0 32 61 66 70 37
0 33 31 81 36 92
0 34 59 35 67 26
1 2 33 24 79 13
1 3 71 38 69 44
1 4 16 68 85 91
1 5 14 90 61 88
1 6 59 35 70 23
1 7 21 31 35 45
1 8 10 69 82 87
1 9 33 77 88 62
1 10 99 79 16 19
1 11 17 51 91 69
1 12 37 29 14 22
1 13 58 28 9 32
1 14 87 17 38 60
1 15 71 84 35 35
1 16 12 34 43 96
1 17 31 25 71 86
1 18 43 42 84 44
1 19 92 66 55 20
1 20 61 79 67 56
1 21 85 51 20 45
1 22 0 94 75 90
1 23 21 92 70 24
1 24 72 32 13 48
1 25 29 66 54 66
1 26 56 63 27 47
1 27 93 72 51 29
1 28 61 51 62 20
1 29 17 25 95 81
1 30 99 2 41 34
1 31 55 55 13 74
1 32 13 19 93 61
1 33 28 22 90 16
1 34 89 64 51 24
2 3 25 78 40 42
2 4 25 17 41 49
2 5 25 45 67 55
2 6 23 17 46 55
2 7 43 33 19 71
2 8 16 24 75 88
2 9 81 81 21 67
2 10 87 66 74 52
2 11 99 50 41 45
2 12 84 17 64 25
2 13 99 49 6 75
2 14 39 32 27 67
2 15 39 27 25 85
2 16 69 84 32 23
2 17 85 82 33 69
2 18 9 36 91 28
2 19 43 56 22 42
2 20 38 49 44 27
2 21 53 56 22 59
2 22 90 5 7 22
2 23 67 37 23 84
2 24 30 60 83 23
2 25 94 56 5 6
2 26 54 53 56 31
2 27 2 22 20 92
2 28 54 79 23 27
2 29 38 39 34 85
2 30 33 81 51 66
2 31 22 86 68 17
2 32 28 22 68 81
2 33 0 68 87 89
2 34 12 79 78 44
3 4 57 74 12 46
3 5 22 56 93 69
3 6 31 54 87 24
3 7 52 31 49 44
3 8 53 31 37 85
3 9 20 17 81 93
3 10 58 59 53 39
3 11 96 78 27 46
3 12 34 64 79 13
3 13 95 76 26 64
3 14 0 80 35 40
3 15 72 74 19 38
3 16 98 53 58 31
3 17 12 65 50 67
3 18 53 82 17 54
3 19 38 27 62 84
3 20 90 81 44 33
3 21 53 66 38 78
3 22 44 89 23 29
3 23 46 24 61 88
3 24 51 20 74 37
3 25 68 25 6 81
3 26 25 79 67 82
3 27 99 31 60 52
3 28 78 34 12 16
3 29 41 51 82 38
3 30 75 36 47 16
3 31 37 36 21 85
3 32 29 59 81 39
3 33 48 53 54 90
3 34 86 29 39 67
4 5 13 43 86 92
4 6 52 77 86 13
4 7 61 57 70 87
4 8 66 86 6 52
4 9 7 27 65 87
4 10 90 18 30 32
4 11 21 61 43 92
4 12 86 79 47 45
4 13 10 48 55 73
4 14 21 59 53 77
4 15 34 21 49 37
4 16 37 39 53 21
4 17 13 23 72 40
4 18 42 19 41 21
4 19 29 42 76 62
4 20 65 70 59 35
4 21 34 55 41 24
4 22 66 52 43 17
4 23 33 72 36 64
4 24 0 78 25 32
4 25 18 95 51 55
4 26 41 81 13 44
4 27 2 95 85 19
4 28 8 47 59 88
4 29 89 24 73 17
4 30 90 67 25 58
4 31 35 29 50 82
4 32 70 16 44 10
4 33 7 33 36 61
4 34 32 26 92 31
5 6 38 90 89 57
5 7 98 75 77 59
5 8 96 55 27 41
5 9 88 45 65 60
5 10 54 89 18 22
5 11 67 78 68 60
5 12 46 17 15 31
5 13 20 36 65 43
5 14 81 13 59 32
5 15 13 18 48 76
5 16 77 77 16 17
5 17 57 54 8 83
5 18 23 47 35 39
5 19 87 70 58 9
5 20 63 35 81 21
5 21 57 60 24 85
5 22 59 80 37 83
5 23 74 33 19 19
5 24 4 77 56 55
5 25 93 70 14 15
5 26 27 30 32 26
5 27 81 20 29 50
5 28 98 7 21 68
5 29 53 17 87 10
5 30 63 72 46 78
5 31 58 67 49 86
5 32 38 57 81 35
5 33 19 61 67 48
5 34 23 61 94 24
6 7 0 81 34 99
6 8 65 84 7 30
6 9 70 12 35 70
6 10 54 16 36 75
6 11 29 71 84 18
6 12 39 16 48 55
6 13 5 38 96 32
6 14 19 44 62 35
6 15 47 43 17 47
6 16 59 86 25 49
6 17 64 52 70 65
6 18 52 44 60 31
6 19 42 90 29 25
6 20 38 81 63 13
6 21 85 42 33 34
6 22 81 16 73 46
6 23 2 38 86 73
6 24 23 15 41 31
6 25 64 70 8 47
6 26 20 64 76 70
6 27 26 71 89 25
6 28 54 46 51 32
6 29 40 51 59 73
6 30 16 34 21 72
6 31 37 82 39 15
6 32 19 81 34 77
6 33 60 10 69 49
6 34 73 68 18 34
7 8 55 75 70 71
7 9 86 22 71 74
7 10 26 67 78 89
7 11 13 94 86 26
7 12 39 53 30 16
7 13 7 39 87 58
7 14 44 18 13 74
7 15 54 67 25 70
7 16 32 40 32 26
7 17 7 80 50 54
7 18 92 45 37 45
7 19 3 32 77 69
7 20 5 26 75 55
7 21 95 71 18 48
7 22 75 33 59 47
7 23 44 56 36 53
7 24 82 56 23 53
7 25 90 27 71 77
7 26 28 57 86 83
7 27 16 87 59 60
7 28 42 58 22 45
7 29 20 39 91 17
7 30 61 13 60 85
7 31 14 83 55 19
7 32 8 56 63 89
7 33 86 6 29 35
7 34 22 61 18 85
8 9 26 82 63 25
8 10 24 81 62 89
8 11 33 78 29 63
8 12 94 23 5 41
8 13 82 73 65 63
8 14 76 35 68 31
8 15 79 36 63 56
8 16 9 81 65 49
8 17 6 50 67 19
8 18 77 24 36 22
8 19 79 79 35 72
8 20 69 45 55 12
8 21 40 53 42 37
8 22 47 64 75 81
8 23 80 56 51 36
8 24 40 87 46 87
8 25 37 23 46 42
8 26 38 76 61 56
8 27 85 77 27 32
8 28 58 66 22 52
8 29 79 83 75 6
8 30 91 34 21 35
8 31 74 35 23 55
8 32 92 21 13 21
8 33 33 29 31 64
8 34 31 45 85 32
9 10 29 26 90 28
9 11 44 15 36 15
9 12 4 43 84 39
9 13 16 25 21 85
9 14 65 37 24 46
9 15 46 76 14 39
9 16 25 61 66 81
9 17 90 34 45 19
9 18 95 29 26 63
9 19 90 18 53 30
9 20 17 79 83 27
9 21 96 24 73 2
9 22 91 62 21 22
9 23 85 40 72 37
9 24 1 76 35 84
9 25 29 40 54 49
9 26 83 46 78 18
9 27 36 48 78 91
9 28 38 47 25 28
9 29 27 45 63 87
9 30 22 17 28 23
9 31 52 32 87 44
9 32 60 43 28 31
9 33 16 56 66 56
9 34 45 17 45 21
10 11 80 21 59 34
10 12 33 67 60 90
10 13 68 32 30 35
10 14 64 58 62 78
10 15 53 27 76 76
10 16 7 21 80 44
10 17 73 33 29 34
10 18 78 22 21 22
10 19 96 27 74 7
10 20 54 28 49 50
10 21 55 32 65 77
10 22 79 83 30 44
10 23 90 19 29 27
10 24 15 65 28 69
10 25 71 60 80 23
10 26 27 65 21 80
10 27 14 84 51 20
10 28 43 62 15 63
10 29 59 73 64 71
10 30 26 48 64 79
10 31 5 47 77 69
10 32 59 40 61 73
10 33 21 93 47 60
10 34 60 75 61 64
11 12 59 46 86 82
11 13 42 56 32 53
11 14 80 71 14 11
11 15 95 3 72 58
11 16 13 91 27 41
11 17 71 36 25 51
11 18 98 48 23 72
11 19 16 32 85 29
11 20 51 44 76 65
11 21 41 82 46 62
11 22 62 63 47 31
11 23 43 58 52 80
11 24 76 60 23 82
11 25 18 69 39 85
11 26 54 9 30 80
11 27 48 43 70 30
11 28 55 58 28 24
11 29 3 37 31 26
11 30 11 35 61 91
11 31 56 73 86 10
11 32 45 69 63 37
11 33 82 6 63 40
11 34 19 92 42 17
12 13 44 18 88 48
12 14 87 43 27 56
12 15 69 72 25 61
12 16 1 41 78 39
12 17 81 63 77 32
12 18 78 58 7 84
12 19 30 40 56 74
12 20 56 84 20 17
12 21 15 45 79 48
12 22 39 72 21 18
12 23 70 12 49 45
12 24 13 36 26 46
12 25 46 53 69 27
12 26 1 91 68 83
12 27 99 23 25 11
12 28 44 79 74 62
12 29 35 30 38 35
12 30 83 83 49 53
12 31 36 86 62 50
12 32 61 78 85 22
12 33 53 12 36 77
12 34 69 40 50 61
13 14 26 80 53 94
13 15 26 52 66 92
13 16 24 32 94 27
13 17 32 37 56 32
13 18 17 19 33 53
13 19 60 45 80 77
13 20 10 85 48 63
13 21 23 22 26 32
13 22 77 48 28 60
13 23 98 58 15 21
13 24 43 42 28 87
13 25 81 45 80 19
13 26 62 54 80 33
13 27 22 85 91 23
13 28 52 59 65 29
13 29 96 25 62 6
13 30 46 69 36 30
13 31 18 22 46 31
13 32 15 73 79 31
13 33 96 45 19 69
13 34 8 80 49 83
14 15 57 43 72 42
14 16 85 73 59 15
14 17 99 53 79 4
14 18 52 73 13 55
14 19 11 89 23 39
14 20 46 75 31 64
14 21 91 40 58 76
14 22 41 82 82 30
14 23 68 18 76 26
14 24 60 85 35 63
14 25 78 73 64 19
14 26 92 60 78 30
14 27 69 13 52 39
14 28 90 68 26 65
14 29 68 85 42 39
14 30 61 79 24 82
14 31 48 56 54 28
14 32 27 25 35 26
14 33 85 31 49 42
14 34 27 61 71 37
15 16 99 27 10 13
15 17 84 51 79 31
15 18 38 12 38 83
15 19 50 18 31 76
15 20 89 38 35 26
15 21 89 43 54 7
15 22 23 61 33 90
15 23 89 68 78 48
15 24 38 85 38 59
15 25 51 27 57 43
15 26 51 50 46 34
15 27 62 37 76 11
15 28 64 50 16 59
15 29 11 76 63 59
15 30 34 44 72 28
15 31 55 48 18 20
15 32 48 74 71 56
15 33 28 72 38 52
15 34 55 45 25 18
16 17 6 43 19 90
16 18 73 25 77 58
16 19 31 73 38 93
16 20 78 42 77 53
16 21 40 91 11 55
16 22 97 5 25 77
16 23 17 66 45 59
16 24 65 50 68 77
16 25 37 52 24 42
16 26 69 59 50 61
16 27 48 38 54 44
16 28 38 43 13 71
16 29 51 39 22 22
16 30 37 15 27 82
16 31 74 40 40 10
16 32 20 56 46 81
16 33 20 60 94 80
16 34 63 35 83 50
17 18 54 81 9 69
17 19 10 43 46 22
17 20 51 28 43 31
17 21 9 55 83 28
17 22 55 16 52 33
17 23 8 93 23 38
17 24 16 72 46 40
17 25 39 86 74 43
17 26 20 17 21 90
17 27 94 31 78 49
17 28 81 71 43 17
17 29 25 52 32 49
17 30 12 42 53 53
17 31 94 2 21 4
17 32 41 46 24 43
17 33 68 80 83 69
17 34 48 79 75 12
18 19 72 46 24 68
18 20 99 20 59 14
18 21 16 90 71 88
18 22 30 68 37 37
18 23 5 45 84 40
18 24 14 58 34 78
18 25 4 51 35 61
18 26 97 74 28 38
18 27 71 27 24 23
18 28 16 56 78 74
18 29 10 57 85 72
18 30 29 37 90 32
18 31 20 80 88 28
18 32 33 62 50 86
18 33 61 58 14 13
18 34 54 58 22 53
19 20 55 23 33 75
19 21 18 70 48 57
19 22 24 89 49 77
19 23 98 57 75 54
19 24 52 68 40 82
19 25 59 68 21 35
19 26 86 56 56 80
19 27 47 71 21 90
19 28 60 62 10 39
19 29 16 55 44 34
19 30 97 74 4 2
19 31 22 19 84 48
19 32 45 44 50 43
19 33 95 56 51 5
19 34 57 65 32 64
20 21 30 67 89 63
20 22 59 31 49 52
20 23 4 71 75 54
20 24 69 85 40 79
20 25 54 39 41 33
20 26 6 83 76 30
20 27 46 17 23 71
20 28 10 32 58 61
20 29 14 20 87 35
20 30 93 78 21 67
20 31 93 26 48 77
20 32 87 25 51 11
20 33 21 21 26 57
20 34 47 27 25 66
21 22 13 60 83 76
21 23 83 58 42 70
21 24 24 36 76 87
21 25 25 89 56 60
21 26 66 68 47 11
21 27 66 32 16 38
21 28 77 8 28 25
21 29 93 30 8 4
21 30 85 40 64 30
21 31 54 56 62 20
21 32 7 95 91 93
21 33 21 42 18 68
21 34 73 55 31 40
22 23 86 59 35 17
22 24 51 63 32 67
22 25 25 67 67 79
22 26 23 17 56 32
22 27 35 80 35 27
22 28 61 58 83 19
22 29 33 59 14 55
22 30 28 80 38 34
22 31 40 49 40 91
22 32 71 70 69 27
22 33 48 57 36 66
22 34 31 72 16 49
23 24 31 29 33 34
23 25 80 25 55 9
23 26 86 55 25 49
23 27 77 21 69 17
23 28 56 80 12 24
23 29 41 54 30 81
23 30 79 68 21 43
23 31 99 32 30 5
23 32 87 64 42 55
23 33 90 78 76 19
23 34 38 64 56 18
24 25 66 81 55 64
24 26 46 62 77 81
24 27 68 49 84 83
24 28 83 24 24 27
24 29 58 58 68 11
24 30 73 59 43 24
24 31 72 33 73 45
24 32 66 9 32 17
24 33 84 47 76 15
24 34 34 28 80 42
25 26 72 77 39 10
25 27 84 77 78 42
25 28 23 84 41 34
25 29 18 48 84 32
25 30 39 86 69 28
25 31 57 66 38 85
25 32 12 95 46 75
25 33 62 85 76 61
25 34 45 13 82 90
26 27 21 33 64 63
26 28 47 45 67 89
26 29 70 62 57 40
26 30 1 40 80 72
26 31 30 42 81 66
26 32 91 62 48 2
26 33 59 10 67 23
26 34 76 13 55 54
27 28 78 66 80 19
27 29 60 10 70 11
27 30 74 8 78 19
27 31 31 64 15 19
27 32 20 51 17 59
27 33 87 70 32 42
27 34 82 80 37 80
28 29 97 18 75 25
28 30 83 34 38 44
28 31 8 63 80 40
28 32 81 61 23 52
28 33 66 51 80 83
28 34 73 57 58 69
29 30 45 77 86 71
29 31 45 13 48 87
29 32 55 44 12 14
29 33 76 13 60 47
29 34 72 73 65 74
30 31 38 60 23 47
30 32 76 45 56 22
30 33 20 72 44 36
30 34 68 24 82 69
31 32 38 40 79 77
31 33 40 22 43 31
31 34 49 52 38 77
32 33 56 42 85 22
32 34 82 52 64 82
33 34 22 79 28 23
