38
0 1 83 38 33 46
0 2 62 19 21 45
0 3 91 39 44 40
0 4 65 23 18 58
0 5 92 11 17 33
0 6 44 71 76 36
0 7 82 15 8 30
0 8 62 58 51 57
0 9 26 66 44 85
0 10 12 72 78 52
0 11 32 66 40 81
0 12 72 39 45 54
0 13 58 50 68 46
0 14 58 45 70 52
0 15 39 32 40 77
0 16 32 78 68 48
0 17 65 41 31 44
0 18 33 62 79 42
0 19 85 9 40 7
0 20 93 6 21 20
0 21 63 24 20 56
0 22 32 42 73 43
0 23 46 57 59 37
0 24 62 30 19 64
0 25 24 59 50 67
0 26 37 73 40 65
0 27 23 39 59 62
0 28 41 39 47 39
0 29 25 51 48 71
0 30 4 86 75 76
0 31 73 26 18 21
0 32 90 46 6 38
0 33 20 40 87 40
0 34 49 42 40 26
0 35 50 47 68 54
0 36 51 27 33 67
0 37 59 47 40 38
1 2 14 62 77 63
1 3 79 38 48 21
1 4 28 79 41 66
1 5 43 77 29 73
1 6 17 68 79 42
1 7 92 31 22 29
1 8 81 47 28 56
1 9 99 28 24 36
1 10 1 67 80 62
1 11 77 47 23 46
1 12 79 45 28 53
1 13 46 67 55 73
1 14 21 72 88 53
1 15 19 87 81 48
1 16 16 64 85 52
1 17 97 18 7 48
1 18 91 48 17 20
1 19 44 71 70 68
1 20 33 65 81 69
1 21 66 41 50 43
1 22 10 94 92 73
1 23 39 42 70 43
1 24 30 61 34 55
1 25 91 14 13 34
1 26 96 34 31 28
1 27 9 76 47 62
1 28 54 27 23 60
1 29 97 10 26 38
1 30 63 60 63 60
1 31 99 44 33 10
1 32 26 84 41 45
1 33 79 31 14 18
1 34 86 28 53 34
1 35 70 59 42 20
1 36 44 61 45 65
1 37 10 65 57 53
2 3 36 48 53 75
2 4 3 94 70 84
2 5 24 68 45 72
2 6 98 48 44 1
2 7 27 45 48 82
2 8 63 58 24 53
2 9 85 53 36 12
2 10 85 27 44 8
2 11 24 39 48 58
2 12 3 72 97 81
2 13 69 58 37 56
2 14 27 50 68 36
2 15 79 12 14 49
2 16 37 37 79 58
2 17 92 39 40 33
2 18 56 67 35 71
2 19 75 13 50 22
2 20 36 52 59 60
2 21 6 77 69 56
2 22 53 28 63 24
2 23 6 48 88 62
2 24 21 88 52 72
2 25 58 57 63 29
2 26 79 41 40 46
2 27 85 22 44 50
2 28 18 62 88 90
2 29 39 62 48 71
2 30 98 18 46 28
2 31 5 86 78 51
2 32 73 23 28 46
2 33 33 66 83 76
2 34 26 70 81 62
2 35 62 47 25 58
2 36 96 16 4 42
2 37 27 84 49 52
3 4 47 50 56 75
3 5 99 26 28 32
3 6 85 10 18 45
3 7 40 50 54 47
3 8 49 65 55 32
3 9 39 38 30 80
3 10 11 76 49 89
3 11 32 50 39 69
3 12 79 17 12 41
3 13 11 45 94 91
3 14 99 47 18 27
3 15 6 50 92 68
3 16 59 31 39 28
3 17 15 44 53 86
3 18 56 63 24 30
3 19 17 84 68 81
3 20 89 11 18 8
3 21 71 52 41 42
3 22 68 64 19 21
3 23 76 25 59 32
3 24 98 5 9 34
3 25 14 62 76 86
3 26 47 73 37 41
3 27 41 59 69 51
3 28 49 57 67 59
3 29 36 75 68 65
3 30 81 36 57 23
3 31 49 71 44 52
3 32 80 39 20 54
3 33 27 64 55 64
3 34 67 54 26 22
3 35 52 43 58 25
3 36 62 43 23 25
3 37 36 43 63 63
4 5 50 38 59 32
4 6 98 36 20 39
4 7 60 33 24 28
4 8 60 54 54 60
4 9 65 64 39 50
4 10 51 48 26 49
4 11 8 84 91 48
4 12 62 58 46 48
4 13 48 70 40 43
4 14 53 32 39 34
4 15 23 49 58 63
4 16 2 50 59 95
4 17 69 38 48 32
4 18 72 23 23 46
4 19 96 4 25 13
4 20 23 50 46 40
4 21 23 82 72 60
4 22 67 30 33 57
4 23 91 53 23 26
4 24 27 46 82 42
4 25 48 34 62 66
4 26 84 14 33 9
4 27 30 44 46 62
4 28 78 31 18 21
4 29 52 40 60 66
4 30 94 36 9 19
4 31 74 43 25 44
4 32 2 83 52 52
4 33 55 36 39 45
4 34 76 16 32 23
4 35 91 49 42 47
4 36 1 49 65 95
4 37 19 47 73 85
5 6 63 20 58 40
5 7 78 51 38 26
5 8 66 40 31 60
5 9 76 51 27 54
5 10 72 52 46 57
5 11 92 6 29 39
5 12 14 48 78 79
5 13 87 36 23 46
5 14 70 47 26 19
5 15 84 18 43 20
5 16 44 30 75 63
5 17 34 80 67 79
5 18 69 51 41 19
5 19 56 62 24 51
5 20 31 75 45 50
5 21 45 33 35 52
5 22 3 95 55 69
5 23 71 14 57 56
5 24 61 65 54 27
5 25 97 26 32 20
5 26 91 35 33 46
5 27 85 11 17 53
5 28 32 72 54 80
5 29 60 31 20 44
5 30 24 56 81 65
5 31 90 49 31 21
5 32 68 45 61 17
5 33 2 93 71 78
5 34 5 66 78 83
5 35 99 11 10 42
5 36 67 41 52 32
5 37 29 52 61 36
6 7 12 64 59 57
6 8 64 65 63 29
6 9 38 50 78 66
6 10 36 76 64 81
6 11 37 32 72 72
6 12 6 75 80 63
6 13 15 89 55 52
6 14 35 56 39 66
6 15 1 83 76 96
6 16 77 50 12 49
6 17 27 83 52 85
6 18 80 20 38 56
6 19 85 39 39 25
6 20 40 50 44 54
6 21 33 43 63 59
6 22 58 46 48 32
6 23 27 50 45 36
6 24 91 35 37 16
6 25 74 50 23 55
6 26 79 53 14 54
6 27 92 36 43 20
6 28 20 56 43 53
6 29 17 89 69 65
6 30 69 22 43 62
6 31 92 44 44 27
6 32 22 73 58 77
6 33 4 47 79 76
6 34 40 50 30 39
6 35 7 59 85 92
6 36 20 41 84 43
6 37 1 84 82 67
7 8 59 34 63 42
7 9 70 57 19 59
7 10 36 72 65 56
7 11 18 87 43 72
7 12 22 50 62 43
7 13 79 58 34 42
7 14 81 36 32 15
7 15 44 72 48 32
7 16 7 69 55 74
7 17 65 18 45 18
7 18 17 60 72 70
7 19 31 82 66 49
7 20 47 56 44 29
7 21 86 7 19 7
7 22 63 66 37 23
7 23 47 75 39 37
7 24 77 59 59 15
7 25 17 83 74 80
7 26 80 21 43 28
7 27 56 45 48 25
7 28 54 57 36 33
7 29 38 65 32 70
7 30 23 67 70 75
7 31 63 25 62 37
7 32 84 35 48 50
7 33 8 63 78 71
7 34 23 78 75 75
7 35 77 60 51 20
7 36 40 76 50 70
7 37 80 26 28 26
8 9 59 36 44 52
8 10 51 69 54 66
8 11 86 39 8 19
8 12 11 65 54 49
8 13 84 36 23 26
8 14 40 40 47 49
8 15 49 73 33 34
8 16 59 48 58 61
8 17 10 59 49 60
8 18 18 82 50 52
8 19 87 49 12 13
8 20 41 63 47 72
8 21 82 42 46 11
8 22 30 66 70 57
8 23 5 87 90 64
8 24 47 50 72 29
8 25 14 52 83 90
8 26 11 50 70 91
8 27 51 24 50 61
8 28 76 16 58 39
8 29 72 39 40 17
8 30 69 58 33 34
8 31 34 54 46 47
8 32 51 26 34 36
8 33 46 67 33 53
8 34 80 12 13 26
8 35 11 82 85 61
8 36 11 87 81 91
8 37 8 81 48 89
9 10 64 62 18 66
9 11 81 27 45 24
9 12 10 86 62 48
9 13 75 55 49 46
9 14 39 58 78 67
9 15 91 40 5 12
9 16 39 55 55 73
9 17 28 46 67 82
9 18 75 30 18 32
9 19 67 58 64 33
9 20 87 55 41 12
9 21 39 42 77 72
9 22 18 51 42 68
9 23 65 49 28 19
9 24 46 57 75 66
9 25 36 47 33 46
9 26 82 29 23 9
9 27 31 60 79 66
9 28 36 51 66 52
9 29 37 75 35 68
9 30 74 14 37 52
9 31 41 41 43 71
9 32 25 87 57 73
9 33 59 29 52 28
9 34 9 65 55 80
9 35 62 68 42 63
9 36 46 63 76 43
9 37 16 46 58 48
10 11 58 56 36 32
10 12 95 3 3 42
10 13 99 15 38 29
10 14 52 61 73 59
10 15 29 55 47 45
10 16 87 28 7 20
10 17 91 30 18 38
10 18 97 39 40 31
10 19 55 63 49 28
10 20 59 53 61 37
10 21 60 63 55 55
10 22 85 52 43 23
10 23 0 61 55 63
10 24 85 36 21 9
10 25 9 76 78 64
10 26 78 51 12 23
10 27 34 77 53 80
10 28 94 19 41 33
10 29 99 20 47 45
10 30 26 61 64 44
10 31 3 77 51 91
10 32 5 89 93 52
10 33 37 55 43 44
10 34 43 46 53 34
10 35 12 79 70 82
10 36 93 34 6 3
10 37 69 59 51 50
11 12 99 2 41 21
11 13 64 64 32 65
11 14 47 39 63 61
11 15 38 46 40 59
11 16 7 56 46 58
11 17 63 59 46 42
11 18 52 73 29 59
11 19 28 40 40 79
11 20 42 75 61 67
11 21 30 61 44 54
11 22 70 33 38 45
11 23 83 48 53 13
11 24 63 29 67 57
11 25 29 56 38 47
11 26 46 69 48 41
11 27 19 49 87 69
11 28 68 17 31 50
11 29 33 34 37 52
11 30 69 59 45 31
11 31 32 77 75 44
11 32 56 64 37 60
11 33 71 15 40 56
11 34 88 8 24 12
11 35 44 54 67 45
11 36 29 81 39 57
11 37 21 81 72 40
12 13 39 71 42 76
12 14 73 23 30 61
12 15 87 24 48 30
12 16 55 50 68 64
12 17 17 49 90 44
12 18 46 33 75 41
12 19 25 53 74 54
12 20 18 74 57 78
12 21 16 71 47 43
12 22 72 58 62 48
12 23 90 10 49 22
12 24 26 46 50 56
12 25 75 19 54 30
12 26 42 58 33 45
12 27 75 55 31 57
12 28 2 71 83 92
12 29 83 9 33 46
12 30 68 21 35 47
12 31 2 59 83 63
12 32 64 36 29 67
12 33 91 47 13 20
12 34 63 64 62 32
12 35 98 8 11 45
12 36 98 20 14 18
12 37 95 20 6 42
13 14 44 76 29 62
13 15 73 17 40 19
13 16 66 29 51 48
13 17 80 20 10 50
13 18 78 41 23 27
13 19 44 34 63 30
13 20 51 65 29 28
13 21 17 64 64 47
13 22 5 63 80 70
13 23 81 43 53 45
13 24 22 55 47 41
13 25 47 69 51 35
13 26 10 79 46 94
13 27 26 60 65 70
13 28 93 8 24 50
13 29 80 14 41 11
13 30 28 74 80 74
13 31 75 50 36 34
13 32 17 77 52 73
13 33 68 36 52 21
13 34 74 55 59 48
13 35 68 64 18 52
13 36 88 16 27 34
13 37 66 52 56 62
14 15 10 54 73 92
14 16 2 81 53 77
14 17 67 56 18 56
14 18 2 93 84 72
14 19 3 51 85 98
14 20 62 65 31 52
14 21 27 73 68 74
14 22 16 70 78 44
14 23 87 54 33 32
14 24 56 46 51 67
14 25 66 47 56 19
14 26 83 22 30 28
14 27 56 48 28 55
14 28 79 25 31 49
14 29 33 67 47 34
14 30 98 46 29 46
14 31 24 62 54 69
14 32 3 57 95 77
14 33 3 91 53 82
14 34 19 57 64 90
14 35 15 87 62 61
14 36 50 37 50 59
14 37 91 42 42 21
15 16 32 41 61 76
15 17 12 86 55 51
15 18 71 61 31 20
15 19 32 55 43 63
15 20 15 54 75 91
15 21 43 69 43 74
15 22 90 42 35 50
15 23 53 33 40 46
15 24 91 22 37 15
15 25 66 28 47 25
15 26 61 56 33 40
15 27 67 16 34 42
15 28 60 40 61 29
15 29 0 78 80 93
15 30 48 39 61 35
15 31 87 50 42 50
15 32 73 58 22 17
15 33 31 70 43 34
15 34 88 11 27 19
15 35 54 49 50 23
15 36 55 65 71 62
15 37 59 33 22 39
16 17 54 53 28 67
16 18 87 24 22 10
16 19 45 72 30 59
16 20 82 56 18 25
16 21 50 64 28 61
16 22 59 52 20 22
16 23 31 77 55 78
16 24 1 76 78 67
16 25 76 51 18 29
16 26 57 26 27 30
16 27 74 24 24 58
16 28 68 55 63 26
16 29 8 91 73 73
16 30 84 22 18 47
16 31 32 64 36 62
16 32 42 77 32 74
16 33 76 27 61 19
16 34 9 50 65 79
16 35 74 61 54 41
16 36 58 52 46 42
16 37 86 7 28 19
17 18 8 66 68 73
17 19 28 73 46 63
17 20 25 56 45 41
17 21 67 66 56 45
17 22 69 24 59 16
17 23 85 34 54 36
17 24 46 45 33 38
17 25 38 65 35 40
17 26 40 35 69 76
17 27 35 36 81 48
17 28 85 45 18 32
17 29 27 75 70 43
17 30 19 73 83 47
17 31 30 45 41 81
17 32 66 35 61 62
17 33 35 79 35 50
17 34 25 62 83 63
17 35 56 28 68 60
17 36 59 55 46 65
17 37 83 49 10 12
18 19 80 37 46 22
18 20 30 45 79 41
18 21 68 33 32 27
18 22 34 49 40 66
18 23 60 40 56 33
18 24 93 52 8 31
18 25 61 23 33 29
18 26 75 40 39 30
18 27 76 20 14 56
18 28 37 50 69 42
18 29 33 74 71 51
18 30 97 46 16 46
18 31 48 47 30 35
18 32 70 49 20 29
18 33 28 84 46 75
18 34 10 49 86 90
18 35 6 87 71 91
18 36 81 24 38 49
18 37 91 4 34 49
19 20 78 25 49 11
19 21 24 43 50 41
19 22 49 34 32 29
19 23 89 41 23 30
19 24 48 71 72 46
19 25 42 50 61 29
19 26 80 55 21 19
19 27 24 73 53 86
19 28 64 66 25 52
19 29 52 34 60 33
19 30 80 49 11 11
19 31 42 66 65 33
19 32 86 12 27 47
19 33 84 34 19 40
19 34 2 50 51 62
19 35 81 43 56 57
19 36 37 38 38 37
19 37 87 20 13 28
20 21 24 52 72 60
20 22 28 74 82 52
20 23 77 42 20 26
20 24 33 61 42 81
20 25 32 57 60 37
20 26 47 74 33 72
20 27 60 39 48 31
20 28 76 59 15 44
20 29 50 55 33 59
20 30 73 32 24 13
20 31 27 40 86 67
20 32 12 88 45 93
20 33 81 27 44 38
20 34 2 87 87 48
20 35 9 94 54 76
20 36 59 57 36 60
20 37 28 75 78 71
21 22 10 84 76 92
21 23 79 13 57 28
21 24 51 36 37 28
21 25 83 22 27 27
21 26 93 12 36 32
21 27 58 47 52 38
21 28 15 81 78 48
21 29 92 44 37 7
21 30 54 49 23 60
21 31 32 76 64 66
21 32 48 36 63 42
21 33 94 29 33 12
21 34 57 58 26 31
21 35 79 32 29 35
21 36 46 59 59 37
21 37 80 56 39 50
22 23 42 47 43 56
22 24 20 46 48 67
22 25 86 34 38 38
22 26 55 25 39 50
22 27 48 69 40 28
22 28 80 33 33 34
22 29 69 43 33 17
22 30 52 44 24 38
22 31 29 46 74 77
22 32 96 11 1 6
22 33 5 52 96 80
22 34 24 57 41 41
22 35 85 38 26 8
22 36 77 51 45 23
22 37 35 64 62 52
23 24 20 52 58 59
23 25 8 72 82 68
23 26 69 39 45 45
23 27 59 26 63 54
23 28 96 13 21 42
23 29 41 75 73 42
23 30 23 49 72 52
23 31 60 29 42 40
23 32 83 20 19 8
23 33 74 22 57 54
23 34 53 51 33 30
23 35 96 29 38 45
23 36 57 69 33 51
23 37 5 67 86 96
24 25 34 73 73 74
24 26 21 54 81 45
24 27 14 54 58 64
24 28 88 39 21 49
24 29 96 44 11 31
24 30 22 85 77 79
24 31 21 54 63 62
24 32 37 50 50 61
24 33 60 68 32 66
24 34 9 71 67 89
24 35 66 51 18 47
24 36 92 36 52 42
24 37 16 86 73 74
25 26 75 42 46 33
25 27 49 26 59 48
25 28 29 53 43 47
25 29 64 40 50 28
25 30 56 69 22 50
25 31 33 49 44 33
25 32 93 29 44 17
25 33 34 82 60 38
25 34 43 44 40 61
25 35 48 62 68 34
25 36 27 45 78 71
25 37 35 35 32 74
26 27 11 81 91 56
26 28 39 34 44 72
26 29 15 58 60 51
26 30 95 25 9 26
26 31 68 23 58 32
26 32 56 68 49 67
26 33 53 61 53 51
26 34 47 32 65 69
26 35 25 43 48 44
26 36 23 64 47 82
26 37 72 53 20 15
27 28 93 26 6 49
27 29 42 68 64 38
27 30 97 35 16 26
27 31 4 92 72 72
27 32 74 13 50 35
27 33 37 33 42 67
27 34 99 23 41 20
27 35 5 67 77 93
27 36 21 86 43 48
27 37 31 76 38 46
28 29 38 31 80 64
28 30 61 31 51 24
28 31 48 66 25 34
28 32 80 41 42 55
28 33 12 60 49 91
28 34 75 43 17 38
28 35 5 51 75 78
28 36 13 45 76 66
28 37 65 20 21 49
29 30 62 48 24 25
29 31 52 28 66 45
29 32 86 22 32 8
29 33 36 56 73 76
29 34 51 51 34 62
29 35 33 64 33 46
29 36 69 54 21 54
29 37 77 48 53 32
30 31 36 32 43 57
30 32 10 56 72 61
30 33 8 89 56 62
30 34 33 80 45 64
30 35 19 55 73 54
30 36 88 42 50 20
30 37 87 12 48 13
31 32 25 63 59 79
31 33 62 19 37 53
31 34 58 25 42 34
31 35 91 7 30 11
31 36 71 50 64 53
31 37 11 76 49 55
32 33 3 49 65 75
32 34 47 64 44 55
32 35 29 37 65 35
32 36 20 51 73 66
32 37 15 82 50 87
33 34 98 48 17 4
33 35 57 21 69 68
33 36 12 47 64 52
33 37 51 66 56 70
34 35 95 44 32 17
34 36 50 44 29 73
34 37 73 59 48 42
35 36 55 26 38 65
35 37 65 27 23 55
36 37 93 51 48 15
