38
0 1 90 10 9 16
0 2 0 93 85 86
0 3 88 20 22 22
0 4 5 90 90 93
0 5 17 70 82 74
0 6 38 55 61 52
0 7 9 89 85 83
0 8 84 26 13 26
0 9 24 75 75 67
0 10 7 93 84 92
0 11 39 52 53 62
0 12 94 7 10 17
0 13 14 84 86 74
0 14 35 59 56 55
0 15 96 4 9 4
0 16 95 9 5 16
0 17 4 91 94 92
0 18 71 34 36 35
0 19 45 50 47 59
0 20 95 6 5 5
0 21 59 38 43 36
0 22 99 11 1 13
0 23 48 53 47 53
0 24 26 71 74 70
0 25 36 54 57 56
0 26 69 36 33 36
0 27 89 17 15 13
0 28 59 47 41 42
0 29 56 46 42 51
0 30 87 14 23 20
0 31 86 23 16 17
0 32 50 53 53 42
0 33 48 51 46 44
0 34 96 16 3 7
0 35 64 42 37 35
0 36 37 63 56 52
0 37 95 18 12 7
1 2 74 32 33 33
1 3 37 53 53 64
1 4 93 7 12 14
1 5 62 38 37 39
1 6 31 69 63 60
1 7 79 22 17 23
1 8 87 23 25 17
1 9 6 84 80 85
1 10 8 82 80 81
1 11 94 14 20 5
1 12 93 12 18 8
1 13 69 38 32 36
1 14 98 3 10 5
1 15 79 18 28 28
1 16 46 55 48 54
1 17 34 57 68 69
1 18 75 30 27 22
1 19 21 76 79 68
1 20 15 77 79 79
1 21 63 40 40 38
1 22 0 86 91 88
1 23 25 73 78 74
1 24 62 37 38 36
1 25 19 72 75 82
1 26 37 54 58 59
1 27 44 50 49 53
1 28 68 29 32 34
1 29 33 67 65 66
1 30 26 69 72 70
1 31 57 42 46 38
1 32 15 86 80 78
1 33 35 63 66 60
1 34 83 26 19 16
1 35 55 39 41 46
1 36 86 12 16 25
1 37 47 51 47 55
2 3 20 69 80 74
2 4 97 3 16 14
2 5 37 54 61 58
2 6 50 48 44 43
2 7 25 68 74 67
2 8 11 78 78 78
2 9 54 44 50 47
2 10 74 32 28 31
2 11 82 23 22 18
2 12 47 52 52 47
2 13 66 37 34 34
2 14 74 26 26 23
2 15 57 36 36 40
2 16 0 99 84 91
2 17 3 94 83 82
2 18 90 16 13 16
2 19 64 31 40 42
2 20 32 64 62 70
2 21 31 58 59 64
2 22 45 46 52 53
2 23 46 54 49 50
2 24 89 9 21 20
2 25 5 90 86 93
2 26 86 24 14 13
2 27 72 35 32 28
2 28 76 22 32 33
2 29 42 59 60 62
2 30 75 23 21 20
2 31 41 52 57 59
2 32 25 75 63 76
2 33 68 38 36 38
2 34 94 9 6 15
2 35 77 28 21 28
2 36 59 47 39 35
2 37 35 57 59 63
3 4 66 41 28 33
3 5 80 19 29 30
3 6 27 70 69 63
3 7 40 62 62 51
3 8 98 1 6 6
3 9 27 72 66 73
3 10 91 18 22 15
3 11 96 4 7 9
3 12 9 77 79 89
3 13 0 99 97 89
3 14 88 17 24 10
3 15 81 23 26 22
3 16 84 23 16 20
3 17 20 69 81 71
3 18 53 53 47 48
3 19 97 8 6 5
3 20 80 29 23 28
3 21 66 31 39 36
3 22 32 60 67 66
3 23 49 53 44 48
3 24 10 89 90 79
3 25 0 90 85 95
3 26 25 75 69 74
3 27 58 36 49 46
3 28 67 40 40 40
3 29 66 37 41 38
3 30 49 57 49 48
3 31 35 67 58 62
3 32 37 56 65 54
3 33 35 58 63 67
3 34 86 18 16 17
3 35 43 52 57 50
3 36 60 35 44 41
3 37 97 15 3 12
4 5 97 8 11 7
4 6 55 43 49 39
4 7 70 36 27 30
4 8 2 92 93 87
4 9 25 65 76 71
4 10 1 93 97 95
4 11 35 60 64 59
4 12 92 18 19 20
4 13 28 66 73 74
4 14 39 65 54 66
4 15 41 60 57 50
4 16 37 61 67 62
4 17 72 32 37 34
4 18 58 44 44 39
4 19 80 26 23 16
4 20 11 88 86 76
4 21 41 56 62 58
4 22 54 51 43 47
4 23 57 47 39 38
4 24 49 54 45 51
4 25 10 77 86 79
4 26 92 8 13 18
4 27 41 51 62 54
4 28 13 88 74 83
4 29 47 54 55 52
4 30 76 21 31 26
4 31 59 36 45 41
4 32 19 72 81 68
4 33 68 32 34 39
4 34 51 54 47 55
4 35 57 43 42 42
4 36 67 33 34 36
4 37 81 21 30 27
5 6 2 93 96 96
5 7 78 31 32 29
5 8 6 81 88 82
5 9 17 71 74 81
5 10 46 54 51 53
5 11 0 98 96 93
5 12 51 53 51 46
5 13 51 41 42 43
5 14 26 69 71 71
5 15 41 55 51 55
5 16 27 66 66 66
5 17 65 31 42 43
5 18 49 46 49 54
5 19 34 57 55 64
5 20 58 39 47 47
5 21 96 10 8 4
5 22 94 7 6 11
5 23 1 86 84 90
5 24 79 22 26 23
5 25 89 10 14 20
5 26 55 43 45 52
5 27 83 20 14 19
5 28 79 27 27 17
5 29 55 47 52 43
5 30 23 78 67 70
5 31 70 34 39 35
5 32 86 14 20 20
5 33 55 44 45 49
5 34 95 4 7 3
5 35 23 74 68 76
5 36 48 57 58 51
5 37 11 84 82 88
6 7 10 85 79 81
6 8 0 93 94 93
6 9 93 18 7 19
6 10 72 36 27 34
6 11 52 45 44 52
6 12 88 10 13 16
6 13 94 9 17 14
6 14 53 47 51 46
6 15 1 86 94 90
6 16 81 16 20 18
6 17 83 27 27 16
6 18 46 45 57 50
6 19 13 83 75 75
6 20 9 90 87 79
6 21 69 34 37 35
6 22 35 55 62 68
6 23 64 38 31 44
6 24 50 44 47 53
6 25 73 29 24 37
6 26 39 61 61 63
6 27 36 58 62 67
6 28 92 19 16 14
6 29 66 31 35 42
6 30 83 27 19 29
6 31 63 34 35 31
6 32 60 35 43 33
6 33 64 30 42 42
6 34 69 37 31 38
6 35 58 48 37 41
6 36 12 83 86 80
6 37 88 19 15 11
7 8 98 5 1 7
7 9 22 65 67 73
7 10 37 58 61 59
7 11 71 35 39 31
7 12 25 77 75 77
7 13 61 39 33 35
7 14 65 31 42 40
7 15 86 13 12 20
7 16 78 23 32 28
7 17 46 54 55 46
7 18 22 78 75 80
7 19 92 16 18 16
7 20 47 55 54 54
7 21 14 84 74 85
7 22 6 81 90 85
7 23 74 28 23 26
7 24 36 55 62 62
7 25 44 57 56 53
7 26 99 14 0 5
7 27 45 57 52 47
7 28 96 12 16 9
7 29 94 9 16 4
7 30 88 18 13 10
7 31 38 62 57 59
7 32 58 49 38 49
7 33 40 57 64 63
7 34 52 42 53 50
7 35 15 77 83 76
7 36 97 12 15 8
7 37 38 51 52 60
8 9 73 23 33 25
8 10 7 78 81 91
8 11 16 77 79 73
8 12 92 19 10 14
8 13 24 73 69 73
8 14 62 45 41 46
8 15 83 26 15 22
8 16 90 9 17 16
8 17 65 38 38 29
8 18 56 43 47 37
8 19 69 26 26 29
8 20 72 25 37 27
8 21 15 74 74 84
8 22 91 9 14 19
8 23 41 52 52 61
8 24 54 44 42 39
8 25 26 72 66 68
8 26 7 78 84 82
8 27 20 73 82 80
8 28 60 44 40 44
8 29 50 47 44 48
8 30 22 76 77 71
8 31 68 39 35 30
8 32 17 75 71 70
8 33 86 16 14 17
8 34 34 65 62 56
8 35 54 47 46 45
8 36 22 78 77 75
8 37 25 71 64 66
9 10 34 68 59 65
9 11 58 41 48 39
9 12 85 16 19 23
9 13 54 41 42 39
9 14 30 69 69 68
9 15 90 11 20 10
9 16 52 40 46 51
9 17 23 79 67 67
9 18 23 76 68 71
9 19 92 9 13 16
9 20 72 38 25 26
9 21 99 7 8 8
9 22 71 36 24 28
9 23 51 54 48 47
9 24 5 91 86 87
9 25 95 6 18 12
9 26 97 11 6 14
9 27 36 60 68 59
9 28 0 96 94 85
9 29 45 60 52 51
9 30 10 79 84 89
9 31 50 52 46 55
9 32 37 60 58 64
9 33 60 43 37 37
9 34 69 39 33 40
9 35 10 88 87 86
9 36 98 9 2 2
9 37 12 80 86 87
10 11 17 75 75 82
10 12 34 66 59 63
10 13 6 91 81 84
10 14 57 44 36 40
10 15 57 45 40 38
10 16 76 25 20 32
10 17 46 48 51 48
10 18 92 21 6 15
10 19 86 14 21 17
10 20 67 41 42 39
10 21 89 17 10 23
10 22 7 82 79 82
10 23 83 16 21 20
10 24 28 71 64 65
10 25 49 43 49 45
10 26 99 3 13 7
10 27 60 45 41 41
10 28 11 80 76 80
10 29 46 58 60 50
10 30 2 91 86 91
10 31 26 68 67 67
10 32 36 57 55 67
10 33 58 41 35 50
10 34 90 13 18 8
10 35 91 14 8 15
10 36 16 80 78 77
10 37 70 25 26 34
11 12 79 27 19 20
11 13 12 85 80 79
11 14 8 87 91 79
11 15 77 33 26 21
11 16 80 23 30 21
11 17 67 41 36 28
11 18 37 59 67 55
11 19 67 38 38 41
11 20 50 44 43 56
11 21 78 24 23 28
11 22 49 51 55 47
11 23 64 37 33 31
11 24 9 79 77 91
11 25 72 36 33 23
11 26 72 29 24 30
11 27 54 49 47 42
11 28 71 34 25 28
11 29 77 24 22 26
11 30 98 16 6 15
11 31 17 77 76 84
11 32 24 68 64 77
11 33 86 17 19 19
11 34 65 35 30 39
11 35 20 77 68 74
11 36 1 83 96 92
11 37 66 28 29 36
12 13 86 21 16 20
12 14 14 84 73 74
12 15 76 33 21 28
12 16 54 44 44 40
12 17 6 94 86 83
12 18 37 55 61 66
12 19 7 81 85 81
12 20 85 24 16 14
12 21 63 41 34 33
12 22 64 37 36 41
12 23 35 59 56 60
12 24 76 34 23 27
12 25 93 18 18 11
12 26 20 68 80 81
12 27 91 11 18 20
12 28 26 62 72 75
12 29 82 27 15 19
12 30 48 55 46 46
12 31 34 60 64 67
12 32 64 39 33 30
12 33 81 27 26 19
12 34 31 71 72 69
12 35 45 53 52 53
12 36 39 54 58 65
12 37 57 50 43 43
13 14 47 55 54 47
13 15 17 77 80 81
13 16 54 42 52 39
13 17 88 24 11 23
13 18 83 15 22 21
13 19 32 69 57 65
13 20 27 73 65 74
13 21 31 59 58 60
13 22 66 32 29 42
13 23 83 14 23 16
13 24 27 63 70 66
13 25 69 32 30 35
13 26 23 65 72 69
13 27 84 19 16 27
13 28 91 11 14 20
13 29 31 65 58 66
13 30 33 66 68 60
13 31 65 30 34 35
13 32 2 90 83 89
13 33 93 6 9 11
13 34 40 55 56 55
13 35 86 24 17 18
13 36 57 45 37 40
13 37 72 35 35 37
14 15 99 6 3 9
14 16 89 13 12 14
14 17 73 28 26 37
14 18 37 57 57 54
14 19 94 7 12 14
14 20 69 30 32 31
14 21 74 33 36 23
14 22 49 55 51 58
14 23 46 47 47 50
14 24 83 16 17 20
14 25 68 37 33 41
14 26 17 72 80 73
14 27 42 52 61 53
14 28 44 59 61 48
14 29 36 68 57 57
14 30 76 24 30 23
14 31 78 26 18 26
14 32 57 40 47 41
14 33 38 58 65 65
14 34 38 57 65 60
14 35 25 65 71 72
14 36 9 87 82 89
14 37 82 30 21 29
15 16 98 14 12 4
15 17 34 58 60 68
15 18 62 32 35 42
15 19 85 19 13 26
15 20 0 98 93 88
15 21 74 36 31 24
15 22 79 27 31 23
15 23 47 47 47 51
15 24 43 61 49 51
15 25 98 14 8 2
15 26 35 65 62 66
15 27 0 87 97 98
15 28 21 80 77 75
15 29 17 73 83 70
15 30 83 26 23 23
15 31 40 64 58 51
15 32 77 21 21 31
15 33 9 89 78 80
15 34 58 45 48 47
15 35 6 94 89 93
15 36 47 46 54 50
15 37 5 81 89 90
16 17 3 95 93 89
16 18 22 78 77 79
16 19 87 22 18 13
16 20 43 62 62 50
16 21 19 75 76 69
16 22 65 30 33 35
16 23 0 85 86 90
16 24 75 22 22 23
16 25 76 29 22 28
16 26 81 22 18 25
16 27 0 87 86 98
16 28 41 58 50 59
16 29 81 22 23 18
16 30 69 38 33 40
16 31 66 38 33 30
16 32 99 12 5 3
16 33 23 79 70 67
16 34 38 61 59 64
16 35 14 84 84 84
16 36 83 22 21 23
16 37 33 69 62 59
17 18 52 49 54 39
17 19 97 4 7 2
17 20 73 27 23 33
17 21 97 5 3 3
17 22 0 95 85 88
17 23 82 25 17 14
17 24 83 28 18 22
17 25 27 73 67 64
17 26 5 91 81 92
17 27 72 30 38 28
17 28 57 45 49 50
17 29 17 78 79 82
17 30 52 46 51 43
17 31 32 62 62 69
17 32 27 61 66 70
17 33 17 79 84 71
17 34 14 76 86 81
17 35 32 58 65 59
17 36 44 56 52 58
17 37 59 48 49 43
18 19 78 18 28 20
18 20 30 60 61 64
18 21 75 36 30 21
18 22 53 43 46 53
18 23 2 82 83 84
18 24 37 63 56 62
18 25 15 75 73 78
18 26 16 78 81 72
18 27 48 56 48 53
18 28 28 68 75 70
18 29 43 60 50 51
18 30 51 53 53 46
18 31 3 90 88 88
18 32 44 51 52 57
18 33 15 85 83 80
18 34 19 80 78 72
18 35 3 95 89 84
18 36 11 87 86 80
18 37 71 26 29 35
19 20 85 15 23 14
19 21 80 24 26 16
19 22 45 58 48 53
19 23 25 73 66 77
19 24 86 16 21 12
19 25 73 34 35 33
19 26 13 78 76 79
19 27 26 72 71 73
19 28 67 37 32 36
19 29 64 37 42 30
19 30 40 56 51 59
19 31 37 58 57 59
19 32 51 43 47 42
19 33 39 58 58 62
19 34 70 30 25 37
19 35 80 30 19 30
19 36 9 77 77 90
19 37 96 6 11 7
20 21 13 75 83 74
20 22 20 79 75 76
20 23 76 27 26 30
20 24 94 14 13 9
20 25 27 63 68 67
20 26 34 64 59 67
20 27 57 48 39 45
20 28 58 47 44 39
20 29 49 44 52 51
20 30 30 62 70 67
20 31 9 89 80 84
20 32 3 88 96 88
20 33 27 73 74 65
20 34 95 5 16 18
20 35 25 71 69 70
20 36 64 38 42 39
20 37 52 44 48 52
21 22 77 25 27 19
21 23 80 17 30 27
21 24 94 15 10 14
21 25 81 27 15 24
21 26 3 94 92 93
21 27 61 36 35 36
21 28 47 45 49 51
21 29 57 41 48 48
21 30 61 46 47 37
21 31 37 68 61 63
21 32 75 21 25 33
21 33 72 25 23 25
21 34 63 35 43 45
21 35 47 55 50 58
21 36 33 65 69 61
21 37 17 70 77 79
22 23 99 0 5 14
22 24 83 16 25 20
22 25 79 17 27 26
22 26 8 89 83 86
22 27 20 72 70 81
22 28 92 8 11 14
22 29 79 23 24 30
22 30 33 71 58 58
22 31 89 10 17 18
22 32 80 22 24 20
22 33 42 52 49 50
22 34 93 8 10 17
22 35 1 88 91 91
22 36 17 75 85 72
22 37 12 83 86 87
23 24 50 44 46 43
23 25 73 32 24 24
23 26 67 30 38 41
23 27 45 49 58 54
23 28 31 72 73 63
23 29 40 50 60 51
23 30 94 16 10 15
23 31 70 34 37 38
23 32 33 57 64 60
23 33 3 94 96 93
23 34 22 69 71 67
23 35 55 43 42 48
23 36 10 82 76 84
23 37 99 3 6 11
24 25 4 89 87 91
24 26 48 49 58 49
24 27 38 64 56 52
24 28 32 64 70 67
24 29 83 27 14 19
24 30 3 85 90 85
24 31 1 84 93 84
24 32 68 40 32 36
24 33 1 96 93 96
24 34 15 72 72 74
24 35 8 87 89 81
24 36 90 18 15 20
24 37 30 73 63 68
25 26 74 35 34 28
25 27 63 44 33 44
25 28 23 70 67 78
25 29 73 32 29 32
25 30 47 55 52 50
25 31 76 28 31 26
25 32 22 66 74 77
25 33 85 17 13 24
25 34 91 22 21 19
25 35 92 8 11 14
25 36 85 18 12 15
25 37 6 88 84 90
26 27 27 70 69 65
26 28 86 20 24 22
26 29 88 21 23 23
26 30 74 31 26 34
26 31 69 35 33 34
26 32 10 88 84 77
26 33 76 25 22 24
26 34 52 45 51 48
26 35 87 24 18 22
26 36 11 77 89 81
26 37 2 97 91 87
27 28 87 24 23 23
27 29 16 84 83 82
27 30 72 32 31 30
27 31 91 16 11 20
27 32 63 37 35 45
27 33 2 94 85 88
27 34 32 58 69 71
27 35 57 37 37 47
27 36 40 58 63 61
27 37 17 74 75 80
28 29 92 9 15 11
28 30 83 20 20 28
28 31 7 88 91 90
28 32 43 55 48 49
28 33 27 67 62 65
28 34 16 83 73 81
28 35 83 23 23 24
28 36 96 3 16 3
28 37 72 36 23 32
29 30 86 14 19 19
29 31 78 28 27 21
29 32 62 32 41 32
29 33 6 93 88 80
29 34 24 64 76 72
29 35 71 32 28 32
29 36 67 30 30 41
29 37 95 4 9 17
30 31 45 48 56 47
30 32 3 82 87 87
30 33 66 33 35 40
30 34 66 40 36 41
30 35 20 78 81 72
30 36 29 68 74 66
30 37 30 69 73 64
31 32 96 3 7 8
31 33 37 53 60 62
31 34 94 16 10 16
31 35 17 72 78 74
31 36 6 92 90 81
31 37 82 28 14 28
32 33 7 86 91 84
32 34 84 14 17 24
32 35 48 58 49 46
32 36 64 39 41 42
32 37 55 48 46 40
33 34 83 15 26 27
33 35 99 6 2 8
33 36 90 20 13 15
33 37 83 15 21 21
34 35 20 70 82 70
34 36 51 45 53 56
34 37 32 65 60 59
35 36 93 19 17 14
35 37 60 42 44 47
36 37 28 64 62 70
