38
0 1 62 51 42 34
0 2 4 91 82 77
0 3 94 18 51 73
0 4 55 47 28 58
0 5 25 93 74 81
0 6 63 7 49 57
0 7 63 76 11 9
0 8 13 27 47 78
0 9 75 75 41 80
0 10 58 70 21 12
0 11 73 51 78 83
0 12 70 9 70 67
0 13 85 45 58 18
0 14 47 30 64 39
0 15 2 51 98 53
0 16 80 40 59 57
0 17 98 75 43 58
0 18 47 47 63 50
0 19 66 58 35 28
0 20 26 78 52 77
0 21 42 88 65 61
0 22 44 78 69 85
0 23 77 79 83 39
0 24 26 30 36 30
0 25 50 42 74 63
0 26 95 63 64 53
0 27 4 66 72 69
0 28 31 38 88 58
0 29 32 24 50 23
0 30 67 43 81 47
0 31 45 64 14 38
0 32 24 32 87 60
0 33 68 56 42 12
0 34 15 32 91 38
0 35 73 64 35 72
0 36 14 57 95 94
0 37 77 41 27 25
1 2 51 62 55 29
1 3 1 20 97 22
1 4 17 31 82 28
1 5 61 73 75 13
1 6 12 71 70 45
1 7 48 17 57 40
1 8 12 64 78 32
1 9 19 42 31 64
1 10 30 50 83 56
1 11 7 73 32 61
1 12 85 30 51 54
1 13 75 81 16 14
1 14 31 14 90 55
1 15 67 42 68 58
1 16 21 70 30 54
1 17 85 56 24 20
1 18 15 70 28 53
1 19 63 42 80 49
1 20 39 66 37 78
1 21 1 31 36 40
1 22 2 61 90 33
1 23 47 79 53 67
1 24 90 60 10 6
1 25 15 34 17 55
1 26 54 69 25 78
1 27 35 37 27 90
1 28 70 60 48 9
1 29 84 75 33 49
1 30 20 47 93 42
1 31 52 46 39 21
1 32 88 16 20 50
1 33 61 51 27 29
1 34 75 20 80 73
1 35 82 41 77 34
1 36 8 95 52 36
1 37 71 75 28 76
2 3 93 32 81 15
2 4 88 27 51 44
2 5 6 47 62 63
2 6 24 27 69 66
2 7 78 46 44 60
2 8 0 57 27 36
2 9 3 33 73 69
2 10 45 66 13 25
2 11 31 16 83 20
2 12 75 35 61 70
2 13 22 46 78 41
2 14 95 16 2 44
2 15 90 12 20 28
2 16 27 60 17 23
2 17 35 35 70 86
2 18 2 51 45 44
2 19 31 72 87 35
2 20 35 83 73 79
2 21 45 32 50 35
2 22 43 42 54 68
2 23 42 83 49 12
2 24 87 59 28 77
2 25 87 63 25 48
2 26 42 30 66 38
2 27 45 81 33 75
2 28 46 26 37 73
2 29 67 64 33 11
2 30 76 45 76 42
2 31 16 41 75 36
2 32 90 36 19 70
2 33 87 53 81 46
2 34 31 15 28 42
2 35 41 38 19 43
2 36 27 82 77 76
2 37 13 67 70 35
3 4 29 28 92 81
3 5 59 86 44 24
3 6 89 74 77 56
3 7 47 14 87 75
3 8 24 48 93 49
3 9 93 74 1 63
3 10 8 64 63 52
3 11 1 39 92 56
3 12 75 16 55 66
3 13 23 27 58 83
3 14 6 48 76 63
3 15 55 37 82 51
3 16 67 40 16 29
3 17 2 20 44 41
3 18 46 44 71 23
3 19 95 8 33 37
3 20 2 65 57 64
3 21 81 66 77 39
3 22 23 77 39 46
3 23 91 77 4 57
3 24 11 76 82 91
3 25 68 7 48 32
3 26 91 59 30 75
3 27 66 50 79 64
3 28 74 11 26 45
3 29 8 92 92 47
3 30 92 65 23 41
3 31 72 79 15 6
3 32 54 32 73 43
3 33 5 52 79 95
3 34 38 45 42 58
3 35 70 52 80 78
3 36 60 16 82 65
3 37 46 27 49 77
4 5 54 26 23 58
4 6 87 58 28 42
4 7 21 88 75 16
4 8 36 68 63 38
4 9 30 53 74 23
4 10 14 17 22 80
4 11 21 79 75 45
4 12 0 69 94 68
4 13 13 35 72 45
4 14 88 44 61 43
4 15 33 28 38 14
4 16 87 52 70 52
4 17 56 66 19 42
4 18 10 40 30 58
4 19 16 54 95 54
4 20 33 54 75 49
4 21 26 41 21 33
4 22 55 21 36 74
4 23 1 85 63 86
4 24 6 29 70 83
4 25 86 14 71 80
4 26 55 29 72 18
4 27 90 25 76 38
4 28 95 9 34 58
4 29 44 53 60 33
4 30 96 25 64 65
4 31 18 40 44 56
4 32 15 52 81 51
4 33 75 21 20 24
4 34 85 80 35 56
4 35 78 82 53 46
4 36 53 51 10 16
4 37 59 86 64 70
5 6 1 57 38 32
5 7 69 44 66 28
5 8 74 64 26 84
5 9 45 19 21 66
5 10 14 94 72 58
5 11 91 12 54 37
5 12 84 21 40 8
5 13 54 15 60 47
5 14 2 42 84 46
5 15 1 45 44 81
5 16 71 71 23 51
5 17 63 46 15 54
5 18 7 67 23 68
5 19 50 73 33 67
5 20 80 83 77 47
5 21 39 61 12 60
5 22 78 29 18 6
5 23 51 57 60 70
5 24 67 85 16 6
5 25 57 45 62 48
5 26 35 44 25 13
5 27 32 16 70 19
5 28 69 30 72 79
5 29 39 18 87 89
5 30 25 16 23 84
5 31 47 20 87 24
5 32 36 72 82 69
5 33 39 62 75 21
5 34 47 22 60 64
5 35 4 63 36 46
5 36 50 11 63 13
5 37 7 45 34 68
6 7 19 55 27 39
6 8 96 70 33 19
6 9 75 78 35 40
6 10 55 50 73 45
6 11 22 41 81 51
6 12 35 72 70 65
6 13 62 13 15 73
6 14 3 28 90 50
6 15 38 64 56 53
6 16 75 39 46 27
6 17 48 19 11 70
6 18 78 49 76 28
6 19 58 73 82 71
6 20 97 65 62 6
6 21 58 59 57 40
6 22 20 28 17 88
6 23 78 35 60 57
6 24 26 90 41 16
6 25 86 10 17 21
6 26 84 71 73 45
6 27 73 10 9 10
6 28 29 46 27 85
6 29 99 70 75 52
6 30 49 16 20 66
6 31 51 67 54 80
6 32 1 34 71 94
6 33 97 66 62 6
6 34 44 57 75 39
6 35 34 25 72 48
6 36 59 13 14 84
6 37 14 88 46 53
7 8 83 80 9 52
7 9 43 31 25 76
7 10 11 27 88 44
7 11 61 57 30 83
7 12 70 6 30 78
7 13 21 56 59 38
7 14 74 41 47 68
7 15 83 6 64 51
7 16 96 44 11 49
7 17 9 59 59 19
7 18 12 41 69 28
7 19 36 40 82 26
7 20 28 19 78 17
7 21 31 48 51 82
7 22 8 86 26 54
7 23 11 90 94 84
7 24 66 33 76 38
7 25 33 58 44 50
7 26 28 85 29 30
7 27 42 24 59 52
7 28 11 85 17 86
7 29 73 81 61 74
7 30 62 79 19 59
7 31 32 89 26 64
7 32 86 54 13 72
7 33 71 64 55 66
7 34 64 36 18 54
7 35 41 70 24 70
7 36 35 82 53 60
7 37 72 83 43 9
8 9 29 71 63 45
8 10 93 25 27 38
8 11 3 37 64 35
8 12 13 25 42 45
8 13 42 43 13 24
8 14 17 91 57 38
8 15 37 73 64 20
8 16 44 66 21 68
8 17 11 27 54 68
8 18 1 22 23 47
8 19 93 71 47 12
8 20 47 71 81 30
8 21 51 11 50 42
8 22 8 40 48 70
8 23 14 33 47 73
8 24 38 57 53 83
8 25 81 54 69 81
8 26 66 41 69 12
8 27 81 37 48 42
8 28 34 70 83 76
8 29 79 59 74 81
8 30 41 87 83 85
8 31 36 80 31 47
8 32 64 53 19 76
8 33 43 64 36 84
8 34 13 87 48 32
8 35 1 41 69 37
8 36 76 72 21 28
8 37 25 49 80 91
9 10 0 89 39 32
9 11 74 57 77 39
9 12 3 31 96 67
9 13 50 74 77 32
9 14 32 38 38 34
9 15 89 48 11 25
9 16 56 27 56 64
9 17 12 33 91 72
9 18 54 15 41 40
9 19 55 75 85 52
9 20 69 66 69 11
9 21 78 54 79 22
9 22 73 8 47 51
9 23 22 41 66 45
9 24 19 42 48 62
9 25 77 43 38 25
9 26 4 59 69 56
9 27 30 45 27 41
9 28 92 63 60 42
9 29 67 53 71 45
9 30 78 64 18 68
9 31 89 15 47 71
9 32 80 42 46 77
9 33 54 83 38 76
9 34 88 14 70 61
9 35 34 56 58 35
9 36 29 47 50 21
9 37 15 30 69 94
10 11 57 23 79 53
10 12 48 25 41 47
10 13 35 73 48 23
10 14 20 78 83 58
10 15 0 60 47 61
10 16 9 65 76 74
10 17 66 27 85 73
10 18 8 74 37 32
10 19 19 27 94 87
10 20 26 87 43 17
10 21 73 31 33 62
10 22 27 50 37 80
10 23 94 28 14 55
10 24 63 52 50 57
10 25 37 44 82 73
10 26 3 21 53 86
10 27 56 61 49 75
10 28 69 46 30 55
10 29 49 69 51 11
10 30 78 63 21 49
10 31 70 78 46 76
10 32 1 42 76 60
10 33 82 53 70 36
10 34 71 39 71 32
10 35 22 37 33 48
10 36 54 87 42 60
10 37 57 60 31 77
11 12 8 21 28 46
11 13 38 76 20 73
11 14 34 82 24 35
11 15 86 13 5 8
11 16 33 30 89 62
11 17 64 26 35 21
11 18 7 65 37 70
11 19 24 24 28 33
11 20 58 64 53 34
11 21 2 36 60 87
11 22 30 40 35 21
11 23 98 35 0 53
11 24 65 11 11 53
11 25 1 39 88 88
11 26 73 61 29 61
11 27 84 34 70 45
11 28 67 62 24 23
11 29 44 21 82 31
11 30 50 41 68 60
11 31 87 15 67 20
11 32 31 29 37 40
11 33 97 76 73 5
11 34 62 62 39 62
11 35 67 71 68 57
11 36 18 23 38 36
11 37 85 75 72 52
12 13 55 43 39 36
12 14 44 24 40 24
12 15 80 5 10 24
12 16 26 93 27 92
12 17 41 59 17 45
12 18 10 39 92 30
12 19 12 71 59 94
12 20 87 25 29 52
12 21 99 48 12 55
12 22 54 70 69 41
12 23 37 87 73 34
12 24 57 63 23 72
12 25 92 75 55 54
12 26 3 31 53 68
12 27 64 30 34 68
12 28 84 4 45 7
12 29 66 27 59 67
12 30 66 12 79 58
12 31 95 61 1 16
12 32 29 48 84 31
12 33 80 62 19 46
12 34 91 18 15 30
12 35 46 27 21 51
12 36 71 20 55 51
12 37 99 68 26 29
13 14 94 27 26 58
13 15 1 30 72 95
13 16 6 22 42 90
13 17 65 84 53 29
13 18 52 78 13 62
13 19 27 85 68 85
13 20 67 19 54 67
13 21 61 60 32 11
13 22 55 63 76 26
13 23 59 83 53 41
13 24 48 87 10 86
13 25 20 73 45 52
13 26 62 47 12 37
13 27 55 81 72 47
13 28 72 37 24 60
13 29 53 61 13 71
13 30 15 82 75 95
13 31 33 44 71 54
13 32 5 56 55 19
13 33 62 32 41 11
13 34 5 41 23 98
13 35 35 91 22 30
13 36 23 30 17 57
13 37 2 57 73 91
14 15 50 22 69 19
14 16 38 82 12 69
14 17 75 5 40 34
14 18 4 72 68 87
14 19 60 68 11 21
14 20 42 68 28 73
14 21 56 9 16 60
14 22 92 19 76 42
14 23 12 87 53 24
14 24 2 79 26 69
14 25 39 84 53 62
14 26 85 65 28 13
14 27 22 24 67 52
14 28 41 87 61 87
14 29 7 64 76 75
14 30 49 78 70 55
14 31 84 8 60 25
14 32 74 65 83 20
14 33 20 35 60 86
14 34 57 56 35 32
14 35 83 22 66 73
14 36 2 52 51 97
14 37 14 35 92 82
15 16 0 43 48 85
15 17 61 45 74 53
15 18 25 18 55 56
15 19 19 95 21 84
15 20 75 58 54 58
15 21 53 89 15 24
15 22 50 79 73 48
15 23 59 45 69 42
15 24 39 18 58 89
15 25 40 40 62 55
15 26 10 85 95 43
15 27 52 65 83 13
15 28 36 50 56 16
15 29 25 88 94 31
15 30 27 27 82 15
15 31 62 60 84 36
15 32 77 51 15 8
15 33 81 10 50 14
15 34 16 69 63 24
15 35 86 74 33 68
15 36 15 20 55 59
15 37 75 5 30 18
16 17 52 34 39 44
16 18 41 88 47 21
16 19 32 69 80 70
16 20 71 65 19 47
16 21 1 31 29 50
16 22 99 54 20 12
16 23 57 30 80 63
16 24 48 82 71 77
16 25 17 85 53 86
16 26 81 4 54 34
16 27 76 81 68 54
16 28 41 76 36 55
16 29 90 73 61 30
16 30 56 47 66 56
16 31 73 28 83 11
16 32 54 52 85 14
16 33 28 15 20 65
16 34 34 30 61 41
16 35 67 65 9 82
16 36 86 12 5 27
16 37 83 52 17 55
17 18 50 73 59 19
17 19 45 52 63 28
17 20 23 36 28 75
17 21 59 13 71 26
17 22 23 20 66 78
17 23 50 35 35 45
17 24 67 20 61 46
17 25 5 79 74 55
17 26 97 15 7 78
17 27 8 79 35 35
17 28 92 14 51 21
17 29 63 26 79 61
17 30 20 38 92 71
17 31 73 59 24 28
17 32 7 98 62 82
17 33 35 48 71 25
17 34 26 53 57 81
17 35 0 57 62 37
17 36 56 88 44 22
17 37 21 65 81 33
18 19 9 67 32 91
18 20 73 65 53 64
18 21 26 53 43 73
18 22 40 56 25 59
18 23 28 24 83 25
18 24 37 30 14 86
18 25 15 69 80 66
18 26 87 71 57 78
18 27 2 63 96 31
18 28 65 63 49 41
18 29 1 21 33 83
18 30 22 89 95 40
18 31 37 41 27 81
18 32 55 32 50 39
18 33 10 72 24 46
18 34 49 15 59 83
18 35 22 63 27 55
18 36 31 24 50 50
18 37 11 70 27 70
19 20 61 71 22 14
19 21 87 16 23 14
19 22 17 28 64 71
19 23 27 72 33 78
19 24 28 91 74 53
19 25 14 90 49 61
19 26 65 79 73 59
19 27 87 15 63 21
19 28 5 53 74 48
19 29 88 31 64 40
19 30 74 38 8 36
19 31 58 69 67 72
19 32 0 54 49 76
19 33 64 20 12 69
19 34 42 27 27 28
19 35 50 81 59 71
19 36 70 52 9 14
19 37 16 49 22 70
20 21 70 82 14 58
20 22 36 17 52 14
20 23 23 34 78 29
20 24 49 67 30 31
20 25 33 20 44 60
20 26 99 20 60 30
20 27 51 57 46 77
20 28 66 32 34 14
20 29 80 55 9 50
20 30 8 72 61 40
20 31 60 74 58 13
20 32 34 30 16 46
20 33 23 94 58 62
20 34 94 55 50 45
20 35 31 31 83 52
20 36 99 75 14 26
20 37 56 68 50 82
21 22 14 56 52 61
21 23 34 61 28 29
21 24 34 77 50 25
21 25 69 47 58 43
21 26 37 88 82 28
21 27 85 14 27 7
21 28 97 58 67 67
21 29 73 31 66 73
21 30 85 73 7 13
21 31 63 33 11 19
21 32 26 31 82 77
21 33 36 62 79 30
21 34 19 46 21 67
21 35 75 43 54 80
21 36 14 80 40 31
21 37 10 49 46 81
22 23 96 35 80 49
22 24 85 62 41 82
22 25 27 19 41 87
22 26 75 26 77 31
22 27 11 20 50 48
22 28 18 74 25 30
22 29 80 69 29 63
22 30 69 33 71 58
22 31 44 76 76 25
22 32 81 79 42 45
22 33 80 16 13 16
22 34 13 49 91 68
22 35 48 26 82 30
22 36 44 57 67 61
22 37 44 63 77 85
23 24 43 29 43 35
23 25 7 31 80 38
23 26 36 52 65 50
23 27 74 31 67 28
23 28 23 44 16 45
23 29 17 82 87 24
23 30 33 41 58 73
23 31 45 28 24 66
23 32 22 87 62 60
23 33 14 72 40 34
23 34 20 40 17 46
23 35 9 28 39 28
23 36 11 62 27 89
23 37 91 4 5 26
24 25 33 91 80 56
24 26 65 33 46 34
24 27 48 52 26 87
24 28 34 23 58 65
24 29 5 30 71 21
24 30 0 60 60 43
24 31 3 88 91 54
24 32 40 49 55 52
24 33 23 68 36 28
24 34 78 20 16 62
24 35 70 10 30 35
24 36 19 71 69 70
24 37 42 65 22 89
25 26 18 31 39 25
25 27 10 48 90 79
25 28 19 88 53 95
25 29 41 65 16 31
25 30 58 30 42 18
25 31 56 68 53 67
25 32 92 40 62 61
25 33 59 68 73 82
25 34 50 35 88 15
25 35 11 81 51 44
25 36 27 22 29 66
25 37 15 89 30 87
26 27 31 78 83 17
26 28 70 76 19 65
26 29 81 10 32 32
26 30 91 18 36 9
26 31 80 21 8 6
26 32 62 81 10 53
26 33 57 23 30 29
26 34 73 74 22 16
26 35 70 66 27 20
26 36 35 75 68 40
26 37 30 72 54 64
27 28 48 21 23 15
27 29 24 78 33 73
27 30 0 56 78 46
27 31 85 69 39 44
27 32 11 69 26 24
27 33 44 79 62 76
27 34 82 47 18 36
27 35 9 79 22 53
27 36 98 34 60 68
27 37 28 75 15 37
28 29 25 52 93 18
28 30 58 51 55 73
28 31 8 28 54 64
28 32 60 82 14 23
28 33 78 45 50 39
28 34 12 58 82 73
28 35 81 42 22 82
28 36 61 53 45 51
28 37 87 13 43 70
29 30 20 22 50 54
29 31 76 62 17 25
29 32 20 37 94 54
29 33 2 54 19 36
29 34 1 48 39 37
29 35 63 71 10 86
29 36 60 66 15 23
29 37 79 70 39 15
30 31 9 70 68 71
30 32 74 9 71 76
30 33 57 17 45 87
30 34 87 17 14 22
30 35 79 52 16 43
30 36 92 27 9 39
30 37 45 17 60 42
31 32 30 45 55 88
31 33 73 31 40 62
31 34 79 61 51 60
31 35 97 22 69 59
31 36 96 13 71 22
31 37 80 31 75 46
32 33 91 61 29 59
32 34 46 83 79 15
32 35 44 37 70 24
32 36 25 49 81 31
32 37 44 24 64 48
33 34 62 27 79 26
33 35 51 66 41 64
33 36 68 47 15 86
33 37 41 75 80 60
34 35 5 47 78 28
34 36 29 66 23 23
34 37 95 45 28 17
35 36 7 81 95 44
35 37 66 24 13 62
36 37 33 46 22 70
