40
0 1 5 80 84 81
0 2 77 20 23 22
0 3 33 63 66 63
0 4 88 21 22 20
0 5 24 73 75 70
0 6 86 25 25 16
0 7 26 76 65 73
0 8 1 87 93 85
0 9 7 85 86 81
0 10 51 54 51 48
0 11 26 72 66 69
0 12 10 79 89 83
0 13 16 72 70 82
0 14 0 93 97 85
0 15 6 94 93 93
0 16 24 64 68 75
0 17 31 62 63 60
0 18 28 70 71 73
0 19 15 74 72 83
0 20 73 32 27 27
0 21 72 36 32 26
0 22 51 47 55 49
0 23 26 77 67 75
0 24 32 63 65 64
0 25 32 67 70 64
0 26 89 12 17 18
0 27 97 12 12 5
0 28 77 28 18 24
0 29 5 89 94 84
0 30 63 42 35 45
0 31 50 50 52 55
0 32 76 29 30 32
0 33 42 62 55 62
0 34 99 5 11 6
0 35 81 23 15 16
0 36 31 62 63 70
0 37 75 30 32 33
0 38 63 35 45 36
0 39 28 65 72 71
1 2 48 49 54 57
1 3 78 29 25 30
1 4 60 43 41 34
1 5 85 18 21 21
1 6 84 25 27 21
1 7 33 63 65 68
1 8 23 75 70 71
1 9 23 65 75 70
1 10 62 35 34 33
1 11 60 34 36 40
1 12 82 27 27 28
1 13 93 20 17 11
1 14 85 23 15 12
1 15 37 66 59 67
1 16 79 17 24 19
1 17 81 27 17 16
1 18 25 72 75 66
1 19 16 82 72 82
1 20 91 17 18 16
1 21 64 37 30 39
1 22 70 31 38 33
1 23 26 74 65 77
1 24 37 56 63 60
1 25 98 11 5 9
1 26 43 57 53 56
1 27 98 9 3 3
1 28 26 74 72 76
1 29 84 27 23 24
1 30 81 27 28 20
1 31 98 5 15 7
1 32 56 51 41 48
1 33 84 23 26 24
1 34 6 79 83 87
1 35 13 76 76 81
1 36 43 52 55 61
1 37 46 54 49 52
1 38 12 85 87 82
1 39 20 73 77 71
2 3 85 15 17 22
2 4 38 61 66 61
2 5 20 73 73 79
2 6 8 81 84 80
2 7 48 52 49 46
2 8 54 39 50 40
2 9 34 55 58 56
2 10 91 11 7 17
2 11 10 76 80 76
2 12 56 48 46 45
2 13 76 33 20 22
2 14 61 44 35 36
2 15 55 39 39 43
2 16 14 81 77 74
2 17 65 42 31 40
2 18 67 33 37 41
2 19 81 20 28 22
2 20 50 51 44 52
2 21 8 84 82 86
2 22 4 93 88 88
2 23 21 68 71 71
2 24 9 87 85 82
2 25 80 19 21 29
2 26 70 38 29 36
2 27 38 55 58 54
2 28 45 54 48 55
2 29 92 10 16 8
2 30 72 33 27 32
2 31 88 22 10 23
2 32 99 11 0 15
2 33 66 34 37 38
2 34 61 47 42 34
2 35 77 19 20 33
2 36 70 26 33 33
2 37 10 82 90 80
2 38 15 84 76 78
2 39 63 44 38 38
3 4 85 19 20 17
3 5 35 65 62 64
3 6 93 17 7 19
3 7 9 76 89 82
3 8 87 16 18 16
3 9 16 82 77 85
3 10 19 77 79 74
3 11 24 71 72 71
3 12 82 23 18 18
3 13 44 60 60 55
3 14 88 18 10 15
3 15 43 58 54 55
3 16 23 73 75 66
3 17 77 25 23 33
3 18 16 85 82 77
3 19 47 54 55 56
3 20 62 43 45 46
3 21 10 78 77 84
3 22 28 75 68 64
3 23 58 37 44 49
3 24 65 41 29 36
3 25 73 30 37 25
3 26 73 23 26 33
3 27 46 45 56 54
3 28 64 38 40 33
3 29 26 64 65 76
3 30 58 47 42 40
3 31 52 41 52 47
3 32 98 7 1 1
3 33 27 65 64 73
3 34 33 61 67 62
3 35 53 51 48 47
3 36 79 23 28 21
3 37 56 41 46 47
3 38 98 2 16 7
3 39 41 60 54 57
4 5 60 40 36 39
4 6 17 72 71 72
4 7 15 86 85 76
4 8 80 28 26 25
4 9 67 33 31 30
4 10 17 84 83 78
4 11 61 44 37 33
4 12 8 87 90 84
4 13 95 9 13 18
4 14 88 12 18 20
4 15 95 7 8 14
4 16 70 30 34 37
4 17 99 1 2 3
4 18 6 90 84 87
4 19 51 51 44 48
4 20 1 94 84 95
4 21 29 69 73 65
4 22 58 48 37 37
4 23 6 82 80 86
4 24 51 49 48 46
4 25 2 84 87 85
4 26 17 84 77 74
4 27 78 25 22 22
4 28 31 69 60 62
4 29 69 38 32 33
4 30 51 44 46 45
4 31 37 66 61 60
4 32 49 53 51 45
4 33 76 27 31 29
4 34 72 32 28 37
4 35 62 36 43 37
4 36 67 33 30 42
4 37 74 24 28 22
4 38 61 41 38 36
4 39 58 38 46 44
5 6 12 85 83 74
5 7 78 18 31 25
5 8 85 12 23 25
5 9 72 27 35 26
5 10 27 63 62 70
5 11 1 90 83 93
5 12 79 27 18 24
5 13 33 70 56 60
5 14 63 45 44 40
5 15 70 36 28 36
5 16 60 47 38 41
5 17 29 68 67 62
5 18 98 9 12 12
5 19 37 67 56 54
5 20 12 79 87 80
5 21 21 75 67 73
5 22 98 14 3 4
5 23 19 74 71 70
5 24 11 86 80 90
5 25 15 78 77 72
5 26 25 70 77 72
5 27 62 45 33 36
5 28 27 69 71 74
5 29 64 41 38 38
5 30 48 51 55 43
5 31 42 54 51 49
5 32 32 66 71 57
5 33 18 81 76 81
5 34 22 67 79 76
5 35 34 60 57 57
5 36 40 63 53 56
5 37 54 44 45 50
5 38 14 81 79 79
5 39 84 16 25 13
6 7 43 61 57 51
6 8 91 21 20 13
6 9 85 14 21 23
6 10 21 71 68 76
6 11 40 56 62 63
6 12 82 20 15 23
6 13 64 35 34 41
6 14 61 33 32 46
6 15 63 39 36 45
6 16 77 31 32 29
6 17 61 36 42 46
6 18 65 38 29 37
6 19 90 23 10 20
6 20 90 11 9 17
6 21 45 49 59 51
6 22 98 7 1 15
6 23 96 11 4 7
6 24 47 44 47 52
6 25 34 60 61 56
6 26 0 93 92 96
6 27 4 84 81 82
6 28 71 34 38 36
6 29 42 61 57 52
6 30 39 62 51 55
6 31 5 87 90 88
6 32 28 61 74 66
6 33 67 29 33 41
6 34 30 63 68 67
6 35 26 66 72 73
6 36 68 38 31 27
6 37 24 72 73 71
6 38 36 54 66 64
6 39 93 16 18 17
7 8 2 97 85 85
7 9 3 84 94 91
7 10 83 19 28 14
7 11 62 37 34 33
7 12 42 54 55 55
7 13 84 27 25 22
7 14 20 77 81 76
7 15 89 15 14 16
7 16 93 7 18 7
7 17 91 21 21 19
7 18 50 55 45 55
7 19 40 57 61 51
7 20 66 42 40 28
7 21 28 74 67 61
7 22 5 92 93 89
7 23 19 76 77 68
7 24 70 37 37 39
7 25 18 70 78 82
7 26 30 61 72 59
7 27 55 43 44 47
7 28 39 57 62 55
7 29 7 82 85 80
7 30 20 72 78 82
7 31 22 67 80 77
7 32 98 2 12 5
7 33 96 17 4 13
7 34 82 22 16 18
7 35 13 84 86 80
7 36 51 44 45 42
7 37 96 7 3 3
7 38 69 31 36 37
7 39 17 78 78 82
8 9 78 19 19 31
8 10 32 59 70 63
8 11 60 40 34 47
8 12 39 62 56 52
8 13 54 42 50 41
8 14 49 47 56 49
8 15 51 46 45 45
8 16 34 61 68 60
8 17 9 85 76 76
8 18 57 47 37 36
8 19 61 47 41 38
8 20 54 50 51 50
8 21 44 47 58 56
8 22 48 50 57 50
8 23 66 35 29 32
8 24 4 93 87 92
8 25 92 14 19 7
8 26 20 73 82 69
8 27 83 28 15 27
8 28 66 34 37 33
8 29 40 52 61 52
8 30 8 89 84 92
8 31 14 74 72 83
8 32 78 27 22 26
8 33 70 28 36 29
8 34 89 17 15 18
8 35 33 65 66 67
8 36 42 63 54 51
8 37 63 32 31 42
8 38 46 59 47 50
8 39 92 9 12 8
9 10 68 32 38 36
9 11 70 25 25 37
9 12 96 9 15 16
9 13 39 58 65 54
9 14 9 87 80 91
9 15 5 89 87 87
9 16 0 86 91 89
9 17 77 25 19 23
9 18 80 24 29 29
9 19 25 75 66 70
9 20 58 44 43 47
9 21 14 72 85 80
9 22 68 30 38 31
9 23 27 68 75 75
9 24 44 47 51 59
9 25 45 52 59 57
9 26 48 55 56 55
9 27 27 68 63 69
9 28 64 44 39 38
9 29 59 36 48 46
9 30 59 43 39 43
9 31 99 14 2 1
9 32 46 45 58 51
9 33 97 11 13 13
9 34 32 66 57 64
9 35 21 75 73 77
9 36 82 19 20 19
9 37 2 85 85 86
9 38 20 73 67 71
9 39 85 16 19 22
10 11 20 80 75 72
10 12 27 63 71 71
10 13 7 79 84 79
10 14 13 83 77 81
10 15 52 50 51 53
10 16 48 50 47 51
10 17 87 15 14 19
10 18 67 34 41 28
10 19 29 60 71 63
10 20 3 87 93 87
10 21 0 94 94 85
10 22 89 17 14 19
10 23 12 80 77 83
10 24 19 69 71 70
10 25 4 89 83 82
10 26 23 66 72 67
10 27 29 66 70 60
10 28 5 86 83 83
10 29 4 90 84 88
10 30 32 64 69 59
10 31 74 31 23 25
10 32 15 82 86 83
10 33 47 45 49 56
10 34 85 25 19 25
10 35 81 20 26 28
10 36 1 90 83 88
10 37 90 21 16 21
10 38 44 51 51 51
10 39 53 45 42 53
11 12 98 4 13 7
11 13 64 33 43 44
11 14 92 19 12 8
11 15 63 40 43 42
11 16 20 78 79 73
11 17 20 77 78 71
11 18 29 65 63 72
11 19 70 30 31 28
11 20 60 41 47 48
11 21 34 61 56 66
11 22 34 56 57 56
11 23 30 62 59 68
11 24 92 7 6 16
11 25 79 27 30 19
11 26 50 50 45 45
11 27 30 69 70 71
11 28 33 71 58 69
11 29 61 41 40 44
11 30 66 37 28 35
11 31 49 46 47 47
11 32 80 23 22 26
11 33 87 19 13 24
11 34 59 38 36 45
11 35 67 38 36 27
11 36 58 39 46 46
11 37 77 33 28 27
11 38 87 18 20 12
11 39 94 11 13 6
12 13 35 67 66 64
12 14 9 90 91 88
12 15 26 64 73 74
12 16 74 26 27 31
12 17 40 57 51 63
12 18 34 63 67 65
12 19 50 55 55 42
12 20 28 71 65 62
12 21 65 36 33 30
12 22 32 60 71 65
12 23 49 53 48 56
12 24 9 89 91 81
12 25 34 64 66 62
12 26 92 20 11 7
12 27 22 73 68 67
12 28 85 16 23 22
12 29 47 46 49 46
12 30 81 16 20 30
12 31 59 48 40 37
12 32 75 30 29 24
12 33 60 34 38 34
12 34 72 25 26 28
12 35 89 18 20 13
12 36 76 34 31 28
12 37 63 33 45 41
12 38 18 78 82 80
12 39 26 75 76 64
13 14 42 63 58 61
13 15 85 25 26 14
13 16 80 24 22 30
13 17 95 13 16 14
13 18 56 44 46 45
13 19 65 43 30 44
13 20 82 16 24 17
13 21 55 41 46 50
13 22 87 19 17 21
13 23 41 52 56 53
13 24 98 4 4 12
13 25 80 23 23 17
13 26 24 67 68 67
13 27 54 53 45 46
13 28 21 69 71 74
13 29 87 21 21 18
13 30 56 37 49 51
13 31 4 91 86 92
13 32 30 71 65 72
13 33 55 40 39 44
13 34 27 67 74 73
13 35 42 60 49 56
13 36 2 94 86 96
13 37 69 28 38 38
13 38 46 47 51 48
13 39 1 89 87 98
14 15 42 63 54 50
14 16 83 26 20 15
14 17 86 15 26 19
14 18 11 78 84 78
14 19 75 24 24 32
14 20 82 25 15 23
14 21 7 78 90 83
14 22 59 39 48 35
14 23 6 89 82 86
14 24 9 89 81 89
14 25 33 69 61 61
14 26 95 15 4 13
14 27 77 25 19 31
14 28 43 60 61 52
14 29 13 80 84 74
14 30 73 31 24 27
14 31 62 35 33 41
14 32 66 42 32 31
14 33 16 78 76 72
14 34 74 33 31 30
14 35 13 78 76 82
14 36 44 57 49 53
14 37 11 89 76 78
14 38 17 80 71 74
14 39 23 68 78 71
15 16 37 58 64 53
15 17 16 79 78 82
15 18 87 16 11 25
15 19 68 31 30 32
15 20 24 74 79 68
15 21 46 55 49 45
15 22 45 57 57 57
15 23 23 75 77 78
15 24 16 77 83 78
15 25 64 34 42 32
15 26 3 94 96 83
15 27 26 68 63 73
15 28 51 50 40 47
15 29 68 33 34 31
15 30 63 39 44 39
15 31 69 26 28 37
15 32 55 39 53 39
15 33 98 14 6 8
15 34 36 64 54 66
15 35 80 30 21 27
15 36 13 74 85 86
15 37 67 31 38 33
15 38 65 39 43 37
15 39 87 13 11 19
16 17 31 70 64 64
16 18 93 6 11 10
16 19 47 56 51 50
16 20 98 9 9 4
16 21 97 4 4 15
16 22 93 19 12 16
16 23 21 68 81 68
16 24 8 92 92 78
16 25 6 83 89 84
16 26 2 90 92 96
16 27 32 67 58 66
16 28 86 18 13 18
16 29 61 47 41 35
16 30 48 51 51 47
16 31 26 68 75 71
16 32 59 44 42 44
16 33 68 31 38 41
16 34 70 37 30 37
16 35 33 63 70 65
16 36 48 53 45 55
16 37 72 23 27 36
16 38 4 83 84 95
16 39 85 24 26 14
17 18 63 45 40 39
17 19 98 3 16 10
17 20 45 59 46 51
17 21 37 58 67 63
17 22 80 25 17 28
17 23 14 74 82 86
17 24 31 73 68 63
17 25 22 77 74 67
17 26 13 82 79 83
17 27 1 84 99 89
17 28 32 64 69 61
17 29 92 19 15 19
17 30 33 59 60 61
17 31 63 44 31 44
17 32 85 20 14 13
17 33 34 64 62 66
17 34 23 73 72 72
17 35 55 49 52 51
17 36 74 24 33 35
17 37 30 70 65 59
17 38 25 68 64 70
17 39 92 13 7 19
18 19 77 30 33 27
18 20 34 70 57 61
18 21 94 13 11 17
18 22 85 14 17 18
18 23 25 63 72 74
18 24 5 92 91 88
18 25 23 75 74 75
18 26 26 69 71 63
18 27 58 43 43 49
18 28 36 58 60 55
18 29 50 56 54 56
18 30 84 23 27 19
18 31 12 82 74 85
18 32 8 81 91 91
18 33 88 11 20 18
18 34 5 87 91 87
18 35 45 55 60 55
18 36 90 21 7 18
18 37 82 24 22 21
18 38 50 48 47 46
18 39 90 11 17 8
19 20 26 67 64 70
19 21 73 25 33 32
19 22 50 52 45 45
19 23 90 15 12 16
19 24 73 28 27 31
19 25 3 86 83 86
19 26 32 69 58 58
19 27 41 53 59 55
19 28 81 20 21 18
19 29 42 61 54 57
19 30 10 87 90 81
19 31 83 22 16 17
19 32 7 91 80 89
19 33 96 10 12 4
19 34 57 43 36 44
19 35 88 14 24 9
19 36 62 43 33 35
19 37 69 32 39 32
19 38 11 75 87 79
19 39 59 37 38 40
20 21 39 59 60 63
20 22 14 77 77 76
20 23 14 76 81 87
20 24 88 14 18 9
20 25 57 44 43 51
20 26 31 71 66 68
20 27 42 62 62 50
20 28 94 6 14 14
20 29 42 54 61 49
20 30 70 25 25 36
20 31 98 3 8 16
20 32 74 22 22 24
20 33 10 77 88 87
20 34 34 59 66 63
20 35 26 73 75 74
20 36 81 28 30 21
20 37 66 41 41 33
20 38 37 54 62 54
20 39 64 31 31 36
21 22 65 30 41 36
21 23 48 53 44 57
21 24 56 46 42 39
21 25 61 43 40 41
21 26 91 12 12 15
21 27 96 9 13 14
21 28 27 72 68 62
21 29 36 64 61 63
21 30 9 81 78 80
21 31 12 86 85 86
21 32 82 23 19 14
21 33 41 51 55 62
21 34 21 82 73 72
21 35 93 6 6 11
21 36 32 59 65 62
21 37 56 43 51 50
21 38 13 84 81 85
21 39 30 73 73 63
22 23 90 19 19 18
22 24 66 40 31 37
22 25 55 52 52 45
22 26 7 91 79 90
22 27 87 10 11 17
22 28 31 62 69 63
22 29 15 76 73 76
22 30 66 32 29 36
22 31 78 31 24 22
22 32 7 89 90 88
22 33 21 69 80 73
22 34 54 49 44 53
22 35 13 81 86 85
22 36 2 90 85 86
22 37 25 64 69 64
22 38 99 14 1 13
22 39 9 78 81 85
23 24 8 90 84 83
23 25 77 31 22 30
23 26 69 30 29 31
23 27 35 69 69 67
23 28 25 77 71 67
23 29 27 74 73 68
23 30 5 83 87 84
23 31 56 39 50 41
23 32 78 26 32 23
23 33 95 5 5 13
23 34 41 54 50 59
23 35 92 18 13 16
23 36 88 11 19 22
23 37 18 76 74 79
23 38 18 81 78 77
23 39 16 80 84 73
24 25 86 11 16 15
24 26 63 38 42 31
24 27 78 28 22 21
24 28 77 21 19 26
24 29 73 25 31 32
24 30 45 48 53 47
24 31 51 55 49 50
24 32 66 42 35 39
24 33 1 94 93 93
24 34 43 50 55 63
24 35 11 76 86 89
24 36 60 42 40 35
24 37 9 83 77 77
24 38 13 79 82 77
24 39 29 64 73 67
25 26 18 83 69 76
25 27 87 23 12 18
25 28 52 40 55 46
25 29 22 78 76 66
25 30 23 65 75 74
25 31 25 68 72 71
25 32 89 17 13 16
25 33 35 59 59 62
25 34 88 17 14 13
25 35 81 17 15 21
25 36 20 72 74 71
25 37 43 51 48 58
25 38 35 66 69 65
25 39 39 52 61 56
26 27 35 66 68 57
26 28 87 19 10 17
26 29 88 13 21 20
26 30 53 40 53 45
26 31 32 68 64 66
26 32 87 11 10 18
26 33 91 13 10 14
26 34 14 83 79 75
26 35 97 15 12 2
26 36 47 50 57 52
26 37 76 28 27 23
26 38 58 38 38 39
26 39 59 42 39 48
27 28 81 16 23 18
27 29 83 15 19 23
27 30 29 61 65 62
27 31 80 23 18 16
27 32 8 79 79 84
27 33 87 24 23 20
27 34 6 91 93 88
27 35 8 78 92 87
27 36 64 39 31 33
27 37 61 46 43 38
27 38 20 79 81 79
27 39 64 43 36 42
28 29 11 89 86 79
28 30 36 62 69 65
28 31 40 52 51 51
28 32 64 33 43 37
28 33 98 3 14 2
28 34 33 66 64 68
28 35 4 90 82 88
28 36 75 35 25 33
28 37 22 79 73 71
28 38 77 28 32 20
28 39 80 20 26 21
29 30 24 68 75 74
29 31 89 15 11 14
29 32 64 32 39 33
29 33 1 93 88 95
29 34 62 31 46 45
29 35 43 57 52 59
29 36 7 80 82 87
29 37 78 21 30 21
29 38 87 15 16 21
29 39 19 77 73 82
30 31 71 34 33 35
30 32 77 31 32 24
30 33 37 53 61 55
30 34 37 59 59 62
30 35 50 51 56 57
30 36 16 82 76 82
30 37 9 90 89 89
30 38 81 26 17 17
30 39 92 6 6 8
31 32 83 17 19 14
31 33 66 39 41 34
31 34 41 64 58 54
31 35 93 11 20 15
31 36 86 11 11 23
31 37 29 62 74 61
31 38 69 40 36 31
31 39 63 32 40 41
32 33 21 79 76 80
32 34 25 74 63 66
32 35 93 14 9 18
32 36 86 19 21 18
32 37 59 38 35 48
32 38 18 71 76 84
32 39 4 92 85 92
33 34 83 23 13 22
33 35 31 64 73 60
33 36 84 25 14 24
33 37 96 14 15 18
33 38 6 91 91 91
33 39 61 45 44 33
34 35 58 38 48 39
34 36 66 29 42 31
34 37 56 39 43 48
34 38 72 29 34 28
34 39 12 80 87 80
35 36 64 41 35 30
35 37 16 82 80 75
35 38 35 69 67 65
35 39 20 69 74 74
36 37 88 18 15 23
36 38 59 35 43 45
36 39 48 44 51 44
37 38 73 27 23 32
37 39 90 13 13 13
38 39 66 34 40 35
