40
0 1 12 28 64 43
0 2 10 22 29 71
0 3 88 29 66 74
0 4 68 51 32 51
0 5 89 72 18 44
0 6 75 28 51 4
0 7 88 29 78 2
0 8 50 17 23 44
0 9 1 49 75 22
0 10 98 1 55 64
0 11 54 73 66 40
0 12 34 45 73 54
0 13 17 49 76 60
0 14 89 42 4 17
0 15 31 45 55 65
0 16 49 29 37 77
0 17 83 72 17 51
0 18 14 45 26 93
0 19 70 24 18 81
0 20 73 52 33 48
0 21 62 78 42 28
0 22 76 17 14 82
0 23 50 84 72 40
0 24 24 50 27 46
0 25 98 29 56 43
0 26 51 27 88 57
0 27 71 50 63 63
0 28 1 32 79 69
0 29 18 38 60 25
0 30 51 15 62 62
0 31 29 73 22 63
0 32 24 27 15 75
0 33 47 80 61 83
0 34 38 27 79 15
0 35 1 50 79 46
0 36 28 31 15 86
0 37 95 53 72 36
0 38 6 21 67 72
0 39 90 31 76 51
1 2 35 30 77 59
1 3 58 9 87 87
1 4 76 41 18 33
1 5 86 17 64 15
1 6 41 15 25 35
1 7 25 78 92 39
1 8 90 56 50 61
1 9 87 73 81 62
1 10 52 56 77 77
1 11 35 57 48 70
1 12 3 25 54 34
1 13 32 48 50 90
1 14 5 76 34 79
1 15 30 63 63 43
1 16 35 24 40 39
1 17 41 89 36 13
1 18 45 15 62 54
1 19 87 67 68 75
1 20 88 38 32 17
1 21 56 86 53 19
1 22 51 76 88 31
1 23 25 32 87 67
1 24 45 56 60 27
1 25 49 57 31 47
1 26 59 79 50 45
1 27 3 80 22 76
1 28 72 74 32 24
1 29 55 52 57 44
1 30 66 53 67 31
1 31 57 65 30 12
1 32 36 65 38 41
1 33 66 78 48 35
1 34 24 71 30 47
1 35 13 79 95 44
1 36 41 43 50 86
1 37 38 46 71 63
1 38 52 27 49 21
1 39 63 82 44 66
2 3 2 27 44 68
2 4 39 55 47 85
2 5 58 52 8 83
2 6 99 16 34 23
2 7 20 20 44 82
2 8 65 82 37 13
2 9 32 26 38 54
2 10 35 89 51 92
2 11 18 41 23 81
2 12 12 45 32 91
2 13 85 15 27 46
2 14 74 50 23 27
2 15 59 31 68 54
2 16 34 21 93 63
2 17 62 50 29 74
2 18 81 74 53 69
2 19 78 40 23 37
2 20 2 72 73 26
2 21 35 49 71 34
2 22 89 47 40 31
2 23 28 17 85 35
2 24 28 79 21 81
2 25 16 36 66 36
2 26 71 84 17 58
2 27 74 21 77 49
2 28 57 26 50 54
2 29 85 76 35 64
2 30 45 49 23 82
2 31 38 56 49 46
2 32 88 32 12 30
2 33 77 25 49 70
2 34 31 60 30 91
2 35 27 83 65 86
2 36 35 15 81 24
2 37 45 50 12 84
2 38 7 77 41 64
2 39 98 36 38 77
3 4 32 81 47 16
3 5 87 67 75 19
3 6 78 61 9 54
3 7 28 70 71 75
3 8 47 68 12 70
3 9 10 40 83 70
3 10 45 86 19 55
3 11 65 61 78 38
3 12 21 26 31 35
3 13 55 48 42 23
3 14 80 82 50 64
3 15 94 16 56 19
3 16 17 26 55 52
3 17 63 71 46 81
3 18 19 36 36 66
3 19 65 15 27 38
3 20 86 71 47 25
3 21 15 78 81 96
3 22 65 80 76 12
3 23 24 60 50 75
3 24 59 19 74 27
3 25 78 82 9 14
3 26 49 20 37 10
3 27 7 92 30 67
3 28 81 73 50 9
3 29 84 58 10 20
3 30 67 59 30 34
3 31 72 57 23 50
3 32 24 68 54 73
3 33 20 69 39 82
3 34 21 45 22 57
3 35 22 40 65 25
3 36 78 9 83 47
3 37 0 81 92 49
3 38 23 18 80 41
3 39 44 35 65 26
4 5 59 63 36 64
4 6 26 74 86 74
4 7 60 77 69 36
4 8 15 82 34 45
4 9 90 77 51 6
4 10 52 37 48 46
4 11 81 21 75 54
4 12 33 31 21 49
4 13 35 38 52 22
4 14 24 81 59 77
4 15 12 32 81 72
4 16 40 77 33 61
4 17 24 41 78 20
4 18 59 73 69 72
4 19 64 54 7 18
4 20 59 44 28 77
4 21 94 80 51 72
4 22 85 16 43 54
4 23 54 84 18 87
4 24 75 17 80 31
4 25 37 49 37 73
4 26 63 59 63 84
4 27 40 42 21 57
4 28 54 53 46 74
4 29 94 1 41 15
4 30 38 46 31 31
4 31 91 23 67 52
4 32 42 67 91 62
4 33 5 22 91 71
4 34 82 81 48 34
4 35 62 76 8 13
4 36 62 42 73 48
4 37 63 58 59 74
4 38 11 97 55 52
4 39 17 71 32 70
5 6 58 56 54 37
5 7 79 32 79 38
5 8 17 23 22 65
5 9 90 27 74 77
5 10 40 61 57 43
5 11 27 73 28 33
5 12 51 75 47 89
5 13 90 50 43 6
5 14 83 12 49 52
5 15 29 35 63 28
5 16 88 48 2 38
5 17 5 55 80 89
5 18 57 22 57 22
5 19 38 16 15 62
5 20 16 20 18 75
5 21 95 63 46 2
5 22 68 17 80 19
5 23 6 71 47 63
5 24 18 71 21 72
5 25 83 77 51 11
5 26 34 83 51 64
5 27 89 80 14 58
5 28 97 62 35 20
5 29 99 3 19 64
5 30 71 28 56 42
5 31 30 68 76 47
5 32 26 77 47 70
5 33 29 18 46 49
5 34 71 16 15 26
5 35 2 36 59 80
5 36 57 76 11 51
5 37 10 76 42 85
5 38 58 16 19 19
5 39 48 59 50 83
6 7 1 45 58 43
6 8 97 59 13 59
6 9 5 52 41 96
6 10 15 30 50 51
6 11 15 17 74 27
6 12 47 56 78 71
6 13 37 92 18 55
6 14 27 54 31 56
6 15 72 37 54 47
6 16 66 15 83 69
6 17 60 51 41 63
6 18 99 58 53 68
6 19 90 72 69 21
6 20 91 63 68 69
6 21 57 59 82 42
6 22 99 17 68 28
6 23 2 19 34 37
6 24 30 56 18 85
6 25 56 68 40 35
6 26 4 78 34 57
6 27 31 66 31 42
6 28 16 90 88 84
6 29 69 64 28 62
6 30 62 18 83 19
6 31 51 79 38 56
6 32 83 61 26 24
6 33 21 49 27 62
6 34 14 34 70 74
6 35 21 50 85 33
6 36 3 89 69 24
6 37 67 59 74 78
6 38 42 90 24 38
6 39 1 29 73 98
7 8 7 37 31 97
7 9 94 7 80 21
7 10 69 34 76 73
7 11 43 51 26 24
7 12 95 15 24 46
7 13 7 63 94 83
7 14 89 36 72 13
7 15 52 34 68 65
7 16 9 61 89 54
7 17 19 46 43 67
7 18 22 92 72 26
7 19 20 73 48 28
7 20 66 43 60 14
7 21 14 20 26 32
7 22 6 21 90 75
7 23 22 49 38 61
7 24 62 13 24 49
7 25 93 75 2 58
7 26 72 43 29 41
7 27 18 35 87 89
7 28 20 16 31 60
7 29 18 62 90 64
7 30 82 18 15 57
7 31 8 41 78 31
7 32 27 74 87 42
7 33 41 34 48 22
7 34 93 3 25 29
7 35 8 32 95 41
7 36 43 47 75 58
7 37 41 31 34 69
7 38 51 42 53 57
7 39 50 29 88 20
8 9 88 49 51 41
8 10 83 52 83 46
8 11 43 72 56 67
8 12 24 79 74 41
8 13 44 54 32 25
8 14 69 73 29 77
8 15 42 86 61 83
8 16 39 59 16 36
8 17 39 23 58 58
8 18 61 15 24 81
8 19 0 35 60 48
8 20 27 51 15 66
8 21 86 70 81 46
8 22 11 68 47 56
8 23 84 77 81 31
8 24 99 62 74 77
8 25 82 53 3 81
8 26 96 42 64 73
8 27 85 77 4 20
8 28 93 75 33 49
8 29 4 64 19 81
8 30 99 19 69 38
8 31 33 88 42 89
8 32 23 37 28 58
8 33 88 54 10 74
8 34 79 29 52 14
8 35 95 72 55 60
8 36 63 32 81 48
8 37 54 53 14 63
8 38 66 40 74 56
8 39 90 1 5 48
9 10 27 80 19 23
9 11 73 13 85 17
9 12 85 40 49 81
9 13 86 33 51 68
9 14 12 89 38 69
9 15 35 49 65 67
9 16 32 50 58 25
9 17 29 81 59 91
9 18 35 76 58 87
9 19 63 54 59 50
9 20 63 29 84 42
9 21 6 25 57 79
9 22 18 74 34 56
9 23 69 81 36 33
9 24 55 64 29 43
9 25 41 62 50 85
9 26 5 73 60 90
9 27 58 80 58 72
9 28 50 13 46 59
9 29 56 33 68 67
9 30 51 61 63 82
9 31 38 76 40 61
9 32 56 82 82 44
9 33 93 27 33 60
9 34 68 8 49 15
9 35 43 28 66 19
9 36 67 45 72 58
9 37 49 33 77 12
9 38 87 59 75 11
9 39 91 20 20 48
10 11 91 79 7 8
10 12 51 44 68 67
10 13 14 41 88 80
10 14 62 61 15 11
10 15 34 50 65 18
10 16 18 83 89 84
10 17 30 60 26 34
10 18 48 53 70 24
10 19 32 75 67 90
10 20 67 14 71 24
10 21 45 61 23 59
10 22 36 79 64 91
10 23 79 68 23 75
10 24 87 71 58 58
10 25 2 20 71 49
10 26 97 58 64 32
10 27 89 35 44 9
10 28 57 23 77 88
10 29 14 73 22 83
10 30 16 21 46 37
10 31 86 69 29 24
10 32 39 62 29 35
10 33 29 37 57 29
10 34 95 30 9 51
10 35 5 29 97 31
10 36 29 59 20 27
10 37 38 55 32 47
10 38 58 18 69 21
10 39 31 16 79 42
11 12 61 9 37 71
11 13 9 68 28 64
11 14 24 66 62 69
11 15 71 44 37 61
11 16 85 70 17 58
11 17 89 2 32 60
11 18 98 65 58 42
11 19 65 63 8 30
11 20 16 24 17 75
11 21 61 81 10 67
11 22 16 95 83 41
11 23 14 74 39 50
11 24 41 74 23 27
11 25 69 43 49 78
11 26 0 47 25 47
11 27 53 21 64 68
11 28 81 18 56 10
11 29 2 76 39 60
11 30 56 15 40 19
11 31 5 56 70 69
11 32 65 76 83 75
11 33 22 34 48 93
11 34 66 85 81 14
11 35 5 80 43 31
11 36 65 8 57 78
11 37 18 75 81 30
11 38 81 19 59 15
11 39 25 75 40 37
12 13 73 40 45 73
12 14 28 73 21 19
12 15 45 72 12 80
12 16 35 71 47 90
12 17 49 35 76 25
12 18 66 33 34 63
12 19 12 45 88 23
12 20 74 21 16 73
12 21 84 68 41 66
12 22 68 38 45 58
12 23 32 82 59 52
12 24 92 77 74 72
12 25 52 68 26 78
12 26 59 59 70 72
12 27 57 85 33 34
12 28 50 65 30 45
12 29 30 89 67 45
12 30 90 5 19 10
12 31 13 41 28 32
12 32 8 96 82 57
12 33 8 63 75 67
12 34 75 61 78 51
12 35 41 14 62 62
12 36 98 4 64 13
12 37 19 83 21 82
12 38 27 90 63 27
12 39 5 25 50 57
13 14 47 38 79 72
13 15 33 61 43 20
13 16 10 38 34 73
13 17 81 40 57 29
13 18 56 33 78 28
13 19 48 48 85 64
13 20 13 50 19 32
13 21 52 49 20 58
13 22 7 35 32 85
13 23 39 44 70 23
13 24 35 50 80 23
13 25 63 60 84 67
13 26 67 75 30 30
13 27 5 56 25 72
13 28 29 52 53 48
13 29 71 11 54 65
13 30 16 57 17 32
13 31 37 91 62 87
13 32 8 66 25 57
13 33 84 37 16 79
13 34 89 58 72 78
13 35 72 25 38 24
13 36 42 35 85 87
13 37 67 82 54 43
13 38 86 3 54 9
13 39 4 29 97 93
14 15 15 72 46 60
14 16 11 97 47 70
14 17 45 66 52 54
14 18 33 16 76 59
14 19 53 48 24 59
14 20 87 56 67 73
14 21 88 45 34 15
14 22 23 25 31 93
14 23 15 52 65 72
14 24 84 68 12 71
14 25 38 72 28 76
14 26 79 55 8 68
14 27 46 28 51 38
14 28 25 27 42 21
14 29 6 36 31 29
14 30 28 40 27 49
14 31 55 20 34 23
14 32 38 90 80 22
14 33 0 37 47 80
14 34 0 50 90 45
14 35 42 70 17 51
14 36 19 82 41 64
14 37 6 20 50 53
14 38 52 22 19 81
14 39 51 56 76 12
15 16 51 86 39 38
15 17 63 27 30 77
15 18 62 11 69 74
15 19 31 72 15 84
15 20 63 19 43 81
15 21 35 46 67 80
15 22 76 62 46 23
15 23 59 39 32 18
15 24 34 33 29 58
15 25 68 46 84 47
15 26 31 81 88 34
15 27 90 41 25 25
15 28 78 49 35 39
15 29 80 54 67 22
15 30 55 26 57 10
15 31 7 75 94 77
15 32 31 18 75 44
15 33 74 59 26 43
15 34 4 82 47 40
15 35 50 67 83 72
15 36 74 43 82 51
15 37 46 34 76 80
15 38 9 89 47 87
15 39 56 57 85 74
16 17 74 53 76 23
16 18 71 17 53 61
16 19 81 49 53 45
16 20 50 18 17 55
16 21 71 76 40 83
16 22 92 61 59 8
16 23 64 39 53 32
16 24 40 35 29 12
16 25 35 48 18 31
16 26 0 79 65 82
16 27 59 32 28 76
16 28 65 43 54 8
16 29 74 82 8 51
16 30 78 72 10 15
16 31 96 28 27 8
16 32 82 64 35 64
16 33 38 32 84 42
16 34 72 61 27 32
16 35 28 55 71 21
16 36 76 19 56 42
16 37 50 26 16 48
16 38 63 36 46 11
16 39 45 58 50 90
17 18 44 83 74 19
17 19 89 75 54 53
17 20 14 69 57 62
17 21 1 58 20 67
17 22 99 47 39 14
17 23 61 65 8 83
17 24 29 46 62 63
17 25 22 70 67 84
17 26 28 91 51 83
17 27 10 43 79 66
17 28 51 54 82 39
17 29 2 40 94 79
17 30 18 65 20 86
17 31 96 59 25 9
17 32 91 41 71 51
17 33 55 28 58 82
17 34 11 71 53 88
17 35 99 20 39 38
17 36 39 19 34 81
17 37 18 95 71 43
17 38 59 54 61 47
17 39 44 81 19 67
18 19 80 62 44 23
18 20 45 60 52 66
18 21 42 23 43 80
18 22 54 78 31 66
18 23 25 89 16 65
18 24 98 9 12 43
18 25 74 64 83 37
18 26 16 19 38 84
18 27 89 47 77 50
18 28 86 61 78 54
18 29 59 32 29 27
18 30 41 79 46 39
18 31 57 48 31 73
18 32 30 86 72 52
18 33 37 39 81 39
18 34 17 89 30 63
18 35 79 25 61 77
18 36 85 61 11 56
18 37 26 40 51 30
18 38 79 81 4 66
18 39 65 16 65 79
19 20 90 68 55 4
19 21 13 67 96 56
19 22 5 84 87 25
19 23 69 62 71 77
19 24 11 82 61 88
19 25 43 79 83 12
19 26 78 4 79 71
19 27 58 69 26 73
19 28 18 73 74 68
19 29 55 45 20 71
19 30 50 70 63 54
19 31 21 88 70 58
19 32 90 70 28 26
19 33 78 71 64 31
19 34 20 20 42 55
19 35 66 41 42 73
19 36 45 80 29 68
19 37 85 9 12 3
19 38 26 66 90 61
19 39 21 48 76 25
20 21 62 30 26 29
20 22 5 22 50 36
20 23 98 18 17 11
20 24 44 15 26 72
20 25 15 44 83 91
20 26 18 68 34 50
20 27 77 16 36 44
20 28 75 74 41 79
20 29 71 61 41 19
20 30 75 24 59 51
20 31 92 28 3 23
20 32 14 75 70 60
20 33 44 89 30 52
20 34 63 20 68 34
20 35 90 21 2 62
20 36 93 2 35 2
20 37 48 47 68 46
20 38 97 35 21 40
20 39 0 46 22 30
21 22 91 31 63 4
21 23 68 9 34 42
21 24 75 37 28 31
21 25 88 55 43 74
21 26 95 19 33 11
21 27 72 18 17 22
21 28 1 32 36 79
21 29 0 93 50 90
21 30 25 77 40 51
21 31 53 16 11 76
21 32 64 36 72 64
21 33 20 19 18 51
21 34 16 91 86 82
21 35 8 87 40 93
21 36 38 74 48 24
21 37 72 40 66 39
21 38 47 60 77 53
21 39 42 80 47 46
22 23 55 48 51 87
22 24 17 29 51 90
22 25 66 7 69 15
22 26 26 20 18 46
22 27 0 73 57 40
22 28 12 38 69 65
22 29 42 53 21 60
22 30 31 52 29 43
22 31 50 68 30 52
22 32 55 26 50 88
22 33 33 45 57 18
22 34 84 39 64 13
22 35 13 57 38 51
22 36 96 32 25 32
22 37 42 43 90 30
22 38 8 74 23 54
22 39 40 85 26 45
23 24 10 70 80 81
23 25 94 9 37 46
23 26 6 32 19 55
23 27 86 49 35 10
23 28 81 82 49 4
23 29 70 22 43 45
23 30 15 51 87 71
23 31 74 27 62 79
23 32 61 21 29 33
23 33 60 60 75 9
23 34 76 83 18 49
23 35 41 71 84 21
23 36 26 29 61 67
23 37 62 21 14 25
23 38 52 70 56 41
23 39 83 30 20 59
24 25 38 45 64 73
24 26 45 84 50 38
24 27 83 77 57 17
24 28 51 83 30 73
24 29 4 98 29 62
24 30 4 83 60 82
24 31 4 23 75 69
24 32 75 8 84 20
24 33 48 41 87 89
24 34 67 48 33 38
24 35 36 20 49 40
24 36 48 28 73 29
24 37 57 53 53 72
24 38 5 81 96 76
24 39 25 28 71 56
25 26 49 36 72 41
25 27 14 86 35 26
25 28 66 32 77 64
25 29 69 11 13 68
25 30 23 79 51 83
25 31 65 9 52 26
25 32 68 57 75 44
25 33 49 30 46 45
25 34 90 14 75 7
25 35 93 18 39 57
25 36 18 92 83 64
25 37 41 41 67 47
25 38 49 59 89 71
25 39 83 26 60 57
26 27 45 20 24 70
26 28 34 81 25 25
26 29 10 88 25 97
26 30 80 22 39 60
26 31 53 18 31 24
26 32 9 63 58 49
26 33 72 81 65 62
26 34 30 70 31 24
26 35 68 40 12 37
26 36 27 88 31 87
26 37 60 48 24 53
26 38 8 81 49 78
26 39 79 33 77 16
27 28 68 82 17 32
27 29 31 47 74 43
27 30 11 41 31 81
27 31 88 46 5 35
27 32 75 79 42 61
27 33 79 14 34 45
27 34 74 33 50 47
27 35 80 70 18 29
27 36 54 70 84 78
27 37 95 46 14 6
27 38 89 78 75 62
27 39 97 63 18 59
28 29 17 23 61 56
28 30 1 29 23 88
28 31 57 72 27 44
28 32 35 28 30 57
28 33 8 35 41 97
28 34 53 9 70 28
28 35 44 41 66 70
28 36 89 18 2 18
28 37 54 21 81 13
28 38 21 21 37 43
28 39 97 73 33 23
29 30 55 12 57 20
29 31 19 67 52 41
29 32 89 52 6 76
29 33 32 46 32 24
29 34 71 51 83 16
29 35 14 74 45 60
29 36 38 34 17 36
29 37 75 34 13 29
29 38 32 49 34 41
29 39 43 52 87 88
30 31 19 95 88 90
30 32 69 35 7 67
30 33 75 81 60 49
30 34 86 59 67 7
30 35 52 17 47 37
30 36 87 49 57 41
30 37 32 30 89 47
30 38 27 43 22 72
30 39 40 64 50 25
31 32 8 19 63 37
31 33 48 72 30 14
31 34 37 54 48 20
31 35 89 51 36 32
31 36 15 92 78 64
31 37 67 17 25 8
31 38 0 93 99 61
31 39 9 24 50 46
32 33 32 74 42 82
32 34 83 6 32 16
32 35 77 69 31 37
32 36 31 45 30 69
32 37 76 72 73 67
32 38 1 47 97 74
32 39 19 55 88 25
33 34 14 94 77 22
33 35 7 47 46 21
33 36 3 38 25 23
33 37 77 34 7 7
33 38 74 72 47 31
33 39 56 57 86 29
34 35 24 71 29 41
34 36 46 59 81 42
34 37 69 51 74 59
34 38 78 17 36 4
34 39 15 75 23 29
35 36 45 50 29 57
35 37 29 39 74 71
35 38 23 86 24 40
35 39 96 54 69 20
36 37 55 41 29 86
36 38 0 55 53 72
36 39 67 16 35 83
37 38 4 46 47 53
37 39 2 33 53 35
38 39 64 68 28 8
