42
0 1 77 45 13 44
0 2 36 68 25 57
0 3 81 79 13 34
0 4 49 16 21 80
0 5 42 13 67 57
0 6 18 50 24 46
0 7 46 36 82 27
0 8 55 81 86 82
0 9 65 71 39 58
0 10 60 65 41 61
0 11 95 17 17 69
0 12 37 41 23 91
0 13 67 79 75 30
0 14 90 14 22 53
0 15 64 72 81 45
0 16 42 21 37 80
0 17 8 86 25 54
0 18 53 68 12 11
0 19 39 42 52 78
0 20 86 15 34 46
0 21 56 81 27 65
0 22 35 72 12 66
0 23 91 30 59 56
0 24 45 51 68 75
0 25 66 75 68 82
0 26 8 46 63 44
0 27 14 84 94 72
0 28 38 81 18 45
0 29 29 22 75 61
0 30 10 61 51 32
0 31 30 93 92 33
0 32 89 7 44 37
0 33 91 30 73 34
0 34 33 38 26 28
0 35 82 54 83 66
0 36 94 38 21 45
0 37 55 58 12 21
0 38 69 12 53 64
0 39 85 39 61 10
0 40 45 35 70 60
0 41 98 54 2 40
1 2 83 70 15 65
1 3 88 43 57 59
1 4 85 52 46 71
1 5 57 87 31 52
1 6 36 48 51 23
1 7 71 34 44 31
1 8 42 82 87 27
1 9 98 27 14 45
1 10 8 49 79 84
1 11 55 33 64 83
1 12 41 60 68 56
1 13 33 25 28 88
1 14 26 54 17 86
1 15 45 68 25 39
1 16 0 54 80 69
1 17 93 55 26 64
1 18 97 21 56 16
1 19 32 69 63 21
1 20 86 45 50 31
1 21 70 24 84 10
1 22 31 72 51 31
1 23 43 56 45 72
1 24 37 39 50 47
1 25 24 70 63 78
1 26 15 75 87 25
1 27 80 56 56 44
1 28 46 28 64 47
1 29 39 44 15 75
1 30 11 63 44 87
1 31 8 37 39 52
1 32 79 49 55 39
1 33 62 55 12 20
1 34 77 34 64 37
1 35 80 7 67 12
1 36 5 22 35 63
1 37 85 34 29 22
1 38 21 62 86 20
1 39 26 56 21 16
1 40 41 81 79 38
1 41 27 36 74 79
2 3 84 48 77 44
2 4 62 10 26 85
2 5 36 15 66 42
2 6 3 82 56 41
2 7 57 45 78 29
2 8 59 26 57 52
2 9 76 47 30 81
2 10 70 38 6 47
2 11 7 38 39 55
2 12 23 77 65 57
2 13 47 56 11 65
2 14 34 41 86 84
2 15 83 76 45 21
2 16 53 74 24 25
2 17 87 16 76 65
2 18 81 81 51 51
2 19 2 98 97 90
2 20 99 27 79 51
2 21 60 12 65 80
2 22 28 70 41 64
2 23 50 68 62 34
2 24 26 48 39 22
2 25 36 48 28 70
2 26 4 70 25 41
2 27 15 28 83 49
2 28 97 63 75 19
2 29 26 67 81 30
2 30 27 51 90 28
2 31 73 48 41 66
2 32 77 15 20 4
2 33 48 70 39 65
2 34 93 1 65 62
2 35 51 56 68 55
2 36 56 75 47 52
2 37 62 44 17 81
2 38 2 68 85 66
2 39 25 82 82 54
2 40 14 51 49 55
2 41 22 50 92 16
3 4 68 13 55 73
3 5 87 76 21 78
3 6 21 19 77 58
3 7 75 40 41 11
3 8 2 91 49 75
3 9 49 53 87 30
3 10 46 34 16 49
3 11 42 55 41 44
3 12 33 52 89 55
3 13 15 75 52 56
3 14 3 79 23 66
3 15 76 36 21 59
3 16 80 65 5 24
3 17 85 20 9 16
3 18 93 67 1 59
3 19 88 67 53 76
3 20 84 34 70 11
3 21 64 58 75 67
3 22 55 42 64 67
3 23 37 89 49 15
3 24 33 83 75 19
3 25 23 80 58 39
3 26 80 79 19 10
3 27 0 48 95 34
3 28 95 63 48 60
3 29 73 32 43 79
3 30 12 47 31 68
3 31 25 60 59 29
3 32 99 50 56 50
3 33 59 18 65 60
3 34 46 57 15 29
3 35 52 81 80 48
3 36 88 68 2 9
3 37 41 48 87 37
3 38 32 26 18 68
3 39 75 8 11 42
3 40 62 44 8 32
3 41 98 49 23 23
4 5 31 84 14 71
4 6 86 75 64 6
4 7 39 13 54 73
4 8 6 22 41 41
4 9 86 76 20 9
4 10 54 38 35 50
4 11 89 80 31 54
4 12 34 86 82 35
4 13 18 92 69 65
4 14 89 39 59 7
4 15 76 81 33 6
4 16 54 38 78 61
4 17 47 20 19 22
4 18 11 19 26 76
4 19 19 68 24 80
4 20 7 35 23 79
4 21 60 14 14 77
4 22 59 30 72 76
4 23 39 45 82 30
4 24 56 41 15 37
4 25 68 14 24 61
4 26 35 57 35 79
4 27 4 74 44 60
4 28 13 34 25 71
4 29 60 23 51 24
4 30 61 86 56 84
4 31 65 70 23 52
4 32 96 47 17 8
4 33 35 47 13 42
4 34 7 24 50 32
4 35 42 28 30 82
4 36 12 21 32 64
4 37 19 16 68 76
4 38 30 23 52 56
4 39 23 26 43 84
4 40 82 23 66 41
4 41 19 65 67 18
5 6 60 29 56 59
5 7 24 40 64 60
5 8 52 84 84 37
5 9 44 37 40 52
5 10 55 10 53 45
5 11 32 68 35 55
5 12 66 53 35 24
5 13 15 22 64 66
5 14 46 61 27 43
5 15 70 56 35 22
5 16 70 71 34 68
5 17 55 53 60 36
5 18 48 28 89 11
5 19 56 55 21 60
5 20 94 76 21 40
5 21 75 21 53 43
5 22 49 35 15 12
5 23 84 79 73 70
5 24 45 11 27 49
5 25 6 61 28 64
5 26 97 47 40 22
5 27 86 58 36 38
5 28 91 73 77 10
5 29 46 83 48 64
5 30 82 24 77 32
5 31 85 13 18 26
5 32 75 23 77 43
5 33 70 78 75 74
5 34 80 46 43 26
5 35 85 14 58 26
5 36 98 74 41 56
5 37 84 25 75 13
5 38 54 31 34 9
5 39 37 69 42 89
5 40 62 33 40 33
5 41 20 25 66 80
6 7 7 44 71 97
6 8 70 7 32 58
6 9 59 58 43 81
6 10 29 47 39 76
6 11 65 40 23 32
6 12 91 28 17 69
6 13 94 41 49 10
6 14 32 30 80 58
6 15 4 31 90 41
6 16 37 83 24 16
6 17 29 29 58 22
6 18 31 75 83 42
6 19 42 67 72 58
6 20 32 77 40 93
6 21 0 95 23 81
6 22 1 46 58 99
6 23 77 34 10 17
6 24 37 86 25 68
6 25 98 24 27 29
6 26 23 22 17 78
6 27 96 63 79 78
6 28 81 68 34 7
6 29 88 30 71 76
6 30 4 53 90 80
6 31 72 49 40 62
6 32 8 73 58 62
6 33 22 15 70 16
6 34 10 24 96 74
6 35 76 82 43 52
6 36 13 81 68 51
6 37 28 45 35 29
6 38 83 67 23 39
6 39 45 71 37 79
6 40 35 88 41 24
6 41 55 82 68 62
7 8 96 79 72 70
7 9 29 87 70 93
7 10 73 72 30 68
7 11 65 59 70 49
7 12 8 42 36 23
7 13 34 77 14 68
7 14 37 67 78 44
7 15 1 28 31 24
7 16 29 91 73 71
7 17 2 71 33 59
7 18 60 64 54 44
7 19 81 55 61 23
7 20 15 42 39 90
7 21 92 52 54 54
7 22 98 54 73 17
7 23 1 86 46 33
7 24 77 38 53 59
7 25 67 54 28 68
7 26 79 79 64 29
7 27 35 90 72 60
7 28 82 9 67 64
7 29 84 7 28 47
7 30 82 16 67 59
7 31 13 26 27 23
7 32 24 52 21 28
7 33 45 43 69 18
7 34 84 79 74 31
7 35 38 24 88 52
7 36 65 81 29 85
7 37 28 28 85 55
7 38 24 22 49 85
7 39 91 39 23 9
7 40 35 85 39 89
7 41 76 80 26 13
8 9 21 23 68 77
8 10 44 62 23 77
8 11 14 37 67 77
8 12 58 65 71 32
8 13 3 52 67 87
8 14 52 39 89 62
8 15 68 6 84 59
8 16 21 22 86 61
8 17 35 30 35 78
8 18 63 33 61 52
8 19 34 34 52 87
8 20 98 32 69 0
8 21 48 44 85 41
8 22 29 88 60 50
8 23 51 40 86 85
8 24 94 11 37 36
8 25 81 48 33 38
8 26 11 71 41 71
8 27 58 30 55 86
8 28 10 24 37 19
8 29 61 44 66 76
8 30 72 11 27 55
8 31 87 65 9 64
8 32 99 19 41 34
8 33 54 44 67 72
8 34 93 54 77 61
8 35 35 82 20 80
8 36 63 37 46 17
8 37 5 23 61 89
8 38 51 63 25 45
8 39 51 74 39 45
8 40 8 26 58 44
8 41 2 55 95 86
9 10 96 58 46 78
9 11 76 46 58 38
9 12 59 58 20 31
9 13 68 15 81 77
9 14 79 25 75 53
9 15 92 48 47 2
9 16 49 55 13 18
9 17 58 41 27 87
9 18 41 82 76 90
9 19 38 60 19 52
9 20 97 79 60 63
9 21 40 38 89 62
9 22 45 60 61 53
9 23 87 41 28 65
9 24 15 80 65 32
9 25 70 38 39 49
9 26 9 71 79 74
9 27 79 24 12 6
9 28 12 78 71 41
9 29 56 49 34 33
9 30 51 31 81 43
9 31 31 77 16 85
9 32 72 16 59 40
9 33 70 67 47 67
9 34 38 15 33 32
9 35 25 81 31 27
9 36 51 30 86 53
9 37 28 46 87 64
9 38 85 75 44 48
9 39 50 24 63 62
9 40 90 1 5 68
9 41 82 73 48 47
10 11 94 55 1 42
10 12 3 66 61 71
10 13 37 77 81 80
10 14 61 62 17 25
10 15 87 16 10 67
10 16 78 71 48 30
10 17 14 31 90 24
10 18 55 28 10 73
10 19 70 39 49 29
10 20 87 43 42 61
10 21 10 25 68 89
10 22 10 34 81 25
10 23 54 65 88 16
10 24 7 67 51 82
10 25 18 59 77 34
10 26 80 30 47 66
10 27 67 31 86 28
10 28 97 51 11 0
10 29 92 17 71 57
10 30 29 15 16 54
10 31 1 82 68 95
10 32 21 41 59 65
10 33 83 34 80 8
10 34 67 35 43 49
10 35 1 62 30 88
10 36 95 65 28 26
10 37 42 27 82 50
10 38 69 81 40 32
10 39 22 71 19 66
10 40 63 86 18 77
10 41 3 54 52 30
11 12 94 70 48 40
11 13 34 67 47 20
11 14 5 61 73 70
11 15 7 60 50 81
11 16 37 41 35 14
11 17 63 86 62 25
11 18 52 35 62 39
11 19 67 68 50 80
11 20 29 70 28 93
11 21 7 96 70 31
11 22 67 55 33 77
11 23 62 48 65 45
11 24 54 84 85 69
11 25 53 69 77 36
11 26 0 99 84 24
11 27 92 15 9 7
11 28 24 90 71 29
11 29 30 47 49 35
11 30 80 13 24 63
11 31 9 43 27 80
11 32 56 32 86 73
11 33 35 63 44 32
11 34 31 91 60 91
11 35 65 63 29 16
11 36 20 42 35 32
11 37 46 58 44 69
11 38 35 13 15 21
11 39 11 29 62 78
11 40 55 37 78 70
11 41 26 59 72 33
12 13 58 47 22 24
12 14 58 63 71 66
12 15 70 85 53 47
12 16 93 64 29 78
12 17 71 27 77 55
12 18 45 17 34 80
12 19 0 68 37 98
12 20 74 85 60 80
12 21 67 78 57 74
12 22 8 20 49 34
12 23 64 34 59 33
12 24 87 29 50 54
12 25 59 54 53 21
12 26 41 36 91 49
12 27 21 81 52 75
12 28 39 18 43 16
12 29 43 44 37 63
12 30 47 11 72 34
12 31 54 31 79 25
12 32 83 39 21 23
12 33 77 29 22 54
12 34 88 64 33 32
12 35 78 70 21 47
12 36 31 26 62 68
12 37 77 79 75 14
12 38 31 53 25 75
12 39 93 8 41 39
12 40 57 43 78 46
12 41 96 57 50 52
13 14 2 58 73 81
13 15 5 54 87 87
13 16 70 15 83 52
13 17 66 38 54 31
13 18 45 24 68 83
13 19 79 58 31 77
13 20 2 81 89 60
13 21 69 53 78 85
13 22 0 45 97 97
13 23 39 82 34 50
13 24 75 10 44 24
13 25 76 23 10 77
13 26 64 78 52 42
13 27 9 55 23 30
13 28 30 82 77 20
13 29 58 62 20 16
13 30 55 24 77 83
13 31 86 3 72 60
13 32 61 52 80 86
13 33 40 19 69 38
13 34 15 61 30 93
13 35 37 83 80 44
13 36 44 76 25 90
13 37 46 12 52 17
13 38 49 56 50 64
13 39 66 57 53 57
13 40 88 60 65 26
13 41 22 40 74 77
14 15 51 34 48 76
14 16 3 60 94 88
14 17 4 59 53 69
14 18 72 19 61 70
14 19 87 49 59 58
14 20 46 53 11 42
14 21 85 5 71 9
14 22 86 38 4 63
14 23 34 59 57 77
14 24 53 49 48 29
14 25 99 68 62 70
14 26 27 30 92 25
14 27 89 31 50 23
14 28 31 56 79 87
14 29 65 32 33 27
14 30 88 32 31 54
14 31 21 54 17 70
14 32 16 89 38 69
14 33 8 65 65 42
14 34 51 85 60 72
14 35 53 14 29 14
14 36 46 59 86 54
14 37 34 70 92 59
14 38 15 79 28 54
14 39 99 14 62 51
14 40 5 52 83 64
14 41 51 59 33 61
15 16 39 33 68 60
15 17 11 46 56 32
15 18 59 11 82 41
15 19 47 37 85 15
15 20 29 47 33 63
15 21 91 59 37 46
15 22 14 26 60 41
15 23 93 63 48 57
15 24 6 47 31 56
15 25 18 44 84 60
15 26 79 53 40 71
15 27 17 53 73 77
15 28 60 85 85 46
15 29 60 44 19 12
15 30 38 52 74 47
15 31 66 14 9 8
15 32 34 72 52 77
15 33 94 67 52 54
15 34 97 49 49 18
15 35 78 71 73 32
15 36 66 56 81 84
15 37 87 19 11 27
15 38 4 30 55 74
15 39 30 91 80 75
15 40 41 18 33 48
15 41 33 51 16 54
16 17 68 30 14 15
16 18 86 36 31 53
16 19 94 73 73 58
16 20 29 33 35 20
16 21 38 17 12 20
16 22 78 66 63 77
16 23 75 48 23 42
16 24 34 72 44 63
16 25 68 41 75 51
16 26 71 8 73 39
16 27 18 17 56 30
16 28 53 77 30 69
16 29 69 77 76 28
16 30 47 73 44 22
16 31 84 76 51 4
16 32 21 80 22 30
16 33 31 48 24 37
16 34 47 17 23 56
16 35 83 9 6 14
16 36 11 30 72 60
16 37 20 28 62 77
16 38 87 5 64 54
16 39 23 72 59 85
16 40 0 78 77 77
16 41 79 23 39 22
17 18 26 51 85 73
17 19 33 84 15 78
17 20 3 43 42 52
17 21 86 66 62 16
17 22 61 39 33 47
17 23 12 37 55 56
17 24 99 13 79 37
17 25 40 42 15 14
17 26 41 28 41 88
17 27 60 10 60 55
17 28 36 43 60 68
17 29 17 37 23 22
17 30 73 75 26 52
17 31 73 49 52 42
17 32 51 60 56 59
17 33 35 78 63 48
17 34 9 95 44 97
17 35 82 50 35 7
17 36 39 13 82 83
17 37 91 43 38 73
17 38 34 16 76 42
17 39 92 31 16 53
17 40 82 51 44 48
17 41 76 81 49 82
18 19 18 86 38 95
18 20 2 69 61 31
18 21 67 46 72 17
18 22 65 12 15 51
18 23 89 44 58 17
18 24 84 66 3 75
18 25 3 38 69 50
18 26 90 79 46 2
18 27 88 38 28 76
18 28 74 25 26 27
18 29 43 40 41 58
18 30 50 33 51 89
18 31 15 95 85 24
18 32 4 31 68 44
18 33 68 79 39 70
18 34 39 83 44 64
18 35 23 43 82 72
18 36 40 41 75 61
18 37 81 19 58 18
18 38 52 39 33 82
18 39 58 42 80 56
18 40 49 75 47 63
18 41 64 24 9 85
19 20 30 30 57 84
19 21 48 26 45 85
19 22 92 45 6 54
19 23 94 67 58 42
19 24 37 52 91 32
19 25 6 69 71 83
19 26 42 71 20 82
19 27 66 49 9 54
19 28 35 61 66 68
19 29 30 90 43 90
19 30 56 27 74 62
19 31 42 56 87 24
19 32 82 78 78 79
19 33 21 43 61 91
19 34 41 83 69 90
19 35 8 71 21 82
19 36 83 31 65 9
19 37 43 21 28 44
19 38 73 42 71 39
19 39 10 62 79 29
19 40 46 38 29 89
19 41 8 26 98 51
20 21 57 34 14 67
20 22 52 25 69 82
20 23 1 81 56 28
20 24 61 18 40 56
20 25 16 72 29 54
20 26 52 28 67 76
20 27 92 61 43 58
20 28 14 48 69 38
20 29 49 77 71 66
20 30 21 74 94 87
20 31 40 70 12 40
20 32 4 30 21 97
20 33 25 72 68 71
20 34 88 75 41 8
20 35 98 14 56 69
20 36 38 51 46 77
20 37 6 35 79 61
20 38 86 62 29 8
20 39 35 25 17 23
20 40 26 73 76 57
20 41 67 18 81 48
21 22 41 46 69 52
21 23 78 79 66 63
21 24 41 60 37 38
21 25 88 25 57 30
21 26 27 68 25 16
21 27 16 96 54 53
21 28 60 70 62 76
21 29 69 44 21 51
21 30 1 42 20 20
21 31 70 83 30 13
21 32 44 87 41 48
21 33 59 17 75 13
21 34 31 53 88 28
21 35 86 66 23 25
21 36 87 52 52 28
21 37 49 66 16 34
21 38 54 38 37 41
21 39 17 23 93 32
21 40 41 53 67 27
21 41 65 85 49 37
22 23 91 66 18 29
22 24 87 22 8 39
22 25 78 71 71 25
22 26 7 61 78 23
22 27 55 53 10 11
22 28 53 39 79 30
22 29 62 69 15 71
22 30 48 47 49 38
22 31 50 43 26 70
22 32 53 31 24 68
22 33 37 14 73 36
22 34 32 53 26 38
22 35 69 72 29 56
22 36 98 71 36 16
22 37 70 42 59 42
22 38 86 62 50 43
22 39 89 26 74 73
22 40 21 56 94 26
22 41 6 71 96 92
23 24 28 91 18 68
23 25 10 43 76 81
23 26 27 39 82 82
23 27 68 29 55 25
23 28 17 41 34 81
23 29 45 89 77 73
23 30 12 51 93 93
23 31 60 72 43 46
23 32 33 75 90 91
23 33 47 73 50 69
23 34 65 48 84 54
23 35 84 47 19 72
23 36 69 15 25 24
23 37 43 31 30 18
23 38 53 36 68 88
23 39 42 58 42 23
23 40 81 26 71 65
23 41 20 58 24 77
24 25 32 68 42 55
24 26 74 46 22 27
24 27 77 38 62 48
24 28 16 31 69 57
24 29 10 35 20 46
24 30 19 42 80 60
24 31 16 78 60 35
24 32 55 23 45 52
24 33 38 48 62 15
24 34 17 65 50 44
24 35 74 61 22 11
24 36 67 61 83 8
24 37 0 61 69 95
24 38 47 17 63 49
24 39 45 37 27 46
24 40 15 18 70 59
24 41 27 54 78 27
25 26 83 20 6 4
25 27 24 15 53 91
25 28 60 46 77 24
25 29 6 33 31 83
25 30 29 42 87 36
25 31 76 28 70 73
25 32 68 72 16 44
25 33 46 75 51 15
25 34 70 65 23 40
25 35 39 75 87 44
25 36 54 85 45 69
25 37 82 21 7 76
25 38 91 70 53 16
25 39 85 73 15 26
25 40 56 24 19 62
25 41 80 77 54 6
26 27 15 26 96 84
26 28 28 41 25 38
26 29 38 84 22 49
26 30 46 34 88 14
26 31 20 88 47 38
26 32 19 51 25 80
26 33 46 50 13 18
26 34 68 80 51 29
26 35 7 45 64 32
26 36 36 56 20 51
26 37 55 22 55 83
26 38 9 31 87 21
26 39 85 56 31 51
26 40 42 16 74 65
26 41 37 37 85 14
27 28 98 73 48 6
27 29 92 72 11 70
27 30 3 97 33 49
27 31 20 32 95 76
27 32 80 62 71 78
27 33 90 13 72 17
27 34 51 36 66 49
27 35 6 49 95 24
27 36 90 56 73 21
27 37 48 64 15 58
27 38 62 14 39 75
27 39 61 75 24 85
27 40 50 81 71 44
27 41 33 27 57 61
28 29 97 57 14 10
28 30 84 60 8 37
28 31 45 54 18 65
28 32 37 72 54 30
28 33 14 26 66 27
28 34 88 61 7 50
28 35 73 31 40 51
28 36 93 20 27 42
28 37 39 29 64 25
28 38 54 65 10 42
28 39 82 28 77 73
28 40 95 76 23 33
28 41 79 35 69 73
29 30 93 24 16 4
29 31 57 51 69 87
29 32 36 81 63 60
29 33 69 61 26 18
29 34 12 40 76 35
29 35 10 76 72 61
29 36 87 40 46 20
29 37 36 82 35 74
29 38 91 32 36 37
29 39 61 73 42 31
29 40 49 31 73 74
29 41 69 52 71 41
30 31 6 85 26 57
30 32 93 46 42 30
30 33 16 83 77 55
30 34 11 32 94 22
30 35 57 88 18 23
30 36 55 74 53 46
30 37 14 69 75 96
30 38 97 40 9 76
30 39 69 15 51 82
30 40 89 21 81 80
30 41 10 18 36 34
31 32 98 18 23 38
31 33 19 18 81 62
31 34 76 47 80 49
31 35 89 39 71 52
31 36 25 21 28 46
31 37 7 48 63 52
31 38 75 32 28 37
31 39 31 42 83 45
31 40 46 31 19 89
31 41 42 58 76 81
32 33 74 8 67 44
32 34 96 48 18 20
32 35 29 82 44 73
32 36 1 77 52 96
32 37 79 71 17 42
32 38 22 53 71 36
32 39 95 1 63 40
32 40 81 24 57 33
32 41 52 42 26 15
33 34 25 19 44 27
33 35 66 53 10 12
33 36 48 85 77 55
33 37 2 44 26 24
33 38 40 81 16 46
33 39 15 89 27 74
33 40 65 34 10 29
33 41 58 70 79 41
34 35 60 49 11 21
34 36 79 75 5 13
34 37 71 37 72 24
34 38 58 10 54 16
34 39 95 79 77 63
34 40 81 34 35 65
34 41 18 43 48 44
35 36 87 10 16 67
35 37 80 60 16 56
35 38 60 83 55 46
35 39 40 28 19 71
35 40 0 91 74 73
35 41 1 98 84 36
36 37 30 17 59 40
36 38 34 67 57 67
36 39 89 8 50 73
36 40 57 53 25 64
36 41 18 95 64 72
37 38 35 23 27 35
37 39 73 76 12 24
37 40 3 71 79 51
37 41 7 83 20 88
38 39 15 63 65 64
38 40 84 69 82 35
38 41 80 15 30 25
39 40 84 69 5 50
39 41 88 80 57 20
40 41 59 78 8 48
