42
0 1 71 33 27 38
0 2 5 85 81 81
0 3 29 66 63 71
0 4 72 33 31 34
0 5 82 25 24 16
0 6 86 13 17 17
0 7 95 11 9 10
0 8 73 24 23 28
0 9 97 4 11 12
0 10 54 45 41 48
0 11 78 22 19 33
0 12 0 91 93 90
0 13 3 92 82 83
0 14 15 80 76 78
0 15 96 6 2 13
0 16 75 24 27 24
0 17 33 69 64 61
0 18 7 84 80 92
0 19 6 86 92 92
0 20 67 37 42 33
0 21 2 95 84 84
0 22 84 19 14 21
0 23 62 40 37 44
0 24 94 15 11 11
0 25 1 89 98 94
0 26 68 35 41 37
0 27 75 32 29 27
0 28 38 53 55 52
0 29 58 42 37 37
0 30 61 40 35 33
0 31 42 58 63 60
0 32 8 80 88 79
0 33 92 19 7 14
0 34 49 44 48 47
0 35 77 28 29 24
0 36 24 64 71 77
0 37 45 49 48 47
0 38 54 45 44 47
0 39 43 51 58 58
0 40 76 21 21 25
0 41 77 25 28 30
1 2 1 87 88 86
1 3 51 54 54 47
1 4 23 68 76 80
1 5 28 65 70 70
1 6 65 43 34 38
1 7 68 40 32 33
1 8 0 89 90 90
1 9 68 32 32 34
1 10 60 43 39 34
1 11 64 38 42 41
1 12 86 23 13 19
1 13 80 21 23 27
1 14 24 75 72 70
1 15 45 54 60 50
1 16 47 59 59 53
1 17 55 48 48 52
1 18 40 60 54 53
1 19 56 49 50 43
1 20 62 43 38 42
1 21 3 94 84 96
1 22 10 89 77 85
1 23 27 64 64 75
1 24 40 50 64 58
1 25 98 4 8 13
1 26 80 28 17 21
1 27 76 22 29 20
1 28 94 6 7 8
1 29 40 61 56 54
1 30 28 67 63 60
1 31 47 48 53 49
1 32 62 40 45 32
1 33 40 55 63 59
1 34 92 18 16 11
1 35 98 11 9 3
1 36 31 58 66 62
1 37 86 22 23 20
1 38 30 68 71 69
1 39 5 82 82 91
1 40 73 31 26 37
1 41 51 45 51 53
2 3 91 20 17 11
2 4 9 77 80 85
2 5 21 79 78 82
2 6 99 15 11 1
2 7 77 22 25 19
2 8 62 42 41 33
2 9 73 29 25 36
2 10 9 91 90 89
2 11 13 77 87 85
2 12 1 94 94 88
2 13 75 26 28 25
2 14 63 35 33 32
2 15 32 62 68 62
2 16 30 59 66 74
2 17 59 44 45 48
2 18 50 47 55 56
2 19 41 52 64 55
2 20 46 57 47 52
2 21 88 17 15 11
2 22 81 18 28 26
2 23 49 53 54 45
2 24 42 62 55 51
2 25 87 23 24 15
2 26 24 71 71 68
2 27 71 25 29 30
2 28 71 37 29 31
2 29 43 60 48 55
2 30 79 27 27 25
2 31 32 60 58 66
2 32 5 85 93 94
2 33 14 72 74 86
2 34 55 52 46 48
2 35 50 52 54 42
2 36 53 47 53 49
2 37 70 30 35 36
2 38 97 7 3 16
2 39 4 90 90 85
2 40 97 11 10 10
2 41 2 94 86 86
3 4 81 23 28 25
3 5 59 43 40 40
3 6 42 60 63 49
3 7 7 85 84 79
3 8 69 30 32 30
3 9 87 22 20 17
3 10 56 42 40 47
3 11 43 57 55 50
3 12 22 76 66 76
3 13 8 79 92 88
3 14 33 68 61 57
3 15 88 19 13 23
3 16 56 41 39 50
3 17 61 41 33 35
3 18 90 15 12 16
3 19 80 24 22 16
3 20 77 20 20 25
3 21 40 64 64 52
3 22 78 28 26 32
3 23 44 54 50 61
3 24 83 14 19 14
3 25 98 8 10 5
3 26 1 91 96 94
3 27 73 26 29 32
3 28 58 45 49 42
3 29 10 76 82 87
3 30 25 77 76 71
3 31 46 56 50 55
3 32 36 67 68 59
3 33 79 22 20 17
3 34 64 34 35 39
3 35 13 82 74 86
3 36 12 83 83 85
3 37 7 91 80 91
3 38 28 62 61 62
3 39 30 73 72 65
3 40 63 44 44 36
3 41 94 17 14 5
4 5 7 91 87 88
4 6 15 80 77 86
4 7 9 92 87 88
4 8 16 83 77 79
4 9 37 60 56 54
4 10 74 28 35 26
4 11 1 89 96 85
4 12 1 93 98 93
4 13 2 93 93 96
4 14 94 7 14 16
4 15 13 74 79 79
4 16 86 18 15 18
4 17 51 45 41 55
4 18 36 67 57 68
4 19 80 28 22 24
4 20 36 58 60 62
4 21 68 33 36 28
4 22 26 64 65 77
4 23 5 94 89 93
4 24 29 73 61 60
4 25 90 7 18 21
4 26 71 28 39 36
4 27 55 41 40 49
4 28 83 23 21 15
4 29 78 31 18 28
4 30 38 60 56 60
4 31 44 59 50 59
4 32 24 72 66 73
4 33 76 27 33 29
4 34 78 30 24 24
4 35 65 34 37 35
4 36 64 32 44 30
4 37 67 33 30 27
4 38 39 57 57 56
4 39 39 54 54 57
4 40 65 34 37 35
4 41 7 87 92 87
5 6 39 57 61 51
5 7 58 40 46 42
5 8 9 82 78 84
5 9 85 18 18 14
5 10 96 3 12 11
5 11 63 37 43 40
5 12 12 83 80 89
5 13 84 20 18 25
5 14 44 56 57 48
5 15 72 23 35 35
5 16 31 71 71 70
5 17 93 17 10 16
5 18 65 37 31 32
5 19 14 77 86 78
5 20 56 38 38 41
5 21 60 33 41 38
5 22 44 48 52 53
5 23 96 15 17 2
5 24 84 22 16 18
5 25 38 55 57 55
5 26 36 67 57 68
5 27 85 19 13 13
5 28 92 21 13 12
5 29 72 27 24 29
5 30 10 88 76 85
5 31 52 46 42 46
5 32 66 36 43 38
5 33 11 86 85 89
5 34 21 73 67 79
5 35 79 24 22 30
5 36 3 96 84 91
5 37 62 34 36 34
5 38 67 31 32 33
5 39 13 80 84 82
5 40 76 34 20 30
5 41 51 42 55 55
6 7 25 67 64 64
6 8 10 83 76 82
6 9 39 56 55 66
6 10 32 68 64 72
6 11 7 92 88 88
6 12 7 85 85 89
6 13 96 6 8 6
6 14 72 27 26 37
6 15 71 38 38 30
6 16 14 77 84 83
6 17 55 51 50 38
6 18 97 12 3 3
6 19 37 55 52 53
6 20 85 20 17 18
6 21 90 10 18 7
6 22 8 91 83 79
6 23 95 7 18 14
6 24 92 11 7 19
6 25 31 73 61 60
6 26 91 9 20 15
6 27 96 4 3 12
6 28 84 25 19 24
6 29 7 84 86 90
6 30 56 46 38 41
6 31 61 36 42 36
6 32 20 80 76 81
6 33 33 61 70 70
6 34 81 20 17 17
6 35 61 42 41 34
6 36 45 51 60 58
6 37 12 78 75 88
6 38 70 28 29 39
6 39 25 65 68 71
6 40 58 35 41 37
6 41 9 87 79 89
7 8 61 35 37 33
7 9 84 15 13 28
7 10 40 58 54 58
7 11 61 34 37 33
7 12 4 92 80 80
7 13 34 56 58 60
7 14 53 45 51 40
7 15 95 4 14 13
7 16 73 28 29 26
7 17 2 87 88 86
7 18 77 33 21 28
7 19 29 69 62 61
7 20 2 89 84 94
7 21 86 11 26 16
7 22 21 67 70 71
7 23 27 64 67 74
7 24 82 17 16 17
7 25 59 40 41 38
7 26 5 92 90 89
7 27 77 22 33 31
7 28 8 88 79 90
7 29 48 48 45 47
7 30 83 28 19 20
7 31 53 43 45 49
7 32 2 97 84 90
7 33 56 38 42 43
7 34 3 84 87 84
7 35 61 46 39 36
7 36 20 69 72 73
7 37 21 76 79 67
7 38 96 17 3 16
7 39 30 61 63 66
7 40 41 53 58 51
7 41 46 54 55 49
8 9 9 86 91 83
8 10 86 12 18 18
8 11 43 54 48 58
8 12 98 6 6 9
8 13 64 32 41 43
8 14 51 41 47 52
8 15 18 72 79 80
8 16 21 81 79 79
8 17 88 23 12 19
8 18 26 70 73 68
8 19 55 39 44 42
8 20 40 51 52 64
8 21 37 63 65 66
8 22 32 65 57 61
8 23 47 48 45 58
8 24 95 10 5 19
8 25 58 49 37 41
8 26 37 60 62 62
8 27 19 81 79 70
8 28 33 60 63 59
8 29 91 10 12 18
8 30 96 5 8 10
8 31 40 55 57 56
8 32 56 51 39 45
8 33 72 24 34 31
8 34 80 28 27 24
8 35 69 34 27 28
8 36 92 6 18 10
8 37 33 59 66 58
8 38 86 25 14 22
8 39 15 83 84 86
8 40 51 53 43 56
8 41 41 54 63 63
9 10 12 77 80 86
9 11 77 27 30 20
9 12 25 76 75 72
9 13 36 62 58 65
9 14 23 74 67 69
9 15 77 26 25 30
9 16 67 36 33 40
9 17 89 23 14 16
9 18 68 38 27 36
9 19 52 42 48 41
9 20 27 71 74 75
9 21 94 8 19 11
9 22 14 79 80 74
9 23 90 14 19 9
9 24 70 37 30 39
9 25 96 4 11 16
9 26 94 18 9 5
9 27 43 60 58 61
9 28 96 6 3 5
9 29 16 83 82 78
9 30 58 36 47 37
9 31 4 92 91 94
9 32 74 34 26 32
9 33 31 66 64 61
9 34 75 33 34 35
9 35 41 53 61 50
9 36 94 18 14 9
9 37 65 42 31 40
9 38 90 15 12 22
9 39 17 84 78 78
9 40 71 24 26 29
9 41 90 10 19 11
10 11 26 62 64 76
10 12 11 89 88 89
10 13 86 26 15 20
10 14 15 83 73 74
10 15 34 64 62 57
10 16 79 29 18 23
10 17 60 40 42 40
10 18 66 37 31 29
10 19 26 66 63 68
10 20 99 15 1 13
10 21 79 18 26 18
10 22 32 71 70 58
10 23 27 63 68 68
10 24 4 91 83 95
10 25 65 40 43 30
10 26 6 92 88 84
10 27 1 89 85 97
10 28 94 4 11 11
10 29 72 37 34 24
10 30 48 56 51 58
10 31 33 66 58 59
10 32 61 37 36 36
10 33 55 40 42 40
10 34 91 18 10 21
10 35 60 34 37 38
10 36 32 71 64 61
10 37 65 36 41 33
10 38 87 17 12 19
10 39 32 63 67 71
10 40 85 18 12 18
10 41 6 82 85 93
11 12 71 34 29 34
11 13 11 78 82 85
11 14 33 65 56 66
11 15 94 16 18 17
11 16 6 91 86 89
11 17 33 58 70 70
11 18 84 19 27 23
11 19 81 28 21 17
11 20 13 76 81 73
11 21 8 88 79 79
11 22 66 41 32 30
11 23 35 62 60 55
11 24 57 48 45 36
11 25 37 67 64 53
11 26 34 68 69 59
11 27 40 56 64 64
11 28 18 70 76 73
11 29 36 64 60 62
11 30 56 43 44 37
11 31 87 21 12 17
11 32 57 50 50 39
11 33 98 1 8 9
11 34 16 80 80 73
11 35 30 70 69 63
11 36 13 77 85 84
11 37 49 58 45 44
11 38 82 15 21 16
11 39 40 55 63 64
11 40 21 77 69 74
11 41 17 73 83 76
12 13 41 64 63 58
12 14 2 97 95 91
12 15 47 51 50 52
12 16 82 21 27 27
12 17 36 55 56 61
12 18 61 42 45 39
12 19 46 54 47 57
12 20 97 14 16 15
12 21 58 46 46 37
12 22 26 75 75 74
12 23 43 50 49 61
12 24 48 55 56 53
12 25 60 41 43 40
12 26 83 27 15 14
12 27 43 51 49 49
12 28 51 43 55 45
12 29 53 41 46 49
12 30 34 59 70 64
12 31 72 28 34 30
12 32 33 69 68 57
12 33 50 52 44 48
12 34 79 21 18 27
12 35 92 18 12 7
12 36 75 21 25 35
12 37 3 83 84 85
12 38 36 67 55 59
12 39 81 18 27 20
12 40 75 30 23 32
12 41 9 88 91 79
13 14 55 47 49 45
13 15 41 59 53 64
13 16 3 87 92 87
13 17 99 0 10 9
13 18 33 70 62 58
13 19 83 28 24 18
13 20 87 14 14 23
13 21 72 23 31 24
13 22 45 53 53 48
13 23 39 62 57 55
13 24 52 55 53 45
13 25 20 75 79 80
13 26 59 38 43 48
13 27 33 67 67 56
13 28 59 45 35 38
13 29 65 30 43 42
13 30 56 47 39 42
13 31 87 18 23 24
13 32 25 64 77 64
13 33 71 35 35 30
13 34 54 45 39 43
13 35 60 37 35 45
13 36 56 49 39 39
13 37 43 60 60 59
13 38 18 71 80 83
13 39 42 56 60 52
13 40 34 64 61 57
13 41 81 25 25 19
14 15 93 6 16 19
14 16 96 5 5 7
14 17 25 77 74 66
14 18 79 27 21 18
14 19 73 31 35 35
14 20 17 72 75 73
14 21 93 19 8 6
14 22 14 82 81 76
14 23 56 41 50 51
14 24 52 41 52 41
14 25 94 14 5 11
14 26 43 61 53 51
14 27 42 56 63 58
14 28 75 26 35 35
14 29 63 32 39 42
14 30 1 87 85 91
14 31 3 85 87 86
14 32 30 72 68 64
14 33 13 78 77 83
14 34 62 45 45 38
14 35 56 43 41 44
14 36 74 25 31 30
14 37 46 49 50 55
14 38 79 29 22 24
14 39 10 84 78 85
14 40 0 94 93 86
14 41 47 45 54 56
15 16 67 28 34 41
15 17 29 60 60 66
15 18 59 44 39 44
15 19 50 48 45 56
15 20 90 18 18 14
15 21 47 44 51 53
15 22 5 85 84 85
15 23 76 22 32 29
15 24 25 72 70 76
15 25 50 43 41 43
15 26 6 79 80 92
15 27 19 75 68 77
15 28 69 37 33 34
15 29 7 92 88 90
15 30 31 63 64 69
15 31 92 16 15 13
15 32 21 72 72 68
15 33 23 65 78 79
15 34 16 82 85 72
15 35 12 79 77 80
15 36 77 28 19 33
15 37 11 77 76 78
15 38 73 26 30 27
15 39 98 7 1 7
15 40 51 51 50 46
15 41 15 78 83 74
16 17 43 53 56 55
16 18 15 76 85 81
16 19 73 26 33 33
16 20 81 17 26 25
16 21 92 7 17 9
16 22 61 44 33 33
16 23 66 34 42 40
16 24 48 52 55 53
16 25 93 16 19 10
16 26 36 66 57 66
16 27 36 56 69 58
16 28 93 13 8 18
16 29 17 84 74 69
16 30 20 76 72 79
16 31 78 28 30 24
16 32 63 33 37 30
16 33 79 19 22 24
16 34 67 35 35 38
16 35 32 65 60 63
16 36 20 71 74 72
16 37 21 77 80 67
16 38 17 78 70 72
16 39 99 6 13 4
16 40 28 63 74 70
16 41 81 17 16 23
17 18 79 24 25 31
17 19 6 91 81 84
17 20 41 51 54 58
17 21 13 84 86 88
17 22 75 28 33 31
17 23 74 31 26 35
17 24 5 89 84 86
17 25 87 21 17 25
17 26 93 6 16 14
17 27 18 82 76 82
17 28 39 53 54 65
17 29 6 87 83 93
17 30 61 47 43 38
17 31 91 10 19 14
17 32 71 37 34 36
17 33 89 12 17 9
17 34 63 32 36 44
17 35 68 33 36 28
17 36 95 6 12 17
17 37 42 59 55 54
17 38 32 66 61 63
17 39 68 34 32 41
17 40 61 35 38 38
17 41 39 58 64 59
18 19 98 5 4 6
18 20 95 14 14 11
18 21 75 20 27 21
18 22 36 62 61 66
18 23 83 26 16 22
18 24 23 69 75 79
18 25 84 14 14 28
18 26 94 5 16 11
18 27 57 39 38 42
18 28 38 56 61 53
18 29 68 29 34 35
18 30 88 16 23 18
18 31 33 62 65 61
18 32 0 87 97 91
18 33 97 3 11 11
18 34 30 68 64 66
18 35 0 90 95 93
18 36 77 31 24 28
18 37 6 85 81 91
18 38 0 98 94 95
18 39 62 42 39 46
18 40 54 48 44 46
18 41 53 49 39 42
19 20 67 32 28 42
19 21 32 61 65 69
19 22 14 84 85 80
19 23 86 17 14 18
19 24 53 41 48 39
19 25 20 81 80 78
19 26 79 25 25 29
19 27 83 16 21 22
19 28 64 38 30 40
19 29 21 76 73 66
19 30 72 27 30 27
19 31 16 78 74 73
19 32 67 29 39 31
19 33 52 54 44 48
19 34 46 53 45 47
19 35 2 92 92 91
19 36 79 18 28 19
19 37 9 86 86 81
19 38 70 36 38 35
19 39 80 23 21 23
19 40 47 50 47 46
19 41 9 88 82 78
20 21 58 41 39 39
20 22 25 64 75 63
20 23 86 25 12 23
20 24 36 59 55 66
20 25 21 71 79 73
20 26 15 83 84 75
20 27 28 70 64 64
20 28 30 65 70 65
20 29 40 52 50 61
20 30 69 29 34 31
20 31 81 17 16 24
20 32 33 69 58 66
20 33 24 68 67 73
20 34 58 37 41 41
20 35 33 61 58 62
20 36 52 44 43 52
20 37 32 70 61 62
20 38 2 86 83 83
20 39 6 87 82 90
20 40 31 59 59 60
20 41 34 61 57 64
21 22 14 76 74 74
21 23 60 46 44 40
21 24 6 82 91 88
21 25 37 54 63 58
21 26 5 83 84 90
21 27 15 78 78 76
21 28 66 39 31 35
21 29 19 73 77 78
21 30 60 35 44 34
21 31 88 15 13 11
21 32 71 33 36 32
21 33 21 72 76 66
21 34 61 37 40 46
21 35 58 48 48 39
21 36 23 75 69 75
21 37 10 86 83 88
21 38 38 54 53 61
21 39 1 90 92 91
21 40 90 11 14 16
21 41 60 44 36 40
22 23 63 32 33 38
22 24 54 44 43 44
22 25 60 39 41 35
22 26 21 69 74 70
22 27 63 42 41 35
22 28 11 85 80 84
22 29 74 25 30 35
22 30 25 74 70 73
22 31 8 91 82 92
22 32 89 13 20 11
22 33 92 7 15 14
22 34 30 73 68 66
22 35 30 68 65 65
22 36 51 48 50 52
22 37 82 22 24 25
22 38 31 68 64 66
22 39 38 57 56 60
22 40 52 46 48 44
22 41 36 67 55 54
23 24 92 11 15 20
23 25 34 63 69 66
23 26 30 62 63 60
23 27 52 45 53 48
23 28 43 55 54 59
23 29 32 61 62 61
23 30 13 75 77 83
23 31 89 17 16 18
23 32 74 26 35 25
23 33 92 13 21 21
23 34 17 75 71 83
23 35 34 63 66 58
23 36 51 56 47 52
23 37 7 79 90 88
23 38 50 48 44 42
23 39 63 32 38 36
23 40 52 40 51 49
23 41 76 33 27 21
24 25 67 34 31 28
24 26 32 58 66 57
24 27 30 65 65 60
24 28 67 33 32 36
24 29 33 63 60 62
24 30 95 11 11 9
24 31 28 69 62 64
24 32 88 19 19 16
24 33 63 36 31 46
24 34 37 61 67 55
24 35 92 19 9 19
24 36 18 74 82 71
24 37 19 70 78 81
24 38 28 73 74 60
24 39 75 32 29 35
24 40 65 31 43 29
24 41 65 41 33 31
25 26 78 22 22 20
25 27 33 69 61 58
25 28 48 46 49 58
25 29 6 80 80 82
25 30 24 73 65 72
25 31 32 58 63 70
25 32 45 50 49 54
25 33 84 20 27 15
25 34 71 29 32 24
25 35 95 11 12 4
25 36 29 72 69 72
25 37 94 17 12 17
25 38 94 9 13 7
25 39 28 72 66 71
25 40 28 64 67 65
25 41 37 60 54 59
26 27 82 15 19 25
26 28 51 48 43 48
26 29 81 27 15 17
26 30 2 90 94 95
26 31 34 56 60 55
26 32 70 29 36 32
26 33 19 76 71 76
26 34 46 46 58 46
26 35 36 56 56 68
26 36 2 83 97 82
26 37 48 58 45 56
26 38 30 72 63 68
26 39 15 78 82 81
26 40 1 92 88 85
26 41 32 70 57 68
27 28 70 34 36 38
27 29 76 27 26 24
27 30 50 44 48 45
27 31 59 44 34 36
27 32 87 16 14 22
27 33 93 16 12 17
27 34 28 67 63 70
27 35 83 14 23 18
27 36 27 69 76 63
27 37 48 48 49 51
27 38 34 68 68 60
27 39 34 68 63 58
27 40 31 58 73 60
27 41 98 5 10 2
28 29 35 62 66 59
28 30 31 71 65 59
28 31 2 93 84 97
28 32 78 20 32 27
28 33 2 89 87 89
28 34 0 95 89 99
28 35 39 52 54 64
28 36 43 60 56 62
28 37 10 85 80 80
28 38 91 10 17 16
28 39 76 28 32 22
28 40 39 55 58 59
28 41 21 74 66 77
29 30 47 44 53 49
29 31 57 39 48 47
29 32 42 56 56 61
29 33 1 96 98 95
29 34 92 21 7 7
29 35 98 9 9 16
29 36 68 37 33 27
29 37 9 80 81 87
29 38 41 50 55 51
29 39 2 94 92 94
29 40 31 69 61 64
29 41 67 35 32 28
30 31 85 21 19 15
30 32 34 66 69 66
30 33 13 73 86 84
30 34 36 56 66 67
30 35 8 90 83 83
30 36 33 57 63 63
30 37 86 21 23 22
30 38 33 70 63 69
30 39 73 25 32 35
30 40 58 49 44 38
30 41 23 67 80 73
31 32 56 48 45 40
31 33 15 76 79 73
31 34 43 51 57 62
31 35 51 44 46 42
31 36 19 69 71 81
31 37 78 24 33 32
31 38 7 81 91 81
31 39 99 4 13 5
31 40 93 14 16 6
31 41 14 75 84 73
32 33 60 35 47 42
32 34 58 37 36 42
32 35 53 49 50 51
32 36 98 5 7 9
32 37 75 35 29 28
32 38 8 83 83 87
32 39 0 89 95 92
32 40 91 19 20 14
32 41 90 14 21 15
33 34 2 89 85 96
33 35 80 24 21 21
33 36 87 20 15 23
33 37 8 79 84 80
33 38 93 8 9 13
33 39 15 73 77 85
33 40 77 25 23 23
33 41 72 30 34 37
34 35 50 46 45 46
34 36 11 79 90 84
34 37 29 74 63 62
34 38 86 17 11 21
34 39 34 61 69 60
34 40 38 64 54 54
34 41 70 24 27 31
35 36 11 76 78 87
35 37 46 45 50 48
35 38 20 67 79 74
35 39 43 62 57 57
35 40 87 16 12 11
35 41 31 61 63 60
36 37 57 45 39 46
36 38 25 74 75 77
36 39 87 25 24 23
36 40 68 28 35 27
36 41 35 65 66 67
37 38 4 89 82 95
37 39 38 65 59 59
37 40 92 19 12 8
37 41 31 68 69 61
38 39 97 6 11 6
38 40 7 84 80 80
38 41 86 24 25 16
39 40 0 92 97 84
39 41 17 73 83 76
40 41 4 92 87 84
