45
0 1 64 54 24 33
0 2 23 65 51 62
0 3 75 58 57 16
0 4 92 8 29 7
0 5 67 62 34 32
0 6 99 43 34 37
0 7 83 19 9 33
0 8 74 58 50 45
0 9 55 50 69 33
0 10 14 90 52 59
0 11 99 4 45 35
0 12 75 48 43 32
0 13 73 50 40 51
0 14 96 24 26 32
0 15 63 28 43 55
0 16 81 56 48 35
0 17 82 39 45 54
0 18 53 38 48 33
0 19 2 52 73 80
0 20 3 92 56 62
0 21 26 74 47 77
0 22 4 60 93 70
0 23 86 48 50 45
0 24 77 57 16 19
0 25 47 49 44 30
0 26 83 45 12 21
0 27 64 56 38 52
0 28 92 4 11 15
0 29 47 55 68 33
0 30 93 14 24 44
0 31 97 23 4 23
0 32 4 59 87 89
0 33 27 56 78 43
0 34 36 46 67 58
0 35 58 63 21 41
0 36 84 40 23 10
0 37 97 12 41 26
0 38 28 78 77 36
0 39 9 69 70 76
0 40 99 14 23 43
0 41 45 36 74 69
0 42 47 33 75 61
0 43 64 33 57 31
0 44 60 28 26 55
1 2 80 38 25 17
1 3 25 52 41 74
1 4 82 56 33 39
1 5 58 29 65 25
1 6 50 43 44 34
1 7 58 38 42 60
1 8 99 26 20 32
1 9 21 76 42 89
1 10 67 21 19 53
1 11 5 70 57 60
1 12 75 36 56 22
1 13 96 5 33 51
1 14 17 90 42 67
1 15 80 48 39 47
1 16 79 11 34 27
1 17 79 56 38 11
1 18 40 78 39 43
1 19 55 59 36 52
1 20 60 62 27 20
1 21 72 44 20 45
1 22 82 39 9 13
1 23 55 40 65 59
1 24 14 84 78 63
1 25 14 65 85 57
1 26 41 71 63 66
1 27 30 66 64 84
1 28 90 41 28 9
1 29 50 73 64 62
1 30 31 36 36 34
1 31 26 72 45 50
1 32 82 23 19 53
1 33 61 29 30 63
1 34 17 73 66 71
1 35 94 22 18 47
1 36 3 67 89 58
1 37 21 55 51 87
1 38 8 88 68 52
1 39 11 45 70 76
1 40 41 55 58 61
1 41 82 56 44 55
1 42 95 47 44 34
1 43 75 38 54 60
1 44 73 43 14 53
2 3 13 45 55 43
2 4 94 6 34 4
2 5 92 22 12 14
2 6 35 44 45 50
2 7 42 74 67 40
2 8 7 84 86 94
2 9 88 9 25 18
2 10 86 33 15 39
2 11 13 54 62 64
2 12 79 51 53 57
2 13 36 77 71 54
2 14 81 48 30 12
2 15 84 27 43 19
2 16 66 58 33 32
2 17 7 65 69 88
2 18 67 60 27 37
2 19 70 38 43 26
2 20 60 43 49 26
2 21 50 51 35 48
2 22 61 25 47 24
2 23 67 64 20 18
2 24 0 85 69 96
2 25 38 40 48 43
2 26 84 45 22 51
2 27 54 34 33 62
2 28 43 40 37 52
2 29 84 9 50 29
2 30 99 40 18 17
2 31 65 43 44 31
2 32 69 40 29 54
2 33 4 87 96 75
2 34 67 34 48 54
2 35 53 68 56 38
2 36 45 72 41 58
2 37 85 11 53 52
2 38 80 57 35 30
2 39 31 42 57 60
2 40 43 42 33 52
2 41 20 56 54 88
2 42 25 80 75 75
2 43 57 28 22 27
2 44 1 54 80 82
3 4 0 65 61 67
3 5 95 21 16 19
3 6 97 47 39 37
3 7 45 47 31 75
3 8 5 78 89 65
3 9 24 76 66 73
3 10 56 64 56 49
3 11 90 43 30 9
3 12 84 14 9 56
3 13 61 38 21 42
3 14 3 61 80 69
3 15 66 35 21 18
3 16 82 14 28 48
3 17 11 82 70 83
3 18 93 12 30 42
3 19 37 38 81 71
3 20 79 48 29 42
3 21 41 76 59 47
3 22 24 83 43 58
3 23 83 14 10 39
3 24 87 9 34 38
3 25 33 73 47 51
3 26 65 28 39 44
3 27 85 25 20 9
3 28 35 61 78 34
3 29 95 22 30 26
3 30 57 38 41 42
3 31 31 53 56 37
3 32 59 25 68 40
3 33 75 39 47 12
3 34 52 49 39 57
3 35 59 33 56 47
3 36 58 69 62 42
3 37 58 53 61 46
3 38 3 71 52 56
3 39 19 89 49 47
3 40 10 89 78 91
3 41 99 0 21 2
3 42 79 58 24 25
3 43 22 64 51 58
3 44 14 44 82 44
4 5 92 8 52 16
4 6 12 58 89 49
4 7 25 66 72 39
4 8 94 24 10 36
4 9 29 53 67 56
4 10 25 78 86 54
4 11 81 35 15 48
4 12 20 53 48 59
4 13 35 43 45 35
4 14 75 37 56 46
4 15 74 20 40 22
4 16 85 27 41 37
4 17 4 62 50 71
4 18 38 78 37 59
4 19 48 64 44 31
4 20 33 68 35 51
4 21 28 71 48 78
4 22 40 73 72 78
4 23 41 56 58 51
4 24 40 77 74 31
4 25 68 36 43 48
4 26 59 44 35 25
4 27 10 51 71 59
4 28 20 78 71 73
4 29 3 66 88 56
4 30 71 63 55 47
4 31 4 70 66 89
4 32 27 59 63 63
4 33 32 69 39 56
4 34 35 75 49 47
4 35 94 10 15 24
4 36 71 19 45 27
4 37 33 44 71 57
4 38 29 62 39 78
4 39 14 65 60 69
4 40 77 30 41 48
4 41 44 76 42 41
4 42 94 16 30 50
4 43 95 42 51 22
4 44 23 70 64 51
5 6 24 38 73 74
5 7 83 56 54 33
5 8 94 5 20 52
5 9 25 66 45 50
5 10 75 61 26 20
5 11 86 35 38 43
5 12 10 58 60 46
5 13 66 64 39 31
5 14 76 14 24 23
5 15 92 23 11 16
5 16 96 2 49 29
5 17 26 62 78 40
5 18 74 31 53 37
5 19 11 55 48 48
5 20 54 55 62 32
5 21 50 67 37 32
5 22 15 53 87 56
5 23 44 41 28 67
5 24 83 22 10 55
5 25 48 38 33 69
5 26 15 78 50 61
5 27 45 36 31 40
5 28 81 33 54 33
5 29 69 16 44 36
5 30 83 9 46 25
5 31 18 78 58 79
5 32 9 45 63 84
5 33 6 57 54 95
5 34 86 29 46 14
5 35 11 69 48 45
5 36 9 57 92 72
5 37 14 83 69 44
5 38 74 59 55 45
5 39 29 60 50 42
5 40 22 80 69 50
5 41 10 54 74 80
5 42 24 72 57 77
5 43 94 4 34 44
5 44 65 51 29 37
6 7 72 21 17 40
6 8 6 58 71 79
6 9 22 86 75 53
6 10 71 41 57 45
6 11 21 75 46 45
6 12 57 25 45 22
6 13 2 67 85 63
6 14 92 7 47 28
6 15 47 44 29 35
6 16 55 56 56 27
6 17 38 37 34 39
6 18 30 61 64 81
6 19 96 4 22 22
6 20 0 93 55 91
6 21 12 80 45 91
6 22 77 21 46 43
6 23 62 48 52 44
6 24 52 44 46 51
6 25 86 51 43 44
6 26 42 64 35 61
6 27 14 83 63 58
6 28 53 38 45 33
6 29 22 46 79 61
6 30 12 54 74 50
6 31 95 26 12 5
6 32 75 42 45 28
6 33 43 29 71 72
6 34 39 34 33 53
6 35 11 89 60 73
6 36 94 26 4 52
6 37 22 72 61 55
6 38 85 30 32 13
6 39 88 50 11 32
6 40 12 74 91 88
6 41 83 52 44 51
6 42 53 46 41 32
6 43 28 70 49 64
6 44 18 72 58 56
7 8 21 60 56 61
7 9 75 16 46 54
7 10 64 34 45 45
7 11 53 55 67 47
7 12 4 62 52 80
7 13 13 78 56 63
7 14 86 9 26 42
7 15 30 74 81 45
7 16 61 58 54 20
7 17 24 56 64 69
7 18 53 36 45 71
7 19 27 70 49 71
7 20 32 34 63 74
7 21 60 31 41 50
7 22 18 78 56 68
7 23 45 53 31 44
7 24 29 78 63 74
7 25 29 64 39 79
7 26 97 1 48 48
7 27 26 86 79 50
7 28 55 66 27 35
7 29 88 31 19 32
7 30 30 39 67 49
7 31 21 57 82 69
7 32 46 35 32 73
7 33 52 40 51 34
7 34 57 29 55 42
7 35 69 54 55 30
7 36 34 42 45 78
7 37 24 80 48 58
7 38 69 59 17 36
7 39 30 67 66 37
7 40 85 39 55 32
7 41 42 32 34 64
7 42 37 40 32 47
7 43 89 43 49 25
7 44 99 22 12 26
8 9 42 52 63 41
8 10 16 42 65 81
8 11 2 49 53 76
8 12 56 54 21 57
8 13 47 39 50 69
8 14 41 47 30 51
8 15 0 57 54 51
8 16 60 43 54 26
8 17 39 59 42 74
8 18 55 60 30 60
8 19 62 27 23 27
8 20 61 59 40 34
8 21 53 51 67 68
8 22 29 74 62 80
8 23 77 45 58 35
8 24 69 57 49 26
8 25 52 71 73 73
8 26 75 57 31 15
8 27 32 41 50 46
8 28 20 77 53 59
8 29 82 52 44 43
8 30 42 63 53 48
8 31 22 66 63 47
8 32 33 61 82 69
8 33 42 36 61 68
8 34 77 35 16 26
8 35 78 50 39 21
8 36 15 72 55 66
8 37 42 41 74 50
8 38 16 84 82 70
8 39 41 40 72 59
8 40 91 10 39 43
8 41 82 18 25 36
8 42 14 62 47 61
8 43 45 62 31 50
8 44 59 52 67 59
9 10 27 57 70 52
9 11 68 28 39 44
9 12 86 41 23 26
9 13 15 60 87 73
9 14 68 61 23 42
9 15 8 81 58 85
9 16 54 66 42 29
9 17 53 71 65 37
9 18 46 34 40 48
9 19 13 72 64 93
9 20 63 58 44 28
9 21 26 70 72 49
9 22 11 92 63 87
9 23 67 20 27 40
9 24 69 39 38 52
9 25 10 66 80 65
9 26 86 47 27 17
9 27 40 47 61 32
9 28 80 57 16 13
9 29 79 26 48 28
9 30 95 38 12 47
9 31 75 28 17 43
9 32 3 70 96 64
9 33 66 46 55 50
9 34 8 55 94 49
9 35 52 31 29 59
9 36 55 64 59 36
9 37 40 74 76 41
9 38 42 31 67 67
9 39 49 39 32 57
9 40 47 69 70 35
9 41 26 63 59 43
9 42 94 34 18 5
9 43 92 39 34 39
9 44 93 47 28 39
10 11 79 33 31 53
10 12 23 51 43 49
10 13 14 78 81 80
10 14 76 60 51 39
10 15 58 32 42 34
10 16 29 56 43 42
10 17 46 58 45 34
10 18 80 30 29 41
10 19 78 26 34 17
10 20 19 69 71 64
10 21 92 46 37 53
10 22 62 60 39 68
10 23 38 49 36 42
10 24 84 39 33 19
10 25 26 75 42 76
10 26 14 82 45 62
10 27 5 76 70 87
10 28 85 28 18 14
10 29 56 40 63 46
10 30 44 37 59 61
10 31 16 80 80 50
10 32 60 38 49 48
10 33 73 16 55 35
10 34 35 60 81 47
10 35 25 81 71 78
10 36 90 22 24 53
10 37 43 56 73 64
10 38 51 34 50 66
10 39 0 73 84 91
10 40 73 46 32 41
10 41 45 54 46 51
10 42 3 85 65 62
10 43 32 56 52 73
10 44 63 49 46 43
11 12 34 53 68 40
11 13 66 23 25 35
11 14 93 11 31 13
11 15 39 51 76 45
11 16 0 85 69 71
11 17 68 19 33 38
11 18 91 21 25 32
11 19 28 77 76 78
11 20 48 47 57 29
11 21 51 24 26 63
11 22 16 51 61 89
11 23 35 56 40 48
11 24 26 60 82 55
11 25 11 70 49 90
11 26 66 52 34 64
11 27 48 71 27 38
11 28 56 67 43 61
11 29 97 5 44 44
11 30 48 65 71 26
11 31 9 48 69 59
11 32 95 50 29 18
11 33 24 39 79 54
11 34 37 55 42 56
11 35 38 31 72 57
11 36 71 26 41 44
11 37 19 79 85 49
11 38 45 27 73 69
11 39 41 71 47 61
11 40 95 36 25 18
11 41 15 53 78 86
11 42 25 51 41 75
11 43 66 47 40 63
11 44 34 61 61 33
12 13 21 71 49 82
12 14 5 84 85 72
12 15 34 71 38 59
12 16 84 9 24 44
12 17 46 40 74 53
12 18 52 68 35 71
12 19 7 94 86 82
12 20 36 69 56 47
12 21 32 36 54 70
12 22 6 57 87 67
12 23 17 68 88 49
12 24 45 49 33 52
12 25 75 27 53 15
12 26 78 44 20 24
12 27 24 78 84 79
12 28 74 29 41 37
12 29 89 31 32 11
12 30 74 22 30 27
12 31 92 49 32 43
12 32 1 80 95 98
12 33 98 1 27 12
12 34 16 73 61 77
12 35 50 28 68 34
12 36 88 26 37 14
12 37 13 53 67 93
12 38 10 56 67 65
12 39 27 45 47 56
12 40 27 81 68 59
12 41 57 64 35 66
12 42 50 70 36 27
12 43 61 45 23 61
12 44 34 35 65 77
13 14 57 25 48 25
13 15 53 31 69 32
13 16 39 68 79 77
13 17 77 50 47 54
13 18 74 50 18 49
13 19 86 24 53 42
13 20 72 40 32 35
13 21 21 65 76 61
13 22 94 6 32 27
13 23 97 14 43 20
13 24 54 30 51 37
13 25 41 40 40 69
13 26 4 54 66 89
13 27 43 70 36 59
13 28 33 46 42 54
13 29 81 48 40 12
13 30 79 23 56 14
13 31 10 56 52 46
13 32 36 52 49 71
13 33 93 9 45 3
13 34 94 48 26 42
13 35 91 18 21 43
13 36 1 61 87 72
13 37 83 16 29 20
13 38 86 44 33 18
13 39 14 64 63 69
13 40 49 34 67 27
13 41 24 86 58 41
13 42 33 67 40 58
13 43 81 20 12 33
13 44 5 69 91 70
14 15 49 74 66 71
14 16 82 50 48 42
14 17 31 67 62 61
14 18 2 70 95 89
14 19 64 25 62 64
14 20 44 35 49 41
14 21 72 19 48 34
14 22 53 41 32 64
14 23 50 56 36 42
14 24 32 62 54 57
14 25 30 71 42 61
14 26 8 64 81 74
14 27 9 90 57 51
14 28 3 74 57 69
14 29 80 39 25 38
14 30 7 66 79 51
14 31 78 59 14 47
14 32 33 52 80 39
14 33 50 71 64 60
14 34 97 40 9 21
14 35 1 49 70 57
14 36 99 28 10 42
14 37 44 41 56 59
14 38 76 54 40 56
14 39 80 10 40 19
14 40 40 47 38 36
14 41 24 52 74 79
14 42 61 21 57 41
14 43 67 19 18 34
14 44 16 89 46 42
15 16 48 67 39 40
15 17 90 31 32 6
15 18 67 41 29 20
15 19 38 58 72 58
15 20 50 47 70 31
15 21 29 56 38 41
15 22 98 41 45 25
15 23 25 82 72 57
15 24 10 61 65 54
15 25 3 65 71 60
15 26 94 21 6 13
15 27 64 57 37 56
15 28 60 26 52 52
15 29 50 26 66 71
15 30 74 27 27 53
15 31 29 55 64 39
15 32 36 47 71 39
15 33 91 29 45 5
15 34 31 39 83 77
15 35 37 64 44 71
15 36 62 32 28 19
15 37 18 50 62 53
15 38 80 45 15 38
15 39 73 60 46 57
15 40 78 45 40 45
15 41 77 27 19 35
15 42 83 47 39 52
15 43 1 97 92 52
15 44 5 55 49 78
16 17 9 87 54 90
16 18 32 80 41 78
16 19 92 15 45 45
16 20 38 41 45 48
16 21 31 72 64 65
16 22 87 33 23 40
16 23 0 71 94 96
16 24 43 66 40 59
16 25 90 43 45 13
16 26 83 10 19 55
16 27 84 39 24 13
16 28 9 54 62 78
16 29 81 18 19 57
16 30 20 50 52 46
16 31 4 56 61 54
16 32 80 47 47 45
16 33 83 53 47 24
16 34 15 59 48 77
16 35 26 57 84 66
16 36 38 32 52 57
16 37 64 55 63 39
16 38 37 68 62 78
16 39 1 66 71 89
16 40 2 93 73 88
16 41 15 84 82 74
16 42 44 43 47 61
16 43 46 58 62 70
16 44 53 39 42 72
17 18 26 75 38 56
17 19 57 58 70 25
17 20 15 62 55 69
17 21 89 8 5 5
17 22 21 40 69 86
17 23 16 63 71 85
17 24 15 52 73 43
17 25 74 36 32 35
17 26 16 68 79 88
17 27 75 56 29 53
17 28 53 38 73 73
17 29 25 38 37 78
17 30 19 83 64 84
17 31 56 61 37 52
17 32 70 17 59 62
17 33 76 59 34 37
17 34 7 87 89 86
17 35 75 46 12 20
17 36 37 78 72 63
17 37 41 59 44 49
17 38 48 45 30 71
17 39 54 59 36 32
17 40 44 59 57 30
17 41 83 28 34 22
17 42 42 37 67 65
17 43 38 63 31 61
17 44 43 31 42 35
18 19 60 59 39 61
18 20 23 60 82 48
18 21 34 56 50 74
18 22 29 82 41 75
18 23 16 59 69 61
18 24 33 35 80 64
18 25 66 20 49 59
18 26 63 52 33 26
18 27 14 61 88 66
18 28 94 34 24 48
18 29 3 75 97 91
18 30 31 48 60 37
18 31 45 38 50 29
18 32 88 54 52 33
18 33 0 50 91 93
18 34 64 54 24 65
18 35 80 54 14 56
18 36 88 12 16 46
18 37 43 71 64 41
18 38 9 64 87 87
18 39 42 68 61 65
18 40 11 77 46 88
18 41 45 61 71 60
18 42 19 85 52 64
18 43 16 48 60 87
18 44 56 54 35 30
19 20 35 46 44 74
19 21 27 61 44 41
19 22 15 87 53 44
19 23 81 52 49 32
19 24 5 90 62 66
19 25 92 6 6 12
19 26 55 58 63 46
19 27 19 89 48 74
19 28 27 50 72 79
19 29 87 7 38 56
19 30 19 48 79 76
19 31 22 51 68 52
19 32 85 11 8 20
19 33 39 59 35 53
19 34 8 69 91 70
19 35 38 43 61 54
19 36 42 41 69 43
19 37 55 25 72 53
19 38 76 29 41 39
19 39 98 29 0 50
19 40 22 64 66 86
19 41 71 30 48 33
19 42 38 44 66 80
19 43 62 40 37 18
19 44 22 88 78 61
20 21 67 40 50 24
20 22 75 59 17 30
20 23 24 55 57 75
20 24 44 64 68 55
20 25 20 59 63 58
20 26 41 31 49 61
20 27 96 11 21 24
20 28 41 40 29 40
20 29 60 27 44 61
20 30 5 95 91 88
20 31 93 4 8 25
20 32 1 78 56 81
20 33 71 18 32 42
20 34 27 40 74 40
20 35 32 47 66 54
20 36 11 62 79 55
20 37 12 47 44 72
20 38 23 55 77 41
20 39 12 85 56 50
20 40 82 11 21 35
20 41 89 14 10 8
20 42 78 35 43 49
20 43 87 41 23 42
20 44 83 29 15 18
21 22 19 48 85 67
21 23 64 18 64 31
21 24 20 40 45 66
21 25 10 83 85 55
21 26 32 54 82 74
21 27 79 53 13 57
21 28 77 27 35 34
21 29 82 30 37 12
21 30 75 48 35 52
21 31 5 66 57 64
21 32 48 55 42 56
21 33 37 48 43 59
21 34 65 17 31 30
21 35 53 46 35 59
21 36 12 50 47 90
21 37 17 69 59 84
21 38 76 58 13 57
21 39 38 47 63 43
21 40 83 9 10 18
21 41 74 26 36 49
21 42 28 55 39 48
21 43 78 28 40 33
21 44 50 64 32 57
22 23 58 24 67 52
22 24 89 48 51 35
22 25 69 22 63 23
22 26 14 49 83 43
22 27 29 53 56 65
22 28 99 36 16 23
22 29 20 72 60 54
22 30 12 69 84 46
22 31 26 84 62 72
22 32 15 83 87 68
22 33 14 64 56 74
22 34 60 28 32 69
22 35 14 44 82 91
22 36 61 34 36 21
22 37 9 46 58 85
22 38 88 52 30 25
22 39 50 44 32 48
22 40 27 60 39 77
22 41 16 52 83 54
22 42 10 66 66 58
22 43 14 84 50 60
22 44 36 65 78 43
23 24 74 42 46 33
23 25 0 58 53 77
23 26 0 60 80 94
23 27 93 25 25 51
23 28 97 14 8 41
23 29 6 91 55 76
23 30 51 55 48 65
23 31 26 73 66 49
23 32 28 49 82 85
23 33 59 29 21 27
23 34 61 22 40 60
23 35 16 74 67 82
23 36 23 66 71 43
23 37 21 83 62 52
23 38 4 76 90 52
23 39 85 42 37 20
23 40 26 64 82 62
23 41 17 86 74 71
23 42 42 37 34 57
23 43 49 73 47 40
23 44 32 79 73 56
24 25 44 50 77 52
24 26 33 63 69 64
24 27 24 53 48 60
24 28 68 52 22 55
24 29 33 40 47 48
24 30 39 45 59 67
24 31 64 24 45 58
24 32 68 23 40 31
24 33 74 13 20 16
24 34 11 75 73 63
24 35 34 75 39 35
24 36 83 21 55 11
24 37 90 36 50 47
24 38 54 32 57 52
24 39 54 37 67 69
24 40 49 31 47 71
24 41 1 55 93 59
24 42 62 36 38 64
24 43 56 46 53 71
24 44 5 50 76 50
25 26 28 78 53 66
25 27 6 51 89 49
25 28 92 46 9 43
25 29 2 58 92 58
25 30 90 16 52 42
25 31 19 46 61 89
25 32 90 50 13 37
25 33 41 31 43 67
25 34 15 63 68 73
25 35 96 7 41 16
25 36 76 46 54 49
25 37 34 77 58 62
25 38 44 70 47 35
25 39 24 85 51 71
25 40 4 92 67 84
25 41 89 54 34 30
25 42 20 59 47 71
25 43 90 53 39 20
25 44 84 51 50 50
26 27 91 33 32 30
26 28 31 57 50 63
26 29 4 61 70 75
26 30 46 63 71 47
26 31 47 73 62 56
26 32 58 51 46 56
26 33 37 40 75 47
26 34 85 20 49 47
26 35 43 33 31 45
26 36 30 72 37 40
26 37 91 35 14 11
26 38 37 58 64 69
26 39 99 28 10 33
26 40 45 36 43 36
26 41 25 51 85 51
26 42 50 53 40 47
26 43 71 23 45 35
26 44 86 19 41 33
27 28 76 18 40 41
27 29 8 54 63 58
27 30 67 55 21 43
27 31 6 65 90 65
27 32 15 59 63 90
27 33 31 62 35 84
27 34 25 50 47 70
27 35 38 45 49 65
27 36 0 90 81 76
27 37 39 55 57 52
27 38 5 69 60 77
27 39 5 58 51 49
27 40 7 64 70 65
27 41 26 53 43 70
27 42 82 22 23 38
27 43 88 41 13 21
27 44 53 55 62 31
28 29 59 68 50 32
28 30 92 50 27 44
28 31 46 72 52 58
28 32 73 21 33 60
28 33 78 21 13 41
28 34 10 51 77 50
28 35 36 46 34 61
28 36 91 40 48 6
28 37 96 7 12 30
28 38 49 59 36 34
28 39 85 42 50 33
28 40 61 50 29 39
28 41 33 60 34 59
28 42 56 50 48 30
28 43 60 51 54 28
28 44 10 87 83 63
29 30 12 79 55 87
29 31 49 69 65 47
29 32 68 59 38 59
29 33 49 40 45 58
29 34 72 53 19 46
29 35 28 62 85 81
29 36 59 21 51 31
29 37 33 50 47 68
29 38 61 62 67 39
29 39 67 28 63 22
29 40 86 17 28 13
29 41 36 64 32 70
29 42 42 77 50 63
29 43 6 86 81 54
29 44 29 49 84 75
30 31 11 60 88 73
30 32 75 19 50 31
30 33 69 25 50 27
30 34 80 29 56 41
30 35 86 53 35 43
30 36 94 43 32 5
30 37 72 41 29 43
30 38 76 53 40 19
30 39 3 49 70 51
30 40 29 51 35 83
30 41 16 87 74 74
30 42 67 29 54 41
30 43 65 59 28 57
30 44 67 29 54 46
31 32 52 52 51 34
31 33 42 76 41 67
31 34 99 38 40 16
31 35 14 45 59 48
31 36 84 7 57 30
31 37 10 53 45 54
31 38 46 47 64 54
31 39 9 59 90 71
31 40 12 89 92 60
31 41 92 18 30 42
31 42 3 69 59 49
31 43 5 70 96 81
31 44 78 46 50 13
32 33 51 43 47 60
32 34 12 69 59 52
32 35 91 44 15 31
32 36 54 59 48 53
32 37 60 47 37 59
32 38 33 58 39 42
32 39 9 77 90 45
32 40 35 55 74 51
32 41 71 27 55 28
32 42 93 3 4 46
32 43 69 31 49 60
32 44 13 48 67 77
33 34 73 23 15 19
33 35 56 41 31 27
33 36 56 33 38 45
33 37 66 62 42 49
33 38 5 89 50 66
33 39 77 60 35 14
33 40 65 58 57 54
33 41 90 17 43 39
33 42 58 62 36 35
33 43 26 78 86 52
33 44 3 78 77 50
34 35 77 26 37 30
34 36 63 28 39 22
34 37 55 54 53 26
34 38 24 68 72 38
34 39 57 68 37 46
34 40 43 46 62 46
34 41 51 52 29 26
34 42 3 54 95 59
34 43 28 74 80 66
34 44 16 72 86 50
35 36 16 90 81 85
35 37 38 71 75 73
35 38 69 33 60 18
35 39 60 42 22 53
35 40 70 40 46 53
35 41 85 40 18 48
35 42 34 48 75 57
35 43 50 71 32 71
35 44 59 38 47 41
36 37 34 39 66 46
36 38 90 32 38 22
36 39 5 79 87 89
36 40 31 73 68 53
36 41 46 42 63 52
36 42 83 21 27 58
36 43 57 38 52 40
36 44 90 7 52 33
37 38 29 51 72 74
37 39 93 42 26 15
37 40 27 48 80 73
37 41 2 91 78 70
37 42 10 62 60 73
37 43 83 51 38 19
37 44 27 62 85 71
38 39 71 61 20 55
38 40 95 47 22 38
38 41 56 62 48 51
38 42 30 77 35 56
38 43 94 14 9 37
38 44 51 48 52 62
39 40 35 57 40 48
39 41 74 50 53 53
39 42 62 24 33 49
39 43 15 52 48 70
39 44 90 47 18 25
40 41 11 81 77 45
40 42 99 10 18 20
40 43 68 50 30 53
40 44 17 82 70 58
41 42 62 56 53 28
41 43 76 50 44 27
41 44 55 61 43 44
42 43 57 31 62 66
42 44 84 36 16 38
43 44 6 50 53 57
