50
0 1 22 36 52 35
0 2 17 72 52 53
0 3 66 53 37 25
0 4 96 19 26 52
0 5 59 27 68 46
0 6 58 27 60 72
0 7 39 25 24 28
0 8 92 46 38 74
0 9 42 47 46 84
0 10 62 82 35 86
0 11 61 71 11 50
0 12 59 21 72 64
0 13 69 55 75 40
0 14 86 3 17 14
0 15 93 14 18 19
0 16 47 26 75 73
0 17 23 94 34 53
0 18 26 62 77 29
0 19 18 43 47 82
0 20 80 35 13 57
0 21 37 89 59 74
0 22 68 22 17 43
0 23 28 82 16 77
0 24 17 66 66 67
0 25 1 84 44 20
0 26 53 28 73 55
0 27 32 44 87 50
0 28 79 17 5 82
0 29 22 64 30 80
0 30 0 35 27 90
0 31 42 88 44 37
0 32 3 76 60 27
0 33 98 10 27 57
0 34 96 43 35 20
0 35 94 30 44 45
0 36 25 73 70 59
0 37 41 15 89 27
0 38 28 52 39 46
0 39 50 78 26 17
0 40 65 84 29 54
0 41 82 31 32 17
0 42 22 46 73 85
0 43 82 5 37 12
0 44 72 21 76 56
0 45 20 36 46 45
0 46 51 86 16 39
0 47 27 94 86 37
0 48 94 49 51 39
0 49 1 72 48 49
1 2 51 70 27 19
1 3 38 51 92 82
1 4 79 36 20 60
1 5 83 61 64 45
1 6 79 31 50 57
1 7 71 41 12 15
1 8 83 64 46 58
1 9 65 15 36 33
1 10 78 28 66 8
1 11 72 35 77 66
1 12 64 35 70 42
1 13 67 27 70 13
1 14 85 48 61 33
1 15 3 64 90 66
1 16 59 77 55 76
1 17 77 11 58 13
1 18 93 65 42 58
1 19 50 23 71 61
1 20 32 73 89 47
1 21 7 24 61 46
1 22 40 55 73 46
1 23 56 25 20 24
1 24 24 19 45 36
1 25 12 82 90 55
1 26 90 56 36 68
1 27 66 14 24 34
1 28 26 90 82 51
1 29 92 63 9 51
1 30 62 34 15 80
1 31 93 21 30 74
1 32 82 48 31 19
1 33 98 13 40 78
1 34 79 52 42 5
1 35 83 11 29 57
1 36 60 40 56 68
1 37 50 55 43 33
1 38 16 42 40 72
1 39 43 37 62 49
1 40 62 63 85 20
1 41 17 48 47 63
1 42 38 75 46 32
1 43 56 13 25 59
1 44 87 30 12 72
1 45 70 29 53 68
1 46 40 22 48 65
1 47 22 21 25 87
1 48 33 56 65 24
1 49 5 40 73 33
2 3 53 57 66 20
2 4 51 47 69 28
2 5 23 68 78 86
2 6 88 21 76 70
2 7 20 68 41 28
2 8 80 60 15 41
2 9 19 80 55 56
2 10 59 79 43 31
2 11 97 45 35 77
2 12 48 25 33 74
2 13 12 30 93 27
2 14 90 11 19 2
2 15 67 62 41 80
2 16 25 85 92 53
2 17 35 27 90 20
2 18 82 65 11 34
2 19 34 61 23 80
2 20 86 63 46 8
2 21 1 95 63 25
2 22 3 85 75 35
2 23 19 88 38 78
2 24 17 46 26 62
2 25 83 43 13 51
2 26 84 40 33 13
2 27 66 59 65 30
2 28 90 80 73 37
2 29 54 59 51 40
2 30 80 26 20 22
2 31 82 54 37 29
2 32 63 77 83 72
2 33 70 16 84 70
2 34 2 25 75 78
2 35 98 39 39 28
2 36 17 82 80 42
2 37 51 10 46 68
2 38 4 62 96 95
2 39 35 68 51 58
2 40 6 76 36 56
2 41 15 40 32 92
2 42 70 60 76 78
2 43 71 74 20 29
2 44 68 23 54 6
2 45 75 42 21 67
2 46 21 37 93 29
2 47 70 65 19 65
2 48 29 17 88 83
2 49 7 29 82 87
3 4 19 68 52 69
3 5 1 99 26 53
3 6 48 24 48 80
3 7 90 61 63 74
3 8 13 78 65 86
3 9 29 56 47 52
3 10 0 67 51 48
3 11 25 53 73 49
3 12 99 2 13 21
3 13 88 34 5 22
3 14 10 36 91 81
3 15 6 93 97 77
3 16 43 26 56 73
3 17 79 43 28 9
3 18 31 39 21 74
3 19 66 51 54 44
3 20 18 77 43 58
3 21 43 75 21 87
3 22 13 88 43 91
3 23 16 72 83 79
3 24 87 18 26 15
3 25 71 75 5 30
3 26 74 33 11 58
3 27 18 64 46 49
3 28 91 11 18 7
3 29 99 61 8 5
3 30 77 53 20 60
3 31 43 80 83 90
3 32 4 52 83 89
3 33 18 32 86 20
3 34 53 78 47 16
3 35 63 37 50 75
3 36 87 69 25 7
3 37 2 84 98 74
3 38 72 34 77 22
3 39 83 27 62 21
3 40 55 39 28 34
3 41 92 50 22 35
3 42 44 29 32 33
3 43 26 54 86 32
3 44 26 58 78 44
3 45 9 82 58 96
3 46 47 45 19 46
3 47 25 33 66 30
3 48 8 65 95 51
3 49 52 66 13 75
4 5 89 66 19 53
4 6 35 68 17 58
4 7 17 86 41 80
4 8 30 22 87 35
4 9 72 41 40 5
4 10 69 57 81 20
4 11 77 75 46 52
4 12 43 18 26 28
4 13 46 52 48 83
4 14 18 23 70 93
4 15 24 78 69 16
4 16 41 58 63 75
4 17 93 34 57 64
4 18 46 66 41 29
4 19 59 30 50 82
4 20 43 18 42 22
4 21 53 37 72 83
4 22 99 58 37 36
4 23 30 78 68 83
4 24 42 75 34 22
4 25 66 63 29 73
4 26 1 80 22 41
4 27 98 62 75 32
4 28 24 17 67 33
4 29 73 34 29 69
4 30 82 32 69 77
4 31 57 36 72 14
4 32 48 52 39 66
4 33 56 86 28 20
4 34 90 53 28 64
4 35 98 56 45 35
4 36 72 83 21 83
4 37 85 28 21 71
4 38 5 42 76 86
4 39 76 55 19 32
4 40 75 61 6 72
4 41 56 74 63 15
4 42 91 19 75 78
4 43 27 79 15 23
4 44 59 50 10 81
4 45 91 63 50 77
4 46 59 18 68 28
4 47 34 36 91 27
4 48 93 58 22 6
4 49 43 22 18 84
5 6 3 88 34 64
5 7 11 33 58 54
5 8 99 69 79 58
5 9 45 37 75 41
5 10 43 49 79 47
5 11 32 44 14 16
5 12 1 99 96 22
5 13 90 26 63 32
5 14 16 75 54 54
5 15 77 50 24 22
5 16 48 68 46 70
5 17 0 42 63 70
5 18 62 67 59 32
5 19 36 70 83 62
5 20 27 23 46 44
5 21 27 24 18 62
5 22 97 58 62 55
5 23 86 11 26 28
5 24 16 32 88 64
5 25 97 22 27 61
5 26 22 84 73 87
5 27 0 67 61 55
5 28 44 32 90 49
5 29 76 54 47 84
5 30 38 73 66 84
5 31 78 20 66 70
5 32 59 17 11 22
5 33 87 14 71 57
5 34 79 58 67 12
5 35 92 65 64 21
5 36 12 51 86 27
5 37 62 31 65 53
5 38 18 77 27 50
5 39 28 91 17 17
5 40 50 66 78 63
5 41 42 55 77 29
5 42 10 30 85 68
5 43 39 35 16 87
5 44 81 10 19 5
5 45 30 65 41 22
5 46 97 53 62 55
5 47 23 80 41 42
5 48 23 46 43 70
5 49 89 29 38 5
6 7 41 79 88 71
6 8 47 84 38 64
6 9 63 20 8 83
6 10 26 66 63 40
6 11 30 65 62 49
6 12 13 33 54 70
6 13 34 80 32 19
6 14 49 19 42 87
6 15 40 40 18 69
6 16 5 36 81 90
6 17 62 52 70 9
6 18 9 90 40 43
6 19 62 36 57 76
6 20 9 51 85 44
6 21 26 49 35 89
6 22 5 25 69 28
6 23 69 50 77 59
6 24 4 55 62 47
6 25 78 69 11 6
6 26 29 86 59 33
6 27 40 62 33 68
6 28 25 85 83 72
6 29 79 14 45 18
6 30 86 19 50 63
6 31 32 52 41 20
6 32 75 34 60 57
6 33 9 88 97 38
6 34 2 54 98 61
6 35 17 79 51 65
6 36 42 49 30 43
6 37 91 21 31 5
6 38 23 39 79 61
6 39 59 56 35 37
6 40 43 70 40 49
6 41 78 53 54 72
6 42 49 25 80 89
6 43 37 58 82 82
6 44 5 58 38 45
6 45 77 29 7 33
6 46 16 17 42 72
6 47 12 42 63 38
6 48 88 34 82 59
6 49 50 18 19 15
7 8 67 51 41 26
7 9 48 86 63 45
7 10 47 73 77 39
7 11 68 17 18 27
7 12 44 64 34 12
7 13 54 67 59 23
7 14 58 78 67 64
7 15 16 28 52 58
7 16 80 64 22 28
7 17 94 54 74 19
7 18 10 65 23 87
7 19 33 59 38 39
7 20 47 34 44 28
7 21 68 9 43 51
7 22 90 15 52 13
7 23 12 39 56 18
7 24 40 64 22 58
7 25 87 70 26 34
7 26 46 37 12 35
7 27 21 52 80 87
7 28 65 16 70 9
7 29 31 57 36 23
7 30 82 82 31 16
7 31 25 56 60 22
7 32 76 20 76 25
7 33 39 68 42 15
7 34 67 73 15 14
7 35 7 76 48 26
7 36 40 76 64 75
7 37 10 55 58 49
7 38 25 49 40 37
7 39 12 66 41 36
7 40 64 60 79 55
7 41 12 25 28 86
7 42 74 82 30 82
7 43 71 31 33 47
7 44 70 23 63 62
7 45 26 79 55 29
7 46 73 59 71 25
7 47 0 43 51 81
7 48 52 73 73 72
7 49 4 98 21 87
8 9 94 28 54 47
8 10 98 14 52 68
8 11 52 60 42 38
8 12 79 78 40 37
8 13 2 25 79 33
8 14 83 10 11 75
8 15 10 79 42 84
8 16 56 86 21 40
8 17 75 59 49 74
8 18 62 31 57 58
8 19 3 63 69 28
8 20 62 64 50 69
8 21 75 75 79 33
8 22 99 41 69 36
8 23 97 25 24 34
8 24 65 83 25 27
8 25 61 46 85 12
8 26 82 50 53 61
8 27 99 19 54 0
8 28 76 50 62 16
8 29 97 48 46 78
8 30 11 25 19 27
8 31 21 47 89 48
8 32 21 49 18 39
8 33 38 47 82 89
8 34 91 76 18 80
8 35 54 20 83 10
8 36 70 40 54 10
8 37 15 45 94 92
8 38 68 79 34 71
8 39 87 65 39 49
8 40 91 47 8 20
8 41 4 75 65 88
8 42 8 84 24 73
8 43 14 17 33 74
8 44 64 22 50 40
8 45 91 69 17 48
8 46 75 81 83 68
8 47 81 4 52 3
8 48 79 26 60 43
8 49 48 43 15 64
9 10 46 71 17 52
9 11 78 70 43 21
9 12 24 77 50 35
9 13 51 30 14 33
9 14 75 75 66 27
9 15 36 33 23 82
9 16 75 32 31 42
9 17 43 29 88 89
9 18 82 29 34 75
9 19 77 54 39 55
9 20 86 43 17 67
9 21 94 68 37 28
9 22 0 48 21 76
9 23 18 47 62 60
9 24 29 39 56 23
9 25 69 29 7 45
9 26 3 73 37 24
9 27 50 61 10 24
9 28 14 27 63 33
9 29 22 70 45 78
9 30 20 32 49 44
9 31 72 51 13 82
9 32 78 21 8 58
9 33 4 21 22 66
9 34 16 87 94 81
9 35 11 22 90 60
9 36 61 47 31 60
9 37 30 80 64 28
9 38 18 23 96 27
9 39 94 27 49 77
9 40 2 98 89 60
9 41 15 71 73 24
9 42 67 28 68 37
9 43 55 86 80 26
9 44 99 58 71 13
9 45 51 77 88 54
9 46 37 90 81 15
9 47 27 59 74 41
9 48 28 19 20 42
9 49 62 9 39 80
10 11 17 18 24 32
10 12 50 70 13 74
10 13 42 88 48 11
10 14 92 53 4 13
10 15 13 37 82 91
10 16 41 33 27 23
10 17 51 37 64 75
10 18 43 25 59 87
10 19 12 33 61 79
10 20 72 62 10 42
10 21 46 81 30 87
10 22 86 65 58 16
10 23 58 70 34 9
10 24 44 29 83 63
10 25 67 62 73 41
10 26 18 54 80 41
10 27 99 39 40 28
10 28 35 63 52 91
10 29 81 55 21 18
10 30 24 85 50 35
10 31 71 11 55 57
10 32 26 31 46 38
10 33 21 40 70 35
10 34 92 35 33 65
10 35 31 50 57 83
10 36 35 54 42 43
10 37 45 25 54 22
10 38 46 59 49 73
10 39 23 61 92 78
10 40 1 72 98 20
10 41 22 63 39 69
10 42 49 48 71 36
10 43 58 11 82 33
10 44 77 7 24 38
10 45 47 55 72 65
10 46 95 11 43 24
10 47 59 78 74 87
10 48 52 35 52 46
10 49 57 58 53 78
11 12 67 41 9 43
11 13 96 59 13 10
11 14 35 23 79 59
11 15 72 55 82 31
11 16 6 54 82 44
11 17 52 66 19 47
11 18 44 18 48 77
11 19 72 12 43 15
11 20 99 44 58 8
11 21 6 65 36 55
11 22 31 48 27 31
11 23 72 37 52 81
11 24 22 81 27 66
11 25 16 54 40 24
11 26 97 4 27 42
11 27 98 16 60 33
11 28 66 44 85 42
11 29 67 31 63 44
11 30 83 78 24 38
11 31 78 37 12 63
11 32 28 28 70 87
11 33 36 90 87 18
11 34 28 91 38 92
11 35 86 40 28 59
11 36 14 93 77 41
11 37 91 50 15 29
11 38 51 56 58 12
11 39 61 12 65 53
11 40 81 66 38 59
11 41 64 16 36 13
11 42 90 48 16 50
11 43 84 36 29 5
11 44 78 41 48 66
11 45 23 93 60 72
11 46 37 41 16 23
11 47 51 12 41 17
11 48 53 79 52 11
11 49 20 35 78 43
12 13 68 16 8 60
12 14 82 41 34 15
12 15 43 31 60 38
12 16 31 63 32 15
12 17 11 68 73 23
12 18 34 44 73 73
12 19 73 52 30 39
12 20 60 29 46 30
12 21 56 33 23 67
12 22 4 45 31 37
12 23 19 54 60 60
12 24 48 60 14 90
12 25 91 58 76 48
12 26 50 75 45 87
12 27 79 24 29 7
12 28 47 49 79 52
12 29 60 49 29 47
12 30 31 46 83 39
12 31 84 31 29 68
12 32 70 23 42 39
12 33 80 35 80 6
12 34 35 90 53 33
12 35 75 78 74 35
12 36 7 24 49 19
12 37 31 58 18 32
12 38 77 63 56 12
12 39 32 64 72 80
12 40 20 19 48 58
12 41 40 50 58 17
12 42 2 74 57 96
12 43 35 23 20 22
12 44 26 37 70 24
12 45 56 16 38 76
12 46 41 29 33 61
12 47 51 56 48 27
12 48 84 55 43 66
12 49 40 38 44 89
13 14 44 76 13 63
13 15 40 73 87 20
13 16 93 54 21 5
13 17 50 30 30 85
13 18 65 13 82 8
13 19 84 53 12 36
13 20 66 8 43 31
13 21 58 59 34 48
13 22 81 8 24 66
13 23 36 73 19 70
13 24 60 23 45 13
13 25 15 66 89 23
13 26 15 89 24 75
13 27 27 53 78 20
13 28 42 39 14 63
13 29 98 33 25 75
13 30 18 84 64 69
13 31 1 28 33 97
13 32 25 23 83 83
13 33 62 47 66 77
13 34 85 68 63 58
13 35 72 17 40 46
13 36 78 82 17 15
13 37 37 69 20 27
13 38 29 38 61 61
13 39 69 22 36 39
13 40 37 45 55 44
13 41 73 81 72 50
13 42 48 20 35 87
13 43 54 53 69 75
13 44 76 77 14 56
13 45 84 23 42 70
13 46 70 13 24 6
13 47 89 6 8 69
13 48 34 66 24 43
13 49 48 71 38 86
14 15 32 29 62 44
14 16 74 52 18 47
14 17 49 79 16 12
14 18 55 41 33 34
14 19 69 35 54 47
14 20 42 41 41 19
14 21 90 7 68 51
14 22 51 56 12 45
14 23 31 72 85 54
14 24 1 61 93 83
14 25 10 42 70 41
14 26 99 14 62 16
14 27 47 78 59 82
14 28 2 91 79 78
14 29 35 55 90 71
14 30 26 19 30 85
14 31 15 41 77 73
14 32 72 53 52 14
14 33 68 36 44 26
14 34 99 1 19 19
14 35 12 45 86 21
14 36 23 42 53 83
14 37 21 35 38 18
14 38 48 67 15 20
14 39 39 62 27 20
14 40 35 81 53 30
14 41 4 47 64 52
14 42 56 51 73 69
14 43 49 39 55 66
14 44 76 36 30 72
14 45 37 41 73 79
14 46 66 13 81 35
14 47 47 18 63 85
14 48 47 61 79 36
14 49 6 61 73 24
15 16 90 63 34 10
15 17 5 61 87 79
15 18 4 74 81 29
15 19 27 50 31 85
15 20 94 67 55 24
15 21 55 57 83 43
15 22 58 22 53 42
15 23 68 10 13 33
15 24 40 47 25 59
15 25 3 83 38 67
15 26 39 38 63 76
15 27 40 81 79 49
15 28 51 64 82 60
15 29 47 68 57 46
15 30 70 33 47 43
15 31 31 80 27 86
15 32 33 17 81 83
15 33 50 50 11 30
15 34 15 81 75 95
15 35 50 51 58 28
15 36 86 27 35 40
15 37 86 74 53 56
15 38 23 21 20 45
15 39 34 44 15 79
15 40 16 65 54 66
15 41 23 66 41 73
15 42 61 15 56 57
15 43 8 38 39 47
15 44 42 13 86 26
15 45 94 6 18 30
15 46 93 70 47 25
15 47 36 27 40 16
15 48 76 51 74 13
15 49 62 64 48 77
16 17 59 47 75 50
16 18 82 25 62 17
16 19 75 23 5 16
16 20 73 64 41 82
16 21 12 83 82 48
16 22 28 42 81 66
16 23 14 18 57 40
16 24 0 64 57 63
16 25 16 57 83 56
16 26 29 63 83 26
16 27 41 51 46 69
16 28 15 22 27 93
16 29 78 44 40 34
16 30 78 53 43 17
16 31 75 59 57 74
16 32 46 58 85 82
16 33 58 75 74 35
16 34 75 66 60 69
16 35 40 40 40 65
16 36 62 44 31 19
16 37 25 35 40 47
16 38 99 60 17 51
16 39 95 76 45 61
16 40 41 17 85 46
16 41 24 87 36 42
16 42 82 64 30 66
16 43 88 76 79 34
16 44 5 30 28 79
16 45 61 22 74 61
16 46 15 29 65 89
16 47 53 65 62 59
16 48 27 36 16 86
16 49 72 33 35 37
17 18 93 18 46 44
17 19 33 88 80 64
17 20 2 80 82 34
17 21 52 32 13 73
17 22 16 24 54 64
17 23 17 67 54 71
17 24 73 71 84 43
17 25 54 76 62 62
17 26 23 92 35 75
17 27 54 76 75 40
17 28 72 22 67 54
17 29 51 38 26 55
17 30 91 23 6 20
17 31 37 50 59 26
17 32 84 77 73 41
17 33 30 43 49 18
17 34 68 47 25 76
17 35 40 40 90 23
17 36 15 71 86 79
17 37 49 26 35 25
17 38 45 71 85 80
17 39 38 71 88 29
17 40 87 54 49 43
17 41 89 65 20 49
17 42 89 9 25 22
17 43 27 44 18 72
17 44 80 42 69 72
17 45 79 73 10 41
17 46 38 41 30 27
17 47 96 35 51 4
17 48 18 42 81 82
17 49 24 69 82 84
18 19 52 17 11 56
18 20 50 17 27 21
18 21 84 19 26 43
18 22 3 86 61 46
18 23 72 43 68 52
18 24 53 63 46 69
18 25 63 55 30 27
18 26 82 23 47 37
18 27 14 75 71 62
18 28 94 53 28 20
18 29 38 52 89 32
18 30 33 93 85 53
18 31 89 35 6 78
18 32 24 56 34 81
18 33 83 36 11 52
18 34 72 15 62 54
18 35 21 65 19 61
18 36 79 46 37 52
18 37 68 81 30 16
18 38 20 16 32 95
18 39 1 67 31 73
18 40 60 67 14 30
18 41 99 13 42 48
18 42 47 13 19 74
18 43 36 76 56 77
18 44 78 6 42 12
18 45 88 51 16 64
18 46 71 15 45 11
18 47 77 25 34 65
18 48 33 58 55 32
18 49 9 70 36 92
19 20 18 73 21 59
19 21 86 4 22 74
19 22 75 57 56 53
19 23 34 23 50 69
19 24 60 58 48 75
19 25 88 72 73 57
19 26 29 47 77 60
19 27 87 57 24 16
19 28 51 51 20 13
19 29 75 21 81 60
19 30 69 77 53 44
19 31 76 37 30 10
19 32 79 24 76 61
19 33 54 35 12 86
19 34 82 55 30 63
19 35 52 28 31 86
19 36 80 75 6 80
19 37 74 59 16 68
19 38 63 67 12 8
19 39 21 36 92 56
19 40 38 13 52 20
19 41 93 12 76 79
19 42 61 69 34 19
19 43 21 82 25 49
19 44 66 39 10 36
19 45 90 43 4 62
19 46 82 62 65 15
19 47 88 58 79 21
19 48 66 73 62 31
19 49 28 79 17 53
20 21 86 20 34 37
20 22 74 77 49 16
20 23 3 68 79 60
20 24 90 25 74 27
20 25 73 61 49 33
20 26 30 70 52 26
20 27 15 72 86 21
20 28 25 17 40 68
20 29 17 27 54 36
20 30 15 88 58 77
20 31 6 51 95 75
20 32 66 59 78 50
20 33 16 74 18 66
20 34 1 89 72 34
20 35 35 58 43 26
20 36 16 59 62 87
20 37 94 74 50 58
20 38 18 29 83 41
20 39 0 60 30 28
20 40 96 23 25 2
20 41 51 21 72 72
20 42 78 83 53 50
20 43 92 19 43 53
20 44 76 41 50 10
20 45 52 17 87 29
20 46 51 47 84 39
20 47 11 75 25 18
20 48 84 32 51 56
20 49 36 44 88 90
21 22 83 25 20 17
21 23 45 14 39 26
21 24 7 81 92 79
21 25 6 93 59 45
21 26 91 30 17 45
21 27 17 26 25 48
21 28 4 91 72 57
21 29 18 33 73 83
21 30 45 50 74 55
21 31 19 64 48 95
21 32 96 33 15 45
21 33 95 34 67 25
21 34 8 60 30 22
21 35 30 53 66 88
21 36 51 83 17 69
21 37 42 26 33 30
21 38 11 21 85 28
21 39 40 77 38 60
21 40 65 49 49 72
21 41 87 37 2 69
21 42 45 42 52 19
21 43 75 65 47 10
21 44 41 48 79 61
21 45 77 79 44 82
21 46 0 85 71 58
21 47 34 85 52 63
21 48 9 52 46 34
21 49 0 26 43 77
22 23 40 67 71 17
22 24 79 80 10 34
22 25 85 22 64 24
22 26 84 44 35 18
22 27 59 45 35 32
22 28 80 54 29 14
22 29 20 94 19 56
22 30 45 32 89 45
22 31 14 87 96 86
22 32 28 49 24 82
22 33 11 40 41 73
22 34 31 69 13 51
22 35 94 49 71 7
22 36 74 22 47 50
22 37 81 10 20 33
22 38 98 14 17 37
22 39 56 54 60 72
22 40 7 41 54 24
22 41 16 95 27 20
22 42 31 47 24 77
22 43 30 26 84 38
22 44 7 19 39 96
22 45 57 80 45 19
22 46 78 69 70 60
22 47 39 52 70 29
22 48 23 17 81 37
22 49 13 40 28 38
23 24 78 51 67 70
23 25 22 57 62 42
23 26 62 12 37 54
23 27 91 16 43 72
23 28 77 53 54 49
23 29 82 74 73 70
23 30 93 81 67 57
23 31 91 64 25 77
23 32 46 24 31 19
23 33 73 9 26 20
23 34 23 67 37 84
23 35 10 63 91 91
23 36 25 25 61 93
23 37 63 17 69 10
23 38 1 81 94 76
23 39 33 59 41 34
23 40 13 69 19 61
23 41 11 60 85 53
23 42 22 57 23 75
23 43 69 83 68 27
23 44 85 5 60 58
23 45 38 72 24 62
23 46 37 66 86 18
23 47 65 61 30 61
23 48 98 6 9 7
23 49 20 47 43 59
24 25 0 46 34 20
24 26 47 84 47 69
24 27 50 83 85 36
24 28 66 40 66 65
24 29 79 66 30 37
24 30 96 47 67 17
24 31 74 46 73 75
24 32 59 44 45 53
24 33 55 73 21 54
24 34 1 72 34 76
24 35 28 94 26 42
24 36 41 49 30 40
24 37 58 65 48 29
24 38 68 71 56 73
24 39 86 38 79 50
24 40 61 28 43 45
24 41 61 60 45 34
24 42 4 26 98 76
24 43 22 59 23 45
24 44 72 28 26 30
24 45 57 65 45 64
24 46 12 28 68 93
24 47 26 67 69 77
24 48 16 89 17 66
24 49 46 26 73 41
25 26 65 21 59 85
25 27 59 82 82 62
25 28 23 92 67 67
25 29 28 75 60 22
25 30 73 46 85 52
25 31 30 59 19 84
25 32 74 49 11 30
25 33 14 83 23 49
25 34 99 1 61 35
25 35 52 37 25 78
25 36 48 69 24 58
25 37 50 27 30 53
25 38 31 64 84 52
25 39 30 59 19 79
25 40 46 65 37 57
25 41 99 55 44 34
25 42 60 38 22 57
25 43 39 41 13 72
25 44 81 50 13 34
25 45 9 41 91 34
25 46 96 69 78 20
25 47 56 19 56 22
25 48 14 64 45 66
25 49 5 77 47 68
26 27 12 90 75 83
26 28 38 46 91 15
26 29 15 80 44 67
26 30 60 27 48 80
26 31 29 51 31 74
26 32 0 66 97 73
26 33 91 30 44 26
26 34 39 26 21 78
26 35 77 25 84 64
26 36 56 9 82 87
26 37 79 31 70 75
26 38 73 38 42 50
26 39 82 75 40 16
26 40 6 52 67 50
26 41 7 64 28 81
26 42 40 66 70 62
26 43 53 65 59 11
26 44 33 78 40 51
26 45 55 58 58 69
26 46 99 43 5 18
26 47 33 20 65 44
26 48 55 41 11 60
26 49 26 41 75 72
27 28 76 83 75 51
27 29 64 18 28 80
27 30 76 42 36 35
27 31 14 77 32 66
27 32 15 84 71 83
27 33 13 23 65 27
27 34 67 22 79 16
27 35 2 20 22 36
27 36 55 81 79 73
27 37 10 69 24 57
27 38 3 90 29 65
27 39 56 85 84 18
27 40 82 56 72 46
27 41 48 78 80 83
27 42 60 13 79 62
27 43 52 69 49 22
27 44 90 59 14 46
27 45 41 59 72 31
27 46 27 41 55 75
27 47 81 78 11 61
27 48 79 39 40 26
27 49 77 22 52 40
28 29 70 69 67 11
28 30 56 34 12 77
28 31 69 52 61 53
28 32 47 75 45 67
28 33 33 32 75 53
28 34 9 23 53 60
28 35 1 90 62 51
28 36 45 66 49 57
28 37 17 80 60 78
28 38 63 69 57 63
28 39 36 70 57 48
28 40 19 68 41 79
28 41 41 81 88 47
28 42 99 14 68 24
28 43 96 9 28 11
28 44 43 84 25 40
28 45 1 93 82 60
28 46 47 46 67 55
28 47 14 37 32 39
28 48 91 48 2 80
28 49 61 37 9 49
29 30 51 52 24 68
29 31 6 81 94 45
29 32 49 80 83 80
29 33 81 72 42 45
29 34 97 36 9 59
29 35 39 89 62 25
29 36 14 96 93 59
29 37 74 77 69 84
29 38 65 48 23 42
29 39 35 28 78 44
29 40 89 77 66 14
29 41 52 19 63 16
29 42 96 7 66 50
29 43 22 40 68 68
29 44 95 18 62 5
29 45 17 79 95 17
29 46 30 86 53 89
29 47 63 52 26 64
29 48 82 74 5 18
29 49 50 71 46 34
30 31 4 72 45 34
30 32 34 33 41 19
30 33 78 33 21 28
30 34 51 50 54 77
30 35 21 52 50 80
30 36 47 41 64 82
30 37 63 22 65 48
30 38 2 42 46 81
30 39 45 61 22 13
30 40 83 21 56 38
30 41 68 9 12 16
30 42 31 22 37 18
30 43 73 27 17 10
30 44 41 83 83 74
30 45 11 85 33 53
30 46 45 85 74 55
30 47 0 59 80 97
30 48 23 23 62 91
30 49 96 22 40 5
31 32 60 87 83 81
31 33 48 88 63 41
31 34 85 49 21 72
31 35 71 70 28 15
31 36 43 76 12 47
31 37 85 5 5 9
31 38 26 52 64 63
31 39 79 81 71 36
31 40 11 95 93 33
31 41 86 70 68 40
31 42 58 12 33 9
31 43 62 40 34 84
31 44 1 54 44 87
31 45 27 65 21 89
31 46 45 88 45 86
31 47 50 15 87 28
31 48 25 35 90 70
31 49 26 58 43 27
32 33 11 79 19 82
32 34 8 78 60 29
32 35 0 70 83 81
32 36 48 87 89 39
32 37 28 92 83 93
32 38 68 23 36 31
32 39 32 57 88 30
32 40 46 46 33 23
32 41 41 90 69 47
32 42 17 54 41 81
32 43 62 7 40 58
32 44 2 25 81 76
32 45 97 35 37 44
32 46 50 42 33 28
32 47 78 37 19 58
32 48 77 69 16 56
32 49 23 84 73 79
33 34 53 76 11 78
33 35 36 63 52 74
33 36 62 83 14 39
33 37 51 29 30 11
33 38 95 18 40 61
33 39 95 50 31 59
33 40 25 54 75 66
33 41 33 72 33 29
33 42 99 62 29 57
33 43 28 92 35 32
33 44 70 46 20 79
33 45 14 61 74 70
33 46 94 78 9 76
33 47 6 71 97 81
33 48 44 45 43 55
33 49 82 81 37 25
34 35 60 78 37 66
34 36 5 72 25 77
34 37 79 45 60 59
34 38 59 27 26 63
34 39 69 79 55 12
34 40 49 37 71 76
34 41 34 58 42 68
34 42 66 15 18 73
34 43 23 52 67 46
34 44 53 52 17 72
34 45 32 63 38 86
34 46 61 56 10 68
34 47 62 39 44 79
34 48 38 51 78 90
34 49 45 71 30 32
35 36 88 30 13 11
35 37 63 34 14 52
35 38 88 79 4 49
35 39 60 53 69 14
35 40 4 71 81 76
35 41 27 45 29 61
35 42 44 63 17 26
35 43 79 12 34 25
35 44 76 57 5 14
35 45 55 41 62 19
35 46 96 4 1 10
35 47 82 57 18 44
35 48 86 23 17 60
35 49 63 39 72 46
36 37 97 70 67 26
36 38 66 50 34 42
36 39 93 35 14 24
36 40 30 19 87 48
36 41 47 56 57 34
36 42 86 72 24 43
36 43 75 39 9 64
36 44 53 86 61 80
36 45 14 21 67 54
36 46 44 69 30 17
36 47 96 6 54 23
36 48 20 19 60 32
36 49 41 37 32 58
37 38 74 35 55 65
37 39 77 31 5 25
37 40 32 89 38 42
37 41 49 83 61 31
37 42 77 18 74 15
37 43 99 31 61 19
37 44 52 88 84 64
37 45 25 29 68 28
37 46 63 52 42 84
37 47 85 16 53 17
37 48 82 49 37 35
37 49 2 36 86 60
38 39 2 32 44 62
38 40 49 50 59 41
38 41 51 16 11 22
38 42 10 93 62 41
38 43 79 26 60 63
38 44 78 66 24 18
38 45 74 79 75 21
38 46 71 57 14 83
38 47 88 28 56 22
38 48 74 5 11 12
38 49 33 71 39 40
39 40 10 95 31 83
39 41 45 74 52 51
39 42 39 31 77 25
39 43 45 70 56 16
39 44 47 42 61 66
39 45 94 42 70 70
39 46 79 73 55 57
39 47 91 1 10 48
39 48 90 41 13 79
39 49 98 54 67 53
40 41 43 54 73 34
40 42 84 72 75 37
40 43 58 36 74 83
40 44 37 85 17 64
40 45 55 74 70 40
40 46 10 82 81 86
40 47 39 18 40 33
40 48 95 27 1 68
40 49 85 3 77 58
41 42 41 27 85 70
41 43 41 59 78 20
41 44 98 50 14 29
41 45 63 8 44 82
41 46 94 52 76 76
41 47 73 31 16 7
41 48 40 81 83 65
41 49 42 27 37 29
42 43 42 68 48 22
42 44 98 64 10 74
42 45 47 83 53 39
42 46 84 18 49 56
42 47 51 14 61 37
42 48 37 53 78 50
42 49 38 15 53 82
43 44 10 57 23 66
43 45 2 81 83 40
43 46 88 73 11 66
43 47 41 24 91 25
43 48 2 43 85 56
43 49 50 37 14 46
44 45 48 72 48 75
44 46 81 53 20 42
44 47 57 75 14 19
44 48 50 81 28 71
44 49 41 26 41 40
45 46 28 17 81 67
45 47 27 40 30 72
45 48 45 44 26 12
45 49 14 77 96 38
46 47 22 85 90 80
46 48 55 10 84 21
46 49 48 45 68 14
47 48 7 93 69 89
47 49 25 44 20 94
48 49 72 69 64 49
