0 1 14 74
0 10 19 18
1 2 88 53
1 11 55 68
2 3 77 39
2 12 60 33
3 4 5 1
3 13 58 87
4 5 7 51
4 14 76 82
5 6 28 60
5 15 7 30
6 7 70 42
6 16 81 75
7 8 25 41
7 17 65 24
8 9 12 26
8 18 11 44
9 19 1 78
10 11 25 83
10 20 93 54
11 12 31 63
11 21 57 25
12 13 87 40
12 22 35 8
13 14 43 53
13 23 14 55
14 15 55 46
14 24 61 13
15 16 58 27
15 25 54 29
16 17 63 31
16 26 6 32
17 18 70 83
17 27 11 22
18 19 7 4
18 28 18 24
19 29 50 55
20 21 60 85
20 30 58 82
21 22 19 18
21 31 72 86
22 23 24 67
22 32 46 56
23 24 19 50
23 33 68 29
24 25 61 59
24 34 8 54
25 26 23 47
25 35 6 56
26 27 82 45
26 36 44 17
27 28 24 59
27 37 81 30
28 29 0 41
28 38 18 64
29 39 78 62
30 31 95 45
30 40 26 50
31 32 32 66
31 41 71 55
32 33 98 47
32 42 75 88
33 34 10 74
33 43 74 15
34 35 77 88
34 44 29 57
35 36 47 15
35 45 82 30
36 37 95 79
36 46 44 56
37 38 48 61
37 47 79 82
38 39 62 86
38 48 42 49
39 49 40 63
40 41 23 23
40 50 53 25
41 42 39 8
41 51 4 68
42 43 55 55
42 52 72 74
43 44 2 66
43 53 69 89
44 45 53 14
44 54 55 77
45 46 92 28
45 55 45 60
46 47 7 67
46 56 6 1
47 48 75 24
47 57 85 57
48 49 34 44
48 58 99 30
49 59 89 91
50 51 78 42
50 60 46 46
51 52 20 57
51 61 48 49
52 53 14 71
52 62 13 81
53 54 89 19
53 63 90 19
54 55 96 32
54 64 70 90
55 56 54 78
55 65 88 41
56 57 96 36
56 66 30 78
57 58 31 41
57 67 2 46
58 59 99 57
58 68 94 71
59 69 91 36
60 61 59 79
60 70 49 74
61 62 19 83
61 71 59 74
62 63 17 17
62 72 97 25
63 64 8 33
63 73 24 26
64 65 31 22
64 74 62 81
65 66 18 21
65 75 87 20
66 67 47 56
66 76 46 33
67 68 3 77
67 77 67 84
68 69 53 24
68 78 75 34
69 79 21 31
70 71 81 58
70 80 53 66
71 72 7 33
71 81 98 51
72 73 15 9
72 82 55 75
73 74 47 64
73 83 25 54
74 75 90 44
74 84 41 78
75 76 74 23
75 85 80 56
76 77 18 48
76 86 38 20
77 78 60 80
77 87 43 17
78 79 5 62
78 88 42 80
79 89 65 86
80 81 98 62
80 90 73 60
81 82 51 79
81 91 53 34
82 83 64 55
82 92 32 11
83 84 4 50
83 93 83 53
84 85 36 54
84 94 16 51
85 86 0 64
85 95 8 11
86 87 22 15
86 96 95 93
87 88 35 62
87 97 40 26
88 89 28 41
88 98 52 79
89 99 61 83
90 91 80 76
91 92 99 51
92 93 60 77
93 94 36 70
94 95 9 39
95 96 95 51
96 97 35 72
97 98 89 53
98 99 0 22
