0 1 86 74
0 10 83 78
1 2 11 18
1 11 72 63
2 3 8 7
2 12 2 9
3 4 44 40
3 13 70 65
4 5 4 10
4 14 16 15
5 6 52 58
5 15 42 39
6 7 49 44
6 16 71 61
7 8 48 43
7 17 37 43
8 9 37 37
8 18 0 13
9 19 15 21
10 11 31 32
10 20 13 16
11 12 98 89
11 21 58 58
12 13 30 25
12 22 23 21
13 14 87 86
13 23 52 58
14 15 69 59
14 24 42 36
15 16 53 53
15 25 83 84
16 17 19 16
16 26 43 40
17 18 68 58
17 27 65 69
18 19 44 38
18 28 7 17
19 29 97 91
20 21 87 74
20 30 79 81
21 22 90 83
21 31 73 67
22 23 70 66
22 32 29 33
23 24 24 25
23 33 1 4
24 25 99 94
24 34 54 49
25 26 68 62
25 35 56 61
26 27 49 57
26 36 62 63
27 28 92 87
27 37 97 95
28 29 8 9
28 38 49 46
29 39 6 13
30 31 33 41
30 40 99 90
31 32 45 49
31 41 24 23
32 33 22 31
32 42 56 57
33 34 71 69
33 43 34 40
34 35 13 13
34 44 51 58
35 36 56 51
35 45 26 30
36 37 47 48
36 46 99 87
37 38 72 73
37 47 40 47
38 39 72 75
38 48 0 1
39 49 46 43
40 41 14 20
40 50 1 10
41 42 64 61
41 51 71 72
42 43 78 76
42 52 35 35
43 44 4 5
43 53 78 67
44 45 55 50
44 54 43 45
45 46 91 88
45 55 7 13
46 47 24 27
46 56 41 48
47 48 4 12
47 57 36 35
48 49 61 67
48 58 34 34
49 59 27 36
50 51 75 68
50 60 91 81
51 52 27 33
51 61 39 41
52 53 54 51
52 62 20 21
53 54 36 45
53 63 72 65
54 55 71 74
54 64 4 6
55 56 71 61
55 65 20 23
56 57 65 59
56 66 7 21
57 58 12 24
57 67 51 44
58 59 2 11
58 68 0 6
59 69 51 46
60 61 31 32
60 70 97 94
61 62 92 92
61 71 7 11
62 63 51 53
62 72 49 55
63 64 41 46
63 73 33 31
64 65 62 63
64 74 88 89
65 66 48 51
65 75 67 70
66 67 24 29
66 76 8 16
67 68 47 50
67 77 80 69
68 69 62 55
68 78 14 16
69 79 73 72
70 71 10 11
70 80 98 88
71 72 41 43
71 81 10 11
72 73 25 27
72 82 53 56
73 74 99 91
73 83 78 72
74 75 39 36
74 84 86 75
75 76 19 28
75 85 88 82
76 77 27 29
76 86 32 31
77 78 95 81
77 87 24 21
78 79 71 72
78 88 85 86
79 89 7 11
80 81 72 65
80 90 42 37
81 82 7 12
81 91 14 13
82 83 31 38
82 92 82 82
83 84 76 70
83 93 60 52
84 85 14 17
84 94 0 8
85 86 33 30
85 95 86 85
86 87 70 64
86 96 82 80
87 88 66 68
87 97 31 40
88 89 2 7
88 98 34 32
89 99 26 25
90 91 57 62
91 92 65 57
92 93 38 39
93 94 94 90
94 95 22 19
95 96 50 44
96 97 11 13
97 98 98 84
98 99 37 32
