0 1 0 27
0 10 1 34
1 2 25 14
1 11 14 34
2 3 68 81
2 12 56 59
3 4 75 64
3 13 89 50
4 5 81 42
4 14 47 48
5 6 90 67
5 15 0 49
6 7 36 23
6 16 27 26
7 8 38 59
7 17 28 15
8 9 51 71
8 18 58 58
9 19 35 40
10 11 31 23
10 20 32 48
11 12 44 70
11 21 38 64
12 13 15 53
12 22 63 70
13 14 26 17
13 23 21 57
14 15 4 46
14 24 22 23
15 16 31 59
15 25 1 3
16 17 31 41
16 26 24 50
17 18 5 35
17 27 88 57
18 19 42 23
18 28 23 58
19 29 8 19
20 21 86 60
20 30 39 57
21 22 14 30
21 31 2 25
22 23 4 17
22 32 56 76
23 24 86 66
23 33 32 29
24 25 22 39
24 34 8 9
25 26 49 66
25 35 79 87
26 27 32 44
26 36 37 60
27 28 41 57
27 37 81 58
28 29 73 61
28 38 80 68
29 39 29 52
30 31 41 70
30 40 20 42
31 32 89 70
31 41 80 86
32 33 93 90
32 42 60 71
33 34 5 24
33 43 34 54
34 35 34 38
34 44 49 47
35 36 1 23
35 45 99 88
36 37 29 18
36 46 30 52
37 38 17 45
37 47 91 49
38 39 56 51
38 48 70 61
39 49 19 14
40 41 37 22
40 50 45 55
41 42 53 26
41 51 10 16
42 43 95 50
42 52 42 51
43 44 88 72
43 53 74 60
44 45 82 76
44 54 86 67
45 46 66 63
45 55 52 41
46 47 84 53
46 56 83 90
47 48 38 25
47 57 30 56
48 49 51 63
48 58 64 79
49 59 72 60
50 51 11 22
50 60 16 32
51 52 37 39
51 61 74 41
52 53 26 23
52 62 24 45
53 54 97 61
53 63 64 43
54 55 15 24
54 64 6 51
55 56 10 40
55 65 44 32
56 57 47 42
56 66 64 76
57 58 47 45
57 67 8 7
58 59 41 23
58 68 90 59
59 69 43 31
60 61 75 76
60 70 69 45
61 62 12 11
61 71 69 50
62 63 95 89
62 72 71 67
63 64 83 64
63 73 68 36
64 65 55 44
64 74 99 50
65 66 61 71
65 75 15 22
66 67 73 46
66 76 52 43
67 68 88 85
67 77 57 42
68 69 84 58
68 78 94 88
69 79 85 88
70 71 20 47
70 80 16 55
71 72 80 89
71 81 20 39
72 73 82 64
72 82 13 55
73 74 78 77
73 83 23 12
74 75 57 52
74 84 21 18
75 76 5 36
75 85 53 36
76 77 41 46
76 86 38 48
77 78 55 74
77 87 64 67
78 79 59 40
78 88 13 17
79 89 8 17
80 81 13 37
80 90 83 60
81 82 19 24
81 91 81 56
82 83 84 54
82 92 3 39
83 84 89 54
83 93 32 27
84 85 88 52
84 94 42 36
85 86 89 77
85 95 14 39
86 87 38 23
86 96 77 83
87 88 12 33
87 97 63 32
88 89 13 44
88 98 76 78
89 99 29 17
90 91 96 67
91 92 35 25
92 93 66 33
93 94 97 85
94 95 80 45
95 96 57 77
96 97 67 55
97 98 65 63
98 99 15 16
