0 1 62 57
0 10 50 52
1 2 16 25
1 11 78 81
2 3 7 13
2 12 8 11
3 4 24 23
3 13 5 19
4 5 56 54
4 14 77 66
5 6 66 59
5 15 6 15
6 7 34 33
6 16 84 83
7 8 80 78
7 17 82 73
8 9 23 21
8 18 85 77
9 19 78 71
10 11 98 98
10 20 93 85
11 12 51 44
11 21 85 86
12 13 39 36
12 22 92 88
13 14 21 24
13 23 69 64
14 15 38 36
14 24 71 66
15 16 97 95
15 25 86 73
16 17 0 9
16 26 90 78
17 18 73 67
17 27 26 33
18 19 59 61
18 28 78 80
19 29 9 23
20 21 58 63
21 22 81 69
22 23 55 49
23 24 48 49
24 25 66 61
25 26 43 37
26 27 65 59
27 28 12 15
28 29 65 58
