0 1 34 29
0 11 14 26
1 2 39 41
1 12 95 79
2 3 88 81
2 13 50 73
3 4 13 25
3 14 67 62
4 5 53 54
4 15 17 35
5 6 40 32
5 16 91 87
6 7 14 8
6 17 25 13
7 8 53 72
7 18 3 4
8 9 97 84
8 19 24 49
9 10 41 55
9 20 54 69
10 21 62 65
11 12 16 37
11 22 83 57
12 13 78 51
12 23 75 76
13 14 58 57
13 24 47 68
14 15 90 74
14 25 37 45
15 16 73 65
15 26 42 61
16 17 77 63
16 27 94 58
17 18 30 48
17 28 83 83
18 19 40 44
18 29 52 42
19 20 33 65
19 30 51 74
20 21 58 41
20 31 72 44
21 32 34 42
22 23 36 39
23 24 91 73
24 25 25 58
25 26 90 67
26 27 92 92
27 28 27 25
28 29 20 21
29 30 14 40
30 31 63 69
31 32 29 52
