0 1 19 26
0 11 95 85
1 2 25 31
1 12 53 49
2 3 27 23
2 13 45 41
3 4 32 32
3 14 96 85
4 5 75 77
4 15 85 82
5 6 0 6
5 16 30 27
6 7 74 68
6 17 15 18
7 8 59 60
7 18 58 53
8 9 27 36
8 19 60 51
9 10 12 20
9 20 94 93
10 21 31 36
11 12 54 60
11 22 34 41
12 13 71 60
12 23 9 11
13 14 38 45
13 24 90 84
14 15 61 56
14 25 55 58
15 16 85 76
15 26 54 50
16 17 82 82
16 27 65 57
17 18 29 39
17 28 26 25
18 19 85 80
18 29 52 57
19 20 57 63
19 30 99 94
20 21 52 47
20 31 1 7
21 32 47 44
22 23 20 31
23 24 94 89
24 25 87 85
25 26 58 55
26 27 64 55
27 28 33 36
28 29 26 23
29 30 55 58
30 31 15 15
31 32 38 45
