0 1 27 29
0 12 42 38
1 2 83 84
1 13 79 67
2 3 98 98
2 14 84 75
3 4 40 46
3 15 88 81
4 5 44 48
4 16 94 85
5 6 86 87
5 17 7 7
6 7 68 71
6 18 50 44
7 8 43 51
7 19 40 46
8 9 89 86
8 20 44 50
9 10 59 54
9 21 5 13
10 11 37 38
10 22 31 30
11 23 11 22
12 13 87 76
12 24 68 71
13 14 56 51
13 25 22 32
14 15 56 62
14 26 25 33
15 16 75 71
15 27 93 90
16 17 7 20
16 28 60 65
17 18 34 41
17 29 9 10
18 19 83 77
18 30 41 46
19 20 23 24
19 31 17 16
20 21 68 67
20 32 70 66
21 22 10 18
21 33 95 93
22 23 93 92
22 34 55 50
23 35 24 35
24 25 42 39
25 26 97 95
26 27 34 35
27 28 13 15
28 29 40 37
29 30 51 57
30 31 80 79
31 32 35 43
32 33 6 5
33 34 61 58
34 35 55 50
