0 1 91 47
0 12 9 39
1 2 47 48
1 13 70 66
2 3 57 29
2 14 37 38
3 4 20 10
3 15 56 72
4 5 20 16
4 16 73 36
5 6 22 31
5 17 13 16
6 7 52 31
6 18 54 72
7 8 80 44
7 19 77 40
8 9 99 97
8 20 96 59
9 10 73 71
9 21 47 24
10 11 46 59
10 22 65 59
11 23 27 36
12 13 6 6
12 24 88 63
13 14 71 37
13 25 63 35
14 15 57 62
14 26 14 33
15 16 52 63
15 27 49 53
16 17 95 96
16 28 99 81
17 18 10 33
17 29 98 54
18 19 20 40
18 30 13 48
19 20 99 73
19 31 34 37
20 21 38 24
20 32 86 89
21 22 0 11
21 33 95 58
22 23 22 19
22 34 35 27
23 35 15 25
24 25 38 29
25 26 4 39
26 27 10 17
27 28 28 38
28 29 6 26
29 30 91 72
30 31 48 47
31 32 6 24
32 33 72 67
33 34 33 28
34 35 62 80
