0 1 63 73
0 19 24 77
1 2 69 59
1 20 87 60
2 3 88 39
2 21 29 15
3 4 9 66
3 22 18 64
4 5 67 59
4 23 13 37
5 6 47 43
5 24 98 41
6 7 81 48
6 25 94 89
7 8 3 75
7 26 48 82
8 9 23 71
8 27 85 65
9 10 36 86
9 28 52 40
10 11 65 46
10 29 80 44
11 12 24 50
11 30 44 83
12 13 20 62
12 31 7 27
13 14 89 44
13 32 56 30
14 15 77 70
14 33 76 41
15 16 1 7
15 34 17 53
16 17 47 70
16 35 61 23
17 18 47 11
17 36 92 31
18 37 26 70
19 20 60 69
20 21 12 67
21 22 48 62
22 23 83 84
23 24 64 18
24 25 90 69
25 26 41 42
26 27 13 51
27 28 8 27
28 29 75 70
29 30 37 47
30 31 81 71
31 32 43 69
32 33 76 28
33 34 45 49
34 35 32 79
35 36 61 62
36 37 76 61
