0 1 42 47
0 10 84 75
1 2 50 55
1 11 80 72
2 3 89 86
2 12 9 16
3 4 56 59
3 13 70 64
4 5 82 78
4 14 61 65
5 6 5 6
5 15 57 62
6 7 1 0
6 16 66 63
7 8 6 16
7 17 47 50
8 9 54 46
8 18 3 14
9 19 40 43
10 11 61 55
10 20 31 32
11 12 9 20
11 21 85 85
12 13 84 75
12 22 93 88
13 14 40 34
13 23 74 68
14 15 74 67
14 24 29 35
15 16 53 47
15 25 2 6
16 17 16 25
16 26 82 72
17 18 49 45
17 27 97 92
18 19 15 25
18 28 13 13
19 29 47 52
20 21 89 90
20 30 20 31
21 22 2 11
21 31 40 46
22 23 93 92
22 32 60 65
23 24 10 10
23 33 49 51
24 25 24 31
24 34 90 86
25 26 51 54
25 35 46 45
26 27 38 47
26 36 57 62
27 28 12 13
27 37 91 91
28 29 75 71
28 38 60 62
29 39 86 88
30 31 27 24
31 32 58 51
32 33 8 21
33 34 31 27
34 35 30 29
35 36 21 18
36 37 86 73
37 38 75 72
38 39 86 86
