0 1 0 11
0 14 80 80
1 2 9 10
1 15 6 6
2 3 10 22
2 16 98 97
3 4 15 19
3 17 63 65
4 5 2 12
4 18 22 21
5 6 92 82
5 19 36 44
6 7 96 86
6 20 55 54
7 8 44 45
7 21 34 40
8 9 21 30
8 22 43 50
9 10 93 79
9 23 29 36
10 11 96 89
10 24 45 49
11 12 23 33
11 25 62 63
12 13 66 56
12 26 73 73
13 27 23 28
14 15 87 77
14 28 70 67
15 16 67 69
15 29 17 20
16 17 21 24
16 30 59 58
17 18 41 46
17 31 72 67
18 19 64 66
18 32 13 19
19 20 37 32
19 33 98 86
20 21 0 1
20 34 64 68
21 22 83 81
21 35 95 89
22 23 95 84
22 36 40 37
23 24 73 67
23 37 29 29
24 25 29 30
24 38 17 29
25 26 87 83
25 39 67 59
26 27 55 52
26 40 96 94
27 41 14 17
28 29 71 63
29 30 34 30
30 31 75 64
31 32 18 26
32 33 50 51
33 34 44 40
34 35 65 69
35 36 33 42
36 37 67 58
37 38 28 37
38 39 57 54
39 40 27 28
40 41 2 14
