0 1 57 50
0 11 76 70
1 2 67 61
1 12 31 31
2 3 30 30
2 13 36 40
3 4 73 63
3 14 5 16
4 5 72 72
4 15 81 76
5 6 78 75
5 16 63 55
6 7 89 81
6 17 39 34
7 8 77 72
7 18 14 15
8 9 32 40
8 19 25 25
9 10 87 80
9 20 36 42
10 21 48 45
11 12 66 63
11 22 42 41
12 13 70 66
12 23 64 69
13 14 78 71
13 24 39 38
14 15 14 23
14 25 69 69
15 16 81 77
15 26 26 26
16 17 60 63
16 27 61 63
17 18 97 96
17 28 98 83
18 19 96 91
18 29 28 25
19 20 67 59
19 30 18 27
20 21 54 58
20 31 56 54
21 32 2 13
22 23 56 56
22 33 6 16
23 24 92 82
23 34 92 88
24 25 20 20
24 35 8 8
25 26 82 71
25 36 30 39
26 27 89 76
26 37 6 17
27 28 48 55
27 38 58 55
28 29 6 17
28 39 57 62
29 30 88 80
29 40 40 46
30 31 26 29
30 41 16 21
31 32 91 81
31 42 79 73
32 43 39 43
33 34 33 39
34 35 60 53
35 36 17 27
36 37 1 16
37 38 42 45
38 39 6 9
39 40 14 26
40 41 18 25
41 42 77 79
42 43 94 82
