0 1 43 74
0 12 58 90
1 2 52 38
1 13 89 78
2 3 19 29
2 14 31 83
3 4 41 87
3 15 33 85
4 5 42 75
4 16 48 33
5 6 86 72
5 17 50 34
6 7 48 22
6 18 77 69
7 8 30 42
7 19 66 44
8 9 58 51
8 20 57 70
9 10 53 71
9 21 21 79
10 11 61 80
10 22 98 56
11 23 36 47
12 13 3 8
12 24 38 80
13 14 46 43
13 25 68 88
14 15 68 90
14 26 15 26
15 16 66 68
15 27 55 58
16 17 25 23
16 28 34 60
17 18 35 84
17 29 16 10
18 19 98 75
18 30 12 21
19 20 98 69
19 31 91 38
20 21 31 8
20 32 69 55
21 22 88 61
21 33 41 69
22 23 75 15
22 34 67 19
23 35 50 43
24 25 88 63
24 36 40 15
25 26 63 26
25 37 12 36
26 27 7 32
26 38 10 21
27 28 20 50
27 39 72 61
28 29 71 67
28 40 55 71
29 30 71 85
29 41 86 59
30 31 68 44
30 42 34 76
31 32 49 86
31 43 70 54
32 33 22 24
32 44 39 18
33 34 57 24
33 45 91 62
34 35 40 65
34 46 18 37
35 47 23 65
36 37 46 89
37 38 19 65
38 39 12 34
39 40 12 39
40 41 62 26
41 42 37 86
42 43 5 7
43 44 16 59
44 45 58 85
45 46 73 93
46 47 24 27
