0 1 0 37
0 10 4 35
1 2 61 23
1 11 14 43
2 3 40 61
2 12 69 45
3 4 49 78
3 13 25 21
4 5 12 9
4 14 57 65
5 6 22 41
5 15 27 80
6 7 41 50
6 16 13 32
7 8 15 16
7 17 48 63
8 9 70 49
8 18 41 39
9 19 0 32
10 11 81 90
10 20 16 21
11 12 22 34
11 21 10 65
12 13 16 46
12 22 42 9
13 14 7 19
13 23 41 23
14 15 53 12
14 24 74 37
15 16 93 40
15 25 79 84
16 17 33 36
16 26 59 43
17 18 18 32
17 27 26 24
18 19 23 54
18 28 77 82
19 29 41 28
20 21 37 34
20 30 80 95
21 22 26 77
21 31 98 93
22 23 23 5
22 32 43 37
23 24 72 55
23 33 24 12
24 25 48 48
24 34 15 74
25 26 65 40
25 35 98 29
26 27 97 59
26 36 77 78
27 28 62 82
27 37 60 47
28 29 90 88
28 38 91 33
29 39 73 44
30 31 77 67
30 40 56 22
31 32 87 95
31 41 62 70
32 33 62 15
32 42 21 18
33 34 97 91
33 43 9 15
34 35 85 25
34 44 47 65
35 36 72 47
35 45 3 64
36 37 76 94
36 46 72 69
37 38 18 64
37 47 11 53
38 39 75 28
38 48 54 12
39 49 21 38
40 41 1 43
41 42 41 16
42 43 58 49
43 44 17 35
44 45 16 82
45 46 53 65
46 47 5 80
47 48 34 69
48 49 2 30
