0 1 36 52
0 10 86 59
1 2 97 73
1 11 23 19
2 3 80 86
2 12 15 45
3 4 19 14
3 13 6 3
4 5 35 41
4 14 78 59
5 6 34 22
5 15 71 46
6 7 7 27
6 16 10 11
7 8 78 46
7 17 61 58
8 9 11 17
8 18 90 91
9 19 87 48
10 11 91 56
10 20 9 12
11 12 90 88
11 21 46 65
12 13 51 27
12 22 26 14
13 14 97 77
13 23 6 15
14 15 59 30
14 24 42 65
15 16 22 27
15 25 79 57
16 17 50 73
16 26 21 52
17 18 91 58
17 27 82 69
18 19 76 72
18 28 89 52
19 29 39 21
20 21 35 44
20 30 10 26
21 22 45 40
21 31 73 70
22 23 67 80
22 32 33 63
23 24 82 61
23 33 93 83
24 25 28 19
24 34 97 55
25 26 93 74
25 35 2 43
26 27 16 31
26 36 44 71
27 28 78 62
27 37 63 54
28 29 52 74
28 38 70 46
29 39 16 34
30 31 95 97
30 40 69 65
31 32 78 79
31 41 46 37
32 33 53 51
32 42 48 43
33 34 54 31
33 43 62 61
34 35 56 67
34 44 11 26
35 36 18 14
35 45 16 25
36 37 40 23
36 46 2 11
37 38 45 29
37 47 46 31
38 39 70 53
38 48 52 42
39 49 74 58
40 41 30 43
41 42 47 47
42 43 25 20
43 44 56 51
44 45 42 22
45 46 0 34
46 47 73 54
47 48 41 27
48 49 67 78
