0 1 22 21
0 10 18 18
1 2 33 38
1 11 81 74
2 3 70 69
2 12 61 61
3 4 88 89
3 13 35 40
4 5 57 51
4 14 96 86
5 6 45 49
5 15 11 18
6 7 69 62
6 16 2 7
7 8 36 43
7 17 67 59
8 9 92 79
8 18 78 67
9 19 10 18
10 11 84 78
10 20 31 33
11 12 83 81
11 21 2 10
12 13 49 53
12 22 68 61
13 14 36 36
13 23 10 9
14 15 92 80
14 24 75 74
15 16 1 15
15 25 11 23
16 17 29 25
16 26 73 64
17 18 75 68
17 27 19 18
18 19 73 66
18 28 0 6
19 29 87 76
20 21 72 65
20 30 10 23
21 22 1 3
21 31 87 84
22 23 81 76
22 32 52 53
23 24 1 9
23 33 66 62
24 25 13 23
24 34 36 44
25 26 12 24
25 35 53 58
26 27 42 36
26 36 12 15
27 28 46 43
27 37 46 44
28 29 63 57
28 38 65 65
29 39 87 83
30 31 42 36
30 40 20 27
31 32 99 98
31 41 78 70
32 33 69 73
32 42 2 8
33 34 51 44
33 43 90 79
34 35 40 42
34 44 73 75
35 36 91 90
35 45 80 69
36 37 13 22
36 46 1 5
37 38 45 41
37 47 33 37
38 39 45 44
38 48 36 37
39 49 5 15
40 41 20 30
41 42 95 85
42 43 66 61
43 44 45 44
44 45 85 86
45 46 30 32
46 47 91 81
47 48 15 23
48 49 48 46
