0 1 58 13
0 26 50 62
1 2 19 38
1 27 89 78
2 3 10 9
2 28 7 41
3 4 57 34
3 29 16 51
4 5 30 8
4 30 65 84
5 6 6 70
5 31 2 6
6 7 32 29
6 32 45 74
7 8 96 31
7 33 76 18
8 9 77 28
8 34 20 9
9 10 39 59
9 35 33 18
10 11 11 71
10 36 85 46
11 12 70 93
11 37 11 18
12 13 75 42
12 38 44 53
13 14 36 66
13 39 3 40
14 15 90 24
14 40 18 30
15 16 90 22
15 41 63 71
16 17 89 73
16 42 86 27
17 18 46 45
17 43 77 48
18 19 88 55
18 44 35 42
19 20 35 23
19 45 20 59
20 21 53 63
20 46 43 44
21 22 91 81
21 47 30 53
22 23 6 19
22 48 15 56
23 24 33 26
23 49 39 77
24 25 52 84
24 50 11 35
25 51 51 65
26 27 83 48
27 28 93 96
28 29 50 27
29 30 68 78
30 31 22 63
31 32 56 59
32 33 8 30
33 34 81 85
34 35 67 39
35 36 83 35
36 37 20 38
37 38 41 74
38 39 36 66
39 40 92 73
40 41 55 67
41 42 3 9
42 43 23 23
43 44 50 17
44 45 22 35
45 46 58 46
46 47 12 77
47 48 26 22
48 49 93 89
49 50 42 74
50 51 79 26
