0 1 9 38
0 29 74 69
1 2 72 23
1 30 0 34
2 3 42 38
2 31 79 41
3 4 44 66
3 32 30 78
4 5 93 21
4 33 5 40
5 6 90 43
5 34 98 60
6 7 34 73
6 35 11 80
7 8 26 80
7 36 52 14
8 9 89 69
8 37 34 9
9 10 15 34
9 38 8 8
10 11 9 63
10 39 45 88
11 12 46 56
11 40 12 27
12 13 7 2
12 41 95 43
13 14 84 66
13 42 14 27
14 15 7 60
14 43 28 21
15 16 11 68
15 44 65 80
16 17 64 50
16 45 82 78
17 18 18 56
17 46 16 19
18 19 53 20
18 47 76 66
19 20 15 5
19 48 62 24
20 21 23 66
20 49 89 24
21 22 58 27
21 50 63 33
22 23 19 25
22 51 50 65
23 24 9 36
23 52 85 54
24 25 12 44
24 53 6 28
25 26 75 26
25 54 29 15
26 27 13 24
26 55 73 14
27 28 21 72
27 56 67 30
28 57 4 40
29 30 19 51
30 31 24 23
31 32 29 65
32 33 61 24
33 34 32 15
34 35 9 59
35 36 55 20
36 37 55 40
37 38 25 34
38 39 84 72
39 40 84 43
40 41 3 56
41 42 55 72
42 43 4 58
43 44 73 30
44 45 50 12
45 46 96 20
46 47 72 44
47 48 99 67
48 49 27 38
49 50 65 66
50 51 98 90
51 52 39 67
52 53 93 91
53 54 36 28
54 55 98 68
55 56 91 37
56 57 88 42
