0 1 37 40
0 10 84 86
1 2 52 49
1 11 91 81
2 3 41 41
2 12 58 58
3 4 88 88
3 13 80 76
4 5 5 19
4 14 49 49
5 6 94 84
5 15 3 16
6 7 98 97
6 16 27 26
7 8 71 62
7 17 91 79
8 9 9 8
8 18 88 78
9 19 2 10
10 11 96 87
10 20 0 2
11 12 44 52
11 21 20 30
12 13 7 10
12 22 76 69
13 14 62 62
13 23 38 34
14 15 33 35
14 24 89 87
15 16 11 20
15 25 36 35
16 17 2 11
16 26 93 86
17 18 62 62
17 27 0 8
18 19 47 40
18 28 63 68
19 29 36 33
20 21 47 51
20 30 0 6
21 22 46 46
21 31 78 75
22 23 1 13
22 32 12 17
23 24 41 45
23 33 58 59
24 25 56 59
24 34 43 46
25 26 9 21
25 35 56 58
26 27 79 78
26 36 80 73
27 28 4 14
27 37 71 61
28 29 88 78
28 38 32 39
29 39 66 61
30 31 28 29
30 40 53 45
31 32 29 28
31 41 68 62
32 33 7 11
32 42 48 49
33 34 84 79
33 43 78 77
34 35 31 36
34 44 90 89
35 36 19 18
35 45 54 59
36 37 45 48
36 46 90 89
37 38 36 32
37 47 62 59
38 39 69 65
38 48 70 60
39 49 5 12
40 41 33 42
40 50 10 16
41 42 81 71
41 51 54 58
42 43 86 78
42 52 56 48
43 44 46 46
43 53 60 58
44 45 70 74
44 54 63 62
45 46 73 68
45 55 65 60
46 47 69 67
46 56 37 37
47 48 99 88
47 57 24 35
48 49 18 22
48 58 30 26
49 59 45 43
50 51 41 35
51 52 50 57
52 53 62 67
53 54 96 83
54 55 6 12
55 56 39 38
56 57 85 80
57 58 80 72
58 59 88 80
