0 1 45 50
0 21 80 80
1 2 11 11
1 22 17 25
2 3 12 19
2 23 97 97
3 4 47 44
3 24 73 67
4 5 25 28
4 25 60 62
5 6 31 39
5 26 81 79
6 7 43 46
6 27 15 21
7 8 58 60
7 28 76 69
8 9 74 69
8 29 26 23
9 10 52 48
9 30 62 62
10 11 11 22
10 31 77 67
11 12 4 4
11 32 31 32
12 13 45 52
12 33 93 84
13 14 36 35
13 34 48 48
14 15 34 44
14 35 82 81
15 16 13 22
15 36 75 70
16 17 47 49
16 37 41 46
17 18 74 67
17 38 59 57
18 19 93 83
18 39 25 29
19 20 27 28
19 40 25 29
20 41 80 69
21 22 24 23
21 42 37 42
22 23 65 59
22 43 21 32
23 24 65 60
23 44 72 68
24 25 18 26
24 45 28 32
25 26 55 58
25 46 61 60
26 27 58 60
26 47 24 29
27 28 62 63
27 48 4 8
28 29 97 90
28 49 34 40
29 30 50 48
29 50 94 90
30 31 1 4
30 51 52 57
31 32 62 59
31 52 5 6
32 33 30 34
32 53 77 79
33 34 21 25
33 54 22 33
34 35 73 68
34 55 0 12
35 36 30 37
35 56 90 82
36 37 60 55
36 57 64 69
37 38 42 50
37 58 57 55
38 39 32 34
38 59 33 31
39 40 31 38
39 60 46 50
40 41 6 10
40 61 67 59
41 62 91 79
42 43 36 31
43 44 26 32
44 45 23 31
45 46 33 28
46 47 51 47
47 48 14 26
48 49 70 69
49 50 16 14
50 51 52 55
51 52 30 28
52 53 13 15
53 54 7 8
54 55 42 47
55 56 95 93
56 57 88 83
57 58 44 51
58 59 35 36
59 60 62 63
60 61 55 57
61 62 4 13
