0 1 74 70
0 21 66 80
1 2 89 33
1 22 0 64
2 3 83 84
2 23 55 32
3 4 59 36
3 24 63 51
4 5 80 28
4 25 22 59
5 6 9 50
5 26 49 11
6 7 17 28
6 27 78 46
7 8 39 29
7 28 10 64
8 9 55 33
8 29 93 47
9 10 96 96
9 30 65 57
10 11 3 41
10 31 24 21
11 12 21 42
11 32 59 73
12 13 82 90
12 33 29 17
13 14 85 63
13 34 28 55
14 15 56 44
14 35 50 61
15 16 60 72
15 36 61 61
16 17 20 39
16 37 25 76
17 18 78 90
17 38 62 53
18 19 32 16
18 39 48 66
19 20 74 52
19 40 90 44
20 41 18 17
21 22 68 62
21 42 90 57
22 23 2 25
22 43 80 32
23 24 66 56
23 44 69 36
24 25 45 46
24 45 87 47
25 26 93 97
25 46 26 56
26 27 92 50
26 47 15 56
27 28 15 71
27 48 54 15
28 29 13 69
28 49 21 12
29 30 64 36
29 50 70 84
30 31 96 58
30 51 93 39
31 32 20 19
31 52 40 21
32 33 73 83
32 53 44 24
33 34 33 52
33 54 1 55
34 35 81 59
34 55 22 70
35 36 99 65
35 56 2 77
36 37 50 25
36 57 11 23
37 38 77 74
37 58 50 48
38 39 10 71
38 59 24 69
39 40 62 45
39 60 69 70
40 41 33 20
40 61 47 81
41 62 39 41
42 43 1 77
43 44 48 67
44 45 96 43
45 46 0 67
46 47 72 54
47 48 35 42
48 49 52 32
49 50 94 90
50 51 59 57
51 52 39 87
52 53 56 89
53 54 49 22
54 55 94 96
55 56 35 58
56 57 4 5
57 58 5 44
58 59 16 43
59 60 61 42
60 61 39 8
61 62 52 54
