0 1 53 50
0 11 27 36
1 2 20 25
1 12 43 41
2 3 34 35
2 13 36 44
3 4 57 61
3 14 16 28
4 5 47 45
4 15 21 18
5 6 69 69
5 16 11 11
6 7 89 82
6 17 3 6
7 8 46 46
7 18 63 62
8 9 41 40
8 19 16 26
9 10 6 18
9 20 30 39
10 21 26 34
11 12 62 64
11 22 41 38
12 13 58 59
12 23 16 22
13 14 24 31
13 24 32 33
14 15 59 60
14 25 23 34
15 16 94 83
15 26 78 81
16 17 30 29
16 27 77 80
17 18 39 38
17 28 60 61
18 19 74 77
18 29 17 16
19 20 48 48
19 30 81 75
20 21 65 57
20 31 21 29
21 32 18 15
22 23 68 59
22 33 60 60
23 24 99 97
23 34 31 38
24 25 20 30
24 35 7 10
25 26 8 11
25 36 31 37
26 27 5 12
26 37 57 55
27 28 50 43
27 38 25 28
28 29 42 50
28 39 16 18
29 30 73 71
29 40 46 49
30 31 93 83
30 41 39 42
31 32 79 67
31 42 90 84
32 43 4 5
33 34 97 89
33 44 10 12
34 35 2 8
34 45 49 49
35 36 67 58
35 46 6 5
36 37 47 50
36 47 55 49
37 38 52 57
37 48 55 55
38 39 33 42
38 49 45 46
39 40 93 89
39 50 7 16
40 41 7 21
40 51 2 12
41 42 99 90
41 52 31 41
42 43 3 14
42 53 72 70
43 54 88 77
44 45 79 71
44 55 84 80
45 46 23 24
45 56 68 63
46 47 66 62
46 57 11 21
47 48 41 37
47 58 38 38
48 49 91 87
48 59 5 6
49 50 78 70
49 60 21 22
50 51 36 36
50 61 73 68
51 52 99 93
51 62 22 27
52 53 89 79
52 63 55 49
53 54 74 65
53 64 1 3
54 65 69 63
55 56 24 28
56 57 59 64
57 58 82 80
58 59 0 3
59 60 15 26
60 61 28 35
61 62 70 62
62 63 45 41
63 64 26 34
64 65 1 12
