0 1 25 50
0 34 91 88
1 2 92 89
1 35 10 11
2 3 64 60
2 36 77 71
3 4 95 62
3 37 76 59
4 5 42 50
4 38 9 32
5 6 41 25
5 39 93 56
6 7 66 60
6 40 41 32
7 8 16 36
7 41 31 16
8 9 62 81
8 42 2 19
9 10 15 52
9 43 32 56
10 11 41 28
10 44 22 52
11 12 83 53
11 45 92 57
12 13 43 52
12 46 54 67
13 14 52 51
13 47 51 47
14 15 78 46
14 48 56 43
15 16 15 44
15 49 82 78
16 17 47 45
16 50 3 20
17 18 59 41
17 51 79 67
18 19 42 53
18 52 42 59
19 20 56 30
19 53 27 22
20 21 64 76
20 54 10 33
21 22 57 45
21 55 72 50
22 23 98 49
22 56 51 48
23 24 61 38
23 57 93 93
24 25 47 29
24 58 41 52
25 26 5 51
25 59 83 76
26 27 95 81
26 60 26 29
27 28 68 82
27 61 66 66
28 29 75 59
28 62 46 40
29 30 32 38
29 63 10 34
30 31 38 22
30 64 31 58
31 32 71 58
31 65 7 23
32 33 42 53
32 66 35 19
33 67 66 54
34 35 76 70
35 36 8 53
36 37 19 34
37 38 36 40
38 39 25 39
39 40 95 96
40 41 3 23
41 42 23 61
42 43 54 64
43 44 46 29
44 45 60 43
45 46 91 84
46 47 87 51
47 48 87 74
48 49 99 72
49 50 6 11
50 51 2 33
51 52 14 22
52 53 10 50
53 54 58 31
54 55 33 60
55 56 81 82
56 57 33 62
57 58 2 34
58 59 25 35
59 60 34 22
60 61 0 38
61 62 31 27
62 63 69 61
63 64 50 51
64 65 40 61
65 66 15 29
66 67 85 81
