0 1 68 60
0 10 68 66
1 2 86 88
1 11 93 93
2 3 24 32
2 12 11 14
3 4 72 74
3 13 97 91
4 5 33 32
4 14 37 45
5 6 87 83
5 15 60 53
6 7 71 65
6 16 68 59
7 8 57 51
7 17 18 18
8 9 55 57
8 18 22 34
9 19 34 39
10 11 83 78
10 20 67 61
11 12 87 78
11 21 61 62
12 13 0 6
12 22 85 77
13 14 50 54
13 23 24 31
14 15 62 63
14 24 59 53
15 16 97 92
15 25 4 5
16 17 46 41
16 26 94 83
17 18 33 35
17 27 56 56
18 19 89 80
18 28 43 42
19 29 89 85
20 21 25 25
20 30 86 86
21 22 7 9
21 31 78 77
22 23 57 62
22 32 17 23
23 24 25 32
23 33 39 39
24 25 78 75
24 34 97 84
25 26 19 31
25 35 78 72
26 27 58 59
26 36 26 29
27 28 70 73
27 37 52 46
28 29 72 71
28 38 17 27
29 39 36 42
30 31 52 50
30 40 31 31
31 32 29 30
31 41 46 45
32 33 85 87
32 42 94 89
33 34 66 58
33 43 36 42
34 35 60 53
34 44 27 35
35 36 82 81
35 45 13 14
36 37 45 50
36 46 67 71
37 38 84 74
37 47 77 73
38 39 1 8
38 48 76 66
39 49 25 34
40 41 90 77
40 50 48 44
41 42 97 95
41 51 56 55
42 43 4 17
42 52 98 95
43 44 65 61
43 53 76 69
44 45 84 80
44 54 61 56
45 46 24 35
45 55 11 15
46 47 73 75
46 56 42 48
47 48 47 50
47 57 35 43
48 49 91 85
48 58 9 13
49 59 56 57
50 51 68 61
50 60 6 7
51 52 97 93
51 61 23 28
52 53 98 89
52 62 68 69
53 54 98 86
53 63 76 67
54 55 77 75
54 64 4 5
55 56 32 28
55 65 88 80
56 57 61 54
56 66 1 15
57 58 5 16
57 67 29 27
58 59 78 75
58 68 50 54
59 69 10 16
60 61 35 37
61 62 11 10
62 63 97 86
63 64 20 22
64 65 91 87
65 66 82 74
66 67 37 38
67 68 4 17
68 69 19 25
