0 1 83 74
0 11 11 10
1 2 53 55
1 12 95 85
2 3 15 20
2 13 87 78
3 4 89 87
3 14 31 31
4 5 22 32
4 15 55 60
5 6 8 10
5 16 63 63
6 7 57 60
6 17 87 83
7 8 24 30
7 18 31 26
8 9 76 68
8 19 38 47
9 10 74 76
9 20 50 46
10 21 23 28
11 12 82 83
11 22 5 4
12 13 70 65
12 23 87 78
13 14 16 26
13 24 14 25
14 15 74 73
14 25 65 56
15 16 38 39
15 26 86 83
16 17 92 88
16 27 68 71
17 18 67 63
17 28 85 73
18 19 36 33
18 29 9 18
19 20 92 82
19 30 18 20
20 21 7 19
20 31 17 24
21 32 55 59
22 23 86 80
22 33 66 66
23 24 83 76
23 34 63 64
24 25 35 31
24 35 78 80
25 26 30 38
25 36 65 57
26 27 35 31
26 37 63 66
27 28 31 32
27 38 45 41
28 29 74 76
28 39 7 12
29 30 59 63
29 40 45 43
30 31 39 33
30 41 7 18
31 32 88 77
31 42 68 66
32 43 39 44
33 34 69 70
33 44 27 27
34 35 96 95
34 45 14 24
35 36 89 81
35 46 15 22
36 37 10 22
36 47 81 82
37 38 45 49
37 48 58 59
38 39 7 9
38 49 59 63
39 40 97 83
39 50 84 84
40 41 56 62
40 51 91 89
41 42 19 25
41 52 7 7
42 43 88 82
42 53 27 35
43 54 56 62
44 45 20 29
44 55 93 86
45 46 84 73
45 56 52 55
46 47 43 42
46 57 94 87
47 48 14 25
47 58 90 91
48 49 91 90
48 59 56 58
49 50 55 48
49 60 14 20
50 51 30 35
50 61 16 20
51 52 64 55
51 62 87 76
52 53 97 85
52 63 75 67
53 54 66 58
53 64 28 34
54 65 70 69
55 56 51 51
55 66 68 71
56 57 6 5
56 67 21 29
57 58 4 10
57 68 77 66
58 59 46 42
58 69 99 91
59 60 64 60
59 70 98 97
60 61 20 20
60 71 26 24
61 62 99 92
61 72 92 78
62 63 49 43
62 73 64 58
63 64 51 51
63 74 1 10
64 65 6 18
64 75 23 34
65 76 6 17
66 67 71 67
67 68 46 50
68 69 50 51
69 70 47 53
70 71 23 25
71 72 78 75
72 73 85 81
73 74 11 11
74 75 86 78
75 76 78 73
