0 1 47 42
0 11 28 57
1 2 16 8
1 12 35 25
2 3 74 48
2 13 90 65
3 4 18 20
3 14 49 25
4 5 97 74
4 15 84 57
5 6 94 51
5 16 18 35
6 7 89 65
6 17 88 52
7 8 58 48
7 18 15 14
8 9 33 45
8 19 86 49
9 10 82 64
9 20 86 50
10 21 25 58
11 12 8 35
11 22 11 51
12 13 27 20
12 23 94 61
13 14 15 8
13 24 87 49
14 15 5 28
14 25 81 72
15 16 89 61
15 26 62 65
16 17 45 62
16 27 69 76
17 18 49 33
17 28 23 30
18 19 64 32
18 29 63 57
19 20 38 68
19 30 40 27
20 21 66 50
20 31 99 70
21 32 35 39
22 23 93 77
22 33 60 40
23 24 27 16
23 34 51 42
24 25 48 65
24 35 51 52
25 26 47 54
25 36 18 42
26 27 50 48
26 37 69 65
27 28 84 64
27 38 6 40
28 29 64 55
28 39 51 58
29 30 84 72
29 40 49 61
30 31 54 48
30 41 78 52
31 32 12 51
31 42 18 47
32 43 42 49
33 34 53 60
33 44 1 4
34 35 10 8
34 45 43 55
35 36 64 66
35 46 11 9
36 37 26 51
36 47 74 80
37 38 55 37
37 48 5 35
38 39 18 36
38 49 53 65
39 40 37 31
39 50 23 43
40 41 59 40
40 51 96 82
41 42 82 66
41 52 36 61
42 43 8 12
42 53 68 58
43 54 1 2
44 45 12 10
44 55 66 79
45 46 15 24
45 56 43 36
46 47 99 90
46 57 38 41
47 48 39 36
47 58 13 33
48 49 81 87
48 59 84 89
49 50 76 52
49 60 61 64
50 51 47 61
50 61 79 58
51 52 20 11
51 62 82 53
52 53 91 61
52 63 22 26
53 54 29 40
53 64 18 52
54 65 9 16
55 56 53 75
55 66 88 54
56 57 40 28
56 67 66 40
57 58 62 53
57 68 12 7
58 59 51 74
58 69 88 51
59 60 91 63
59 70 62 38
60 61 12 13
60 71 9 34
61 62 69 48
61 72 34 19
62 63 4 21
62 73 18 44
63 64 14 53
63 74 6 43
64 65 76 76
64 75 8 42
65 76 77 66
66 67 47 61
67 68 64 48
68 69 8 50
69 70 99 99
70 71 20 41
71 72 63 56
72 73 50 67
73 74 11 36
74 75 64 68
75 76 19 15
