0 1 69 40
0 10 42 54
1 2 38 23
1 11 52 71
2 3 4 39
2 12 32 18
3 4 7 14
3 13 60 60
4 5 43 66
4 14 23 45
5 6 17 12
5 15 52 36
6 7 67 50
6 16 27 49
7 8 80 45
7 17 85 32
8 9 55 15
8 18 23 9
9 19 44 75
10 11 89 18
10 20 92 98
11 12 70 71
11 21 6 30
12 13 13 18
12 22 23 45
13 14 48 19
13 23 10 63
14 15 99 97
14 24 88 26
15 16 55 17
15 25 53 47
16 17 53 84
16 26 96 70
17 18 23 4
17 27 85 36
18 19 87 92
18 28 62 83
19 29 16 81
20 21 11 63
20 30 89 59
21 22 73 73
21 31 82 80
22 23 67 21
22 32 95 53
23 24 94 87
23 33 44 18
24 25 31 9
24 34 10 39
25 26 4 45
25 35 58 79
26 27 62 85
26 36 9 61
27 28 68 58
27 37 48 10
28 29 61 79
28 38 32 35
29 39 8 60
30 31 99 94
30 40 7 27
31 32 18 72
31 41 88 91
32 33 71 86
32 42 19 60
33 34 30 6
33 43 28 25
34 35 96 40
34 44 23 74
35 36 71 59
35 45 56 73
36 37 91 80
36 46 64 45
37 38 50 13
37 47 30 33
38 39 72 63
38 48 71 83
39 49 21 67
40 41 67 33
40 50 42 64
41 42 54 34
41 51 8 18
42 43 63 78
42 52 81 72
43 44 72 69
43 53 3 15
44 45 24 52
44 54 98 31
45 46 55 69
45 55 4 77
46 47 45 87
46 56 85 21
47 48 43 29
47 57 6 17
48 49 46 9
48 58 83 52
49 59 47 87
50 51 66 53
50 60 38 77
51 52 84 92
51 61 77 31
52 53 72 70
52 62 62 19
53 54 11 45
53 63 70 55
54 55 69 51
54 64 80 68
55 56 76 33
55 65 76 42
56 57 50 56
56 66 40 65
57 58 0 16
57 67 39 54
58 59 21 76
58 68 28 82
59 69 32 80
60 61 37 58
60 70 67 39
61 62 21 76
61 71 54 55
62 63 69 46
62 72 13 82
63 64 71 71
63 73 87 96
64 65 68 62
64 74 59 57
65 66 44 13
65 75 71 38
66 67 5 67
66 76 86 75
67 68 98 34
67 77 17 76
68 69 16 26
68 78 58 60
69 79 55 64
70 71 76 25
71 72 91 36
72 73 80 57
73 74 20 15
74 75 87 19
75 76 32 82
76 77 96 20
77 78 79 85
78 79 21 27
