0 1 55 36
0 10 75 84
1 2 75 73
1 11 61 73
2 3 45 61
2 12 79 76
3 4 27 19
3 13 91 73
4 5 17 29
4 14 44 38
5 6 80 66
5 15 45 34
6 7 33 55
6 16 74 60
7 8 44 54
7 17 98 52
8 9 46 40
8 18 23 23
9 19 32 48
10 11 50 55
10 20 85 85
11 12 89 45
11 21 43 70
12 13 99 61
12 22 9 14
13 14 41 34
13 23 28 24
14 15 60 70
14 24 13 52
15 16 43 58
15 25 66 81
16 17 37 65
16 26 33 44
17 18 26 35
17 27 81 80
18 19 41 45
18 28 87 91
19 29 45 49
20 21 6 41
20 30 89 82
21 22 38 51
21 31 33 41
22 23 20 31
22 32 33 34
23 24 47 35
23 33 5 22
24 25 7 25
24 34 0 8
25 26 6 36
25 35 58 64
26 27 7 24
26 36 37 36
27 28 38 24
27 37 54 65
28 29 84 69
28 38 38 45
29 39 57 32
30 31 69 63
30 40 34 29
31 32 65 38
31 41 6 38
32 33 22 26
32 42 53 66
33 34 31 38
33 43 82 64
34 35 89 66
34 44 92 65
35 36 79 56
35 45 96 60
36 37 48 41
36 46 26 34
37 38 68 50
37 47 7 52
38 39 64 59
38 48 73 59
39 49 80 77
40 41 92 60
40 50 15 30
41 42 49 52
41 51 2 44
42 43 31 29
42 52 45 57
43 44 80 87
43 53 75 79
44 45 85 60
44 54 95 52
45 46 42 40
45 55 86 80
46 47 95 55
46 56 4 36
47 48 78 71
47 57 23 60
48 49 63 40
48 58 51 75
49 59 18 32
50 51 47 24
50 60 27 18
51 52 50 31
51 61 98 79
52 53 66 40
52 62 2 38
53 54 33 22
53 63 27 17
54 55 91 86
54 64 89 61
55 56 97 49
55 65 93 72
56 57 71 84
56 66 46 69
57 58 68 40
57 67 39 33
58 59 90 60
58 68 67 82
59 69 50 49
60 61 16 40
60 70 49 50
61 62 46 49
61 71 48 35
62 63 44 45
62 72 27 32
63 64 1 15
63 73 46 71
64 65 85 50
64 74 81 55
65 66 85 92
65 75 16 47
66 67 20 36
66 76 25 31
67 68 82 42
67 77 88 77
68 69 11 27
68 78 51 70
69 79 44 43
70 71 14 56
71 72 54 27
72 73 54 39
73 74 10 18
74 75 16 10
75 76 44 67
76 77 40 20
77 78 74 58
78 79 85 47
