0 1 12 45
0 41 21 36
1 2 33 62
1 42 87 64
2 3 16 19
2 43 17 14
3 4 35 54
3 44 83 61
4 5 36 63
4 45 53 71
5 6 66 76
5 46 22 36
6 7 26 14
6 47 9 54
7 8 27 48
7 48 80 76
8 9 57 76
8 49 5 45
9 10 26 27
9 50 7 32
10 11 88 44
10 51 60 55
11 12 63 66
11 52 56 36
12 13 56 55
12 53 93 88
13 14 40 60
13 54 31 31
14 15 4 13
14 55 47 53
15 16 61 69
15 56 59 52
16 17 62 79
16 57 3 5
17 18 70 59
17 58 79 65
18 19 47 33
18 59 9 35
19 20 48 45
19 60 1 28
20 21 22 60
20 61 77 52
21 22 87 82
21 62 80 60
22 23 65 47
22 63 70 74
23 24 74 65
23 64 35 42
24 25 59 31
24 65 73 53
25 26 85 59
25 66 83 90
26 27 26 33
26 67 79 53
27 28 97 62
27 68 38 38
28 29 94 83
28 69 7 8
29 30 8 44
29 70 1 37
30 31 34 29
30 71 68 50
31 32 64 58
31 72 83 81
32 33 29 20
32 73 73 77
33 34 94 65
33 74 40 38
34 35 20 55
34 75 81 69
35 36 26 46
35 76 77 72
36 37 12 15
36 77 18 17
37 38 76 44
37 78 52 55
38 39 16 46
38 79 44 22
39 40 69 46
39 80 52 49
40 81 67 34
41 42 0 10
42 43 33 21
43 44 94 50
44 45 62 62
45 46 35 50
46 47 51 41
47 48 5 7
48 49 5 16
49 50 58 31
50 51 67 43
51 52 66 61
52 53 24 55
53 54 5 41
54 55 92 74
55 56 16 28
56 57 48 60
57 58 84 71
58 59 64 43
59 60 8 40
60 61 98 73
61 62 61 39
62 63 73 76
63 64 48 37
64 65 3 50
65 66 14 12
66 67 34 38
67 68 80 79
68 69 95 74
69 70 49 52
70 71 95 51
71 72 0 31
72 73 64 79
73 74 21 21
74 75 66 52
75 76 60 80
76 77 40 51
77 78 56 43
78 79 14 35
79 80 20 10
80 81 32 20
