0 1 56 49
0 43 49 52
1 2 78 69
1 44 71 61
2 3 76 69
2 45 1 10
3 4 12 24
3 46 54 55
4 5 28 30
4 47 81 72
5 6 12 22
5 48 89 88
6 7 31 36
6 49 86 83
7 8 69 59
7 50 18 28
8 9 50 44
8 51 27 23
9 10 46 42
9 52 60 53
10 11 15 18
10 53 77 76
11 12 43 47
11 54 68 65
12 13 3 13
12 55 96 95
13 14 72 71
13 56 56 58
14 15 53 59
14 57 13 19
15 16 82 74
15 58 14 24
16 17 62 59
16 59 1 4
17 18 3 15
17 60 46 53
18 19 30 28
18 61 68 71
19 20 15 19
19 62 0 10
20 21 4 16
20 63 41 47
21 22 98 93
21 64 9 18
22 23 60 54
22 65 20 30
23 24 8 19
23 66 74 71
24 25 46 46
24 67 69 68
25 26 6 14
25 68 70 69
26 27 39 41
26 69 58 51
27 28 94 91
27 70 51 46
28 29 26 32
28 71 91 89
29 30 2 16
29 72 12 20
30 31 35 32
30 73 54 57
31 32 82 74
31 74 83 81
32 33 57 49
32 75 8 20
33 34 83 74
33 76 12 18
34 35 63 60
34 77 53 59
35 36 82 71
35 78 54 55
36 37 12 18
36 79 53 48
37 38 89 83
37 80 79 75
38 39 46 44
38 81 96 92
39 40 5 8
39 82 20 31
40 41 9 19
40 83 79 70
41 42 1 3
41 84 15 16
42 85 77 80
43 44 84 83
44 45 87 75
45 46 13 21
46 47 53 49
47 48 9 16
48 49 94 92
49 50 44 49
50 51 13 13
51 52 83 81
52 53 38 33
53 54 36 36
54 55 86 81
55 56 71 60
56 57 3 16
57 58 48 55
58 59 57 56
59 60 14 27
60 61 72 76
61 62 44 44
62 63 83 71
63 64 79 69
64 65 12 15
65 66 28 32
66 67 24 31
67 68 6 7
68 69 93 86
69 70 95 82
70 71 92 81
71 72 87 85
72 73 94 83
73 74 90 85
74 75 61 62
75 76 93 90
76 77 0 3
77 78 35 38
78 79 7 11
79 80 11 12
80 81 92 90
81 82 63 60
82 83 9 18
83 84 66 68
84 85 73 75
