0 1 34 40
0 43 84 75
1 2 5 58
1 44 53 10
2 3 45 69
2 45 8 9
3 4 23 49
3 46 92 95
4 5 31 37
4 47 90 41
5 6 87 83
5 48 3 7
6 7 51 82
6 49 94 43
7 8 94 24
7 50 44 36
8 9 23 21
8 51 34 35
9 10 28 63
9 52 49 37
10 11 90 79
10 53 55 75
11 12 37 17
11 54 18 60
12 13 57 73
12 55 43 18
13 14 75 62
13 56 32 24
14 15 60 42
14 57 4 7
15 16 36 59
15 58 91 25
16 17 53 17
16 59 28 77
17 18 70 25
17 60 24 42
18 19 99 33
18 61 18 20
19 20 74 22
19 62 99 38
20 21 83 62
20 63 13 29
21 22 95 24
21 64 78 31
22 23 57 88
22 65 28 19
23 24 34 53
23 66 99 99
24 25 57 68
24 67 38 84
25 26 91 27
25 68 5 19
26 27 37 13
26 69 24 27
27 28 85 27
27 70 76 43
28 29 43 15
28 71 60 29
29 30 60 53
29 72 3 20
30 31 95 91
30 73 72 64
31 32 26 71
31 74 11 9
32 33 55 27
32 75 29 20
33 34 58 51
33 76 41 33
34 35 98 72
34 77 2 67
35 36 53 87
35 78 35 56
36 37 60 15
36 79 26 79
37 38 9 15
37 80 67 45
38 39 29 37
38 81 30 13
39 40 68 53
39 82 1 30
40 41 68 71
40 83 60 37
41 42 83 35
41 84 75 21
42 85 61 25
43 44 26 12
44 45 47 70
45 46 67 80
46 47 48 81
47 48 48 87
48 49 73 29
49 50 17 16
50 51 52 62
51 52 6 49
52 53 89 49
53 54 57 86
54 55 38 81
55 56 92 62
56 57 59 49
57 58 40 46
58 59 34 75
59 60 98 98
60 61 64 49
61 62 95 21
62 63 16 26
63 64 36 54
64 65 23 60
65 66 7 53
66 67 18 16
67 68 25 22
68 69 29 39
69 70 99 22
70 71 96 49
71 72 3 16
72 73 97 94
73 74 40 76
74 75 57 88
75 76 97 62
76 77 27 78
77 78 96 20
78 79 52 69
79 80 68 15
80 81 61 49
81 82 84 62
82 83 45 34
83 84 32 7
84 85 3 8
