0 1 34 49
0 31 8 28
1 2 7 42
1 32 62 52
2 3 25 14
2 33 78 48
3 4 7 31
3 34 54 64
4 5 40 41
4 35 25 23
5 6 66 52
5 36 93 94
6 7 95 61
6 37 51 65
7 8 64 79
7 38 56 69
8 9 20 59
8 39 30 24
9 10 82 68
9 40 98 89
10 11 55 41
10 41 76 72
11 12 67 49
11 42 13 31
12 13 72 39
12 43 64 71
13 14 27 46
13 44 27 53
14 15 88 61
14 45 98 79
15 16 58 33
15 46 3 36
16 17 41 67
16 47 80 43
17 18 81 78
17 48 71 79
18 19 28 35
18 49 59 77
19 20 19 45
19 50 48 72
20 21 71 59
20 51 54 74
21 22 91 81
21 52 77 66
22 23 65 69
22 53 17 20
23 24 90 91
23 54 6 18
24 25 94 50
24 55 37 35
25 26 32 32
25 56 36 32
26 27 25 14
26 57 66 63
27 28 75 70
27 58 22 32
28 29 74 68
28 59 56 28
29 30 97 96
29 60 85 60
30 61 17 43
31 32 54 53
31 62 97 89
32 33 89 45
32 63 10 54
33 34 42 42
33 64 57 48
34 35 84 76
34 65 82 77
35 36 71 84
35 66 99 93
36 37 38 67
36 67 43 38
37 38 4 16
37 68 1 32
38 39 98 65
38 69 12 27
39 40 34 29
39 70 71 82
40 41 18 32
40 71 12 19
41 42 87 78
41 72 78 71
42 43 12 33
42 73 54 77
43 44 81 73
43 74 15 27
44 45 30 16
44 75 82 53
45 46 70 80
45 76 78 66
46 47 25 18
46 77 65 35
47 48 94 73
47 78 3 31
48 49 1 34
48 79 32 25
49 50 53 58
49 80 49 64
50 51 3 29
50 81 85 86
51 52 95 65
51 82 73 47
52 53 61 55
52 83 65 81
53 54 86 48
53 84 22 54
54 55 86 92
54 85 13 32
55 56 74 41
55 86 86 58
56 57 63 51
56 87 92 88
57 58 50 53
57 88 50 65
58 59 48 47
58 89 24 16
59 60 96 68
59 90 92 71
60 61 97 52
60 91 80 51
61 92 20 41
62 63 43 62
63 64 14 48
64 65 28 46
65 66 87 89
66 67 93 85
67 68 79 59
68 69 97 50
69 70 98 84
70 71 84 86
71 72 41 65
72 73 64 74
73 74 27 36
74 75 91 70
75 76 21 46
76 77 3 24
77 78 60 72
78 79 79 70
79 80 72 41
80 81 14 29
81 82 92 55
82 83 69 44
83 84 37 25
84 85 47 45
85 86 49 39
86 87 92 56
87 88 0 10
88 89 71 74
89 90 96 59
90 91 73 70
91 92 83 80
