0 1 21 30
0 31 41 44
1 2 94 90
1 32 21 23
2 3 67 68
2 33 76 79
3 4 28 30
3 34 37 36
4 5 66 70
4 35 49 42
5 6 32 42
5 36 91 85
6 7 15 13
6 37 54 48
7 8 84 75
7 38 27 38
8 9 19 27
8 39 39 47
9 10 80 73
9 40 70 75
10 11 64 55
10 41 62 59
11 12 74 68
11 42 72 63
12 13 36 32
12 43 88 88
13 14 82 83
13 44 31 37
14 15 15 15
14 45 48 50
15 16 45 48
15 46 27 28
16 17 34 34
16 47 63 68
17 18 34 33
17 48 15 19
18 19 83 78
18 49 68 68
19 20 6 8
19 50 64 65
20 21 91 92
20 51 20 24
21 22 42 36
21 52 73 66
22 23 67 68
22 53 8 12
23 24 24 35
23 54 34 44
24 25 78 75
24 55 37 34
25 26 81 71
25 56 75 70
26 27 81 82
26 57 73 68
27 28 24 34
27 58 70 62
28 29 0 10
28 59 96 84
29 30 91 84
29 60 98 90
30 61 68 66
31 32 45 48
31 62 57 63
32 33 39 42
32 63 54 52
33 34 36 40
33 64 0 12
34 35 32 32
34 65 98 85
35 36 5 16
35 66 17 24
36 37 26 25
36 67 52 58
37 38 38 46
37 68 57 56
38 39 76 65
38 69 4 5
39 40 65 68
39 70 93 90
40 41 68 67
40 71 26 35
41 42 50 46
41 72 16 22
42 43 4 3
42 73 87 78
43 44 90 86
43 74 83 78
44 45 66 65
44 75 36 35
45 46 83 82
45 76 8 20
46 47 78 70
46 77 39 36
47 48 50 49
47 78 50 48
48 49 93 87
48 79 17 15
49 50 22 30
49 80 40 42
50 51 69 68
50 81 15 25
51 52 95 83
51 82 36 44
52 53 91 77
52 83 98 90
53 54 15 20
53 84 19 29
54 55 14 17
54 85 67 65
55 56 71 62
55 86 94 91
56 57 64 61
56 87 31 26
57 58 11 14
57 88 9 17
58 59 13 17
58 89 14 21
59 60 94 91
59 90 22 25
60 61 33 31
60 91 10 16
61 92 62 56
62 63 67 61
63 64 63 61
64 65 3 16
65 66 34 42
66 67 53 58
67 68 75 71
68 69 24 21
69 70 40 46
70 71 92 87
71 72 96 86
72 73 47 40
73 74 81 72
74 75 91 87
75 76 75 70
76 77 49 48
77 78 31 35
78 79 36 36
79 80 33 29
80 81 92 82
81 82 8 9
82 83 46 42
83 84 37 38
84 85 92 91
85 86 20 30
86 87 35 39
87 88 51 54
88 89 63 68
89 90 94 81
90 91 76 76
91 92 21 28
