0 1 42 51
0 48 4 32
1 2 66 45
1 49 38 59
2 3 97 96
2 50 67 82
3 4 66 49
3 51 47 32
4 5 61 35
4 52 36 42
5 6 3 49
5 53 22 13
6 7 40 66
6 54 89 82
7 8 51 50
7 55 42 27
8 9 35 58
8 56 69 37
9 10 33 61
9 57 13 16
10 11 17 54
10 58 8 26
11 12 0 25
11 59 85 58
12 13 37 27
12 60 37 59
13 14 14 38
13 61 78 55
14 15 64 56
14 62 45 44
15 16 6 21
15 63 88 84
16 17 98 66
16 64 2 50
17 18 37 40
17 65 1 43
18 19 61 39
18 66 85 75
19 20 19 41
19 67 24 27
20 21 37 27
20 68 61 55
21 22 20 44
21 69 53 36
22 23 50 54
22 70 64 53
23 24 36 36
23 71 2 30
24 25 31 58
24 72 58 36
25 26 95 53
25 73 60 73
26 27 62 72
26 74 99 90
27 28 59 30
27 75 77 70
28 29 92 64
28 76 18 35
29 30 34 40
29 77 4 34
30 31 74 85
30 78 51 54
31 32 23 51
31 79 88 55
32 33 50 48
32 80 44 43
33 34 73 45
33 81 97 77
34 35 3 51
34 82 9 39
35 36 39 63
35 83 32 23
36 37 48 41
36 84 7 50
37 38 64 58
37 85 68 59
38 39 85 45
38 86 49 73
39 40 64 48
39 87 62 76
40 41 0 0
40 88 75 80
41 42 46 31
41 89 76 75
42 43 65 37
42 90 71 45
43 44 73 64
43 91 62 41
44 45 57 50
44 92 92 53
45 46 72 79
45 93 72 59
46 47 43 69
46 94 9 9
47 95 58 62
48 49 40 58
49 50 0 40
50 51 10 35
51 52 70 49
52 53 81 59
53 54 54 54
54 55 28 21
55 56 36 62
56 57 26 53
57 58 5 24
58 59 37 36
59 60 92 77
60 61 54 72
61 62 73 37
62 63 14 32
63 64 39 23
64 65 49 41
65 66 20 43
66 67 99 65
67 68 60 55
68 69 71 61
69 70 2 28
70 71 27 45
71 72 9 32
72 73 5 47
73 74 9 5
74 75 91 59
75 76 27 30
76 77 58 43
77 78 95 87
78 79 95 76
79 80 0 40
80 81 9 14
81 82 33 32
82 83 43 40
83 84 19 48
84 85 16 40
85 86 62 63
86 87 93 78
87 88 35 64
88 89 95 68
89 90 8 16
90 91 69 62
91 92 30 61
92 93 66 73
93 94 91 82
94 95 45 53
