0 1 7 57
0 48 23 63
1 2 80 63
1 49 30 7
2 3 7 4
2 50 22 37
3 4 48 60
3 51 68 42
4 5 89 33
4 52 19 53
5 6 44 20
5 53 83 88
6 7 30 83
6 54 49 74
7 8 45 26
7 55 39 21
8 9 57 36
8 56 85 93
9 10 14 26
9 57 76 49
10 11 1 77
10 58 72 93
11 12 52 18
11 59 47 11
12 13 8 49
12 60 64 27
13 14 29 22
13 61 66 45
14 15 58 23
14 62 99 76
15 16 12 65
15 63 5 18
16 17 2 6
16 64 83 30
17 18 79 19
17 65 97 81
18 19 61 21
18 66 19 77
19 20 38 49
19 67 10 42
20 21 52 50
20 68 10 70
21 22 66 14
21 69 52 23
22 23 18 62
22 70 8 5
23 24 63 27
23 71 40 49
24 25 23 43
24 72 28 45
25 26 31 41
25 73 32 35
26 27 4 59
26 74 0 58
27 28 66 42
27 75 13 40
28 29 3 22
28 76 67 52
29 30 71 54
29 77 74 57
30 31 75 81
30 78 86 71
31 32 14 71
31 79 60 27
32 33 7 14
32 80 34 13
33 34 40 73
33 81 85 89
34 35 88 47
34 82 88 18
35 36 95 58
35 83 61 66
36 37 97 89
36 84 69 47
37 38 30 54
37 85 97 43
38 39 81 82
38 86 43 26
39 40 25 51
39 87 50 70
40 41 46 74
40 88 47 73
41 42 82 85
41 89 57 69
42 43 72 63
42 90 93 44
43 44 34 83
43 91 99 47
44 45 54 27
44 92 70 83
45 46 22 11
45 93 84 79
46 47 44 38
46 94 16 68
47 95 59 65
48 49 82 56
49 50 19 63
50 51 10 58
51 52 40 71
52 53 98 69
53 54 71 70
54 55 54 50
55 56 10 23
56 57 35 27
57 58 99 69
58 59 32 9
59 60 32 7
60 61 80 96
61 62 21 21
62 63 79 89
63 64 4 27
64 65 45 76
65 66 47 68
66 67 93 41
67 68 42 87
68 69 66 39
69 70 59 88
70 71 55 75
71 72 55 78
72 73 12 71
73 74 97 79
74 75 31 78
75 76 1 49
76 77 49 89
77 78 92 88
78 79 90 24
79 80 26 34
80 81 18 62
81 82 78 91
82 83 45 43
83 84 18 60
84 85 68 48
85 86 49 63
86 87 72 73
87 88 72 52
88 89 48 60
89 90 33 42
90 91 58 32
91 92 6 58
92 93 97 79
93 94 10 20
94 95 51 14
