0 1 78 81
0 48 36 31
1 2 2 3
1 49 46 52
2 3 86 78
2 50 13 20
3 4 85 83
3 51 76 76
4 5 83 78
4 52 55 60
5 6 64 63
5 53 63 61
6 7 53 50
6 54 33 32
7 8 10 16
7 55 51 43
8 9 70 71
8 56 11 13
9 10 62 66
9 57 63 67
10 11 48 52
10 58 62 63
11 12 70 70
11 59 0 8
12 13 49 46
12 60 51 44
13 14 48 46
13 61 97 93
14 15 40 44
14 62 24 35
15 16 97 90
15 63 36 45
16 17 79 72
16 64 27 38
17 18 28 26
17 65 68 65
18 19 59 58
18 66 89 84
19 20 33 42
19 67 74 73
20 21 69 65
20 68 82 82
21 22 76 66
21 69 4 11
22 23 0 2
22 70 75 64
23 24 79 79
23 71 84 76
24 25 0 4
24 72 90 89
25 26 17 15
25 73 31 39
26 27 94 87
26 74 76 78
27 28 77 79
27 75 49 53
28 29 41 48
28 76 3 18
29 30 33 39
29 77 70 72
30 31 38 46
30 78 36 42
31 32 98 92
31 79 6 7
32 33 86 78
32 80 67 59
33 34 18 29
33 81 98 97
34 35 96 83
34 82 46 41
35 36 23 33
35 83 96 87
36 37 49 53
36 84 56 61
37 38 25 33
37 85 54 46
38 39 20 18
38 86 2 14
39 40 84 85
39 87 68 70
40 41 42 51
40 88 26 25
41 42 50 51
41 89 9 8
42 43 79 72
42 90 39 46
43 44 38 39
43 91 17 25
44 45 80 82
44 92 61 55
45 46 30 38
45 93 26 24
46 47 84 78
46 94 5 13
47 95 93 91
48 49 36 41
49 50 0 12
50 51 5 17
51 52 48 43
52 53 26 31
53 54 85 82
54 55 51 55
55 56 18 26
56 57 37 36
57 58 64 61
58 59 24 29
59 60 72 74
60 61 28 34
61 62 94 81
62 63 54 47
63 64 78 76
64 65 7 7
65 66 68 69
66 67 12 17
67 68 46 42
68 69 50 48
69 70 66 65
70 71 30 34
71 72 60 54
72 73 38 38
73 74 25 23
74 75 52 46
75 76 46 47
76 77 90 79
77 78 91 78
78 79 42 40
79 80 79 70
80 81 3 10
81 82 20 21
82 83 78 78
83 84 3 7
84 85 80 74
85 86 61 65
86 87 65 66
87 88 29 36
88 89 17 21
89 90 54 50
90 91 13 19
91 92 22 28
92 93 76 78
93 94 28 27
94 95 59 58
