ATENCAO: o trace a seguir refere-se apenas as soluçoes NAO-SUPORTADAS

0 1 45 69
(45 69)

0 2 97 11
(97 11)

0 3 92 24
(92 24)

0 4 23 66
(23 66)

0 1 45 69
0 4 23 66
(68 135)

0 4 23 66
1 2 0 77
(23 143)

0 4 23 66
1 3 34 38
(57 104)

0 4 23 66
1 4 17 43
(40 109)

0 2 97 11
0 4 23 66
1 4 17 43
(137 120)

0 4 23 66
1 2 0 77
1 4 17 43
(40 186)

0 4 23 66
1 4 17 43
2 3 21 60
(61 169)

0 4 23 66
1 4 17 43
2 4 42 46
(82 155)

0 4 23 66
1 3 34 38
1 4 17 43
2 4 42 46
(116 193)

0 2 97 11
0 4 23 66
1 4 17 43
2 3 21 60
(158 180)

0 2 97 11
0 4 23 66
1 3 34 38
(154 115)

0 4 23 66
1 2 0 77
1 3 34 38
(57 181)

0 4 23 66
1 3 34 38
2 3 21 60
(78 164)

0 4 23 66
1 3 34 38
2 4 42 46
(99 150)

0 2 97 11
0 4 23 66
1 2 0 77
(120 154)

0 4 23 66
1 2 0 77
2 3 21 60
(44 203)

0 4 23 66
1 2 0 77
2 4 42 46
(65 189)

0 2 97 11
0 4 23 66
1 2 0 77
1 3 34 38
(154 192)

0 1 45 69
0 3 92 24
(137 93)

0 3 92 24
1 2 0 77
(92 101)

0 3 92 24
1 3 34 38
(126 62)

0 3 92 24
1 4 17 43
(109 67)

0 2 97 11
0 3 92 24
1 4 17 43
(206 78)

0 3 92 24
1 2 0 77
1 4 17 43
(109 144)

0 3 92 24
1 4 17 43
2 3 21 60
(130 127)

0 3 92 24
1 4 17 43
2 4 42 46
(151 113)

0 3 92 24
1 3 34 38
1 4 17 43
2 4 42 46
(185 151)

0 3 92 24
1 3 34 38
1 4 17 43
2 3 21 60
(164 165)

0 3 92 24
1 2 0 77
1 3 34 38
1 4 17 43
(143 182)

0 3 92 24
1 2 0 77
1 3 34 38
(126 139)

0 3 92 24
1 3 34 38
2 3 21 60
(147 122)

0 3 92 24
1 3 34 38
2 4 42 46
(168 108)

0 2 97 11
0 3 92 24
1 2 0 77
(189 112)

0 3 92 24
1 2 0 77
2 3 21 60
(113 161)

0 3 92 24
1 2 0 77
2 4 42 46
(134 147)

0 1 45 69
0 2 97 11
(142 80)

0 2 97 11
1 2 0 77
(97 88)

0 2 97 11
1 3 34 38
(131 49)

0 2 97 11
1 4 17 43
(114 54)

0 2 97 11
1 2 0 77
1 4 17 43
(114 131)

0 2 97 11
1 4 17 43
2 3 21 60
(135 114)

0 2 97 11
1 4 17 43
2 4 42 46
(156 100)

0 2 97 11
1 2 0 77
1 3 34 38
1 4 17 43
(148 169)

0 2 97 11
1 2 0 77
1 4 17 43
2 3 21 60
(135 191)

0 2 97 11
1 2 0 77
1 3 34 38
(131 126)

0 2 97 11
1 3 34 38
2 3 21 60
(152 109)

0 2 97 11
1 3 34 38
2 4 42 46
(173 95)

0 2 97 11
1 2 0 77
2 3 21 60
(118 148)

0 2 97 11
1 2 0 77
2 4 42 46
(139 134)

0 1 45 69
1 2 0 77
(45 146)

0 1 45 69
1 3 34 38
(79 107)

0 1 45 69
1 4 17 43
(62 112)

0 1 45 69
0 2 97 11
1 4 17 43
(159 123)

0 1 45 69
1 2 0 77
1 4 17 43
(62 189)

0 1 45 69
1 4 17 43
2 3 21 60
(83 172)

0 1 45 69
1 4 17 43
2 4 42 46
(104 158)

0 1 45 69
1 3 34 38
2 3 21 60
(100 167)

0 1 45 69
1 3 34 38
2 4 42 46
(121 153)

Quantidade de arvores nao-suportadas com 1 aresta = 4
Quantidade de arvores nao-suportadas com 2 aresta = 15
Quantidade de arvores nao-suportadas com 3 aresta = 35
Quantidade de arvores nao-suportadas com 4 aresta = 8
Tempo em segundos: 0.01
RESULTADO FINAL
SUPORTADAS
Arvore 1
0 4 23 66
1 2 0 77
1 4 17 43
2 3 21 60
(61, 246)

Arvore 2
0 2 97 11
1 3 34 38
1 4 17 43
2 3 21 60
(169, 152)

Arvore 3
0 4 23 66
1 2 0 77
1 3 34 38
1 4 17 43
(74, 224)

Arvore 4
0 4 23 66
1 3 34 38
1 4 17 43
2 3 21 60
(95, 207)

Arvore 5
0 2 97 11
1 3 34 38
1 4 17 43
2 4 42 46
(190, 138)

Arvore 6
0 2 97 11
0 3 92 24
1 3 34 38
1 4 17 43
(240, 116)

Nao Suportada
Arvore 7
0 4 23 66
1 3 34 38
1 4 17 43
2 4 42 46
(116, 193)

Arvore 8
0 3 92 24
1 3 34 38
1 4 17 43
2 4 42 46
(185, 151)

Arvore 9
0 3 92 24
1 3 34 38
1 4 17 43
2 3 21 60
(164, 165)

Arvore 10
0 3 92 24
1 2 0 77
1 3 34 38
1 4 17 43
(143, 182)

Arvore 11
0 2 97 11
1 2 0 77
1 3 34 38
1 4 17 43
(148, 169)

Arvore 12
0 2 97 11
1 2 0 77
1 4 17 43
2 3 21 60
(135, 191)

