ATENCAO: o trace a seguir refere-se apenas as soluçoes NAO-SUPORTADAS

0 2 93 34
(93 34)

0 3 4 40
(4 40)

0 4 91 49
(91 49)

0 4 91 49
1 2 24 43
(115 92)

0 4 91 49
1 3 73 19
(164 68)

0 4 91 49
1 2 24 43
1 3 73 19
(188 111)

0 3 4 40
0 4 91 49
1 2 24 43
1 3 73 19
(192 151)

0 2 93 34
0 4 91 49
1 2 24 43
(208 126)

0 1 93 95
0 3 4 40
(97 135)

0 3 4 40
1 2 24 43
(28 83)

0 3 4 40
1 3 73 19
(77 59)

0 3 4 40
1 4 37 53
(41 93)

0 2 93 34
0 3 4 40
1 4 37 53
(134 127)

0 3 4 40
1 2 24 43
1 4 37 53
(65 136)

0 3 4 40
1 4 37 53
2 3 85 76
(126 169)

0 2 93 34
0 3 4 40
1 3 73 19
(170 93)

0 3 4 40
1 2 24 43
1 3 73 19
(101 102)

0 3 4 40
1 3 73 19
2 3 85 76
(162 135)

0 3 4 40
1 3 73 19
2 4 92 64
(169 123)

0 2 93 34
0 3 4 40
1 3 73 19
3 4 31 54
(201 147)

0 2 93 34
0 3 4 40
1 2 24 43
(121 117)

0 3 4 40
1 2 24 43
2 3 85 76
(113 159)

0 3 4 40
1 2 24 43
2 4 92 64
(120 147)

0 2 93 34
1 2 24 43
(117 77)

0 2 93 34
1 3 73 19
(166 53)

0 2 93 34
1 4 37 53
(130 87)

0 2 93 34
1 2 24 43
1 4 37 53
(154 130)

0 2 93 34
1 2 24 43
1 3 73 19
(190 96)

Quantidade de arvores nao-suportadas com 1 aresta = 3
Quantidade de arvores nao-suportadas com 2 aresta = 9
Quantidade de arvores nao-suportadas com 3 aresta = 14
Quantidade de arvores nao-suportadas com 4 aresta = 2
Tempo em segundos: 0
RESULTADO FINAL
SUPORTADAS
Arvore 1
0 3 4 40
1 2 24 43
1 4 37 53
3 4 31 54
(96, 190)

Arvore 2
0 3 4 40
1 2 24 43
1 3 73 19
3 4 31 54
(132, 156)

Arvore 3
0 2 93 34
0 3 4 40
1 3 73 19
1 4 37 53
(207, 146)

Arvore 4
0 3 4 40
1 2 24 43
1 3 73 19
1 4 37 53
(138, 155)

Arvore 5
0 2 93 34
0 3 4 40
0 4 91 49
1 3 73 19
(261, 142)

Nao Suportada
Arvore 6
0 3 4 40
0 4 91 49
1 2 24 43
1 3 73 19
(192, 151)

Arvore 7
0 2 93 34
0 3 4 40
1 3 73 19
3 4 31 54
(201, 147)

