0 1 84 83
0 2 7 21
0 3 40 44
0 4 61 55
0 5 54 50
0 6 41 45
0 7 33 43
0 8 88 75
0 9 81 84
0 10 13 13
0 11 32 31
0 12 71 66
0 13 54 56
0 14 70 61
0 15 39 45
0 16 43 51
0 17 25 27
0 18 25 25
0 19 47 50
0 20 50 53
0 21 37 39
1 2 20 21
1 3 20 27
1 4 28 35
1 5 60 55
1 6 93 80
1 7 25 33
1 8 57 62
1 9 63 62
1 10 18 19
1 11 51 45
1 12 91 85
1 13 54 57
1 14 48 54
1 15 77 80
1 16 14 17
1 17 83 82
1 18 37 36
1 19 32 34
1 20 82 71
1 21 34 28
2 3 35 32
2 4 91 85
2 5 74 75
2 6 37 42
2 7 76 78
2 8 92 87
2 9 15 18
2 10 70 68
2 11 4 9
2 12 45 53
2 13 25 22
2 14 21 25
2 15 9 17
2 16 92 82
2 17 31 37
2 18 37 44
2 19 77 76
2 20 25 31
2 21 39 44
3 4 34 41
3 5 41 48
3 6 47 54
3 7 11 19
3 8 98 90
3 9 41 43
3 10 54 57
3 11 50 54
3 12 91 78
3 13 56 59
3 14 35 39
3 15 13 26
3 16 25 22
3 17 19 22
3 18 66 70
3 19 87 82
3 20 90 88
3 21 88 89
4 5 56 59
4 6 56 52
4 7 94 87
4 8 25 23
4 9 80 83
4 10 92 83
4 11 60 65
4 12 36 38
4 13 16 16
4 14 28 24
4 15 83 84
4 16 61 54
4 17 45 45
4 18 24 27
4 19 54 59
4 20 70 68
4 21 88 78
5 6 5 13
5 7 80 73
5 8 78 79
5 9 44 44
5 10 98 86
5 11 9 13
5 12 59 62
5 13 51 52
5 14 17 28
5 15 88 89
5 16 55 61
5 17 32 36
5 18 60 62
5 19 36 36
5 20 70 70
5 21 61 63
6 7 97 90
6 8 49 46
6 9 56 49
6 10 46 53
6 11 1 5
6 12 49 48
6 13 70 67
6 14 40 35
6 15 49 46
6 16 95 87
6 17 92 91
6 18 99 93
6 19 35 37
6 20 41 46
6 21 14 21
7 8 26 22
7 9 61 56
7 10 74 71
7 11 92 85
7 12 56 59
7 13 1 11
7 14 57 61
7 15 88 78
7 16 87 82
7 17 44 41
7 18 56 54
7 19 97 95
7 20 88 78
7 21 16 23
8 9 47 52
8 10 35 30
8 11 13 25
8 12 69 69
8 13 40 40
8 14 66 68
8 15 13 14
8 16 74 72
8 17 43 50
8 18 51 51
8 19 50 52
8 20 67 59
8 21 76 76
9 10 10 12
9 11 27 35
9 12 69 65
9 13 10 10
9 14 90 82
9 15 81 83
9 16 87 87
9 17 75 75
9 18 93 79
9 19 38 39
9 20 85 78
9 21 36 35
10 11 74 73
10 12 12 22
10 13 55 51
10 14 28 36
10 15 38 46
10 16 50 56
10 17 67 62
10 18 87 80
10 19 18 30
10 20 55 48
10 21 49 43
11 12 54 48
11 13 51 52
11 14 32 41
11 15 72 64
11 16 82 74
11 17 30 30
11 18 50 54
11 19 24 21
11 20 41 43
11 21 16 25
12 13 4 17
12 14 31 34
12 15 87 78
12 16 85 84
12 17 56 52
12 18 76 65
12 19 88 83
12 20 18 28
12 21 6 14
13 14 3 4
13 15 15 26
13 16 52 52
13 17 7 13
13 18 52 53
13 19 51 44
13 20 11 11
13 21 35 30
14 15 98 92
14 16 93 81
14 17 43 43
14 18 51 45
14 19 75 67
14 20 67 60
14 21 1 15
15 16 85 73
15 17 35 38
15 18 21 25
15 19 92 93
15 20 36 41
15 21 42 38
16 17 87 85
16 18 46 45
16 19 76 76
16 20 32 42
16 21 64 67
17 18 61 61
17 19 70 71
17 20 81 77
17 21 12 12
18 19 45 43
18 20 99 90
18 21 48 47
19 20 1 10
19 21 38 36
20 21 48 43
