7 21
0 1 79 43
0 2 39 46
0 3 39 51
0 4 32 79
0 5 69 35
0 6 39 80
1 2 80 45
1 3 69 46
1 4 57 49
1 5 1 89
1 6 27 76
2 3 35 47
2 4 61 63
2 5 81 28
2 6 74 52
3 4 69 34
3 5 99 1
3 6 92 20
4 5 45 33
4 6 23 81
5 6 9 62
0 6
0 13
0 16
0 17
1 0
1 2
1 4
1 5
1 6
1 7
1 8
1 12
1 13
1 14
1 15
1 16
1 17
1 18
2 0
2 4
2 5
2 6
2 7
2 8
2 12
2 13
2 14
2 15
2 16
2 17
2 18
3 0
3 1
3 2
3 4
3 5
3 6
3 7
3 8
3 11
3 12
3 13
3 14
3 15
3 16
3 17
3 18
4 0
4 6
4 7
4 13
4 14
4 16
4 17
5 0
5 4
5 6
5 7
5 8
5 12
5 13
5 14
5 15
5 16
5 17
5 18
6 13
6 16
6 17
7 0
7 6
7 13
7 14
7 16
7 17
8 0
8 4
8 6
8 7
8 12
8 13
8 14
8 15
8 16
8 17
9 0
9 1
9 2
9 3
9 4
9 5
9 6
9 7
9 8
9 10
9 11
9 12
9 13
9 14
9 15
9 16
9 17
9 18
9 19
9 20
10 0
10 1
10 2
10 3
10 4
10 5
10 6
10 7
10 8
10 11
10 12
10 13
10 14
10 15
10 16
10 17
10 18
11 0
11 1
11 2
11 4
11 5
11 6
11 7
11 8
11 12
11 13
11 14
11 15
11 16
11 17
11 18
12 0
12 4
12 6
12 7
12 13
12 14
12 15
12 16
12 17
13 16
13 17
14 0
14 6
14 13
14 16
14 17
15 0
15 4
15 6
15 7
15 13
15 14
15 16
15 17
17 16
18 0
18 4
18 6
18 7
18 8
18 12
18 13
18 14
18 15
18 16
18 17
19 0
19 1
19 2
19 3
19 4
19 5
19 6
19 7
19 8
19 10
19 11
19 12
19 13
19 14
19 15
19 16
19 17
19 18
20 0
20 1
20 2
20 3
20 4
20 5
20 6
20 7
20 8
20 10
20 11
20 12
20 13
20 14
20 15
20 16
20 17
20 18
20 19
