7 21
0 1 25 64
0 2 56 51
0 3 41 61
0 4 18 72
0 5 95 10
0 6 56 51
1 2 30 67
1 3 56 37
1 4 91 13
1 5 15 82
1 6 83 27
2 3 93 12
2 4 55 45
2 5 31 66
2 6 69 27
3 4 9 85
3 5 31 62
3 6 12 79
4 5 24 79
4 6 11 88
5 6 51 56
0 1
0 2
0 4
0 5
0 6
0 7
0 8
0 10
0 11
0 12
0 13
0 14
0 16
0 20
1 4
1 8
1 10
1 11
1 14
2 1
2 4
2 5
2 7
2 8
2 10
2 11
2 12
2 14
2 20
3 0
3 1
3 2
3 4
3 5
3 6
3 7
3 8
3 10
3 11
3 12
3 13
3 14
3 16
3 18
3 20
5 4
5 8
5 10
5 11
5 14
6 1
6 2
6 4
6 5
6 7
6 8
6 10
6 11
6 12
6 13
6 14
6 16
6 20
7 1
7 4
7 5
7 8
7 10
7 11
7 14
8 4
8 11
9 0
9 1
9 2
9 3
9 4
9 5
9 6
9 7
9 8
9 10
9 11
9 12
9 13
9 14
9 16
9 18
9 20
10 4
10 8
10 11
11 4
12 1
12 4
12 5
12 7
12 8
12 10
12 11
12 14
13 1
13 2
13 4
13 5
13 7
13 8
13 10
13 11
13 12
13 14
13 20
14 4
14 8
14 10
14 11
15 0
15 1
15 2
15 3
15 4
15 5
15 6
15 7
15 8
15 9
15 10
15 11
15 12
15 13
15 14
15 16
15 17
15 18
15 19
15 20
16 1
16 2
16 4
16 5
16 7
16 8
16 10
16 11
16 12
16 13
16 14
16 20
17 0
17 1
17 2
17 3
17 4
17 5
17 6
17 7
17 8
17 9
17 10
17 11
17 12
17 13
17 14
17 16
17 18
17 20
18 0
18 1
18 2
18 4
18 5
18 6
18 7
18 8
18 10
18 11
18 12
18 13
18 14
18 16
18 20
19 0
19 1
19 2
19 3
19 4
19 5
19 6
19 7
19 8
19 9
19 10
19 11
19 12
19 13
19 14
19 16
19 17
19 18
19 20
20 1
20 4
20 5
20 7
20 8
20 10
20 11
20 12
20 14
